1.632842268
1.69691565
1.742106038
1.7579989
1.827095965
1.853602362
1.876705047
1.992747157
1.97580177
2.004978954
1.973857998
2.032249748
2.011613386
2.044030735
2.103434848
2.136638843
2.176999857
2.221123398
2.22993909
2.271221969
2.293223912
2.316719253
2.337527362
2.354176426
2.368614656
2.392085735
2.410303687
2.423841744
2.454455691
2.454879959
2.445976652
2.434323441
2.445200365
2.424425695
2.496285255
2.157664915
2.078631665
1.892213155
1.605851816
1.47238791
1.269827519
1.171286624
0.967226161
0.847248902
0.676370995
0.565937834
0.485721995
0.515398866
0.399249253
0.351892742
0.311237484
0.279905667
0.271722166
0.300177134
0.26967613
0.242023379
0.276908035
0.257768857
0.250522465
0.205654988
0.193645929
0.262126765
0.275757689
0.279258398
0.300350886
0.301824975
0.271954329
0.233658095
0.247257143
0.369282173
0.413955397
0.367952883
0.47165353
0.625905834
0.71382132
0.890840354
1.077647836
1.280226034
1.456232823
1.500772602