0.282181097
0.130522172
0.095800557
0.08452157
0.089415338
0.093821302
0.152438573
0.139590613
0.19054336
0.210067345
0.21200766
0.233801399
0.256868661
0.277795776
0.294022331
0.289724421
0.358647994
0.347412372
0.351013142
0.352330654
0.339989663
0.331832418
0.349629684
0.354539553
0.404942356
0.432612058
0.564401963
0.684230018
0.809299
0.846066939
0.897223884
1.070677304
1.185685699
1.215759388
1.266158779
1.312657205
1.436327021
1.503517369
1.613599911
1.709498286
1.804995918
1.974544175
2.032431439
2.074394468
2.101475613
2.134974825
2.346174961
2.359090079
2.362165593
2.359759395
2.382367418
2.419011759
2.436888316
2.414896706
2.407554718
2.35966239
2.236614954
2.172713521
2.055348122
1.915771373
1.820323383
1.396741512
1.23033432
1.067521447
0.892683671
0.749553448
0.528421563
0.474065202
0.425238142
0.387333582
