2.291817353
2.284113505
2.289711238
2.278393827
2.28428888
2.287094158
2.2809322
2.280155834
2.270564569
2.277651202
2.270626369
2.27213842
2.272871383
2.274604323
2.264187927
2.262992966
2.263504044
2.274020482
2.264521014
2.261447089
2.255103795
2.264209837
2.257379524
2.257590614
2.249816326
2.239107611
2.240320309
2.233786772
2.231028959
2.234952311
2.229981406
2.233925497
2.22754316
2.23241175
2.23130441
2.239772555
2.236051847
2.23916962
2.229047876
2.236516318
2.242324361
2.226370467
2.233424105
2.238821745
2.236024802
2.243270075
2.246797834
2.251836314
2.270938551
2.27404937
2.303975264
2.316971006
2.382850436
2.416398949
2.452102106
2.466454385
2.479583031
2.459269586
2.433062586
2.407624276
2.394304933
2.351875572
2.285614557
2.207470708
2.189909312
2.138778876
2.056007399
1.815146865
1.688580268
1.559342086
1.419461032
1.240168747
0.897662626
0.773298362
0.689464558
0.645295994
0.633684725
0.531148609
0.507449558
0.480322009
0.460257799
0.453833848
0.440515397
0.446382112
0.474946926
0.506229909
0.538493499
0.675801675
0.792061125
0.901189932
1.005809728
1.122724112
1.395518236
1.557442058
1.67296172
1.793767012
1.897915309
2.088480349
2.158318045
2.213787626
2.266306619
2.302489797
2.418502609
2.455807622
2.440595899
2.457016863
2.448667065
2.449087689
2.44964099
2.448298508
2.446869302
2.437346523
2.440172564
2.437558964
2.429747896
2.432261715
2.440351112
2.452258028
2.455296498
2.461860095
2.455464119
2.451818111
2.425530749
2.39679211
2.354990656
2.297962747
2.173736442
1.873744636
1.679827498
1.482469065
1.295009931
1.11815743
0.836336996
0.633162407
0.571727231
0.503664689
0.461055371
0.408020003
0.391216597
0.361840478
0.341673288
0.348624985
0.361710411
0.362250474
0.361716216
0.373674239
0.382932783
0.405671004
0.412238298
0.410799111
0.434363552
0.491044065
0.59585012
0.663662154
0.754262409
0.833292846
0.907873384
1.095634723
1.213891274
1.304182452
1.423921266
1.55467885
1.827333692
1.997274761
2.096378256
2.196109548
2.262995376
2.37843695
2.392301887
2.422131565
2.445897597
2.457814537
2.487295517
2.510527917
2.511993741
2.521784626
2.513925553
2.50037201
2.472075105
2.445748109
2.394250046
2.345523287
2.222628165
2.149673402
2.065581949
1.952585619
1.825017552
1.558528991
1.426404588
1.287948798
1.160175296
1.022037662
0.897084967
0.810077305
0.639945617
0.571894334
0.458348117
0.394648017
0.360480092
0.338139035
0.33105781
0.336927333
0.332873285
0.343405419
0.359928329
0.358507359
0.371612951
0.395104988
0.397576112
0.416178962
0.425895275
0.442157513
0.476012943
0.504233019
0.530376943
0.58731797
0.635857643
0.775786025
0.860791565
0.928916438
1.006535032
1.087767139
1.259024088
1.363404883
1.466105385
1.582326804
1.700966588
1.901681964
1.951406315
1.983394021
2.001227712
2.011074556
1.987010382
1.977639637
1.964684752
1.972235436
1.894649128
1.975410152
1.97464394
1.966434248
1.950157245
1.937049259
1.939862595
1.97605377
2.052164026
2.133672473
2.249339915
2.417821318
2.449747597
2.486423907
2.481828264
2.461889514
2.307531924
2.204410594
2.11614514
1.98546862
1.854928957
1.529424501
1.391226841
1.276293794
1.16876278
1.063304931
0.935081985
0.879768905
0.832013611
0.784314242
0.748317214
0.606930519
0.585352396
0.566901334
0.549071365
0.531021444
0.48009875
0.447416069
0.412338414
0.403170103
0.422896154
0.473167172
0.503893749
0.560160369
0.588687276
0.655414654
0.818904508
0.905645594
0.978267794
1.074406043
1.167821032
1.355782964
1.441989698
1.530673973
1.611513106
1.679204122
1.803405484
1.859100837
1.905536726
1.958570203
1.997334144
2.072281279
2.110950483
2.162293626
2.207455653
2.24512935
2.301527084
2.318790848
2.33780925
2.331816243
2.324748309
2.307058768
2.292543683
2.297865863
2.295295155
2.296132386
2.289373145
2.29413969
2.264522799
2.233286334
2.170557066
1.984641342
1.856536026
1.689944194
1.454356245
1.299937882
0.900313605
0.86061588
0.758235053
0.689040634
0.622924559
0.482924687
0.422210372
0.374040221
0.339551576
0.318445692
0.297121254
0.306644678
0.304914486
0.311445944
0.330287448
0.34234528
0.351868753
0.354566258
0.383111304
0.409679761
0.505520884
0.5546941
0.628304089
0.725260531
0.819945471
0.999342611
1.074932323
1.197954895
1.27684296
1.376288167
1.639071314
1.745553611
1.84950201
1.980183557
2.065449825
2.183667466
2.21704286
2.240903916
2.257884619
2.270202472
2.281959088
2.298633938
2.311345335
2.32087204
2.333760811
2.343702756
2.35356156
2.349646199
2.349365825
2.351632433
2.337625608
2.328054907
2.320421199
2.31155818
2.289722609
2.218813986
2.160313779
2.07634548
1.950559641
1.846642735
1.613006226
1.477484799
1.33620881
1.157164895
1.029329662
0.819853271
0.762490593
0.712966362
0.673608541
0.610967588
0.524993607
0.517362505
0.498435529
0.478182525
0.464634016
0.455735192
0.459096094
0.472010109
0.461503681
0.45566765
0.45817489
0.486612505
0.480807454
0.484426045
0.489293004
0.560315162
0.62117505
0.701573493
0.765246505
0.845791755
1.068713576
1.18973426
1.284678559
1.388711418
1.488157476
1.665276662
1.718821244
1.767463743
1.805696145
1.850189651
1.931594859
1.985303974
2.029468612
2.073715525
2.127911405
2.237622878
2.282008796
2.329109491
2.359877902
2.358768654
2.371837555
2.377224059
2.396470651
2.398761449
2.40557227
2.402849939
2.398587481
2.373520569
2.352271392
2.317325967
2.189749841
2.111482076
1.973021204
1.813529159
1.627966624
1.136547942
0.917436357
0.740432817
0.645227697
0.572395334
0.437203771
0.395813053
0.361313471
0.356539497
0.358603464
0.355391857
0.343875485
0.357902705
0.371939821
0.383908273
0.42181664
0.431466344
0.4378109
0.465494919
0.465639849
0.484573502
0.480910055
0.478944101
0.48407072
0.492418045
0.501463336
0.490521207
0.476866154
0.476875216
0.479764147
0.504617747
0.543835878
0.57272386
0.613560912
0.705190984
0.957023721
1.093065462
1.220544735
1.369190113
1.643280764
2.017170677
2.17090857
2.265501675
2.364840172
2.436623346
2.516727488
2.509524627
2.491409834
2.468506748
2.445192712
2.409277053
2.395570527
2.403270436
2.409251998
2.42329905
2.451538513
2.461075027
2.462211466
2.459456575
2.454291124
2.445453145
2.436516436
2.432654867
2.429413459
2.431604245
2.421415635
2.407847478
2.374380696
2.344026998
2.297447929
2.203623133
2.168407787
2.153800177
2.136621201
2.074204487
1.972415847
1.894057445
1.770171951
1.65517776
1.55519037
1.35068311
1.283567681
1.218617967
1.180710815
1.16365894
1.178569575
1.215724716
1.266577083
1.323929286
1.383641006
1.513151008
1.576284789
1.63855733
1.709281993
1.775874889
1.900005999
1.945421126
1.974211141
1.977029413
1.990504606
1.965863477
1.934276927
1.902789514
1.895461963
1.924130867
1.907064891
1.910990745
