1.277089296
1.279220245
1.282490696
1.275186812
1.280022376
1.285043952
1.288473374
1.286812294
1.281382786
1.287485166
1.281160914
1.2791977
1.274181351
1.272837005
1.274889782
1.275298117
1.276820477
1.282560913
1.280765556
1.286719252
1.295543848
1.297326203
1.306363411
1.308239535
1.309551918
1.299371559
1.303133343
1.30603998
1.306053835
1.303710944
1.302056405
1.3048161
1.298623299
1.300881546
1.294092748
1.292775485
1.288685714
1.290797676
1.289413281
1.288010726
1.277417417
1.273093726
1.268912615
1.266421562
1.268346635
1.268077905
1.266479794
1.257861663
1.257498193
1.260869229
1.2703756
1.268030474
1.267737023
1.271045137
1.265893048
1.261569053
1.262951381
1.248238642
1.247058813
1.242324918
1.248511851
1.241708501
1.258869105
1.270421766
1.282459993
1.300825643
1.314946618
1.329844477
1.33210532
1.320582502
1.316147845
1.303487206
1.290122414
1.309127742
1.337874766
1.378953382
1.42182018
1.484880276
1.500209159
1.515555102
1.520075467
1.530101962
1.531866769
1.530763851
1.5368561
1.532023406
1.517426631
1.512741502
1.528860855
1.524658317
1.508766923
1.479074586
1.422096213
1.389999419
1.367039897
1.343986478
1.322445903
1.349239682
1.369761736
1.384716845
1.411353454
1.418110425
1.355089518
1.355683743
1.346368334
1.348649242
1.454852613
1.430686256
1.42683358
1.4226828
1.484817938
1.476770288
1.492062196
1.458733361
1.474020953
1.450470716
1.43492046
1.414945832
1.389231656
1.394421524
1.380586502
1.367935676
1.327913414
1.319241762
1.312441976
1.306196789
1.295813722
1.267003026
1.24295048
1.216504826
1.201402225
1.184298515
1.205456947
1.225058295
1.251317794
1.270161127
1.290297244
1.327295601
1.334152062
1.336186031
1.339637622
1.353844956
1.376338894
1.385270294
1.388602312
1.401157203
1.405880238
1.400277357
1.402201383
1.383794518
1.391060401
1.409007525
1.418889321
1.425149273
1.440117742
1.44600311
1.437479697
1.416817306
1.403567174
1.367917693
1.34016424
1.331969123
1.277625872
1.259797655
1.250028219
1.261482528
1.268975556
1.294282689
1.305319633
1.321769527
1.324223557
1.335778398
1.344610259
1.344223606
1.353542147
1.349207904
1.348139772
1.345634162
1.341154112
1.336804078
1.331348056
1.319240415
1.315202565
1.316746922
1.310557334
1.291601922
1.274625883
1.238078294
1.214795504
1.193886852
1.177471984
1.172403315
1.173679205
1.174319451
1.181695102
1.193541395
1.202176405
1.245920318
1.269536924
1.290047625
1.316233767
1.341899311
1.383503505
1.394842986
1.410958001
1.409583127
1.417086932
1.420260345
1.419583436
1.423436221
1.42020853
1.419519979
1.425546706
1.435108041
1.434293331
1.453483228
1.451901978
1.458179477
1.462009691
1.447522005
1.433335238
1.418564329
1.367520584
1.349594232
1.31816955
1.295793903
1.281611931
1.297273742
1.312304641
1.336989818
1.35271663
1.382582573
1.415600128
1.443473597
1.493215514
1.446127875
1.378874463
1.455779657
1.449366245
1.441281037
1.433655957
1.423718836
1.403073408
1.394713281
1.388400748
1.380108712
1.358537443
1.337962987
1.337485747
1.353521659
1.369956652
1.382416736
1.383266055
1.380656221
1.378665791
1.371876556
1.368646409
1.364391531
1.362360724
1.372558802
1.388049093
1.39379255
1.421704632
1.426903127
1.430904276
1.432303551
1.431237659
1.440279246
1.433187904
1.442652542
1.444410658
1.456665614
1.480006252
1.497876766
1.513762616
1.533371215
1.566701042
1.594797921
1.59262175
1.603738448
1.586069644
1.584770364
1.583276847
1.587289782
1.566326634
1.553359684
1.54224651
1.488894829
1.465824405
1.445931035
1.451515381
1.453562709
1.490306914
1.496718814
1.494972071
1.496076586
1.486228791
1.467520742
1.455703755
1.453949852
1.449231327
1.451633565
1.4464512
1.4291574
1.411892196
1.38910963
1.3602009
1.319960624
1.302880853
1.294216008
1.281198728
1.27149738
1.258154894
1.260163331
1.251394119
1.261269727
1.268143876
1.307113201
1.307126003
1.301157557
1.287508089
1.269761319
1.105535304
1.284672366
1.316701678
1.383486402
1.420490777
1.513381437
1.536784176
1.561195125
1.590301912
1.608279335
1.604776025
1.597888219
1.584906061
1.572009579
1.565539322
1.554644652
1.546441783
1.548654006
1.555661476
1.5680474
1.596009157
1.599796879
1.615907532
1.633705947
1.659538039
1.640725751
1.612612347
1.596479463
1.570660652
1.526444567
1.466577962
1.457439373
1.443683589
1.440632982
1.436680627
1.434186271
1.430228872
1.410825065
1.401573369
1.380333703
1.32592327
1.298875882
1.268559478
1.245130421
1.225775364
1.213006899
1.219993282
1.2091523
1.213625119
1.219898851
1.145262448
1.136693762
1.12469275
1.129763699
1.126793873
1.135424857
1.1423787
1.159228458
1.194760955
1.214073591
1.251447745
1.252369922
1.245157253
1.23998666
1.242951576
1.248751076
1.266420678
1.28231409
1.302794031
1.311727046
1.358734674
1.401010739
1.432622262
1.462053016
1.493226385
1.549733627
1.591332074
1.634393866
1.660846151
1.676511436
1.715254704
1.736598075
1.738963406
1.733763711
1.71784955
1.709243096
1.707536132
1.704466768
1.666678148
1.629798601
1.577378965
1.538068705
1.489936575
1.462495401
1.445568161
1.431283315
1.44696477
1.465626897
1.471889597
1.480400581
1.478507874
1.46615746
1.45507757
1.443917203
1.43489123
1.425711511
1.400458226
1.385342715
1.361012178
1.335821278
1.318063066
1.311851131
1.31941554
1.321975404
1.32708244
1.316345788
1.320416619
1.303765282
1.298620169
1.294703857
1.270275377
1.281881565
1.277557303
1.279592347
1.277187019
1.229474427
1.211703734
1.214217664
1.244207875
1.275482958
1.357669784
1.404367657
1.464659439
1.519502077
1.576724808
1.663279651
1.69923815
1.753736904
1.759056571
1.783624595
1.835841696
1.857695424
1.886569014
1.913701678
1.934859951
1.985856252
2.003315906
2.0066664
2.004788168
1.997349114
1.957170104
1.921237154
1.885941598
1.858114892
1.831233754
1.793301893
1.771760625
1.742171484
1.700829875
1.693053302
1.624846088
1.568935054
1.488953804
1.425565102
1.404069601
1.326305264
1.310925682
1.30425196
1.263674162
1.280352019
1.306362453
1.247273241
1.145519147
1.146416006
1.13033344
1.115644299
1.104297459
1.109672395
1.114550828
1.128240079
1.130667786
1.160125781
1.16799906
1.169146913
1.179735712
1.204593329
1.213240966
1.235404428
1.25395697
1.27119225
1.290834189
1.306013895
1.312774693
1.319440818
1.32987991
1.380146555
1.405326395
1.449917986
1.491787373
1.526070145
1.543687562
1.537498963
1.527014778
1.516750852
1.517848048
1.517284096
1.516915277
1.527397835
1.523737082
1.533401669
1.549611266
1.554416643
1.547240028
1.542316329
1.529517325
1.498645997
1.467594471
1.440615918
1.415667111
1.399265162
1.385101904
1.37024656
1.359304664
1.332176828
1.338965903
1.324368908
1.374680922
1.455776415
1.5281363
1.570610201
1.668481442
1.658956202
