0.272000661
0.271261659
0.271164974
0.271911315
0.285719449
0.302024141
0.360408228
0.437656032
0.521888423
0.636156655
0.689802783
0.749535156
0.840207253
0.853399237
0.859128494
0.865533049
0.872726972
0.939285384
0.945496829
0.96174298
0.993421599
1.013323163
0.84616792
0.850658839
0.854425794
0.84183944
0.844977646
0.799000432
0.823032424
0.8366459
0.877467002
0.840227106
0.871341482
0.972049972
0.94859119
0.96714624
0.956591372
1.031891406
1.064558666
1.10735995
1.142508148
1.126193137
1.124098262
1.141282545
1.11661049
1.203273255
1.190497535
1.185653955
1.128473812
1.072345426
0.997312296
0.97602807
0.887399226
0.874946068
0.86981643
0.827159767
0.81575922
0.829417238
0.838495049
0.81101259
0.821412256
0.815819553
0.805608107
0.798195897
0.783031113
0.757894428
0.736499256
0.636755105
0.617897548
0.59386381
0.547078382
0.430209483
0.351252589
0.293382363
0.293012009
0.297270631
0.220189655
0.16248612
0.261980396
0.28698318
0.471769223
0.311175235
0.290962064
0.300344284
0.291262877
0.284994922
0.289963154
0.280723632
0.32308795
0.297848164
0.28674076
0.3297239
0.419377771
0.41904234
0.419737269
0.393122229
0.438761775
0.492739897
0.500267128
0.499501526
0.509242995
0.54392336
0.581908779
0.686611868
0.621025139
0.679575244
0.673277504
0.7265205
0.729147011
0.805277991
0.8700121
0.861589259
0.833510444
0.815307575
0.762547205
0.722992852
0.712165424
0.580483224
0.539052392
0.550737242
0.541683973
0.534230038
0.502538143
0.510750451
0.507758646
0.586105485
0.657776186
0.707165714
0.749935235
0.806086621
0.842258676
0.856849437
0.892227917
0.912446241
0.904570397
0.901208039
0.926608564
0.94437113
0.961879891
0.969950105
0.991805487
1.008730379
0.988119628
0.963798453
0.931352935
0.916040223
0.905674202
0.857580622
0.84432679
0.854155503
0.860208423
0.883867836
0.882362633
0.890140399
0.861614736
0.876172458
0.916968845
0.950270242
0.975699116
0.965335482
1.008216491
0.848684297
0.976087979
1.038708678
1.035718747
1.029276535
1.025663543
1.088550498
1.124783346
1.127153636
1.122241066
1.240747241
1.298455461
1.309673564
1.471960669
1.445503338
1.41393984
1.358081304
1.365525623
1.369086623
1.175975326
1.192914664
1.012918265
0.929056619
0.853586631
0.8391455
0.860296275
0.882757897
0.877672396
0.887328614
0.901584192
0.945448993
1.080192582
1.114021799
1.116386334
1.091860656
1.07801598
1.04661474
1.022538215
1.006589598
0.956514499
0.91549283
0.860710165
0.846000704
0.768220795
0.275298654
0.316552283
0.272217198
0.270597708
0.244494932
0.264538055
0.266962063
0.265176828
0.305916677
0.353362854
0.477408478
0.442514362
0.847587558
0.869117737
0.902826588
0.900796736
0.951040064
0.987044112
0.999389183
0.961859925
1.012728342
1.01825455
1.001775776
1.025736049
1.090980175
1.094020164
1.143015434
1.264387105
1.368147397
1.416408891
1.509345686
1.406646467
1.141233155
1.203202777
1.252424013
1.209423489
1.227381105
1.381447405
1.684952885
1.665205235
1.638022368
1.616067614
1.547836368
1.483019755
1.420942945
1.382467697
1.296170274
1.173373125
1.170535977
1.117738238
1.089100407
1.165470416
1.189697928
1.020888339
1.144456369
1.067387336
1.051142745
1.013602599
1.014171255
0.992080522
0.971926496
0.954486913
0.922576513
0.901943465
0.808939193
0.768671003
0.807517693
0.808818422
0.838416293
0.820120619
0.857290585
0.896424531
0.898270992
0.884697427
0.84872199
0.81728877
0.811577095
0.816884592
0.848427089
0.863814726
0.886091936
0.898806906
0.952136574
0.966001268
0.995223003
1.030841386
1.08594507
1.174882553
1.189354988
1.09913471
1.125554015
1.174248265
1.123548497
1.311036729
1.199634689
1.34392609
1.490973754
1.447806593
1.363579067
1.430032455
1.349233443
1.380346132
1.441883661
1.441743638
1.484125494
1.572895366
1.615752955
1.515795409
1.392767763
1.354636407
1.438170824
1.378225458
1.205684246
1.25778499
1.3036675
1.17956658
1.26041989
1.272885685
1.243164688
1.254278109
1.204832593
1.163797824
0.978327755
0.939467256
0.935022788
0.96069694
1.007509186
0.88688036
1.020248827
0.957788922
0.752533084
0.708290663
0.732382689
