0.674044223
0.576463785
0.446578943
0.43441286
0.416221636
0.406959765
0.389995162
0.396359992
0.41852178
0.4365281
0.478266396
0.506027117
0.568743654
0.600779844
0.620955723
0.637854169
0.631129004
0.678376636
0.68086676
0.688865973
0.715685775
0.737462167
0.777205036
0.796715311
0.823440355
0.868293662
0.906822124
0.973728688
1.005801754
1.032737984
1.049033851
1.074782802
1.087194793
1.081214771
1.078168018
1.04905511
1.023295475
1.024767178
0.990002629
1.017682766
1.040426182
1.057433586
1.135550364
1.114350481
1.109013318
1.118478635
1.131748518
1.352886609
1.3501518
1.338161745
1.320761256
1.330534956
1.298693754
1.280386129
1.274477261
1.308313983
1.286920242
1.245899157
1.2404061
1.229560807
1.235487021
1.205117993
1.069295103
1.011678828
0.984399032
0.929881776
0.857757787
0.753743574
0.71476818
0.680674699