1.00136e-05,0,-1.37953,-0.440684,-9.4268,0.0199737,0.0194411,0.00719053,0.0,0.0,0.0,0.0,1.05469,0.0,0.0334883,-1.70311,seated
0.121149,1,-1.32205,-0.450264,-9.39806,0.0215716,0.00719053,0.0620517,0.0,0.0,0.0,0.0,1.05469,0.0,0.0331634,-1.67032,extended
0.18122,2,1.84896,-0.220342,-9.08191,-0.0676443,-0.850081,0.158724,0.0,0.0,0.0,0.0,1.23047,2.92623,0.0386899,-1.67021,extended
0.24129,3,0.249082,0.0574805,-6.79228,0.154463,-1.96994,0.100667,0.0,0.0,0.0,0.0,1.05469,-2.92627,0.0331634,-1.67032,extended
0.301358,4,4.5218,-0.134121,-11.6206,0.0820254,-2.47248,0.0577906,0.0,0.0,0.0,0.0,1.05469,0.0,0.0331634,-1.67032,extended
0.361429,5,0.296982,0.162861,-6.25579,0.0910801,-2.5822,-0.0266316,0.0,0.0,0.0,0.0,0.878906,-2.92623,0.0276366,-1.6704,extended
0.421502,6,-8.18139,-1.40827,-6.79228,0.0660464,-1.9465,-0.184557,0.0,0.0,0.0,0.0,0.703125,-2.92612,0.0221096,-1.67047,extended
0.481565,7,-9.17772,0.795147,-9.07233,0.113451,0.267115,-0.243413,0.0,0.0,0.0,0.0,0.351562,-5.85324,0.011055,-1.67057,extended
0.541634,8,-3.75539,0.306563,-7.63532,0.108657,0.442351,-0.0814927,0.0,0.0,0.0,0.0,0.175781,-2.92632,0.00552754,-1.67059,extended
0.601703,9,-6.23663,-0.0766406,-6.79228,0.0569916,-0.315318,-0.03542,0.0,0.0,0.0,0.0,0.175781,0.0,0.00552754,-1.67059,extended
0.661781,10,-6.89766,-0.431104,-7.99937,-0.00319579,0.0418116,0.111853,0.0,0.0,0.0,0.0,0.175781,0.0,0.00552754,-1.67059,extended
0.721852,11,-5.56603,-0.450264,-7.96105,-0.105461,0.00585895,0.103597,0.0,0.0,0.0,0.0,0.175781,0.0,0.00552754,-1.67059,extended
0.781922,12,-5.86301,-0.249082,-7.62574,-0.0327569,-0.0588559,0.0793622,0.0,0.0,0.0,0.0,0.0,-2.92627,0.0,-1.6706,extended
0.84199,13,-6.09293,-0.220342,-7.4054,0.01012,0.01518,0.0447411,0.0,0.0,0.0,0.0,0.0,0.0,0.0,-1.6706,extended
0.90206,14,-6.09293,-0.143701,-7.65448,0.0386158,-0.0860201,-0.0346211,0.0,0.0,0.0,0.0,-0.175781,-2.92627,-0.00552754,-1.67059,extended
0.962131,15,-5.40316,-0.0958008,-7.58742,0.0697748,0.0117179,-0.0596548,0.0,0.0,0.0,0.0,-0.351562,-2.92623,-0.011055,-1.67057,extended
1.02221,16,-6.24621,-0.0862207,-7.63532,0.0793622,-0.0197074,-0.0234358,0.0,0.0,0.0,0.0,-0.527344,-2.92603,-0.0165824,-1.67053,extended
1.08228,17,-6.09293,-0.172441,-7.52036,0.0287621,-0.0279632,-0.0231695,0.0,0.0,0.0,0.0,-0.527344,0.0,-0.0165824,-1.67053,extended
1.14235,18,-5.71931,-0.191602,-7.32876,0.00719053,-0.0111853,0.0388822,0.0,0.0,0.0,0.0,-0.703125,-2.92627,-0.0221096,-1.67047,extended
1.20243,19,-5.96839,-0.268242,-7.60658,-0.0175769,-0.0015979,0.047138,0.0,0.0,0.0,0.0,-0.703125,0.0,-0.0221096,-1.67047,extended
1.2625,20,-5.88217,-0.239502,-7.46288,0.00213053,-0.00692422,0.0335558,0.0,0.0,0.0,0.0,-0.703125,0.0,-0.0221096,-1.67047,extended
1.32257,21,-5.92049,-0.344883,-7.34792,0.0181095,0.00532632,-0.000266316,0.0,0.0,0.0,0.0,-0.703125,0.0,-0.0221096,-1.67047,extended
1.44323,22,-5.78637,-0.220342,-7.4054,0.0639159,0.0111853,-0.0367516,0.0,0.0,0.0,0.0,-0.703125,0.0,-0.0223262,-1.70327,seated
1.5033,23,-6.47613,0.0479004,-7.61616,0.0703075,0.129962,-0.131028,0.0,0.0,0.0,0.0,-0.703125,0.0,-0.0223262,-1.70327,seated
1.56338,24,-8.89031,0.0958008,-7.85566,0.107325,1.06979,0.0253,0.0,0.0,0.0,0.0,-0.703125,0.0,-0.0223262,-1.70327,seated
1.62345,25,-5.18282,-0.871787,-7.20422,-0.0162453,2.34678,-0.124103,0.0,0.0,0.0,0.0,-0.703125,0.0,-0.0223262,-1.70327,seated
1.68351,26,-3.77455,-0.593965,-8.84241,0.00958738,2.92202,-0.0234358,0.0,0.0,0.0,0.0,-0.527344,2.92647,-0.0167449,-1.70333,seated
1.74358,27,1.67651,-0.229922,-9.96328,0.0266316,2.42294,0.212787,0.0,0.0,0.0,0.0,-0.351562,2.92636,-0.0111633,-1.70337,seated
1.80365,28,0.574805,-0.852627,-7.96105,-0.0719054,-0.0793622,0.281496,0.0,0.0,0.0,0.0,0.175781,8.77895,0.00558169,-1.70339,seated
1.86372,29,-1.11129,-0.507744,-8.18139,0.056459,-0.179763,0.0782969,0.0,0.0,0.0,0.0,0.175781,0.0,0.00558169,-1.70339,seated
1.92379,30,-1.40827,-0.747246,-9.34058,-0.0125169,0.58776,-0.156594,0.0,0.0,0.0,0.0,0.175781,0.0,0.00558169,-1.70339,seated
1.98387,31,-0.651445,-0.517324,-8.89989,0.0482032,-0.0436758,-0.130495,0.0,0.0,0.0,0.0,0.175781,0.0,0.00558169,-1.70339,seated
2.04394,32,-1.81063,-0.536484,-9.5226,0.0636496,0.0271642,-0.123038,0.0,0.0,0.0,0.0,0.351562,2.92632,0.0111633,-1.70337,seated
2.10401,33,-1.48491,-0.526904,-9.89622,0.015979,0.0484695,-0.0255663,0.0,0.0,0.0,0.0,0.351562,0.0,0.0111633,-1.70337,seated
2.16408,34,-1.39869,-0.316143,-9.09149,0.0253,0.0119842,0.0553938,0.0,0.0,0.0,0.0,0.703125,5.85254,0.0223262,-1.70327,seated
2.22414,35,-1.28373,-0.450264,-9.54176,0.0175769,0.0732369,0.106526,0.0,0.0,0.0,0.0,0.878906,2.92628,0.0279074,-1.7032,seated
2.28421,36,-1.62861,-0.507744,-9.7621,0.00346211,0.0276969,0.0737696,0.0,0.0,0.0,0.0,1.05469,2.92647,0.0334883,-1.70311,seated
2.34428,37,-1.18793,-0.421523,-9.06275,0.0197074,0.0524643,0.0271642,0.0,0.0,0.0,0.0,1.05469,0.0,0.0334883,-1.70311,seated
2.40435,38,-1.40827,-0.440684,-9.46512,0.0482032,0.0298274,-0.0386158,0.0,0.0,0.0,0.0,1.05469,0.0,0.0334883,-1.70311,seated
2.46442,39,-1.47533,-0.469424,-9.70462,0.0295611,0.0189084,-0.071639,0.0,0.0,0.0,0.0,1.05469,0.0,0.0334883,-1.70311,seated
2.52449,40,-1.39869,-0.344883,-9.20646,0.0436758,0.0253,-0.0367516,0.0,0.0,0.0,0.0,1.23047,2.92623,0.0390689,-1.70301,seated
2.58456,41,-1.40827,-0.440684,-9.4747,0.0298274,0.0178432,0.0194411,0.0,0.0,0.0,0.0,1.23047,0.0,0.0390689,-1.70301,seated
2.64463,42,-1.50407,-0.411943,-9.58966,0.00479369,0.0231695,0.0625843,0.0,0.0,0.0,0.0,1.40625,2.92603,0.0446491,-1.70289,seated
2.764,43,-1.57113,-0.402363,-9.74294,0.0266316,0.0119842,0.0253,0.0,0.0,0.0,0.0,1.40625,0.0,0.0442159,-1.6701,extended
2.82407,44,0.574805,0.210762,-7.37666,-0.111586,-0.360858,0.208259,0.0,0.0,0.0,0.0,1.23047,-2.92598,0.0386899,-1.67021,extended
2.88414,45,0.862207,-0.325723,-8.75619,0.141946,-1.70549,0.0822917,0.0,0.0,0.0,0.0,1.23047,0.0,0.0386899,-1.67021,extended
2.94421,46,-4.4739,0.0191602,-8.43047,0.0828243,-2.97022,-0.0375506,0.0,0.0,0.0,0.0,1.05469,-2.92627,0.0331634,-1.67032,extended
3.00428,47,-9.8579,0.153281,-6.72521,0.0508664,-3.07782,0.0157127,0.0,0.0,0.0,0.0,1.05469,0.0,0.0331634,-1.67032,extended
3.06435,48,-12.2912,-1.27415,-8.73703,0.155262,-1.31693,-0.125701,0.0,0.0,0.0,0.0,0.703125,-5.85285,0.0221096,-1.67047,extended
3.12442,49,-6.7827,0.134121,-7.25212,0.100135,0.244478,-0.155262,0.0,0.0,0.0,0.0,0.351562,-5.85254,0.011055,-1.67057,extended
3.18449,50,-4.87626,0.249082,-7.29044,0.108923,0.0649811,-0.0431432,0.0,0.0,0.0,0.0,0.351562,0.0,0.011055,-1.67057,extended
3.24456,51,-6.76354,-0.335303,-7.75986,0.0223706,-0.146208,-0.0066579,0.0,0.0,0.0,0.0,0.175781,-2.92638,0.00552754,-1.67059,extended
3.30463,52,-5.55645,-0.402363,-7.24254,-0.0175769,0.0388822,0.0806938,0.0,0.0,0.0,0.0,0.175781,0.0,0.00552754,-1.67059,extended
3.3647,53,-6.34201,-0.383203,-8.04727,-0.0359527,-0.0905475,0.098537,0.0,0.0,0.0,0.0,0.0,-2.92633,0.0,-1.6706,extended
3.42477,54,-5.59477,-0.249082,-7.44372,-0.0460727,0.00958738,0.0575243,0.0,0.0,0.0,0.0,0.0,0.0,0.0,-1.6706,extended
3.48484,55,-5.70015,-0.239502,-7.46288,0.0157127,-0.0500674,0.0245011,0.0,0.0,0.0,0.0,-0.175781,-2.92632,-0.00552754,-1.67059,extended
3.54491,56,-6.23663,-0.162861,-7.76944,0.047138,-0.0199737,-0.026099,0.0,0.0,0.0,0.0,-0.351562,-2.92627,-0.011055,-1.67057,extended
3.60498,57,-5.80553,-0.0574805,-7.44372,0.0649811,-0.0703075,-0.056459,0.0,0.0,0.0,0.0,-0.703125,-5.85257,-0.0221096,-1.67047,extended
3.66505,58,-5.77679,-0.0287402,-7.44372,0.0798948,-0.0133158,-0.0292948,0.0,0.0,0.0,0.0,-0.703125,0.0,-0.0221096,-1.67047,extended
3.72513,59,-6.15999,-0.134121,-7.84608,0.0356864,-0.0436758,0.00266316,0.0,0.0,0.0,0.0,-0.878906,-2.92598,-0.0276366,-1.6704,extended
3.7852,60,-5.70015,-0.153281,-7.39582,0.00133158,-0.010919,0.0378169,0.0,0.0,0.0,0.0,-0.878906,0.0,-0.0276366,-1.6704,extended
3.84527,61,-5.86301,-0.277822,-7.48204,-0.0015979,-0.0146474,0.0625843,0.0,0.0,0.0,0.0,-0.878906,0.0,-0.0276366,-1.6704,extended
3.90534,62,-5.97797,-0.306563,-7.60658,-0.00745685,-0.00106526,0.0380832,0.0,0.0,0.0,0.0,-0.878906,0.0,-0.0276366,-1.6704,extended
3.9654,63,-5.86301,-0.316143,-7.43414,0.0218379,-0.00479369,0.00559264,0.0,0.0,0.0,0.0,-0.878906,0.0,-0.0276366,-1.6704,extended
4.08424,64,-6.09293,-0.277822,-7.62574,0.0596548,0.0154463,-0.0410127,0.0,0.0,0.0,0.0,-0.878906,0.0,-0.0279074,-1.7032,seated
4.14431,65,-5.95881,-0.747246,-6.59109,0.0878843,0.16192,-0.231695,0.0,0.0,0.0,0.0,-0.703125,2.92618,-0.0223262,-1.70327,seated
4.20438,66,-7.94188,-0.172441,-7.47246,0.0929443,1.3188,-0.0711064,0.0,0.0,0.0,0.0,-0.878906,-2.92623,-0.0279074,-1.7032,seated
4.26445,67,-4.79962,-0.105381,-7.09884,-0.00346211,2.49565,-0.0862864,0.0,0.0,0.0,0.0,-0.703125,2.92623,-0.0223262,-1.70327,seated
4.32451,68,-1.50407,-0.153281,-8.89989,0.00346211,2.94732,-0.04048,0.0,0.0,0.0,0.0,-0.527344,2.92681,-0.0167449,-1.70333,seated
4.38458,69,4.99122,0.373623,-7.3096,-0.0370179,1.90416,0.157393,0.0,0.0,0.0,0.0,-0.351562,2.92638,-0.0111633,-1.70337,seated
4.44465,70,-1.90644,-0.306563,-10.0399,-0.0535295,-0.300405,0.286556,0.0,0.0,0.0,0.0,0.175781,8.77892,0.00558169,-1.70339,seated
4.50472,71,-3.31471,-0.890947,-9.43638,0.0114516,-0.0066579,0.166714,0.0,0.0,0.0,0.0,0.175781,0.0,0.00558169,-1.70339,seated
4.56479,72,-0.239502,-0.383203,-9.69504,0.00559264,0.515854,-0.113184,0.0,0.0,0.0,0.0,0.351562,2.92641,0.0111633,-1.70337,seated
4.62486,73,-1.36037,-0.354463,-9.63756,0.046339,-0.104929,-0.127033,0.0,0.0,0.0,0.0,0.351562,0.0,0.0111633,-1.70337,seated
4.68493,74,-1.30289,-0.344883,-9.12982,0.0652474,0.0945422,-0.135821,0.0,0.0,0.0,0.0,0.351562,0.0,0.0111633,-1.70337,seated
4.745,75,-1.49449,-0.613125,-9.8579,0.0223706,0.0436758,-0.0503337,0.0,0.0,0.0,0.0,0.703125,5.85243,0.0223262,-1.70327,seated
4.80507,76,-1.61903,-0.565225,-9.58008,-0.00772317,0.0535295,0.0500674,0.0,0.0,0.0,0.0,0.703125,0.0,0.0223262,-1.70327,seated
4.86514,77,-1.26457,-0.555645,-9.05317,0.021039,0.0556601,0.108391,0.0,0.0,0.0,0.0,1.05469,5.85243,0.0334883,-1.70311,seated
4.92521,78,-1.57113,-0.670605,-9.70462,0.0015979,0.0599211,0.092678,0.0,0.0,0.0,0.0,1.23047,2.92626,0.0390689,-1.70301,seated
4.98528,79,-1.30289,-0.593965,-9.51302,0.0125169,0.0367516,0.0183758,0.0,0.0,0.0,0.0,1.40625,2.92631,0.0446491,-1.70289,seated
5.04535,80,-1.45617,-0.479004,-9.48428,0.0407464,0.0447411,-0.0583232,0.0,0.0,0.0,0.0,1.40625,0.0,0.0446491,-1.70289,seated
5.10542,81,-1.39869,-0.440684,-9.58966,0.0410127,0.0157127,-0.0703075,0.0,0.0,0.0,0.0,1.40625,0.0,0.0446491,-1.70289,seated
5.16549,82,-1.32205,-0.335303,-9.58008,0.0178432,0.0287621,-0.0428769,0.0,0.0,0.0,0.0,1.40625,0.0,0.0446491,-1.70289,seated
5.22556,83,-1.38911,-0.440684,-9.43638,0.03542,0.00798948,0.0162453,0.0,0.0,0.0,0.0,1.40625,0.0,0.0446491,-1.70289,seated
5.28563,84,-1.52323,-0.421523,-9.65672,0.0178432,0.02024,0.0633832,0.0,0.0,0.0,0.0,1.58203,2.92638,0.0502289,-1.70275,seated
5.40386,85,-1.44659,-0.440684,-9.67588,0.0199737,0.01518,0.03542,0.0,0.0,0.0,0.0,1.40625,-1.48677,0.0442159,-1.6701,extended
5.46393,86,-0.689766,0.191602,-7.7886,-0.1012,-0.435161,0.254066,0.0,0.0,0.0,0.0,1.40625,0.0,0.0442159,-1.6701,extended
5.524,87,0.814307,-0.364043,-8.65081,0.140349,-1.8746,-0.0111853,0.0,0.0,0.0,0.0,1.23047,-2.92628,0.0386899,-1.67021,extended
5.58406,88,-2.27048,-0.220342,-6.79228,0.0729706,-2.91376,-0.00692422,0.0,0.0,0.0,0.0,1.23047,0.0,0.0386899,-1.67021,extended
5.64414,89,-4.69424,0.268242,-6.53361,0.0556601,-3.06423,0.0316916,0.0,0.0,0.0,0.0,1.05469,-2.92603,0.0331634,-1.67032,extended
5.70421,90,-9.87706,-1.11129,-8.31551,0.190416,-0.941427,-0.124902,0.0,0.0,0.0,0.0,0.703125,-5.85266,0.0221096,-1.67047,extended
5.76428,91,-5.98755,0.105381,-6.63899,0.18509,0.163784,-0.127565,0.0,0.0,0.0,0.0,0.351562,-5.85259,0.011055,-1.67057,extended
5.82435,92,-4.94332,0.134121,-7.4054,0.0929443,-0.116114,-0.0474043,0.0,0.0,0.0,0.0,0.175781,-2.92627,0.00552754,-1.67059,extended
5.88442,93,-7.1659,0.172441,-8.05685,0.00506001,-0.0921454,0.015979,0.0,0.0,0.0,0.0,0.0,-2.92627,0.0,-1.6706,extended
5.9445,94,-5.58519,-0.172441,-6.98388,-0.0324906,-0.00745685,0.0777643,0.0,0.0,0.0,0.0,0.0,0.0,0.0,-1.6706,extended
6.00456,95,-6.45697,-0.325723,-7.63532,-0.0242348,-0.0655138,0.10626,0.0,0.0,0.0,0.0,-0.175781,-2.92642,-0.00552754,-1.67059,extended
6.06463,96,-5.61393,-0.498164,-7.6928,-0.0239685,-0.0106526,0.0527306,0.0,0.0,0.0,0.0,-0.175781,0.0,-0.00552754,-1.67059,extended
6.1247,97,-5.62351,-0.411943,-7.20422,0.0292948,-0.0620517,0.0157127,0.0,0.0,0.0,0.0,-0.351562,-2.92623,-0.011055,-1.67057,extended
6.2375,98,-5.75763,-0.0383203,-7.39582,0.0745685,-0.0719054,-0.0535295,0.0,0.0,0.0,0.0,-0.703125,-3.11677,-0.0223262,-1.70327,seated
6.29757,99,-6.91682,-0.105381,-8.11433,0.113451,0.0732369,-0.160322,0.0,0.0,0.0,0.0,-0.703125,0.0,-0.0223262,-1.70327,seated
6.35764,100,-8.88073,0.249082,-8.95737,0.131294,0.994691,-0.100135,0.0,0.0,0.0,0.0,-1.05469,-5.85268,-0.0334883,-1.70311,seated
6.4177,101,-5.55645,-0.229922,-7.55868,0.0468716,2.18459,-0.0729706,0.0,0.0,0.0,0.0,-1.05469,0.0,-0.0334883,-1.70311,seated
6.47777,102,-2.22258,-0.421523,-8.09517,-0.0167779,2.80351,0.0141148,0.0,0.0,0.0,0.0,-1.05469,0.0,-0.0334883,-1.70311,seated
6.53785,103,1.61903,-0.258662,-9.16813,-0.000266316,2.59205,0.153931,0.0,0.0,0.0,0.0,-1.05469,0.0,-0.0334883,-1.70311,seated
6.59792,104,-0.584385,-1.18793,-10.4614,-0.0503337,-0.307329,0.289219,0.0,0.0,0.0,0.0,-0.527344,8.77794,-0.0167449,-1.70333,seated
6.65799,105,-2.53872,0.0479004,-9.34058,0.0378169,-0.255397,0.250071,0.0,0.0,0.0,0.0,-0.527344,0.0,-0.0167449,-1.70333,seated
6.71806,106,-1.11129,-0.584385,-10.1549,-0.0183758,0.558998,-0.0700411,0.0,0.0,0.0,0.0,-0.703125,-2.92623,-0.0223262,-1.70327,seated
6.77812,107,-0.823887,-0.469424,-9.03401,0.0631169,-0.0274306,-0.137685,0.0,0.0,0.0,0.0,-0.703125,0.0,-0.0223262,-1.70327,seated
6.83819,108,-1.63819,-0.651445,-9.31184,0.0636496,0.0146474,-0.142745,0.0,0.0,0.0,0.0,-0.703125,0.0,-0.0223262,-1.70327,seated
6.89826,109,-1.40827,-0.593965,-9.69504,0.0066579,0.0189084,-0.0474043,0.0,0.0,0.0,0.0,-0.527344,2.92626,-0.0167449,-1.70333,seated
6.95833,110,-1.46575,-0.364043,-9.13939,0.0410127,0.0178432,0.0335558,0.0,0.0,0.0,0.0,-0.351562,2.92627,-0.0111633,-1.70337,seated
7.01841,111,-1.28373,-0.421523,-9.41722,0.0250337,0.0458064,0.117445,0.0,0.0,0.0,0.0,0.0,5.85245,0.0,-1.7034,seated
7.1895,112,-1.44659,-0.431104,-9.48428,0.0346211,0.0569916,-0.0167779,0.0,0.0,0.0,0.0,0.527344,3.08222,0.0167449,-1.70333,seated
7.31674,113,-1.49449,-0.316143,-9.09149,0.0474043,0.0223706,0.0167779,0.0,0.0,0.0,0.0,0.703125,1.38149,0.0221096,-1.67047,extended
7.37681,114,0.919688,-0.469424,-8.83283,-0.0988033,-0.176035,0.270843,0.0,0.0,0.0,0.0,1.05469,5.85257,0.0331634,-1.67032,extended
7.43688,115,-0.670605,-0.239502,-10.4902,0.179231,-1.7726,0.0545948,0.0,0.0,0.0,0.0,1.23047,2.92638,0.0386899,-1.67021,extended
7.49695,116,-1.54239,-1.18793,-7.18506,-0.010919,-2.78114,0.000532632,0.0,0.0,0.0,0.0,1.40625,2.92619,0.0442159,-1.6701,extended
7.55702,117,-3.21891,0.287402,-7.09884,0.036219,-2.78886,0.00372843,0.0,0.0,0.0,0.0,1.40625,0.0,0.0442159,-1.6701,extended
7.61709,118,-10.0208,-1.36037,-8.21013,0.125701,-0.339553,-0.115581,0.0,0.0,0.0,0.0,1.40625,0.0,0.0442159,-1.6701,extended
7.67716,119,-7.89398,0.296982,-7.28086,0.122772,0.121174,-0.148871,0.0,0.0,0.0,0.0,1.23047,-2.92628,0.0386899,-1.67021,extended
7.73723,120,-4.26313,-0.153281,-7.25212,0.1265,0.0732369,-0.0681769,0.0,0.0,0.0,0.0,1.23047,0.0,0.0386899,-1.67021,extended
7.7973,121,-7.09884,-0.114961,-7.7407,0.0428769,-0.180296,-0.0322242,0.0,0.0,0.0,0.0,1.23047,0.0,0.0386899,-1.67021,extended
7.85737,122,-5.10618,-0.172441,-6.91682,0.0170442,0.160589,0.0599211,0.0,0.0,0.0,0.0,1.23047,0.0,0.0386899,-1.67021,extended
7.91743,123,-6.51445,-0.325723,-7.85566,-0.0258327,-0.0897485,0.0918791,0.0,0.0,0.0,0.0,1.40625,2.92653,0.0442159,-1.6701,extended
7.9775,124,-6.01629,-0.469424,-7.65448,-0.0569916,0.036219,0.0609864,0.0,0.0,0.0,0.0,1.23047,-2.92617,0.0386899,-1.67021,extended
8.03757,125,-5.384,-0.344883,-7.23296,0.000532632,-0.0162453,0.0500674,0.0,0.0,0.0,0.0,1.23047,0.0,0.0386899,-1.67021,extended
8.09763,126,-6.38033,-0.287402,-7.86524,0.0218379,-0.0316916,-0.00346211,0.0,0.0,0.0,0.0,1.05469,-2.92661,0.0331634,-1.67032,extended
8.1577,127,-5.76721,-0.105381,-7.44372,0.0548611,-0.0612527,-0.0410127,0.0,0.0,0.0,0.0,0.878906,-2.92624,0.0276366,-1.6704,extended
8.21778,128,-5.67141,-0.0191602,-7.39582,0.0721717,-0.0324906,-0.0444748,0.0,0.0,0.0,0.0,0.703125,-2.92624,0.0221096,-1.67047,extended
8.27785,129,-6.12167,-0.0191602,-7.71196,0.0458064,-0.0593885,-0.0213053,0.0,0.0,0.0,0.0,0.351562,-5.85238,0.011055,-1.67057,extended
8.33792,130,-5.77679,-0.0958008,-7.51078,0.021039,-0.0537959,0.0138484,0.0,0.0,0.0,0.0,0.351562,0.0,0.011055,-1.67057,extended
8.39799,131,-5.70015,-0.210762,-7.32876,-0.00266316,-0.0468716,0.0537959,0.0,0.0,0.0,0.0,0.175781,-2.92639,0.00552754,-1.67059,extended
8.45806,132,-6.07377,-0.296982,-7.72154,-0.0154463,-0.057258,0.0452737,0.0,0.0,0.0,0.0,0.0,-2.92629,0.0,-1.6706,extended
8.56498,133,-5.91091,-0.287402,-7.56826,0.0239685,-0.0508664,0.000266316,0.0,0.0,0.0,0.0,-0.351562,-3.28785,-0.011055,-1.67057,extended
8.67639,134,-5.384,-0.143701,-7.29044,0.0671117,-0.0444748,-0.0284958,0.0,0.0,0.0,0.0,-0.703125,-3.15556,-0.0223262,-1.70327,seated
8.73646,135,-8.22929,-0.593965,-7.51078,0.0561927,0.0910801,-0.181361,0.0,0.0,0.0,0.0,-0.703125,0.0,-0.0223262,-1.70327,seated
8.7965,136,-7.17548,-0.143701,-8.26761,0.0607201,1.36647,-0.0655138,0.0,0.0,0.0,0.0,-1.05469,-5.85631,-0.0334883,-1.70311,seated
8.85656,137,-5.30736,-0.708926,-8.49753,0.010919,2.46555,-0.0804275,0.0,0.0,0.0,0.0,-1.05469,0.0,-0.0334883,-1.70311,seated
8.91663,138,-1.38911,-0.220342,-7.57784,-0.00106526,2.94599,-0.0553938,0.0,0.0,0.0,0.0,-1.23047,-2.9264,-0.0390689,-1.70301,seated
8.9767,139,3.76497,-0.402363,-9.84832,-0.0364853,1.98006,0.169111,0.0,0.0,0.0,0.0,-1.23047,0.0,-0.0390689,-1.70301,seated
9.03677,140,1.37953,-0.287402,-9.78126,0.0482032,-0.548345,0.303867,0.0,0.0,0.0,0.0,-0.703125,8.77906,-0.0223262,-1.70327,seated
9.09684,141,-2.46208,0.316143,-9.53218,0.00426106,-0.104929,0.168844,0.0,0.0,0.0,0.0,-0.878906,-2.92626,-0.0279074,-1.7032,seated
9.15691,142,-1.41785,-0.383203,-9.56092,0.00426106,0.532366,-0.124103,0.0,0.0,0.0,0.0,-0.878906,0.0,-0.0279074,-1.7032,seated
9.21698,143,-0.574805,-0.536484,-8.81367,0.0652474,-0.167247,-0.113184,0.0,0.0,0.0,0.0,-0.878906,0.0,-0.0279074,-1.7032,seated
9.27705,144,-1.53281,-0.574805,-9.20646,0.0679106,0.0740359,-0.12943,0.0,0.0,0.0,0.0,-0.878906,0.0,-0.0279074,-1.7032,seated
9.33712,145,-1.23583,-0.555645,-9.74294,0.0255663,0.0359527,-0.0567253,0.0,0.0,0.0,0.0,-0.703125,2.92632,-0.0223262,-1.70327,seated
9.39719,146,-1.45617,-0.296982,-9.12982,0.00958738,0.0245011,0.0444748,0.0,0.0,0.0,0.0,-0.527344,2.92627,-0.0167449,-1.70333,seated
9.45726,147,-1.26457,-0.488584,-9.4268,0.0245011,0.0695085,0.104396,0.0,0.0,0.0,0.0,-0.175781,5.85285,-0.00558169,-1.70339,seated
9.51733,148,-1.51365,-0.565225,-9.84832,0.0130495,0.0647148,0.0982706,0.0,0.0,0.0,0.0,0.0,2.92624,0.0,-1.7034,seated
9.5774,149,-1.13045,-0.479004,-9.18729,0.0253,0.0681769,0.0375506,0.0,0.0,0.0,0.0,0.175781,2.92624,0.00558169,-1.70339,seated
9.71253,150,-1.41785,-0.488584,-9.49386,0.0274306,0.0596548,-0.0343548,0.0,0.0,0.0,0.0,0.527344,2.60174,0.0165824,-1.67053,extended
9.77259,151,0.910107,-0.0766406,-12.2529,-0.0942759,-0.234624,0.251935,0.0,0.0,0.0,0.0,0.878906,5.85317,0.0276366,-1.6704,extended
9.83266,152,-0.517324,-0.728086,-10.174,0.188285,-1.51907,0.117445,0.0,0.0,0.0,0.0,0.878906,0.0,0.0276366,-1.6704,extended
9.89273,153,-2.04056,0.0574805,-8.78493,0.0234358,-2.82615,0.0266316,0.0,0.0,0.0,0.0,1.23047,5.85243,0.0386899,-1.67021,extended
9.9528,154,-2.3567,-0.421523,-7.48204,0.0292948,-2.64052,0.00745685,0.0,0.0,0.0,0.0,1.23047,0.0,0.0386899,-1.67021,extended
10.0129,155,-10.1932,-0.651445,-7.75028,0.0625843,-0.852212,-0.110521,0.0,0.0,0.0,0.0,1.40625,2.92597,0.0442159,-1.6701,extended
10.0729,156,-7.43414,-0.440684,-7.17548,0.0817591,0.144343,-0.115315,0.0,0.0,0.0,0.0,1.23047,-2.92634,0.0386899,-1.67021,extended
10.133,157,-4.8092,0.134121,-7.13716,0.104662,0.329433,-0.0511327,0.0,0.0,0.0,0.0,1.40625,2.92626,0.0442159,-1.6701,extended
10.1931,158,-6.24621,-0.335303,-8.20055,0.0450074,-0.220776,-0.0167779,0.0,0.0,0.0,0.0,1.40625,0.0,0.0442159,-1.6701,extended
10.2532,159,-5.45106,-0.316143,-6.96472,0.0205063,0.139816,0.0468716,0.0,0.0,0.0,0.0,1.40625,0.0,0.0442159,-1.6701,extended
10.3132,160,-6.11209,-0.392783,-7.39582,-0.0253,-0.0695085,0.0886833,0.0,0.0,0.0,0.0,1.58203,2.92626,0.0497416,-1.66996,extended
10.3733,161,-6.00671,-0.421523,-7.94188,-0.0474043,0.0535295,0.0660464,0.0,0.0,0.0,0.0,1.58203,0.0,0.0497416,-1.66996,extended
10.4334,162,-5.3361,-0.364043,-7.20422,-0.000798948,-0.0292948,0.0447411,0.0,0.0,0.0,0.0,1.58203,0.0,0.0497416,-1.66996,extended
10.4934,163,-6.41865,-0.402363,-7.52036,0.0146474,-0.0444748,0.0,0.0,0.0,0.0,0.0,1.40625,-2.92635,0.0442159,-1.6701,extended
10.5535,164,-5.70973,-0.191602,-7.57784,0.056459,-0.0375506,-0.0359527,0.0,0.0,0.0,0.0,1.23047,-2.92641,0.0386899,-1.67021,extended
10.6136,165,-5.83427,-0.0958008,-7.39582,0.0743022,-0.0375506,-0.0426106,0.0,0.0,0.0,0.0,1.05469,-2.92607,0.0331634,-1.67032,extended
10.6736,166,-6.04503,-0.00958008,-7.48204,0.0506001,-0.0545948,-0.0154463,0.0,0.0,0.0,0.0,0.703125,-5.85243,0.0221096,-1.67047,extended
