2.00272e-05,0,-0.814307,-0.239502,-9.84832,0.00319579,0.0223706,0.0218379,0.0,0.0,0.0,0.0,0.175781,0.0,0.00558169,-1.70339,seated
0.116623,1,-0.526904,-0.210762,-10.1549,-0.0178432,-0.00426106,0.0713727,0.0,0.0,0.0,0.0,0.0,-1.50752,0.0,-1.6706,extended
0.216722,2,1.15919,-1.19751,-9.38848,-0.067378,-0.162453,-0.0503337,0.0,0.0,0.0,0.0,0.351562,3.51215,0.011055,-1.67057,extended
0.316815,3,-2.53872,0.258662,-7.73112,-0.0910801,-2.92442,-0.0340885,0.0,0.0,0.0,0.0,0.527344,1.75618,0.0165824,-1.67053,extended
0.41691,4,-11.1704,0.775986,-10.8063,-0.00452737,-1.58378,-0.0125169,0.0,0.0,0.0,0.0,0.527344,0.0,0.0165824,-1.67053,extended
0.516999,5,-6.37075,0.105381,-8.37299,-0.0205063,0.0687096,-0.046339,0.0,0.0,0.0,0.0,0.175781,-3.5125,0.00552754,-1.67059,extended
0.61709,6,-1.08255,-0.766406,-7.0222,-0.0399474,0.262321,0.180296,0.0,0.0,0.0,0.0,0.351562,1.75621,0.011055,-1.67057,extended
0.717184,7,-8.20055,-0.536484,-8.01853,-0.0258327,0.0183758,0.047138,0.0,0.0,0.0,0.0,0.175781,-1.75616,0.00552754,-1.67059,extended
0.817282,8,-4.10985,0.0479004,-7.99937,-0.0138484,0.015979,0.0332895,0.0,0.0,0.0,0.0,0.175781,0.0,0.00552754,-1.67059,extended
0.917377,9,-4.8092,-0.296982,-7.71196,0.0119842,0.0988033,-0.0106526,0.0,0.0,0.0,0.0,0.175781,0.0,0.00552754,-1.67059,extended
1.01747,10,-4.94332,0.0,-7.90356,0.0532632,-0.00133158,-0.0015979,0.0,0.0,0.0,0.0,0.0,-1.75613,0.0,-1.6706,extended
1.11756,11,-4.9529,-0.249082,-7.99937,0.00719053,0.0583232,0.0237021,0.0,0.0,0.0,0.0,0.0,0.0,0.0,-1.6706,extended
1.21765,12,-5.45106,-0.210762,-8.18139,-0.026099,0.0612527,0.0316916,0.0,0.0,0.0,0.0,0.0,0.0,0.0,-1.6706,extended
1.31775,13,-5.20198,-0.220342,-7.94188,-0.0154463,0.00239685,0.0162453,0.0,0.0,0.0,0.0,0.0,0.0,0.0,-1.6706,extended
1.42798,14,-5.20198,-0.210762,-8.14307,0.0157127,0.00692422,-0.0194411,0.0,0.0,0.0,0.0,0.0,0.0,0.0,-1.7034,seated
1.52801,15,-8.23887,-0.182021,-8.74661,0.0199737,0.552073,-0.00239685,0.0,0.0,0.0,0.0,-0.175781,-1.75722,-0.00558169,-1.70339,seated
1.62809,16,-5.50854,-0.804727,-8.85199,-0.000532632,2.6565,-0.137419,0.0,0.0,0.0,0.0,-0.527344,-3.51289,-0.0167449,-1.70333,seated
1.72817,17,5.75763,0.402363,-11.7643,-0.0117179,2.35663,0.0711064,0.0,0.0,0.0,0.0,-0.527344,0.0,-0.0167449,-1.70333,seated
1.82827,18,-2.37586,-0.0191602,-11.0842,0.0359527,-0.566188,0.20746,0.0,0.0,0.0,0.0,0.175781,7.02429,0.00558169,-1.70339,seated
1.92836,19,-1.55197,-0.421523,-9.77168,-0.0447411,0.698281,-0.0551274,0.0,0.0,0.0,0.0,0.0,-1.7562,0.0,-1.7034,seated
2.02846,20,-0.325723,-0.354463,-9.35016,0.0508664,-0.16192,-0.0551274,0.0,0.0,0.0,0.0,0.0,0.0,0.0,-1.7034,seated
2.12855,21,-1.74357,-0.0670606,-9.70462,0.0098537,0.127832,0.0266316,0.0,0.0,0.0,0.0,0.175781,1.75615,0.00558169,-1.70339,seated
2.22865,22,-0.603545,-0.459844,-10.0687,-0.0348874,0.0516653,0.0798948,0.0,0.0,0.0,0.0,0.351562,1.75616,0.0111633,-1.70337,seated
2.32874,23,-0.795147,-0.411943,-10.0112,0.000798948,0.0487358,0.00798948,0.0,0.0,0.0,0.0,0.351562,0.0,0.0111633,-1.70337,seated
2.42883,24,-1.03465,-0.383203,-10.1261,-0.00372843,0.0460727,-0.0314253,0.0,0.0,0.0,0.0,0.351562,0.0,0.0111633,-1.70337,seated
2.52892,25,-0.862207,-0.239502,-9.91538,0.00239685,0.0276969,0.0287621,0.0,0.0,0.0,0.0,0.527344,1.7562,0.0167449,-1.70333,seated
2.62901,26,-0.823887,-0.316143,-9.8579,0.00719053,0.0367516,0.0609864,0.0,0.0,0.0,0.0,0.527344,0.0,0.0167449,-1.70333,seated
2.74097,27,-0.737666,-0.287402,-9.65672,0.00878843,0.0378169,0.0162453,0.0,0.0,0.0,0.0,0.527344,0.0,0.0165824,-1.67053,extended
2.84106,28,1.99266,-0.651445,-10.0495,0.066579,-0.759267,-0.0740359,0.0,0.0,0.0,0.0,0.703125,1.75613,0.0221096,-1.67047,extended
2.94114,29,-4.426,-0.354463,-9.01485,-0.0697748,-2.84825,0.0782969,0.0,0.0,0.0,0.0,0.878906,1.75644,0.0276366,-1.6704,extended
3.04123,30,-7.9323,-0.0958008,-8.36341,-0.0583232,-1.67326,0.0378169,0.0,0.0,0.0,0.0,0.878906,0.0,0.0276366,-1.6704,extended
3.14132,31,-6.64857,0.124541,-7.98979,-0.0215716,-0.0343548,-0.0729706,0.0,0.0,0.0,0.0,0.351562,-5.26864,0.011055,-1.67057,extended
3.24142,32,-3.39135,-0.239502,-7.71196,0.0679106,-0.140349,0.0697748,0.0,0.0,0.0,0.0,0.527344,1.75611,0.0165824,-1.67053,extended
3.34151,33,-8.01853,-0.411943,-8.48795,-0.0537959,0.201069,0.0740359,0.0,0.0,0.0,0.0,0.175781,-3.5123,0.00552754,-1.67059,extended
3.44161,34,-4.50264,-0.210762,-8.17181,-0.0447411,-0.145941,0.041279,0.0,0.0,0.0,0.0,0.175781,0.0,0.00552754,-1.67059,extended
3.5417,35,-4.64634,-0.143701,-7.52036,-0.00372843,0.0897485,-0.00506001,0.0,0.0,0.0,0.0,0.0,-1.75616,0.0,-1.6706,extended
3.64179,36,-4.86668,-0.0862207,-7.63532,0.0383495,-0.03542,-0.015979,0.0,0.0,0.0,0.0,-0.175781,-1.75621,-0.00552754,-1.67059,extended
3.74189,37,-4.905,-0.0958008,-8.01853,0.0253,0.0527306,0.0138484,0.0,0.0,0.0,0.0,-0.175781,0.0,-0.00552754,-1.67059,extended
3.84198,38,-5.4798,-0.124541,-8.41131,-0.0157127,0.0444748,0.0242348,0.0,0.0,0.0,0.0,-0.351562,-1.75609,-0.011055,-1.67057,extended
3.942,39,-5.55645,-0.210762,-8.32509,-0.0229032,-0.0229032,0.0292948,0.0,0.0,0.0,0.0,-0.351562,0.0,-0.011055,-1.67057,extended
4.05673,40,-5.1445,-0.210762,-8.00895,-0.000798948,-0.0242348,-0.00266316,0.0,0.0,0.0,0.0,-0.351562,0.0,-0.0111633,-1.70337,seated
4.15683,41,-7.0701,-0.114961,-7.76944,0.021039,0.537692,-0.145142,0.0,0.0,0.0,0.0,-0.527344,-1.75613,-0.0167449,-1.70333,seated
4.25693,42,-4.99122,-0.229922,-9.2831,0.0282295,2.68819,0.0231695,0.0,0.0,0.0,0.0,-0.703125,-1.75609,-0.0223262,-1.70327,seated
4.35702,43,1.51365,-0.0862207,-10.8159,0.015979,2.41975,0.175769,0.0,0.0,0.0,0.0,-0.703125,0.0,-0.0223262,-1.70327,seated
4.45711,44,-2.71116,-0.421523,-10.404,0.0388822,-0.444215,0.157393,0.0,0.0,0.0,0.0,-0.175781,5.26869,-0.00558169,-1.70339,seated
4.5572,45,-1.64777,0.0479004,-10.1549,-0.00106526,0.62531,-0.0194411,0.0,0.0,0.0,0.0,-0.175781,0.0,-0.00558169,-1.70339,seated
4.65729,46,0.0,-0.517324,-9.87706,-0.00133158,-0.0740359,-0.0146474,0.0,0.0,0.0,0.0,0.0,1.75627,0.0,-1.7034,seated
4.75736,47,-1.23583,-0.0766406,-10.1836,0.000266316,0.13955,0.0295611,0.0,0.0,0.0,0.0,0.175781,1.75662,0.00558169,-1.70339,seated
4.85745,48,-0.670605,-0.603545,-10.2028,-0.03036,0.0708401,0.0508664,0.0,0.0,0.0,0.0,0.351562,1.75621,0.0111633,-1.70337,seated
4.95754,49,-0.948428,-0.210762,-10.1932,-0.00372843,0.0737696,0.00213053,0.0,0.0,0.0,0.0,0.527344,1.75625,0.0167449,-1.70333,seated
5.05763,50,-0.881367,-0.450264,-9.9537,-0.0066579,0.0537959,-0.00452737,0.0,0.0,0.0,0.0,0.703125,1.75616,0.0223262,-1.70327,seated
5.15773,51,-0.804727,-0.296982,-10.0591,0.00692422,0.0418116,0.0332895,0.0,0.0,0.0,0.0,0.878906,1.75613,0.0279074,-1.7032,seated
5.25782,52,-0.843047,-0.335303,-9.9537,0.00452737,0.0447411,0.0364853,0.0,0.0,0.0,0.0,0.878906,0.0,0.0279074,-1.7032,seated
5.37247,53,-0.747246,-0.210762,-9.69504,0.00852212,0.0319579,0.00692422,0.0,0.0,0.0,0.0,0.878906,0.0,0.0276366,-1.6704,extended
5.47258,54,2.34712,-0.910107,-9.04359,0.0274306,-0.777909,-0.0681769,0.0,0.0,0.0,0.0,1.05469,1.75585,0.0331634,-1.67032,extended
5.57266,55,-2.9794,-0.680186,-8.14307,-0.0798948,-2.76782,0.0439422,0.0,0.0,0.0,0.0,1.23047,1.75635,0.0386899,-1.67021,extended
5.67276,56,-9.81958,-0.670605,-7.79818,0.00532632,-2.01841,0.0130495,0.0,0.0,0.0,0.0,1.05469,-1.75613,0.0331634,-1.67032,extended
5.77285,57,-6.10251,0.708926,-9.331,0.0066579,0.00213053,-0.0868191,0.0,0.0,0.0,0.0,0.527344,-5.26833,0.0165824,-1.67053,extended
5.87295,58,-3.60211,0.344883,-6.90724,0.0253,-0.266316,0.0849548,0.0,0.0,0.0,0.0,0.703125,1.75616,0.0221096,-1.67047,extended
5.97301,59,-7.04136,-0.555645,-8.35383,-0.0199737,0.206129,0.0436758,0.0,0.0,0.0,0.0,0.351562,-3.51359,0.011055,-1.67057,extended
6.0731,60,-4.13859,-0.258662,-8.19097,-0.0551274,-0.0138484,0.0447411,0.0,0.0,0.0,0.0,0.175781,-1.75622,0.00552754,-1.67059,extended
6.17319,61,-5.42232,-0.316143,-7.42456,0.0189084,0.0482032,-0.00852212,0.0,0.0,0.0,0.0,-0.175781,-3.51247,-0.00552754,-1.67059,extended
6.27328,62,-4.7613,-0.191602,-7.58742,0.0474043,-0.051399,-0.00958738,0.0,0.0,0.0,0.0,-0.351562,-1.75618,-0.011055,-1.67057,extended
6.37337,63,-5.22114,-0.143701,-8.00895,0.0146474,0.0399474,0.0263653,0.0,0.0,0.0,0.0,-0.527344,-1.75616,-0.0165824,-1.67053,extended
6.47347,64,-5.56603,-0.105381,-8.46879,-0.0221042,0.0178432,0.0436758,0.0,0.0,0.0,0.0,-0.703125,-1.75616,-0.0221096,-1.67047,extended
6.57357,65,-5.16366,-0.172441,-8.42089,-0.0300937,-0.0146474,0.0274306,0.0,0.0,0.0,0.0,-0.703125,0.0,-0.0221096,-1.67047,extended
6.70921,66,-5.48939,-0.277822,-8.33467,0.0133158,-0.0189084,-0.0125169,0.0,0.0,0.0,0.0,-0.703125,0.0,-0.0223262,-1.70327,seated
6.80931,67,-8.85199,-0.0670606,-7.81734,-0.0114516,0.612793,-0.154463,0.0,0.0,0.0,0.0,-0.878906,-1.75609,-0.0279074,-1.7032,seated
6.90941,68,-4.50264,0.239502,-7.97063,0.0529969,2.77608,0.0292948,0.0,0.0,0.0,0.0,-1.05469,-1.75612,-0.0334883,-1.70311,seated
7.0095,69,3.65959,-0.0574805,-10.2507,-0.00479369,2.179,0.178165,0.0,0.0,0.0,0.0,-0.878906,1.75613,-0.0279074,-1.7032,seated
7.1096,70,-1.8777,0.162861,-11.6398,0.0346211,-0.421845,0.0878843,0.0,0.0,0.0,0.0,-0.351562,5.26834,-0.0111633,-1.70337,seated
7.20969,71,-2.12678,0.162861,-10.5189,-0.00372843,0.65567,-0.0316916,0.0,0.0,0.0,0.0,-0.175781,1.75629,-0.00558169,-1.70339,seated
7.30978,72,0.201182,-0.536484,-9.63756,0.0223706,-0.116913,-0.0343548,0.0,0.0,0.0,0.0,0.0,1.75621,0.0,-1.7034,seated
7.40987,73,-1.31247,0.0,-10.1357,-0.00106526,0.145142,0.0295611,0.0,0.0,0.0,0.0,0.175781,1.75616,0.00558169,-1.70339,seated
7.50996,74,-0.622705,-0.546064,-10.1932,-0.0271642,0.0780306,0.0537959,0.0,0.0,0.0,0.0,0.703125,5.26869,0.0223262,-1.70327,seated
7.61,75,-0.843047,-0.220342,-10.107,0.0154463,0.0905475,0.00559264,0.0,0.0,0.0,0.0,0.878906,1.75711,0.0279074,-1.7032,seated
7.71009,76,-0.919688,-0.402363,-9.93454,-0.00372843,0.0612527,-0.0130495,0.0,0.0,0.0,0.0,1.05469,1.75626,0.0334883,-1.70311,seated
7.81019,77,-0.823887,-0.201182,-9.65672,0.00532632,0.0450074,0.0418116,0.0,0.0,0.0,0.0,1.23047,1.75611,0.0390689,-1.70301,seated
7.91028,78,-0.728086,-0.373623,-9.87706,0.0,0.0484695,0.0407464,0.0,0.0,0.0,0.0,1.23047,0.0,0.0390689,-1.70301,seated
8.02398,79,-0.661025,-0.239502,-9.84832,-0.00932106,0.0130495,0.0138484,0.0,0.0,0.0,0.0,1.23047,0.0,0.0386899,-1.67021,extended
8.12407,80,0.986748,-0.0862207,-9.70462,0.0388822,-0.537959,-0.067378,0.0,0.0,0.0,0.0,1.40625,1.75625,0.0442159,-1.6701,extended
8.22415,81,-5.39358,-0.325723,-9.5705,-0.112385,-2.83733,-0.0167779,0.0,0.0,0.0,0.0,1.58203,1.75631,0.0497416,-1.66996,extended
8.32425,82,-7.3575,-0.603545,-8.09517,0.00932106,-1.56008,0.047138,0.0,0.0,0.0,0.0,1.40625,-1.75615,0.0442159,-1.6701,extended
8.42434,83,-6.47613,0.354463,-9.12023,0.0380832,0.0364853,-0.0873517,0.0,0.0,0.0,0.0,0.703125,-7.02459,0.0221096,-1.67047,extended
8.52443,84,-3.46799,0.229922,-7.01262,0.0426106,-0.348874,0.0881506,0.0,0.0,0.0,0.0,0.703125,0.0,0.0221096,-1.67047,extended
8.62452,85,-5.79595,-0.0862207,-8.35383,-0.0490022,0.238353,0.0668453,0.0,0.0,0.0,0.0,0.175781,-5.26869,0.00552754,-1.67059,extended
8.72462,86,-5.384,-0.488584,-8.50711,-0.0327569,-0.229564,0.0628506,0.0,0.0,0.0,0.0,0.175781,0.0,0.00552754,-1.67059,extended
8.82472,87,-4.67508,-0.229922,-8.02811,0.00719053,0.0620517,-0.0119842,0.0,0.0,0.0,0.0,-0.351562,-5.26817,-0.011055,-1.67057,extended
8.92482,88,-4.86668,-0.0191602,-7.8365,0.0484695,-0.0729706,-0.02024,0.0,0.0,0.0,0.0,-0.703125,-3.51216,-0.0221096,-1.67047,extended
9.02491,89,-4.88584,-0.0670606,-8.01853,0.0314253,-0.00372843,0.0258327,0.0,0.0,0.0,0.0,-0.878906,-1.75609,-0.0276366,-1.6704,extended
9.125,90,-5.44148,-0.0958008,-8.40173,-0.0223706,0.0484695,0.0503337,0.0,0.0,0.0,0.0,-1.05469,-1.75633,-0.0331634,-1.67032,extended
9.22509,91,-5.17324,-0.182021,-8.35383,-0.0242348,-0.0125169,0.0340885,0.0,0.0,0.0,0.0,-1.05469,0.0,-0.0331634,-1.67032,extended
9.3393,92,-5.12534,-0.201182,-8.38257,0.00479369,-0.0189084,-0.0181095,0.0,0.0,0.0,0.0,-1.05469,0.0,-0.0334883,-1.70311,seated
9.43939,93,-7.55868,-0.134121,-8.37299,0.00506001,0.391485,-0.097738,0.0,0.0,0.0,0.0,-1.23047,-1.75622,-0.0390689,-1.70301,seated
9.53948,94,-6.13125,0.0191602,-9.93454,-0.00559264,2.50417,-0.11931,0.0,0.0,0.0,0.0,-1.40625,-1.75613,-0.0446491,-1.70289,seated
9.63958,95,5.03912,0.0574805,-9.29268,0.0418116,2.59152,0.186155,0.0,0.0,0.0,0.0,-1.23047,1.75609,-0.0390689,-1.70301,seated
9.73968,96,-1.58071,-0.402363,-10.0974,0.0764327,-0.255397,0.0993359,0.0,0.0,0.0,0.0,-0.351562,8.78068,-0.0111633,-1.70337,seated
9.83977,97,-1.28373,0.201182,-9.9537,0.010919,0.613859,-0.071639,0.0,0.0,0.0,0.0,-0.351562,0.0,-0.0111633,-1.70337,seated
9.93987,98,0.421523,-0.210762,-9.56092,0.010919,0.0436758,-0.0231695,0.0,0.0,0.0,0.0,0.175781,5.26839,0.00558169,-1.70339,seated
10.04,99,-1.78189,0.0,-9.84832,0.0,0.184024,0.0591222,0.0,0.0,0.0,0.0,0.527344,3.51218,0.0167449,-1.70333,seated
10.1401,100,-0.536484,-0.249082,-10.0878,-0.0380832,0.12437,0.0423443,0.0,0.0,0.0,0.0,0.878906,3.51214,0.0279074,-1.7032,seated
10.2402,101,-0.900527,-0.344883,-9.96328,0.00319579,0.102532,-0.0135821,0.0,0.0,0.0,0.0,1.23047,3.51254,0.0390689,-1.70301,seated
10.3402,102,-1.04423,-0.431104,-10.1549,-0.010919,0.071639,-0.00878843,0.0,0.0,0.0,0.0,1.40625,1.75619,0.0446491,-1.70289,seated
10.4403,103,-0.823887,-0.268242,-10.0495,0.00372843,0.0527306,0.0396811,0.0,0.0,0.0,0.0,1.58203,1.75613,0.0502289,-1.70275,seated
10.5404,104,-0.804727,-0.383203,-9.89622,-0.00426106,0.0506001,0.0276969,0.0,0.0,0.0,0.0,1.58203,0.0,0.0502289,-1.70275,seated
10.656,105,-0.584385,-0.249082,-9.75252,0.00559264,0.0253,0.00452737,0.0,0.0,0.0,0.0,1.58203,0.0,0.0497416,-1.66996,extended
10.7561,106,1.76273,-0.431104,-9.62798,-0.00852212,-0.334493,0.0175769,0.0,0.0,0.0,0.0,1.75781,1.75614,0.0552668,-1.66981,extended
10.8562,107,-3.32429,0.344883,-8.66997,-0.111853,-2.95584,-0.0348874,0.0,0.0,0.0,0.0,1.75781,0.0,0.0552668,-1.66981,extended
10.9563,108,-8.32509,-0.344883,-8.87115,-0.0442085,-1.59097,0.00346211,0.0,0.0,0.0,0.0,1.58203,-1.75608,0.0497416,-1.66996,extended
11.0563,109,-5.01996,0.373623,-7.82692,-0.0205063,-0.0945422,-0.116646,0.0,0.0,0.0,0.0,0.878906,-7.02471,0.0276366,-1.6704,extended
11.1564,110,-4.11943,-0.249082,-7.4054,0.0553938,-0.165649,0.0751011,0.0,0.0,0.0,0.0,0.703125,-1.75624,0.0221096,-1.67047,extended
11.2565,111,-7.2138,-0.411943,-8.42089,-0.0604538,0.125435,0.0292948,0.0,0.0,0.0,0.0,0.175781,-5.26848,0.00552754,-1.67059,extended
11.3566,112,-4.35894,-0.344883,-8.19097,-0.047138,-0.154197,0.0612527,0.0,0.0,0.0,0.0,-0.175781,-3.5122,-0.00552754,-1.67059,extended
11.4567,113,-4.57928,-0.105381,-7.57784,0.0098537,0.0258327,0.000798948,0.0,0.0,0.0,0.0,-0.527344,-3.5123,-0.0165824,-1.67053,extended
11.5568,114,-5.0966,-0.0670606,-7.72154,0.0410127,-0.0695085,-0.0127832,0.0,0.0,0.0,0.0,-1.05469,-5.26838,-0.0331634,-1.67032,extended
11.6569,115,-4.905,-0.0383203,-7.98021,0.0167779,0.0130495,0.0197074,0.0,0.0,0.0,0.0,-1.23047,-1.75614,-0.0386899,-1.67021,extended
11.757,116,-5.56603,-0.134121,-8.36341,-0.0284958,0.0266316,0.0420779,0.0,0.0,0.0,0.0,-1.40625,-1.75635,-0.0442159,-1.6701,extended
11.8571,117,-5.31694,-0.162861,-8.11433,-0.0274306,-0.0154463,0.0327569,0.0,0.0,0.0,0.0,-1.58203,-1.75618,-0.0497416,-1.66996,extended
11.988,118,-5.89175,-0.440684,-7.77902,0.051399,0.112385,-0.0561927,0.0,0.0,0.0,0.0,-1.23047,2.68534,-0.0390689,-1.70301,seated
12.0881,119,-7.75986,0.162861,-7.55868,-0.00319579,1.15954,0.02024,0.0,0.0,0.0,0.0,-1.58203,-3.51258,-0.0502289,-1.70275,seated
12.1882,120,-4.41642,-0.143701,-9.13939,0.0428769,2.94945,0.00559264,0.0,0.0,0.0,0.0,-1.58203,0.0,-0.0502289,-1.70275,seated
12.2883,121,5.44148,-0.316143,-9.39806,-0.0474043,0.0117179,0.136088,0.0,0.0,0.0,0.0,-0.878906,7.02484,-0.0279074,-1.7032,seated
12.3883,122,-1.36995,-0.105381,-10.3561,0.00106526,-0.562193,0.198672,0.0,0.0,0.0,0.0,-0.351562,5.27,-0.0111633,-1.70337,seated
12.4884,123,-1.34121,-0.440684,-10.2411,-0.0348874,0.735565,-0.0980043,0.0,0.0,0.0,0.0,-0.175781,1.75616,-0.00558169,-1.70339,seated
12.5885,124,-0.890947,0.0958008,-10.0208,0.0537959,-0.165649,-0.0375506,0.0,0.0,0.0,0.0,0.175781,3.51235,0.00558169,-1.70339,seated
12.6886,125,-1.34121,-0.287402,-9.70462,0.000798948,0.135555,0.047138,0.0,0.0,0.0,0.0,0.703125,5.26847,0.0223262,-1.70327,seated
12.7887,126,-0.517324,-0.584385,-10.0112,-0.00452737,0.0609864,0.0801611,0.0,0.0,0.0,0.0,1.23047,5.26819,0.0390689,-1.70301,seated
12.8888,127,-0.862207,-0.220342,-9.92496,0.00932106,0.102532,0.00905475,0.0,0.0,0.0,0.0,1.58203,3.51243,0.0502289,-1.70275,seated
12.9889,128,-0.919688,-0.479004,-10.0399,0.0181095,0.0862864,-0.0271642,0.0,0.0,0.0,0.0,1.75781,1.75611,0.0558082,-1.7026,seated
13.089,129,-0.833467,-0.220342,-9.6184,-0.00239685,0.0548611,0.0482032,0.0,0.0,0.0,0.0,1.93359,1.75619,0.061387,-1.70243,seated
13.1891,130,-0.708926,-0.277822,-9.60882,0.00745685,0.0503337,0.0596548,0.0,0.0,0.0,0.0,2.10938,1.75624,0.0669652,-1.70225,seated
13.3222,131,-0.287402,-0.114961,-10.4231,-0.0245011,-0.0529969,0.0276969,0.0,0.0,0.0,0.0,1.75781,-2.6408,0.0552668,-1.66981,extended
13.4223,132,1.93518,0.0862207,-9.88664,0.0324906,-0.778708,-0.0751011,0.0,0.0,0.0,0.0,1.93359,1.756,0.0607915,-1.66965,extended
13.5224,133,-4.00447,-0.680186,-6.62941,-0.107059,-2.78247,0.00106526,0.0,0.0,0.0,0.0,1.93359,0.0,0.0607915,-1.66965,extended
13.6225,134,-5.90133,0.134121,-8.03769,0.00266316,-1.48924,0.0495348,0.0,0.0,0.0,0.0,1.58203,-3.51193,0.0497416,-1.66996,extended
13.7226,135,-9.51302,0.0766406,-9.54176,0.0436758,0.240483,-0.0950749,0.0,0.0,0.0,0.0,0.527344,-10.5368,0.0165824,-1.67053,extended
13.8227,136,-3.56379,0.411943,-7.23296,0.000266316,-0.496147,0.0460727,0.0,0.0,0.0,0.0,0.527344,0.0,0.0165824,-1.67053,extended
13.9228,137,-5.83427,-0.191602,-8.19097,-0.00319579,0.223439,0.0841559,0.0,0.0,0.0,0.0,-0.175781,-7.02426,-0.00552754,-1.67059,extended
14.0229,138,-5.30736,-0.402363,-8.28677,-0.00133158,-0.252734,0.0596548,0.0,0.0,0.0,0.0,-0.527344,-3.51186,-0.0165824,-1.67053,extended
14.123,139,-4.60802,-0.411943,-8.50711,0.0189084,-0.0609864,0.015979,0.0,0.0,0.0,0.0,-1.23047,-7.02571,-0.0386899,-1.67021,extended
14.2231,140,-5.4798,0.0766406,-7.85566,0.0266316,-0.0916127,-0.0439422,0.0,0.0,0.0,0.0,-1.58203,-3.51333,-0.0497416,-1.66996,extended
14.3232,141,-4.68466,0.0,-8.01853,0.0253,-0.0292948,0.0119842,0.0,0.0,0.0,0.0,-1.75781,-1.75632,-0.0552668,-1.66981,extended
14.4232,142,-4.96248,-0.143701,-8.11433,-0.0138484,0.0567253,0.051399,0.0,0.0,0.0,0.0,-1.93359,-1.75636,-0.0607915,-1.66965,extended
14.5233,143,-5.76721,-0.239502,-8.51669,-0.0199737,0.0181095,0.0276969,0.0,0.0,0.0,0.0,-1.93359,0.0,-0.0607915,-1.66965,extended
14.6362,144,-5.1445,-0.220342,-8.44005,-0.00772317,0.0242348,-0.0098537,0.0,0.0,0.0,0.0,-1.75781,1.55719,-0.0558082,-1.7026,seated
14.7363,145,-7.52994,-0.584385,-8.44005,0.0617853,0.375506,-0.128631,0.0,0.0,0.0,0.0,-1.58203,1.75603,-0.0502289,-1.70275,seated
14.8364,146,-4.9529,-0.574805,-8.88073,0.0319579,2.43573,-0.0239685,0.0,0.0,0.0,0.0,-1.58203,0.0,-0.0502289,-1.70275,seated
14.9365,147,0.191602,0.0670606,-7.5491,-0.0402137,1.76248,0.226102,0.0,0.0,0.0,0.0,-1.23047,3.5122,-0.0390689,-1.70301,seated
15.0366,148,-1.68609,-0.105381,-9.12982,0.0375506,-0.412257,0.137685,0.0,0.0,0.0,0.0,-0.351562,8.78162,-0.0111633,-1.70337,seated
15.1367,149,-2.24174,-0.258662,-10.0016,0.00745685,0.615723,-0.0569916,0.0,0.0,0.0,0.0,0.0,3.51214,0.0,-1.7034,seated
15.2368,150,-0.0383203,-0.316143,-10.1549,-0.00479369,-0.0556601,-0.0141148,0.0,0.0,0.0,0.0,0.527344,5.26839,0.0167449,-1.70333,seated
15.3369,151,-1.57113,-0.210762,-9.93454,-0.0234358,0.162453,0.0356864,0.0,0.0,0.0,0.0,1.05469,5.26869,0.0334883,-1.70311,seated
15.437,152,-0.488584,-0.546064,-10.0591,-0.0300937,0.0948085,0.0503337,0.0,0.0,0.0,0.0,1.58203,5.26874,0.0502289,-1.70275,seated
15.5371,153,-0.977168,-0.364043,-10.0878,0.015979,0.120109,-0.000798948,0.0,0.0,0.0,0.0,1.93359,3.51138,0.061387,-1.70243,seated
15.6372,154,-0.977168,-0.229922,-10.1932,-0.0111853,0.0860201,-0.0015979,0.0,0.0,0.0,0.0,2.10938,1.75631,0.0669652,-1.70225,seated
15.7373,155,-0.756826,-0.316143,-10.0016,-0.00692422,0.0418116,0.0495348,0.0,0.0,0.0,0.0,2.28516,1.75616,0.0725428,-1.70205,seated
15.8374,156,-0.804727,-0.335303,-9.7621,-0.00266316,0.0324906,0.0258327,0.0,0.0,0.0,0.0,2.28516,0.0,0.0725428,-1.70205,seated
15.9827,157,-0.507744,-0.0574805,-9.96328,-0.00958738,-0.118244,0.0617853,0.0,0.0,0.0,0.0,1.93359,-2.41834,0.0607915,-1.66965,extended
16.0828,158,2.00224,-0.0191602,-10.95,0.0338221,-0.844488,-0.041279,0.0,0.0,0.0,0.0,2.10938,1.75619,0.0663156,-1.66947,extended
16.1829,159,-4.16733,-0.364043,-8.81367,-0.0833569,-2.79765,-0.000798948,0.0,0.0,0.0,0.0,1.93359,-1.75618,0.0607915,-1.66965,extended
16.283,160,-9.03401,-0.0574805,-6.04503,0.00798948,-1.74331,-0.0199737,0.0,0.0,0.0,0.0,1.40625,-5.26979,0.0442159,-1.6701,extended
16.3831,161,-7.24254,0.172441,-8.49753,0.0468716,0.357396,-0.107592,0.0,0.0,0.0,0.0,0.175781,-12.2931,0.00552754,-1.67059,extended
16.4832,162,-3.66917,-0.354463,-7.46288,0.0346211,-0.646083,0.010919,0.0,0.0,0.0,0.0,0.175781,0.0,0.00552754,-1.67059,extended
16.5833,163,-7.43414,-0.162861,-8.31551,-0.066579,0.198672,0.098537,0.0,0.0,0.0,0.0,-0.527344,-7.02444,-0.0165824,-1.67053,extended
16.6834,164,-4.13859,-0.306563,-8.24845,-0.03542,-0.256729,0.0689759,0.0,0.0,0.0,0.0,-0.878906,-3.51214,-0.0276366,-1.6704,extended
16.7835,165,-5.01038,-0.517324,-7.94188,-0.0146474,0.041279,-0.0263653,0.0,0.0,0.0,0.0,-1.40625,-5.26808,-0.0442159,-1.6701,extended
16.8836,166,-4.92416,-0.0479004,-7.89398,0.0625843,-0.111586,-0.0495348,0.0,0.0,0.0,0.0,-1.93359,-5.26837,-0.0607915,-1.66965,extended
16.9837,167,-4.60802,0.0479004,-7.82692,0.0181095,-0.0495348,0.0197074,0.0,0.0,0.0,0.0,-2.10938,-1.75606,-0.0663156,-1.66947,extended
17.0838,168,-5.35526,-0.143701,-8.08559,-0.0263653,0.0575243,0.0639159,0.0,0.0,0.0,0.0,-2.10938,0.0,-0.0663156,-1.66947,extended
17.1839,169,-5.4798,-0.249082,-8.50711,-0.026099,0.0447411,0.0340885,0.0,0.0,0.0,0.0,-2.10938,0.0,-0.0663156,-1.66947,extended
17.2989,170,-5.50854,-0.249082,-8.46879,0.0125169,0.0237021,-0.0127832,0.0,0.0,0.0,0.0,-1.93359,1.52891,-0.061387,-1.70243,seated
17.399,171,-7.97063,-0.0191602,-8.24845,0.0170442,0.51905,-0.233826,0.0,0.0,0.0,0.0,-1.58203,3.51228,-0.0502289,-1.70275,seated
17.499,172,-5.3361,-0.0383203,-9.20646,0.0,2.57368,-0.082558,0.0,0.0,0.0,0.0,-1.58203,0.0,-0.0502289,-1.70275,seated
17.5991,173,0.0383203,-0.220342,-8.95737,0.0396811,1.35076,0.221841,0.0,0.0,0.0,0.0,-0.878906,7.02452,-0.0279074,-1.7032,seated
17.6992,174,-1.8298,-0.258662,-11.6973,0.0687096,-0.265517,0.183492,0.0,0.0,0.0,0.0,0.0,8.78239,0.0,-1.7034,seated
17.7993,175,-2.3567,0.124541,-10.3944,0.00692422,0.698015,-0.119576,0.0,0.0,0.0,0.0,0.351562,3.51225,0.0111633,-1.70337,seated
17.8994,176,-0.440684,-0.258662,-10.0687,-0.00292948,0.0700411,-0.0138484,0.0,0.0,0.0,0.0,0.878906,5.26862,0.0279074,-1.7032,seated
17.9995,177,-1.37953,0.0574805,-9.84832,-0.0098537,0.217847,0.0711064,0.0,0.0,0.0,0.0,1.58203,7.02406,0.0502289,-1.70275,seated
18.0996,178,-0.450264,-0.488584,-9.8579,-0.021039,0.128631,0.0543285,0.0,0.0,0.0,0.0,2.10938,5.26837,0.0669652,-1.70225,seated
18.1997,179,-0.871787,-0.249082,-10.0591,0.0066579,0.110521,-0.026099,0.0,0.0,0.0,0.0,2.28516,1.75584,0.0725428,-1.70205,seated
18.2998,180,-0.986748,-0.479004,-10.174,-0.01518,0.0679106,-0.00905475,0.0,0.0,0.0,0.0,2.46094,1.75605,0.0781197,-1.70183,seated
18.3999,181,-0.948428,-0.249082,-10.0399,0.000266316,0.0348874,0.0548611,0.0,0.0,0.0,0.0,2.63672,1.75597,0.0836959,-1.7016,seated
18.5,182,-0.862207,-0.383203,-9.93454,-0.00266316,0.0213053,0.0284958,0.0,0.0,0.0,0.0,2.63672,0.0,0.0836959,-1.7016,seated
18.6161,183,-0.718506,-0.172441,-9.77168,0.00319579,-0.0119842,-0.00559264,0.0,0.0,0.0,0.0,2.28516,-3.02644,0.0718391,-1.66927,extended
18.7162,184,2.13636,-0.373623,-9.70462,0.0173105,-0.583232,-0.051399,0.0,0.0,0.0,0.0,2.10938,-1.75594,0.0663156,-1.66947,extended
18.8164,185,-2.5004,-0.383203,-8.31551,-0.10413,-2.75238,0.0756338,0.0,0.0,0.0,0.0,1.93359,-1.75588,0.0607915,-1.66965,extended
18.9165,186,-9.31184,-1.10171,-8.81367,-0.00239685,-1.51454,-0.0878843,0.0,0.0,0.0,0.0,1.40625,-5.26842,0.0442159,-1.6701,extended
19.0166,187,-3.56379,-0.392783,-6.77312,0.0561927,-0.0410127,-0.158458,0.0,0.0,0.0,0.0,0.175781,-12.2921,0.00552754,-1.67059,extended
19.1166,188,-3.71707,0.229922,-7.70238,0.0865527,-0.396545,0.144077,0.0,0.0,0.0,0.0,0.0,-1.75621,0.0,-1.6706,extended
19.2168,189,-5.65225,-0.0958008,-8.34425,-0.0420779,0.15979,0.0633832,0.0,0.0,0.0,0.0,-0.878906,-8.77955,-0.0276366,-1.6704,extended
19.3169,190,-5.42232,-0.584385,-8.57417,-0.0567253,-0.259392,0.0881506,0.0,0.0,0.0,0.0,-1.23047,-3.51189,-0.0386899,-1.67021,extended
19.417,191,-4.68466,-0.249082,-7.63532,0.0,0.0111853,-0.000532632,0.0,0.0,0.0,0.0,-1.75781,-5.26792,-0.0552668,-1.66981,extended
19.517,192,-4.87626,-0.143701,-7.66406,0.0612527,-0.0849548,-0.0367516,0.0,0.0,0.0,0.0,-2.28516,-5.27141,-0.0718391,-1.66927,extended
19.6171,193,-4.905,-0.0383203,-8.00895,0.0263653,-0.00905475,0.0106526,0.0,0.0,0.0,0.0,-2.46094,-1.75611,-0.0773619,-1.66906,extended
19.7172,194,-5.44148,-0.0862207,-8.40173,-0.0332895,0.0588559,0.0604538,0.0,0.0,0.0,0.0,-2.63672,-1.75598,-0.0828839,-1.66883,extended
19.8173,195,-5.60435,-0.172441,-8.40173,-0.0399474,0.0173105,0.052198,0.0,0.0,0.0,0.0,-2.28516,3.51204,-0.0718391,-1.66927,extended
19.9309,196,-5.22114,-0.316143,-8.42089,0.00239685,0.0263653,-0.0335558,0.0,0.0,0.0,0.0,-1.93359,3.09551,-0.061387,-1.70243,seated
20.031,197,-6.84018,0.0,-7.39582,0.047138,0.844488,-0.0173105,0.0,0.0,0.0,0.0,-1.75781,1.75582,-0.0558082,-1.7026,seated
20.1311,198,-6.26537,-0.306563,-8.05685,0.0500674,2.94146,-0.128631,0.0,0.0,0.0,0.0,-1.75781,0.0,-0.0558082,-1.7026,seated
20.2312,199,2.95066,0.325723,-6.81144,0.0460727,1.81468,0.135555,0.0,0.0,0.0,0.0,-1.05469,7.02493,-0.0334883,-1.70311,seated
20.3313,200,-1.50407,0.134121,-9.4747,0.0213053,-0.497212,0.188818,0.0,0.0,0.0,0.0,0.175781,12.2936,0.00558169,-1.70339,seated
20.4314,201,-1.14003,-0.843047,-10.3848,-0.00745685,0.843956,-0.0964064,0.0,0.0,0.0,0.0,0.527344,3.51229,0.0167449,-1.70333,seated
20.5315,202,0.651445,-0.498164,-9.54176,0.0314253,-0.163784,-0.0596548,0.0,0.0,0.0,0.0,1.23047,7.02491,0.0390689,-1.70301,seated
20.6316,203,-1.72441,-0.0766406,-9.78126,0.0098537,0.249805,0.0407464,0.0,0.0,0.0,0.0,1.75781,5.26815,0.0558082,-1.7026,seated
20.7317,204,-0.641865,-0.220342,-10.1261,-0.0322242,0.144876,0.0820254,0.0,0.0,0.0,0.0,2.28516,5.26762,0.0725428,-1.70205,seated
20.8318,205,-0.862207,-0.440684,-10.174,-0.00319579,0.10919,0.000266316,0.0,0.0,0.0,0.0,2.63672,3.51209,0.0836959,-1.7016,seated
20.9319,206,-0.977168,-0.411943,-9.96328,-0.0098537,0.0652474,-0.0348874,0.0,0.0,0.0,0.0,2.8125,1.75619,0.0892713,-1.70135,seated
21.032,207,-0.833467,-0.210762,-9.78126,0.00372843,0.0300937,0.0495348,0.0,0.0,0.0,0.0,2.98828,1.756,0.0948458,-1.70108,seated
21.1321,208,-0.775986,-0.354463,-9.5705,-0.00559264,0.0130495,0.0529969,0.0,0.0,0.0,0.0,2.8125,-1.75619,0.0892713,-1.70135,seated
21.2504,209,-0.479004,-0.191602,-9.64714,0.00532632,-0.0282295,-0.00426106,0.0,0.0,0.0,0.0,2.28516,-4.45769,0.0718391,-1.66927,extended
21.3505,210,1.21667,0.0383203,-10.7009,0.0332895,-0.362456,0.0111853,0.0,0.0,0.0,0.0,2.10938,-1.75607,0.0663156,-1.66947,extended
21.4506,211,-3.42967,0.593965,-9.4747,-0.100667,-2.83334,0.0537959,0.0,0.0,0.0,0.0,1.75781,-3.51212,0.0552668,-1.66981,extended
21.5506,212,-8.04727,0.0766406,-8.81367,-0.00639159,-1.80429,0.0657801,0.0,0.0,0.0,0.0,1.23047,-5.26868,0.0386899,-1.67021,extended
21.6507,213,-7.20422,-0.268242,-7.7886,-0.00479369,-0.156061,-0.0620517,0.0,0.0,0.0,0.0,0.175781,-10.5367,0.00552754,-1.67059,extended
21.7508,214,-2.20342,-0.162861,-7.20422,0.0199737,-0.404268,0.0801611,0.0,0.0,0.0,0.0,-0.175781,-3.51231,-0.00552754,-1.67059,extended
21.8509,215,-8.22929,-0.431104,-8.48795,-0.0279632,0.0167779,0.0378169,0.0,0.0,0.0,0.0,-1.05469,-8.78128,-0.0331634,-1.67032,extended
21.951,216,-4.55054,-0.383203,-8.35383,-0.0287621,-0.13156,0.0383495,0.0,0.0,0.0,0.0,-1.58203,-5.26852,-0.0497416,-1.66996,extended
22.0511,217,-4.8092,-0.0958008,-7.597,0.00479369,-0.00133158,-0.00532632,0.0,0.0,0.0,0.0,-2.10938,-5.26872,-0.0663156,-1.66947,extended
22.1512,218,-4.83794,-0.114961,-7.8365,0.0327569,-0.0721717,0.0162453,0.0,0.0,0.0,0.0,-2.46094,-3.51223,-0.0773619,-1.66906,extended
22.2513,219,-4.9529,-0.134121,-8.03769,0.00426106,0.0340885,0.0276969,0.0,0.0,0.0,0.0,-2.63672,-1.75616,-0.0828839,-1.66883,extended
22.3514,220,-5.37442,-0.124541,-8.31551,-0.0189084,0.051399,0.0231695,0.0,0.0,0.0,0.0,-2.8125,-1.75619,-0.0884052,-1.66859,extended
22.4515,221,-5.1445,-0.0958008,-8.00895,-0.0194411,0.00719053,0.0263653,0.0,0.0,0.0,0.0,-2.63672,1.75621,-0.0828839,-1.66883,extended
22.5595,222,-4.7613,-0.134121,-8.01853,0.00745685,0.0474043,-0.00452737,0.0,0.0,0.0,0.0,-2.10938,4.88271,-0.0669652,-1.70225,seated
22.6596,223,-6.38991,-0.124541,-7.71196,-0.0279632,0.798948,-0.126234,0.0,0.0,0.0,0.0,-1.75781,3.51238,-0.0558082,-1.7026,seated
22.7597,224,-5.2403,-0.689766,-9.48428,-0.000798948,2.94333,-0.0284958,0.0,0.0,0.0,0.0,-1.58203,1.75619,-0.0502289,-1.70275,seated
22.8598,225,0.421523,-0.153281,-7.4054,0.0796285,1.96621,0.140615,0.0,0.0,0.0,0.0,-1.05469,5.26839,-0.0334883,-1.70311,seated
22.9599,226,-1.8777,0.105381,-8.99569,0.0820254,-0.360592,0.108923,0.0,0.0,0.0,0.0,0.175781,12.2912,0.00558169,-1.70339,seated
23.06,227,-1.80105,0.0383203,-9.84832,0.0231695,0.769654,-0.0346211,0.0,0.0,0.0,0.0,0.703125,5.26849,0.0223262,-1.70327,seated
23.1601,228,0.0574805,-0.191602,-10.3177,0.0,-0.067378,-0.0015979,0.0,0.0,0.0,0.0,1.40625,7.02409,0.0446491,-1.70289,seated
23.2602,229,-1.67651,-0.0287402,-10.2315,-0.010919,0.188285,0.026099,0.0,0.0,0.0,0.0,2.10938,7.02406,0.0669652,-1.70225,seated
23.3603,230,-0.651445,-0.00958008,-10.1549,-0.0314253,0.172307,0.0444748,0.0,0.0,0.0,0.0,2.63672,5.26843,0.0836959,-1.7016,seated
23.4604,231,-0.958008,-0.507744,-10.0687,-0.00292948,0.0945422,0.00559264,0.0,0.0,0.0,0.0,2.98828,3.51217,0.0948458,-1.70108,seated
23.5605,232,-0.919688,-0.450264,-10.0016,-0.00372843,0.0633832,-0.00133158,0.0,0.0,0.0,0.0,2.98828,0.0,0.0948458,-1.70108,seated
23.6606,233,-0.775986,-0.210762,-9.84832,-0.0015979,0.0229032,0.0444748,0.0,0.0,0.0,0.0,3.16406,1.75614,0.100419,-1.7008,seated
23.7607,234,-0.881367,-0.364043,-9.68546,-0.00719053,0.0157127,0.0223706,0.0,0.0,0.0,0.0,2.98828,-1.75624,0.0948458,-1.70108,seated
23.8765,235,-0.641865,-0.229922,-9.73336,0.00639159,-0.0292948,0.00213053,0.0,0.0,0.0,0.0,2.46094,-4.55221,0.0773619,-1.66906,extended
23.9766,236,1.99266,-0.680186,-10.0782,0.00213053,-0.329699,0.0647148,0.0,0.0,0.0,0.0,2.28516,-1.75604,0.0718391,-1.66927,extended
24.0767,237,-3.19975,-0.306563,-8.69871,-0.0711064,-2.98913,-0.0708401,0.0,0.0,0.0,0.0,1.75781,-5.26836,0.0552668,-1.66981,extended
24.1768,238,-7.46288,-0.287402,-8.16223,-0.0263653,-1.73958,0.0399474,0.0,0.0,0.0,0.0,1.23047,-5.26834,0.0386899,-1.67021,extended
24.2769,239,-7.0222,-0.574805,-8.29635,-0.0274306,-0.143544,-0.0932106,0.0,0.0,0.0,0.0,0.0,-12.2932,0.0,-1.6706,extended
24.377,240,-2.27048,-0.229922,-8.08559,0.0447411,-0.123038,0.105195,0.0,0.0,0.0,0.0,-0.351562,-3.51229,-0.011055,-1.67057,extended
24.477,241,-8.51669,-0.335303,-8.53585,-0.0442085,0.0588559,0.0255663,0.0,0.0,0.0,0.0,-1.23047,-8.78719,-0.0386899,-1.67021,extended
24.5771,242,-4.51222,-0.325723,-8.03769,-0.0282295,-0.184557,0.0444748,0.0,0.0,0.0,0.0,-1.75781,-5.26864,-0.0552668,-1.66981,extended
24.6772,243,-4.58886,-0.239502,-7.597,0.00878843,-0.00372843,-0.00559264,0.0,0.0,0.0,0.0,-2.46094,-7.02506,-0.0773619,-1.66906,extended
24.7773,244,-4.89542,-0.134121,-7.73112,0.0319579,-0.0628506,0.0135821,0.0,0.0,0.0,0.0,-2.8125,-3.51233,-0.0884052,-1.66859,extended
24.8774,245,-5.13492,-0.172441,-8.11433,0.00692422,0.0178432,0.0327569,0.0,0.0,0.0,0.0,-2.98828,-1.75611,-0.0939257,-1.66833,extended
24.9775,246,-5.23072,-0.124541,-8.31551,-0.010919,0.0506001,0.0271642,0.0,0.0,0.0,0.0,-2.98828,0.0,-0.0939257,-1.66833,extended
25.0776,247,-5.45106,-0.201182,-8.23887,-0.0181095,0.041279,0.021039,0.0,0.0,0.0,0.0,-2.63672,3.51216,-0.0828839,-1.66883,extended
25.1865,248,-4.905,-0.249082,-8.21013,0.0114516,0.0772317,-0.0117179,0.0,0.0,0.0,0.0,-2.28516,3.2281,-0.0725428,-1.70205,seated
25.2866,249,-7.49162,-0.0574805,-7.71196,0.0364853,0.809335,-0.0386158,0.0,0.0,0.0,0.0,-1.75781,5.26847,-0.0558082,-1.7026,seated
25.3867,250,-6.43781,-0.421523,-7.77902,0.0439422,2.81576,-0.100135,0.0,0.0,0.0,0.0,-1.58203,1.75614,-0.0502289,-1.70275,seated
25.4868,251,-1.05381,0.268242,-12.2721,-0.0191748,2.27514,0.0932106,0.0,0.0,0.0,0.0,-0.878906,7.02424,-0.0279074,-1.7032,seated
25.5869,252,-1.20709,0.0766406,-10.9213,0.0314253,-0.506001,0.165649,0.0,0.0,0.0,0.0,0.351562,12.2894,0.0111633,-1.70337,seated
25.687,253,-1.07297,-0.0574805,-10.0687,0.00852212,0.818123,-0.0316916,0.0,0.0,0.0,0.0,1.05469,7.02332,0.0334883,-1.70311,seated
25.7871,254,0.0766406,-0.296982,-9.40764,0.0287621,-0.162719,-0.0575243,0.0,0.0,0.0,0.0,1.58203,5.26843,0.0502289,-1.70275,seated
25.8872,255,-1.47533,-0.143701,-10.1645,-0.00479369,0.192547,0.00639159,0.0,0.0,0.0,0.0,2.28516,7.02414,0.0725428,-1.70205,seated
25.9873,256,-0.450264,-0.546064,-10.1645,-0.0322242,0.101999,0.0751011,0.0,0.0,0.0,0.0,2.8125,5.26813,0.0892713,-1.70135,seated
26.0874,257,-0.977168,-0.296982,-10.0878,-0.0231695,0.0950749,0.0279632,0.0,0.0,0.0,0.0,3.16406,3.51235,0.100419,-1.7008,seated
26.1875,258,-0.977168,-0.431104,-10.0878,-0.00772317,0.0633832,-0.026099,0.0,0.0,0.0,0.0,3.33984,1.75619,0.105992,-1.70051,seated
26.2876,259,-0.766406,-0.182021,-9.8579,0.00905475,0.0175769,0.0287621,0.0,0.0,0.0,0.0,3.33984,0.0,0.105992,-1.70051,seated
26.3877,260,-0.881367,-0.306563,-9.84832,0.00346211,-0.00932106,0.061519,0.0,0.0,0.0,0.0,3.16406,-1.75614,0.100419,-1.7008,seated
26.5121,261,-0.670605,-0.134121,-9.72378,-0.0138484,-0.0908138,0.0231695,0.0,0.0,0.0,0.0,2.46094,-5.65064,0.0773619,-1.66906,extended
26.6122,262,1.9256,-0.862207,-9.4268,-0.0218379,-0.696683,-0.0980043,0.0,0.0,0.0,0.0,2.10938,-3.5122,0.0663156,-1.66947,extended
26.7123,263,-5.96839,-0.526904,-7.77902,-0.107592,-3.00538,0.0604538,0.0,0.0,0.0,0.0,1.75781,-3.51265,0.0552668,-1.66981,extended
26.8124,264,-7.7886,-0.708926,-8.70829,-0.0213053,-1.50708,-0.0407464,0.0,0.0,0.0,0.0,1.05469,-7.02427,0.0331634,-1.67032,extended
26.9125,265,-6.36117,-0.0383203,-8.00895,0.0751011,-0.0801611,-0.129962,0.0,0.0,0.0,0.0,-0.351562,-14.0482,-0.011055,-1.67057,extended
27.0126,266,-2.73032,0.105381,-6.64857,0.0551274,-0.461792,0.1265,0.0,0.0,0.0,0.0,-0.703125,-3.51231,-0.0221096,-1.67047,extended
27.1127,267,-6.79228,-0.105381,-8.32509,-0.0439422,0.162453,0.0511327,0.0,0.0,0.0,0.0,-1.75781,-10.5365,-0.0552668,-1.66981,extended
27.2128,268,-4.17691,-0.325723,-8.20055,-0.0689759,-0.300138,0.0703075,0.0,0.0,0.0,0.0,-2.10938,-3.51254,-0.0663156,-1.66947,extended
27.3129,269,-5.23072,-0.239502,-7.597,-0.00239685,0.0181095,0.000266316,0.0,0.0,0.0,0.0,-2.63672,-5.26854,-0.0828839,-1.66883,extended
27.413,270,-4.86668,-0.0862207,-7.60658,0.0460727,-0.0713727,-0.0282295,0.0,0.0,0.0,0.0,-2.98828,-3.5123,-0.0939257,-1.66833,extended
27.5131,271,-5.0966,-0.0191602,-7.94188,0.0306264,0.010919,0.0133158,0.0,0.0,0.0,0.0,-3.16406,-1.7562,-0.0994453,-1.66805,extended
27.6131,272,-5.58519,0.00958008,-8.34425,-0.0295611,0.0878843,0.0529969,0.0,0.0,0.0,0.0,-3.16406,0.0,-0.0994453,-1.66805,extended
27.7132,273,-5.30736,-0.162861,-8.40173,-0.03542,0.0527306,0.046339,0.0,0.0,0.0,0.0,-2.8125,3.51242,-0.0884052,-1.66859,extended
27.8297,274,-5.06786,-0.344883,-8.38257,-0.00452737,0.0900148,-0.00692422,0.0,0.0,0.0,0.0,-2.10938,6.03482,-0.0669652,-1.70225,seated
27.9298,275,-7.96105,-0.268242,-8.36341,0.0442085,0.677242,-0.113451,0.0,0.0,0.0,0.0,-1.75781,3.5124,-0.0558082,-1.7026,seated
28.0299,276,-3.69791,-0.593965,-7.70238,0.0239685,2.94253,0.0537959,0.0,0.0,0.0,0.0,-1.40625,3.51222,-0.0446491,-1.70289,seated
28.13,277,2.38544,-0.268242,-8.95737,-0.0436758,1.17286,0.152599,0.0,0.0,0.0,0.0,-0.527344,8.78358,-0.0167449,-1.70333,seated
28.2301,278,-2.13636,0.287402,-10.3177,0.0215716,-0.256196,0.0729706,0.0,0.0,0.0,0.0,0.703125,12.2935,0.0223262,-1.70327,seated
28.3302,279,-2.17468,-0.0383203,-10.3944,0.00559264,0.806938,-0.0314253,0.0,0.0,0.0,0.0,1.23047,5.26828,0.0390689,-1.70301,seated
28.4303,280,-0.105381,-0.565225,-10.0974,0.0300937,-0.0205063,0.00479369,0.0,0.0,0.0,0.0,2.10938,8.78045,0.0669652,-1.70225,seated
28.5304,281,-1.45617,-0.0766406,-9.7142,-0.00213053,0.125435,0.0383495,0.0,0.0,0.0,0.0,2.63672,5.26872,0.0836959,-1.7016,seated
28.6305,282,-0.421523,-0.613125,-10.0303,-0.0436758,0.0719054,0.0327569,0.0,0.0,0.0,0.0,3.16406,5.26883,0.100419,-1.7008,seated
28.7305,283,-0.958008,-0.182021,-9.84832,0.00798948,0.0988033,-0.00852212,0.0,0.0,0.0,0.0,3.51562,3.51252,0.111564,-1.70019,seated
28.8306,284,-0.958008,-0.411943,-9.58008,-0.00239685,0.0452737,0.00532632,0.0,0.0,0.0,0.0,3.51562,0.0,0.111564,-1.70019,seated
28.9307,285,-0.747246,-0.210762,-9.5705,0.010919,0.00506001,0.0548611,0.0,0.0,0.0,0.0,3.51562,0.0,0.111564,-1.70019,seated
29.0308,286,-0.804727,-0.402363,-9.60882,0.00266316,-0.0141148,0.0255663,0.0,0.0,0.0,0.0,3.16406,-3.51228,0.100419,-1.7008,seated
29.1691,287,-0.191602,-0.210762,-9.84832,-0.0250337,-0.140881,0.0450074,0.0,0.0,0.0,0.0,2.28516,-6.35508,0.0718391,-1.66927,extended
29.2692,288,1.38911,-0.0862207,-10.768,0.0308927,-0.732369,-0.0375506,0.0,0.0,0.0,0.0,2.10938,-1.75613,0.0663156,-1.66947,extended
29.3693,289,-3.87035,0.354463,-8.23887,-0.103064,-2.9151,0.116913,0.0,0.0,0.0,0.0,1.40625,-7.02437,0.0442159,-1.6701,extended
29.4694,290,-7.31918,-0.526904,-8.16223,-0.00559264,-1.49989,-0.0668453,0.0,0.0,0.0,0.0,0.703125,-7.02478,0.0221096,-1.67047,extended
29.5695,291,-6.9743,0.0766406,-7.87482,0.0383495,-0.00266316,-0.13156,0.0,0.0,0.0,0.0,-0.878906,-15.8059,-0.0276366,-1.6704,extended
29.6696,292,-3.14227,0.287402,-6.71563,0.0356864,-0.556867,0.0849548,0.0,0.0,0.0,0.0,-1.40625,-5.26831,-0.0442159,-1.6701,extended
29.7697,293,-4.74214,0.134121,-8.56459,-0.0468716,0.183492,0.101999,0.0,0.0,0.0,0.0,-2.10938,-7.02446,-0.0663156,-1.66947,extended
29.8698,294,-5.94923,-0.296982,-8.70829,-0.0380832,-0.290551,0.0785633,0.0,0.0,0.0,0.0,-2.63672,-5.26848,-0.0828839,-1.66883,extended
29.9699,295,-5.01996,-0.277822,-8.31551,-0.0098537,0.0340885,-0.0223706,0.0,0.0,0.0,0.0,-2.98828,-3.51221,-0.0939257,-1.66833,extended
30.07,296,-5.01996,-0.0574805,-7.597,0.0484695,-0.0671117,-0.0460727,0.0,0.0,0.0,0.0,-3.33984,-3.51234,-0.104964,-1.66776,extended
30.17,297,-4.6176,-0.0670606,-7.85566,0.0322242,0.0271642,0.0191748,0.0,0.0,0.0,0.0,-3.33984,0.0,-0.104964,-1.66776,extended
30.2701,298,-5.32652,-0.114961,-8.34425,-0.0284958,0.110788,0.066579,0.0,0.0,0.0,0.0,-3.16406,1.75616,-0.0994453,-1.66805,extended
30.3702,299,-5.70015,-0.191602,-8.45921,-0.0343548,0.0745685,0.0503337,0.0,0.0,0.0,0.0,-2.63672,5.26852,-0.0828839,-1.66883,extended
30.4703,300,-5.25946,-0.268242,-8.20055,-0.00559264,0.0737696,-0.00133158,0.0,0.0,0.0,0.0,-2.10938,5.26857,-0.0663156,-1.66947,extended
30.5704,301,-4.93374,-0.162861,-8.00895,0.0245011,0.154463,-0.0125169,0.0,0.0,0.0,0.0,-1.40625,7.02447,-0.0442159,-1.6701,extended
30.6705,302,-5.21156,-0.162861,-8.11433,0.0181095,0.187753,0.0197074,0.0,0.0,0.0,0.0,-0.703125,7.02481,-0.0221096,-1.67047,extended
30.7706,303,-5.39358,-0.134121,-8.27719,-0.0154463,0.183225,0.0649811,0.0,0.0,0.0,0.0,0.351562,10.5376,0.011055,-1.67057,extended
30.8706,304,-5.47022,-0.258662,-8.35383,-0.0141148,0.17204,0.0439422,0.0,0.0,0.0,0.0,1.05469,7.02523,0.0331634,-1.67032,extended
30.9707,305,-5.24988,-0.172441,-8.27719,0.01012,0.169111,-0.00506001,0.0,0.0,0.0,0.0,1.93359,8.7812,0.0607915,-1.66965,extended
31.0708,306,-5.13492,-0.0958008,-8.03769,0.0239685,0.149936,-0.00319579,0.0,0.0,0.0,0.0,2.63672,7.02469,0.0828839,-1.66883,extended
31.1709,307,-5.15408,-0.0670606,-8.03769,0.00878843,0.135289,0.0327569,0.0,0.0,0.0,0.0,3.16406,5.26872,0.0994453,-1.66805,extended
31.2865,308,-5.13492,-0.191602,-8.04727,-0.0130495,0.100667,0.0468716,0.0,0.0,0.0,0.0,3.69141,4.56307,0.115998,-1.66713,extended
31.3866,309,-5.24988,-0.249082,-8.16223,0.00798948,0.0697748,0.0194411,0.0,0.0,0.0,0.0,3.69141,0.0,0.115998,-1.66713,extended
31.4867,310,-5.35526,-0.201182,-8.19097,0.0106526,0.0170442,-0.00878843,0.0,0.0,0.0,0.0,3.69141,0.0,0.115998,-1.66713,extended
31.5868,311,-5.2882,-0.153281,-8.19097,-0.00692422,-0.0292948,0.00958738,0.0,0.0,0.0,0.0,3.33984,-3.5125,0.104964,-1.66776,extended
31.6869,312,-5.18282,-0.172441,-8.16223,-0.0130495,-0.0577906,0.03542,0.0,0.0,0.0,0.0,2.98828,-3.51234,0.0939257,-1.66833,extended
31.7869,313,-5.18282,-0.124541,-8.08559,-0.0015979,-0.0751011,0.0258327,0.0,0.0,0.0,0.0,2.28516,-7.02481,0.0718391,-1.66927,extended
31.887,314,-5.25946,-0.143701,-8.12391,0.00506001,-0.0988033,0.00958738,0.0,0.0,0.0,0.0,1.58203,-7.02459,0.0497416,-1.66996,extended
31.9871,315,-5.2882,-0.143701,-8.21013,0.00213053,-0.118777,0.0114516,0.0,0.0,0.0,0.0,0.703125,-8.78028,0.0221096,-1.67047,extended
32.0872,316,-5.32652,-0.105381,-8.25803,-0.00692422,-0.1265,0.0271642,0.0,0.0,0.0,0.0,-0.175781,-8.78093,-0.00552754,-1.67059,extended
32.1873,317,-5.26904,-0.182021,-8.20055,-0.00878843,-0.134223,0.0266316,0.0,0.0,0.0,0.0,-0.878906,-7.02461,-0.0276366,-1.6704,extended
32.2874,318,-5.23072,-0.210762,-8.16223,-0.00106526,-0.116913,0.0154463,0.0,0.0,0.0,0.0,-1.75781,-8.78022,-0.0552668,-1.66981,extended
32.3875,319,-5.20198,-0.182021,-8.17181,0.00213053,-0.0932106,0.00932106,0.0,0.0,0.0,0.0,-2.46094,-7.02462,-0.0773619,-1.66906,extended
32.4876,320,-5.24988,-0.153281,-8.13349,0.00319579,-0.0617853,0.0157127,0.0,0.0,0.0,0.0,-2.8125,-3.5123,-0.0884052,-1.66859,extended
32.5971,321,-5.18282,-0.182021,-8.17181,-0.00452737,-0.0266316,0.0292948,0.0,0.0,0.0,0.0,-3.16406,-3.21074,-0.100419,-1.7008,seated
32.6972,322,-7.66406,-0.201182,-8.31551,-0.03542,0.355798,-0.181628,0.0,0.0,0.0,0.0,-3.33984,-1.75617,-0.105992,-1.70051,seated
32.7973,323,-4.31104,-0.0574805,-8.05685,-0.0234358,2.53932,-0.0162453,0.0,0.0,0.0,0.0,-3.69141,-3.5122,-0.117135,-1.69987,seated
32.8974,324,-1.01549,0.622705,-8.47837,0.0346211,2.60883,0.164583,0.0,0.0,0.0,0.0,-3.33984,3.5124,-0.105992,-1.70051,seated
32.9975,325,-1.61903,0.143701,-10.8063,0.0806938,-0.378702,0.161121,0.0,0.0,0.0,0.0,-2.28516,10.5377,-0.0725428,-1.70205,seated
33.0976,326,-1.99266,-0.0574805,-9.9537,-0.0154463,0.789361,-0.0474043,0.0,0.0,0.0,0.0,-1.75781,5.26843,-0.0558082,-1.7026,seated
33.1977,327,-0.0670606,-0.555645,-9.8579,0.00319579,0.101466,0.00585895,0.0,0.0,0.0,0.0,-0.878906,8.78176,-0.0279074,-1.7032,seated
33.2977,328,-1.61903,-0.0287402,-9.84832,0.00506001,0.277501,0.0215716,0.0,0.0,0.0,0.0,-0.175781,7.02516,-0.00558169,-1.70339,seated
33.3978,329,-0.488584,-0.344883,-9.88664,-0.0282295,0.219178,0.0452737,0.0,0.0,0.0,0.0,0.703125,8.7812,0.0223262,-1.70327,seated
33.4979,330,-0.775986,-0.172441,-9.99202,0.00452737,0.187487,0.00639159,0.0,0.0,0.0,0.0,1.58203,8.78068,0.0502289,-1.70275,seated
33.598,331,-0.986748,-0.459844,-10.2315,-0.00745685,0.170176,-0.00532632,0.0,0.0,0.0,0.0,2.28516,7.02461,0.0725428,-1.70205,seated
33.6981,332,-0.900527,-0.201182,-10.0591,0.00692422,0.131028,0.0346211,0.0,0.0,0.0,0.0,2.98828,7.02444,0.0948458,-1.70108,seated
33.8129,333,-0.555645,-0.0479004,-9.74294,0.00213053,0.0945422,0.0314253,0.0,0.0,0.0,0.0,3.51562,4.59542,0.110482,-1.66746,extended
33.913,334,2.9794,-0.287402,-10.7009,0.0274306,-0.460461,-0.0439422,0.0,0.0,0.0,0.0,4.04297,5.26852,0.127028,-1.66644,extended
34.0131,335,-2.9794,0.153281,-8.24845,-0.0759001,-2.77208,-0.00852212,0.0,0.0,0.0,0.0,4.21875,1.75615,0.132541,-1.66607,extended
34.1132,336,-10.4614,-0.670605,-9.08191,-0.0223706,-1.61175,-0.01518,0.0,0.0,0.0,0.0,4.04297,-1.75613,0.127028,-1.66644,extended
34.2133,337,-3.48715,-0.364043,-6.42823,-0.00106526,-0.120109,-0.110521,0.0,0.0,0.0,0.0,3.16406,-8.78055,0.0994453,-1.66805,extended
34.3133,338,-3.43925,-0.172441,-7.2138,0.0356864,-0.142213,0.0700411,0.0,0.0,0.0,0.0,2.98828,-1.75624,0.0939257,-1.66833,extended
34.4134,339,-6.80186,-0.613125,-8.54543,-0.0695085,0.0681769,0.0332895,0.0,0.0,0.0,0.0,1.93359,-10.5368,0.0607915,-1.66965,extended
34.5135,340,-4.30146,-0.229922,-8.21013,-0.0223706,-0.267115,0.0591222,0.0,0.0,0.0,0.0,1.23047,-7.02454,0.0386899,-1.67021,extended
34.6136,341,-5.01038,-0.201182,-7.72154,0.0199737,-0.0812264,-0.0114516,0.0,0.0,0.0,0.0,0.175781,-10.5366,0.00552754,-1.67059,extended
34.7137,342,-5.0966,-0.0287402,-7.62574,0.0503337,-0.180562,-0.0106526,0.0,0.0,0.0,0.0,-0.878906,-10.5367,-0.0276366,-1.6704,extended
34.8138,343,-5.12534,-0.124541,-8.31551,0.0146474,-0.1012,0.0242348,0.0,0.0,0.0,0.0,-1.75781,-8.78061,-0.0552668,-1.66981,extended
34.9139,344,-5.58519,-0.182021,-8.42089,-0.0410127,-0.0838896,0.04048,0.0,0.0,0.0,0.0,-2.46094,-7.02481,-0.0773619,-1.66906,extended
35.014,345,-4.9529,-0.153281,-8.12391,-0.0279632,-0.129962,0.0314253,0.0,0.0,0.0,0.0,-2.98828,-5.26836,-0.0939257,-1.66833,extended
35.1141,346,-4.86668,-0.182021,-7.87482,0.0015979,-0.0814927,0.00266316,0.0,0.0,0.0,0.0,-3.33984,-3.51225,-0.104964,-1.66776,extended
35.2274,347,-4.91458,-0.210762,-7.97063,0.0223706,0.0306264,-0.0114516,0.0,0.0,0.0,0.0,-3.51562,-1.55226,-0.111564,-1.70019,seated
35.3274,348,-8.21013,-0.402363,-7.32876,0.010919,0.529436,-0.116114,0.0,0.0,0.0,0.0,-3.69141,-1.75618,-0.117135,-1.69987,seated
35.4275,349,-3.97573,-0.718506,-9.54176,-0.01518,2.76569,0.11931,0.0,0.0,0.0,0.0,-3.69141,0.0,-0.117135,-1.69987,seated
35.5276,350,6.67731,-0.0191602,-9.78126,-0.0205063,2.49698,0.158192,0.0,0.0,0.0,0.0,-3.33984,3.51234,-0.105992,-1.70051,seated
35.6277,351,-1.10171,0.708926,-10.404,0.0804275,-0.326504,0.0508664,0.0,0.0,0.0,0.0,-2.10938,12.2936,-0.0669652,-1.70225,seated
35.7278,352,-1.57113,-0.498164,-10.4614,-0.0157127,0.882838,-0.0806938,0.0,0.0,0.0,0.0,-1.40625,7.02375,-0.0446491,-1.70289,seated
35.8279,353,0.258662,-0.411943,-10.3752,0.0197074,-0.0015979,0.0239685,0.0,0.0,0.0,0.0,-0.527344,8.78103,-0.0167449,-1.70333,seated
35.928,354,-1.91602,-0.162861,-10.1645,-0.0167779,0.296676,0.0423443,0.0,0.0,0.0,0.0,0.527344,10.5352,0.0167449,-1.70333,seated
36.0281,355,-0.411943,-0.651445,-10.2698,0.00292948,0.16192,0.0271642,0.0,0.0,0.0,0.0,1.58203,10.5357,0.0502289,-1.70275,seated
36.1282,356,-0.843047,-0.344883,-10.0974,0.0162453,0.196808,-0.0015979,0.0,0.0,0.0,0.0,2.28516,7.02506,0.0725428,-1.70205,seated
36.2283,357,-1.08255,-0.411943,-10.2028,0.00585895,0.154463,0.00905475,0.0,0.0,0.0,0.0,2.98828,7.02444,0.0948458,-1.70108,seated
36.3444,358,-0.785566,-0.0670606,-9.88664,0.00452737,0.108391,0.0532632,0.0,0.0,0.0,0.0,3.69141,6.05734,0.115998,-1.66713,extended
36.4445,359,1.91602,0.383203,-9.67588,0.0508664,-0.428503,-0.0292948,0.0,0.0,0.0,0.0,4.39453,7.02488,0.138053,-1.66569,extended
36.5446,360,-4.48348,-0.737666,-7.86524,-0.0719054,-2.75903,0.00506001,0.0,0.0,0.0,0.0,4.57031,1.75619,0.143564,-1.66529,extended
36.6447,361,-9.44596,-0.258662,-8.63165,-0.01012,-1.55182,0.0223706,0.0,0.0,0.0,0.0,4.39453,-1.75616,0.138053,-1.66569,extended
36.7448,362,-7.0222,-0.268242,-7.97063,0.0149137,-0.0271642,-0.0753675,0.0,0.0,0.0,0.0,3.51562,-8.78116,0.110482,-1.66746,extended
36.8449,363,-3.72665,-0.0574805,-6.94556,0.0332895,-0.384827,0.0828243,0.0,0.0,0.0,0.0,3.33984,-1.75598,0.104964,-1.66776,extended
36.945,364,-6.84018,-0.364043,-8.49753,-0.0492685,0.119043,0.0447411,0.0,0.0,0.0,0.0,2.28516,-10.5373,0.0718391,-1.66927,extended
37.0451,365,-4.2823,-0.258662,-8.21013,-0.0276969,-0.333428,0.0388822,0.0,0.0,0.0,0.0,1.58203,-7.02466,0.0497416,-1.66996,extended
37.1452,366,-4.6176,-0.249082,-7.56826,-0.0135821,-0.0745685,-0.0149137,0.0,0.0,0.0,0.0,0.527344,-10.537,0.0165824,-1.67053,extended
37.2452,367,-5.0966,-0.0574805,-7.58742,0.0391485,-0.206928,-0.0114516,0.0,0.0,0.0,0.0,-0.527344,-10.5372,-0.0165824,-1.67053,extended
37.3453,368,-4.79962,-0.0670606,-7.97063,0.0127832,-0.144343,0.0292948,0.0,0.0,0.0,0.0,-1.58203,-10.5373,-0.0497416,-1.66996,extended
37.4454,369,-5.4798,-0.172441,-8.47837,-0.015979,-0.0942759,0.0359527,0.0,0.0,0.0,0.0,-2.46094,-8.78097,-0.0773619,-1.66906,extended
37.5455,370,-5.77679,-0.162861,-8.50711,-0.0218379,-0.137419,0.0098537,0.0,0.0,0.0,0.0,-3.16406,-7.02427,-0.0994453,-1.66805,extended
37.6456,371,-5.30736,-0.201182,-8.23887,-0.00372843,-0.116646,-0.00266316,0.0,0.0,0.0,0.0,-3.69141,-5.26829,-0.115998,-1.66713,extended
37.7457,372,-4.94332,-0.124541,-8.00895,0.0213053,-0.00452737,-0.00106526,0.0,0.0,0.0,0.0,-4.04297,-3.51232,-0.127028,-1.66644,extended
37.8642,373,-5.10618,-0.220342,-8.05685,0.00239685,0.0681769,0.0189084,0.0,0.0,0.0,0.0,-4.04297,0.0,-0.128272,-1.69916,seated
37.9643,374,-8.45921,-0.450264,-7.65448,0.0157127,0.713993,-0.0117179,0.0,0.0,0.0,0.0,-3.86719,1.75612,-0.122704,-1.69952,seated
38.0643,375,-4.73256,-0.220342,-7.84608,-0.00745685,3.20938,0.0135821,0.0,0.0,0.0,0.0,-3.69141,1.75622,-0.117135,-1.69987,seated
38.1644,376,-0.0191602,0.354463,-7.81734,-0.111853,1.63092,0.0873517,0.0,0.0,0.0,0.0,-2.98828,7.02489,-0.0948458,-1.70108,seated
38.2645,377,-1.38911,0.402363,-9.97286,0.0194411,-0.485761,0.00559264,0.0,0.0,0.0,0.0,-1.40625,15.8057,-0.0446491,-1.70289,seated
38.3646,378,-1.10171,-0.344883,-10.8063,-0.00426106,0.833569,-0.0492685,0.0,0.0,0.0,0.0,-0.703125,7.02628,-0.0223262,-1.70327,seated
38.4647,379,0.0191602,-0.469424,-10.5285,0.00506001,-0.0274306,0.0242348,0.0,0.0,0.0,0.0,0.175781,8.78214,0.00558169,-1.70339,seated
38.5648,380,-1.86812,-0.239502,-10.2411,-0.0223706,0.254066,0.0138484,0.0,0.0,0.0,0.0,1.23047,10.537,0.0390689,-1.70301,seated
38.6649,381,-0.450264,-0.565225,-10.2315,-0.0255663,0.191748,0.0199737,0.0,0.0,0.0,0.0,2.28516,10.5369,0.0725428,-1.70205,seated
38.765,382,-0.881367,-0.239502,-9.9058,-0.0015979,0.197873,0.0125169,0.0,0.0,0.0,0.0,3.16406,8.78103,0.100419,-1.7008,seated
38.8651,383,-0.948428,-0.459844,-10.1836,-0.00878843,0.154197,0.0135821,0.0,0.0,0.0,0.0,3.86719,7.02441,0.122704,-1.69952,seated
38.9772,384,-0.804727,-0.220342,-10.0399,0.00319579,0.102532,0.0370179,0.0,0.0,0.0,0.0,4.21875,3.13355,0.132541,-1.66607,extended
39.0773,385,1.17835,-0.613125,-11.0171,-0.00213053,-0.203466,0.0383495,0.0,0.0,0.0,0.0,4.74609,5.26871,0.149073,-1.66487,extended
39.1774,386,-3.87035,-0.517324,-8.77535,-0.103597,-2.93587,-0.0253,0.0,0.0,0.0,0.0,4.92188,1.75619,0.154581,-1.66444,extended
39.2775,387,-9.08191,-0.421523,-9.08191,-0.0332895,-1.64211,0.0183758,0.0,0.0,0.0,0.0,4.57031,-3.51243,0.143564,-1.66529,extended
39.3776,388,-4.19607,-0.622705,-6.84976,-0.0146474,-0.082558,-0.0916127,0.0,0.0,0.0,0.0,3.69141,-8.78074,0.115998,-1.66713,extended
39.4777,389,-3.74581,0.153281,-6.89766,0.0431432,-0.181361,0.0982706,0.0,0.0,0.0,0.0,3.16406,-5.26848,0.0994453,-1.66805,extended
39.5778,390,-6.72521,-0.277822,-8.32509,-0.0569916,0.0391485,0.03036,0.0,0.0,0.0,0.0,1.93359,-12.2935,0.0607915,-1.66965,extended
39.6779,391,-4.4739,-0.364043,-8.21013,-0.0221042,-0.285757,0.0426106,0.0,0.0,0.0,0.0,1.05469,-8.78088,0.0331634,-1.67032,extended
39.778,392,-5.0008,-0.172441,-7.7886,0.00239685,-0.107325,-0.00852212,0.0,0.0,0.0,0.0,-0.175781,-12.293,-0.00552754,-1.67059,extended
39.8781,393,-4.86668,-0.220342,-7.75028,0.0391485,-0.204797,-0.0130495,0.0,0.0,0.0,0.0,-1.40625,-12.2927,-0.0442159,-1.6701,extended
39.9782,394,-5.13492,-0.229922,-8.21971,0.00532632,-0.12144,0.0274306,0.0,0.0,0.0,0.0,-2.28516,-8.78118,-0.0718391,-1.66927,extended
40.0783,395,-5.52771,-0.105381,-8.39215,-0.0194411,-0.102265,0.0242348,0.0,0.0,0.0,0.0,-3.16406,-8.7803,-0.0994453,-1.66805,extended
40.1784,396,-5.39358,-0.172441,-8.17181,-0.0250337,-0.133424,0.0178432,0.0,0.0,0.0,0.0,-3.86719,-7.02462,-0.121514,-1.6668,extended
40.3005,397,-5.2882,-0.191602,-8.32509,-0.0106526,-0.0849548,-0.00745685,0.0,0.0,0.0,0.0,-4.21875,-2.87903,-0.13384,-1.69878,seated
40.4006,398,-7.09884,-0.402363,-7.52036,-0.0111853,0.460194,-0.179763,0.0,0.0,0.0,0.0,-4.39453,-1.75614,-0.139406,-1.69839,seated
40.5007,399,-5.59477,-0.325723,-10.1549,-0.00372843,2.73134,0.0593885,0.0,0.0,0.0,0.0,-4.57031,-1.75616,-0.14497,-1.69798,seated
40.6008,400,7.61616,-0.517324,-8.78493,0.0466053,2.64851,0.135821,0.0,0.0,0.0,0.0,-4.21875,3.51262,-0.13384,-1.69878,seated
40.7008,401,-1.79147,0.0479004,-12.4637,0.0506001,-0.361125,0.154996,0.0,0.0,0.0,0.0,-2.98828,12.2933,-0.0948458,-1.70108,seated
40.8009,402,-1.72441,-0.105381,-9.84832,-0.0146474,0.773648,-0.0242348,0.0,0.0,0.0,0.0,-2.28516,7.02819,-0.0725428,-1.70205,seated
40.901,403,0.182021,-0.392783,-9.69504,0.00292948,-0.0948085,0.00372843,0.0,0.0,0.0,0.0,-1.05469,12.2934,-0.0334883,-1.70311,seated
41.0011,404,-1.84896,0.0191602,-10.1645,0.00133158,0.324107,0.0229032,0.0,0.0,0.0,0.0,-0.175781,8.78287,-0.00558169,-1.70339,seated
41.1011,405,-0.498164,-0.354463,-10.174,-0.0343548,0.251136,0.051399,0.0,0.0,0.0,0.0,1.05469,12.2939,0.0334883,-1.70311,seated
41.2012,406,-0.910107,-0.325723,-10.2124,0.00213053,0.246609,0.00798948,0.0,0.0,0.0,0.0,2.28516,12.2932,0.0725428,-1.70205,seated
41.3013,407,-1.02507,-0.392783,-10.174,-0.00692422,0.190682,-0.00506001,0.0,0.0,0.0,0.0,3.16406,8.78235,0.100419,-1.7008,seated
41.4014,408,-0.814307,-0.220342,-9.88664,0.00905475,0.169643,0.04048,0.0,0.0,0.0,0.0,4.04297,8.78049,0.128272,-1.69916,seated
41.5158,409,-0.708926,-0.220342,-9.8579,0.00292948,0.119043,0.0322242,0.0,0.0,0.0,0.0,4.57031,4.61017,0.143564,-1.66529,extended
41.6159,410,3.22849,0.201182,-10.0016,0.0295611,-0.314519,0.00346211,0.0,0.0,0.0,0.0,5.09766,5.26867,0.160087,-1.66399,extended
41.716,411,-2.91234,-0.373623,-8.89989,-0.106793,-2.94918,-0.0229032,0.0,0.0,0.0,0.0,5.27344,1.75628,0.165592,-1.66353,extended
41.816,412,-10.0016,-0.191602,-8.97653,-0.0191748,-1.44423,0.0364853,0.0,0.0,0.0,0.0,4.92188,-3.5145,0.154581,-1.66444,extended
41.9161,413,-7.33834,-0.239502,-6.86892,-0.0370179,-0.100135,-0.100135,0.0,0.0,0.0,0.0,4.04297,-8.78112,0.127028,-1.66644,extended
42.0162,414,-3.65001,-0.354463,-7.13716,0.0340885,-0.244212,0.098537,0.0,0.0,0.0,0.0,3.69141,-3.51249,0.115998,-1.66713,extended
42.1163,415,-7.03178,-0.421523,-8.50711,-0.0468716,0.0423443,0.015979,0.0,0.0,0.0,0.0,2.28516,-14.0495,0.0718391,-1.66927,extended
42.2164,416,-4.56012,-0.239502,-8.32509,-0.0237021,-0.329167,0.0324906,0.0,0.0,0.0,0.0,1.40625,-8.7812,0.0442159,-1.6701,extended
42.3165,417,-4.63676,-0.162861,-7.71196,-0.00106526,-0.124902,-0.010919,0.0,0.0,0.0,0.0,0.0,-14.0501,0.0,-1.6706,extended
42.4165,418,-5.12534,-0.0383203,-7.71196,0.0234358,-0.219977,0.0154463,0.0,0.0,0.0,0.0,-1.23047,-12.2939,-0.0386899,-1.67021,extended
42.5166,419,-5.15408,-0.210762,-8.32509,0.00239685,-0.142479,0.0346211,0.0,0.0,0.0,0.0,-2.28516,-10.5376,-0.0718391,-1.66927,extended
42.6167,420,-5.70973,-0.191602,-8.43047,-0.0199737,-0.107592,0.0245011,0.0,0.0,0.0,0.0,-3.33984,-10.5361,-0.104964,-1.66776,extended
42.7168,421,-5.05828,-0.124541,-8.13349,-0.0141148,-0.140349,0.00798948,0.0,0.0,0.0,0.0,-4.04297,-7.02467,-0.127028,-1.66644,extended
42.8169,422,-4.905,-0.0670606,-7.90356,-0.00319579,-0.0948085,0.00878843,0.0,0.0,0.0,0.0,-4.39453,-3.51226,-0.138053,-1.66569,extended
42.9261,423,-4.63676,-0.220342,-7.92272,0.0135821,0.0237021,0.00239685,0.0,0.0,0.0,0.0,-4.74609,-3.21923,-0.150533,-1.69756,seated
43.0262,424,-7.52036,-0.0191602,-8.08559,-0.000798948,0.482032,-0.0735032,0.0,0.0,0.0,0.0,-4.74609,0.0,-0.150533,-1.69756,seated
43.1263,425,-4.94332,-0.651445,-8.52627,-0.000266316,2.55797,-0.117712,0.0,0.0,0.0,0.0,-4.74609,0.0,-0.150533,-1.69756,seated
43.2264,426,0.823887,0.0479004,-11.0075,0.0495348,2.58859,0.0849548,0.0,0.0,0.0,0.0,-4.21875,5.26836,-0.13384,-1.69878,seated
43.3265,427,-1.61903,-0.191602,-10.7967,0.0782969,-0.360326,0.215982,0.0,0.0,0.0,0.0,-2.8125,14.0495,-0.0892713,-1.70135,seated
43.4266,428,-1.9735,0.229922,-10.3561,-0.00213053,0.815726,-0.00319579,0.0,0.0,0.0,0.0,-1.75781,10.5371,-0.0558082,-1.7026,seated
43.5267,429,-0.114961,-0.411943,-9.35974,0.04048,0.0679106,-0.0348874,0.0,0.0,0.0,0.0,-0.703125,10.5372,-0.0223262,-1.70327,seated
43.6268,430,-1.66693,0.0,-9.84832,0.00479369,0.343548,0.0,0.0,0.0,0.0,0.0,0.527344,12.2925,0.0167449,-1.70333,seated
43.7269,431,-0.622705,-0.210762,-10.0782,-0.0263653,0.264452,0.0759001,0.0,0.0,0.0,0.0,1.93359,14.0484,0.061387,-1.70243,seated
43.827,432,-0.890947,-0.392783,-9.96328,-0.00292948,0.244478,0.0284958,0.0,0.0,0.0,0.0,2.98828,10.5355,0.0948458,-1.70108,seated
43.9271,433,-0.996328,-0.383203,-10.0687,-0.00426106,0.196009,-0.0223706,0.0,0.0,0.0,0.0,3.86719,8.78143,0.122704,-1.69952,seated
44.0568,434,-0.804727,-0.0766406,-10.1836,0.000266316,0.0508664,0.0854875,0.0,0.0,0.0,0.0,4.74609,6.77693,0.149073,-1.66487,extended
44.1569,435,2.65368,-0.182021,-8.77535,0.0375506,-1.15102,-0.0316916,0.0,0.0,0.0,0.0,5.44922,7.02439,0.171096,-1.66305,extended
44.257,436,-3.65001,-0.287402,-8.42089,-0.071639,-2.6083,0.046339,0.0,0.0,0.0,0.0,5.625,1.75593,0.176597,-1.66256,extended
44.3571,437,-6.30369,-0.306563,-6.31327,0.0487358,-1.71241,-0.00266316,0.0,0.0,0.0,0.0,5.44922,-1.75619,0.171096,-1.66305,extended
44.4572,438,-7.55868,0.268242,-8.46879,0.0175769,-0.0316916,-0.112652,0.0,0.0,0.0,0.0,4.39453,-10.5371,0.138053,-1.66569,extended
44.5573,439,-3.65001,0.182021,-7.09884,0.0231695,-0.617054,0.0721717,0.0,0.0,0.0,0.0,3.86719,-5.26822,0.121514,-1.6668,extended
44.6574,440,-6.98388,-0.459844,-8.39215,-0.0617853,0.0849548,0.104396,0.0,0.0,0.0,0.0,2.8125,-10.5369,0.0884052,-1.66859,extended
44.7575,441,-4.3781,-0.316143,-8.70829,0.00213053,-0.363521,0.0508664,0.0,0.0,0.0,0.0,1.58203,-12.2917,0.0497416,-1.66996,extended
44.8576,442,-4.58886,-0.325723,-8.31551,-0.000266316,-0.142745,-0.0474043,0.0,0.0,0.0,0.0,0.351562,-12.2939,0.011055,-1.67057,extended
44.9577,443,-5.0487,-0.0479004,-7.63532,0.0428769,-0.245011,-0.0490022,0.0,0.0,0.0,0.0,-1.05469,-14.0484,-0.0331634,-1.67032,extended
45.0578,444,-4.86668,-0.0574805,-7.89398,0.0098537,-0.173105,0.0364853,0.0,0.0,0.0,0.0,-2.28516,-12.2924,-0.0718391,-1.66927,extended
45.1579,445,-5.42232,-0.210762,-8.31551,-0.0271642,-0.113983,0.067378,0.0,0.0,0.0,0.0,-3.33984,-10.5367,-0.104964,-1.66776,extended
45.2579,446,-5.72889,-0.210762,-8.47837,-0.0250337,-0.165382,0.0205063,0.0,0.0,0.0,0.0,-4.04297,-7.02561,-0.127028,-1.66644,extended
45.358,447,-5.2882,-0.191602,-8.49753,0.0138484,-0.132625,-0.0282295,0.0,0.0,0.0,0.0,-4.74609,-7.02657,-0.149073,-1.66487,extended
45.4892,448,-5.12534,-0.182021,-8.18139,0.01518,-0.0218379,-0.0213053,0.0,0.0,0.0,0.0,-5.09766,-2.67876,-0.161656,-1.69666,seated
45.5893,449,-8.89989,-0.143701,-8.10475,0.0170442,0.806938,-0.0790959,0.0,0.0,0.0,0.0,-5.09766,0.0,-0.161656,-1.69666,seated
45.6894,450,-4.77088,-0.316143,-9.45554,0.0487358,2.9894,0.125435,0.0,0.0,0.0,0.0,-4.92188,1.75628,-0.156095,-1.69712,seated
45.7895,451,5.42232,-0.574805,-10.2986,-0.0255663,0.685498,0.142745,0.0,0.0,0.0,0.0,-4.21875,7.02389,-0.13384,-1.69878,seated
45.8896,452,-1.47533,0.383203,-9.39806,0.026099,-0.372843,0.0878843,0.0,0.0,0.0,0.0,-2.8125,14.0509,-0.0892713,-1.70135,seated
45.9897,453,-1.52323,-0.239502,-9.91538,-0.0191748,0.878044,-0.0466053,0.0,0.0,0.0,0.0,-2.10938,7.02526,-0.0669652,-1.70225,seated
46.0898,454,-0.938848,-0.507744,-9.97286,0.0423443,0.0532632,0.0157127,0.0,0.0,0.0,0.0,-0.703125,14.0493,-0.0223262,-1.70327,seated
46.1899,455,-0.450264,-0.479004,-9.78126,-0.0119842,0.240217,0.052198,0.0,0.0,0.0,0.0,1.40625,21.0745,0.0446491,-1.70289,seated
46.29,456,-0.718506,-0.651445,-10.1645,-0.00852212,0.252468,0.0284958,0.0,0.0,0.0,0.0,1.93359,5.2698,0.061387,-1.70243,seated
46.39,457,-0.756826,-0.249082,-10.0495,0.01518,0.256995,0.00532632,0.0,0.0,0.0,0.0,3.16406,12.2934,0.100419,-1.7008,seated
46.4901,458,-0.977168,-0.459844,-10.0878,0.000798948,0.219444,0.00798948,0.0,0.0,0.0,0.0,4.21875,10.5372,0.13384,-1.69878,seated
46.6067,459,-0.584385,-0.210762,-9.72378,0.0117179,0.128364,0.0599211,0.0,0.0,0.0,0.0,4.92188,6.03298,0.154581,-1.66444,extended
46.7068,460,-0.440684,-0.383203,-8.95737,-0.0215716,-0.015979,-0.0657801,0.0,0.0,0.0,0.0,5.80078,8.78078,0.182098,-1.66205,extended
46.8069,461,-2.18426,0.201182,-8.81367,-0.0921454,-2.67035,0.00106526,0.0,0.0,0.0,0.0,5.97656,1.75603,0.187596,-1.66152,extended
46.907,462,-8.38257,0.229922,-8.82325,-0.0229032,-1.64983,-0.0447411,0.0,0.0,0.0,0.0,5.80078,-1.75611,0.182098,-1.66205,extended
47.007,463,-7.17548,0.862207,-7.86524,0.0631169,-0.150469,-0.13955,0.0,0.0,0.0,0.0,4.92188,-8.78675,0.154581,-1.66444,extended
47.1071,464,-1.14003,-0.325723,-6.84976,-0.0316916,-0.259126,0.160855,0.0,0.0,0.0,0.0,4.39453,-5.26848,0.138053,-1.66569,extended
47.2072,465,-6.48571,-0.268242,-8.43047,-0.0647148,0.0436758,0.0367516,0.0,0.0,0.0,0.0,2.98828,-14.049,0.0939257,-1.66833,extended
47.3073,466,-4.79962,-0.431104,-8.50711,-0.0492685,-0.356331,0.0609864,0.0,0.0,0.0,0.0,1.93359,-10.5376,0.0607915,-1.66965,extended
47.4074,467,-4.73256,-0.316143,-7.55868,0.00213053,-0.158192,-0.0130495,0.0,0.0,0.0,0.0,0.527344,-14.0501,0.0165824,-1.67053,extended
47.5075,468,-4.79004,-0.0958008,-7.71196,0.0529969,-0.260191,-0.0215716,0.0,0.0,0.0,0.0,-0.878906,-14.0501,-0.0276366,-1.6704,extended
47.6075,469,-5.07744,-0.210762,-8.26761,0.0149137,-0.169643,0.0237021,0.0,0.0,0.0,0.0,-2.28516,-14.0502,-0.0718391,-1.66927,extended
47.7076,470,-5.70973,-0.105381,-8.56459,-0.0484695,-0.15686,0.0423443,0.0,0.0,0.0,0.0,-3.51562,-12.2942,-0.110482,-1.66746,extended
47.8077,471,-5.50854,-0.191602,-8.63165,-0.0237021,-0.138218,0.0292948,0.0,0.0,0.0,0.0,-4.57031,-10.5381,-0.143564,-1.66529,extended
47.9078,472,-4.57928,-0.162861,-7.92272,0.00905475,-0.125968,-0.000532632,0.0,0.0,0.0,0.0,-4.92188,-3.51312,-0.154581,-1.66444,extended
48.0566,473,-6.28453,-0.143701,-8.07601,0.0628506,0.0631169,-0.0508664,0.0,0.0,0.0,0.0,-5.44922,-3.54287,-0.172772,-1.6957,seated
48.1567,474,-7.61616,0.210762,-7.85566,0.0125169,0.947819,-0.0668453,0.0,0.0,0.0,0.0,-5.44922,0.0,-0.172772,-1.6957,seated
48.2568,475,-2.47166,-0.392783,-6.29411,0.0439422,3.14173,0.160589,0.0,0.0,0.0,0.0,-5.27344,1.75616,-0.167215,-1.69619,seated
48.3569,476,7.41498,0.0862207,-7.597,-0.0681769,1.12678,0.241815,0.0,0.0,0.0,0.0,-4.39453,8.7807,-0.139406,-1.69839,seated
48.457,477,-0.919688,0.450264,-8.95737,-0.0255663,-0.435959,0.0700411,0.0,0.0,0.0,0.0,-3.16406,12.2939,-0.100419,-1.7008,seated
48.5571,478,-1.89686,-0.0766406,-9.84832,-0.0258327,0.880707,-0.0769654,0.0,0.0,0.0,0.0,-2.10938,10.5372,-0.0669652,-1.70225,seated
48.6572,479,-1.14003,-0.268242,-10.2603,0.0314253,0.0548611,0.0258327,0.0,0.0,0.0,0.0,-0.703125,14.0495,-0.0223262,-1.70327,seated
48.7573,480,-0.680186,-0.162861,-10.3465,-0.0215716,0.281762,0.0442085,0.0,0.0,0.0,0.0,0.703125,14.0493,0.0223262,-1.70327,seated
48.8574,481,-0.804727,-0.670605,-10.404,-0.00585895,0.243413,0.0141148,0.0,0.0,0.0,0.0,2.10938,14.0492,0.0669652,-1.70225,seated
48.9575,482,-0.948428,-0.287402,-10.2219,0.000532632,0.268713,-0.000266316,0.0,0.0,0.0,0.0,3.33984,12.2932,0.105992,-1.70051,seated
49.0576,483,-0.814307,-0.306563,-9.87706,0.015979,0.230097,0.0231695,0.0,0.0,0.0,0.0,4.39453,10.537,0.139406,-1.69839,seated
49.1577,484,-0.843047,-0.277822,-9.77168,0.00852212,0.170975,0.0407464,0.0,0.0,0.0,0.0,5.27344,8.7808,0.167215,-1.69619,seated
49.2665,485,-0.871787,-0.162861,-9.69504,0.0133158,0.13156,0.0157127,0.0,0.0,0.0,0.0,5.80078,4.84556,0.182098,-1.66205,extended
49.3666,486,1.86812,-0.124541,-10.95,-0.0370179,-0.184291,0.01012,0.0,0.0,0.0,0.0,6.15234,3.51236,0.193093,-1.66098,extended
49.4667,487,-2.90276,0.316143,-7.8844,-0.115315,-2.76463,-0.0141148,0.0,0.0,0.0,0.0,6.15234,0.0,0.193093,-1.66098,extended
49.5668,488,-9.05317,-0.143701,-8.77535,-0.0197074,-2.02427,-0.0295611,0.0,0.0,0.0,0.0,5.625,-5.26849,0.176597,-1.66256,extended
49.6669,489,-7.8365,0.162861,-9.60882,0.0740359,-0.115581,-0.0857538,0.0,0.0,0.0,0.0,4.39453,-12.293,0.138053,-1.66569,extended
49.7669,490,-2.77822,-0.373623,-7.01262,0.0537959,-0.182693,0.133158,0.0,0.0,0.0,0.0,3.51562,-8.7808,0.110482,-1.66746,extended
49.867,491,-7.3575,-0.354463,-8.37299,-0.0647148,-0.0380832,0.0242348,0.0,0.0,0.0,0.0,2.10938,-14.0543,0.0663156,-1.66947,extended
49.9671,492,-4.65592,-0.335303,-8.13349,-0.0732369,-0.302269,0.0620517,0.0,0.0,0.0,0.0,0.878906,-12.2939,0.0276366,-1.6704,extended
50.0672,493,-4.6176,-0.249082,-7.63532,-0.000266316,-0.161121,-0.00133158,0.0,0.0,0.0,0.0,-0.703125,-15.8054,-0.0221096,-1.67047,extended
50.1673,494,-4.98164,-0.124541,-7.67364,0.0479369,-0.263387,-0.0242348,0.0,0.0,0.0,0.0,-2.28516,-15.806,-0.0718391,-1.66927,extended
50.2674,495,-4.98164,-0.0766406,-8.16223,0.0178432,-0.166714,0.00292948,0.0,0.0,0.0,0.0,-3.51562,-12.2928,-0.110482,-1.66746,extended
50.3675,496,-5.63309,-0.0287402,-8.39215,-0.0367516,-0.138218,0.04048,0.0,0.0,0.0,0.0,-4.57031,-10.537,-0.143564,-1.66529,extended
50.4676,497,-5.18282,-0.191602,-8.04727,-0.0402137,-0.160855,0.0479369,0.0,0.0,0.0,0.0,-5.27344,-7.02457,-0.165592,-1.66353,extended
50.5823,498,-4.94332,-0.229922,-8.11433,0.00452737,-0.0929443,-0.0125169,0.0,0.0,0.0,0.0,-5.625,-3.06366,-0.178327,-1.6952,seated
50.6824,499,-7.04136,-0.00958008,-7.29044,0.0279632,0.570183,-0.153398,0.0,0.0,0.0,0.0,-5.80078,-1.75606,-0.183881,-1.69468,seated
50.7825,500,-4.63676,-0.632285,-9.08191,0.0335558,2.79366,-0.0535295,0.0,0.0,0.0,0.0,-5.97656,-1.75597,-0.189434,-1.69414,seated
50.8826,501,6.64857,-0.421523,-7.98021,-0.0335558,2.12733,0.161388,0.0,0.0,0.0,0.0,-5.27344,7.02474,-0.167215,-1.69619,seated
50.9827,502,-1.85854,0.574805,-9.46512,0.0253,-0.30866,0.138218,0.0,0.0,0.0,0.0,-3.69141,15.8058,-0.117135,-1.69987,seated
51.0828,503,-1.36037,-0.258662,-10.0782,-0.0199737,0.870055,-0.046339,0.0,0.0,0.0,0.0,-2.8125,8.78074,-0.0892713,-1.70135,seated
51.1829,504,-1.07297,-0.239502,-10.3465,0.0170442,0.0729706,-0.0215716,0.0,0.0,0.0,0.0,-1.40625,14.0492,-0.0446491,-1.70289,seated
51.283,505,-1.74357,-0.0670606,-10.2028,-0.000266316,0.359793,0.0322242,0.0,0.0,0.0,0.0,0.175781,15.8048,0.00558169,-1.70339,seated
51.3831,506,-0.526904,-0.364043,-10.1549,-0.03036,0.287355,0.0641822,0.0,0.0,0.0,0.0,1.58203,14.0492,0.0502289,-1.70275,seated
51.4832,507,-0.919688,-0.277822,-10.1453,0.0130495,0.294812,-0.00426106,0.0,0.0,0.0,0.0,3.33984,17.5619,0.105992,-1.70051,seated
51.5832,508,-1.03465,-0.498164,-10.1932,-0.000798948,0.243413,-0.0223706,0.0,0.0,0.0,0.0,4.21875,8.78277,0.13384,-1.69878,seated
51.7,509,-0.833467,-0.201182,-9.88664,0.010919,0.17204,0.0732369,0.0,0.0,0.0,0.0,5.27344,9.03328,0.165592,-1.66353,extended
51.8001,510,1.68609,0.287402,-10.2219,0.0599211,-0.381897,-0.0066579,0.0,0.0,0.0,0.0,6.32812,10.5376,0.198587,-1.66042,extended
51.9002,511,-2.73032,-0.153281,-9.50344,-0.0561927,-2.81576,-0.00106526,0.0,0.0,0.0,0.0,6.67969,3.5126,0.209571,-1.65926,extended
52.0003,512,-5.45106,-0.450264,-7.1659,-0.00905475,-1.50442,-0.0178432,0.0,0.0,0.0,0.0,6.50391,-1.75613,0.20408,-1.65985,extended
52.1004,513,-4.92416,-0.0670606,-8.73703,-0.00559264,-0.0729706,-0.0950749,0.0,0.0,0.0,0.0,5.80078,-7.02469,0.182098,-1.66205,extended
52.2005,514,-4.03321,0.0670606,-7.24254,0.0213053,-0.408529,0.0881506,0.0,0.0,0.0,0.0,5.27344,-5.26834,0.165592,-1.66353,extended
52.3006,515,-6.91682,-0.555645,-8.42089,-0.0721717,0.0503337,0.0399474,0.0,0.0,0.0,0.0,3.86719,-14.0493,0.121514,-1.6668,extended
52.4006,516,-4.56012,-0.249082,-8.35383,-0.0612527,-0.394148,0.0426106,0.0,0.0,0.0,0.0,2.8125,-10.5378,0.0884052,-1.66859,extended
52.5007,517,-5.35526,-0.277822,-7.72154,0.0154463,-0.173904,-0.0263653,0.0,0.0,0.0,0.0,1.23047,-15.8051,0.0386899,-1.67021,extended
52.6008,518,-4.96248,-0.0479004,-7.66406,0.0452737,-0.291882,-0.010919,0.0,0.0,0.0,0.0,-0.527344,-17.5626,-0.0165824,-1.67053,extended
52.7009,519,-5.21156,-0.0958008,-8.07601,0.0114516,-0.219711,0.0370179,0.0,0.0,0.0,0.0,-1.93359,-14.0494,-0.0607915,-1.66965,extended
52.801,520,-5.76721,-0.182021,-8.54543,-0.0375506,-0.174171,0.0428769,0.0,0.0,0.0,0.0,-3.33984,-14.0494,-0.104964,-1.66776,extended
52.9011,521,-5.2882,-0.124541,-8.53585,-0.0316916,-0.21758,0.0189084,0.0,0.0,0.0,0.0,-4.39453,-10.5369,-0.138053,-1.66569,extended
53.0012,522,-4.7613,-0.182021,-8.17181,0.00319579,-0.174703,-0.00239685,0.0,0.0,0.0,0.0,-5.27344,-8.78095,-0.165592,-1.66353,extended
53.1013,523,-4.99122,-0.143701,-7.98021,0.0266316,-0.0452737,-0.00559264,0.0,0.0,0.0,0.0,-5.97656,-7.02467,-0.187596,-1.66152,extended
53.2145,524,-5.44148,-0.124541,-8.24845,0.00745685,0.0234358,0.0263653,0.0,0.0,0.0,0.0,-6.15234,-1.55298,-0.194984,-1.69359,seated
53.3146,525,-7.31918,-0.191602,-8.84241,0.0167779,0.438356,-0.110788,0.0,0.0,0.0,0.0,-5.80078,3.51239,-0.183881,-1.69468,seated
53.4147,526,-4.18649,-0.124541,-8.29635,0.0141148,2.46422,-0.0631169,0.0,0.0,0.0,0.0,-5.80078,0.0,-0.183881,-1.69468,seated
53.5148,527,0.804727,0.201182,-8.40173,0.0660464,2.75211,0.125435,0.0,0.0,0.0,0.0,-4.92188,8.78114,-0.156095,-1.69712,seated
53.6149,528,-1.02507,0.402363,-12.0805,0.0854875,-0.298274,0.101466,0.0,0.0,0.0,0.0,-3.16406,17.5621,-0.100419,-1.7008,seated
53.7149,529,-2.43334,-0.0479004,-10.653,0.0117179,0.895887,0.01012,0.0,0.0,0.0,0.0,-1.93359,12.2941,-0.061387,-1.70243,seated
53.815,530,-0.364043,-0.440684,-10.3082,0.0175769,0.254332,0.0231695,0.0,0.0,0.0,0.0,-0.351562,15.8048,-0.0111633,-1.70337,seated
53.9151,531,-1.29331,-0.0958008,-10.0495,-0.0066579,0.425041,0.0175769,0.0,0.0,0.0,0.0,1.23047,15.806,0.0390689,-1.70301,seated
54.0152,532,-0.507744,-0.440684,-9.93454,-0.0335558,0.332363,0.0271642,0.0,0.0,0.0,0.0,2.63672,14.049,0.0836959,-1.7016,seated
54.1153,533,-0.804727,-0.210762,-10.1166,0.00372843,0.290551,0.0114516,0.0,0.0,0.0,0.0,4.04297,14.0492,0.128272,-1.69916,seated
54.2293,534,-0.967588,-0.364043,-10.1645,0.0162453,0.23782,0.0181095,0.0,0.0,0.0,0.0,5.27344,10.794,0.165592,-1.66353,extended
54.3294,535,1.67651,-0.440684,-10.1549,0.0141148,-0.440487,-0.0628506,0.0,0.0,0.0,0.0,6.50391,12.2924,0.20408,-1.65985,extended
54.4295,536,-5.0966,-0.210762,-8.63165,-0.0961401,-2.6842,0.0474043,0.0,0.0,0.0,0.0,7.03125,5.26887,0.220547,-1.65804,extended
54.5296,537,-9.2352,-0.249082,-8.09517,0.0194411,-1.51667,-0.0543285,0.0,0.0,0.0,0.0,7.03125,0.0,0.220547,-1.65804,extended
54.6297,538,-2.68242,-0.411943,-6.27495,0.0447411,0.0529969,-0.0980043,0.0,0.0,0.0,0.0,6.15234,-8.78076,0.193093,-1.66098,extended
54.7298,539,-3.73623,0.411943,-7.48204,0.072438,-0.399474,0.178964,0.0,0.0,0.0,0.0,5.80078,-3.51216,0.182098,-1.66205,extended
54.8299,540,-5.32652,-0.210762,-8.32509,-0.0418116,0.0993359,0.0348874,0.0,0.0,0.0,0.0,4.39453,-14.0496,0.138053,-1.66569,extended
54.93,541,-5.16366,-0.469424,-8.41131,-0.0402137,-0.422644,0.0359527,0.0,0.0,0.0,0.0,3.51562,-8.78135,0.110482,-1.66746,extended
55.03,542,-4.6176,-0.287402,-7.597,0.00133158,-0.177633,-0.0181095,0.0,0.0,0.0,0.0,1.75781,-17.5711,0.0552668,-1.66981,extended
55.1301,543,-4.86668,-0.0670606,-7.62574,0.0316916,-0.290551,-0.0181095,0.0,0.0,0.0,0.0,0.175781,-15.8059,0.00552754,-1.67059,extended
55.2302,544,-5.10618,-0.182021,-8.21013,0.00798948,-0.256462,0.0316916,0.0,0.0,0.0,0.0,-1.58203,-17.5611,-0.0497416,-1.66996,extended
55.3303,545,-5.59477,-0.162861,-8.55501,-0.0386158,-0.203998,0.0367516,0.0,0.0,0.0,0.0,-3.16406,-15.806,-0.0994453,-1.66805,extended
55.4304,546,-5.63309,-0.210762,-8.40173,-0.0271642,-0.244745,0.0127832,0.0,0.0,0.0,0.0,-4.21875,-10.5371,-0.132541,-1.66607,extended
55.5305,547,-5.18282,-0.143701,-8.13349,0.000532632,-0.20746,-0.00559264,0.0,0.0,0.0,0.0,-5.44922,-12.293,-0.171096,-1.66305,extended
55.6306,548,-5.08702,-0.124541,-7.99937,0.0167779,-0.0764327,-0.00639159,0.0,0.0,0.0,0.0,-6.15234,-7.02466,-0.193093,-1.66098,extended
55.7493,549,-5.0966,-0.402363,-7.86524,0.0138484,0.0402137,0.0245011,0.0,0.0,0.0,0.0,-6.32812,-1.48057,-0.200533,-1.69302,seated
55.8494,550,-8.14307,-0.258662,-8.20055,-0.021039,0.776311,-0.0133158,0.0,0.0,0.0,0.0,-6.32812,0.0,-0.200533,-1.69302,seated
55.9495,551,-7.01262,-0.555645,-7.30002,-0.00798948,3.28581,0.0607201,0.0,0.0,0.0,0.0,-6.15234,1.75613,-0.194984,-1.69359,seated
56.0496,552,1.8298,-0.450264,-8.51669,-0.0284958,1.67193,0.125169,0.0,0.0,0.0,0.0,-5.44922,7.02511,-0.172772,-1.6957,seated
56.1497,553,-0.919688,0.0862207,-8.80409,0.026099,-0.402404,0.0753675,0.0,0.0,0.0,0.0,-3.69141,17.5614,-0.117135,-1.69987,seated
56.2498,554,-1.78189,0.239502,-10.0878,-0.0229032,0.938498,-0.0170442,0.0,0.0,0.0,0.0,-2.46094,12.2937,-0.0781197,-1.70183,seated
56.3498,555,0.210762,-0.584385,-10.5093,-0.00239685,0.0370179,0.0266316,0.0,0.0,0.0,0.0,-0.878906,15.8063,-0.0279074,-1.7032,seated
56.4499,556,-1.85854,-0.201182,-10.3944,-0.0135821,0.346744,0.00426106,0.0,0.0,0.0,0.0,0.703125,15.8065,0.0223262,-1.70327,seated
56.55,557,-0.517324,-0.603545,-10.3561,-0.0162453,0.298807,0.0218379,0.0,0.0,0.0,0.0,2.46094,17.5655,0.0781197,-1.70183,seated
56.6501,558,-0.958008,-0.153281,-10.0687,0.00372843,0.315585,0.0213053,0.0,0.0,0.0,0.0,4.04297,15.8064,0.128272,-1.69916,seated
56.7502,559,-1.01549,-0.517324,-10.2794,-0.00133158,0.256196,0.0189084,0.0,0.0,0.0,0.0,5.09766,10.5391,0.161656,-1.69666,seated
56.8503,560,-0.929268,-0.258662,-10.0974,0.0138484,0.196009,0.0300937,0.0,0.0,0.0,0.0,6.15234,10.5365,0.194984,-1.69359,seated
56.9627,561,-0.383203,-0.0670606,-9.58008,0.00213053,0.122239,0.0324906,0.0,0.0,0.0,0.0,6.67969,4.69177,0.209571,-1.65926,extended
57.0628,562,1.66693,-0.373623,-10.2124,0.0585895,-0.246875,-0.00798948,0.0,0.0,0.0,0.0,7.20703,5.26794,0.226032,-1.6574,extended
57.1629,563,-2.7399,0.306563,-10.4998,-0.102265,-2.75184,-0.0322242,0.0,0.0,0.0,0.0,7.03125,-1.75618,0.220547,-1.65804,extended
57.263,564,-6.28453,-0.871787,-8.40173,0.00559264,-1.7441,0.0516653,0.0,0.0,0.0,0.0,6.50391,-5.26805,0.20408,-1.65985,extended
57.3631,565,-6.16957,-0.296982,-7.63532,-0.000266316,-0.134756,-0.0655138,0.0,0.0,0.0,0.0,4.92188,-15.8031,0.154581,-1.66444,extended
57.4632,566,-3.08479,-0.201182,-7.30002,0.0253,-0.487358,0.0740359,0.0,0.0,0.0,0.0,4.04297,-8.78093,0.127028,-1.66644,extended
57.5633,567,-6.61983,-0.440684,-8.44005,-0.0556601,-0.00346211,0.0402137,0.0,0.0,0.0,0.0,2.28516,-17.5609,0.0718391,-1.66927,extended
57.6634,568,-4.43558,-0.325723,-8.21971,-0.0356864,-0.42291,0.0577906,0.0,0.0,0.0,0.0,0.878906,-14.0486,0.0276366,-1.6704,extended
57.7635,569,-4.58886,-0.373623,-7.80776,-0.00559264,-0.173372,-0.0178432,0.0,0.0,0.0,0.0,-0.878906,-17.5608,-0.0276366,-1.6704,extended
57.8636,570,-5.32652,0.0479004,-7.79818,0.0460727,-0.307329,-0.01518,0.0,0.0,0.0,0.0,-2.63672,-17.5592,-0.0828839,-1.66883,extended
57.9637,571,-4.81878,-0.0383203,-7.97063,0.0149137,-0.219444,0.0295611,0.0,0.0,0.0,0.0,-4.04297,-14.0481,-0.127028,-1.66644,extended
58.0638,572,-5.58519,-0.143701,-8.40173,-0.0263653,-0.143544,0.04048,0.0,0.0,0.0,0.0,-5.27344,-12.2916,-0.165592,-1.66353,extended
58.1639,573,-5.40316,-0.210762,-8.21971,-0.0314253,-0.16192,0.0284958,0.0,0.0,0.0,0.0,-6.15234,-8.78028,-0.193093,-1.66098,extended
58.264,574,-4.905,-0.172441,-7.92272,0.00745685,-0.101466,-0.000266316,0.0,0.0,0.0,0.0,-6.50391,-3.5123,-0.20408,-1.65985,extended
58.3865,575,-4.64634,-0.210762,-8.04727,0.0418116,0.0695085,-0.00319579,0.0,0.0,0.0,0.0,-6.50391,0.0,-0.20608,-1.69244,seated
58.4866,576,-8.73703,0.00958008,-8.78493,0.02024,0.702542,-0.0681769,0.0,0.0,0.0,0.0,-6.32812,1.7564,-0.200533,-1.69302,seated
58.5867,577,-5.0966,-0.354463,-9.41722,0.0221042,3.08953,0.0229032,0.0,0.0,0.0,0.0,-5.80078,5.26853,-0.183881,-1.69468,seated
58.6868,578,5.98755,-0.364043,-9.03401,-0.0567253,1.93319,0.142745,0.0,0.0,0.0,0.0,-4.74609,10.5369,-0.150533,-1.69756,seated
58.7869,579,-1.84896,-0.172441,-10.289,0.0253,-0.126234,0.0772317,0.0,0.0,0.0,0.0,-2.8125,19.3162,-0.0892713,-1.70135,seated
58.887,580,-2.60578,-0.574805,-9.84832,-0.00239685,0.938232,-0.061519,0.0,0.0,0.0,0.0,-1.58203,12.2931,-0.0502289,-1.70275,seated
58.987,581,-0.0574805,-0.364043,-10.0303,0.0237021,0.077498,0.0250337,0.0,0.0,0.0,0.0,0.175781,17.5712,0.00558169,-1.70339,seated
59.0871,582,-1.47533,-0.162861,-10.2219,-0.0117179,0.384827,0.0423443,0.0,0.0,0.0,0.0,1.93359,17.5616,0.061387,-1.70243,seated
59.1872,583,-0.459844,-0.651445,-10.2603,-0.021039,0.29854,0.0133158,0.0,0.0,0.0,0.0,3.51562,15.8056,0.111564,-1.70019,seated
59.2873,584,-0.890947,-0.162861,-10.2794,0.00905475,0.302002,0.00452737,0.0,0.0,0.0,0.0,4.92188,14.0488,0.156095,-1.69712,seated
59.3874,585,-0.986748,-0.479004,-10.0974,0.0133158,0.232494,0.0141148,0.0,0.0,0.0,0.0,6.15234,12.2936,0.194984,-1.69359,seated
59.4985,586,-0.747246,-0.220342,-9.74294,0.00905475,0.16698,0.0487358,0.0,0.0,0.0,0.0,6.85547,6.32839,0.21506,-1.65866,extended
59.5986,587,2.1651,0.124541,-10.289,0.0492685,-0.453536,-0.0343548,0.0,0.0,0.0,0.0,7.38281,5.26856,0.231515,-1.65675,extended
59.6987,588,-2.47166,0.555645,-9.17772,-0.00692422,-2.86822,0.015979,0.0,0.0,0.0,0.0,7.38281,0.0,0.231515,-1.65675,extended
59.7988,589,-9.46512,-1.02507,-7.48204,-0.0391485,-1.40695,0.0221042,0.0,0.0,0.0,0.0,7.03125,-3.5124,0.220547,-1.65804,extended
59.8989,590,-4.09069,-0.392783,-7.14674,-0.0245011,-0.225037,-0.12943,0.0,0.0,0.0,0.0,5.625,-14.0489,0.176597,-1.66256,extended
59.999,591,0.124541,-0.699346,-7.14674,0.0359527,-0.109722,0.0908138,0.0,0.0,0.0,0.0,4.74609,-8.78051,0.149073,-1.66487,extended
60.0991,592,-8.54543,-0.172441,-8.49753,-0.0215716,-0.189351,0.00559264,0.0,0.0,0.0,0.0,2.98828,-17.5611,0.0939257,-1.66833,extended
60.1992,593,-4.27272,-0.229922,-7.98021,-0.0407464,-0.267648,0.0282295,0.0,0.0,0.0,0.0,1.40625,-15.8058,0.0442159,-1.6701,extended
60.2992,594,-5.08702,-0.143701,-7.79818,0.00213053,-0.21039,-0.00346211,0.0,0.0,0.0,0.0,-0.527344,-19.3172,-0.0165824,-1.67053,extended
60.3993,595,-4.83794,-0.191602,-7.70238,0.0292948,-0.317182,0.0130495,0.0,0.0,0.0,0.0,-2.10938,-15.8053,-0.0663156,-1.66947,extended
60.4994,596,-5.15408,-0.249082,-8.00895,-0.00319579,-0.20533,0.0356864,0.0,0.0,0.0,0.0,-3.69141,-15.8051,-0.115998,-1.66713,extended
60.5995,597,-5.74805,-0.162861,-8.47837,-0.0250337,-0.205596,0.0221042,0.0,0.0,0.0,0.0,-5.27344,-15.8058,-0.165592,-1.66353,extended
60.6996,598,-5.34568,-0.134121,-8.15265,-0.0133158,-0.217314,0.00239685,0.0,0.0,0.0,0.0,-6.15234,-8.78168,-0.193093,-1.66098,extended
60.8181,599,-5.20198,-0.162861,-8.21013,-0.00372843,-0.1265,0.00239685,0.0,0.0,0.0,0.0,-6.85547,-5.93186,-0.217167,-1.69122,seated
60.9182,600,-6.96472,0.0479004,-8.06643,-0.0189084,0.356864,-0.206661,0.0,0.0,0.0,0.0,-7.03125,-1.75624,-0.222708,-1.69059,seated
