8.10623e-06,0,-1.30289,-0.153281,-9.16813,0.0,-0.0479369,0.056459,0.0,0.0,0.0,0.0,17.5781,0.0,0.549455,-1.62386,seated
0.100102,1,-1.31247,-0.182021,-9.331,0.0098537,-0.231429,-0.0130495,0.0,0.0,0.0,0.0,15.9961,-15.8055,0.501362,-1.63745,seated
0.200193,2,-1.30289,-0.210762,-9.58966,0.00133158,-0.404002,-0.0237021,0.0,0.0,0.0,0.0,13.3594,-26.3432,0.420376,-1.65731,seated
0.30028,3,-1.36995,-0.402363,-10.0016,-0.0135821,-0.570183,0.0545948,0.0,0.0,0.0,0.0,9.49219,-38.6382,0.300035,-1.68008,seated
0.40035,4,-1.40827,-0.469424,-10.2794,-0.0146474,-0.676443,0.0146474,0.0,0.0,0.0,0.0,5.625,-38.6448,0.178327,-1.6952,seated
0.500419,5,-1.43701,-0.421523,-10.4614,-0.0066579,-0.745152,-0.0319579,0.0,0.0,0.0,0.0,0.351562,-52.698,0.0111633,-1.70337,seated
0.600486,6,-1.43701,-0.277822,-10.5477,-0.0114516,-0.757669,0.00878843,0.0,0.0,0.0,0.0,-3.86719,-42.1593,-0.122704,-1.69952,seated
0.700557,7,-1.41785,-0.229922,-10.4902,-0.0127832,-0.74169,0.0314253,0.0,0.0,0.0,0.0,-6.32812,-24.5919,-0.200533,-1.69302,seated
0.800644,8,-1.36037,-0.153281,-10.2794,-0.0106526,-0.670584,0.0287621,0.0,0.0,0.0,0.0,-9.84375,-35.1256,-0.31104,-1.67832,seated
0.900737,9,-1.37953,-0.105381,-10.0112,-0.00452737,-0.567253,-0.00958738,0.0,0.0,0.0,0.0,-13.0078,-31.6113,-0.409506,-1.65969,seated
1.00083,10,-1.30289,-0.134121,-9.68546,0.000798948,-0.419714,-0.0133158,0.0,0.0,0.0,0.0,-15.293,-22.8301,-0.479862,-1.64308,seated
1.10093,11,-1.29331,-0.220342,-9.39806,0.0066579,-0.181361,0.0154463,0.0,0.0,0.0,0.0,-16.875,-15.805,-0.528129,-1.63005,seated
1.20099,12,-1.22625,-0.354463,-9.26394,0.0111853,-0.0668453,0.0245011,0.0,0.0,0.0,0.0,-17.0508,-1.75665,-0.533468,-1.62853,seated
1.30109,13,-1.21667,-0.421523,-9.34058,0.0149137,0.152865,0.0215716,0.0,0.0,0.0,0.0,-15.9961,10.5369,-0.501362,-1.63745,seated
1.40117,14,-1.29331,-0.459844,-9.4747,0.0199737,0.296942,0.0117179,0.0,0.0,0.0,0.0,-14.5898,14.0517,-0.45829,-1.64847,seated
1.50126,15,-1.30289,-0.344883,-9.74294,0.0266316,0.462591,0.00719053,0.0,0.0,0.0,0.0,-11.9531,26.3429,-0.376808,-1.66647,seated
1.60136,16,-1.40827,-0.258662,-10.1166,0.0250337,0.602407,0.0197074,0.0,0.0,0.0,0.0,-8.61328,33.3661,-0.272474,-1.68419,seated
1.70145,17,-1.48491,-0.162861,-10.3848,0.0295611,0.70121,0.0375506,0.0,0.0,0.0,0.0,-4.74609,38.636,-0.150533,-1.69756,seated
1.80154,18,-1.52323,-0.143701,-10.5572,0.0324906,0.757669,0.0234358,0.0,0.0,0.0,0.0,-0.527344,42.1487,-0.0167449,-1.70333,seated
1.90163,19,-1.49449,-0.134121,-10.5093,0.0375506,0.776311,0.00452737,0.0,0.0,0.0,0.0,3.69141,42.1483,0.117135,-1.69987,seated
2.00172,20,-1.51365,-0.210762,-10.4231,0.036219,0.747816,0.0111853,0.0,0.0,0.0,0.0,7.73438,40.3926,0.244849,-1.6879,seated
2.10182,21,-1.47533,-0.239502,-10.107,0.0316916,0.668187,0.03542,0.0,0.0,0.0,0.0,11.6016,38.6336,0.36588,-1.6686,seated
2.20191,22,-1.40827,-0.354463,-9.84832,0.0298274,0.551807,0.0239685,0.0,0.0,0.0,0.0,14.4141,28.1,0.452886,-1.64978,seated
2.302,23,-1.34121,-0.402363,-9.46512,0.0292948,0.394148,-0.00798948,0.0,0.0,0.0,0.0,16.3477,19.3185,0.512083,-1.63453,seated
2.40209,24,-1.28373,-0.325723,-9.24478,0.0191748,0.194677,0.00239685,0.0,0.0,0.0,0.0,17.4023,10.5373,0.544131,-1.62543,seated
2.50217,25,-1.34121,-0.287402,-9.15856,0.00852212,0.00719053,0.0359527,0.0,0.0,0.0,0.0,17.2266,-1.75641,0.538802,-1.62699,seated
2.60225,26,-1.28373,-0.258662,-9.24478,-0.000266316,-0.144876,0.0332895,0.0,0.0,0.0,0.0,16.5234,-7.0262,0.517437,-1.63306,seated
2.70234,27,-1.27415,-0.191602,-9.4268,0.000532632,-0.319047,-0.0015979,0.0,0.0,0.0,0.0,14.5898,-19.3176,0.45829,-1.64847,seated
2.80244,28,-1.35079,-0.162861,-9.84832,-0.00559264,-0.495348,0.010919,0.0,0.0,0.0,0.0,10.7227,-38.6352,0.338499,-1.67366,seated
2.90251,29,-1.36037,-0.210762,-10.0687,-0.0111853,-0.614391,0.0298274,0.0,0.0,0.0,0.0,7.38281,-33.3744,0.233783,-1.68928,seated
3.00258,30,-1.44659,-0.325723,-10.3752,-0.00932106,-0.683367,0.0175769,0.0,0.0,0.0,0.0,4.39453,-29.8622,0.139406,-1.69839,seated
3.10267,31,-1.44659,-0.325723,-10.5285,-0.00639159,-0.730771,-0.0135821,0.0,0.0,0.0,0.0,-0.351562,-47.4182,-0.0111633,-1.70337,seated
3.20275,32,-1.42743,-0.316143,-10.471,-0.0098537,-0.733701,0.000532632,0.0,0.0,0.0,0.0,-3.86719,-35.1285,-0.122704,-1.69952,seated
3.30284,33,-1.43701,-0.306563,-10.3752,-0.0114516,-0.694552,0.0218379,0.0,0.0,0.0,0.0,-7.91016,-40.3922,-0.250379,-1.68719,seated
3.40293,34,-1.38911,-0.249082,-10.0974,-0.00532632,-0.603739,0.0175769,0.0,0.0,0.0,0.0,-11.25,-33.3674,-0.354938,-1.67067,seated
3.50302,35,-1.36995,-0.182021,-9.84832,0.00266316,-0.475641,0.0,0.0,0.0,0.0,0.0,-14.0625,-28.1,-0.442066,-1.65235,seated
3.60311,36,-1.31247,-0.172441,-9.58966,0.00745685,-0.327303,-0.00932106,0.0,0.0,0.0,0.0,-15.8203,-17.5618,-0.495994,-1.63888,seated
3.70321,37,-1.27415,-0.201182,-9.39806,0.0066579,-0.149403,0.00745685,0.0,0.0,0.0,0.0,-16.5234,-7.02472,-0.517437,-1.63306,seated
3.80329,38,-1.22625,-0.277822,-9.30226,0.0117179,0.0375506,0.0231695,0.0,0.0,0.0,0.0,-16.1719,3.51264,-0.506725,-1.636,seated
3.90337,39,-1.24541,-0.306563,-9.43638,0.0199737,0.215716,0.0338221,0.0,0.0,0.0,0.0,-15.1172,10.5391,-0.474476,-1.64445,seated
4.00346,40,-1.34121,-0.344883,-9.6663,0.0205063,0.381897,0.0154463,0.0,0.0,0.0,0.0,-13.0078,21.0748,-0.409506,-1.65969,seated
4.10355,41,-1.36995,-0.344883,-9.94412,0.0266316,0.527839,0.00772317,0.0,0.0,0.0,0.0,-9.31641,36.8809,-0.294528,-1.68093,seated
4.20362,42,-1.41785,-0.316143,-10.2315,0.0282295,0.642621,0.0175769,0.0,0.0,0.0,0.0,-6.50391,28.1053,-0.20608,-1.69244,seated
4.30371,43,-1.46575,-0.258662,-10.3944,0.0298274,0.718521,0.0274306,0.0,0.0,0.0,0.0,-2.28516,42.1479,-0.0725428,-1.70205,seated
4.40379,44,-1.49449,-0.210762,-10.4806,0.0346211,0.755805,0.0167779,0.0,0.0,0.0,0.0,2.46094,47.4225,0.0781197,-1.70183,seated
4.50386,45,-1.47533,-0.162861,-10.471,0.0356864,0.747549,-0.00133158,0.0,0.0,0.0,0.0,5.97656,35.1309,0.189434,-1.69414,seated
4.60391,46,-1.47533,-0.143701,-10.2124,0.0364853,0.695351,0.0239685,0.0,0.0,0.0,0.0,10.0195,40.4104,0.316538,-1.67742,seated
4.70398,47,-1.45617,-0.229922,-9.94412,0.0324906,0.59495,0.0428769,0.0,0.0,0.0,0.0,12.6562,26.3481,0.398622,-1.66201,seated
4.80408,48,-1.36995,-0.258662,-9.62798,0.0300937,0.45833,0.01518,0.0,0.0,0.0,0.0,15.1172,24.5871,0.474476,-1.64445,seated
4.90417,49,-1.28373,-0.306563,-9.35016,0.0274306,0.299073,-0.0125169,0.0,0.0,0.0,0.0,16.6992,15.8058,0.522786,-1.63156,seated
5.00424,50,-1.29331,-0.344883,-9.2352,0.0191748,0.123038,0.00639159,0.0,0.0,0.0,0.0,17.2266,5.26933,0.538802,-1.62699,seated
5.10434,51,-1.30289,-0.306563,-9.24478,-0.000266316,-0.0929443,0.0364853,0.0,0.0,0.0,0.0,16.5234,-7.02449,0.517437,-1.63306,seated
5.20441,52,-1.28373,-0.277822,-9.35974,0.00452737,-0.198938,0.0205063,0.0,0.0,0.0,0.0,15.293,-12.2961,0.479862,-1.64308,seated
5.30451,53,-1.28373,-0.210762,-9.59924,0.00266316,-0.396012,-0.010919,0.0,0.0,0.0,0.0,13.0078,-22.8299,0.409506,-1.65969,seated
5.4046,54,-1.33163,-0.191602,-9.94412,-0.00372843,-0.526241,0.00878843,0.0,0.0,0.0,0.0,9.49219,-35.123,0.300035,-1.68008,seated
5.50469,55,-1.43701,-0.182021,-10.2028,-0.010919,-0.631169,0.0335558,0.0,0.0,0.0,0.0,6.32812,-31.614,0.200533,-1.69302,seated
5.60478,56,-1.45617,-0.220342,-10.4614,-0.0138484,-0.692156,0.0015979,0.0,0.0,0.0,0.0,1.75781,-45.6594,0.0558082,-1.7026,seated
5.70486,57,-1.45617,-0.287402,-10.4614,-0.00958738,-0.714526,-0.00639159,0.0,0.0,0.0,0.0,-2.8125,-45.6666,-0.0892713,-1.70135,seated
5.80493,58,-1.43701,-0.287402,-10.4327,-0.01012,-0.70627,0.00852212,0.0,0.0,0.0,0.0,-5.80078,-29.8616,-0.183881,-1.69468,seated
5.90502,59,-1.41785,-0.258662,-10.1932,-0.0127832,-0.641822,0.0258327,0.0,0.0,0.0,0.0,-9.31641,-35.1243,-0.294528,-1.68093,seated
6.00512,60,-1.37953,-0.277822,-9.9537,-0.00719053,-0.543551,0.0135821,0.0,0.0,0.0,0.0,-12.3047,-29.8551,-0.387722,-1.66427,seated
6.10521,61,-1.29331,-0.229922,-9.6184,0.00532632,-0.383495,-0.00878843,0.0,0.0,0.0,0.0,-14.5898,-22.8301,-0.45829,-1.64847,seated
6.2053,62,-1.25499,-0.258662,-9.4268,0.00692422,-0.22264,-0.00639159,0.0,0.0,0.0,0.0,-15.8203,-12.2935,-0.495994,-1.63888,seated
6.30539,63,-1.25499,-0.258662,-9.31184,0.01012,-0.0402137,0.0133158,0.0,0.0,0.0,0.0,-16.1719,-3.51247,-0.506725,-1.636,seated
6.40548,64,-1.21667,-0.239502,-9.35016,0.0175769,0.133424,0.0332895,0.0,0.0,0.0,0.0,-15.1172,10.5377,-0.474476,-1.64445,seated
6.50555,65,-1.32205,-0.268242,-9.50344,0.0173105,0.308927,0.0245011,0.0,0.0,0.0,0.0,-13.7109,14.0529,-0.431229,-1.65486,seated
6.60564,66,-1.35079,-0.268242,-9.78126,0.0239685,0.456998,0.00852212,0.0,0.0,0.0,0.0,-11.0742,26.343,-0.349461,-1.67168,seated
6.70572,67,-1.36995,-0.268242,-10.0687,0.0306264,0.589624,0.00932106,0.0,0.0,0.0,0.0,-7.73438,33.3707,-0.244849,-1.6879,seated
6.80581,68,-1.41785,-0.287402,-10.3082,0.0306264,0.677242,0.0239685,0.0,0.0,0.0,0.0,-4.21875,35.1267,-0.13384,-1.69878,seated
6.90589,69,-1.51365,-0.268242,-10.4135,0.0356864,0.719852,0.0284958,0.0,0.0,0.0,0.0,-0.527344,36.8816,-0.0167449,-1.70333,seated
7.00599,70,-1.47533,-0.287402,-10.4614,0.0343548,0.740891,0.00346211,0.0,0.0,0.0,0.0,3.51562,40.3923,0.111564,-1.70019,seated
7.10608,71,-1.49449,-0.210762,-10.3273,0.0383495,0.717722,0.00532632,0.0,0.0,0.0,0.0,7.55859,40.3926,0.239317,-1.6886,seated
7.20617,72,-1.48491,-0.210762,-10.0399,0.0298274,0.646882,0.0279632,0.0,0.0,0.0,0.0,10.8984,33.3681,0.343982,-1.67268,seated
7.30626,73,-1.36995,-0.268242,-9.74294,0.0319579,0.537959,0.0274306,0.0,0.0,0.0,0.0,13.7109,28.0992,0.431229,-1.65486,seated
7.40635,74,-1.31247,-0.229922,-9.45554,0.0266316,0.365652,-0.00692422,0.0,0.0,0.0,0.0,15.6445,19.3191,0.490621,-1.64029,seated
7.50644,75,-1.29331,-0.258662,-9.31184,0.0242348,0.237288,-0.0098537,0.0,0.0,0.0,0.0,16.5234,8.78118,0.517437,-1.63306,seated
7.60653,76,-1.30289,-0.258662,-9.19688,0.0141148,0.0628506,0.026099,0.0,0.0,0.0,0.0,16.6992,1.75616,0.522786,-1.63156,seated
7.70663,77,-1.27415,-0.277822,-9.24478,0.0,-0.110788,0.0316916,0.0,0.0,0.0,0.0,15.8203,-8.78082,0.495994,-1.63888,seated
7.80672,78,-1.28373,-0.296982,-9.39806,0.00319579,-0.280431,-0.00452737,0.0,0.0,0.0,0.0,13.8867,-19.3178,0.43665,-1.65361,seated
7.90681,79,-1.33163,-0.249082,-9.72378,-0.00319579,-0.428769,0.00266316,0.0,0.0,0.0,0.0,11.25,-26.3426,0.354938,-1.67067,seated
8.00691,80,-1.40827,-0.220342,-10.0495,-0.0167779,-0.570449,0.0308927,0.0,0.0,0.0,0.0,7.73438,-35.1233,0.244849,-1.6879,seated
8.10699,81,-1.43701,-0.287402,-10.2794,-0.0146474,-0.637028,0.00958738,0.0,0.0,0.0,0.0,4.04297,-36.8832,0.128272,-1.69916,seated
8.20708,82,-1.41785,-0.229922,-10.4135,-0.00585895,-0.686563,-0.0114516,0.0,0.0,0.0,0.0,0.0,-40.3932,0.0,-1.7034,seated
8.30717,83,-1.43701,-0.229922,-10.4231,-0.00798948,-0.693221,0.00692422,0.0,0.0,0.0,0.0,-3.86719,-38.6363,-0.122704,-1.69952,seated
8.40726,84,-1.39869,-0.229922,-10.3082,-0.00932106,-0.658333,0.0237021,0.0,0.0,0.0,0.0,-7.55859,-36.8801,-0.239317,-1.6886,seated
8.50735,85,-1.32205,-0.268242,-10.0495,-0.00639159,-0.554736,0.0178432,0.0,0.0,0.0,0.0,-11.0742,-35.1242,-0.349461,-1.67168,seated
8.60743,86,-1.34121,-0.277822,-9.72378,0.00292948,-0.404268,-0.00532632,0.0,0.0,0.0,0.0,-13.7109,-26.3465,-0.431229,-1.65486,seated
8.70751,87,-1.28373,-0.268242,-9.54176,0.0114516,-0.317449,-0.00585895,0.0,0.0,0.0,0.0,-14.9414,-12.2959,-0.469085,-1.64581,seated
8.80759,88,-1.22625,-0.249082,-9.38848,0.00585895,-0.145941,0.00905475,0.0,0.0,0.0,0.0,-15.6445,-7.02501,-0.490621,-1.64029,seated
8.90769,89,-1.21667,-0.287402,-9.331,0.0114516,0.0194411,0.0215716,0.0,0.0,0.0,0.0,-15.4688,1.75622,-0.485244,-1.6417,seated
9.00778,90,-1.24541,-0.268242,-9.41722,0.0111853,0.190416,0.0242348,0.0,0.0,0.0,0.0,-14.2383,12.293,-0.447478,-1.65107,seated
9.10787,91,-1.34121,-0.277822,-9.59924,0.0194411,0.356864,0.0157127,0.0,0.0,0.0,0.0,-12.3047,19.318,-0.387722,-1.66427,seated
9.20797,92,-1.34121,-0.249082,-9.87706,0.0255663,0.499076,0.00372843,0.0,0.0,0.0,0.0,-9.66797,26.3424,-0.305539,-1.67921,seated
9.30806,93,-1.39869,-0.220342,-10.1645,0.0245011,0.61013,0.0170442,0.0,0.0,0.0,0.0,-6.15234,35.1231,-0.194984,-1.69359,seated
9.40816,94,-1.45617,-0.220342,-10.3656,0.0295611,0.691357,0.0284958,0.0,0.0,0.0,0.0,-2.10938,40.3915,-0.0669652,-1.70225,seated
9.50824,95,-1.47533,-0.268242,-10.4231,0.0324906,0.718521,0.0141148,0.0,0.0,0.0,0.0,1.93359,40.3947,0.061387,-1.70243,seated
9.60833,96,-1.46575,-0.249082,-10.3752,0.0348874,0.719586,0.00532632,0.0,0.0,0.0,0.0,5.44922,35.1255,0.172772,-1.6957,seated
9.70843,97,-1.42743,-0.239502,-10.1645,0.0319579,0.67085,0.0138484,0.0,0.0,0.0,0.0,8.78906,33.367,0.277992,-1.6834,seated
9.80852,98,-1.39869,-0.249082,-9.93454,0.0284958,0.579504,0.0343548,0.0,0.0,0.0,0.0,12.1289,33.3666,0.382267,-1.66538,seated
9.90861,99,-1.35079,-0.335303,-9.60882,0.0284958,0.455933,0.00798948,0.0,0.0,0.0,0.0,14.4141,22.8304,0.452886,-1.64978,seated
10.0087,100,-1.30289,-0.277822,-9.3789,0.0263653,0.304399,-0.00479369,0.0,0.0,0.0,0.0,15.8203,14.0499,0.495994,-1.63888,seated
