1.90735e-05,0,1.0,1.0,1.0,1.0,1.0,1.0,0.0,0.0,0.0,0.0,15.293,0.0,0.479862,-1.64308,seated
0.060101,1,1.0,1.0,1.0,1.0,1.0,1.0,0.0,0.0,0.0,0.0,16.3477,17.5541,0.512083,-1.63453,seated
0.120185,2,1.0,1.0,1.0,1.0,1.0,1.0,0.0,0.0,0.0,0.0,17.0508,11.7024,0.533468,-1.62853,seated
0.180262,3,1.0,1.0,1.0,1.0,1.0,1.0,0.0,0.0,0.0,0.0,17.4023,5.85185,0.544131,-1.62543,seated
0.240345,4,1.0,1.0,1.0,1.0,1.0,1.0,0.0,0.0,0.0,0.0,17.5781,2.92564,0.549455,-1.62386,seated
0.30042,5,1.0,1.0,1.0,1.0,1.0,1.0,0.0,0.0,0.0,0.0,17.2266,-5.85206,0.538802,-1.62699,seated
0.360497,6,1.0,1.0,1.0,1.0,1.0,1.0,0.0,0.0,0.0,0.0,16.5234,-11.7037,0.517437,-1.63306,seated
0.42058,7,1.0,1.0,1.0,1.0,1.0,1.0,0.0,0.0,0.0,0.0,15.293,-20.4795,0.479862,-1.64308,seated
0.480654,8,1.0,1.0,1.0,1.0,1.0,1.0,0.0,0.0,0.0,0.0,13.7109,-26.3347,0.431229,-1.65486,seated
0.540732,9,1.0,1.0,1.0,1.0,1.0,1.0,0.0,0.0,0.0,0.0,11.7773,-32.1848,0.371346,-1.66754,seated
0.600809,10,1.0,1.0,1.0,1.0,1.0,1.0,0.0,0.0,0.0,0.0,9.49219,-38.037,0.300035,-1.68008,seated
0.660889,11,1.0,1.0,1.0,1.0,1.0,1.0,0.0,0.0,0.0,0.0,7.20703,-38.0353,0.228247,-1.68994,seated
0.720967,12,1.0,1.0,1.0,1.0,1.0,1.0,0.0,0.0,0.0,0.0,4.57031,-43.8882,0.14497,-1.69798,seated
0.781039,13,1.0,1.0,1.0,1.0,1.0,1.0,0.0,0.0,0.0,0.0,1.75781,-46.8189,0.0558082,-1.7026,seated
0.841122,14,1.0,1.0,1.0,1.0,1.0,1.0,0.0,0.0,0.0,0.0,-1.05469,-46.8103,-0.0334883,-1.70311,seated
0.901194,15,1.0,1.0,1.0,1.0,1.0,1.0,0.0,0.0,0.0,0.0,-3.86719,-46.8187,-0.122704,-1.69952,seated
0.961274,16,1.0,1.0,1.0,1.0,1.0,1.0,0.0,0.0,0.0,0.0,-6.67969,-46.8127,-0.211624,-1.69184,seated
1.02135,17,1.0,1.0,1.0,1.0,1.0,1.0,0.0,0.0,0.0,0.0,-9.31641,-43.8925,-0.294528,-1.68093,seated
1.08143,18,1.0,1.0,1.0,1.0,1.0,1.0,0.0,0.0,0.0,0.0,-11.7773,-40.9611,-0.371346,-1.66754,seated
1.1415,19,1.0,1.0,1.0,1.0,1.0,1.0,0.0,0.0,0.0,0.0,-14.0625,-38.037,-0.442066,-1.65235,seated
1.20158,20,1.0,1.0,1.0,1.0,1.0,1.0,0.0,0.0,0.0,0.0,-15.9961,-32.1853,-0.501362,-1.63745,seated
1.26166,21,1.0,1.0,1.0,1.0,1.0,1.0,0.0,0.0,0.0,0.0,-17.7539,-29.2584,-0.554773,-1.62228,seated
1.32173,22,1.0,1.0,1.0,1.0,1.0,1.0,0.0,0.0,0.0,0.0,-18.9844,-20.4819,-0.591853,-1.61075,seated
1.38181,23,1.0,1.0,1.0,1.0,1.0,1.0,0.0,0.0,0.0,0.0,-19.8633,-14.6304,-0.618173,-1.60206,seated
1.44189,24,1.0,1.0,1.0,1.0,1.0,1.0,0.0,0.0,0.0,0.0,-20.5664,-11.7037,-0.639124,-1.59483,seated
1.50196,25,1.0,1.0,1.0,1.0,1.0,1.0,0.0,0.0,0.0,0.0,-20.7422,-2.92598,-0.644347,-1.59299,seated
1.56205,26,1.0,1.0,1.0,1.0,1.0,1.0,0.0,0.0,0.0,0.0,-20.3906,5.85108,-0.633896,-1.59666,seated
1.62212,27,1.0,1.0,1.0,1.0,1.0,1.0,0.0,0.0,0.0,0.0,-19.8633,8.77767,-0.618173,-1.60206,seated
1.6822,28,1.0,1.0,1.0,1.0,1.0,1.0,0.0,0.0,0.0,0.0,-18.8086,17.5559,-0.586572,-1.61244,seated
1.74228,29,1.0,1.0,1.0,1.0,1.0,1.0,0.0,0.0,0.0,0.0,-17.4023,23.4074,-0.544131,-1.62543,seated
1.80235,30,1.0,1.0,1.0,1.0,1.0,1.0,0.0,0.0,0.0,0.0,-15.6445,29.2609,-0.490621,-1.64029,seated
1.86243,31,1.0,1.0,1.0,1.0,1.0,1.0,0.0,0.0,0.0,0.0,-13.5352,35.1105,-0.425804,-1.65609,seated
1.92251,32,1.0,1.0,1.0,1.0,1.0,1.0,0.0,0.0,0.0,0.0,-11.25,38.0378,-0.354938,-1.67067,seated
1.98258,33,1.0,1.0,1.0,1.0,1.0,1.0,0.0,0.0,0.0,0.0,-8.61328,43.8876,-0.272474,-1.68419,seated
2.04266,34,1.0,1.0,1.0,1.0,1.0,1.0,0.0,0.0,0.0,0.0,-5.97656,43.8918,-0.189434,-1.69414,seated
2.10273,35,1.0,1.0,1.0,1.0,1.0,1.0,0.0,0.0,0.0,0.0,-3.16406,46.8166,-0.100419,-1.7008,seated
2.16281,36,1.0,1.0,1.0,1.0,1.0,1.0,0.0,0.0,0.0,0.0,-0.351562,46.8125,-0.0111633,-1.70337,seated
2.22289,37,1.0,1.0,1.0,1.0,1.0,1.0,0.0,0.0,0.0,0.0,2.46094,46.8157,0.0781197,-1.70183,seated
2.28297,38,1.0,1.0,1.0,1.0,1.0,1.0,0.0,0.0,0.0,0.0,5.09766,43.8875,0.161656,-1.69666,seated
2.34304,39,1.0,1.0,1.0,1.0,1.0,1.0,0.0,0.0,0.0,0.0,7.55859,40.9652,0.239317,-1.6886,seated
2.40312,40,1.0,1.0,1.0,1.0,1.0,1.0,0.0,0.0,0.0,0.0,9.84375,38.0352,0.31104,-1.67832,seated
2.4632,41,1.0,1.0,1.0,1.0,1.0,1.0,0.0,0.0,0.0,0.0,11.9531,35.1112,0.376808,-1.66647,seated
2.52327,42,1.0,1.0,1.0,1.0,1.0,1.0,0.0,0.0,0.0,0.0,13.7109,29.2598,0.431229,-1.65486,seated
2.58335,43,1.0,1.0,1.0,1.0,1.0,1.0,0.0,0.0,0.0,0.0,15.1172,23.4066,0.474476,-1.64445,seated
2.64343,44,1.0,1.0,1.0,1.0,1.0,1.0,0.0,0.0,0.0,0.0,16.1719,17.5559,0.506725,-1.636,seated
2.70351,45,1.0,1.0,1.0,1.0,1.0,1.0,0.0,0.0,0.0,0.0,16.6992,8.7778,0.522786,-1.63156,seated
2.76359,46,1.0,1.0,1.0,1.0,1.0,1.0,0.0,0.0,0.0,0.0,17.0508,5.85127,0.533468,-1.62853,seated
2.82367,47,1.0,1.0,1.0,1.0,1.0,1.0,0.0,0.0,0.0,0.0,16.875,-2.92584,0.528129,-1.63005,seated
2.88375,48,1.0,1.0,1.0,1.0,1.0,1.0,0.0,0.0,0.0,0.0,16.3477,-8.77763,0.512083,-1.63453,seated
2.94382,49,1.0,1.0,1.0,1.0,1.0,1.0,0.0,0.0,0.0,0.0,15.4688,-14.6299,0.485244,-1.6417,seated
3.0039,50,1.0,1.0,1.0,1.0,1.0,1.0,0.0,0.0,0.0,0.0,14.0625,-23.4067,0.442066,-1.65235,seated
3.06398,51,1.0,1.0,1.0,1.0,1.0,1.0,0.0,0.0,0.0,0.0,12.4805,-26.3329,0.393174,-1.66315,seated
3.12406,52,1.0,1.0,1.0,1.0,1.0,1.0,0.0,0.0,0.0,0.0,10.5469,-32.1853,0.333014,-1.67462,seated
3.18414,53,1.0,1.0,1.0,1.0,1.0,1.0,0.0,0.0,0.0,0.0,8.26172,-38.0359,0.261432,-1.68572,seated
3.24421,54,1.0,1.0,1.0,1.0,1.0,1.0,0.0,0.0,0.0,0.0,5.80078,-40.9623,0.183881,-1.69468,seated
3.30428,55,1.0,1.0,1.0,1.0,1.0,1.0,0.0,0.0,0.0,0.0,3.33984,-40.9712,0.105992,-1.70051,seated
3.36435,56,1.0,1.0,1.0,1.0,1.0,1.0,0.0,0.0,0.0,0.0,0.527344,-46.8166,0.0167449,-1.70333,seated
3.42443,57,1.0,1.0,1.0,1.0,1.0,1.0,0.0,0.0,0.0,0.0,-2.28516,-46.8148,-0.0725428,-1.70205,seated
3.48451,58,1.0,1.0,1.0,1.0,1.0,1.0,0.0,0.0,0.0,0.0,-4.92188,-43.8869,-0.156095,-1.69712,seated
3.54458,59,1.0,1.0,1.0,1.0,1.0,1.0,0.0,0.0,0.0,0.0,-7.55859,-43.8918,-0.239317,-1.6886,seated
3.60467,60,1.0,1.0,1.0,1.0,1.0,1.0,0.0,0.0,0.0,0.0,-10.1953,-43.8847,-0.322033,-1.6765,seated
3.66475,61,1.0,1.0,1.0,1.0,1.0,1.0,0.0,0.0,0.0,0.0,-12.4805,-38.0364,-0.393174,-1.66315,seated
3.72482,62,1.0,1.0,1.0,1.0,1.0,1.0,0.0,0.0,0.0,0.0,-14.5898,-35.1107,-0.45829,-1.64847,seated
3.7849,63,1.0,1.0,1.0,1.0,1.0,1.0,0.0,0.0,0.0,0.0,-16.3477,-29.2583,-0.512083,-1.63453,seated
3.84498,64,1.0,1.0,1.0,1.0,1.0,1.0,0.0,0.0,0.0,0.0,-17.9297,-26.3348,-0.560086,-1.62067,seated
3.90505,65,1.0,1.0,1.0,1.0,1.0,1.0,0.0,0.0,0.0,0.0,-18.9844,-17.5553,-0.591853,-1.61075,seated
3.96513,66,1.0,1.0,1.0,1.0,1.0,1.0,0.0,0.0,0.0,0.0,-19.6875,-11.7034,-0.612921,-1.60383,seated
4.02521,67,1.0,1.0,1.0,1.0,1.0,1.0,0.0,0.0,0.0,0.0,-20.0391,-5.85148,-0.62342,-1.60027,seated
4.08528,68,1.0,1.0,1.0,1.0,1.0,1.0,0.0,0.0,0.0,0.0,-20.0391,0.0,-0.62342,-1.60027,seated
4.14536,69,1.0,1.0,1.0,1.0,1.0,1.0,0.0,0.0,0.0,0.0,-19.6875,5.85206,-0.612921,-1.60383,seated
4.20543,70,1.0,1.0,1.0,1.0,1.0,1.0,0.0,0.0,0.0,0.0,-18.8086,14.6292,-0.586572,-1.61244,seated
4.26551,71,1.0,1.0,1.0,1.0,1.0,1.0,0.0,0.0,0.0,0.0,-17.5781,20.4811,-0.549455,-1.62386,seated
4.32559,72,1.0,1.0,1.0,1.0,1.0,1.0,0.0,0.0,0.0,0.0,-16.1719,23.4055,-0.506725,-1.636,seated
4.38568,73,1.0,1.0,1.0,1.0,1.0,1.0,0.0,0.0,0.0,0.0,-14.2383,32.1825,-0.447478,-1.65107,seated
4.44576,74,1.0,1.0,1.0,1.0,1.0,1.0,0.0,0.0,0.0,0.0,-12.1289,35.1079,-0.382267,-1.66538,seated
4.50584,75,1.0,1.0,1.0,1.0,1.0,1.0,0.0,0.0,0.0,0.0,-9.84375,38.0356,-0.31104,-1.67832,seated
4.56591,76,1.0,1.0,1.0,1.0,1.0,1.0,0.0,0.0,0.0,0.0,-7.20703,43.8908,-0.228247,-1.68994,seated
4.62599,77,1.0,1.0,1.0,1.0,1.0,1.0,0.0,0.0,0.0,0.0,-4.57031,43.8869,-0.14497,-1.69798,seated
4.68607,78,1.0,1.0,1.0,1.0,1.0,1.0,0.0,0.0,0.0,0.0,-1.93359,43.8888,-0.061387,-1.70243,seated
4.74615,79,1.0,1.0,1.0,1.0,1.0,1.0,0.0,0.0,0.0,0.0,0.703125,43.8868,0.0223262,-1.70327,seated
4.80623,80,1.0,1.0,1.0,1.0,1.0,1.0,0.0,0.0,0.0,0.0,3.33984,43.8868,0.105992,-1.70051,seated
4.8663,81,1.0,1.0,1.0,1.0,1.0,1.0,0.0,0.0,0.0,0.0,5.97656,43.892,0.189434,-1.69414,seated
4.92638,82,1.0,1.0,1.0,1.0,1.0,1.0,0.0,0.0,0.0,0.0,8.26172,38.0378,0.261432,-1.68572,seated
4.98645,83,1.0,1.0,1.0,1.0,1.0,1.0,0.0,0.0,0.0,0.0,10.3711,35.113,0.327525,-1.67557,seated
5.04654,84,1.0,1.0,1.0,1.0,1.0,1.0,0.0,0.0,0.0,0.0,12.3047,32.1809,0.387722,-1.66427,seated
5.10663,85,1.0,1.0,1.0,1.0,1.0,1.0,0.0,0.0,0.0,0.0,13.8867,26.3295,0.43665,-1.65361,seated
5.1667,86,1.0,1.0,1.0,1.0,1.0,1.0,0.0,0.0,0.0,0.0,15.1172,20.4812,0.474476,-1.64445,seated
5.22678,87,1.0,1.0,1.0,1.0,1.0,1.0,0.0,0.0,0.0,0.0,15.9961,14.63,0.501362,-1.63745,seated
5.28685,88,1.0,1.0,1.0,1.0,1.0,1.0,0.0,0.0,0.0,0.0,16.3477,5.85196,0.512083,-1.63453,seated
5.34693,89,1.0,1.0,1.0,1.0,1.0,1.0,0.0,0.0,0.0,0.0,16.5234,2.92597,0.517437,-1.63306,seated
5.40701,90,1.0,1.0,1.0,1.0,1.0,1.0,0.0,0.0,0.0,0.0,16.1719,-5.85157,0.506725,-1.636,seated
5.46709,91,1.0,1.0,1.0,1.0,1.0,1.0,0.0,0.0,0.0,0.0,15.4688,-11.7039,0.485244,-1.6417,seated
5.52717,92,1.0,1.0,1.0,1.0,1.0,1.0,0.0,0.0,0.0,0.0,14.4141,-17.555,0.452886,-1.64978,seated
5.58724,93,1.0,1.0,1.0,1.0,1.0,1.0,0.0,0.0,0.0,0.0,13.0078,-23.409,0.409506,-1.65969,seated
5.64732,94,1.0,1.0,1.0,1.0,1.0,1.0,0.0,0.0,0.0,0.0,11.25,-29.258,0.354938,-1.67067,seated
5.70739,95,1.0,1.0,1.0,1.0,1.0,1.0,0.0,0.0,0.0,0.0,9.14062,-35.1146,0.289019,-1.68177,seated
5.76747,96,1.0,1.0,1.0,1.0,1.0,1.0,0.0,0.0,0.0,0.0,7.03125,-35.1082,0.222708,-1.69059,seated
5.82754,97,1.0,1.0,1.0,1.0,1.0,1.0,0.0,0.0,0.0,0.0,4.57031,-40.9673,0.14497,-1.69798,seated
5.88762,98,1.0,1.0,1.0,1.0,1.0,1.0,0.0,0.0,0.0,0.0,1.93359,-43.8899,0.061387,-1.70243,seated
5.9477,99,1.0,1.0,1.0,1.0,1.0,1.0,0.0,0.0,0.0,0.0,-0.703125,-43.884,-0.0223262,-1.70327,seated
6.00778,100,1.0,1.0,1.0,1.0,1.0,1.0,0.0,0.0,0.0,0.0,-3.51562,-46.8179,-0.111564,-1.70019,seated
6.06786,101,1.0,1.0,1.0,1.0,1.0,1.0,0.0,0.0,0.0,0.0,-6.15234,-43.8841,-0.194984,-1.69359,seated
6.12794,102,1.0,1.0,1.0,1.0,1.0,1.0,0.0,0.0,0.0,0.0,-8.61328,-40.9628,-0.272474,-1.68419,seated
6.18801,103,1.0,1.0,1.0,1.0,1.0,1.0,0.0,0.0,0.0,0.0,-11.0742,-40.9639,-0.349461,-1.67168,seated
6.24809,104,1.0,1.0,1.0,1.0,1.0,1.0,0.0,0.0,0.0,0.0,-13.1836,-35.1088,-0.414943,-1.65851,seated
6.30817,105,1.0,1.0,1.0,1.0,1.0,1.0,0.0,0.0,0.0,0.0,-15.1172,-32.1853,-0.474476,-1.64445,seated
6.36825,106,1.0,1.0,1.0,1.0,1.0,1.0,0.0,0.0,0.0,0.0,-16.6992,-26.3335,-0.522786,-1.63156,seated
6.42827,107,1.0,1.0,1.0,1.0,1.0,1.0,0.0,0.0,0.0,0.0,-17.9297,-20.502,-0.560086,-1.62067,seated
6.48834,108,1.0,1.0,1.0,1.0,1.0,1.0,0.0,0.0,0.0,0.0,-18.9844,-17.5562,-0.591853,-1.61075,seated
6.54842,109,1.0,1.0,1.0,1.0,1.0,1.0,0.0,0.0,0.0,0.0,-19.5117,-8.77808,-0.607662,-1.60558,seated
6.60849,110,1.0,1.0,1.0,1.0,1.0,1.0,0.0,0.0,0.0,0.0,-19.6875,-2.92599,-0.612921,-1.60383,seated
6.66857,111,1.0,1.0,1.0,1.0,1.0,1.0,0.0,0.0,0.0,0.0,-19.5117,2.92583,0.0,0.0,unfolded
6.72865,112,1.0,1.0,1.0,1.0,1.0,1.0,0.0,0.0,0.0,0.0,-18.8086,11.7039,0.0,0.0,unfolded
6.78872,113,1.0,1.0,1.0,1.0,1.0,1.0,0.0,0.0,0.0,0.0,-17.9297,14.6297,0.0,0.0,unfolded
6.8488,114,1.0,1.0,1.0,1.0,1.0,1.0,0.0,0.0,0.0,0.0,-16.5234,23.4079,0.0,0.0,unfolded
6.90887,115,1.0,1.0,1.0,1.0,1.0,1.0,0.0,0.0,0.0,0.0,-14.9414,26.3346,0.0,0.0,unfolded
6.96895,116,1.0,1.0,1.0,1.0,1.0,1.0,0.0,0.0,0.0,0.0,-13.0078,32.1864,0.0,0.0,unfolded
7.02902,117,1.0,1.0,1.0,1.0,1.0,1.0,0.0,0.0,0.0,0.0,-10.8984,35.114,0.0,0.0,unfolded
7.0891,118,1.0,1.0,1.0,1.0,1.0,1.0,0.0,0.0,0.0,0.0,-8.4375,40.9585,0.0,0.0,unfolded
7.14918,119,1.0,1.0,1.0,1.0,1.0,1.0,0.0,0.0,0.0,0.0,-5.97656,40.9621,0.0,0.0,unfolded
7.20926,120,1.0,1.0,1.0,1.0,1.0,1.0,0.0,0.0,0.0,0.0,-3.33984,43.8922,0.0,0.0,unfolded
7.26933,121,1.0,1.0,1.0,1.0,1.0,1.0,0.0,0.0,0.0,0.0,-0.703125,43.8913,0.0,0.0,unfolded
7.3294,122,1.0,1.0,1.0,1.0,1.0,1.0,0.0,0.0,0.0,0.0,1.93359,43.8897,0.0,0.0,unfolded
7.38948,123,1.0,1.0,1.0,1.0,1.0,1.0,0.0,0.0,0.0,0.0,4.39453,40.9623,0.0,0.0,unfolded
7.44956,124,1.0,1.0,1.0,1.0,1.0,1.0,0.0,0.0,0.0,0.0,6.85547,40.9603,0.0,0.0,folded
7.50964,125,1.0,1.0,1.0,1.0,1.0,1.0,0.0,0.0,0.0,0.0,8.96484,35.1118,0.0,0.0,folded
7.56972,126,1.0,1.0,1.0,1.0,1.0,1.0,0.0,0.0,0.0,0.0,11.0742,35.1116,0.0,0.0,folded
7.62979,127,1.0,1.0,1.0,1.0,1.0,1.0,0.0,0.0,0.0,0.0,12.6562,26.3351,0.0,0.0,folded
7.68987,128,1.0,1.0,1.0,1.0,1.0,1.0,0.0,0.0,0.0,0.0,14.0625,23.4065,0.0,0.0,folded
7.74995,129,1.0,1.0,1.0,1.0,1.0,1.0,0.0,0.0,0.0,0.0,15.1172,17.5555,0.0,0.0,folded
7.81002,130,1.0,1.0,1.0,1.0,1.0,1.0,0.0,0.0,0.0,0.0,15.6445,8.7778,0.0,0.0,folded
7.8701,131,1.0,1.0,1.0,1.0,1.0,1.0,0.0,0.0,0.0,0.0,15.9961,5.85171,0.0,0.0,folded
7.93017,132,1.0,1.0,1.0,1.0,1.0,1.0,0.0,0.0,0.0,0.0,15.9961,0.0,0.0,0.0,folded
7.99025,133,1.0,1.0,1.0,1.0,1.0,1.0,0.0,0.0,0.0,0.0,15.4688,-8.77749,0.0,0.0,folded
8.05027,134,1.0,1.0,1.0,1.0,1.0,1.0,0.0,0.0,0.0,0.0,14.5898,-14.6436,0.0,0.0,folded
8.11034,135,1.0,1.0,1.0,1.0,1.0,1.0,0.0,0.0,0.0,0.0,13.3594,-20.4829,0.0,0.0,folded
8.17042,136,1.0,1.0,1.0,1.0,1.0,1.0,0.0,0.0,0.0,0.0,11.7773,-26.3338,0.0,0.0,unfolded
8.2305,137,1.0,1.0,1.0,1.0,1.0,1.0,0.0,0.0,0.0,0.0,10.0195,-29.2587,0.0,0.0,unfolded
8.29058,138,1.0,1.0,1.0,1.0,1.0,1.0,0.0,0.0,0.0,0.0,7.91016,-35.1108,0.0,0.0,unfolded
8.35065,139,1.0,1.0,1.0,1.0,1.0,1.0,0.0,0.0,0.0,0.0,5.625,-38.0384,0.0,0.0,unfolded
8.41073,140,1.0,1.0,1.0,1.0,1.0,1.0,0.0,0.0,0.0,0.0,3.16406,-40.9623,0.0,0.0,unfolded
8.47081,141,1.0,1.0,1.0,1.0,1.0,1.0,0.0,0.0,0.0,0.0,0.527344,-43.8901,0.0,0.0,unfolded
8.53088,142,1.0,1.0,1.0,1.0,1.0,1.0,0.0,0.0,0.0,0.0,-1.93359,-40.9646,0.0,0.0,unfolded
8.59096,143,1.0,1.0,1.0,1.0,1.0,1.0,0.0,0.0,0.0,0.0,-4.57031,-43.8875,0.0,0.0,unfolded
8.65104,144,1.0,1.0,1.0,1.0,1.0,1.0,0.0,0.0,0.0,0.0,-7.20703,-43.888,0.0,0.0,unfolded
8.71112,145,1.0,1.0,1.0,1.0,1.0,1.0,0.0,0.0,0.0,0.0,-9.49219,-38.0353,0.0,0.0,folded
8.77119,146,1.0,1.0,1.0,1.0,1.0,1.0,0.0,0.0,0.0,0.0,-11.7773,-38.0382,0.0,0.0,folded
8.83127,147,1.0,1.0,1.0,1.0,1.0,1.0,0.0,0.0,0.0,0.0,-13.7109,-32.1834,0.0,0.0,folded
8.89134,148,1.0,1.0,1.0,1.0,1.0,1.0,0.0,0.0,0.0,0.0,-15.4688,-29.2623,0.0,0.0,folded
8.95142,149,1.0,1.0,1.0,1.0,1.0,1.0,0.0,0.0,0.0,0.0,-16.875,-23.4079,0.0,0.0,folded
9.0115,150,1.0,1.0,1.0,1.0,1.0,1.0,0.0,0.0,0.0,0.0,-18.1055,-20.4818,0.0,0.0,folded
9.07157,151,1.0,1.0,1.0,1.0,1.0,1.0,0.0,0.0,0.0,0.0,-18.8086,-11.7036,0.0,0.0,folded
9.13165,152,1.0,1.0,1.0,1.0,1.0,1.0,0.0,0.0,0.0,0.0,-19.1602,-5.85189,0.0,0.0,folded
9.19173,153,1.0,1.0,1.0,1.0,1.0,1.0,0.0,0.0,0.0,0.0,-19.1602,0.0,0.0,0.0,unfolded
9.25181,154,1.0,1.0,1.0,1.0,1.0,1.0,0.0,0.0,0.0,0.0,-18.8086,5.85173,0.0,0.0,unfolded
9.31188,155,1.0,1.0,1.0,1.0,1.0,1.0,0.0,0.0,0.0,0.0,-17.9297,14.6302,0.0,0.0,unfolded
9.37196,156,1.0,1.0,1.0,1.0,1.0,1.0,0.0,0.0,0.0,0.0,-16.875,17.5556,0.0,0.0,unfolded
9.43204,157,1.0,1.0,1.0,1.0,1.0,1.0,0.0,0.0,0.0,0.0,-15.4688,23.4058,0.0,0.0,unfolded
9.49212,158,1.0,1.0,1.0,1.0,1.0,1.0,0.0,0.0,0.0,0.0,-13.7109,29.259,0.0,0.0,unfolded
9.55219,159,1.0,1.0,1.0,1.0,1.0,1.0,0.0,0.0,0.0,0.0,-11.7773,32.188,0.0,0.0,unfolded
9.61227,160,1.0,1.0,1.0,1.0,1.0,1.0,0.0,0.0,0.0,0.0,-9.49219,38.0352,0.0,0.0,unfolded
9.67234,161,1.0,1.0,1.0,1.0,1.0,1.0,0.0,0.0,0.0,0.0,-7.20703,38.0418,0.0,0.0,unfolded
9.73241,162,1.0,1.0,1.0,1.0,1.0,1.0,0.0,0.0,0.0,0.0,-4.74609,40.9641,0.0,0.0,unfolded
9.79248,163,1.0,1.0,1.0,1.0,1.0,1.0,0.0,0.0,0.0,0.0,-2.10938,43.8942,0.0,0.0,unfolded
9.85256,164,1.0,1.0,1.0,1.0,1.0,1.0,0.0,0.0,0.0,0.0,0.527344,43.8922,0.0,0.0,unfolded
9.91264,165,1.0,1.0,1.0,1.0,1.0,1.0,0.0,0.0,0.0,0.0,2.98828,40.9598,0.0,0.0,unfolded
9.97271,166,1.0,1.0,1.0,1.0,1.0,1.0,0.0,0.0,0.0,0.0,5.44922,40.9649,0.0,0.0,unfolded
10.0328,167,1.0,1.0,1.0,1.0,1.0,1.0,0.0,0.0,0.0,0.0,7.73438,38.0393,0.0,0.0,folded
10.0929,168,1.0,1.0,1.0,1.0,1.0,1.0,0.0,0.0,0.0,0.0,9.66797,32.1839,0.0,0.0,folded
10.1529,169,1.0,1.0,1.0,1.0,1.0,1.0,0.0,0.0,0.0,0.0,11.4258,29.2603,0.0,0.0,folded
10.213,170,1.0,1.0,1.0,1.0,1.0,1.0,0.0,0.0,0.0,0.0,13.0078,26.332,0.0,0.0,folded
10.2731,171,1.0,1.0,1.0,1.0,1.0,1.0,0.0,0.0,0.0,0.0,14.2383,20.4833,0.0,0.0,folded
10.3332,172,1.0,1.0,1.0,1.0,1.0,1.0,0.0,0.0,0.0,0.0,14.9414,11.7038,0.0,0.0,folded
10.3932,173,1.0,1.0,1.0,1.0,1.0,1.0,0.0,0.0,0.0,0.0,15.4688,8.77808,0.0,0.0,folded
10.4533,174,1.0,1.0,1.0,1.0,1.0,1.0,0.0,0.0,0.0,0.0,15.4688,0.0,0.0,0.0,folded
10.5134,175,1.0,1.0,1.0,1.0,1.0,1.0,0.0,0.0,0.0,0.0,15.293,-2.92605,0.0,0.0,folded
10.5735,176,1.0,1.0,1.0,1.0,1.0,1.0,0.0,0.0,0.0,0.0,14.5898,-11.7036,0.0,0.0,unfolded
10.6336,177,1.0,1.0,1.0,1.0,1.0,1.0,0.0,0.0,0.0,0.0,13.7109,-14.6292,0.0,0.0,unfolded
10.6936,178,1.0,1.0,1.0,1.0,1.0,1.0,0.0,0.0,0.0,0.0,12.3047,-23.4077,0.0,0.0,unfolded
10.7537,179,1.0,1.0,1.0,1.0,1.0,1.0,0.0,0.0,0.0,0.0,10.5469,-29.2595,0.0,0.0,unfolded
10.8138,180,1.0,1.0,1.0,1.0,1.0,1.0,0.0,0.0,0.0,0.0,8.61328,-32.188,0.0,0.0,unfolded
10.8738,181,1.0,1.0,1.0,1.0,1.0,1.0,0.0,0.0,0.0,0.0,6.50391,-35.1147,0.0,0.0,unfolded
10.9339,182,1.0,1.0,1.0,1.0,1.0,1.0,0.0,0.0,0.0,0.0,4.21875,-38.0364,0.0,0.0,unfolded
10.994,183,1.0,1.0,1.0,1.0,1.0,1.0,0.0,0.0,0.0,0.0,1.93359,-38.0381,0.0,0.0,unfolded
11.0541,184,1.0,1.0,1.0,1.0,1.0,1.0,0.0,0.0,0.0,0.0,-0.703125,-43.8855,0.0,0.0,unfolded
11.1142,185,1.0,1.0,1.0,1.0,1.0,1.0,0.0,0.0,0.0,0.0,-3.16406,-40.9623,0.0,0.0,unfolded
11.1742,186,1.0,1.0,1.0,1.0,1.0,1.0,0.0,0.0,0.0,0.0,-5.80078,-43.8878,0.0,0.0,folded
11.2343,187,1.0,1.0,1.0,1.0,1.0,1.0,0.0,0.0,0.0,0.0,-8.08594,-38.0669,0.0,0.0,folded
11.2943,188,1.0,1.0,1.0,1.0,1.0,1.0,0.0,0.0,0.0,0.0,-10.3711,-38.0397,0.0,0.0,folded
11.3544,189,1.0,1.0,1.0,1.0,1.0,1.0,0.0,0.0,0.0,0.0,-12.4805,-35.1123,0.0,0.0,folded
11.4145,190,1.0,1.0,1.0,1.0,1.0,1.0,0.0,0.0,0.0,0.0,-14.2383,-29.2573,0.0,0.0,folded
11.4746,191,1.0,1.0,1.0,1.0,1.0,1.0,0.0,0.0,0.0,0.0,-15.8203,-26.3335,0.0,0.0,folded
11.5347,192,1.0,1.0,1.0,1.0,1.0,1.0,0.0,0.0,0.0,0.0,-17.0508,-20.4819,0.0,0.0,folded
11.5947,193,1.0,1.0,1.0,1.0,1.0,1.0,0.0,0.0,0.0,0.0,-17.9297,-14.6308,0.0,0.0,folded
11.6548,194,1.0,1.0,1.0,1.0,1.0,1.0,0.0,0.0,0.0,0.0,-18.457,-8.77613,0.0,0.0,folded
11.7149,195,1.0,1.0,1.0,1.0,1.0,1.0,0.0,0.0,0.0,0.0,-18.6328,-2.92592,0.0,0.0,folded
11.775,196,1.0,1.0,1.0,1.0,1.0,1.0,0.0,0.0,0.0,0.0,-18.457,2.92587,0.0,0.0,unfolded
11.8351,197,1.0,1.0,1.0,1.0,1.0,1.0,0.0,0.0,0.0,0.0,-17.9297,8.77707,0.0,0.0,unfolded
11.8951,198,1.0,1.0,1.0,1.0,1.0,1.0,0.0,0.0,0.0,0.0,-17.0508,14.6298,0.0,0.0,unfolded
11.9552,199,1.0,1.0,1.0,1.0,1.0,1.0,0.0,0.0,0.0,0.0,-15.8203,20.484,0.0,0.0,unfolded
12.0153,200,1.0,1.0,1.0,1.0,1.0,1.0,0.0,0.0,0.0,0.0,-14.2383,26.3349,0.0,0.0,unfolded
12.0754,201,1.0,1.0,1.0,1.0,1.0,1.0,0.0,0.0,0.0,0.0,-12.4805,29.256,0.0,0.0,unfolded
12.1354,202,1.0,1.0,1.0,1.0,1.0,1.0,0.0,0.0,0.0,0.0,-10.3711,35.115,0.0,0.0,unfolded
12.1955,203,1.0,1.0,1.0,1.0,1.0,1.0,0.0,0.0,0.0,0.0,-8.26172,35.1139,0.0,0.0,unfolded
12.2556,204,1.0,1.0,1.0,1.0,1.0,1.0,0.0,0.0,0.0,0.0,-5.80078,40.9579,0.0,0.0,unfolded
12.3157,205,1.0,1.0,1.0,1.0,1.0,1.0,0.0,0.0,0.0,0.0,-3.33984,40.9636,0.0,0.0,unfolded
12.3757,206,1.0,1.0,1.0,1.0,1.0,1.0,0.0,0.0,0.0,0.0,-0.878906,40.9628,0.0,0.0,unfolded
12.4358,207,1.0,1.0,1.0,1.0,1.0,1.0,0.0,0.0,0.0,0.0,1.58203,40.9639,0.0,0.0,unfolded
12.4959,208,1.0,1.0,1.0,1.0,1.0,1.0,0.0,0.0,0.0,0.0,4.04297,40.9624,0.0,0.0,unfolded
12.556,209,1.0,1.0,1.0,1.0,1.0,1.0,0.0,0.0,0.0,0.0,6.32812,38.0376,0.0,0.0,folded
12.616,210,1.0,1.0,1.0,1.0,1.0,1.0,0.0,0.0,0.0,0.0,8.4375,35.1121,0.0,0.0,folded
12.6761,211,1.0,1.0,1.0,1.0,1.0,1.0,0.0,0.0,0.0,0.0,10.3711,32.1864,0.0,0.0,folded
12.7362,212,1.0,1.0,1.0,1.0,1.0,1.0,0.0,0.0,0.0,0.0,11.9531,26.3334,0.0,0.0,folded
12.7963,213,1.0,1.0,1.0,1.0,1.0,1.0,0.0,0.0,0.0,0.0,13.1836,20.4818,0.0,0.0,folded
12.8563,214,1.0,1.0,1.0,1.0,1.0,1.0,0.0,0.0,0.0,0.0,14.2383,17.5572,0.0,0.0,folded
12.9164,215,1.0,1.0,1.0,1.0,1.0,1.0,0.0,0.0,0.0,0.0,14.7656,8.77875,0.0,0.0,folded
12.9765,216,1.0,1.0,1.0,1.0,1.0,1.0,0.0,0.0,0.0,0.0,15.1172,5.8521,0.0,0.0,folded
13.0366,217,1.0,1.0,1.0,1.0,1.0,1.0,0.0,0.0,0.0,0.0,14.9414,-2.92619,0.0,0.0,folded
13.0966,218,1.0,1.0,1.0,1.0,1.0,1.0,0.0,0.0,0.0,0.0,14.5898,-5.85062,0.0,0.0,folded
13.1567,219,1.0,1.0,1.0,1.0,1.0,1.0,0.0,0.0,0.0,0.0,13.7109,-14.6312,0.0,0.0,folded
13.2168,220,1.0,1.0,1.0,1.0,1.0,1.0,0.0,0.0,0.0,0.0,12.6562,-17.5571,0.0,0.0,folded
13.2769,221,1.0,1.0,1.0,1.0,1.0,1.0,0.0,0.0,0.0,0.0,11.0742,-26.3335,0.0,0.0,unfolded
13.3369,222,1.0,1.0,1.0,1.0,1.0,1.0,0.0,0.0,0.0,0.0,9.31641,-29.2617,0.0,0.0,unfolded
13.397,223,1.0,1.0,1.0,1.0,1.0,1.0,0.0,0.0,0.0,0.0,7.38281,-32.1863,0.0,0.0,unfolded
13.4571,224,1.0,1.0,1.0,1.0,1.0,1.0,0.0,0.0,0.0,0.0,5.27344,-35.1122,0.0,0.0,unfolded
13.5172,225,1.0,1.0,1.0,1.0,1.0,1.0,0.0,0.0,0.0,0.0,2.98828,-38.0375,0.0,0.0,unfolded
13.5772,226,1.0,1.0,1.0,1.0,1.0,1.0,0.0,0.0,0.0,0.0,0.527344,-40.9639,0.0,0.0,unfolded
13.6373,227,1.0,1.0,1.0,1.0,1.0,1.0,0.0,0.0,0.0,0.0,-1.93359,-40.9644,0.0,0.0,unfolded
13.6974,228,1.0,1.0,1.0,1.0,1.0,1.0,0.0,0.0,0.0,0.0,-4.39453,-40.9615,0.0,0.0,unfolded
13.7575,229,1.0,1.0,1.0,1.0,1.0,1.0,0.0,0.0,0.0,0.0,-6.85547,-40.9632,0.0,0.0,folded
13.8175,230,1.0,1.0,1.0,1.0,1.0,1.0,0.0,0.0,0.0,0.0,-9.14062,-38.0372,0.0,0.0,folded
13.8776,231,1.0,1.0,1.0,1.0,1.0,1.0,0.0,0.0,0.0,0.0,-11.0742,-32.1852,0.0,0.0,folded
13.9377,232,1.0,1.0,1.0,1.0,1.0,1.0,0.0,0.0,0.0,0.0,-13.0078,-32.1882,0.0,0.0,folded
13.9978,233,1.0,1.0,1.0,1.0,1.0,1.0,0.0,0.0,0.0,0.0,-14.7656,-29.26,0.0,0.0,folded
14.0578,234,1.0,1.0,1.0,1.0,1.0,1.0,0.0,0.0,0.0,0.0,-15.9961,-20.482,0.0,0.0,folded
14.1179,235,1.0,1.0,1.0,1.0,1.0,1.0,0.0,0.0,0.0,0.0,-17.0508,-17.5705,0.0,0.0,folded
14.178,236,1.0,1.0,1.0,1.0,1.0,1.0,0.0,0.0,0.0,0.0,-17.7539,-11.7037,0.0,0.0,folded
14.238,237,1.0,1.0,1.0,1.0,1.0,1.0,0.0,0.0,0.0,0.0,-18.1055,-5.85164,0.0,0.0,folded
14.2981,238,1.0,1.0,1.0,1.0,1.0,1.0,0.0,0.0,0.0,0.0,-18.2812,-2.92551,0.0,0.0,folded
14.3582,239,1.0,1.0,1.0,1.0,1.0,1.0,0.0,0.0,0.0,0.0,-17.7539,8.77819,0.0,0.0,folded
14.4183,240,1.0,1.0,1.0,1.0,1.0,1.0,0.0,0.0,0.0,0.0,-17.0508,11.703,0.0,0.0,unfolded
14.4783,241,1.0,1.0,1.0,1.0,1.0,1.0,0.0,0.0,0.0,0.0,-16.1719,14.6314,0.0,0.0,unfolded
14.5384,242,1.0,1.0,1.0,1.0,1.0,1.0,0.0,0.0,0.0,0.0,-14.7656,23.4086,0.0,0.0,unfolded
14.5985,243,1.0,1.0,1.0,1.0,1.0,1.0,0.0,0.0,0.0,0.0,-13.1836,26.3337,0.0,0.0,unfolded
14.6586,244,1.0,1.0,1.0,1.0,1.0,1.0,0.0,0.0,0.0,0.0,-11.25,32.1845,0.0,0.0,unfolded
14.7186,245,1.0,1.0,1.0,1.0,1.0,1.0,0.0,0.0,0.0,0.0,-9.14062,35.1114,0.0,0.0,unfolded
14.7787,246,1.0,1.0,1.0,1.0,1.0,1.0,0.0,0.0,0.0,0.0,-6.85547,38.0378,0.0,0.0,unfolded
14.8388,247,1.0,1.0,1.0,1.0,1.0,1.0,0.0,0.0,0.0,0.0,-4.39453,40.967,0.0,0.0,unfolded
14.8989,248,1.0,1.0,1.0,1.0,1.0,1.0,0.0,0.0,0.0,0.0,-2.10938,38.0376,0.0,0.0,unfolded
14.9589,249,1.0,1.0,1.0,1.0,1.0,1.0,0.0,0.0,0.0,0.0,0.351562,40.9641,0.0,0.0,unfolded
15.019,250,1.0,1.0,1.0,1.0,1.0,1.0,0.0,0.0,0.0,0.0,2.8125,40.9646,0.0,0.0,unfolded
15.0791,251,1.0,1.0,1.0,1.0,1.0,1.0,0.0,0.0,0.0,0.0,5.09766,38.0358,0.0,0.0,unfolded
15.1392,252,1.0,1.0,1.0,1.0,1.0,1.0,0.0,0.0,0.0,0.0,7.20703,35.1091,0.0,0.0,unfolded
15.1993,253,1.0,1.0,1.0,1.0,1.0,1.0,0.0,0.0,0.0,0.0,9.14062,32.1843,0.0,0.0,folded
15.2593,254,1.0,1.0,1.0,1.0,1.0,1.0,0.0,0.0,0.0,0.0,10.7227,26.335,0.0,0.0,folded
15.3194,255,1.0,1.0,1.0,1.0,1.0,1.0,0.0,0.0,0.0,0.0,12.1289,23.4096,0.0,0.0,folded
15.3795,256,1.0,1.0,1.0,1.0,1.0,1.0,0.0,0.0,0.0,0.0,13.3594,20.4817,0.0,0.0,folded
15.4396,257,1.0,1.0,1.0,1.0,1.0,1.0,0.0,0.0,0.0,0.0,14.0625,11.7034,0.0,0.0,folded
15.4996,258,1.0,1.0,1.0,1.0,1.0,1.0,0.0,0.0,0.0,0.0,14.5898,8.77864,0.0,0.0,folded
15.5597,259,1.0,1.0,1.0,1.0,1.0,1.0,0.0,0.0,0.0,0.0,14.5898,0.0,0.0,0.0,folded
15.6198,260,1.0,1.0,1.0,1.0,1.0,1.0,0.0,0.0,0.0,0.0,14.4141,-2.92568,0.0,0.0,folded
15.6799,261,1.0,1.0,1.0,1.0,1.0,1.0,0.0,0.0,0.0,0.0,13.7109,-11.7042,0.0,0.0,unfolded
15.7399,262,1.0,1.0,1.0,1.0,1.0,1.0,0.0,0.0,0.0,0.0,12.832,-14.6287,0.0,0.0,unfolded
15.8,263,1.0,1.0,1.0,1.0,1.0,1.0,0.0,0.0,0.0,0.0,11.6016,-20.4824,0.0,0.0,unfolded
15.8601,264,1.0,1.0,1.0,1.0,1.0,1.0,0.0,0.0,0.0,0.0,10.0195,-26.3331,0.0,0.0,unfolded
15.9202,265,1.0,1.0,1.0,1.0,1.0,1.0,0.0,0.0,0.0,0.0,8.08594,-32.1863,0.0,0.0,unfolded
15.9802,266,1.0,1.0,1.0,1.0,1.0,1.0,0.0,0.0,0.0,0.0,6.15234,-32.1862,0.0,0.0,unfolded
16.0403,267,1.0,1.0,1.0,1.0,1.0,1.0,0.0,0.0,0.0,0.0,4.04297,-35.1408,0.0,0.0,unfolded
16.1003,268,1.0,1.0,1.0,1.0,1.0,1.0,0.0,0.0,0.0,0.0,1.58203,-40.9642,0.0,0.0,unfolded
16.1604,269,1.0,1.0,1.0,1.0,1.0,1.0,0.0,0.0,0.0,0.0,-0.703125,-38.0367,0.0,0.0,unfolded
16.2205,270,1.0,1.0,1.0,1.0,1.0,1.0,0.0,0.0,0.0,0.0,-3.16406,-40.9563,0.0,0.0,unfolded
16.2806,271,1.0,1.0,1.0,1.0,1.0,1.0,0.0,0.0,0.0,0.0,-5.44922,-38.0373,0.0,0.0,folded
16.3407,272,1.0,1.0,1.0,1.0,1.0,1.0,0.0,0.0,0.0,0.0,-7.91016,-40.9603,0.0,0.0,folded
16.4007,273,1.0,1.0,1.0,1.0,1.0,1.0,0.0,0.0,0.0,0.0,-10.0195,-35.1139,0.0,0.0,folded
16.4608,274,1.0,1.0,1.0,1.0,1.0,1.0,0.0,0.0,0.0,0.0,-11.9531,-32.1839,0.0,0.0,folded
16.5209,275,1.0,1.0,1.0,1.0,1.0,1.0,0.0,0.0,0.0,0.0,-13.5352,-26.336,0.0,0.0,folded
16.581,276,1.0,1.0,1.0,1.0,1.0,1.0,0.0,0.0,0.0,0.0,-15.1172,-26.3334,0.0,0.0,folded
16.6411,277,1.0,1.0,1.0,1.0,1.0,1.0,0.0,0.0,0.0,0.0,-16.3477,-20.4807,0.0,0.0,folded
16.7011,278,1.0,1.0,1.0,1.0,1.0,1.0,0.0,0.0,0.0,0.0,-17.0508,-11.7038,0.0,0.0,folded
16.7612,279,1.0,1.0,1.0,1.0,1.0,1.0,0.0,0.0,0.0,0.0,-17.5781,-8.77826,0.0,0.0,folded
16.8213,280,1.0,1.0,1.0,1.0,1.0,1.0,0.0,0.0,0.0,0.0,-17.7539,-2.92593,0.0,0.0,unfolded
16.8813,281,1.0,1.0,1.0,1.0,1.0,1.0,0.0,0.0,0.0,0.0,-17.5781,2.92631,0.0,0.0,unfolded
16.9414,282,1.0,1.0,1.0,1.0,1.0,1.0,0.0,0.0,0.0,0.0,-17.0508,8.77773,0.0,0.0,unfolded
17.0015,283,1.0,1.0,1.0,1.0,1.0,1.0,0.0,0.0,0.0,0.0,-16.3477,11.7038,0.0,0.0,unfolded
17.0616,284,1.0,1.0,1.0,1.0,1.0,1.0,0.0,0.0,0.0,0.0,-15.1172,20.4785,0.0,0.0,unfolded
17.1217,285,1.0,1.0,1.0,1.0,1.0,1.0,0.0,0.0,0.0,0.0,-13.5352,26.3349,0.0,0.0,unfolded
17.1817,286,1.0,1.0,1.0,1.0,1.0,1.0,0.0,0.0,0.0,0.0,-11.7773,29.258,0.0,0.0,unfolded
17.2418,287,1.0,1.0,1.0,1.0,1.0,1.0,0.0,0.0,0.0,0.0,-9.84375,32.1867,0.0,0.0,unfolded
17.3019,288,1.0,1.0,1.0,1.0,1.0,1.0,0.0,0.0,0.0,0.0,-7.73438,35.1121,0.0,0.0,unfolded
17.362,289,1.0,1.0,1.0,1.0,1.0,1.0,0.0,0.0,0.0,0.0,-5.44922,38.0393,0.0,0.0,unfolded
17.422,290,1.0,1.0,1.0,1.0,1.0,1.0,0.0,0.0,0.0,0.0,-3.16406,38.0385,0.0,0.0,unfolded
17.4821,291,1.0,1.0,1.0,1.0,1.0,1.0,0.0,0.0,0.0,0.0,-0.878906,38.0365,0.0,0.0,unfolded
17.5422,292,1.0,1.0,1.0,1.0,1.0,1.0,0.0,0.0,0.0,0.0,1.58203,40.9629,0.0,0.0,unfolded
17.6023,293,1.0,1.0,1.0,1.0,1.0,1.0,0.0,0.0,0.0,0.0,3.86719,38.0381,0.0,0.0,unfolded
17.6623,294,1.0,1.0,1.0,1.0,1.0,1.0,0.0,0.0,0.0,0.0,5.97656,35.1112,0.0,0.0,folded
17.7224,295,1.0,1.0,1.0,1.0,1.0,1.0,0.0,0.0,0.0,0.0,7.91016,32.1868,0.0,0.0,folded
17.7825,296,1.0,1.0,1.0,1.0,1.0,1.0,0.0,0.0,0.0,0.0,9.66797,29.2591,0.0,0.0,folded
17.8426,297,1.0,1.0,1.0,1.0,1.0,1.0,0.0,0.0,0.0,0.0,11.25,26.3353,0.0,0.0,folded
17.9026,298,1.0,1.0,1.0,1.0,1.0,1.0,0.0,0.0,0.0,0.0,12.4805,20.4823,0.0,0.0,folded
17.9627,299,1.0,1.0,1.0,1.0,1.0,1.0,0.0,0.0,0.0,0.0,13.3594,14.6297,0.0,0.0,folded
18.0228,300,1.0,1.0,1.0,1.0,1.0,1.0,0.0,0.0,0.0,0.0,14.0625,11.7039,0.0,0.0,folded
18.0829,301,1.0,1.0,1.0,1.0,1.0,1.0,0.0,0.0,0.0,0.0,14.2383,2.92552,0.0,0.0,folded
18.143,302,1.0,1.0,1.0,1.0,1.0,1.0,0.0,0.0,0.0,0.0,14.0625,-2.92597,0.0,0.0,folded
18.203,303,1.0,1.0,1.0,1.0,1.0,1.0,0.0,0.0,0.0,0.0,13.7109,-5.85115,0.0,0.0,folded
18.2631,304,1.0,1.0,1.0,1.0,1.0,1.0,0.0,0.0,0.0,0.0,12.832,-14.6301,0.0,0.0,folded
18.3232,305,1.0,1.0,1.0,1.0,1.0,1.0,0.0,0.0,0.0,0.0,11.7773,-17.5576,0.0,0.0,unfolded
18.3833,306,1.0,1.0,1.0,1.0,1.0,1.0,0.0,0.0,0.0,0.0,10.3711,-23.4058,0.0,0.0,unfolded
18.4433,307,1.0,1.0,1.0,1.0,1.0,1.0,0.0,0.0,0.0,0.0,8.78906,-26.3356,0.0,0.0,unfolded
18.5034,308,1.0,1.0,1.0,1.0,1.0,1.0,0.0,0.0,0.0,0.0,6.85547,-32.1864,0.0,0.0,unfolded
18.5635,309,1.0,1.0,1.0,1.0,1.0,1.0,0.0,0.0,0.0,0.0,4.92188,-32.1846,0.0,0.0,unfolded
18.6236,310,1.0,1.0,1.0,1.0,1.0,1.0,0.0,0.0,0.0,0.0,2.63672,-38.0375,0.0,0.0,unfolded
18.6836,311,1.0,1.0,1.0,1.0,1.0,1.0,0.0,0.0,0.0,0.0,0.351562,-38.0367,0.0,0.0,unfolded
18.7437,312,1.0,1.0,1.0,1.0,1.0,1.0,0.0,0.0,0.0,0.0,-2.10938,-40.9637,0.0,0.0,unfolded
18.8038,313,1.0,1.0,1.0,1.0,1.0,1.0,0.0,0.0,0.0,0.0,-4.39453,-38.0332,0.0,0.0,unfolded
18.8639,314,1.0,1.0,1.0,1.0,1.0,1.0,0.0,0.0,0.0,0.0,-6.67969,-38.0405,0.0,0.0,folded
18.924,315,1.0,1.0,1.0,1.0,1.0,1.0,0.0,0.0,0.0,0.0,-8.78906,-35.1136,0.0,0.0,folded
18.984,316,1.0,1.0,1.0,1.0,1.0,1.0,0.0,0.0,0.0,0.0,-10.7227,-32.1863,0.0,0.0,folded
19.0441,317,1.0,1.0,1.0,1.0,1.0,1.0,0.0,0.0,0.0,0.0,-12.4805,-29.2631,0.0,0.0,folded
19.1042,318,1.0,1.0,1.0,1.0,1.0,1.0,0.0,0.0,0.0,0.0,-14.0625,-26.3329,0.0,0.0,folded
19.1643,319,1.0,1.0,1.0,1.0,1.0,1.0,0.0,0.0,0.0,0.0,-15.4688,-23.4068,0.0,0.0,folded
19.2243,320,1.0,1.0,1.0,1.0,1.0,1.0,0.0,0.0,0.0,0.0,-16.3477,-14.6297,0.0,0.0,folded
19.2844,321,1.0,1.0,1.0,1.0,1.0,1.0,0.0,0.0,0.0,0.0,-17.0508,-11.7043,0.0,0.0,folded
19.3445,322,1.0,1.0,1.0,1.0,1.0,1.0,0.0,0.0,0.0,0.0,-17.4023,-5.8524,0.0,0.0,folded
19.4046,323,1.0,1.0,1.0,1.0,1.0,1.0,0.0,0.0,0.0,0.0,-17.4023,0.0,0.0,0.0,folded
19.4646,324,1.0,1.0,1.0,1.0,1.0,1.0,0.0,0.0,0.0,0.0,-17.0508,5.85189,0.0,0.0,folded
19.5247,325,1.0,1.0,1.0,1.0,1.0,1.0,0.0,0.0,0.0,0.0,-16.3477,11.7033,0.0,0.0,unfolded
19.5848,326,1.0,1.0,1.0,1.0,1.0,1.0,0.0,0.0,0.0,0.0,-15.293,17.5546,0.0,0.0,unfolded
19.6449,327,1.0,1.0,1.0,1.0,1.0,1.0,0.0,0.0,0.0,0.0,-14.0625,20.4833,0.0,0.0,unfolded
19.7049,328,1.0,1.0,1.0,1.0,1.0,1.0,0.0,0.0,0.0,0.0,-12.4805,26.3326,0.0,0.0,unfolded
19.765,329,1.0,1.0,1.0,1.0,1.0,1.0,0.0,0.0,0.0,0.0,-10.5469,32.1877,0.0,0.0,unfolded
19.8251,330,1.0,1.0,1.0,1.0,1.0,1.0,0.0,0.0,0.0,0.0,-8.61328,32.1813,0.0,0.0,unfolded
19.8852,331,1.0,1.0,1.0,1.0,1.0,1.0,0.0,0.0,0.0,0.0,-6.50391,35.1141,0.0,0.0,unfolded
19.9452,332,1.0,1.0,1.0,1.0,1.0,1.0,0.0,0.0,0.0,0.0,-4.21875,38.0378,0.0,0.0,unfolded
20.0053,333,1.0,1.0,1.0,1.0,1.0,1.0,0.0,0.0,0.0,0.0,-1.93359,38.0376,0.0,0.0,unfolded
20.0654,334,1.0,1.0,1.0,1.0,1.0,1.0,0.0,0.0,0.0,0.0,0.351562,38.0375,0.0,0.0,unfolded
20.1255,335,1.0,1.0,1.0,1.0,1.0,1.0,0.0,0.0,0.0,0.0,2.63672,38.0341,0.0,0.0,unfolded
20.1856,336,1.0,1.0,1.0,1.0,1.0,1.0,0.0,0.0,0.0,0.0,4.74609,35.1128,0.0,0.0,folded
20.2456,337,1.0,1.0,1.0,1.0,1.0,1.0,0.0,0.0,0.0,0.0,6.85547,35.108,0.0,0.0,folded
20.3057,338,1.0,1.0,1.0,1.0,1.0,1.0,0.0,0.0,0.0,0.0,8.61328,29.2583,0.0,0.0,folded
20.3658,339,1.0,1.0,1.0,1.0,1.0,1.0,0.0,0.0,0.0,0.0,10.3711,29.2596,0.0,0.0,folded
20.4259,340,1.0,1.0,1.0,1.0,1.0,1.0,0.0,0.0,0.0,0.0,11.6016,20.4827,0.0,0.0,folded
20.4859,341,1.0,1.0,1.0,1.0,1.0,1.0,0.0,0.0,0.0,0.0,12.6562,17.556,0.0,0.0,folded
20.546,342,1.0,1.0,1.0,1.0,1.0,1.0,0.0,0.0,0.0,0.0,13.3594,11.7047,0.0,0.0,folded
20.6061,343,1.0,1.0,1.0,1.0,1.0,1.0,0.0,0.0,0.0,0.0,13.7109,5.85148,0.0,0.0,folded
20.6662,344,1.0,1.0,1.0,1.0,1.0,1.0,0.0,0.0,0.0,0.0,13.8867,2.92619,0.0,0.0,folded
20.7262,345,1.0,1.0,1.0,1.0,1.0,1.0,0.0,0.0,0.0,0.0,13.5352,-5.85219,0.0,0.0,folded
20.7863,346,1.0,1.0,1.0,1.0,1.0,1.0,0.0,0.0,0.0,0.0,13.0078,-8.77812,0.0,0.0,folded
20.8464,347,1.0,1.0,1.0,1.0,1.0,1.0,0.0,0.0,0.0,0.0,12.1289,-14.6306,0.0,0.0,unfolded
20.9065,348,1.0,1.0,1.0,1.0,1.0,1.0,0.0,0.0,0.0,0.0,10.7227,-23.4074,0.0,0.0,unfolded
20.9665,349,1.0,1.0,1.0,1.0,1.0,1.0,0.0,0.0,0.0,0.0,9.31641,-23.4072,0.0,0.0,unfolded
21.0266,350,1.0,1.0,1.0,1.0,1.0,1.0,0.0,0.0,0.0,0.0,7.55859,-29.2598,0.0,0.0,unfolded
21.0867,351,1.0,1.0,1.0,1.0,1.0,1.0,0.0,0.0,0.0,0.0,5.625,-32.1825,0.0,0.0,unfolded
21.1468,352,1.0,1.0,1.0,1.0,1.0,1.0,0.0,0.0,0.0,0.0,3.51562,-35.109,0.0,0.0,unfolded
21.2069,353,1.0,1.0,1.0,1.0,1.0,1.0,0.0,0.0,0.0,0.0,1.23047,-38.0408,0.0,0.0,unfolded
21.2669,354,1.0,1.0,1.0,1.0,1.0,1.0,0.0,0.0,0.0,0.0,-0.878906,-35.1122,0.0,0.0,unfolded
21.327,355,1.0,1.0,1.0,1.0,1.0,1.0,0.0,0.0,0.0,0.0,-3.33984,-40.9621,0.0,0.0,unfolded
21.3871,356,1.0,1.0,1.0,1.0,1.0,1.0,0.0,0.0,0.0,0.0,-5.44922,-35.1114,0.0,0.0,unfolded
21.4472,357,1.0,1.0,1.0,1.0,1.0,1.0,0.0,0.0,0.0,0.0,-7.55859,-35.1094,0.0,0.0,folded
21.5072,358,1.0,1.0,1.0,1.0,1.0,1.0,0.0,0.0,0.0,0.0,-9.66797,-35.1115,0.0,0.0,folded
21.5673,359,1.0,1.0,1.0,1.0,1.0,1.0,0.0,0.0,0.0,0.0,-11.4258,-29.2585,0.0,0.0,folded
21.6274,360,1.0,1.0,1.0,1.0,1.0,1.0,0.0,0.0,0.0,0.0,-13.1836,-29.2574,0.0,0.0,folded
21.6875,361,1.0,1.0,1.0,1.0,1.0,1.0,0.0,0.0,0.0,0.0,-14.5898,-23.4077,0.0,0.0,folded
21.7476,362,1.0,1.0,1.0,1.0,1.0,1.0,0.0,0.0,0.0,0.0,-15.6445,-17.5548,0.0,0.0,folded
21.8076,363,1.0,1.0,1.0,1.0,1.0,1.0,0.0,0.0,0.0,0.0,-16.3477,-11.7035,0.0,0.0,folded
21.8677,364,1.0,1.0,1.0,1.0,1.0,1.0,0.0,0.0,0.0,0.0,-16.875,-8.77728,0.0,0.0,folded
21.9278,365,1.0,1.0,1.0,1.0,1.0,1.0,0.0,0.0,0.0,0.0,-17.0508,-2.92598,0.0,0.0,unfolded
21.9879,366,1.0,1.0,1.0,1.0,1.0,1.0,0.0,0.0,0.0,0.0,-16.875,2.92606,0.0,0.0,unfolded
22.048,367,1.0,1.0,1.0,1.0,1.0,1.0,0.0,0.0,0.0,0.0,-16.3477,8.77627,0.0,0.0,unfolded
22.108,368,1.0,1.0,1.0,1.0,1.0,1.0,0.0,0.0,0.0,0.0,-15.4688,14.6308,0.0,0.0,unfolded
22.1681,369,1.0,1.0,1.0,1.0,1.0,1.0,0.0,0.0,0.0,0.0,-14.2383,20.4807,0.0,0.0,unfolded
22.2282,370,1.0,1.0,1.0,1.0,1.0,1.0,0.0,0.0,0.0,0.0,-12.832,23.4083,0.0,0.0,unfolded
22.2883,371,1.0,1.0,1.0,1.0,1.0,1.0,0.0,0.0,0.0,0.0,-11.25,26.333,0.0,0.0,unfolded
22.3483,372,1.0,1.0,1.0,1.0,1.0,1.0,0.0,0.0,0.0,0.0,-9.31641,32.2167,0.0,0.0,unfolded
22.4083,373,1.0,1.0,1.0,1.0,1.0,1.0,0.0,0.0,0.0,0.0,-7.38281,32.1859,0.0,0.0,unfolded
22.4684,374,1.0,1.0,1.0,1.0,1.0,1.0,0.0,0.0,0.0,0.0,-5.09766,38.0346,0.0,0.0,unfolded
22.5285,375,1.0,1.0,1.0,1.0,1.0,1.0,0.0,0.0,0.0,0.0,-2.98828,35.1128,0.0,0.0,unfolded
22.5886,376,1.0,1.0,1.0,1.0,1.0,1.0,0.0,0.0,0.0,0.0,-0.703125,38.0361,0.0,0.0,unfolded
22.6487,377,1.0,1.0,1.0,1.0,1.0,1.0,0.0,0.0,0.0,0.0,1.58203,38.0359,0.0,0.0,unfolded
22.7087,378,1.0,1.0,1.0,1.0,1.0,1.0,0.0,0.0,0.0,0.0,3.69141,35.1116,0.0,0.0,unfolded
22.7688,379,1.0,1.0,1.0,1.0,1.0,1.0,0.0,0.0,0.0,0.0,5.80078,35.1126,0.0,0.0,unfolded
22.8289,380,1.0,1.0,1.0,1.0,1.0,1.0,0.0,0.0,0.0,0.0,7.55859,29.2604,0.0,0.0,folded
22.889,381,1.0,1.0,1.0,1.0,1.0,1.0,0.0,0.0,0.0,0.0,9.31641,29.2604,0.0,0.0,folded
22.949,382,1.0,1.0,1.0,1.0,1.0,1.0,0.0,0.0,0.0,0.0,10.7227,23.4094,0.0,0.0,folded
23.0091,383,1.0,1.0,1.0,1.0,1.0,1.0,0.0,0.0,0.0,0.0,11.9531,20.4828,0.0,0.0,folded
23.0692,384,1.0,1.0,1.0,1.0,1.0,1.0,0.0,0.0,0.0,0.0,12.6562,11.7025,0.0,0.0,folded
23.1293,385,1.0,1.0,1.0,1.0,1.0,1.0,0.0,0.0,0.0,0.0,13.1836,8.77812,0.0,0.0,folded
23.1893,386,1.0,1.0,1.0,1.0,1.0,1.0,0.0,0.0,0.0,0.0,13.5352,5.85187,0.0,0.0,folded
23.2494,387,1.0,1.0,1.0,1.0,1.0,1.0,0.0,0.0,0.0,0.0,13.3594,-2.92626,0.0,0.0,folded
23.3095,388,1.0,1.0,1.0,1.0,1.0,1.0,0.0,0.0,0.0,0.0,12.832,-8.7785,0.0,0.0,folded
23.3696,389,1.0,1.0,1.0,1.0,1.0,1.0,0.0,0.0,0.0,0.0,12.1289,-11.7043,0.0,0.0,folded
23.4296,390,1.0,1.0,1.0,1.0,1.0,1.0,0.0,0.0,0.0,0.0,11.0742,-17.5557,0.0,0.0,unfolded
23.4897,391,1.0,1.0,1.0,1.0,1.0,1.0,0.0,0.0,0.0,0.0,9.66797,-23.4037,0.0,0.0,unfolded
23.5498,392,1.0,1.0,1.0,1.0,1.0,1.0,0.0,0.0,0.0,0.0,8.08594,-26.3345,0.0,0.0,unfolded
23.6099,393,1.0,1.0,1.0,1.0,1.0,1.0,0.0,0.0,0.0,0.0,6.32812,-29.2561,0.0,0.0,unfolded
23.67,394,1.0,1.0,1.0,1.0,1.0,1.0,0.0,0.0,0.0,0.0,4.39453,-32.1845,0.0,0.0,unfolded
23.73,395,1.0,1.0,1.0,1.0,1.0,1.0,0.0,0.0,0.0,0.0,2.28516,-35.1126,0.0,0.0,unfolded
23.7901,396,1.0,1.0,1.0,1.0,1.0,1.0,0.0,0.0,0.0,0.0,0.0,-38.0379,0.0,0.0,unfolded
23.8502,397,1.0,1.0,1.0,1.0,1.0,1.0,0.0,0.0,0.0,0.0,-2.10938,-35.1112,0.0,0.0,unfolded
23.9103,398,1.0,1.0,1.0,1.0,1.0,1.0,0.0,0.0,0.0,0.0,-4.39453,-38.0362,0.0,0.0,unfolded
23.9703,399,1.0,1.0,1.0,1.0,1.0,1.0,0.0,0.0,0.0,0.0,-6.50391,-35.1119,0.0,0.0,folded
24.0304,400,1.0,1.0,1.0,1.0,1.0,1.0,0.0,0.0,0.0,0.0,-8.61328,-35.1112,0.0,0.0,folded
24.0905,401,1.0,1.0,1.0,1.0,1.0,1.0,0.0,0.0,0.0,0.0,-10.3711,-29.2568,0.0,0.0,folded
24.1506,402,1.0,1.0,1.0,1.0,1.0,1.0,0.0,0.0,0.0,0.0,-12.1289,-29.2599,0.0,0.0,folded
24.2106,403,1.0,1.0,1.0,1.0,1.0,1.0,0.0,0.0,0.0,0.0,-13.5352,-23.4055,0.0,0.0,folded
24.2707,404,1.0,1.0,1.0,1.0,1.0,1.0,0.0,0.0,0.0,0.0,-14.7656,-20.4806,0.0,0.0,folded
24.3308,405,1.0,1.0,1.0,1.0,1.0,1.0,0.0,0.0,0.0,0.0,-15.6445,-14.6301,0.0,0.0,folded
24.3909,406,1.0,1.0,1.0,1.0,1.0,1.0,0.0,0.0,0.0,0.0,-16.3477,-11.7037,0.0,0.0,folded
24.451,407,1.0,1.0,1.0,1.0,1.0,1.0,0.0,0.0,0.0,0.0,-16.6992,-5.85231,0.0,0.0,folded
24.511,408,1.0,1.0,1.0,1.0,1.0,1.0,0.0,0.0,0.0,0.0,-16.5234,2.92596,0.0,0.0,folded
24.5711,409,1.0,1.0,1.0,1.0,1.0,1.0,0.0,0.0,0.0,0.0,-16.1719,5.85217,0.0,0.0,unfolded
24.6312,410,1.0,1.0,1.0,1.0,1.0,1.0,0.0,0.0,0.0,0.0,-15.4688,11.7039,0.0,0.0,unfolded
24.6913,411,1.0,1.0,1.0,1.0,1.0,1.0,0.0,0.0,0.0,0.0,-14.5898,14.6279,0.0,0.0,unfolded
24.7513,412,1.0,1.0,1.0,1.0,1.0,1.0,0.0,0.0,0.0,0.0,-13.3594,20.482,0.0,0.0,unfolded
24.8114,413,1.0,1.0,1.0,1.0,1.0,1.0,0.0,0.0,0.0,0.0,-11.7773,26.336,0.0,0.0,unfolded
24.8715,414,1.0,1.0,1.0,1.0,1.0,1.0,0.0,0.0,0.0,0.0,-10.0195,29.2642,0.0,0.0,unfolded
24.9316,415,1.0,1.0,1.0,1.0,1.0,1.0,0.0,0.0,0.0,0.0,-8.08594,32.1859,0.0,0.0,unfolded
24.9916,416,1.0,1.0,1.0,1.0,1.0,1.0,0.0,0.0,0.0,0.0,-6.15234,32.1848,0.0,0.0,unfolded
25.0517,417,1.0,1.0,1.0,1.0,1.0,1.0,0.0,0.0,0.0,0.0,-3.86719,38.035,0.0,0.0,unfolded
25.1118,418,1.0,1.0,1.0,1.0,1.0,1.0,0.0,0.0,0.0,0.0,-1.75781,35.1095,0.0,0.0,unfolded
25.1719,419,1.0,1.0,1.0,1.0,1.0,1.0,0.0,0.0,0.0,0.0,0.527344,38.0376,0.0,0.0,unfolded
25.2319,420,1.0,1.0,1.0,1.0,1.0,1.0,0.0,0.0,0.0,0.0,2.63672,35.1086,0.0,0.0,unfolded
25.292,421,1.0,1.0,1.0,1.0,1.0,1.0,0.0,0.0,0.0,0.0,4.74609,35.1112,0.0,0.0,unfolded
25.3521,422,1.0,1.0,1.0,1.0,1.0,1.0,0.0,0.0,0.0,0.0,6.50391,29.2577,0.0,0.0,folded
25.4122,423,1.0,1.0,1.0,1.0,1.0,1.0,0.0,0.0,0.0,0.0,8.26172,29.2614,0.0,0.0,folded
25.4723,424,1.0,1.0,1.0,1.0,1.0,1.0,0.0,0.0,0.0,0.0,9.84375,26.3331,0.0,0.0,folded
25.5323,425,1.0,1.0,1.0,1.0,1.0,1.0,0.0,0.0,0.0,0.0,11.0742,20.502,0.0,0.0,folded
25.5923,426,1.0,1.0,1.0,1.0,1.0,1.0,0.0,0.0,0.0,0.0,11.9531,14.631,0.0,0.0,folded
25.6524,427,1.0,1.0,1.0,1.0,1.0,1.0,0.0,0.0,0.0,0.0,12.6562,11.7046,0.0,0.0,folded
25.7125,428,1.0,1.0,1.0,1.0,1.0,1.0,0.0,0.0,0.0,0.0,13.0078,5.8521,0.0,0.0,folded
25.7726,429,1.0,1.0,1.0,1.0,1.0,1.0,0.0,0.0,0.0,0.0,13.1836,2.92614,0.0,0.0,folded
25.8326,430,1.0,1.0,1.0,1.0,1.0,1.0,0.0,0.0,0.0,0.0,12.832,-5.85168,0.0,0.0,folded
25.8927,431,1.0,1.0,1.0,1.0,1.0,1.0,0.0,0.0,0.0,0.0,12.1289,-11.7039,0.0,0.0,folded
25.9528,432,1.0,1.0,1.0,1.0,1.0,1.0,0.0,0.0,0.0,0.0,11.25,-14.6298,0.0,0.0,folded
26.0129,433,1.0,1.0,1.0,1.0,1.0,1.0,0.0,0.0,0.0,0.0,10.0195,-20.4802,0.0,0.0,unfolded
26.073,434,1.0,1.0,1.0,1.0,1.0,1.0,0.0,0.0,0.0,0.0,8.61328,-23.4066,0.0,0.0,unfolded
26.133,435,1.0,1.0,1.0,1.0,1.0,1.0,0.0,0.0,0.0,0.0,7.03125,-26.3305,0.0,0.0,unfolded
26.1931,436,1.0,1.0,1.0,1.0,1.0,1.0,0.0,0.0,0.0,0.0,5.09766,-32.1873,0.0,0.0,unfolded
26.2532,437,1.0,1.0,1.0,1.0,1.0,1.0,0.0,0.0,0.0,0.0,3.16406,-32.1829,0.0,0.0,unfolded
26.3133,438,1.0,1.0,1.0,1.0,1.0,1.0,0.0,0.0,0.0,0.0,0.878906,-38.0359,0.0,0.0,unfolded
26.3733,439,1.0,1.0,1.0,1.0,1.0,1.0,0.0,0.0,0.0,0.0,-1.23047,-35.1128,0.0,0.0,unfolded
26.4334,440,1.0,1.0,1.0,1.0,1.0,1.0,0.0,0.0,0.0,0.0,-3.33984,-35.1091,0.0,0.0,unfolded
26.4935,441,1.0,1.0,1.0,1.0,1.0,1.0,0.0,0.0,0.0,0.0,-5.44922,-35.1107,0.0,0.0,unfolded
26.5536,442,1.0,1.0,1.0,1.0,1.0,1.0,0.0,0.0,0.0,0.0,-7.55859,-35.1105,0.0,0.0,folded
26.6137,443,1.0,1.0,1.0,1.0,1.0,1.0,0.0,0.0,0.0,0.0,-9.49219,-32.1829,0.0,0.0,folded
26.6737,444,1.0,1.0,1.0,1.0,1.0,1.0,0.0,0.0,0.0,0.0,-11.25,-29.2603,0.0,0.0,folded
26.7338,445,1.0,1.0,1.0,1.0,1.0,1.0,0.0,0.0,0.0,0.0,-12.6562,-23.4081,0.0,0.0,folded
26.7939,446,1.0,1.0,1.0,1.0,1.0,1.0,0.0,0.0,0.0,0.0,-14.0625,-23.4084,0.0,0.0,folded
26.854,447,1.0,1.0,1.0,1.0,1.0,1.0,0.0,0.0,0.0,0.0,-14.9414,-14.6295,0.0,0.0,folded
26.914,448,1.0,1.0,1.0,1.0,1.0,1.0,0.0,0.0,0.0,0.0,-15.8203,-14.6301,0.0,0.0,folded
26.9741,449,1.0,1.0,1.0,1.0,1.0,1.0,0.0,0.0,0.0,0.0,-16.1719,-5.85222,0.0,0.0,folded
27.0342,450,1.0,1.0,1.0,1.0,1.0,1.0,0.0,0.0,0.0,0.0,-16.3477,-2.92596,0.0,0.0,folded
27.0943,451,1.0,1.0,1.0,1.0,1.0,1.0,0.0,0.0,0.0,0.0,-15.9961,5.85141,0.0,0.0,unfolded
27.1543,452,1.0,1.0,1.0,1.0,1.0,1.0,0.0,0.0,0.0,0.0,-15.4688,8.77732,0.0,0.0,unfolded
27.2144,453,1.0,1.0,1.0,1.0,1.0,1.0,0.0,0.0,0.0,0.0,-14.7656,11.7048,0.0,0.0,unfolded
27.2745,454,1.0,1.0,1.0,1.0,1.0,1.0,0.0,0.0,0.0,0.0,-13.5352,20.481,0.0,0.0,unfolded
27.3346,455,1.0,1.0,1.0,1.0,1.0,1.0,0.0,0.0,0.0,0.0,-12.1289,23.4086,0.0,0.0,unfolded
27.3946,456,1.0,1.0,1.0,1.0,1.0,1.0,0.0,0.0,0.0,0.0,-10.5469,26.3341,0.0,0.0,unfolded
27.4547,457,1.0,1.0,1.0,1.0,1.0,1.0,0.0,0.0,0.0,0.0,-8.78906,29.2591,0.0,0.0,unfolded
27.5148,458,1.0,1.0,1.0,1.0,1.0,1.0,0.0,0.0,0.0,0.0,-6.85547,32.1876,0.0,0.0,unfolded
27.5749,459,1.0,1.0,1.0,1.0,1.0,1.0,0.0,0.0,0.0,0.0,-4.74609,35.1107,0.0,0.0,unfolded
27.635,460,1.0,1.0,1.0,1.0,1.0,1.0,0.0,0.0,0.0,0.0,-2.63672,35.11,0.0,0.0,unfolded
27.695,461,1.0,1.0,1.0,1.0,1.0,1.0,0.0,0.0,0.0,0.0,-0.527344,35.1126,0.0,0.0,unfolded
27.7551,462,1.0,1.0,1.0,1.0,1.0,1.0,0.0,0.0,0.0,0.0,1.58203,35.1114,0.0,0.0,unfolded
27.8152,463,1.0,1.0,1.0,1.0,1.0,1.0,0.0,0.0,0.0,0.0,3.69141,35.1107,0.0,0.0,unfolded
27.8753,464,1.0,1.0,1.0,1.0,1.0,1.0,0.0,0.0,0.0,0.0,5.625,32.1862,0.0,0.0,unfolded
27.9353,465,1.0,1.0,1.0,1.0,1.0,1.0,0.0,0.0,0.0,0.0,7.20703,26.3367,0.0,0.0,unfolded
27.9954,466,1.0,1.0,1.0,1.0,1.0,1.0,0.0,0.0,0.0,0.0,8.96484,29.2629,0.0,0.0,folded
28.0555,467,1.0,1.0,1.0,1.0,1.0,1.0,0.0,0.0,0.0,0.0,10.1953,20.4797,0.0,0.0,folded
28.1156,468,1.0,1.0,1.0,1.0,1.0,1.0,0.0,0.0,0.0,0.0,11.25,17.5559,0.0,0.0,folded
28.1756,469,1.0,1.0,1.0,1.0,1.0,1.0,0.0,0.0,0.0,0.0,12.1289,14.6296,0.0,0.0,folded
28.2357,470,1.0,1.0,1.0,1.0,1.0,1.0,0.0,0.0,0.0,0.0,12.6562,8.77843,0.0,0.0,folded
28.2958,471,1.0,1.0,1.0,1.0,1.0,1.0,0.0,0.0,0.0,0.0,12.832,2.92585,0.0,0.0,folded
28.3559,472,1.0,1.0,1.0,1.0,1.0,1.0,0.0,0.0,0.0,0.0,12.6562,-2.92613,0.0,0.0,folded
28.4159,473,1.0,1.0,1.0,1.0,1.0,1.0,0.0,0.0,0.0,0.0,12.1289,-8.77808,0.0,0.0,folded
28.476,474,1.0,1.0,1.0,1.0,1.0,1.0,0.0,0.0,0.0,0.0,11.4258,-11.7043,0.0,0.0,folded
28.5361,475,1.0,1.0,1.0,1.0,1.0,1.0,0.0,0.0,0.0,0.0,10.3711,-17.556,0.0,0.0,folded
28.5962,476,1.0,1.0,1.0,1.0,1.0,1.0,0.0,0.0,0.0,0.0,8.96484,-23.4079,0.0,0.0,unfolded
28.6562,477,1.0,1.0,1.0,1.0,1.0,1.0,0.0,0.0,0.0,0.0,7.55859,-23.4075,0.0,0.0,unfolded
28.7163,478,1.0,1.0,1.0,1.0,1.0,1.0,0.0,0.0,0.0,0.0,5.80078,-29.2591,0.0,0.0,unfolded
28.7764,479,1.0,1.0,1.0,1.0,1.0,1.0,0.0,0.0,0.0,0.0,3.86719,-32.1832,0.0,0.0,unfolded
28.8365,480,1.0,1.0,1.0,1.0,1.0,1.0,0.0,0.0,0.0,0.0,1.93359,-32.1857,0.0,0.0,unfolded
28.8965,481,1.0,1.0,1.0,1.0,1.0,1.0,0.0,0.0,0.0,0.0,-0.175781,-35.1121,0.0,0.0,unfolded
28.9566,482,1.0,1.0,1.0,1.0,1.0,1.0,0.0,0.0,0.0,0.0,-2.28516,-35.1102,0.0,0.0,unfolded
29.0167,483,1.0,1.0,1.0,1.0,1.0,1.0,0.0,0.0,0.0,0.0,-4.57031,-38.0396,0.0,0.0,unfolded
29.0768,484,1.0,1.0,1.0,1.0,1.0,1.0,0.0,0.0,0.0,0.0,-6.50391,-32.1846,0.0,0.0,folded
29.1369,485,1.0,1.0,1.0,1.0,1.0,1.0,0.0,0.0,0.0,0.0,-8.4375,-32.1822,0.0,0.0,folded
29.1969,486,1.0,1.0,1.0,1.0,1.0,1.0,0.0,0.0,0.0,0.0,-10.1953,-29.2583,0.0,0.0,folded
29.257,487,1.0,1.0,1.0,1.0,1.0,1.0,0.0,0.0,0.0,0.0,-11.7773,-26.334,0.0,0.0,folded
29.3171,488,1.0,1.0,1.0,1.0,1.0,1.0,0.0,0.0,0.0,0.0,-13.1836,-23.4087,0.0,0.0,folded
29.3772,489,1.0,1.0,1.0,1.0,1.0,1.0,0.0,0.0,0.0,0.0,-14.2383,-17.5571,0.0,0.0,folded
29.4372,490,1.0,1.0,1.0,1.0,1.0,1.0,0.0,0.0,0.0,0.0,-15.293,-17.5556,0.0,0.0,folded
29.4973,491,1.0,1.0,1.0,1.0,1.0,1.0,0.0,0.0,0.0,0.0,-15.6445,-5.85622,0.0,0.0,folded
29.5573,492,1.0,1.0,1.0,1.0,1.0,1.0,0.0,0.0,0.0,0.0,-15.9961,-5.85201,0.0,0.0,folded
29.6174,493,1.0,1.0,1.0,1.0,1.0,1.0,0.0,0.0,0.0,0.0,-15.8203,2.9258,0.0,0.0,unfolded
29.6775,494,1.0,1.0,1.0,1.0,1.0,1.0,0.0,0.0,0.0,0.0,-15.4688,5.85166,0.0,0.0,unfolded
29.7376,495,1.0,1.0,1.0,1.0,1.0,1.0,0.0,0.0,0.0,0.0,-14.7656,11.704,0.0,0.0,unfolded
29.7977,496,1.0,1.0,1.0,1.0,1.0,1.0,0.0,0.0,0.0,0.0,-13.8867,14.6294,0.0,0.0,unfolded
29.8577,497,1.0,1.0,1.0,1.0,1.0,1.0,0.0,0.0,0.0,0.0,-12.4805,23.4074,0.0,0.0,unfolded
29.9178,498,1.0,1.0,1.0,1.0,1.0,1.0,0.0,0.0,0.0,0.0,-11.0742,23.4073,0.0,0.0,unfolded
29.9779,499,1.0,1.0,1.0,1.0,1.0,1.0,0.0,0.0,0.0,0.0,-9.49219,26.3344,0.0,0.0,unfolded
30.038,500,1.0,1.0,1.0,1.0,1.0,1.0,0.0,0.0,0.0,0.0,-7.55859,32.188,0.0,0.0,unfolded
