7.86781e-06,0,-1.30289,-0.220342,-9.6663,0.0133158,0.051399,0.0130495,0.0,0.0,0.0,0.0,-0.351562,0.0,-0.0111633,-1.70337,seated
0.222861,1,-3.13269,-0.613125,-9.51302,-0.0689759,-0.279366,0.0671117,0.0,0.0,0.0,0.0,0.0,1.57755,0.0,-1.6706,extended
0.322935,2,-0.555645,-0.0574805,-9.46512,0.0162453,-1.48551,-0.13955,0.0,0.0,0.0,0.0,0.175781,1.75651,0.00552754,-1.67059,extended
0.423029,3,-4.70382,0.325723,-8.27719,-0.0237021,-2.82242,-0.0322242,0.0,0.0,0.0,0.0,0.351562,1.75616,0.011055,-1.67057,extended
0.523112,4,-8.62207,-0.833467,-8.14307,0.104396,-0.0884169,-0.111853,0.0,0.0,0.0,0.0,0.0,-3.51271,0.0,-1.6706,extended
0.623196,5,-5.71931,0.287402,-7.97063,0.0687096,-0.0223706,-0.0282295,0.0,0.0,0.0,0.0,0.0,0.0,0.0,-1.6706,extended
0.723295,6,-5.24988,-0.364043,-7.90356,-0.0567253,0.0687096,0.0950749,0.0,0.0,0.0,0.0,0.175781,1.75607,0.00552754,-1.67059,extended
0.823383,7,-6.01629,-0.277822,-7.86524,-0.00719053,0.0527306,0.0428769,0.0,0.0,0.0,0.0,0.175781,0.0,0.00552754,-1.67059,extended
0.923454,8,-5.90133,-0.287402,-7.82692,0.0245011,0.0306264,-0.0271642,0.0,0.0,0.0,0.0,0.0,-1.75657,0.0,-1.6706,extended
1.02354,9,-5.84385,-0.0766406,-7.71196,0.0370179,0.0250337,-0.0242348,0.0,0.0,0.0,0.0,-0.175781,-1.7563,-0.00552754,-1.67059,extended
1.12361,10,-5.69057,-0.105381,-7.7407,-0.00958738,0.0,0.0460727,0.0,0.0,0.0,0.0,-0.351562,-1.75657,-0.011055,-1.67057,extended
1.22368,11,-5.68099,-0.210762,-7.75028,-0.0130495,-0.00878843,0.0492685,0.0,0.0,0.0,0.0,-0.527344,-1.75665,-0.0165824,-1.67053,extended
1.32377,12,-5.57561,-0.287402,-7.89398,0.0221042,-0.0253,0.01012,0.0,0.0,0.0,0.0,-0.703125,-1.75625,-0.0221096,-1.67047,extended
1.54912,13,-6.09293,0.162861,-8.06643,0.0117179,0.186155,-0.257261,0.0,0.0,0.0,0.0,-1.05469,-1.56007,-0.0334883,-1.70311,seated
1.64921,14,-5.45106,-0.785566,-8.17181,0.0655138,1.45648,0.0737696,0.0,0.0,0.0,0.0,-1.40625,-3.51215,-0.0446491,-1.70289,seated
1.74929,15,-2.43334,-0.287402,-9.74294,0.0548611,2.87009,0.113451,0.0,0.0,0.0,0.0,-1.40625,0.0,-0.0446491,-1.70289,seated
1.84935,16,1.68609,-0.182021,-10.4806,-0.0364853,-0.645817,0.189617,0.0,0.0,0.0,0.0,-1.23047,1.75663,-0.0390689,-1.70301,seated
1.94943,17,-2.5483,-0.277822,-9.94412,-0.0066579,0.600277,0.01518,0.0,0.0,0.0,0.0,-1.05469,1.75655,-0.0334883,-1.70311,seated
2.0495,18,-1.08255,0.143701,-9.7621,0.0588559,-0.0652474,-0.0993359,0.0,0.0,0.0,0.0,-1.23047,-1.75648,-0.0390689,-1.70301,seated
2.14959,19,-1.20709,-0.459844,-10.0878,-0.0199737,0.0125169,-0.0117179,0.0,0.0,0.0,0.0,-1.05469,1.75628,-0.0334883,-1.70311,seated
2.24967,20,-1.09213,-0.526904,-10.2507,-0.0231695,0.0556601,0.102532,0.0,0.0,0.0,0.0,-0.878906,1.75641,-0.0279074,-1.7032,seated
2.34975,21,-1.51365,-0.316143,-9.97286,-0.0138484,0.0681769,0.0474043,0.0,0.0,0.0,0.0,-0.703125,1.75632,-0.0223262,-1.70327,seated
2.44984,22,-1.34121,-0.411943,-10.0303,0.0162453,0.0777643,-0.0553938,0.0,0.0,0.0,0.0,-0.527344,1.75626,-0.0167449,-1.70333,seated
2.54993,23,-1.48491,-0.210762,-9.97286,0.0237021,0.051399,0.036219,0.0,0.0,0.0,0.0,-0.175781,3.51257,-0.00558169,-1.70339,seated
2.65,24,-1.28373,-0.172441,-9.48428,0.00719053,0.0833569,0.0801611,0.0,0.0,0.0,0.0,0.0,1.7566,0.0,-1.7034,seated
2.75008,25,-1.30289,-0.277822,-9.4747,0.00798948,0.0399474,-0.0205063,0.0,0.0,0.0,0.0,0.175781,1.75646,0.00558169,-1.70339,seated
2.85015,26,-1.28373,-0.258662,-9.84832,0.00958738,0.0577906,-0.0327569,0.0,0.0,0.0,0.0,0.351562,1.75658,0.0111633,-1.70337,seated
2.95022,27,-1.32205,-0.210762,-9.87706,0.00506001,0.0529969,0.04048,0.0,0.0,0.0,0.0,0.527344,1.75647,0.0167449,-1.70333,seated
3.05029,28,-1.29331,-0.239502,-9.84832,0.00719053,0.0482032,0.0527306,0.0,0.0,0.0,0.0,0.703125,1.75658,0.0223262,-1.70327,seated
3.15036,29,-1.33163,-0.325723,-9.74294,0.00852212,0.01518,0.00905475,0.0,0.0,0.0,0.0,0.703125,0.0,0.0223262,-1.70327,seated
3.25045,30,-1.24541,-0.268242,-9.84832,0.0173105,0.00506001,-0.0189084,0.0,0.0,0.0,0.0,0.527344,-1.75613,0.0167449,-1.70333,seated
3.35053,31,-1.30289,-0.268242,-9.73336,0.000798948,0.00479369,0.0378169,0.0,0.0,0.0,0.0,0.527344,0.0,0.0167449,-1.70333,seated
3.45062,32,-1.34121,-0.249082,-9.69504,0.00106526,-0.00292948,0.0436758,0.0,0.0,0.0,0.0,0.351562,-1.75632,0.0111633,-1.70337,seated
3.5507,33,-1.28373,-0.201182,-9.58966,0.0175769,-0.0175769,-0.0130495,0.0,0.0,0.0,0.0,0.175781,-1.75637,0.00558169,-1.70339,seated
3.65077,34,-1.25499,-0.201182,-9.59924,0.0173105,-0.0205063,0.0098537,0.0,0.0,0.0,0.0,0.0,-1.75657,0.0,-1.7034,seated
3.75084,35,-1.28373,-0.191602,-9.64714,0.00878843,-0.0146474,0.0346211,0.0,0.0,0.0,0.0,-0.175781,-1.75656,-0.00558169,-1.70339,seated
3.85092,36,-1.28373,-0.249082,-9.62798,0.00852212,-0.0162453,0.0284958,0.0,0.0,0.0,0.0,-0.351562,-1.75652,-0.0111633,-1.70337,seated
3.95101,37,-1.26457,-0.268242,-9.73336,0.0114516,-0.0218379,-0.00452737,0.0,0.0,0.0,0.0,-0.703125,-3.51221,-0.0223262,-1.70327,seated
4.13746,38,-1.30289,-0.268242,-9.65672,0.0125169,-0.0167779,0.0287621,0.0,0.0,0.0,0.0,-0.878906,-0.94279,-0.0279074,-1.7032,seated
4.23756,39,-1.30289,-0.277822,-9.73336,0.00692422,-0.0098537,0.0117179,0.0,0.0,0.0,0.0,-1.05469,-1.75616,-0.0334883,-1.70311,seated
4.33764,40,-1.31247,-0.220342,-9.6663,0.0119842,0.00772317,0.0,0.0,0.0,0.0,0.0,-1.23047,-1.75644,-0.0390689,-1.70301,seated
