4.7683716e-06,0,-1.2645704,-0.45984375,-9.74294,-0.02396845,0.041012682,0.070307456,0.0,0.0,0.0,0.0,1.0,0.0,0.00674,0.13537,None,seated
0.18083692,1,1.590293,0.21076173,-9.235196,-0.024234766,-0.11984225,0.10093381,0.0,0.0,0.0,0.0,1.0,0.0,0.0188,0.1476,Start,extended
0.2809739,2,1.2070899,-0.4406836,-8.420889,0.059388492,-1.019458,0.14807177,0.0,0.0,0.0,0.0,1.0,0.0,0.0188,0.1476,Start,extended
0.381073,3,-3.4775686,-0.09580079,-10.356065,0.03888215,-2.8394625,0.029827405,0.0,0.0,0.0,0.0,1.0,0.0,0.0188,0.1476,Start,extended
0.481205,4,-7.817344,-0.6227051,-7.0413575,0.19387813,-1.0431602,-0.048203215,0.0,0.0,0.0,0.0,1.0,0.0,0.0188,0.1476,Start,extended
0.5813718,5,-7.3575,0.364043,-7.683223,0.021038974,0.9262474,-0.42690474,0.0,0.0,0.0,0.0,1.0,0.0,0.0188,0.1476,Start,extended
0.6815009,6,-3.899092,-0.10538086,-7.7694435,-0.00079894834,-0.42717105,0.13475595,0.0,0.0,0.0,0.0,1.0,0.0,0.0188,0.1476,Start,extended
0.7816119,7,-7.3958206,-0.52690434,-7.798184,-0.11611383,0.12942964,0.26418558,0.0,0.0,0.0,0.0,1.0,0.0,0.0188,0.1476,Start,extended
0.88175297,8,-4.9433208,-0.852627,-7.5012016,-0.08175905,0.15233281,0.07749799,0.0,0.0,0.0,0.0,1.0,0.0,0.0188,0.1476,Start,extended
0.9818728,9,-6.8976564,-0.364043,-8.085587,0.046072688,-0.0777643,-0.05273059,0.0,0.0,0.0,0.0,1.0,0.0,0.0188,0.1476,Start,extended
1.081991,10,-5.719307,-0.009580079,-7.702383,0.083889574,0.016245283,-0.07137272,0.0,0.0,0.0,0.0,1.0,0.0,0.0188,0.1476,Start,extended
1.1820879,11,-6.0258694,-0.10538086,-7.8652444,0.022104237,0.040213734,0.010652645,0.0,0.0,0.0,0.0,1.0,0.0,0.0188,0.1476,Start,extended
1.282192,12,-6.1312504,-0.2203418,-7.9610453,-0.04527374,0.020240024,0.10066749,0.0,0.0,0.0,0.0,1.0,0.0,0.0188,0.1476,Start,extended
1.416364,13,-6.5719337,-0.6227051,-7.673643,0.0053263223,0.08335695,0.13582122,0.0,0.0,0.0,0.0,1.0,0.0,0.00674,0.13537,Start,seated
1.5164659,14,-9.848321,-0.2203418,-7.8652444,0.13369069,0.6740461,-0.082558,0.0,0.0,0.0,0.0,1.0,0.0,0.00674,0.13537,Start,seated
1.6165729,15,-6.3899126,-0.86220706,-8.832832,-0.10066749,3.0197585,-0.19813919,0.0,0.0,0.0,0.0,1.0,0.0,0.00674,0.13537,Start,seated
1.7166848,16,6.4090724,1.0059083,-9.7621,-0.07829694,1.8644791,0.07856325,0.0,0.0,0.0,0.0,1.0,0.0,0.00674,0.13537,Start,seated
1.8167799,17,-2.6057813,-1.1591895,-10.614727,0.10306434,-1.0958908,0.6010755,0.0,0.0,0.0,0.0,1.0,0.0,0.00674,0.13537,Start,seated
1.9169018,18,-3.5542092,-0.05748047,-9.216036,-0.04527374,0.5616607,-0.10120013,0.0,0.0,0.0,0.0,1.0,0.0,0.00674,0.13537,Start,seated
2.0170238,19,-0.78556645,-0.8143067,-8.986114,0.02396845,0.22290659,-0.23861924,0.0,0.0,0.0,0.0,1.0,0.0,0.00674,0.13537,Start,seated
2.117127,20,-2.7973828,-0.22992188,-9.963282,0.036751624,-0.035952676,0.084155895,0.0,0.0,0.0,0.0,1.0,0.0,0.00674,0.13537,Start,seated
2.2172189,21,-1.3124708,-0.488584,-9.580078,-0.036218993,0.1571265,0.1555286,0.0,0.0,0.0,0.0,1.0,0.0,0.00674,0.13537,Start,seated
2.31735,22,-1.5807129,-0.46942386,-9.79084,-0.017310547,0.049534798,0.023702133,0.0,0.0,0.0,0.0,1.0,0.0,0.00674,0.13537,Start,seated
2.417444,23,-1.3795313,-0.6993457,-9.608819,0.015446335,0.032490566,-0.07962852,0.0,0.0,0.0,0.0,1.0,0.0,0.00674,0.13537,Start,seated
2.517514,24,-1.456172,-0.68018556,-9.656719,0.007989483,0.06737798,0.0005326322,0.0,0.0,0.0,0.0,1.0,0.0,0.00674,0.13537,Start,seated
2.6176388,25,-1.5711329,-0.52690434,-9.69504,-0.009853696,0.06524745,0.10519487,0.0,0.0,0.0,0.0,1.0,0.0,0.00674,0.13537,Start,seated
2.8106968,26,-1.0059083,-0.3065625,-10.011182,-0.007456851,0.015446335,-0.024234766,0.0,0.0,0.0,0.0,1.0,0.0,0.0188,0.1476,Start,extended
2.9108229,27,1.1496094,-1.0442286,-8.871153,-0.08282431,-1.3531522,0.009853696,0.0,0.0,0.0,0.0,1.0,0.0,0.0188,0.1476,Start,extended
3.0109708,28,-3.9757326,0.2778223,-8.669971,0.09321064,-3.059972,0.2213087,0.0,0.0,0.0,0.0,1.0,0.0,0.0188,0.1476,Start,extended
3.1111028,29,-9.589659,-0.28740236,-8.669971,0.1587244,-1.278051,-0.012783173,0.0,0.0,0.0,0.0,1.0,0.0,0.0188,0.1476,Start,extended
3.211236,30,-9.522598,-0.45984375,-9.283096,0.0314253,0.6535397,-0.3323625,0.0,0.0,0.0,0.0,1.0,0.0,0.0188,0.1476,Start,extended
3.311332,31,-1.456172,0.5364844,-6.6294146,0.026365295,0.040213734,0.028495824,0.0,0.0,0.0,0.0,1.0,0.0,0.0188,0.1476,Start,extended
3.4114828,32,-8.54543,-0.45026368,-8.669971,-0.09054748,-0.314253,0.22503711,0.0,0.0,0.0,0.0,1.0,0.0,0.0188,0.1476,Start,extended
3.511612,33,-6.2270513,-0.7664063,-8.51669,-0.13102753,0.18935075,0.009054748,0.0,0.0,0.0,0.0,1.0,0.0,0.0188,0.1476,Start,extended
3.6117258,34,-6.2270513,-0.4981641,-8.171807,-0.012516857,-0.20453078,-0.040213734,0.0,0.0,0.0,0.0,1.0,0.0,0.0188,0.1476,Start,extended
3.711856,35,-5.374424,-0.2778223,-7.6353226,0.050333746,0.053795855,-0.04926848,0.0,0.0,0.0,0.0,1.0,0.0,0.0188,0.1476,Start,extended
3.811982,36,-6.361172,-0.12454102,-7.9802055,0.015978966,0.02396845,0.02396845,0.0,0.0,0.0,0.0,1.0,0.0,0.0188,0.1476,Start,extended
3.912077,37,-5.7767873,-0.16286133,-7.9227247,-0.049534798,-0.0314253,0.073236935,0.0,0.0,0.0,0.0,1.0,0.0,0.0188,0.1476,Start,extended
4.038455,38,-5.7863674,-0.33530274,-7.5874224,-0.017576864,0.034621093,0.038083203,0.0,0.0,0.0,0.0,1.0,0.0,0.00674,0.13537,Start,seated
4.138567,39,-8.717872,-0.07664063,-8.162227,0.09241169,0.08948222,-0.087618,0.0,0.0,0.0,0.0,1.0,0.0,0.00674,0.13537,Start,seated
4.238696,40,-5.384004,-0.24908204,-8.363408,-0.059388492,3.0621028,-0.23595607,0.0,0.0,0.0,0.0,1.0,0.0,0.00674,0.13537,Start,seated
4.338823,41,1.6190332,0.3065625,-7.434141,-0.09267801,2.1326594,-0.029827405,0.0,0.0,0.0,0.0,1.0,0.0,0.00674,0.13537,Start,seated
4.438955,42,1.6286134,-0.3544629,-8.880733,-0.10120013,-0.28149614,0.48149952,0.0,0.0,0.0,0.0,1.0,0.0,0.00674,0.13537,Start,seated
4.539129,43,-4.1864944,0.19160157,-9.522598,0.076965354,-0.24873926,-0.10093381,0.0,0.0,0.0,0.0,1.0,0.0,0.00674,0.13537,Start,seated
4.639258,44,-0.7664063,-0.8334668,-10.394385,-0.015978966,0.3289004,-0.29161614,0.0,0.0,0.0,0.0,1.0,0.0,0.00674,0.13537,Start,seated
4.7393837,45,-2.3950195,-0.22992188,-10.068663,0.05006743,-0.14647387,0.08628642,0.0,0.0,0.0,0.0,1.0,0.0,0.00674,0.13537,Start,seated
4.839486,46,-1.1783496,-0.39278322,-9.398057,-0.03435478,0.16112125,0.14913702,0.0,0.0,0.0,0.0,1.0,0.0,0.00674,0.13537,Start,seated
4.939594,47,-1.4753321,-0.5939649,-9.503438,0.015446335,0.054328486,0.030626353,0.0,0.0,0.0,0.0,1.0,0.0,0.00674,0.13537,Start,seated
5.039705,48,-1.3220508,-0.45026368,-9.618399,0.01571265,0.057790596,-0.059921127,0.0,0.0,0.0,0.0,1.0,0.0,0.00674,0.13537,Start,seated
5.139777,49,-1.4274317,-0.4981641,-9.896221,-0.0026631611,0.084155895,0.028229509,0.0,0.0,0.0,0.0,1.0,0.0,0.00674,0.13537,Start,seated
5.239865,50,-1.5136524,-0.45026368,-9.848321,-0.012516857,0.05965481,0.09054748,0.0,0.0,0.0,0.0,1.0,0.0,0.00674,0.13537,Start,seated
5.37775,51,-0.4981641,-0.46942386,-8.851993,-0.03355583,-0.0015978967,-0.0077231675,0.0,0.0,0.0,0.0,1.0,0.0,0.0188,0.1476,Start,extended
5.477845,52,0.009580079,-1.8489552,-10.729688,-0.08149273,-0.35979307,-0.09853696,0.0,0.0,0.0,0.0,1.0,0.0,0.0188,0.1476,Start,extended
5.57795,53,-0.10538086,0.23950197,-8.162227,-0.06338324,-2.876214,0.12144015,0.0,0.0,0.0,0.0,1.0,0.0,0.0188,0.1476,Start,extended
5.678104,54,-11.304493,-1.3699512,-6.1695704,0.051132694,-3.3388052,0.6508766,0.0,0.0,0.0,0.0,1.0,0.0,0.0188,0.1476,Start,extended
5.778221,55,-12.18586,0.9196875,-7.4054008,0.08229168,0.07190535,-0.2545982,0.0,0.0,0.0,0.0,1.0,0.0,0.0188,0.1476,Start,extended
5.8783712,56,-0.68976563,-0.64186525,-6.974297,0.075101145,1.2303804,0.03488741,0.0,0.0,0.0,0.0,1.0,0.0,0.0188,0.1476,Start,extended
5.978488,57,-5.863008,-0.5843848,-8.47837,-0.12303805,-0.7390272,0.11132014,0.0,0.0,0.0,0.0,1.0,0.0,0.0188,0.1476,Start,extended
6.078618,58,-7.089258,0.29698244,-7.7694435,0.02130529,0.045007423,-0.0034621095,0.0,0.0,0.0,0.0,1.0,0.0,0.0188,0.1476,Start,extended
6.178731,59,-4.9241605,-0.38320315,-7.7694435,0.03169162,0.12942964,-0.015978966,0.0,0.0,0.0,0.0,1.0,0.0,0.0188,0.1476,Start,extended
6.2788706,60,-6.4282327,-0.07664063,-7.7502837,0.021837922,-0.07989483,0.0029294773,0.0,0.0,0.0,0.0,1.0,0.0,0.0188,0.1476,Start,extended
6.3789825,61,-5.623506,-0.06706055,-7.4916215,-0.021038974,-0.041279,0.04873585,0.0,0.0,0.0,0.0,1.0,0.0,0.0188,0.1476,Start,extended
6.479107,62,-6.09293,-0.3065625,-7.453301,-0.027963191,0.026365295,0.043675844,0.0,0.0,0.0,0.0,1.0,0.0,0.0188,0.1476,Start,extended
6.579238,63,-5.9013286,-0.21076173,-7.510782,-0.00479369,-0.016777916,0.03222425,0.0,0.0,0.0,0.0,1.0,0.0,0.0188,0.1476,Start,extended
6.704138,64,-5.5660257,-0.15328126,-7.2808595,0.019707393,0.02396845,0.036485307,0.0,0.0,0.0,0.0,1.0,0.0,0.00674,0.13537,Start,seated
6.804243,65,-9.532178,-0.028740235,-7.5203614,-0.08442221,0.27164245,-0.13342437,0.0,0.0,0.0,0.0,1.0,0.0,0.00674,0.13537,Start,seated
6.904413,66,-8.3250885,0.20118165,-7.1563187,0.015180019,3.486078,-0.14168017,0.0,0.0,0.0,0.0,1.0,0.0,0.00674,0.13537,Start,seated
7.004544,67,4.790039,-0.32572266,-7.8748245,-0.1107875,-0.21704763,0.25699505,0.0,0.0,0.0,0.0,1.0,0.0,0.00674,0.13537,Start,seated
7.111597,68,-2.9219239,0.4406836,-10.624307,0.19148129,-1.0263823,0.29188246,0.0,0.0,0.0,0.0,1.0,0.0,0.00674,0.13537,Start,seated
7.211701,69,-3.3817677,-0.14370118,-10.614727,0.016245283,0.74115777,-0.18402444,0.0,0.0,0.0,0.0,1.0,0.0,0.00674,0.13537,Start,seated
7.311803,70,-0.5460645,-0.20118165,-9.388477,0.06737798,-0.10679276,0.04181163,0.0,0.0,0.0,0.0,1.0,0.0,0.00674,0.13537,Start,seated
7.6310167,71,-1.7244141,-0.3544629,-9.618399,0.017576864,0.06737798,-0.034088463,0.0,0.0,0.0,0.0,1.0,0.0,0.00674,0.13537,Start,seated
7.776878,72,-1.7435743,-0.37362307,-9.618399,0.00958738,0.084155895,-0.01917476,0.0,0.0,0.0,0.0,1.0,0.0,0.00674,0.13537,Start,seated
7.8770046,73,-1.8968556,-0.29698244,-9.637559,-0.008788432,0.059388492,0.06737798,0.0,0.0,0.0,0.0,1.0,0.0,0.00674,0.13537,Start,seated
8.017311,74,-1.3028907,-0.34488282,-9.656719,-0.0037284256,0.04527374,0.029294772,0.0,0.0,0.0,0.0,1.0,0.0,0.0188,0.1476,Start,extended
8.117424,75,-2.567461,-1.7339942,-9.493857,0.053263225,0.72198296,-0.35420042,0.0,0.0,0.0,0.0,1.0,0.0,0.0188,0.1476,Start,extended
8.217535,76,0.4981641,0.0,-7.7215433,-0.06338324,-2.70444,0.06950851,0.0,0.0,0.0,0.0,1.0,0.0,0.0188,0.1476,Start,extended
8.317667,77,-11.151212,-1.4849122,-7.32876,-0.019973708,-3.336142,0.7890946,0.0,0.0,0.0,0.0,1.0,0.0,0.0188,0.1476,Start,extended
8.417764,78,-11.515254,0.06706055,-7.1371584,0.10972224,0.24847293,-0.1768339,0.0,0.0,0.0,0.0,1.0,0.0,0.0188,0.1476,Start,extended
8.517852,79,-1.3028907,0.56522465,-5.719307,-0.0010652645,1.4498249,0.03568636,0.0,0.0,0.0,0.0,1.0,0.0,0.0188,0.1476,Start,extended
8.617963,80,-5.2977834,-0.21076173,-7.654483,-0.18136127,-0.6775082,0.12756541,0.0,0.0,0.0,0.0,1.0,0.0,0.0188,0.1476,Start,extended
8.718063,81,-7.0030375,-0.009580079,-7.903565,0.002396845,-0.35153726,0.086020105,0.0,0.0,0.0,0.0,1.0,0.0,0.0188,0.1476,Start,extended
8.818155,82,-5.3169436,-0.07664063,-7.7598634,0.049002163,0.2463424,-0.04234426,0.0,0.0,0.0,0.0,1.0,0.0,0.0188,0.1476,Start,extended
8.918264,83,-5.4606447,-0.2203418,-7.7311234,0.03834952,-0.18748654,-0.036751624,0.0,0.0,0.0,0.0,1.0,0.0,0.0188,0.1476,Start,extended
9.018368,84,-6.7731156,0.086220704,-7.673643,0.08735169,0.025566347,-0.07563378,0.0,0.0,0.0,0.0,1.0,0.0,0.0188,0.1476,Start,extended
9.118472,85,-5.958809,-0.68018556,-7.9802055,0.02956109,0.013582122,-0.020506341,0.0,0.0,0.0,0.0,1.0,0.0,0.0188,0.1476,Start,extended
9.218576,86,-6.332432,0.086220704,-8.210127,-0.1403486,-0.08468852,0.06684534,0.0,0.0,0.0,0.0,1.0,0.0,0.0188,0.1476,Start,extended
9.373084,87,-5.5372853,0.45984375,-7.903565,0.09880328,-0.41598576,-0.058589544,0.0,0.0,0.0,0.0,1.0,0.0,0.00674,0.13537,Start,seated
9.473167,88,-9.426797,-0.4023633,-7.711963,-0.011717909,0.21491711,-0.13475595,0.0,0.0,0.0,0.0,1.0,0.0,0.00674,0.13537,Start,seated
9.573282,89,-5.633086,0.5748047,-9.704619,-0.05752428,3.3577135,-0.042077947,0.0,0.0,0.0,0.0,1.0,0.0,0.00674,0.13537,Start,seated
9.673408,90,4.493057,-0.2203418,-10.317744,-0.1504686,1.5704662,0.09267801,0.0,0.0,0.0,0.0,1.0,0.0,0.00674,0.13537,Start,seated
9.773526,91,-0.8143067,-0.96758795,-8.181387,0.027164243,-0.51052797,0.37124467,0.0,0.0,0.0,0.0,1.0,0.0,0.00674,0.13537,Start,seated
9.873632,92,-2.9794044,0.009580079,-10.547667,0.041012682,0.05912218,-0.34115094,0.0,0.0,0.0,0.0,1.0,0.0,0.00674,0.13537,Start,seated
9.973743,93,-0.50774413,-0.14370118,-9.551338,-0.055127434,0.17736652,-0.015446335,0.0,0.0,0.0,0.0,1.0,0.0,0.00674,0.13537,Start,seated
10.07387,94,-1.5232325,-0.7089258,-8.813672,-0.043675844,-0.14594123,0.31771514,0.0,0.0,0.0,0.0,1.0,0.0,0.00674,0.13537,Start,seated
10.173975,95,-1.8776954,-1.6286134,-9.148975,-0.0058589545,0.18322548,-0.056991648,0.0,0.0,0.0,0.0,1.0,0.0,0.00674,0.13537,Start,seated
10.274109,96,-1.8010547,-0.45026368,-9.522598,0.07749799,0.019973708,-0.25832662,0.0,0.0,0.0,0.0,1.0,0.0,0.00674,0.13537,Start,seated
10.374254,97,-1.7244141,-0.10538086,-9.551338,0.026365295,0.1555286,0.040213734,0.0,0.0,0.0,0.0,1.0,0.0,0.00674,0.13537,Start,seated
10.474366,98,-1.9830762,-0.2778223,-9.666299,-0.032756884,0.14274544,0.10546118,0.0,0.0,0.0,0.0,1.0,0.0,0.00674,0.13537,Start,seated
10.604488,99,-1.5136524,-0.4023633,-9.618399,0.004527374,0.090014845,-0.017310547,0.0,0.0,0.0,0.0,1.0,0.0,0.0188,0.1476,Start,extended
10.704544,100,1.1304493,-1.1112891,-8.928633,-0.020506341,-0.7613978,0.06471482,0.0,0.0,0.0,0.0,1.0,0.0,0.0188,0.1476,Start,extended
10.804645,101,-3.9661524,0.2778223,-8.440049,0.03542004,-2.9891322,0.31132352,0.0,0.0,0.0,0.0,1.0,0.0,0.0188,0.1476,Start,extended
10.904789,102,-7.7215433,-0.7759864,-7.1371584,0.08016115,-0.8333031,0.15978967,0.0,0.0,0.0,0.0,1.0,0.0,0.0188,0.1476,Start,extended
11.004968,103,-8.784932,-0.22992188,-7.951465,0.009853696,0.3587278,-0.19148129,0.0,0.0,0.0,0.0,1.0,0.0,0.0188,0.1476,Start,extended
11.105139,104,-2.2129982,-0.3161426,-6.696475,0.050600063,0.04527374,0.058589544,0.0,0.0,0.0,0.0,1.0,0.0,0.0188,0.1476,Start,extended
11.205337,105,-7.5299416,-0.90052736,-8.277188,-0.044208474,-0.19973709,0.12596752,0.0,0.0,0.0,0.0,1.0,0.0,0.0188,0.1476,Start,extended
11.305427,106,-5.633086,-0.38320315,-8.238868,-0.06711166,0.1387507,0.023702133,0.0,0.0,0.0,0.0,1.0,0.0,0.0188,0.1476,Start,extended
11.40557,107,-6.303692,0.07664063,-7.788604,-0.00079894834,0.01917476,0.018908445,0.0,0.0,0.0,0.0,1.0,0.0,0.0188,0.1476,Start,extended
11.505674,108,-5.518125,0.038320314,-7.8269243,0.0002663161,-0.014647386,0.02396845,0.0,0.0,0.0,0.0,1.0,0.0,0.0188,0.1476,Start,extended
11.605769,109,-6.332432,-0.06706055,-7.9610453,-0.007456851,0.043675844,0.028229509,0.0,0.0,0.0,0.0,1.0,0.0,0.0188,0.1476,Start,extended
11.705908,110,-6.1504107,-0.14370118,-7.8652444,0.002396845,-0.014647386,0.018109497,0.0,0.0,0.0,0.0,1.0,0.0,0.0188,0.1476,Start,extended
11.806028,111,-5.8821683,-0.24908204,-7.7311234,0.007989483,-0.02609898,0.018109497,0.0,0.0,0.0,0.0,1.0,0.0,0.0188,0.1476,Start,extended
11.934404,112,-6.2270513,-0.43110353,-7.4820414,0.011185277,0.015180019,0.005060006,0.0,0.0,0.0,0.0,1.0,0.0,0.00674,0.13537,Start,seated
12.03452,113,-10.049502,0.05748047,-8.51669,0.11558119,0.33795515,0.046871636,0.0,0.0,0.0,0.0,1.0,0.0,0.00674,0.13537,Start,seated
12.134622,114,-6.591094,1.101709,-6.8976564,-0.06498113,2.9875343,-0.23515713,0.0,0.0,0.0,0.0,1.0,0.0,0.00674,0.13537,Start,seated
12.234761,115,2.4716604,0.68018556,-9.263936,0.038083203,2.8975194,0.14168017,0.0,0.0,0.0,0.0,1.0,0.0,0.00674,0.13537,Start,seated
12.334878,116,-1.1208692,-1.9926564,-11.237432,0.066046394,-0.9488843,0.4910869,0.0,0.0,0.0,0.0,1.0,0.0,0.00674,0.13537,Start,seated
12.435005,117,-4.1960745,-0.05748047,-9.915381,-0.07084008,0.350472,-0.094009586,0.0,0.0,0.0,0.0,1.0,0.0,0.00674,0.13537,Start,seated
12.535115,118,0.82388675,0.019160157,-9.934542,-0.061252706,0.31292143,-0.23249397,0.0,0.0,0.0,0.0,1.0,0.0,0.00674,0.13537,Start,seated
12.635232,119,-3.027305,-0.7568262,-10.432706,0.04474111,-0.16911073,0.040480047,0.0,0.0,0.0,0.0,1.0,0.0,0.00674,0.13537,Start,seated
12.735355,120,-1.7339942,-0.45984375,-9.75252,-0.018908445,0.14594123,0.06870956,0.0,0.0,0.0,0.0,1.0,0.0,0.00674,0.13537,Start,seated
12.835477,121,-1.8202149,-0.4981641,-9.445957,0.004261058,0.05219796,0.03701794,0.0,0.0,0.0,0.0,1.0,0.0,0.00674,0.13537,Start,seated
12.93559,122,-1.5519727,-0.60354495,-9.704619,-0.0015978967,0.077231675,-0.03568636,0.0,0.0,0.0,0.0,1.0,0.0,0.00674,0.13537,Start,seated
13.03573,123,-1.705254,-0.5939649,-9.656719,-0.00479369,0.092145376,0.02396845,0.0,0.0,0.0,0.0,1.0,0.0,0.00674,0.13537,Start,seated
13.135866,124,-1.7531544,-0.5460645,-9.69504,-0.008788432,0.08149273,0.058589544,0.0,0.0,0.0,0.0,1.0,0.0,0.00674,0.13537,Start,seated
13.263112,125,-1.456172,-0.488584,-10.011182,-0.0013315806,0.09853696,0.03488741,0.0,0.0,0.0,0.0,1.0,0.0,0.0188,0.1476,Start,extended
13.363252,126,1.9926564,-0.90052736,-10.078242,0.022370555,-1.1038803,0.04314321,0.0,0.0,0.0,0.0,1.0,0.0,0.0188,0.1476,Start,extended
13.463339,127,-4.129014,0.41194338,-9.196876,0.14008227,-3.0405312,0.11025487,0.0,0.0,0.0,0.0,1.0,0.0,0.0188,0.1476,Start,extended
13.563497,128,-7.606582,-0.47900394,-7.4820414,0.14993598,-0.7251788,0.12357068,0.0,0.0,0.0,0.0,1.0,0.0,0.0188,0.1476,Start,extended
13.663663,129,-10.423125,0.2778223,-9.158555,0.048469532,0.1470065,-0.23648871,0.0,0.0,0.0,0.0,1.0,0.0,0.0188,0.1476,Start,extended
13.763819,130,-0.2682422,-0.09580079,-6.4186525,0.024234766,-0.10066749,0.06791061,0.0,0.0,0.0,0.0,1.0,0.0,0.0188,0.1476,Start,extended
13.863979,131,-9.283096,-0.7664063,-7.9227247,-0.09187906,-0.14727281,0.1486044,0.0,0.0,0.0,0.0,1.0,0.0,0.0188,0.1476,Start,extended
13.964161,132,-6.1791506,-0.4406836,-8.47837,-0.0743022,0.15446335,-0.015446335,0.0,0.0,0.0,0.0,1.0,0.0,0.0188,0.1476,Start,extended
14.064304,133,-5.8055277,-0.4023633,-8.085587,0.0002663161,-0.14434333,-0.017576864,0.0,0.0,0.0,0.0,1.0,0.0,0.0188,0.1476,Start,extended
14.164411,134,-5.3073635,-0.07664063,-7.5203614,0.025832662,0.023435818,-0.0002663161,0.0,0.0,0.0,0.0,1.0,0.0,0.0188,0.1476,Start,extended
14.2645855,135,-6.207891,-0.19160157,-8.008945,-0.0037284256,0.027963191,0.03568636,0.0,0.0,0.0,0.0,1.0,0.0,0.0188,0.1476,Start,extended
14.364682,136,-5.9013286,-0.3161426,-7.903565,-0.0314253,-0.004527374,0.04873585,0.0,0.0,0.0,0.0,1.0,0.0,0.0188,0.1476,Start,extended
14.464788,137,-5.8055277,-0.37362307,-7.846084,-0.01784318,0.0037284256,0.028229509,0.0,0.0,0.0,0.0,1.0,0.0,0.0188,0.1476,Start,extended
14.599283,138,-5.709727,-0.37362307,-7.788604,0.022104237,0.070041135,0.0034621095,0.0,0.0,0.0,0.0,1.0,0.0,0.00674,0.13537,Start,seated
14.699394,139,-9.81,-0.06706055,-8.650811,0.13582122,0.33316147,0.015446335,0.0,0.0,0.0,0.0,1.0,0.0,0.00674,0.13537,Start,seated
14.799518,140,-4.636758,0.96758795,-7.817344,-0.16644756,2.727876,-0.17603496,0.0,0.0,0.0,0.0,1.0,0.0,0.00674,0.13537,Start,seated
14.899638,141,5.5660257,-1.0442286,-10.950029,0.06764429,2.7409256,0.03355583,0.0,0.0,0.0,0.0,1.0,0.0,0.00674,0.13537,Start,seated
14.999751,142,-1.2454102,-2.2800586,-11.735597,0.04873585,-0.74967986,0.6282397,0.0,0.0,0.0,0.0,1.0,0.0,0.00674,0.13537,Start,seated
15.099862,143,-4.2343946,0.3161426,-9.972861,-0.07536746,0.31292143,-0.008522116,0.0,0.0,0.0,0.0,1.0,0.0,0.00674,0.13537,Start,seated
15.2,144,0.7185059,-0.28740236,-10.087823,-0.030626353,0.26312032,-0.16911073,0.0,0.0,0.0,0.0,1.0,0.0,0.00674,0.13537,Start,seated
15.300133,145,-2.9219239,-0.51732427,-10.068663,0.05219796,-0.13795175,0.04314321,0.0,0.0,0.0,0.0,1.0,0.0,0.00674,0.13537,Start,seated
15.4002285,146,-1.5232325,-0.38320315,-9.64714,-0.007989483,0.10146644,0.09773801,0.0,0.0,0.0,0.0,1.0,0.0,0.00674,0.13537,Start,seated
15.50035,147,-1.839375,-0.34488282,-9.599238,-0.009853696,0.030626353,0.05672533,0.0,0.0,0.0,0.0,1.0,0.0,0.00674,0.13537,Start,seated
15.600459,148,-1.5040723,-0.42152345,-9.74294,0.0026631611,0.05139901,-0.059388492,0.0,0.0,0.0,0.0,1.0,0.0,0.00674,0.13537,Start,seated
15.700542,149,-1.5423926,-0.5364844,-9.848321,0.002396845,0.047137953,-0.011984225,0.0,0.0,0.0,0.0,1.0,0.0,0.00674,0.13537,Start,seated
15.800682,150,-1.5807129,-0.6322852,-9.7142,-0.007190535,0.04447479,0.06551377,0.0,0.0,0.0,0.0,1.0,0.0,0.00674,0.13537,Start,seated
15.937395,151,-1.0825489,0.34488282,-13.095967,-0.011451593,0.010918961,0.009853696,0.0,0.0,0.0,0.0,1.0,0.0,0.0188,0.1476,Start,extended
16.037527,152,1.6094532,-1.9734962,-8.804092,-0.012783173,-1.139833,-0.011984225,0.0,0.0,0.0,0.0,1.0,0.0,0.0188,0.1476,Start,extended
16.137632,153,-4.9624805,0.74724615,-8.200547,0.12303805,-3.0743532,0.23089607,0.0,0.0,0.0,0.0,1.0,0.0,0.0188,0.1476,Start,extended
16.237785,154,-8.909473,0.46942386,-7.031778,0.19813919,-0.56432384,-0.0026631611,0.0,0.0,0.0,0.0,1.0,0.0,0.0188,0.1476,Start,extended
16.337868,155,-9.024434,1.0250684,-10.135723,-0.04527374,0.46924898,-0.17949706,0.0,0.0,0.0,0.0,1.0,0.0,0.0188,0.1476,Start,extended
16.437992,156,-2.548301,0.38320315,-6.361172,-0.020506341,-0.25033715,0.11371698,0.0,0.0,0.0,0.0,1.0,0.0,0.0188,0.1476,Start,extended
16.538137,157,-7.4820414,-0.68976563,-7.7598634,-0.04474111,-0.09081379,0.17204021,0.0,0.0,0.0,0.0,1.0,0.0,0.0188,0.1476,Start,extended
16.638271,158,-6.2941117,-0.7664063,-8.62207,-0.045007423,0.1419465,0.0010652645,0.0,0.0,0.0,0.0,1.0,0.0,0.0188,0.1476,Start,extended
16.738401,159,-6.09293,-0.7664063,-8.133487,0.018375812,-0.11132014,-0.06657903,0.0,0.0,0.0,0.0,1.0,0.0,0.0188,0.1476,Start,extended
16.838524,160,-5.4319043,-0.32572266,-7.6257424,0.046339005,0.01784318,-0.051665325,0.0,0.0,0.0,0.0,1.0,0.0,0.0188,0.1476,Start,extended
16.938623,161,-5.9875493,-0.2682422,-7.8652444,-0.00958738,0.061252706,0.050600063,0.0,0.0,0.0,0.0,1.0,0.0,0.0188,0.1476,Start,extended
17.038744,162,-6.0450296,-0.32572266,-7.9706254,-0.049002163,0.040746365,0.082025364,0.0,0.0,0.0,0.0,1.0,0.0,0.0188,0.1476,Start,extended
17.13888,163,-5.863008,-0.20118165,-7.913145,-0.022370555,0.04660532,0.042077947,0.0,0.0,0.0,0.0,1.0,0.0,0.0188,0.1476,Start,extended
17.281658,164,-5.6809864,-0.19160157,-7.692803,0.043675844,0.072171666,-0.033289514,0.0,0.0,0.0,0.0,1.0,0.0,0.00674,0.13537,Start,seated
17.381796,165,-10.346485,0.086220704,-8.54543,0.10945592,0.51052797,-0.07563378,0.0,0.0,0.0,0.0,1.0,0.0,0.00674,0.13537,Start,seated
17.481901,166,-5.4031644,0.047900394,-9.896221,-0.16591494,3.0708911,-0.11611383,0.0,0.0,0.0,0.0,1.0,0.0,0.00674,0.13537,Start,seated
17.58198,167,6.303692,-0.74724615,-8.229287,-0.05566007,2.4778051,0.11611383,0.0,0.0,0.0,0.0,1.0,0.0,0.00674,0.13537,Start,seated
17.682077,168,-0.4406836,-1.9160157,-10.384805,0.13182648,-0.7781757,0.4394216,0.0,0.0,0.0,0.0,1.0,0.0,0.00674,0.13537,Start,seated
17.78219,169,-3.9469924,0.047900394,-9.513018,-0.02130529,0.6516755,-0.15286545,0.0,0.0,0.0,0.0,1.0,0.0,0.00674,0.13537,Start,seated
17.882324,170,0.68976563,-0.5939649,-9.934542,-0.02743056,0.2644519,-0.17337179,0.0,0.0,0.0,0.0,1.0,0.0,0.00674,0.13537,Start,seated
17.982447,171,-2.8357031,-0.4406836,-9.934542,0.02956109,-0.13182648,0.10466223,0.0,0.0,0.0,0.0,1.0,0.0,0.00674,0.13537,Start,seated
18.08254,172,-1.5136524,-0.43110353,-9.350157,-0.041012682,0.10945592,0.16378441,0.0,0.0,0.0,0.0,1.0,0.0,0.00674,0.13537,Start,seated
18.182657,173,-1.590293,-0.2682422,-9.493857,-0.0029294773,0.018908445,0.0396811,0.0,0.0,0.0,0.0,1.0,0.0,0.00674,0.13537,Start,seated
18.28276,174,-1.4753321,-0.42152345,-9.656719,0.014647386,0.011185277,-0.06391586,0.0,0.0,0.0,0.0,1.0,0.0,0.00674,0.13537,Start,seated
18.382858,175,-1.5328126,-0.51732427,-9.8866415,-0.002396845,0.013582122,0.02130529,0.0,0.0,0.0,0.0,1.0,0.0,0.00674,0.13537,Start,seated
18.482983,176,-1.5711329,-0.6706055,-9.848321,-0.015180019,-0.0026631611,0.06870956,0.0,0.0,0.0,0.0,1.0,0.0,0.00674,0.13537,Start,seated
18.606316,177,-1.4753321,-0.52690434,-9.8866415,0.004261058,0.01571265,-0.03888215,0.0,0.0,0.0,0.0,1.0,0.0,0.0188,0.1476,Start,extended
18.70644,178,0.047900394,-1.0154883,-9.8866415,-0.050333746,-0.7004114,-0.048469532,0.0,0.0,0.0,0.0,1.0,0.0,0.0188,0.1476,Start,extended
18.806555,179,-5.3073635,0.68976563,-8.229287,0.09640643,-3.1164312,0.23435818,0.0,0.0,0.0,0.0,1.0,0.0,0.0188,0.1476,Start,extended
18.906693,180,-7.1467385,-1.0729688,-7.165899,0.06524745,-0.96086854,0.076166406,0.0,0.0,0.0,0.0,1.0,0.0,0.0188,0.1476,Start,extended
19.006884,181,-8.880733,0.45026368,-8.717872,0.028229509,0.32277513,-0.10226539,0.0,0.0,0.0,0.0,1.0,0.0,0.0188,0.1476,Start,extended
19.10704,182,-2.2608986,-0.2203418,-6.8497562,0.06764429,0.38109836,0.18801917,0.0,0.0,0.0,0.0,1.0,0.0,0.0188,0.1476,Start,extended
19.207207,183,-7.913145,-0.4406836,-8.928633,-0.053795855,-0.43010053,0.1504686,0.0,0.0,0.0,0.0,1.0,0.0,0.0188,0.1476,Start,extended
19.307322,184,-6.0450296,-0.613125,-8.315508,-0.076965354,0.15020229,0.02743056,0.0,0.0,0.0,0.0,1.0,0.0,0.0188,0.1476,Start,extended
19.407501,185,-6.361172,-0.45026368,-8.047266,-0.010652645,-0.10040118,-0.00079894834,0.0,0.0,0.0,0.0,1.0,0.0,0.0188,0.1476,Start,extended
19.507689,186,-5.2882032,-0.23950197,-7.4820414,0.02743056,0.06391586,-0.019707393,0.0,0.0,0.0,0.0,1.0,0.0,0.0188,0.1476,Start,extended
19.607876,187,-6.2749515,-0.10538086,-7.951465,0.0015978967,0.040480047,0.022370555,0.0,0.0,0.0,0.0,1.0,0.0,0.0188,0.1476,Start,extended
19.708038,188,-6.09293,-0.24908204,-7.8748245,-0.025832662,0.002130529,0.040480047,0.0,0.0,0.0,0.0,1.0,0.0,0.0188,0.1476,Start,extended
19.80816,189,-5.8342676,-0.25866213,-7.8269243,-0.027963191,0.020506341,0.040213734,0.0,0.0,0.0,0.0,1.0,0.0,0.0188,0.1476,Start,extended
19.942856,190,-5.6618266,-0.28740236,-7.6161623,0.012516857,0.06950851,0.00079894834,0.0,0.0,0.0,0.0,1.0,0.0,0.00674,0.13537,Start,seated
20.043037,191,-8.851993,0.38320315,-8.449629,0.1041296,0.57098174,-0.037550572,0.0,0.0,0.0,0.0,1.0,0.0,0.00674,0.13537,Start,seated
20.143208,192,-5.3552637,-0.06706055,-8.076006,-0.14247912,2.9760826,-0.18162759,0.0,0.0,0.0,0.0,1.0,0.0,0.00674,0.13537,Start,seated
20.243382,193,-1.9351759,0.3544629,-7.2521195,0.046072688,2.144111,0.041279,0.0,0.0,0.0,0.0,1.0,0.0,0.00674,0.13537,Start,seated
20.343525,194,1.9447559,-0.41194338,-10.806329,-0.03701794,-0.98616856,0.51931643,0.0,0.0,0.0,0.0,1.0,0.0,0.00674,0.13537,Start,seated
20.443666,195,-3.9469924,0.12454102,-10.317744,-0.0015978967,0.5318333,-0.04926848,0.0,0.0,0.0,0.0,1.0,0.0,0.00674,0.13537,Start,seated
20.543806,196,-0.29698244,-0.7951465,-9.043594,-0.013315806,0.23116238,-0.11371698,0.0,0.0,0.0,0.0,1.0,0.0,0.00674,0.13537,Start,seated
20.643936,197,-2.2225783,-0.2203418,-9.656719,0.040746365,-0.06791061,0.04873585,0.0,0.0,0.0,0.0,1.0,0.0,0.00674,0.13537,Start,seated
20.744122,198,-1.6286134,-0.37362307,-9.580078,-0.02609898,0.11478224,0.08575379,0.0,0.0,0.0,0.0,1.0,0.0,0.00674,0.13537,Start,seated
20.844255,199,-1.6381935,-0.3161426,-9.848321,-0.0077231675,0.030626353,0.039947417,0.0,0.0,0.0,0.0,1.0,0.0,0.00674,0.13537,Start,seated
20.944378,200,-1.4944923,-0.47900394,-9.704619,0.0058589545,0.038083203,-0.036485307,0.0,0.0,0.0,0.0,1.0,0.0,0.00674,0.13537,Start,seated
