8.10623e-06,0,-0.728086,-0.335303,-9.88664,0.000798948,0.0537959,0.0215716,0.0,0.0,0.0,0.0,-0.878906,0.0,0.00674,0.13537,None,seated
0.129995,1,-0.929268,-0.296982,-10.1166,0.000266316,0.0588559,0.02024,0.0,0.0,0.0,0.0,-0.703125,1.3523,0.0188,0.1476,Start,extended
0.230087,2,-0.613125,-0.411943,-10.7105,0.0426106,0.76193,0.0322242,0.0,0.0,0.0,0.0,-0.175781,5.26859,0.0188,0.1476,Start,extended
0.330175,3,1.61903,0.124541,-8.68913,0.00639159,-0.992028,0.0274306,0.0,0.0,0.0,0.0,0.0,1.75627,0.0188,0.1476,Start,extended
0.430273,4,-0.977168,-0.661025,-6.09293,-0.0367516,-3.14573,0.0138484,0.0,0.0,0.0,0.0,-0.175781,-1.75609,0.0188,0.1476,Start,extended
0.530371,5,-11.5536,-1.02507,-7.60658,-0.122239,-4.45068,0.0719054,0.0,0.0,0.0,0.0,-0.175781,0.0,0.0188,0.1476,Start,extended
0.630458,6,-11.3716,0.191602,-6.82102,0.0370179,1.42772,-0.0223706,0.0,0.0,0.0,0.0,-0.527344,-3.51256,0.0188,0.1476,Start,extended
0.730543,7,-4.77088,-0.287402,-8.05685,-0.02024,1.69803,-0.026099,0.0,0.0,0.0,0.0,-0.527344,0.0,0.0188,0.1476,Start,extended
0.830634,8,-2.25132,0.0670606,-7.61616,-0.015979,0.511061,0.0327569,0.0,0.0,0.0,0.0,-0.351562,1.75621,0.0188,0.1476,Start,extended
0.930722,9,-2.60578,-0.191602,-7.65448,-0.0237021,-0.446346,0.0804275,0.0,0.0,0.0,0.0,-0.351562,0.0,0.0188,0.1476,Start,extended
1.03082,10,-6.01629,-0.210762,-8.22929,-0.0173105,-1.02745,0.0322242,0.0,0.0,0.0,0.0,-0.527344,-1.75607,0.0188,0.1476,Start,extended
1.13091,11,-7.62574,-0.306563,-8.13349,0.00585895,-0.0348874,-0.0130495,0.0,0.0,0.0,0.0,-0.703125,-1.75616,0.0188,0.1476,Start,extended
1.231,12,-5.56603,-0.134121,-7.75028,0.0399474,0.642621,0.0149137,0.0,0.0,0.0,0.0,-0.878906,-1.75623,0.0188,0.1476,Start,extended
1.33109,13,-4.5218,-0.258662,-7.66406,0.0141148,0.119043,0.0274306,0.0,0.0,0.0,0.0,-0.878906,0.0,0.0188,0.1476,Start,extended
1.45059,14,-5.95881,-0.249082,-7.85566,-0.0170442,-0.233027,0.0125169,0.0,0.0,0.0,0.0,-1.05469,-1.47094,0.00674,0.13537,Start,seated
1.55068,15,-7.98021,-0.220342,-6.7827,-0.0231695,-0.393615,0.0157127,0.0,0.0,0.0,0.0,-1.40625,-3.5124,0.00674,0.13537,Start,seated
1.65077,16,-7.2617,-0.316143,-8.36341,0.0178432,0.826379,-0.00798948,0.0,0.0,0.0,0.0,-2.10938,-7.02472,0.00674,0.13537,Start,seated
1.75087,17,-6.02587,-0.287402,-8.70829,-0.0604538,2.53453,-0.0391485,0.0,0.0,0.0,0.0,-1.93359,1.75611,0.00674,0.13537,Start,seated
1.85096,18,-2.50998,-0.632285,-8.55501,-0.0258327,4.27677,0.00585895,0.0,0.0,0.0,0.0,-1.23047,7.02508,0.00674,0.13537,Start,seated
1.95106,19,1.66693,-1.07297,-11.3428,0.0218379,2.21735,0.116913,0.0,0.0,0.0,0.0,-1.05469,1.75607,0.00674,0.13537,Start,seated
2.05116,20,4.38768,-0.958008,-8.19097,0.0641822,-1.3409,-0.00905475,0.0,0.0,0.0,0.0,-1.05469,0.0,0.00674,0.13537,Start,seated
2.15123,21,2.58662,-0.172441,-8.70829,0.114516,-1.91002,-0.00319579,0.0,0.0,0.0,0.0,-1.05469,0.0,0.00674,0.13537,Start,seated
2.25132,22,-1.40827,0.0191602,-9.17772,-0.191748,-2.29804,-0.2277,0.0,0.0,0.0,0.0,-1.05469,0.0,0.00674,0.13537,Start,seated
2.35142,23,-2.5483,-1.19751,-10.2124,-0.0444748,-0.223439,0.0420779,0.0,0.0,0.0,0.0,-0.878906,1.75619,0.00674,0.13537,Start,seated
2.45151,24,-0.708926,-1.01549,-8.92863,-0.0173105,1.35795,0.0721717,0.0,0.0,0.0,0.0,-0.527344,3.51236,0.00674,0.13537,Start,seated
2.5516,25,0.756826,-0.450264,-9.16813,0.00319579,1.03943,0.0229032,0.0,0.0,0.0,0.0,-0.351562,1.75629,0.00674,0.13537,Start,seated
2.65169,26,1.12087,0.0862207,-9.10107,0.0681769,-0.0641822,0.0527306,0.0,0.0,0.0,0.0,-0.175781,1.75619,0.00674,0.13537,Start,seated
2.78633,27,-0.344883,-0.325723,-9.92496,-0.0561927,-0.673247,-0.010919,0.0,0.0,0.0,0.0,0.0,1.30557,0.0188,0.1476,Start,extended
2.88642,28,1.9256,-0.622705,-10.7105,0.0335558,0.107592,0.0442085,0.0,0.0,0.0,0.0,0.527344,5.26864,0.0188,0.1476,Start,extended
2.98651,29,0.0,-0.507744,-7.6449,-0.0253,-1.42772,0.0258327,0.0,0.0,0.0,0.0,0.703125,1.7562,0.0188,0.1476,Start,extended
3.08661,30,-0.239502,-0.383203,-5.4319,0.0711064,-2.7316,0.0378169,0.0,0.0,0.0,0.0,0.351562,-3.51219,0.0188,0.1476,Start,extended
3.1867,31,-11.3907,-0.498164,-7.94188,0.0410127,-3.44214,0.0529969,0.0,0.0,0.0,0.0,0.175781,-1.75628,0.0188,0.1476,Start,extended
3.28679,32,-8.13349,0.0766406,-7.6449,-0.00133158,1.21147,-0.0631169,0.0,0.0,0.0,0.0,-0.175781,-3.51233,0.0188,0.1476,Start,extended
3.38686,33,-5.27862,-0.708926,-7.65448,-0.0181095,1.48977,-0.0474043,0.0,0.0,0.0,0.0,-0.175781,0.0,0.0188,0.1476,Start,extended
3.48696,34,-3.87035,-0.153281,-7.94188,-0.0340885,0.189617,0.0524643,0.0,0.0,0.0,0.0,-0.351562,-1.75614,0.0188,0.1476,Start,extended
3.58705,35,-4.26313,-0.201182,-7.96105,-0.0431432,-0.674845,0.0157127,0.0,0.0,0.0,0.0,-0.703125,-3.51229,0.0188,0.1476,Start,extended
3.68715,36,-6.50487,-0.229922,-8.04727,-0.00372843,-0.586694,0.015979,0.0,0.0,0.0,0.0,-0.878906,-1.75606,0.0188,0.1476,Start,extended
3.78725,37,-6.86892,-0.0670606,-8.13349,0.0114516,0.192813,0.00878843,0.0,0.0,0.0,0.0,-1.23047,-3.5123,0.0188,0.1476,Start,extended
3.88734,38,-5.23072,-0.134121,-7.86524,0.0258327,0.380033,-0.0098537,0.0,0.0,0.0,0.0,-1.58203,-3.51221,0.0188,0.1476,Start,extended
3.98744,39,-4.88584,-0.210762,-7.75986,0.00452737,-0.178964,0.0295611,0.0,0.0,0.0,0.0,-1.75781,-1.7562,0.0188,0.1476,Start,extended
4.11509,40,-5.92049,-0.210762,-7.80776,-0.00772317,-0.0657801,0.0484695,0.0,0.0,0.0,0.0,-1.75781,0.0,0.00674,0.13537,Start,seated
4.21519,41,-7.73112,-0.459844,-7.52994,-0.0218379,-0.308394,0.00719053,0.0,0.0,0.0,0.0,-2.28516,-5.26828,0.00674,0.13537,Start,seated
4.31528,42,-7.9323,-0.383203,-7.70238,0.0383495,0.864462,0.0410127,0.0,0.0,0.0,0.0,-2.63672,-3.51253,0.00674,0.13537,Start,seated
4.41536,43,-5.3361,-0.402363,-9.09149,-0.00932106,3.26717,0.00532632,0.0,0.0,0.0,0.0,-2.28516,3.51267,0.00674,0.13537,Start,seated
4.51544,44,-2.04056,0.622705,-8.05685,-0.0199737,4.18649,-0.0308927,0.0,0.0,0.0,0.0,-1.58203,7.02586,0.00674,0.13537,Start,seated
4.61552,45,-0.364043,-0.153281,-8.63165,0.0295611,2.06928,0.120908,0.0,0.0,0.0,0.0,-1.40625,1.75635,0.00674,0.13537,Start,seated
4.71562,46,3.48715,-0.431104,-10.8255,-0.0593885,-0.558199,0.071639,0.0,0.0,0.0,0.0,-0.878906,5.26844,0.00674,0.13537,Start,seated
4.81571,47,3.18059,-0.124541,-9.11065,0.125701,-1.93718,-0.0183758,0.0,0.0,0.0,0.0,-0.878906,0.0,0.00674,0.13537,Start,seated
4.9158,48,-2.43334,-0.0766406,-9.14898,-0.129696,-2.24877,-0.234624,0.0,0.0,0.0,0.0,-0.703125,1.75628,0.00674,0.13537,Start,seated
5.01588,49,-2.48124,-1.26457,-9.58966,-0.0141148,-0.0170442,0.0458064,0.0,0.0,0.0,0.0,-0.527344,1.75636,0.00674,0.13537,Start,seated
5.11597,50,-1.38911,-0.929268,-9.45554,0.00213053,1.39789,0.0860201,0.0,0.0,0.0,0.0,0.0,5.26864,0.00674,0.13537,Start,seated
