1.71661e-05,0,-0.565225,-0.325723,-9.91538,-0.00106526,0.0276969,0.0234358,0.0,0.0,0.0,0.0,-0.527344,0.0,0.00674,0.13537,None,seated
0.132879,1,-0.440684,-0.383203,-9.94412,-0.000532632,0.0319579,0.0114516,0.0,0.0,0.0,0.0,-0.527344,0.0,0.0188,0.1476,Start,extended
0.232968,2,0.0,-0.871787,-11.3811,0.0276969,0.749147,0.0450074,0.0,0.0,0.0,0.0,0.0,5.26874,0.0188,0.1476,Start,extended
0.333049,3,-1.72441,-0.191602,-11.3907,-0.0492685,-1.15501,0.0503337,0.0,0.0,0.0,0.0,0.0,0.0,0.0188,0.1476,Start,extended
0.433146,4,-1.44659,-0.804727,-8.64123,-0.00346211,-2.86343,0.00106526,0.0,0.0,0.0,0.0,-0.175781,-1.75611,0.0188,0.1476,Start,extended
0.533239,5,-10.4614,0.0,-7.91315,-0.0484695,-4.54815,-0.15473,0.0,0.0,0.0,0.0,-0.527344,-3.51235,0.0188,0.1476,Start,extended
0.633337,6,-11.9655,0.172441,-8.05685,0.0633832,0.137685,0.0388822,0.0,0.0,0.0,0.0,-0.703125,-1.75609,0.0188,0.1476,Start,extended
0.733425,7,-5.20198,-0.593965,-7.95147,0.0106526,1.60828,-0.0532632,0.0,0.0,0.0,0.0,-0.878906,-1.75626,0.0188,0.1476,Start,extended
0.833516,8,-2.62494,0.316143,-8.00895,-0.0375506,0.678041,0.0383495,0.0,0.0,0.0,0.0,-0.703125,1.75621,0.0188,0.1476,Start,extended
0.933613,9,-2.8357,-0.0191602,-7.86524,-0.0423443,-0.409062,0.0942759,0.0,0.0,0.0,0.0,-0.703125,0.0,0.0188,0.1476,Start,extended
1.0337,10,-6.25579,-0.249082,-8.21013,-0.0298274,-0.928644,0.0237021,0.0,0.0,0.0,0.0,-0.703125,0.0,0.0188,0.1476,Start,extended
1.1338,11,-7.14674,-0.316143,-8.27719,0.0194411,0.0255663,-0.02024,0.0,0.0,0.0,0.0,-0.703125,0.0,0.0188,0.1476,Start,extended
1.23389,12,-5.44148,-0.201182,-7.9323,0.057258,0.546214,-0.000266316,0.0,0.0,0.0,0.0,-0.878906,-1.75619,0.0188,0.1476,Start,extended
1.33398,13,-4.75172,-0.287402,-7.95147,0.0114516,0.047138,0.0125169,0.0,0.0,0.0,0.0,-1.05469,-1.75615,0.0188,0.1476,Start,extended
1.47585,14,-5.80553,-0.335303,-7.7886,-0.0332895,-0.102265,0.04048,0.0,0.0,0.0,0.0,-0.878906,1.23902,0.00674,0.13537,Start,seated
1.57594,15,-8.12391,0.162861,-7.66406,-0.0508664,-0.287089,0.0681769,0.0,0.0,0.0,0.0,-1.23047,-3.51257,0.00674,0.13537,Start,seated
1.67603,16,-5.4319,-0.411943,-8.76577,0.0444748,0.928378,-0.0873517,0.0,0.0,0.0,0.0,-1.75781,-5.26874,0.00674,0.13537,Start,seated
1.77612,17,-5.17324,0.0862207,-8.96695,0.0237021,2.96756,-0.0929443,0.0,0.0,0.0,0.0,-1.40625,3.51257,0.00674,0.13537,Start,seated
1.8762,18,0.756826,0.134121,-8.83283,-0.01012,4.11538,0.0846885,0.0,0.0,0.0,0.0,-0.703125,7.02508,0.00674,0.13537,Start,seated
1.97629,19,6.04503,-1.28373,-5.92049,-0.0375506,2.08499,0.180296,0.0,0.0,0.0,0.0,-0.351562,3.51246,0.00674,0.13537,Start,seated
2.07634,20,4.426,-1.05381,-10.6626,0.010919,-0.76193,0.0881506,0.0,0.0,0.0,0.0,-0.351562,0.0,0.00674,0.13537,Start,seated
2.17643,21,1.42743,-0.411943,-8.00895,0.0487358,-1.98725,-0.0703075,0.0,0.0,0.0,0.0,-0.527344,-1.75625,0.00674,0.13537,Start,seated
2.27653,22,-3.71707,-0.287402,-9.84832,-0.0647148,-2.15849,-0.152599,0.0,0.0,0.0,0.0,-0.527344,0.0,0.00674,0.13537,Start,seated
2.37661,23,-2.84528,-0.958008,-9.84832,0.0386158,0.177633,0.0679106,0.0,0.0,0.0,0.0,-0.351562,1.75626,0.00674,0.13537,Start,seated
2.4767,24,-0.364043,-0.479004,-9.59924,0.0535295,1.28151,0.0854875,0.0,0.0,0.0,0.0,-0.175781,1.75621,0.00674,0.13537,Start,seated
2.5768,25,0.728086,-0.517324,-9.84832,0.0380832,0.770186,0.0591222,0.0,0.0,0.0,0.0,0.175781,3.51232,0.00674,0.13537,Start,seated
2.67689,26,1.29331,0.0479004,-9.29268,0.0183758,-0.310791,0.0231695,0.0,0.0,0.0,0.0,0.175781,0.0,0.00674,0.13537,Start,seated
2.79922,27,-0.843047,-0.296982,-10.1166,-0.0428769,-0.679639,-0.010919,0.0,0.0,0.0,0.0,0.0,-1.437,0.0188,0.1476,Start,extended
2.89931,28,1.14961,-0.728086,-10.2986,0.0242348,0.634365,0.0223706,0.0,0.0,0.0,0.0,0.527344,5.26853,0.0188,0.1476,Start,extended
2.9994,29,-0.450264,-0.0958008,-9.05317,-0.0255663,-1.27832,0.0183758,0.0,0.0,0.0,0.0,0.527344,0.0,0.0188,0.1476,Start,extended
3.09949,30,0.0,-0.0862207,-7.08926,0.0567253,-2.92495,0.00479369,0.0,0.0,0.0,0.0,0.351562,-1.75623,0.0188,0.1476,Start,extended
3.19957,31,-9.97286,-0.574805,-7.33834,-0.0274306,-3.7231,-0.189883,0.0,0.0,0.0,0.0,0.0,-3.51265,0.0188,0.1476,Start,extended
3.29966,32,-11.0554,-0.613125,-6.76354,0.00719053,0.562193,0.0162453,0.0,0.0,0.0,0.0,-0.351562,-3.51246,0.0188,0.1476,Start,extended
3.39976,33,-5.23072,-0.498164,-8.21013,0.0138484,1.54996,0.0213053,0.0,0.0,0.0,0.0,-0.527344,-1.75613,0.0188,0.1476,Start,extended
3.49985,34,-3.08479,-0.191602,-8.21971,-0.0308927,0.344879,0.0322242,0.0,0.0,0.0,0.0,-0.703125,-1.75623,0.0188,0.1476,Start,extended
3.59994,35,-4.08111,-0.306563,-8.38257,-0.0255663,-0.54222,0.0745685,0.0,0.0,0.0,0.0,-0.703125,0.0,0.0188,0.1476,Start,extended
3.70003,36,-6.34201,-0.431104,-8.04727,-0.0319579,-0.586694,0.0194411,0.0,0.0,0.0,0.0,-1.05469,-3.51246,0.0188,0.1476,Start,extended
3.80012,37,-6.66773,-0.191602,-8.01853,0.0111853,0.167779,0.0175769,0.0,0.0,0.0,0.0,-1.23047,-1.7562,0.0188,0.1476,Start,extended
3.90021,38,-5.05828,-0.0862207,-7.80776,0.0460727,0.35926,0.0218379,0.0,0.0,0.0,0.0,-1.40625,-1.75623,0.0188,0.1476,Start,extended
4.00029,39,-4.87626,-0.0958008,-7.96105,0.00932106,-0.154463,0.0194411,0.0,0.0,0.0,0.0,-1.58203,-1.75644,0.0188,0.1476,Start,extended
4.29224,40,-4.93374,-0.0383203,-6.96472,-0.0218379,-0.293214,-0.01012,0.0,0.0,0.0,0.0,-1.58203,0.0,0.00674,0.13537,Start,seated
4.39234,41,-9.41722,-0.411943,-8.17181,-0.01012,-0.355798,-0.0511327,0.0,0.0,0.0,0.0,-2.10938,-5.26818,0.00674,0.13537,Start,seated
4.49243,42,-6.63899,-0.249082,-8.99569,0.0133158,1.99284,-0.0585895,0.0,0.0,0.0,0.0,-2.10938,0.0,0.00674,0.13537,Start,seated
4.59251,43,-2.58662,-0.0862207,-7.73112,0.00932106,4.20433,-0.000532632,0.0,0.0,0.0,0.0,-1.05469,10.5379,0.00674,0.13537,Start,seated
4.6926,44,-0.507744,0.124541,-10.7297,0.158192,2.432,0.211189,0.0,0.0,0.0,0.0,-0.703125,3.5125,0.00674,0.13537,Start,seated
4.79269,45,7.52036,-0.00958008,-8.22929,-0.0772317,1.66394,0.00239685,0.0,0.0,0.0,0.0,-0.175781,5.26881,0.00674,0.13537,Start,seated
4.89279,46,3.65959,-0.929268,-7.66406,0.0689759,-1.51614,-0.0543285,0.0,0.0,0.0,0.0,-0.175781,0.0,0.00674,0.13537,Start,seated
4.99288,47,1.86812,-0.431104,-8.97653,0.0335558,-2.00483,-0.0503337,0.0,0.0,0.0,0.0,0.0,1.75621,0.00674,0.13537,Start,seated
5.09297,48,-3.26681,-1.20709,-9.84832,0.00532632,-1.5409,-0.00372843,0.0,0.0,0.0,0.0,0.0,0.0,0.00674,0.13537,Start,seated
5.19306,49,-3.22849,-0.210762,-9.69504,0.0793622,1.04449,0.0796285,0.0,0.0,0.0,0.0,0.351562,3.51246,0.00674,0.13537,Start,seated
5.29316,50,-0.277822,-0.210762,-10.2028,0.0828243,1.11427,0.0588559,0.0,0.0,0.0,0.0,0.527344,1.75616,0.00674,0.13537,Start,seated
5.40985,51,0.517324,-0.450264,-10.5093,0.00266316,0.350472,0.0535295,0.0,0.0,0.0,0.0,0.703125,1.50643,0.0188,0.1476,Start,extended
5.50994,52,1.45617,-0.258662,-10.3369,0.0641822,0.206928,0.0215716,0.0,0.0,0.0,0.0,1.05469,3.5124,0.0188,0.1476,Start,extended
5.61003,53,1.86812,0.0287402,-8.28677,-0.0860201,-1.41361,-0.0191748,0.0,0.0,0.0,0.0,1.05469,0.0,0.0188,0.1476,Start,extended
5.71012,54,2.31838,-0.661025,-5.56603,-0.0577906,-3.46903,0.00292948,0.0,0.0,0.0,0.0,0.878906,-1.7562,0.0188,0.1476,Start,extended
5.81022,55,-14.9449,-1.63819,-7.118,-0.151534,-4.4283,0.0865527,0.0,0.0,0.0,0.0,0.527344,-3.51235,0.0188,0.1476,Start,extended
5.91031,56,-12.6074,-0.268242,-8.11433,0.0492685,0.794687,-0.0242348,0.0,0.0,0.0,0.0,-0.175781,-7.02484,0.0188,0.1476,Start,extended
6.01035,57,-6.14083,0.114961,-8.77535,0.0737696,1.83652,-0.0359527,0.0,0.0,0.0,0.0,-0.351562,-1.75716,0.0188,0.1476,Start,extended
6.11044,58,-2.65368,-0.277822,-7.7886,0.00213053,0.366451,0.0543285,0.0,0.0,0.0,0.0,-0.527344,-1.7562,0.0188,0.1476,Start,extended
6.21053,59,-2.38544,-0.172441,-7.32876,-0.02024,-0.500408,0.110255,0.0,0.0,0.0,0.0,-0.703125,-1.75619,0.0188,0.1476,Start,extended
6.31063,60,-6.28453,0.0958008,-8.44963,-0.0194411,-1.18644,0.0135821,0.0,0.0,0.0,0.0,-1.05469,-3.5123,0.0188,0.1476,Start,extended
6.41072,61,-7.6928,-0.440684,-8.16223,0.00239685,-0.276702,-0.00452737,0.0,0.0,0.0,0.0,-1.58203,-5.26838,0.0188,0.1476,Start,extended
6.51081,62,-6.07377,0.0479004,-8.08559,0.0426106,0.682835,-0.0173105,0.0,0.0,0.0,0.0,-1.75781,-1.75621,0.0188,0.1476,Start,extended
6.61091,63,-4.53138,-0.153281,-7.90356,0.0149137,0.231961,0.0253,0.0,0.0,0.0,0.0,-1.93359,-1.75616,0.0188,0.1476,Start,extended
6.7341,64,-5.88217,-0.134121,-7.82692,-0.0173105,-0.347809,0.0245011,0.0,0.0,0.0,0.0,-2.10938,-1.42685,0.00674,0.13537,Start,seated
6.8342,65,-6.04503,-0.316143,-6.44739,-0.0276969,-0.608266,0.00372843,0.0,0.0,0.0,0.0,-2.28516,-1.75615,0.00674,0.13537,Start,seated
6.93429,66,-6.65815,-0.373623,-8.42089,0.00479369,0.935302,-0.0111853,0.0,0.0,0.0,0.0,-2.63672,-3.5125,0.00674,0.13537,Start,seated
7.03438,67,-5.16366,0.440684,-9.43638,-0.0450074,2.70444,-0.0801611,0.0,0.0,0.0,0.0,-2.28516,3.51246,0.00674,0.13537,Start,seated
7.13447,68,-2.41418,-0.584385,-8.33467,-0.0133158,4.47012,0.046339,0.0,0.0,0.0,0.0,-1.40625,8.78091,0.00674,0.13537,Start,seated
7.23456,69,2.25132,-0.823887,-10.6818,0.0295611,2.30257,0.149403,0.0,0.0,0.0,0.0,-0.878906,5.26843,0.00674,0.13537,Start,seated
7.33465,70,4.70382,-0.114961,-11.4865,-0.047138,-0.28842,0.10626,0.0,0.0,0.0,0.0,-0.351562,5.26858,0.00674,0.13537,Start,seated
7.43475,71,1.94476,-0.325723,-10.768,0.0798948,-1.82427,0.00292948,0.0,0.0,0.0,0.0,-0.351562,0.0,0.00674,0.13537,Start,seated
7.53484,72,-3.04646,-0.0479004,-10.3273,-0.208792,-2.22853,-0.223173,0.0,0.0,0.0,0.0,-0.175781,1.75623,0.00674,0.13537,Start,seated
7.63493,73,-2.90276,-0.823887,-8.92863,-0.0551274,-0.168578,0.0671117,0.0,0.0,0.0,0.0,0.175781,3.51233,0.00674,0.13537,Start,seated
7.73502,74,-0.632285,-0.622705,-9.64714,-0.0490022,1.36088,0.0918791,0.0,0.0,0.0,0.0,0.703125,5.26879,0.00674,0.13537,Start,seated
7.83511,75,1.03465,-0.431104,-9.08191,-0.010919,0.940362,0.0500674,0.0,0.0,0.0,0.0,1.05469,3.51243,0.00674,0.13537,Start,seated
7.93521,76,1.14961,-0.392783,-9.01485,0.0479369,-0.107592,0.0149137,0.0,0.0,0.0,0.0,1.23047,1.75614,0.00674,0.13537,Start,seated
8.06319,77,-0.316143,-0.306563,-10.1261,-0.0410127,-0.687362,-0.000266316,0.0,0.0,0.0,0.0,1.23047,0.0,0.0188,0.1476,Start,extended
8.16329,78,0.459844,-0.823887,-11.6398,-0.0141148,0.215716,0.0199737,0.0,0.0,0.0,0.0,1.75781,5.26823,0.0188,0.1476,Start,extended
8.26339,79,-0.191602,0.201182,-8.04727,0.0138484,-1.64131,0.0191748,0.0,0.0,0.0,0.0,1.58203,-1.75612,0.0188,0.1476,Start,extended
8.36348,80,-1.66693,-0.479004,-6.62941,0.0532632,-2.82561,0.0577906,0.0,0.0,0.0,0.0,1.05469,-5.26862,0.0188,0.1476,Start,extended
8.46358,81,-11.6781,-1.39869,-8.03769,-0.0500674,-3.07249,-0.0458064,0.0,0.0,0.0,0.0,0.527344,-5.26851,0.0188,0.1476,Start,extended
8.56367,82,-12.3391,0.354463,-6.71563,0.000266316,1.09642,-0.0015979,0.0,0.0,0.0,0.0,0.0,-5.26871,0.0188,0.1476,Start,extended
8.66376,83,-5.34568,-0.756826,-8.11433,0.00452737,1.56461,0.0599211,0.0,0.0,0.0,0.0,-0.351562,-3.51226,0.0188,0.1476,Start,extended
8.76385,84,-3.45841,-0.287402,-7.94188,-0.0378169,-0.0524643,0.0133158,0.0,0.0,0.0,0.0,-0.703125,-3.51236,0.0188,0.1476,Start,extended
8.86395,85,-3.58295,-0.0383203,-7.92272,-0.02024,-0.722249,0.0466053,0.0,0.0,0.0,0.0,-1.23047,-5.26843,0.0188,0.1476,Start,extended
8.96403,86,-7.08926,-0.105381,-8.00895,-0.0245011,-0.676709,0.026099,0.0,0.0,0.0,0.0,-1.75781,-5.269,0.0188,0.1476,Start,extended
9.06413,87,-6.57193,-0.134121,-8.05685,0.00426106,0.207194,0.010919,0.0,0.0,0.0,0.0,-2.10938,-3.51219,0.0188,0.1476,Start,extended
9.16421,88,-5.01996,-0.0670606,-7.91315,0.046339,0.306796,0.0431432,0.0,0.0,0.0,0.0,-2.46094,-3.51298,0.0188,0.1476,Start,extended
9.2643,89,-4.87626,-0.134121,-7.82692,0.0135821,-0.158458,0.0205063,0.0,0.0,0.0,0.0,-2.63672,-1.75608,0.0188,0.1476,Start,extended
9.40237,90,-5.58519,-0.201182,-7.85566,-0.00692422,0.0652474,0.0508664,0.0,0.0,0.0,0.0,-2.63672,0.0,0.00674,0.13537,Start,seated
9.50246,91,-8.40173,0.0670606,-7.17548,-0.0263653,-0.309193,0.0324906,0.0,0.0,0.0,0.0,-2.8125,-1.75627,0.00674,0.13537,Start,seated
9.60255,92,-6.53361,-0.804727,-8.93821,-0.00372843,0.959004,0.0223706,0.0,0.0,0.0,0.0,-3.16406,-3.51248,0.00674,0.13537,Start,seated
9.70264,93,-5.74805,-0.0574805,-8.86157,-0.0119842,2.86556,-0.0274306,0.0,0.0,0.0,0.0,-2.46094,7.02474,0.00674,0.13537,Start,seated
9.80274,94,0.354463,-1.59029,-8.32509,0.0178432,4.39075,0.10626,0.0,0.0,0.0,0.0,-1.40625,10.537,0.00674,0.13537,Start,seated
9.90283,95,2.8357,0.392783,-8.84241,0.00213053,2.07567,0.103331,0.0,0.0,0.0,0.0,-0.878906,5.26854,0.00674,0.13537,Start,seated
10.0029,96,4.7134,-0.182021,-10.5285,-0.0218379,-0.650877,0.0884169,0.0,0.0,0.0,0.0,-0.351562,5.26838,0.00674,0.13537,Start,seated
10.103,97,1.42743,0.134121,-10.9692,0.0668453,-1.87114,-0.0229032,0.0,0.0,0.0,0.0,0.0,3.51239,0.00674,0.13537,Start,seated
10.2031,98,-3.80329,-0.641865,-9.91538,-0.132625,-2.18193,-0.201868,0.0,0.0,0.0,0.0,0.351562,3.51235,0.00674,0.13537,Start,seated
10.3032,99,-2.49082,-0.958008,-9.6184,-0.00719053,0.137419,0.0708401,0.0,0.0,0.0,0.0,0.878906,5.26831,0.00674,0.13537,Start,seated
10.4033,100,-0.584385,-0.459844,-9.54176,0.0300937,1.32306,0.0537959,0.0,0.0,0.0,0.0,1.23047,3.51226,0.00674,0.13537,Start,seated
10.5033,101,1.21667,-0.613125,-9.9537,0.0125169,0.853809,0.0548611,0.0,0.0,0.0,0.0,1.75781,5.27138,0.00674,0.13537,Start,seated
10.6034,102,1.55197,-0.153281,-8.76577,0.0484695,-0.210123,0.0284958,0.0,0.0,0.0,0.0,1.75781,0.0,0.00674,0.13537,Start,seated
10.7155,103,-0.421523,-0.268242,-10.0303,-0.0423443,-0.683101,-0.0117179,0.0,0.0,0.0,0.0,1.75781,0.0,0.0188,0.1476,Start,extended
10.8156,104,0.0862207,-1.13045,-11.1225,0.00426106,0.487891,-0.00878843,0.0,0.0,0.0,0.0,2.10938,3.51237,0.0188,0.1476,Start,extended
10.9157,105,-0.220342,-0.775986,-8.96695,0.00479369,-1.40082,0.0426106,0.0,0.0,0.0,0.0,1.93359,-1.75613,0.0188,0.1476,Start,extended
11.0158,106,1.06339,-0.306563,-5.68099,0.0743022,-2.67754,0.0713727,0.0,0.0,0.0,0.0,1.40625,-5.26823,0.0188,0.1476,Start,extended
11.1159,107,-12.1188,0.229922,-7.92272,-0.0242348,-2.75158,-0.0439422,0.0,0.0,0.0,0.0,0.527344,-8.78086,0.0188,0.1476,Start,extended
11.2159,108,-10.5477,-0.220342,-6.9743,0.0223706,0.203998,0.0205063,0.0,0.0,0.0,0.0,-0.175781,-7.0263,0.0188,0.1476,Start,extended
11.316,109,-5.60435,-0.383203,-8.19097,0.052198,1.5204,-0.0492685,0.0,0.0,0.0,0.0,-0.703125,-5.26851,0.0188,0.1476,Start,extended
11.4161,110,-3.55421,0.0,-7.48204,-0.0098537,0.413323,0.097738,0.0,0.0,0.0,0.0,-1.23047,-5.26818,0.0188,0.1476,Start,extended
11.5162,111,-3.83203,-0.191602,-7.9323,-0.000532632,-0.464455,0.0668453,0.0,0.0,0.0,0.0,-1.75781,-5.26817,0.0188,0.1476,Start,extended
11.6163,112,-6.17915,0.143701,-8.05685,-0.0279632,-0.7598,-0.0066579,0.0,0.0,0.0,0.0,-2.28516,-5.26882,0.0188,0.1476,Start,extended
11.7163,113,-7.44372,-0.287402,-7.91315,0.0133158,-0.0524643,-0.00639159,0.0,0.0,0.0,0.0,-2.63672,-3.5148,0.0188,0.1476,Start,extended
11.8164,114,-5.63309,-0.0383203,-7.77902,0.04048,0.434894,0.0229032,0.0,0.0,0.0,0.0,-3.16406,-5.26863,0.0188,0.1476,Start,extended
11.9165,115,-4.83794,-0.258662,-7.82692,0.00559264,0.0364853,0.0183758,0.0,0.0,0.0,0.0,-3.16406,0.0,0.0188,0.1476,Start,extended
12.0854,116,-4.59844,-0.287402,-7.6449,-0.0237021,-0.100934,0.0258327,0.0,0.0,0.0,0.0,-3.16406,0.0,0.00674,0.13537,Start,seated
12.1854,117,-8.98611,0.0862207,-6.99346,-0.0295611,-0.46845,0.0066579,0.0,0.0,0.0,0.0,-3.16406,0.0,0.00674,0.13537,Start,seated
12.2855,118,-4.86668,-0.105381,-7.94188,0.0442085,1.27486,-0.0375506,0.0,0.0,0.0,0.0,-3.16406,0.0,0.00674,0.13537,Start,seated
12.3856,119,-4.86668,0.210762,-7.99937,0.0844222,3.60406,0.0125169,0.0,0.0,0.0,0.0,-2.10938,10.537,0.00674,0.13537,Start,seated
12.4857,120,-1.59029,-0.258662,-9.20646,0.0487358,4.1002,0.160322,0.0,0.0,0.0,0.0,-1.23047,8.78229,0.00674,0.13537,Start,seated
12.5858,121,3.61169,0.498164,-5.63309,-0.0889496,1.8754,0.0263653,0.0,0.0,0.0,0.0,-0.351562,8.78122,0.00674,0.13537,Start,seated
12.6859,122,4.7613,-0.498164,-10.8063,0.0106526,-0.596015,0.0428769,0.0,0.0,0.0,0.0,0.175781,5.26926,0.00674,0.13537,Start,seated
12.786,123,1.59987,-0.584385,-10.768,0.0348874,-1.86022,-0.0410127,0.0,0.0,0.0,0.0,0.703125,5.26849,0.00674,0.13537,Start,seated
12.8861,124,-3.37219,0.277822,-9.29268,-0.097738,-2.12547,-0.139816,0.0,0.0,0.0,0.0,1.05469,3.51313,0.00674,0.13537,Start,seated
12.9861,125,-2.38544,-0.890947,-9.20646,-0.000266316,0.483364,0.0745685,0.0,0.0,0.0,0.0,1.58203,5.26848,0.00674,0.13537,Start,seated
13.0862,126,-0.440684,-0.364043,-9.3789,0.0484695,1.33558,0.0322242,0.0,0.0,0.0,0.0,1.93359,3.51288,0.00674,0.13537,Start,seated
13.1863,127,1.01549,-0.0479004,-9.63756,0.0173105,0.87911,0.0490022,0.0,0.0,0.0,0.0,2.28516,3.51237,0.00674,0.13537,Start,seated
13.349,128,0.469424,-0.373623,-9.84832,-0.0223706,-0.529969,-0.0191748,0.0,0.0,0.0,0.0,2.28516,0.0,0.0188,0.1476,Start,extended
13.4491,129,0.747246,-0.306563,-9.9058,0.03036,-0.585096,0.136886,0.0,0.0,0.0,0.0,2.46094,1.75619,0.0188,0.1476,Start,extended
13.5492,130,-1.14003,0.0479004,-10.4135,0.0332895,-1.93532,0.0833569,0.0,0.0,0.0,0.0,2.10938,-3.51284,0.0188,0.1476,Start,extended
13.6492,131,0.469424,-0.584385,-5.74805,-0.0721717,-3.23494,-0.0961401,0.0,0.0,0.0,0.0,1.23047,-8.78118,0.0188,0.1476,Start,extended
13.7493,132,-12.2912,-1.41785,-7.118,-0.0141148,-2.75451,-0.00106526,0.0,0.0,0.0,0.0,0.703125,-5.26833,0.0188,0.1476,Start,extended
13.8494,133,-8.00895,-0.210762,-6.14083,0.0133158,1.58511,0.00692422,0.0,0.0,0.0,0.0,-0.351562,-10.5372,0.0188,0.1476,Start,extended
13.9495,134,-3.94699,0.507744,-8.21013,0.0849548,1.66634,0.125169,0.0,0.0,0.0,0.0,-0.703125,-3.51245,0.0188,0.1476,Start,extended
14.0496,135,-5.24988,-0.229922,-8.31551,-0.0346211,-0.161121,0.0141148,0.0,0.0,0.0,0.0,-1.40625,-7.02471,0.0188,0.1476,Start,extended
14.1497,136,-5.40316,0.0670606,-8.26761,-0.0431432,-0.847152,0.0508664,0.0,0.0,0.0,0.0,-2.10938,-7.02442,0.0188,0.1476,Start,extended
14.2498,137,-6.38991,-0.431104,-7.85566,-0.0490022,-0.682835,0.0447411,0.0,0.0,0.0,0.0,-2.8125,-7.02461,0.0188,0.1476,Start,extended
14.3499,138,-6.34201,-0.201182,-7.75028,0.0167779,0.433296,0.00585895,0.0,0.0,0.0,0.0,-3.33984,-5.26854,0.0188,0.1476,Start,extended
14.45,139,-4.94332,-0.191602,-8.00895,0.0284958,0.213852,-0.0111853,0.0,0.0,0.0,0.0,-3.69141,-3.5131,0.0188,0.1476,Start,extended
14.6847,140,-4.18649,0.201182,-7.04136,-0.0359527,-0.507865,0.01518,0.0,0.0,0.0,0.0,-3.51562,0.748949,0.00674,0.13537,Start,seated
14.7848,141,-8.89989,-0.584385,-7.18506,-0.0066579,-0.148338,-0.052198,0.0,0.0,0.0,0.0,-3.86719,-3.51229,0.00674,0.13537,Start,seated
14.8849,142,-4.75172,-0.507744,-8.65081,0.0687096,1.66687,0.0364853,0.0,0.0,0.0,0.0,-3.51562,3.51235,0.00674,0.13537,Start,seated
14.985,143,-3.39135,0.220342,-7.84608,0.0713727,3.90473,0.0817591,0.0,0.0,0.0,0.0,-2.28516,12.2932,0.00674,0.13537,Start,seated
15.0851,144,0.795147,0.450264,-11.726,0.133691,2.96676,0.142745,0.0,0.0,0.0,0.0,-1.40625,8.78103,0.00674,0.13537,Start,seated
15.1851,145,6.93598,-0.210762,-6.20789,-0.0652474,1.75449,0.00319579,0.0,0.0,0.0,0.0,-0.351562,10.5373,0.00674,0.13537,Start,seated
15.2852,146,5.35526,-1.70525,-8.43047,0.0769654,-1.08151,0.0191748,0.0,0.0,0.0,0.0,0.351562,7.02447,0.00674,0.13537,Start,seated
15.3853,147,1.86812,-0.450264,-7.75028,0.0625843,-1.82293,-0.0466053,0.0,0.0,0.0,0.0,0.878906,5.26839,0.00674,0.13537,Start,seated
15.4854,148,-2.58662,-0.977168,-7.71196,-0.0764327,-1.41121,0.021039,0.0,0.0,0.0,0.0,1.40625,5.26843,0.00674,0.13537,Start,seated
15.5855,149,-3.29555,-0.0191602,-8.95737,0.0671117,0.629305,0.0785633,0.0,0.0,0.0,0.0,1.93359,5.26847,0.00674,0.13537,Start,seated
15.6856,150,-0.143701,-0.134121,-10.1549,0.0804275,1.22825,0.138751,0.0,0.0,0.0,0.0,2.46094,5.26841,0.00674,0.13537,Start,seated
15.7857,151,1.14003,0.0958008,-10.9788,0.0237021,0.644751,0.0391485,0.0,0.0,0.0,0.0,2.8125,3.51255,0.00674,0.13537,Start,seated
15.905,152,0.708926,-0.191602,-10.8159,-0.000798948,-0.481233,-0.00133158,0.0,0.0,0.0,0.0,2.8125,0.0,0.0188,0.1476,Start,extended
16.0051,153,0.766406,-0.402363,-11.3141,0.0860201,-0.169643,0.0119842,0.0,0.0,0.0,0.0,2.98828,1.75614,0.0188,0.1476,Start,extended
16.1052,154,0.354463,-0.0383203,-9.58008,0.0828243,-1.7212,0.0641822,0.0,0.0,0.0,0.0,2.63672,-3.51245,0.0188,0.1476,Start,extended
16.2052,155,-1.42743,-0.517324,-5.02954,-0.0133158,-3.03361,0.0106526,0.0,0.0,0.0,0.0,1.93359,-7.02478,0.0188,0.1476,Start,extended
16.3053,156,-10.1549,-1.12087,-7.28086,-0.181628,-3.41524,0.0436758,0.0,0.0,0.0,0.0,1.05469,-8.7807,0.0188,0.1476,Start,extended
16.4054,157,-11.9176,0.162861,-6.38033,0.0154463,0.894289,0.0114516,0.0,0.0,0.0,0.0,0.175781,-8.78076,0.0188,0.1476,Start,extended
16.5055,158,-5.89175,-0.258662,-7.5491,0.0583232,1.42373,-0.0324906,0.0,0.0,0.0,0.0,-0.527344,-7.02467,0.0188,0.1476,Start,extended
16.6056,159,-2.4525,-0.421523,-7.71196,0.0098537,0.332895,0.0175769,0.0,0.0,0.0,0.0,-1.40625,-8.78057,0.0188,0.1476,Start,extended
16.7057,160,-2.79738,0.220342,-8.24845,-0.00106526,-0.696949,0.0367516,0.0,0.0,0.0,0.0,-2.10938,-7.02442,0.0188,0.1476,Start,extended
16.8058,161,-6.61025,-0.0479004,-8.32509,-0.0391485,-0.713727,0.03036,0.0,0.0,0.0,0.0,-2.8125,-7.02469,0.0188,0.1476,Start,extended
16.9059,162,-7.2617,-0.210762,-8.07601,-0.0189084,0.171508,0.0194411,0.0,0.0,0.0,0.0,-3.51562,-7.02474,0.0188,0.1476,Start,extended
17.006,163,-5.41274,-0.210762,-7.92272,0.0274306,0.416518,0.0287621,0.0,0.0,0.0,0.0,-4.04297,-5.26829,0.0188,0.1476,Start,extended
17.1061,164,-4.69424,-0.191602,-7.82692,0.0146474,-0.100667,-0.000798948,0.0,0.0,0.0,0.0,-4.21875,-1.75625,0.0188,0.1476,Start,extended
17.2165,165,-5.75763,-0.277822,-7.86524,-0.0111853,-0.174703,0.00798948,0.0,0.0,0.0,0.0,-4.21875,0.0,0.00674,0.13537,Start,seated
17.3166,166,-6.80186,0.172441,-7.28086,-0.0479369,-0.231695,0.0410127,0.0,0.0,0.0,0.0,-4.04297,1.75614,0.00674,0.13537,Start,seated
17.4167,167,-6.95514,-0.373623,-7.87482,0.0263653,0.756604,-0.082558,0.0,0.0,0.0,0.0,-4.21875,-1.75644,0.00674,0.13537,Start,seated
17.5168,168,-4.08111,-0.306563,-8.82325,-0.0338221,2.48313,-0.0575243,0.0,0.0,0.0,0.0,-3.51562,7.02446,0.00674,0.13537,Start,seated
17.6169,169,-1.24541,0.229922,-9.30226,-0.0223706,4.4592,0.0655138,0.0,0.0,0.0,0.0,-2.10938,14.0499,0.00674,0.13537,Start,seated
17.717,170,1.60945,-0.229922,-11.726,0.0700411,2.42534,0.170709,0.0,0.0,0.0,0.0,-1.05469,10.537,0.00674,0.13537,Start,seated
17.8171,171,4.6655,-0.0766406,-11.1608,-0.0370179,0.0423443,0.0998685,0.0,0.0,0.0,0.0,0.175781,12.2929,0.00674,0.13537,Start,seated
17.9172,172,2.23216,-0.239502,-9.4268,0.0793622,-1.65063,-0.0242348,0.0,0.0,0.0,0.0,0.703125,5.26836,0.00674,0.13537,Start,seated
18.0173,173,-2.213,-0.977168,-10.2698,-0.190682,-2.09271,-0.13449,0.0,0.0,0.0,0.0,1.23047,5.26846,0.00674,0.13537,Start,seated
18.1173,174,-2.1651,-0.948428,-10.0878,-0.0545948,-0.287355,0.00372843,0.0,0.0,0.0,0.0,1.93359,7.02578,0.00674,0.13537,Start,seated
18.2174,175,-1.54239,-0.804727,-10.6435,-0.057258,1.38298,0.0175769,0.0,0.0,0.0,0.0,2.63672,7.02484,0.00674,0.13537,Start,seated
18.3175,176,1.02507,-0.354463,-8.90947,-0.0167779,1.05088,0.0,0.0,0.0,0.0,0.0,3.16406,5.26868,0.00674,0.13537,Start,seated
18.4176,177,0.967588,-0.498164,-9.16813,0.0284958,0.0780306,0.0178432,0.0,0.0,0.0,0.0,3.33984,1.75612,0.00674,0.13537,Start,seated
18.5355,178,-0.718506,-0.172441,-10.0495,-0.0450074,-0.713993,-0.0154463,0.0,0.0,0.0,0.0,3.16406,-1.49136,0.0188,0.1476,Start,extended
18.6356,179,1.20709,-0.708926,-11.659,0.00798948,0.300671,-0.00106526,0.0,0.0,0.0,0.0,3.33984,1.75629,0.0188,0.1476,Start,extended
18.7357,180,-1.06339,0.124541,-9.31184,0.0,-1.58272,0.015979,0.0,0.0,0.0,0.0,2.8125,-5.26856,0.0188,0.1476,Start,extended
18.8358,181,-0.919688,0.277822,-6.94556,0.0980043,-2.80005,0.057258,0.0,0.0,0.0,0.0,1.93359,-8.78074,0.0188,0.1476,Start,extended
18.9359,182,-11.5057,-0.977168,-7.6449,0.0135821,-3.63655,-0.0905475,0.0,0.0,0.0,0.0,0.878906,-10.5375,0.0188,0.1476,Start,extended
19.0359,183,-11.4482,-0.440684,-7.31918,0.0391485,0.361391,0.03542,0.0,0.0,0.0,0.0,-0.175781,-10.537,0.0188,0.1476,Start,extended
19.136,184,-6.62941,-0.162861,-8.62207,0.0245011,1.47113,-0.0370179,0.0,0.0,0.0,0.0,-1.05469,-8.78088,0.0188,0.1476,Start,extended
19.2361,185,-2.9794,-0.459844,-7.89398,0.00878843,0.136088,0.0671117,0.0,0.0,0.0,0.0,-1.93359,-8.78059,0.0188,0.1476,Start,extended
19.3362,186,-3.58295,-0.258662,-7.94188,-0.0106526,-0.638093,0.0388822,0.0,0.0,0.0,0.0,-2.8125,-8.78076,0.0188,0.1476,Start,extended
19.4363,187,-6.01629,-0.201182,-8.19097,-0.0308927,-0.732902,-0.0117179,0.0,0.0,0.0,0.0,-3.51562,-7.02452,0.0188,0.1476,Start,extended
19.5364,188,-6.9743,-0.239502,-7.90356,0.00692422,-0.00639159,0.0135821,0.0,0.0,0.0,0.0,-4.21875,-7.02479,0.0188,0.1476,Start,extended
19.6365,189,-5.57561,-0.153281,-7.81734,0.0298274,0.410926,0.0436758,0.0,0.0,0.0,0.0,-4.57031,-3.51239,0.0188,0.1476,Start,extended
19.7366,190,-4.89542,-0.0862207,-7.7886,0.00639159,-0.0183758,0.00958738,0.0,0.0,0.0,0.0,-4.74609,-1.75614,0.0188,0.1476,Start,extended
19.8464,191,-5.50854,-0.239502,-7.98979,-0.0119842,-0.186421,0.00239685,0.0,0.0,0.0,0.0,-4.57031,1.60159,0.00674,0.13537,Start,seated
19.9465,192,-7.05094,-0.105381,-7.52036,-0.0197074,-0.323574,0.0098537,0.0,0.0,0.0,0.0,-4.39453,1.75616,0.00674,0.13537,Start,seated
20.0466,193,-6.80186,-0.431104,-8.67955,0.00585895,0.992294,-0.0229032,0.0,0.0,0.0,0.0,-4.39453,0.0,0.00674,0.13537,Start,seated
20.1466,194,-5.34568,0.325723,-10.0878,-0.0743022,2.67355,-0.0114516,0.0,0.0,0.0,0.0,-3.33984,10.537,0.00674,0.13537,Start,seated
20.2467,195,-1.45617,-0.593965,-9.07233,-0.0324906,4.57291,0.0689759,0.0,0.0,0.0,0.0,-1.75781,15.8049,0.00674,0.13537,Start,seated
20.3468,196,2.43334,-0.661025,-10.7776,0.0506001,2.29937,0.0838896,0.0,0.0,0.0,0.0,-0.703125,10.537,0.00674,0.13537,Start,seated
20.4469,197,4.64634,-0.0766406,-11.3811,-0.047138,-0.128364,0.0932106,0.0,0.0,0.0,0.0,0.527344,12.2929,0.00674,0.13537,Start,seated
20.547,198,1.84896,-0.306563,-10.3465,0.0886833,-1.63598,0.00692422,0.0,0.0,0.0,0.0,1.23047,7.02441,0.00674,0.13537,Start,seated
20.6471,199,-2.15552,-0.843047,-10.471,-0.206661,-2.11109,-0.179763,0.0,0.0,0.0,0.0,1.75781,5.26834,0.00674,0.13537,Start,seated
20.7472,200,-2.43334,-1.13045,-10.3177,-0.0431432,-0.176035,-0.00559264,0.0,0.0,0.0,0.0,2.63672,8.78063,0.00674,0.13537,Start,seated
20.8473,201,-1.05381,-1.18793,-9.58966,-0.0300937,1.3939,0.0183758,0.0,0.0,0.0,0.0,3.33984,7.02462,0.00674,0.13537,Start,seated
20.9474,202,1.06339,-0.316143,-8.85199,-0.0229032,0.989098,0.0098537,0.0,0.0,0.0,0.0,3.69141,3.51206,0.00674,0.13537,Start,seated
21.0475,203,1.12087,-0.431104,-9.18729,0.0423443,-0.0194411,0.0125169,0.0,0.0,0.0,0.0,3.86719,1.75611,0.00674,0.13537,Start,seated
21.1606,204,0.105381,-0.249082,-10.0112,-0.0428769,-0.718787,-0.0154463,0.0,0.0,0.0,0.0,3.51562,-3.10894,0.0188,0.1476,Start,extended
21.2607,205,1.14003,-0.708926,-11.659,-0.0860201,0.211189,-0.0575243,0.0,0.0,0.0,0.0,3.51562,0.0,0.0188,0.1476,Start,extended
21.3608,206,0.593965,0.0,-8.42089,0.000798948,-1.55129,0.101466,0.0,0.0,0.0,0.0,2.98828,-5.26828,0.0188,0.1476,Start,extended
21.4609,207,-1.44659,-0.229922,-5.55645,-0.0215716,-2.8898,-0.123304,0.0,0.0,0.0,0.0,1.93359,-10.5366,0.0188,0.1476,Start,extended
21.561,208,-9.39806,-1.01549,-6.65815,0.0114516,-3.70206,-0.223706,0.0,0.0,0.0,0.0,0.703125,-12.2929,0.0188,0.1476,Start,extended
21.6611,209,-10.4614,-0.536484,-6.72521,0.0183758,0.833037,0.00133158,0.0,0.0,0.0,0.0,-0.527344,-12.2919,0.0188,0.1476,Start,extended
21.7612,210,-5.49897,-0.431104,-8.30593,-0.00745685,1.50655,0.0836233,0.0,0.0,0.0,0.0,-1.40625,-8.78051,0.0188,0.1476,Start,extended
21.8613,211,-2.9315,-0.0670606,-7.86524,-0.0335558,0.00559264,0.0364853,0.0,0.0,0.0,0.0,-2.46094,-10.5369,0.0188,0.1476,Start,extended
21.9614,212,-2.89318,-0.172441,-7.73112,-0.0250337,-0.709466,0.0937433,0.0,0.0,0.0,0.0,-3.33984,-8.78107,0.0188,0.1476,Start,extended
22.0615,213,-6.05461,-0.153281,-8.31551,-0.0460727,-0.781105,0.00639159,0.0,0.0,0.0,0.0,-4.04297,-7.02501,0.0188,0.1476,Start,extended
22.1616,214,-7.09884,-0.162861,-8.17181,0.0098537,0.149403,0.0175769,0.0,0.0,0.0,0.0,-4.74609,-7.02467,0.0188,0.1476,Start,extended
22.2617,215,-5.36484,0.00958008,-7.81734,0.057258,0.441019,0.0503337,0.0,0.0,0.0,0.0,-5.09766,-3.51225,0.0188,0.1476,Start,extended
22.3618,216,-4.79962,-0.191602,-7.63532,0.0117179,-0.0860201,0.0178432,0.0,0.0,0.0,0.0,-5.09766,0.0,0.0188,0.1476,Start,extended
22.4721,217,-5.86301,-0.268242,-7.76944,-0.0324906,-0.115049,0.00452737,0.0,0.0,0.0,0.0,-4.74609,3.18616,0.00674,0.13537,Start,seated
22.5722,218,-7.57784,-0.143701,-6.96472,-0.0255663,-0.298008,0.01012,0.0,0.0,0.0,0.0,-4.57031,1.75614,0.00674,0.13537,Start,seated
22.6723,219,-6.93598,-0.162861,-9.02443,0.0,1.05807,-0.00213053,0.0,0.0,0.0,0.0,-4.39453,1.75633,0.00674,0.13537,Start,seated
22.7724,220,-7.91315,0.507744,-10.4327,-0.036219,2.64239,-0.0484695,0.0,0.0,0.0,0.0,-3.16406,12.2934,0.00674,0.13537,Start,seated
22.8725,221,-0.910107,-0.258662,-9.62798,0.00958738,4.58836,0.0593885,0.0,0.0,0.0,0.0,-1.58203,15.8059,0.00674,0.13537,Start,seated
22.9726,222,2.89318,-0.651445,-10.6243,0.0234358,1.88072,0.13955,0.0,0.0,0.0,0.0,-0.351562,12.2929,0.00674,0.13537,Start,seated
23.0727,223,3.56379,-0.0670606,-10.1836,-0.02024,0.152865,0.108923,0.0,0.0,0.0,0.0,1.05469,14.0492,0.00674,0.13537,Start,seated
23.1728,224,2.71116,-0.268242,-8.32509,0.0583232,-1.24849,-0.129696,0.0,0.0,0.0,0.0,1.75781,7.02467,0.00674,0.13537,Start,seated
23.2729,225,-2.36628,-0.364043,-10.4806,-0.145142,-1.83305,-0.0958738,0.0,0.0,0.0,0.0,2.63672,8.78013,0.00674,0.13537,Start,seated
23.3729,226,-2.5483,-0.670605,-10.5381,-0.0487358,-0.261522,0.0822917,0.0,0.0,0.0,0.0,3.51562,8.78086,0.00674,0.13537,Start,seated
23.473,227,-1.39869,-0.823887,-9.69504,-0.00506001,1.12732,0.0516653,0.0,0.0,0.0,0.0,4.21875,7.02454,0.00674,0.13537,Start,seated
23.5731,228,0.823887,-0.603545,-9.14898,-0.0149137,0.907073,-0.0756338,0.0,0.0,0.0,0.0,4.39453,1.75613,0.00674,0.13537,Start,seated
23.6732,229,0.0,-0.316143,-10.0016,0.000798948,0.170176,0.0157127,0.0,0.0,0.0,0.0,4.39453,0.0,0.00674,0.13537,Start,seated
23.788,230,0.0383203,-0.191602,-10.1836,-0.0396811,-0.619984,0.0279632,0.0,0.0,0.0,0.0,4.04297,-3.06394,0.0188,0.1476,Start,extended
23.8881,231,0.651445,-0.661025,-10.174,0.0338221,-0.0189084,-0.00213053,0.0,0.0,0.0,0.0,3.86719,-1.7562,0.0188,0.1476,Start,extended
23.9882,232,-0.134121,0.0862207,-8.55501,0.0591222,-1.57659,0.056459,0.0,0.0,0.0,0.0,2.98828,-8.78055,0.0188,0.1476,Start,extended
24.0883,233,-1.04423,0.0479004,-7.47246,0.0,-3.03281,0.00745685,0.0,0.0,0.0,0.0,1.75781,-12.2924,0.0188,0.1476,Start,extended
24.1883,234,-14.4755,-0.182021,-8.05685,0.00239685,-2.90551,0.0972054,0.0,0.0,0.0,0.0,0.175781,-15.808,0.0188,0.1476,Start,extended
24.2884,235,-11.5057,-0.354463,-6.50487,0.0298274,0.364853,0.0364853,0.0,0.0,0.0,0.0,-0.878906,-10.5396,0.0188,0.1476,Start,extended
24.3885,236,-6.51445,-0.555645,-7.4054,0.0700411,1.43544,-0.0250337,0.0,0.0,0.0,0.0,-2.10938,-12.2929,0.0188,0.1476,Start,extended
24.4886,237,-4.09069,0.0,-8.17181,0.0191748,0.209591,0.0751011,0.0,0.0,0.0,0.0,-3.16406,-10.5366,0.0188,0.1476,Start,extended
24.5887,238,-3.54463,-0.0958008,-7.55868,0.00292948,-0.624778,0.0356864,0.0,0.0,0.0,0.0,-4.21875,-10.5367,0.0188,0.1476,Start,extended
24.6888,239,-6.23663,0.0191602,-8.34425,-0.0114516,-0.806405,-0.0117179,0.0,0.0,0.0,0.0,-4.92188,-7.02431,0.0188,0.1476,Start,extended
24.7889,240,-7.4054,-0.287402,-7.8844,-0.00745685,0.0111853,0.010919,0.0,0.0,0.0,0.0,-5.44922,-5.26857,0.0188,0.1476,Start,extended
24.889,241,-5.87259,-0.421523,-7.87482,0.03036,0.459928,0.0420779,0.0,0.0,0.0,0.0,-5.80078,-3.51241,0.0188,0.1476,Start,extended
24.9891,242,-4.86668,-0.105381,-7.86524,0.00346211,0.052198,0.015979,0.0,0.0,0.0,0.0,-5.80078,0.0,0.0188,0.1476,Start,extended
25.1041,243,-5.94923,-0.191602,-8.00895,-0.0183758,-0.162453,-0.00106526,0.0,0.0,0.0,0.0,-5.27344,4.58482,0.00674,0.13537,Start,seated
25.2042,244,-6.12167,-0.306563,-6.86892,-0.0194411,-0.135555,0.0127832,0.0,0.0,0.0,0.0,-4.74609,5.26833,0.00674,0.13537,Start,seated
25.3043,245,-7.31918,-0.344883,-8.84241,0.00798948,0.773648,-0.0178432,0.0,0.0,0.0,0.0,-4.39453,3.51256,0.00674,0.13537,Start,seated
25.4044,246,-5.85343,0.354463,-8.94779,-0.0537959,2.5316,-0.0295611,0.0,0.0,0.0,0.0,-2.98828,14.049,0.00674,0.13537,Start,seated
25.5045,247,-2.36628,-1.15919,-9.31184,0.00692422,4.54229,0.0649811,0.0,0.0,0.0,0.0,-1.05469,19.3183,0.00674,0.13537,Start,seated
25.6046,248,-0.641865,0.00958008,-10.1932,0.0780306,2.45677,0.112652,0.0,0.0,0.0,0.0,0.351562,14.0492,0.00674,0.13537,Start,seated
25.7047,249,5.16366,-0.182021,-9.5226,-0.0396811,0.313454,0.0679106,0.0,0.0,0.0,0.0,1.75781,14.0494,0.00674,0.13537,Start,seated
25.8048,250,2.46208,-0.172441,-8.31551,0.0942759,-1.51347,0.0149137,0.0,0.0,0.0,0.0,2.46094,7.02461,0.00674,0.13537,Start,seated
25.9048,251,-1.68609,-0.105381,-11.2662,-0.192813,-2.01974,-0.182693,0.0,0.0,0.0,0.0,3.33984,8.78101,0.00674,0.13537,Start,seated
26.0049,252,-2.5004,-0.134121,-10.8446,-0.0420779,-0.0490022,0.0378169,0.0,0.0,0.0,0.0,4.04297,7.02479,0.00674,0.13537,Start,seated
26.105,253,-1.18793,-0.814307,-9.62798,-0.0561927,1.36673,0.0234358,0.0,0.0,0.0,0.0,4.57031,5.26849,0.00674,0.13537,Start,seated
26.2051,254,1.16877,-0.440684,-9.12023,-0.0239685,1.01813,-0.02024,0.0,0.0,0.0,0.0,4.92188,3.5125,0.00674,0.13537,Start,seated
26.3052,255,1.24541,-0.383203,-9.09149,0.0197074,0.0889496,0.0295611,0.0,0.0,0.0,0.0,4.74609,-1.75614,0.00674,0.13537,Start,seated
26.4234,256,0.296982,-0.316143,-9.93454,-0.0460727,-0.782703,-0.0125169,0.0,0.0,0.0,0.0,4.21875,-4.46284,0.0188,0.1476,Start,extended
26.5235,257,0.546064,-0.277822,-10.3752,0.0015979,0.105461,-0.0146474,0.0,0.0,0.0,0.0,3.69141,-5.26863,0.0188,0.1476,Start,extended
26.6236,258,-0.852627,-0.220342,-9.29268,0.00932106,-1.56328,0.0769654,0.0,0.0,0.0,0.0,2.8125,-8.78114,0.0188,0.1476,Start,extended
26.7237,259,-0.507744,-0.364043,-8.20055,0.010919,-2.9657,0.0287621,0.0,0.0,0.0,0.0,1.40625,-14.0497,0.0188,0.1476,Start,extended
26.8237,260,-9.54176,-1.16877,-7.00304,-0.0849548,-4.02191,-0.135289,0.0,0.0,0.0,0.0,0.0,-14.0495,0.0188,0.1476,Start,extended
26.9238,261,-10.2411,-0.105381,-7.66406,0.0308927,0.295345,0.0181095,0.0,0.0,0.0,0.0,-1.58203,-15.8046,0.0188,0.1476,Start,extended
27.0239,262,-5.30736,-0.593965,-7.47246,0.0612527,1.32572,-0.0015979,0.0,0.0,0.0,0.0,-2.8125,-12.2928,0.0188,0.1476,Start,extended
27.124,263,-3.45841,-0.00958008,-7.55868,0.0114516,0.221309,0.0556601,0.0,0.0,0.0,0.0,-3.86719,-10.5371,0.0188,0.1476,Start,extended
27.2241,264,-4.44516,0.201182,-8.00895,-0.0266316,-0.655404,0.0743022,0.0,0.0,0.0,0.0,-4.74609,-8.78078,0.0188,0.1476,Start,extended
27.3242,265,-6.20789,-0.344883,-8.11433,-0.0474043,-0.772583,0.0015979,0.0,0.0,0.0,0.0,-5.44922,-7.02441,0.0188,0.1476,Start,extended
27.4243,266,-6.96472,-0.220342,-7.7407,0.010919,0.10919,0.00639159,0.0,0.0,0.0,0.0,-5.97656,-5.26861,0.0188,0.1476,Start,extended
27.5243,267,-5.37442,-0.373623,-7.80776,0.0370179,0.456732,0.0253,0.0,0.0,0.0,0.0,-6.15234,-1.75738,0.0188,0.1476,Start,extended
27.6244,268,-4.7613,-0.162861,-7.82692,0.0133158,0.0292948,-0.00719053,0.0,0.0,0.0,0.0,-5.97656,1.75617,0.0188,0.1476,Start,extended
27.742,269,-5.98755,-0.153281,-7.90356,-0.0138484,-0.0388822,0.0282295,0.0,0.0,0.0,0.0,-5.27344,5.98182,0.00674,0.13537,Start,seated
27.8421,270,-6.39949,-0.0766406,-6.79228,-0.0229032,-0.0961401,0.0343548,0.0,0.0,0.0,0.0,-4.57031,7.02489,0.00674,0.13537,Start,seated
27.9422,271,-6.14083,-0.450264,-8.40173,0.00452737,0.971788,-0.0189084,0.0,0.0,0.0,0.0,-4.04297,5.26846,0.00674,0.13537,Start,seated
28.0423,272,-5.24988,-0.277822,-8.53585,-0.0676443,2.64239,-0.0234358,0.0,0.0,0.0,0.0,-2.63672,14.0492,0.00674,0.13537,Start,seated
28.1424,273,-1.80105,-1.37953,-8.95737,0.00133158,4.53962,0.0785633,0.0,0.0,0.0,0.0,-0.527344,21.0733,0.00674,0.13537,Start,seated
28.2424,274,-0.392783,-0.335303,-9.16813,0.0213053,2.46769,0.0990696,0.0,0.0,0.0,0.0,0.878906,14.0498,0.00674,0.13537,Start,seated
28.3425,275,2.99856,-0.632285,-11.4099,-0.036219,0.167513,0.0980043,0.0,0.0,0.0,0.0,2.46094,15.805,0.00674,0.13537,Start,seated
28.4426,276,2.28006,-0.0287402,-8.57417,0.0948085,-1.55795,0.0141148,0.0,0.0,0.0,0.0,3.16406,7.02461,0.00674,0.13537,Start,seated
28.5427,277,-1.85854,-0.239502,-11.065,-0.200802,-2.04078,-0.131294,0.0,0.0,0.0,0.0,4.04297,8.78093,0.00674,0.13537,Start,seated
28.6428,278,-2.0693,-0.0862207,-10.7776,-0.0460727,-0.281762,-0.0197074,0.0,0.0,0.0,0.0,4.57031,5.26839,0.00674,0.13537,Start,seated
28.7429,279,-1.39869,-0.814307,-10.0016,-0.0516653,1.29296,0.0234358,0.0,0.0,0.0,0.0,5.09766,5.26853,0.00674,0.13537,Start,seated
28.843,280,1.19751,-0.488584,-9.00527,-0.0346211,0.992028,-0.0127832,0.0,0.0,0.0,0.0,5.27344,1.75616,0.00674,0.13537,Start,seated
28.9431,281,1.22625,-0.402363,-9.02443,0.0274306,0.00692422,0.0173105,0.0,0.0,0.0,0.0,4.92188,-3.51228,0.00674,0.13537,Start,seated
29.0556,282,0.0287402,-0.220342,-10.4614,-0.0479369,-0.808269,-0.0189084,0.0,0.0,0.0,0.0,4.04297,-7.81454,0.0188,0.1476,Start,extended
29.1557,283,-0.124541,0.0574805,-11.5344,-0.0732369,0.00559264,-0.0652474,0.0,0.0,0.0,0.0,3.51562,-5.26854,0.0188,0.1476,Start,extended
29.2558,284,-0.775986,0.00958008,-8.40173,-0.00719053,-1.39203,0.0916127,0.0,0.0,0.0,0.0,2.46094,-10.537,0.0188,0.1476,Start,extended
29.3559,285,-1.94476,-0.296982,-6.48571,-0.0388822,-2.77555,-0.130495,0.0,0.0,0.0,0.0,1.05469,-14.0494,0.0188,0.1476,Start,extended
29.456,286,-9.39806,1.22625,-8.20055,0.01012,-4.22377,-0.211189,0.0,0.0,0.0,0.0,-0.527344,-15.806,0.0188,0.1476,Start,extended
29.556,287,-10.3944,0.201182,-7.28086,0.00319579,-0.262854,-0.000266316,0.0,0.0,0.0,0.0,-2.10938,-15.8054,0.0188,0.1476,Start,extended
29.6561,288,-6.32285,-0.498164,-7.18506,0.0314253,1.38964,0.00266316,0.0,0.0,0.0,0.0,-3.51562,-14.0491,0.0188,0.1476,Start,extended
29.7562,289,-2.94108,0.0479004,-8.18139,-0.0338221,0.139816,0.0596548,0.0,0.0,0.0,0.0,-4.57031,-10.5377,0.0188,0.1476,Start,extended
29.8563,290,-3.58295,-0.325723,-7.97063,-0.0370179,-0.514789,0.0556601,0.0,0.0,0.0,0.0,-5.27344,-7.02538,0.0188,0.1476,Start,extended
29.9563,291,-6.31327,-0.0958008,-8.06643,-0.0287621,-0.810134,0.00426106,0.0,0.0,0.0,0.0,-5.97656,-7.02904,0.0188,0.1476,Start,extended
30.0564,292,-6.95514,-0.220342,-8.01853,0.021039,-0.026099,0.0117179,0.0,0.0,0.0,0.0,-6.32812,-3.51235,0.0188,0.1476,Start,extended
30.1565,293,-5.82469,-0.162861,-7.80776,0.0364853,0.498544,0.0359527,0.0,0.0,0.0,0.0,-6.32812,0.0,0.0188,0.1476,Start,extended
30.2566,294,-4.77088,-0.287402,-7.86524,0.00905475,0.151001,0.000266316,0.0,0.0,0.0,0.0,-5.97656,3.51244,0.0188,0.1476,Start,extended
30.3853,295,-5.95881,-0.268242,-7.82692,-0.0250337,-0.0170442,0.0218379,0.0,0.0,0.0,0.0,-4.92188,8.19895,0.00674,0.13537,Start,seated
30.4854,296,-7.8365,-0.201182,-6.93598,-0.0223706,-0.046339,0.0253,0.0,0.0,0.0,0.0,-4.04297,8.78076,0.00674,0.13537,Start,seated
30.5855,297,-6.04503,-0.229922,-8.49753,0.041279,1.12199,-0.0860201,0.0,0.0,0.0,0.0,-3.51562,5.26762,0.00674,0.13537,Start,seated
30.6856,298,-3.56379,-0.958008,-9.08191,0.015979,2.91616,-0.0950749,0.0,0.0,0.0,0.0,-1.93359,15.8052,0.00674,0.13537,IncreaseQuarterPeriod,seated
30.7857,299,0.536484,-1.21667,-8.89031,-0.0167779,4.45041,0.173904,0.0,0.0,0.0,0.0,0.351562,22.8304,0.00674,0.13537,IncreaseQuarterPeriod,seated
30.8857,300,0.0574805,-0.220342,-8.01853,0.0378169,2.38752,0.12144,0.0,0.0,0.0,0.0,1.75781,14.0513,0.00674,0.13537,IncreaseQuarterPeriod,seated
30.9858,301,3.37219,-0.843047,-10.7009,-0.000266316,0.0649811,0.103597,0.0,0.0,0.0,0.0,3.16406,14.0491,0.00674,0.13537,IncreaseQuarterPeriod,seated
31.0859,302,2.17468,0.0574805,-8.95737,0.0556601,-1.56061,-0.0149137,0.0,0.0,0.0,0.0,3.86719,7.02446,0.00674,0.13537,IncreaseQuarterPeriod,seated
31.186,303,-2.37586,-0.153281,-10.9117,-0.0897485,-2.04211,-0.111054,0.0,0.0,0.0,0.0,4.57031,7.02464,0.00674,0.13537,IncreaseQuarterPeriod,seated
31.3123,304,-1.98308,-1.01549,-9.93454,0.0314253,-0.0199737,0.0657801,0.0,0.0,0.0,0.0,5.09766,4.17747,0.0188,0.1476,IncreaseQuarterPeriod,extended
31.4123,305,0.249082,-0.718506,-11.1033,0.103331,1.8722,0.0199737,0.0,0.0,0.0,0.0,5.80078,7.02513,0.0188,0.1476,IncreaseQuarterPeriod,extended
31.5124,306,3.67875,0.459844,-7.55868,-0.0668453,0.114782,-0.0958738,0.0,0.0,0.0,0.0,5.80078,0.0,0.0188,0.1476,IncreaseQuarterPeriod,extended
31.6125,307,2.65368,-0.325723,-6.30369,0.0753675,-2.14491,0.109722,0.0,0.0,0.0,0.0,5.09766,-7.02529,0.0188,0.1476,IncreaseQuarterPeriod,extended
31.7126,308,-6.79228,0.201182,-8.56459,0.0849548,-3.19526,0.0119842,0.0,0.0,0.0,0.0,3.86719,-12.2932,0.0188,0.1476,IncreaseQuarterPeriod,extended
31.8127,309,-8.43047,0.0287402,-9.69504,-0.0127832,0.305997,0.0782969,0.0,0.0,0.0,0.0,2.46094,-14.0495,0.0188,0.1476,IncreaseQuarterPeriod,extended
31.9128,310,-3.90867,-0.440684,-10.5093,0.0218379,1.42186,-0.00878843,0.0,0.0,0.0,0.0,1.40625,-10.5377,0.0188,0.1476,IncreaseQuarterPeriod,extended
32.0129,311,-0.862207,-0.325723,-9.7621,0.0154463,0.197873,0.0607201,0.0,0.0,0.0,0.0,0.175781,-12.2933,0.0188,0.1476,IncreaseQuarterPeriod,extended
32.113,312,-1.39869,-0.249082,-9.17772,0.00372843,-0.915595,0.00133158,0.0,0.0,0.0,0.0,-1.40625,-15.8058,0.0188,0.1476,IncreaseQuarterPeriod,extended
32.2131,313,-4.8092,-0.603545,-9.35974,-0.0181095,-0.817857,0.0258327,0.0,0.0,0.0,0.0,-2.63672,-12.2931,0.0188,0.1476,IncreaseQuarterPeriod,extended
32.3132,314,-5.06786,-0.364043,-9.49386,-0.0149137,0.0119842,0.0114516,0.0,0.0,0.0,0.0,-4.21875,-15.8056,0.0188,0.1476,IncreaseQuarterPeriod,extended
32.4132,315,-3.03688,-0.431104,-9.34058,0.00639159,0.119043,0.00106526,0.0,0.0,0.0,0.0,-5.09766,-8.78179,0.0188,0.1476,IncreaseQuarterPeriod,extended
32.544,316,-3.37219,-0.191602,-8.65081,-0.01012,-0.353668,0.0221042,0.0,0.0,0.0,0.0,-5.80078,-5.37777,0.00674,0.13537,IncreaseQuarterPeriod,seated
32.6441,317,-4.93374,-0.105381,-9.04359,0.00239685,-0.572047,0.0319579,0.0,0.0,0.0,0.0,-6.67969,-8.78049,0.00674,0.13537,IncreaseQuarterPeriod,seated
32.7442,318,-1.78189,-0.0479004,-9.18729,-0.0641822,1.29776,-0.0617853,0.0,0.0,0.0,0.0,-6.85547,-1.75614,0.00674,0.13537,IncreaseQuarterPeriod,seated
32.8443,319,2.90276,-0.134121,-11.4578,-0.129696,4.75641,-0.0537959,0.0,0.0,0.0,0.0,-5.625,12.2926,0.00674,0.13537,IncreaseQuarterPeriod,seated
32.9444,320,1.04423,0.0479004,-7.85566,0.223706,1.83066,0.182693,0.0,0.0,0.0,0.0,-5.09766,5.26867,0.00674,0.13537,IncreaseQuarterPeriod,seated
33.0445,321,4.45474,0.316143,-8.00895,0.0308927,-0.416785,0.131294,0.0,0.0,0.0,0.0,-3.69141,14.0489,0.00674,0.13537,IncreaseQuarterPeriod,seated
33.1445,322,2.24174,-0.613125,-8.79451,0.00559264,-1.85409,-0.0764327,0.0,0.0,0.0,0.0,-2.8125,8.78187,0.00674,0.13537,IncreaseQuarterPeriod,seated
33.2446,323,-2.22258,-0.622705,-9.8579,-0.0972054,-2.04318,-0.16991,0.0,0.0,0.0,0.0,-1.58203,12.2932,0.00674,0.13537,IncreaseQuarterPeriod,seated
33.3447,324,-0.316143,-0.823887,-9.14898,0.0181095,-0.0276969,0.0585895,0.0,0.0,0.0,0.0,-0.175781,14.0493,0.00674,0.13537,IncreaseQuarterPeriod,seated
33.4448,325,-1.11129,-1.00591,-9.17772,0.00905475,1.47779,0.087618,0.0,0.0,0.0,0.0,1.58203,17.5619,0.00674,0.13537,IncreaseQuarterPeriod,seated
33.5449,326,0.402363,-0.919688,-9.48428,-0.0431432,1.13451,0.0300937,0.0,0.0,0.0,0.0,2.98828,14.0497,0.00674,0.13537,IncreaseQuarterPeriod,seated
33.645,327,1.49449,-0.191602,-9.31184,0.0745685,0.184024,0.0162453,0.0,0.0,0.0,0.0,4.04297,10.5371,0.00674,0.13537,IncreaseQuarterPeriod,seated
33.7451,328,-0.105381,-0.258662,-9.9537,-0.0506001,-0.470048,-0.047138,0.0,0.0,0.0,0.0,4.92188,8.78099,0.00674,0.13537,IncreaseQuarterPeriod,seated
33.8452,329,-0.747246,-0.239502,-9.54176,0.00559264,-0.398942,0.0444748,0.0,0.0,0.0,0.0,5.44922,5.26885,0.00674,0.13537,IncreaseQuarterPeriod,seated
33.9751,330,-1.36037,-0.296982,-10.0399,-0.0173105,0.294546,0.0274306,0.0,0.0,0.0,0.0,5.625,1.35304,0.0188,0.1476,IncreaseQuarterPeriod,extended
34.0752,331,0.296982,-0.134121,-12.1667,0.0423443,1.00188,-0.0612527,0.0,0.0,0.0,0.0,5.97656,3.51247,0.0188,0.1476,IncreaseQuarterPeriod,extended
34.1753,332,1.14961,-0.00958008,-9.26394,-0.0263653,-0.990163,0.0292948,0.0,0.0,0.0,0.0,5.27344,-7.02508,0.0188,0.1476,IncreaseQuarterPeriod,extended
34.2754,333,-1.36995,-0.0958008,-8.24845,-0.015979,-2.29538,0.00479369,0.0,0.0,0.0,0.0,4.39453,-8.78093,0.0188,0.1476,IncreaseQuarterPeriod,extended
34.3755,334,-8.36341,-0.440684,-9.9537,0.0205063,-2.47301,-0.00292948,0.0,0.0,0.0,0.0,2.8125,-15.8068,0.0188,0.1476,IncreaseQuarterPeriod,extended
34.4756,335,-6.70606,-0.258662,-8.72745,0.0239685,0.656469,0.066579,0.0,0.0,0.0,0.0,1.23047,-15.8063,0.0188,0.1476,IncreaseQuarterPeriod,extended
34.5756,336,-2.43334,-0.268242,-10.6435,0.0146474,1.25328,0.0015979,0.0,0.0,0.0,0.0,-0.175781,-14.0497,0.0188,0.1476,IncreaseQuarterPeriod,extended
34.6757,337,-3.73623,-0.0574805,-10.2124,0.00426106,-0.203998,0.0359527,0.0,0.0,0.0,0.0,-1.58203,-14.0492,0.0188,0.1476,IncreaseQuarterPeriod,extended
34.7758,338,-1.57113,-0.00958008,-8.74661,0.0066579,-0.992826,0.0721717,0.0,0.0,0.0,0.0,-2.98828,-14.0492,0.0188,0.1476,IncreaseQuarterPeriod,extended
34.8759,339,-4.87626,-0.306563,-9.2831,0.0431432,-0.431965,0.0370179,0.0,0.0,0.0,0.0,-4.39453,-14.0496,0.0188,0.1476,IncreaseQuarterPeriod,extended
35.0004,340,-3.11353,-0.431104,-8.92863,0.0263653,0.251935,0.0127832,0.0,0.0,0.0,0.0,-5.625,-9.88822,0.00674,0.13537,IncreaseQuarterPeriod,seated
35.1004,341,-5.56603,0.105381,-9.01485,0.0173105,-0.183225,0.0138484,0.0,0.0,0.0,0.0,-6.67969,-10.5375,0.00674,0.13537,IncreaseQuarterPeriod,seated
35.2005,342,-4.25355,-0.143701,-9.74294,-0.0474043,1.6975,0.0255663,0.0,0.0,0.0,0.0,-7.03125,-3.51245,0.00674,0.13537,IncreaseQuarterPeriod,seated
35.3006,343,-0.191602,0.344883,-12.0422,0.00905475,4.96919,-0.0844222,0.0,0.0,0.0,0.0,-6.32812,7.02447,0.00674,0.13537,IncreaseQuarterPeriod,seated
35.4007,344,1.03465,-1.53281,-9.3789,0.0916127,0.281762,0.222907,0.0,0.0,0.0,0.0,-5.625,7.02481,0.00674,0.13537,IncreaseQuarterPeriod,seated
35.5008,345,0.881367,0.785566,-8.66997,0.134756,-1.66741,0.108657,0.0,0.0,0.0,0.0,-5.09766,5.26861,0.00674,0.13537,IncreaseQuarterPeriod,seated
35.6009,346,-1.60945,0.699346,-12.6553,-0.0806938,-2.09404,-0.11132,0.0,0.0,0.0,0.0,-4.21875,8.78101,0.00674,0.13537,IncreaseQuarterPeriod,seated
35.701,347,-2.74948,0.613125,-9.50344,0.0596548,-0.251935,-0.0865527,0.0,0.0,0.0,0.0,-3.16406,10.5371,0.00674,0.13537,IncreaseQuarterPeriod,seated
35.8011,348,-2.49082,0.296982,-9.39806,-0.0205063,1.3646,0.0183758,0.0,0.0,0.0,0.0,-1.58203,15.8056,0.00674,0.13537,IncreaseQuarterPeriod,seated
35.9012,349,1.52323,-0.0383203,-8.65081,0.0426106,1.41414,0.120109,0.0,0.0,0.0,0.0,0.175781,17.5621,0.00674,0.13537,IncreaseQuarterPeriod,seated
36.0013,350,0.526904,-0.249082,-10.2315,0.0295611,0.593086,0.0886833,0.0,0.0,0.0,0.0,1.93359,17.562,0.00674,0.13537,IncreaseQuarterPeriod,seated
36.1014,351,0.220342,-0.220342,-10.5764,-0.0346211,-0.265517,-0.0838896,0.0,0.0,0.0,0.0,3.16406,12.293,0.00674,0.13537,IncreaseQuarterPeriod,seated
36.2015,352,-1.18793,-0.392783,-10.0974,-0.0295611,-0.428503,-0.0495348,0.0,0.0,0.0,0.0,4.21875,10.5371,0.00674,0.13537,IncreaseQuarterPeriod,seated
36.3016,353,-1.29331,-0.507744,-10.0303,-0.00426106,0.121174,0.0649811,0.0,0.0,0.0,0.0,5.27344,10.5365,0.00674,0.13537,IncreaseQuarterPeriod,seated
36.4016,354,-0.574805,-0.335303,-9.72378,0.0015979,0.490821,0.0495348,0.0,0.0,0.0,0.0,5.80078,5.26861,0.00674,0.13537,IncreaseQuarterPeriod,seated
36.5261,355,-0.172441,-0.306563,-9.8579,0.021039,0.223173,-0.000266316,0.0,0.0,0.0,0.0,5.97656,1.41232,0.0188,0.1476,IncreaseQuarterPeriod,extended
36.6262,356,1.15919,-0.153281,-11.7931,0.0149137,0.521447,0.0015979,0.0,0.0,0.0,0.0,6.15234,1.75615,0.0188,0.1476,IncreaseQuarterPeriod,extended
36.7263,357,0.162861,-0.402363,-9.13939,-0.0197074,-1.27565,0.134223,0.0,0.0,0.0,0.0,5.625,-5.26861,0.0188,0.1476,IncreaseQuarterPeriod,extended
36.8263,358,0.775986,-1.35079,-8.34425,-0.132359,-2.36249,-0.0708401,0.0,0.0,0.0,0.0,4.57031,-10.5414,0.0188,0.1476,IncreaseQuarterPeriod,extended
36.9264,359,-7.36708,-0.632285,-9.89622,0.0556601,-1.81628,-0.071639,0.0,0.0,0.0,0.0,2.8125,-17.5627,0.0188,0.1476,IncreaseQuarterPeriod,extended
37.0265,360,-6.36117,0.00958008,-8.56459,0.0556601,1.04982,0.0375506,0.0,0.0,0.0,0.0,1.40625,-14.0493,0.0188,0.1476,IncreaseQuarterPeriod,extended
37.1266,361,-1.37953,0.0670606,-9.27352,-0.0537959,1.02558,0.00346211,0.0,0.0,0.0,0.0,0.0,-14.0492,0.0188,0.1476,IncreaseQuarterPeriod,extended
37.2267,362,-2.18426,-0.344883,-8.80409,-0.0378169,-0.375506,0.0953412,0.0,0.0,0.0,0.0,-1.58203,-15.8052,0.0188,0.1476,IncreaseQuarterPeriod,extended
37.3268,363,-3.28597,-0.153281,-9.41722,0.00719053,-1.0879,0.0106526,0.0,0.0,0.0,0.0,-3.16406,-15.8048,0.0188,0.1476,IncreaseQuarterPeriod,extended
37.4269,364,-3.29555,-0.316143,-8.98611,0.00719053,-0.254865,-0.0154463,0.0,0.0,0.0,0.0,-4.57031,-14.0494,0.0188,0.1476,IncreaseQuarterPeriod,extended
37.527,365,-3.49673,-0.555645,-9.2352,0.0338221,0.193612,0.00559264,0.0,0.0,0.0,0.0,-5.625,-10.5369,0.0188,0.1476,IncreaseQuarterPeriod,extended
37.6476,366,-2.86444,-0.172441,-9.17772,-0.0125169,-0.179231,0.0458064,0.0,0.0,0.0,0.0,-6.50391,-7.28865,0.00674,0.13537,IncreaseQuarterPeriod,seated
37.7477,367,-4.7134,0.0479004,-9.11065,-0.00479369,-0.367516,0.0681769,0.0,0.0,0.0,0.0,-7.03125,-5.26847,0.00674,0.13537,IncreaseQuarterPeriod,seated
37.8478,368,-4.426,-0.775986,-9.92496,-0.00426106,1.20561,-0.00346211,0.0,0.0,0.0,0.0,-7.38281,-3.51214,0.00674,0.13537,IncreaseQuarterPeriod,seated
37.9479,369,3.77455,0.277822,-8.52627,-0.067378,4.76067,-0.165116,0.0,0.0,0.0,0.0,-6.32812,10.5366,0.00674,0.13537,IncreaseQuarterPeriod,seated
38.048,370,9.00527,-0.900527,3.42009,0.119043,1.56061,0.0537959,0.0,0.0,0.0,0.0,-5.80078,5.26901,0.00674,0.13537,IncreaseQuarterPeriod,seated
38.1481,371,3.93741,0.249082,-2.66326,0.122239,-0.714526,0.191748,0.0,0.0,0.0,0.0,-4.21875,15.8053,0.00674,0.13537,IncreaseQuarterPeriod,seated
38.2481,372,1.36995,-0.603545,-5.98755,0.0508664,-2.03652,-0.0745685,0.0,0.0,0.0,0.0,-2.98828,12.2928,0.00674,0.13537,IncreaseQuarterPeriod,seated
38.3482,373,-3.60211,-1.69567,-8.13349,0.116913,-1.30814,-0.113983,0.0,0.0,0.0,0.0,-1.75781,12.294,0.00674,0.13537,IncreaseQuarterPeriod,seated
38.4483,374,-2.96982,0.0766406,-8.16223,0.14168,1.20668,0.0191748,0.0,0.0,0.0,0.0,0.0,17.5613,0.00674,0.13537,IncreaseQuarterPeriod,seated
38.5484,375,-0.967588,-0.344883,-9.20646,0.119576,1.50176,0.229564,0.0,0.0,0.0,0.0,1.75781,17.5656,0.00674,0.13537,IncreaseQuarterPeriod,seated
38.6485,376,0.948428,-0.306563,-10.4135,0.0229032,0.866326,0.111853,0.0,0.0,0.0,0.0,3.33984,15.8038,0.00674,0.13537,IncreaseQuarterPeriod,seated
38.7486,377,1.38911,-0.258662,-9.69504,0.0306264,-0.021039,0.0175769,0.0,0.0,0.0,0.0,4.57031,12.2927,0.00674,0.13537,IncreaseQuarterPeriod,seated
38.8487,378,-0.277822,-0.287402,-9.8579,-0.0322242,-0.510262,-0.0932106,0.0,0.0,0.0,0.0,5.27344,7.02489,0.00674,0.13537,IncreaseQuarterPeriod,seated
38.9488,379,-1.26457,-0.124541,-9.70462,0.00479369,-0.168045,0.0426106,0.0,0.0,0.0,0.0,5.97656,7.02483,0.00674,0.13537,IncreaseQuarterPeriod,seated
39.083,380,-1.02507,-0.421523,-11.5248,-0.0183758,0.379234,0.0423443,0.0,0.0,0.0,0.0,6.32812,2.61994,0.0188,0.1476,IncreaseQuarterPeriod,extended
39.1831,381,0.919688,-0.536484,-10.5381,0.0535295,0.704939,-0.0149137,0.0,0.0,0.0,0.0,6.50391,1.75614,0.0188,0.1476,IncreaseQuarterPeriod,extended
39.2832,382,1.48491,1.53281,-7.597,-0.0098537,-1.16354,0.0569916,0.0,0.0,0.0,0.0,5.625,-8.78047,0.0188,0.1476,IncreaseQuarterPeriod,extended
39.3832,383,0.986748,-0.555645,-7.63532,-0.01518,-2.12494,0.00479369,0.0,0.0,0.0,0.0,4.92188,-7.02618,0.0188,0.1476,IncreaseQuarterPeriod,extended
39.4833,384,-6.81144,-0.220342,-9.4747,0.0516653,-2.14438,-0.0599211,0.0,0.0,0.0,0.0,2.98828,-19.317,0.0188,0.1476,IncreaseQuarterPeriod,extended
39.5834,385,-7.63532,0.162861,-8.42089,0.0284958,0.851679,0.0399474,0.0,0.0,0.0,0.0,1.40625,-15.8052,0.0188,0.1476,IncreaseQuarterPeriod,extended
39.6835,386,-3.41051,-0.613125,-9.84832,0.00958738,1.26447,-0.0178432,0.0,0.0,0.0,0.0,-0.175781,-15.8055,0.0188,0.1476,IncreaseQuarterPeriod,extended
39.7836,387,-2.5483,0.0862207,-10.0782,-0.0167779,-0.0793622,0.0609864,0.0,0.0,0.0,0.0,-1.75781,-15.8056,0.0188,0.1476,IncreaseQuarterPeriod,extended
39.8837,388,-1.66693,-0.0958008,-9.16813,-0.00532632,-0.891094,0.0719054,0.0,0.0,0.0,0.0,-3.16406,-14.0494,0.0188,0.1476,IncreaseQuarterPeriod,extended
39.9838,389,-4.81878,0.124541,-9.18729,0.0213053,-0.364587,0.0162453,0.0,0.0,0.0,0.0,-4.74609,-15.805,0.0188,0.1476,IncreaseQuarterPeriod,extended
40.1132,390,-3.10395,-0.0574805,-8.94779,0.0316916,0.265251,-0.0066579,0.0,0.0,0.0,0.0,-6.15234,-10.8657,0.00674,0.13537,IncreaseQuarterPeriod,seated
40.2133,391,-5.36484,-0.220342,-8.47837,0.015979,-0.12144,0.0146474,0.0,0.0,0.0,0.0,-7.03125,-8.7813,0.00674,0.13537,IncreaseQuarterPeriod,seated
40.3133,392,-3.40093,-0.296982,-9.88664,-0.0189084,1.71827,0.01518,0.0,0.0,0.0,0.0,-7.55859,-5.27211,0.00674,0.13537,IncreaseQuarterPeriod,seated
40.4134,393,6.60067,-1.03465,-0.124541,-0.119576,5.15801,0.00585895,0.0,0.0,0.0,0.0,-7.03125,5.26901,0.00674,0.13537,IncreaseQuarterPeriod,seated
40.5135,394,2.31838,-1.70525,-8.12391,0.0436758,-0.0237021,0.200536,0.0,0.0,0.0,0.0,-5.97656,10.5362,0.00674,0.13537,IncreaseQuarterPeriod,seated
40.6136,395,2.17468,0.354463,-7.89398,0.1265,-1.9284,0.127033,0.0,0.0,0.0,0.0,-5.44922,5.26858,0.00674,0.13537,IncreaseQuarterPeriod,seated
40.7137,396,-3.19975,-0.814307,-10.2028,-0.183758,-2.35237,-0.321976,0.0,0.0,0.0,0.0,-4.74609,7.02483,0.00674,0.13537,IncreaseQuarterPeriod,seated
40.8138,397,-1.82021,0.306563,-10.0495,-0.0274306,-0.0737696,-0.147006,0.0,0.0,0.0,0.0,-3.33984,14.049,0.00674,0.13537,IncreaseQuarterPeriod,seated
40.9139,398,-1.27415,-0.632285,-10.0782,-0.0910801,1.68685,0.0367516,0.0,0.0,0.0,0.0,-1.58203,17.5613,0.00674,0.13537,IncreaseQuarterPeriod,seated
41.014,399,0.862207,-0.306563,-10.289,0.0015979,1.41467,0.120908,0.0,0.0,0.0,0.0,0.351562,19.3182,0.00674,0.13537,IncreaseQuarterPeriod,seated
41.1141,400,1.40827,-0.593965,-10.0303,0.0215716,0.412257,0.0649811,0.0,0.0,0.0,0.0,2.10938,17.5608,0.00674,0.13537,IncreaseQuarterPeriod,seated
41.2142,401,0.153281,-0.258662,-10.5572,-0.0655138,-0.386158,-0.0862864,0.0,0.0,0.0,0.0,3.51562,14.0491,0.00674,0.13537,IncreaseQuarterPeriod,seated
41.3143,402,-1.01549,-0.239502,-9.84832,-0.0119842,-0.445547,-0.01012,0.0,0.0,0.0,0.0,4.74609,12.2931,0.00674,0.13537,IncreaseQuarterPeriod,seated
41.4144,403,-1.18793,-0.182021,-9.96328,0.00719053,0.232228,0.071639,0.0,0.0,0.0,0.0,5.80078,10.5376,0.00674,0.13537,IncreaseQuarterPeriod,seated
41.5145,404,-0.574805,-0.411943,-9.69504,0.00426106,0.547546,0.0410127,0.0,0.0,0.0,0.0,6.50391,7.02489,0.00674,0.13537,IncreaseQuarterPeriod,seated
41.642,405,-0.0383203,-0.373623,-9.86748,0.010919,0.227168,0.00426106,0.0,0.0,0.0,0.0,6.50391,0.0,0.0188,0.1476,IncreaseQuarterPeriod,extended
41.7421,406,1.02507,-0.373623,-11.6877,0.0527306,0.687628,0.0474043,0.0,0.0,0.0,0.0,6.67969,1.75625,0.0188,0.1476,IncreaseQuarterPeriod,extended
41.8422,407,1.00591,-0.316143,-8.63165,-0.0692422,-1.24822,0.0322242,0.0,0.0,0.0,0.0,6.15234,-5.26854,0.0188,0.1476,IncreaseQuarterPeriod,extended
41.9423,408,0.517324,-0.0766406,-10.586,-0.0287621,-2.30097,0.0194411,0.0,0.0,0.0,0.0,4.92188,-12.2935,0.0188,0.1476,IncreaseQuarterPeriod,extended
42.0423,409,-8.18139,0.0287402,-8.27719,0.00559264,-2.08605,-0.0338221,0.0,0.0,0.0,0.0,2.98828,-19.318,0.0188,0.1476,IncreaseQuarterPeriod,extended
42.1424,410,-7.60658,-0.373623,-9.08191,0.0370179,0.7851,0.04048,0.0,0.0,0.0,0.0,1.40625,-15.806,0.0188,0.1476,IncreaseQuarterPeriod,extended
42.2425,411,-2.31838,-0.440684,-10.6818,0.000798948,1.02132,-0.00692422,0.0,0.0,0.0,0.0,-0.351562,-17.5603,0.0188,0.1476,IncreaseQuarterPeriod,extended
42.3426,412,-3.08479,-0.182021,-9.69504,-0.0141148,-0.347809,0.0697748,0.0,0.0,0.0,0.0,-1.75781,-14.0495,0.0188,0.1476,IncreaseQuarterPeriod,extended
42.4427,413,-3.11353,-0.153281,-9.41722,-0.015979,-1.01067,0.0428769,0.0,0.0,0.0,0.0,-3.51562,-17.5616,0.0188,0.1476,IncreaseQuarterPeriod,extended
42.5428,414,-4.02363,-0.105381,-8.98611,0.0183758,-0.283627,0.000532632,0.0,0.0,0.0,0.0,-4.92188,-14.0494,0.0188,0.1476,IncreaseQuarterPeriod,extended
42.6692,415,-2.49082,-0.0670606,-9.08191,0.03542,0.12943,0.0258327,0.0,0.0,0.0,0.0,-6.50391,-12.5143,0.00674,0.13537,IncreaseQuarterPeriod,seated
42.7693,416,-4.8092,0.0,-8.69871,0.0130495,-0.236489,0.0458064,0.0,0.0,0.0,0.0,-7.38281,-8.7816,0.00674,0.13537,IncreaseQuarterPeriod,seated
42.8694,417,-4.45474,-0.134121,-9.77168,0.00106526,1.47166,0.0191748,0.0,0.0,0.0,0.0,-7.91016,-5.26866,0.00674,0.13537,IncreaseQuarterPeriod,seated
42.9695,418,0.517324,0.114961,-9.2831,-0.0474043,4.82272,-0.0735032,0.0,0.0,0.0,0.0,-7.38281,5.26849,0.00674,0.13537,IncreaseQuarterPeriod,seated
43.0696,419,6.35159,-0.0574805,-12.4541,0.0194411,0.307062,0.178964,0.0,0.0,0.0,0.0,-6.15234,12.293,0.00674,0.13537,IncreaseQuarterPeriod,seated
43.1697,420,2.31838,0.517324,-12.7032,0.00532632,-2.01202,0.00266316,0.0,0.0,0.0,0.0,-5.44922,7.02457,0.00674,0.13537,IncreaseQuarterPeriod,seated
43.2698,421,-1.8777,0.402363,-10.5572,-0.239418,-2.0999,-0.170709,0.0,0.0,0.0,0.0,-4.21875,12.2958,0.00674,0.13537,IncreaseQuarterPeriod,seated
43.3698,422,-2.60578,0.938848,-10.7297,0.0492685,-0.0157127,-0.0969391,0.0,0.0,0.0,0.0,-3.33984,8.78271,0.00674,0.13537,IncreaseQuarterPeriod,seated
43.4699,423,-2.31838,-0.392783,-9.9537,-0.0620517,1.55715,0.0532632,0.0,0.0,0.0,0.0,-1.58203,17.5617,0.00674,0.13537,IncreaseQuarterPeriod,seated
43.57,424,1.63819,0.0766406,-9.2352,0.0386158,1.47566,0.105461,0.0,0.0,0.0,0.0,0.703125,22.8302,0.00674,0.13537,IncreaseQuarterPeriod,seated
43.6701,425,1.20709,-0.622705,-9.77168,0.0271642,0.576841,0.0423443,0.0,0.0,0.0,0.0,2.28516,15.8061,0.00674,0.13537,IncreaseQuarterPeriod,seated
43.7702,426,0.354463,-0.134121,-10.1645,-0.047138,-0.256729,-0.0777643,0.0,0.0,0.0,0.0,3.86719,15.8055,0.00674,0.13537,IncreaseQuarterPeriod,seated
43.8703,427,-0.651445,-0.306563,-9.84832,-0.0258327,-0.455667,0.00745685,0.0,0.0,0.0,0.0,5.09766,12.294,0.00674,0.13537,IncreaseQuarterPeriod,seated
43.9703,428,-1.71483,-0.335303,-9.67588,0.00133158,0.158724,0.0636496,0.0,0.0,0.0,0.0,6.15234,10.5418,0.00674,0.13537,IncreaseQuarterPeriod,seated
44.0704,429,-0.689766,-0.325723,-9.84832,-0.000266316,0.54435,0.0319579,0.0,0.0,0.0,0.0,6.67969,5.26908,0.00674,0.13537,IncreaseQuarterPeriod,seated
44.195,430,-0.182021,-0.296982,-9.64714,-0.00292948,0.213852,0.0178432,0.0,0.0,0.0,0.0,6.85547,1.41136,0.0188,0.1476,IncreaseQuarterPeriod,extended
44.2951,431,0.814307,-0.488584,-11.6015,0.0652474,0.737696,0.0508664,0.0,0.0,0.0,0.0,7.03125,1.75614,0.0188,0.1476,IncreaseQuarterPeriod,extended
44.3952,432,0.804727,0.229922,-8.62207,-0.0599211,-1.40402,0.0141148,0.0,0.0,0.0,0.0,6.32812,-7.02442,0.0188,0.1476,IncreaseQuarterPeriod,extended
44.4953,433,1.06339,-1.43701,-9.53218,-0.0298274,-2.4549,-0.00878843,0.0,0.0,0.0,0.0,5.09766,-12.2938,0.0188,0.1476,IncreaseQuarterPeriod,extended
44.5954,434,-8.47837,-0.938848,-10.1932,0.0173105,-1.82373,-0.0295611,0.0,0.0,0.0,0.0,3.16406,-19.3156,0.0188,0.1476,IncreaseQuarterPeriod,extended
44.6954,435,-7.1659,-0.220342,-8.35383,0.00559264,0.446612,0.036219,0.0,0.0,0.0,0.0,1.40625,-17.5621,0.0188,0.1476,IncreaseQuarterPeriod,extended
44.7955,436,-2.57704,-0.977168,-10.3848,-0.0306264,1.05674,0.00745685,0.0,0.0,0.0,0.0,-0.175781,-15.805,0.0188,0.1476,IncreaseQuarterPeriod,extended
44.8956,437,-2.56746,-0.114961,-10.2507,-0.0255663,-0.40986,0.0516653,0.0,0.0,0.0,0.0,-1.93359,-17.5615,0.0188,0.1476,IncreaseQuarterPeriod,extended
44.9957,438,-1.8777,-0.134121,-9.31184,-0.00239685,-1.03783,0.0135821,0.0,0.0,0.0,0.0,-3.51562,-15.8055,0.0188,0.1476,IncreaseQuarterPeriod,extended
45.0958,439,-4.6176,-0.124541,-9.07233,0.0279632,-0.380033,-0.00559264,0.0,0.0,0.0,0.0,-5.27344,-17.5623,0.0188,0.1476,IncreaseQuarterPeriod,extended
45.225,440,-3.04646,0.105381,-8.89989,-0.00878843,-0.0647148,-0.0239685,0.0,0.0,0.0,0.0,-7.03125,-13.607,0.00674,0.13537,IncreaseQuarterPeriod,seated
45.3251,441,-6.53361,-0.105381,-8.83283,0.0242348,-0.20533,0.026099,0.0,0.0,0.0,0.0,-7.73438,-7.02618,0.00674,0.13537,IncreaseQuarterPeriod,seated
45.4252,442,-3.80329,-0.593965,-9.67588,-0.056459,1.73958,0.0356864,0.0,0.0,0.0,0.0,-8.26172,-5.26837,0.00674,0.13537,IncreaseQuarterPeriod,seated
45.5253,443,0.0287402,-0.431104,-11.7835,-0.01012,4.96653,-0.0604538,0.0,0.0,0.0,0.0,-7.38281,8.78084,0.00674,0.13537,IncreaseQuarterPeriod,seated
45.6253,444,3.15185,-1.19751,-9.16813,0.0910801,0.297475,0.173372,0.0,0.0,0.0,0.0,-6.32812,10.5394,0.00674,0.13537,IncreaseQuarterPeriod,seated
45.7254,445,2.65368,-0.402363,-5.27862,0.147006,-1.40215,0.134756,0.0,0.0,0.0,0.0,-5.97656,3.51271,0.00674,0.13537,IncreaseQuarterPeriod,seated
45.8255,446,1.86812,-0.201182,-9.12023,-0.00452737,-1.92227,-0.151268,0.0,0.0,0.0,0.0,-4.92188,10.5376,0.00674,0.13537,IncreaseQuarterPeriod,seated
45.9256,447,-2.0214,0.0958008,-10.3561,0.0599211,-0.158458,-0.134223,0.0,0.0,0.0,0.0,-3.16406,17.5623,0.00674,0.13537,IncreaseQuarterPeriod,seated
46.0257,448,-3.46799,0.210762,-9.84832,-0.0141148,1.28151,0.0503337,0.0,0.0,0.0,0.0,-1.58203,15.8073,0.00674,0.13537,IncreaseQuarterPeriod,seated
46.1258,449,1.08255,-0.277822,-8.68913,0.0671117,1.47033,0.201069,0.0,0.0,0.0,0.0,0.527344,21.0748,0.00674,0.13537,IncreaseQuarterPeriod,seated
46.2259,450,-0.0574805,-0.210762,-10.3273,0.0439422,0.733435,0.112652,0.0,0.0,0.0,0.0,2.46094,19.3174,0.00674,0.13537,IncreaseQuarterPeriod,seated
46.326,451,1.26457,-0.249082,-10.6243,-0.0194411,-0.130495,-0.0543285,0.0,0.0,0.0,0.0,4.04297,15.8057,0.00674,0.13537,IncreaseQuarterPeriod,seated
46.4261,452,-0.766406,-0.373623,-10.2411,-0.0314253,-0.388023,-0.04048,0.0,0.0,0.0,0.0,5.27344,12.2938,0.00674,0.13537,IncreaseQuarterPeriod,seated
46.5261,453,-1.29331,-0.421523,-10.1166,-0.0125169,0.0500674,0.0660464,0.0,0.0,0.0,0.0,6.32812,10.5372,0.00674,0.13537,IncreaseQuarterPeriod,seated
46.6262,454,-0.977168,-0.392783,-9.84832,-0.00932106,0.444482,0.0487358,0.0,0.0,0.0,0.0,7.03125,7.02476,0.00674,0.13537,IncreaseQuarterPeriod,seated
46.7569,455,-0.220342,-0.335303,-9.84832,0.00426106,0.240483,-0.00772317,0.0,0.0,0.0,0.0,7.03125,0.0,0.0188,0.1476,IncreaseQuarterPeriod,extended
46.857,456,0.0958008,-0.0862207,-10.5668,0.0676443,0.717988,0.0490022,0.0,0.0,0.0,0.0,7.20703,1.75615,0.0188,0.1476,IncreaseQuarterPeriod,extended
46.9571,457,0.929268,-0.296982,-9.4747,-0.056459,-1.18857,0.0396811,0.0,0.0,0.0,0.0,6.50391,-7.02472,0.0188,0.1476,IncreaseQuarterPeriod,extended
47.0571,458,-1.26457,-0.105381,-9.97286,-0.0138484,-2.24078,0.0532632,0.0,0.0,0.0,0.0,5.27344,-12.2935,0.0188,0.1476,IncreaseQuarterPeriod,extended
47.1572,459,-9.12982,-0.392783,-9.08191,0.0234358,-2.4304,-0.0175769,0.0,0.0,0.0,0.0,3.16406,-21.0737,0.0188,0.1476,IncreaseQuarterPeriod,extended
47.2573,460,-7.12758,-0.469424,-8.97653,0.0292948,0.58989,0.0319579,0.0,0.0,0.0,0.0,1.40625,-17.5609,0.0188,0.1476,IncreaseQuarterPeriod,extended
47.3574,461,-1.9256,-0.632285,-10.4806,-0.0191748,1.06127,0.00772317,0.0,0.0,0.0,0.0,-0.351562,-17.5619,0.0188,0.1476,IncreaseQuarterPeriod,extended
47.4575,462,-3.98531,-0.0383203,-10.0399,-0.0218379,-0.274039,0.0689759,0.0,0.0,0.0,0.0,-2.10938,-17.5615,0.0188,0.1476,IncreaseQuarterPeriod,extended
47.5576,463,-1.69567,-0.0862207,-8.63165,-0.00452737,-0.998685,0.0753675,0.0,0.0,0.0,0.0,-3.86719,-17.5619,0.0188,0.1476,IncreaseQuarterPeriod,extended
47.6577,464,-4.98164,-0.383203,-9.41722,0.0173105,-0.381897,0.00932106,0.0,0.0,0.0,0.0,-5.44922,-15.8059,0.0188,0.1476,IncreaseQuarterPeriod,extended
47.7805,465,-2.80696,-0.306563,-8.92863,0.0271642,0.153398,0.0127832,0.0,0.0,0.0,0.0,-6.85547,-11.4518,0.00674,0.13537,IncreaseQuarterPeriod,seated
47.8806,466,-5.58519,0.268242,-8.89989,0.0263653,-0.311057,0.015979,0.0,0.0,0.0,0.0,-8.08594,-12.2935,0.00674,0.13537,IncreaseQuarterPeriod,seated
47.9807,467,-3.92783,0.0191602,-9.46512,-0.0426106,1.49217,0.0460727,0.0,0.0,0.0,0.0,-8.4375,-3.51223,0.00674,0.13537,IncreaseQuarterPeriod,seated
48.0808,468,6.61025,0.479004,-11.1225,-0.0921454,5.02885,-0.136354,0.0,0.0,0.0,0.0,-7.73438,7.02486,0.00674,0.13537,IncreaseQuarterPeriod,seated
48.1809,469,4.2823,-1.20709,-10.1836,0.133957,0.528637,0.179497,0.0,0.0,0.0,0.0,-6.67969,10.5366,0.00674,0.13537,IncreaseQuarterPeriod,seated
48.281,470,1.73399,0.364043,-7.05094,0.170975,-1.35502,0.138484,0.0,0.0,0.0,0.0,-5.97656,7.02462,0.00674,0.13537,IncreaseQuarterPeriod,seated
48.3811,471,1.67651,0.239502,-11.3428,0.015979,-2.00669,-0.265517,0.0,0.0,0.0,0.0,-4.92188,10.5363,0.00674,0.13537,IncreaseQuarterPeriod,seated
48.4812,472,-2.73032,-1.05381,-8.47837,0.112385,-0.468184,-0.127832,0.0,0.0,0.0,0.0,-3.51562,14.05,0.00674,0.13537,IncreaseQuarterPeriod,seated
48.5813,473,-2.24174,0.469424,-8.50711,0.00958738,1.27539,0.0511327,0.0,0.0,0.0,0.0,-1.58203,19.3185,0.00674,0.13537,IncreaseQuarterPeriod,seated
48.6813,474,0.0191602,0.182021,-9.12982,0.0516653,1.48418,0.114516,0.0,0.0,0.0,0.0,0.703125,22.8303,0.00674,0.13537,IncreaseQuarterPeriod,seated
48.7814,475,0.632285,-0.0958008,-10.3177,0.0527306,0.763528,0.0817591,0.0,0.0,0.0,0.0,2.63672,19.3185,0.00674,0.13537,IncreaseQuarterPeriod,seated
48.8815,476,0.507744,-0.344883,-10.2411,-0.0149137,-0.234358,-0.101999,0.0,0.0,0.0,0.0,4.39453,17.5628,0.00674,0.13537,IncreaseQuarterPeriod,seated
48.9816,477,-0.651445,-0.325723,-10.0495,-0.0141148,-0.395213,-0.0306264,0.0,0.0,0.0,0.0,5.625,12.2945,0.00674,0.13537,IncreaseQuarterPeriod,seated
49.0817,478,-1.38911,-0.344883,-10.0112,-0.0178432,0.0426106,0.0708401,0.0,0.0,0.0,0.0,6.67969,10.5382,0.00674,0.13537,IncreaseQuarterPeriod,seated
49.1818,479,-0.823887,-0.373623,-9.84832,-0.00639159,0.460194,0.0420779,0.0,0.0,0.0,0.0,7.20703,5.26868,0.00674,0.13537,IncreaseQuarterPeriod,seated
49.311,480,-0.268242,-0.479004,-9.93454,0.0114516,0.226901,0.00426106,0.0,0.0,0.0,0.0,7.20703,0.0,0.0188,0.1476,IncreaseQuarterPeriod,extended
49.4111,481,-0.268242,-0.268242,-9.93454,0.0948085,0.499076,0.0761664,0.0,0.0,0.0,0.0,7.38281,1.75615,0.0188,0.1476,IncreaseQuarterPeriod,extended
49.5112,482,0.411943,-0.632285,-8.67955,0.0237021,-1.32759,0.0998685,0.0,0.0,0.0,0.0,6.67969,-7.02481,0.0188,0.1476,IncreaseQuarterPeriod,extended
49.6113,483,-0.134121,-1.51365,-7.4054,-0.290551,-2.59605,-0.277768,0.0,0.0,0.0,0.0,5.27344,-14.0494,0.0188,0.1476,IncreaseQuarterPeriod,extended
49.7113,484,-7.87482,-0.977168,-10.1261,-0.00878843,-1.76834,-0.107858,0.0,0.0,0.0,0.0,3.16406,-21.0822,0.0188,0.1476,IncreaseQuarterPeriod,extended
49.8114,485,-7.22338,-0.0479004,-8.81367,0.0237021,0.890028,0.0324906,0.0,0.0,0.0,0.0,1.40625,-17.5621,0.0188,0.1476,IncreaseQuarterPeriod,extended
49.9115,486,-2.27048,-0.0574805,-8.86157,-0.0154463,0.948618,0.0506001,0.0,0.0,0.0,0.0,-0.351562,-17.5611,0.0188,0.1476,IncreaseQuarterPeriod,extended
50.0116,487,-3.07521,-0.220342,-9.2831,-0.0380832,-0.393882,0.0782969,0.0,0.0,0.0,0.0,-2.28516,-19.318,0.0188,0.1476,IncreaseQuarterPeriod,extended
50.1117,488,-3.40093,-0.124541,-9.17772,-0.00292948,-1.13211,0.00506001,0.0,0.0,0.0,0.0,-4.04297,-17.5615,0.0188,0.1476,IncreaseQuarterPeriod,extended
50.2118,489,-3.87035,0.0,-8.85199,0.0396811,-0.293747,-0.0194411,0.0,0.0,0.0,0.0,-5.625,-15.8066,0.0188,0.1476,IncreaseQuarterPeriod,extended
50.3539,490,-2.61536,-0.0574805,-8.81367,-0.0117179,-0.0503337,0.0276969,0.0,0.0,0.0,0.0,-7.38281,-12.3726,0.00674,0.13537,IncreaseQuarterPeriod,seated
50.454,491,-6.43781,0.134121,-9.2352,0.00106526,-0.02024,0.0753675,0.0,0.0,0.0,0.0,-8.4375,-10.5369,0.00674,0.13537,IncreaseQuarterPeriod,seated
50.5541,492,-4.59844,-0.373623,-9.09149,-0.0154463,2.17687,0.00932106,0.0,0.0,0.0,0.0,-8.78906,-3.51235,0.00674,0.13537,IncreaseQuarterPeriod,seated
50.6542,493,6.99346,-0.277822,-12.981,0.0117179,4.52231,0.0804275,0.0,0.0,0.0,0.0,-7.73438,10.5374,0.00674,0.13537,IncreaseQuarterPeriod,seated
50.7542,494,5.68099,-1.14003,-10.6818,0.0671117,-0.200003,0.229564,0.0,0.0,0.0,0.0,-6.67969,10.5371,0.00674,0.13537,IncreaseQuarterPeriod,seated
50.8543,495,1.85854,0.105381,-11.1991,0.0849548,-1.62027,0.13449,0.0,0.0,0.0,0.0,-5.80078,8.78017,0.00674,0.13537,IncreaseQuarterPeriod,seated
50.9544,496,-0.584385,0.325723,-12.0422,-0.0181095,-2.06448,-0.280964,0.0,0.0,0.0,0.0,-4.92188,8.78179,0.00674,0.13537,IncreaseQuarterPeriod,seated
51.0545,497,-2.03098,0.124541,-11.7548,0.140881,-0.142213,-0.13662,0.0,0.0,0.0,0.0,-3.16406,17.5619,0.00674,0.13537,IncreaseQuarterPeriod,seated
51.1546,498,-1.98308,-0.785566,-10.8063,0.0250337,1.55262,0.0793622,0.0,0.0,0.0,0.0,-1.23047,19.319,0.00674,0.13537,IncreaseQuarterPeriod,seated
51.2547,499,0.210762,0.0766406,-9.18729,0.082558,1.49643,0.117445,0.0,0.0,0.0,0.0,1.05469,22.8291,0.00674,0.13537,IncreaseQuarterPeriod,seated
51.3548,500,0.699346,-0.0191602,-10.6722,0.0213053,0.603472,0.0474043,0.0,0.0,0.0,0.0,3.16406,21.0736,0.00674,0.13537,IncreaseQuarterPeriod,seated
