1.50204e-05,0,-1.08255,-0.373623,-9.7621,-0.00346211,0.0335558,0.0263653,0.0,0.0,0.0,0.0,0.351562,0.0,0.00674,0.13537,None,seated
0.100109,1,-1.04423,-0.402363,-9.78126,-0.00532632,0.0343548,0.0229032,0.0,0.0,0.0,0.0,0.351562,0.0,0.00674,0.13537,Nothing,seated
0.200204,2,-1.07297,-0.383203,-9.84832,-0.00319579,0.0295611,0.0234358,0.0,0.0,0.0,0.0,0.351562,0.0,0.00674,0.13537,Nothing,seated
0.300289,3,-1.04423,-0.392783,-9.78126,-0.00559264,0.0314253,0.0237021,0.0,0.0,0.0,0.0,0.351562,0.0,0.00674,0.13537,Nothing,seated
0.400385,4,-1.05381,-0.383203,-9.77168,-0.00292948,0.0343548,0.0245011,0.0,0.0,0.0,0.0,0.351562,0.0,0.00674,0.13537,Nothing,seated
0.500478,5,-1.07297,-0.383203,-9.78126,-0.00585895,0.0298274,0.0266316,0.0,0.0,0.0,0.0,0.351562,0.0,0.00674,0.13537,Nothing,seated
0.600571,6,-1.07297,-0.373623,-9.77168,-0.00426106,0.0316916,0.0245011,0.0,0.0,0.0,0.0,0.351562,0.0,0.00674,0.13537,Nothing,seated
0.700666,7,-1.02507,-0.402363,-9.84832,-0.00585895,0.0332895,0.0255663,0.0,0.0,0.0,0.0,0.351562,0.0,0.00674,0.13537,Nothing,seated
0.800758,8,-1.05381,-0.421523,-9.75252,-0.00639159,0.0327569,0.0234358,0.0,0.0,0.0,0.0,0.351562,0.0,0.00674,0.13537,Nothing,seated
0.900852,9,-1.01549,-0.392783,-9.74294,-0.00852212,0.0364853,0.0239685,0.0,0.0,0.0,0.0,0.351562,0.0,0.00674,0.13537,Nothing,seated
1.00091,10,-1.06339,-0.431104,-9.84832,-0.00372843,0.0356864,0.0231695,0.0,0.0,0.0,0.0,0.351562,0.0,0.00674,0.13537,Nothing,seated
1.101,11,-1.04423,-0.402363,-9.80042,-0.00905475,0.0340885,0.0295611,0.0,0.0,0.0,0.0,0.351562,0.0,0.00674,0.13537,Nothing,seated
1.2011,12,-1.06339,-0.411943,-9.84832,-0.00479369,0.0316916,0.0266316,0.0,0.0,0.0,0.0,0.351562,0.0,0.00674,0.13537,Nothing,seated
1.3012,13,-1.04423,-0.431104,-9.7621,-0.00452737,0.0359527,0.02024,0.0,0.0,0.0,0.0,0.351562,0.0,0.00674,0.13537,Nothing,seated
1.40129,14,-1.04423,-0.421523,-9.80042,-0.00372843,0.03542,0.0234358,0.0,0.0,0.0,0.0,0.351562,0.0,0.00674,0.13537,Nothing,seated
1.50138,15,-1.05381,-0.383203,-9.74294,-0.00772317,0.0370179,0.0229032,0.0,0.0,0.0,0.0,0.351562,0.0,0.00674,0.13537,Nothing,seated
1.60147,16,-1.04423,-0.402363,-9.72378,-0.00479369,0.0322242,0.0250337,0.0,0.0,0.0,0.0,0.351562,0.0,0.00674,0.13537,Nothing,seated
1.70154,17,-1.04423,-0.364043,-9.59924,-0.00452737,0.0503337,0.0263653,0.0,0.0,0.0,0.0,0.351562,0.0,0.00674,0.13537,Nothing,seated
1.80161,18,-0.785566,-0.459844,-9.84832,-0.00639159,0.0556601,0.0167779,0.0,0.0,0.0,0.0,0.351562,0.0,0.00674,0.13537,Nothing,seated
1.90169,19,-0.00958008,-0.383203,-10.0303,-0.0066579,0.0878843,0.00213053,0.0,0.0,0.0,0.0,0.703125,3.51299,0.00674,0.13537,Nothing,seated
2.00176,20,0.411943,-0.335303,-10.0112,-0.00772317,0.173372,0.00133158,0.0,0.0,0.0,0.0,1.40625,7.02611,0.00674,0.13537,Nothing,seated
2.10186,21,0.785566,-0.344883,-10.1357,-0.00639159,0.264452,0.0593885,0.0,0.0,0.0,0.0,2.63672,12.293,0.00674,0.13537,Nothing,seated
2.20196,22,0.862207,-0.364043,-10.2698,0.0015979,0.328101,0.021039,0.0,0.0,0.0,0.0,4.39453,17.5601,0.00674,0.13537,Nothing,seated
2.30206,23,0.986748,-0.402363,-10.3944,0.00932106,0.42291,-0.0245011,0.0,0.0,0.0,0.0,6.50391,21.0731,0.00674,0.13537,Nothing,seated
2.40215,24,1.03465,-0.411943,-10.3848,0.00905475,0.487358,0.0346211,0.0,0.0,0.0,0.0,9.31641,28.0986,0.00674,0.13537,Nothing,seated
2.50224,25,0.584385,-0.411943,-10.2603,0.00292948,0.520115,0.077498,0.0,0.0,0.0,0.0,11.9531,26.3437,0.00674,0.13537,Nothing,seated
2.60234,26,0.402363,-0.479004,-10.0303,0.00772317,0.499076,0.00106526,0.0,0.0,0.0,0.0,14.5898,26.3425,0.00674,0.13537,Nothing,seated
2.70243,27,0.220342,-0.383203,-9.7142,0.0205063,0.448476,-0.0292948,0.0,0.0,0.0,0.0,16.6992,21.0745,0.00674,0.13537,Nothing,seated
2.80252,28,-0.364043,-0.277822,-9.51302,0.00239685,0.327036,0.0375506,0.0,0.0,0.0,0.0,18.2812,15.8061,0.00674,0.13537,Nothing,seated
2.90261,29,-0.661025,-0.220342,-9.2831,-0.00852212,0.137685,0.0633832,0.0,0.0,0.0,0.0,18.9844,7.02478,0.00674,0.13537,Nothing,seated
3.00269,30,-0.977168,-0.249082,-9.24478,-0.00452737,-0.01518,0.0298274,0.0,0.0,0.0,0.0,18.6328,-3.51264,0.00674,0.13537,Nothing,seated
3.10279,31,-0.938848,-0.316143,-9.40764,-0.0135821,-0.239951,0.0170442,0.0,0.0,0.0,0.0,17.0508,-15.8053,0.00674,0.13537,Nothing,seated
3.20288,32,-0.919688,-0.498164,-9.64714,-0.0221042,-0.380566,0.0418116,0.0,0.0,0.0,0.0,14.5898,-24.5875,0.00674,0.13537,Nothing,seated
3.30297,33,-1.05381,-0.593965,-9.96328,-0.0316916,-0.527572,0.0316916,0.0,0.0,0.0,0.0,11.25,-33.3674,0.00674,0.13537,Nothing,seated
3.40306,34,-1.14003,-0.632285,-10.3369,-0.0287621,-0.647148,0.0234358,0.0,0.0,0.0,0.0,7.20703,-40.3933,0.00674,0.13537,Nothing,seated
3.50315,35,-1.18793,-0.479004,-10.653,-0.0332895,-0.733168,0.0391485,0.0,0.0,0.0,0.0,2.8125,-43.9063,0.00674,0.13537,Nothing,seated
3.60325,36,-1.18793,-0.364043,-10.8063,-0.0399474,-0.768588,0.0503337,0.0,0.0,0.0,0.0,-1.58203,-43.9022,0.00674,0.13537,Nothing,seated
3.70334,37,-1.22625,-0.287402,-10.7297,-0.0322242,-0.760599,0.0266316,0.0,0.0,0.0,0.0,-5.97656,-43.9041,0.00674,0.13537,Nothing,seated
3.80344,38,-1.20709,-0.201182,-10.5285,-0.0255663,-0.700411,0.0141148,0.0,0.0,0.0,0.0,-10.0195,-40.3909,0.00674,0.13537,Nothing,seated
3.90353,39,-1.13045,-0.239502,-10.1645,-0.0173105,-0.591754,0.0258327,0.0,0.0,0.0,0.0,-13.3594,-33.3687,0.00674,0.13537,Nothing,seated
4.00362,40,-1.08255,-0.316143,-9.91538,-0.0149137,-0.452737,0.0292948,0.0,0.0,0.0,0.0,-15.9961,-26.3424,0.00674,0.13537,Nothing,seated
4.10371,41,-1.06339,-0.479004,-9.5705,-0.0117179,-0.280431,0.0223706,0.0,0.0,0.0,0.0,-17.5781,-15.8064,0.00674,0.13537,Nothing,seated
4.2038,42,-1.00591,-0.565225,-9.38848,-0.00852212,-0.0942759,0.0149137,0.0,0.0,0.0,0.0,-18.1055,-5.26859,0.00674,0.13537,Nothing,seated
4.3039,43,-1.02507,-0.613125,-9.35974,-0.00692422,0.0966728,0.0308927,0.0,0.0,0.0,0.0,-17.5781,5.26823,0.00674,0.13537,Nothing,seated
4.40399,44,-1.07297,-0.546064,-9.54176,0.00213053,0.288154,0.0324906,0.0,0.0,0.0,0.0,-16.1719,14.05,0.00674,0.13537,Nothing,seated
4.50408,45,-1.14961,-0.402363,-9.77168,0.00585895,0.459662,0.0181095,0.0,0.0,0.0,0.0,-13.7109,24.5867,0.00674,0.13537,Nothing,seated
4.60417,46,-1.20709,-0.306563,-10.174,0.00639159,0.604005,0.0237021,0.0,0.0,0.0,0.0,-10.1953,35.1242,0.00674,0.13537,Nothing,seated
4.70426,47,-1.18793,-0.249082,-10.4614,0.0125169,0.722249,0.0292948,0.0,0.0,0.0,0.0,-6.32812,38.6374,0.00674,0.13537,Nothing,seated
4.80435,48,-1.22625,-0.249082,-10.7009,0.0119842,0.792557,0.0245011,0.0,0.0,0.0,0.0,-1.93359,43.9044,0.00674,0.13537,Nothing,seated
4.90445,49,-1.23583,-0.316143,-10.7967,0.0154463,0.82265,0.00292948,0.0,0.0,0.0,0.0,2.46094,43.9047,0.00674,0.13537,Nothing,seated
5.00455,50,-1.20709,-0.392783,-10.6243,0.0197074,0.813596,0.00559264,0.0,0.0,0.0,0.0,6.85547,43.9019,0.00674,0.13537,Nothing,seated
5.10464,51,-1.16877,-0.517324,-10.4231,0.0175769,0.747816,0.0221042,0.0,0.0,0.0,0.0,10.7227,38.6337,0.00674,0.13537,Nothing,seated
5.21849,52,-1.11129,-0.546064,-10.0495,0.0111853,0.613859,0.0135821,0.0,0.0,0.0,0.0,14.4141,32.4251,0.0188,0.1476,MaintainConstant,extended
5.34651,53,2.89318,-0.0479004,-8.82325,0.147805,-0.818656,-0.0468716,0.0,0.0,0.0,0.0,17.5781,24.7147,0.0188,0.1476,MaintainConstant,extended
5.46313,54,-8.69871,-0.124541,-7.3096,0.102265,-2.53773,0.132093,0.0,0.0,0.0,0.0,18.8086,10.5515,0.0188,0.1476,MaintainConstant,extended
5.59187,55,-6.03545,-0.459844,-7.73112,-0.0205063,-0.664725,0.0921454,0.0,0.0,0.0,0.0,14.2383,-35.499,0.0188,0.1476,MaintainConstant,extended
5.9085,56,-4.30146,-0.201182,-7.72154,-0.0194411,-0.389887,0.0133158,0.0,0.0,0.0,0.0,10.5469,-11.6586,0.0188,0.1476,MaintainConstant,extended
6.0215,57,-6.00671,-0.239502,-8.34425,0.00532632,-0.68896,-0.0130495,0.0,0.0,0.0,0.0,5.80078,-41.9981,0.0188,0.1476,MaintainConstant,extended
6.1216,58,-5.56603,-0.114961,-8.74661,-0.0167779,-0.735831,0.0274306,0.0,0.0,0.0,0.0,1.40625,-43.9024,0.0188,0.1476,MaintainConstant,extended
6.2217,59,-6.09293,-0.296982,-8.92863,-0.0479369,-0.719586,0.0428769,0.0,0.0,0.0,0.0,-2.98828,-43.9006,0.0188,0.1476,MaintainConstant,extended
6.3218,60,-6.13125,-0.172441,-8.92863,-0.0245011,-0.741424,0.00958738,0.0,0.0,0.0,0.0,-7.20703,-42.1457,0.0188,0.1476,MaintainConstant,extended
6.43563,61,-5.59477,-0.124541,-8.54543,-0.00319579,-0.654339,-0.0098537,0.0,0.0,0.0,0.0,-11.6016,-38.6088,0.00674,0.13537,MaintainConstant,seated
6.55537,62,-9.58966,-0.603545,-8.36341,0.097738,0.19015,-0.0420779,0.0,0.0,0.0,0.0,-15.293,-30.8275,0.00674,0.13537,MaintainConstant,seated
6.67436,63,-1.8298,-0.296982,-9.12982,-0.0402137,3.08101,-0.200003,0.0,0.0,0.0,0.0,-17.5781,-19.2042,0.00674,0.13537,MaintainConstant,seated
6.79221,64,-1.55197,0.0,-10.9213,0.0402137,-0.0335558,0.196275,0.0,0.0,0.0,0.0,-17.9297,-2.98324,0.00674,0.13537,MaintainConstant,seated
6.90637,65,-2.96024,-0.373623,-9.39806,0.0125169,-0.111853,0.0692422,0.0,0.0,0.0,0.0,-17.0508,7.69901,0.00674,0.13537,MaintainConstant,seated
7.019,66,-0.306563,-0.498164,-10.0495,-0.00292948,0.424242,-0.109722,0.0,0.0,0.0,0.0,-15.1172,17.1671,0.00674,0.13537,MaintainConstant,seated
7.1362,67,-1.50407,-0.201182,-10.1261,0.00106526,0.551274,0.0245011,0.0,0.0,0.0,0.0,-11.7773,28.4974,0.00674,0.13537,MaintainConstant,seated
7.251,68,-1.20709,-0.431104,-10.5093,-0.0111853,0.69402,0.108391,0.0,0.0,0.0,0.0,-7.38281,38.2802,0.00674,0.13537,MaintainConstant,seated
7.38112,69,-1.22625,-0.383203,-10.5477,0.0199737,0.784035,-0.0340885,0.0,0.0,0.0,0.0,-1.75781,43.228,0.00674,0.13537,MaintainConstant,seated
7.48122,70,-1.11129,-0.344883,-10.6243,0.0399474,0.832238,-0.0439422,0.0,0.0,0.0,0.0,2.46094,42.1479,0.00674,0.13537,MaintainConstant,seated
7.58131,71,-1.19751,-0.287402,-10.5189,0.0181095,0.829841,0.0649811,0.0,0.0,0.0,0.0,7.03125,45.6593,0.00674,0.13537,MaintainConstant,seated
7.71887,72,-0.699346,-0.153281,-11.8506,0.00213053,0.711863,0.0495348,0.0,0.0,0.0,0.0,12.1289,37.0586,0.0188,0.1476,MaintainConstant,extended
7.85162,73,1.68609,-0.670605,-7.42456,0.0942759,-1.46048,0.00905475,0.0,0.0,0.0,0.0,16.3477,31.7793,0.0188,0.1476,MaintainConstant,extended
7.96662,74,-8.71787,0.622705,-7.8844,0.113717,-1.77127,0.0545948,0.0,0.0,0.0,0.0,18.2812,16.8144,0.0188,0.1476,MaintainConstant,extended
8.07912,75,-9.32142,0.316143,-8.09517,0.04048,-0.580569,0.0561927,0.0,0.0,0.0,0.0,18.8086,4.68746,0.0188,0.1476,MaintainConstant,extended
8.19547,76,-1.44659,-0.622705,-7.5491,-0.0250337,0.53716,0.0316916,0.0,0.0,0.0,0.0,17.7539,-9.06477,0.0188,0.1476,MaintainConstant,extended
8.34821,77,-7.31918,-0.479004,-8.12391,-0.0266316,-0.185356,0.0548611,0.0,0.0,0.0,0.0,14.7656,-19.5636,0.0188,0.1476,MaintainConstant,extended
8.4655,78,-5.53729,-0.373623,-8.36341,0.02024,-0.633832,0.0111853,0.0,0.0,0.0,0.0,11.0742,-31.4746,0.0188,0.1476,MaintainConstant,extended
8.57786,79,-5.64267,-0.0670606,-8.84241,-0.00319579,-0.578971,0.00239685,0.0,0.0,0.0,0.0,6.50391,-40.6728,0.0188,0.1476,MaintainConstant,extended
8.67791,80,-6.38991,-0.0479004,-8.95737,-0.0492685,-0.776045,0.0250337,0.0,0.0,0.0,0.0,2.28516,-42.1679,0.0188,0.1476,MaintainConstant,extended
8.77801,81,-5.72889,-0.258662,-8.89989,-0.0300937,-0.790959,0.0181095,0.0,0.0,0.0,0.0,-2.98828,-52.6842,0.0188,0.1476,MaintainConstant,extended
8.87808,82,-5.64267,-0.172441,-8.46879,0.000798948,-0.678307,0.0133158,0.0,0.0,0.0,0.0,-6.32812,-33.3732,0.0188,0.1476,MaintainConstant,extended
8.97818,83,-5.90133,-0.201182,-8.69871,0.00878843,-0.645284,0.00106526,0.0,0.0,0.0,0.0,-10.3711,-40.3902,0.0188,0.1476,MaintainConstant,extended
9.09149,84,-5.54687,-0.182021,-8.28677,-0.00772317,-0.502006,0.0170442,0.0,0.0,0.0,0.0,-13.8867,-31.0258,0.00674,0.13537,MaintainConstant,seated
9.22174,85,-9.35016,0.306563,-8.25803,0.1265,0.651942,-0.0982706,0.0,0.0,0.0,0.0,-16.875,-22.9428,0.00674,0.13537,MaintainConstant,seated
9.33476,86,-2.01182,-1.32205,-11.2279,-0.202933,2.92468,-0.211455,0.0,0.0,0.0,0.0,-17.9297,-9.33183,0.00674,0.13537,MaintainConstant,seated
9.50122,87,0.890947,0.0958008,-9.75252,0.0271642,0.952879,0.189351,0.0,0.0,0.0,0.0,-16.6992,7.39209,0.00674,0.13537,MaintainConstant,seated
9.80639,88,-1.36037,-0.316143,-10.5285,-0.00692422,0.674312,0.0833569,0.0,0.0,0.0,0.0,-6.67969,32.8329,0.00674,0.13537,MaintainConstant,seated
9.90646,89,-1.20709,-0.526904,-10.8542,-0.00692422,0.800813,0.0537959,0.0,0.0,0.0,0.0,-1.58203,50.9399,0.00674,0.13537,MaintainConstant,seated
10.0065,90,-1.19751,-0.517324,-10.5764,0.0189084,0.833303,-0.0346211,0.0,0.0,0.0,0.0,0.703125,22.8358,0.00674,0.13537,MaintainConstant,seated
10.1066,91,-1.26457,-0.402363,-10.7488,0.0356864,0.837564,-0.0577906,0.0,0.0,0.0,0.0,4.92188,42.1496,0.00674,0.13537,MaintainConstant,seated
10.2067,92,-1.26457,-0.325723,-10.4614,0.0127832,0.790693,0.0681769,0.0,0.0,0.0,0.0,9.49219,45.662,0.00674,0.13537,MaintainConstant,seated
10.4578,93,-2.89318,-0.153281,-9.51302,0.0205063,0.568585,-0.0271642,0.0,0.0,0.0,0.0,16.3477,27.3056,0.0188,0.1476,MaintainConstant,extended
10.6046,94,2.39502,-0.593965,-8.74661,0.111853,-1.61894,0.0154463,0.0,0.0,0.0,0.0,18.6328,15.5613,0.0188,0.1476,MaintainConstant,extended
10.7792,95,-6.88808,-0.316143,-8.28677,0.0639159,-0.760599,0.0322242,0.0,0.0,0.0,0.0,17.5781,-6.04097,0.0188,0.1476,MaintainConstant,extended
10.9592,96,-4.905,0.0766406,-7.52036,0.0245011,0.129962,-0.0300937,0.0,0.0,0.0,0.0,13.5352,-22.4619,0.0188,0.1476,MaintainConstant,extended
11.0752,97,-6.10251,0.0958008,-9.00527,-0.0577906,-0.665524,0.0319579,0.0,0.0,0.0,0.0,9.49219,-34.8408,0.0188,0.1476,MaintainConstant,extended
11.1929,98,-5.50854,-0.143701,-9.00527,-0.036219,-0.79735,-0.021039,0.0,0.0,0.0,0.0,4.74609,-40.3483,0.0188,0.1476,MaintainConstant,extended
11.293,99,-5.50854,0.0479004,-8.92863,-0.0282295,-0.730239,-0.03036,0.0,0.0,0.0,0.0,-0.175781,-49.1726,0.0188,0.1476,MaintainConstant,extended
11.393,100,-5.42232,0.0479004,-8.35383,0.00133158,-0.720385,0.0170442,0.0,0.0,0.0,0.0,-4.04297,-38.6406,0.0188,0.1476,MaintainConstant,extended
11.4931,101,-5.68099,-0.172441,-8.78493,-0.0258327,-0.634898,0.0444748,0.0,0.0,0.0,0.0,-8.08594,-40.3931,0.0188,0.1476,MaintainConstant,extended
11.5985,102,-5.90133,-0.191602,-8.62207,-0.02024,-0.558465,0.0175769,0.0,0.0,0.0,0.0,-11.7773,-35.0363,0.00674,0.13537,MaintainConstant,seated
11.7085,103,-9.92496,-0.440684,-8.88073,0.0719054,-0.211721,-0.185889,0.0,0.0,0.0,0.0,-15.1172,-30.3637,0.00674,0.13537,MaintainConstant,seated
11.8656,104,4.30146,-0.316143,-7.24254,-0.0591222,2.26076,-0.02024,0.0,0.0,0.0,0.0,-17.7539,-16.7798,0.00674,0.13537,MaintainConstant,seated
12.011,105,2.0693,-0.929268,-9.26394,-0.0125169,0.842891,0.219444,0.0,0.0,0.0,0.0,-17.2266,3.62765,0.00674,0.13537,MaintainConstant,seated
12.2084,106,-0.823887,-0.479004,-10.0112,0.0173105,0.411991,-0.0932106,0.0,0.0,0.0,0.0,-14.0625,16.0308,0.00674,0.13537,MaintainConstant,seated
12.3231,107,-1.53281,-0.287402,-10.3177,-0.0218379,0.688427,0.0652474,0.0,0.0,0.0,0.0,-9.84375,36.759,0.00674,0.13537,MaintainConstant,seated
12.479,108,-1.37953,-0.469424,-10.5093,0.0154463,0.814661,0.051399,0.0,0.0,0.0,0.0,-3.86719,38.3431,0.00674,0.13537,MaintainConstant,seated
12.5791,109,-1.36995,-0.459844,-10.7967,0.0218379,0.837298,-0.0561927,0.0,0.0,0.0,0.0,0.527344,43.9025,0.00674,0.13537,MaintainConstant,seated
12.6792,110,-1.18793,-0.344883,-10.7776,0.021039,0.819987,-0.00532632,0.0,0.0,0.0,0.0,4.74609,42.1463,0.00674,0.13537,MaintainConstant,seated
12.7793,111,-1.12087,-0.344883,-10.471,0.0125169,0.801079,0.0681769,0.0,0.0,0.0,0.0,8.78906,40.3913,0.00674,0.13537,MaintainConstant,seated
12.9185,112,-0.593965,-0.411943,-10.1932,0.0066579,0.655937,0.0324906,0.0,0.0,0.0,0.0,13.5352,34.0964,0.0188,0.1476,MaintainConstant,extended
13.0559,113,2.5483,0.0574805,-8.37299,0.173904,-1.05355,0.0591222,0.0,0.0,0.0,0.0,17.2266,26.8722,0.0188,0.1476,MaintainConstant,extended
13.1976,114,-9.5705,0.0479004,-7.3096,-0.0130495,-1.67433,0.0442085,0.0,0.0,0.0,0.0,18.6328,9.92051,0.0188,0.1476,MaintainConstant,extended
13.3141,115,-5.99713,0.287402,-7.06052,-0.021039,-0.489223,-0.0130495,0.0,0.0,0.0,0.0,17.9297,-6.03378,0.0188,0.1476,MaintainConstant,extended
13.4381,116,-1.68609,0.114961,-7.44372,-0.0468716,-0.066579,0.0383495,0.0,0.0,0.0,0.0,16.1719,-14.1776,0.0188,0.1476,MaintainConstant,extended
13.5608,117,-6.85934,-0.325723,-8.17181,-0.04048,-0.311324,0.0391485,0.0,0.0,0.0,0.0,12.6562,-28.6698,0.0188,0.1476,MaintainConstant,extended
13.6777,118,-5.95881,-0.105381,-8.80409,0.0189084,-0.718521,-0.00319579,0.0,0.0,0.0,0.0,8.61328,-34.5587,0.0188,0.1476,MaintainConstant,extended
13.7942,119,-5.87259,-0.201182,-8.93821,-0.0221042,-0.658333,0.00506001,0.0,0.0,0.0,0.0,3.51562,-43.7551,0.0188,0.1476,MaintainConstant,extended
13.8943,120,-6.43781,-0.0862207,-8.99569,-0.0466053,-0.752077,0.0141148,0.0,0.0,0.0,0.0,-0.703125,-42.149,0.0188,0.1476,MaintainConstant,extended
13.9944,121,-5.53729,-0.153281,-8.44005,-0.0245011,-0.744886,0.0218379,0.0,0.0,0.0,0.0,-5.09766,-43.9038,0.0188,0.1476,MaintainConstant,extended
14.0945,122,-5.74805,-0.0383203,-8.34425,-0.00585895,-0.631169,0.00745685,0.0,0.0,0.0,0.0,-9.84375,-47.4155,0.0188,0.1476,MaintainConstant,extended
14.2366,123,-5.53729,-0.124541,-8.03769,0.00133158,-0.47351,-0.00319579,0.0,0.0,0.0,0.0,-13.8867,-28.4552,0.00674,0.13537,MaintainConstant,seated
14.3824,124,-9.41722,0.843047,-7.80776,0.0324906,1.67113,-0.041279,0.0,0.0,0.0,0.0,-16.875,-20.4997,0.00674,0.13537,MaintainConstant,seated
14.4945,125,2.01182,-0.0383203,-6.27495,-0.16991,2.86237,-0.230097,0.0,0.0,0.0,0.0,-17.9297,-9.4078,0.00674,0.13537,MaintainConstant,seated
14.606,126,-0.852627,-1.67651,-8.07601,0.057258,0.835167,0.29135,0.0,0.0,0.0,0.0,-17.2266,6.30518,0.00674,0.13537,MaintainConstant,seated
14.7227,127,-2.56746,-0.881367,-9.77168,0.0849548,0.231429,0.0346211,0.0,0.0,0.0,0.0,-15.1172,18.0697,0.00674,0.13537,MaintainConstant,seated
14.8381,128,-0.986748,-0.239502,-10.5572,0.00639159,0.484695,-0.11132,0.0,0.0,0.0,0.0,-12.3047,24.3764,0.00674,0.13537,MaintainConstant,seated
14.9484,129,-1.36037,-0.249082,-10.5093,-0.00133158,0.695884,0.0593885,0.0,0.0,0.0,0.0,-8.26172,36.6727,0.00674,0.13537,MaintainConstant,seated
15.0661,130,-1.20709,-0.488584,-10.768,-0.00719053,0.791492,0.100401,0.0,0.0,0.0,0.0,-2.98828,44.787,0.00674,0.13537,MaintainConstant,seated
15.1662,131,-1.20709,-0.526904,-10.6435,0.0189084,0.825846,-0.0410127,0.0,0.0,0.0,0.0,1.40625,43.906,0.00674,0.13537,MaintainConstant,seated
15.2663,132,-1.25499,-0.296982,-10.4998,0.0274306,0.841293,-0.0484695,0.0,0.0,0.0,0.0,5.27344,38.6396,0.00674,0.13537,MaintainConstant,seated
15.3664,133,-1.23583,-0.325723,-10.3656,0.0199737,0.793089,0.0660464,0.0,0.0,0.0,0.0,9.31641,40.3928,0.00674,0.13537,MaintainConstant,seated
15.5016,134,-0.574805,-0.593965,-10.0495,-0.0111853,0.632767,0.0591222,0.0,0.0,0.0,0.0,13.8867,33.7898,0.0188,0.1476,MaintainConstant,extended
15.6314,135,2.66326,0.0191602,-8.02811,0.137419,-1.30042,-0.0937433,0.0,0.0,0.0,0.0,17.0508,24.3878,0.0188,0.1476,MaintainConstant,extended
15.7409,136,-4.38768,-0.479004,-7.81734,0.0681769,-2.75744,0.13955,0.0,0.0,0.0,0.0,18.457,12.8431,0.0188,0.1476,MaintainConstant,extended
15.8707,137,-6.48571,0.153281,-7.41498,-0.046339,-0.254332,-0.00958738,0.0,0.0,0.0,0.0,18.2812,-1.35347,0.0188,0.1476,MaintainConstant,extended
15.9909,138,-1.84896,-0.191602,-6.84976,-0.0458064,-0.307062,0.0508664,0.0,0.0,0.0,0.0,16.1719,-17.5604,0.0188,0.1476,MaintainConstant,extended
16.131,139,-6.52403,-0.105381,-8.56459,-0.0407464,-0.35926,0.0215716,0.0,0.0,0.0,0.0,12.832,-23.8342,0.0188,0.1476,MaintainConstant,extended
16.2451,140,-5.91091,-0.354463,-8.44005,0.00372843,-0.70121,0.0133158,0.0,0.0,0.0,0.0,8.61328,-36.9673,0.0188,0.1476,MaintainConstant,extended
16.3575,141,-5.61393,-0.191602,-8.65081,-0.0287621,-0.651942,0.00719053,0.0,0.0,0.0,0.0,4.21875,-39.1005,0.0188,0.1476,MaintainConstant,extended
16.4576,142,-6.16957,-0.0766406,-8.78493,-0.0348874,-0.712396,0.0308927,0.0,0.0,0.0,0.0,-0.175781,-43.9026,0.0188,0.1476,MaintainConstant,extended
16.5577,143,-5.89175,-0.172441,-8.72745,-0.0237021,-0.740891,0.0245011,0.0,0.0,0.0,0.0,-4.57031,-43.9042,0.0188,0.1476,MaintainConstant,extended
16.6578,144,-5.86301,-0.172441,-8.65081,-0.00639159,-0.634365,0.00372843,0.0,0.0,0.0,0.0,-8.61328,-40.391,0.0188,0.1476,MaintainConstant,extended
16.7818,145,-5.4798,-0.153281,-8.40173,-0.00532632,-0.52411,0.00452737,0.0,0.0,0.0,0.0,-12.832,-34.008,0.00674,0.13537,MaintainConstant,seated
16.9195,146,-8.87115,0.172441,-7.46288,0.0170442,1.25648,-0.0402137,0.0,0.0,0.0,0.0,-16.3477,-25.5405,0.00674,0.13537,MaintainConstant,seated
17.0342,147,0.689766,0.0670606,-7.10842,-0.112385,2.67142,-0.169643,0.0,0.0,0.0,0.0,-17.7539,-12.2595,0.00674,0.13537,MaintainConstant,seated
17.1516,148,2.31838,-1.43701,-8.96695,0.0426106,0.446079,0.256995,0.0,0.0,0.0,0.0,-17.2266,4.49119,0.00674,0.13537,MaintainConstant,seated
17.2622,149,-2.34712,-0.277822,-9.54176,0.087618,0.000532632,0.0751011,0.0,0.0,0.0,0.0,-15.8203,12.7128,0.00674,0.13537,MaintainConstant,seated
17.378,150,-0.268242,-0.536484,-10.7393,0.0111853,0.341417,-0.113717,0.0,0.0,0.0,0.0,-13.3594,21.256,0.00674,0.13537,MaintainConstant,seated
17.4939,151,-1.21667,-0.220342,-10.7488,-0.0197074,0.686563,0.0782969,0.0,0.0,0.0,0.0,-9.49219,33.3745,0.00674,0.13537,MaintainConstant,seated
17.6116,152,-1.36995,-0.421523,-10.5956,-0.00639159,0.770719,0.0988033,0.0,0.0,0.0,0.0,-4.57031,41.8036,0.00674,0.13537,MaintainConstant,seated
17.7117,153,-1.11129,-0.479004,-10.6914,0.0194411,0.809867,-0.0410127,0.0,0.0,0.0,0.0,-0.351562,42.1473,0.00674,0.13537,MaintainConstant,seated
17.8118,154,-1.14003,-0.411943,-10.6818,0.0359527,0.845021,-0.04048,0.0,0.0,0.0,0.0,4.04297,43.9038,0.00674,0.13537,MaintainConstant,seated
17.9119,155,-1.26457,-0.325723,-10.5189,0.0183758,0.801345,0.0695085,0.0,0.0,0.0,0.0,8.26172,42.1471,0.00674,0.13537,MaintainConstant,seated
18.0313,156,-1.14003,-0.421523,-10.0974,0.00719053,0.701477,0.0423443,0.0,0.0,0.0,0.0,12.4805,35.3359,0.0188,0.1476,MaintainConstant,extended
18.1867,157,-1.09213,0.134121,-8.23887,0.0918791,-1.77766,0.0402137,0.0,0.0,0.0,0.0,16.6992,27.1399,0.0188,0.1476,MaintainConstant,extended
18.3411,158,-7.80776,-0.210762,-7.32876,-0.0127832,-0.497745,-0.0508664,0.0,0.0,0.0,0.0,18.2812,10.2461,0.0188,0.1476,MaintainConstant,extended
18.467,159,-5.49897,0.488584,-7.70238,-0.0420779,-0.270045,-0.0484695,0.0,0.0,0.0,0.0,17.9297,-2.79318,0.0188,0.1476,MaintainConstant,extended
18.5928,160,-5.21156,-0.488584,-7.44372,-0.0529969,-0.420513,0.0793622,0.0,0.0,0.0,0.0,15.8203,-16.7755,0.0188,0.1476,MaintainConstant,extended
18.725,161,-4.02363,0.114961,-7.71196,-0.0106526,-0.339819,0.0300937,0.0,0.0,0.0,0.0,11.9531,-29.2413,0.0188,0.1476,MaintainConstant,extended
18.8485,162,-5.82469,-0.0958008,-8.04727,-0.0015979,-0.604005,-0.00319579,0.0,0.0,0.0,0.0,7.38281,-37.0102,0.0188,0.1476,MaintainConstant,extended
18.971,163,-5.75763,-0.114961,-8.78493,-0.0295611,-0.759534,0.0284958,0.0,0.0,0.0,0.0,2.28516,-41.6114,0.0188,0.1476,MaintainConstant,extended
19.0711,164,-5.91091,-0.134121,-8.83283,-0.0327569,-0.698281,0.0490022,0.0,0.0,0.0,0.0,-1.93359,-42.1481,0.0188,0.1476,MaintainConstant,extended
19.1712,165,-6.32285,-0.143701,-9.00527,-0.01012,-0.69908,0.021039,0.0,0.0,0.0,0.0,-6.32812,-43.9034,0.0188,0.1476,MaintainConstant,extended
19.2713,166,-6.03545,-0.229922,-8.82325,0.00133158,-0.664991,-0.0117179,0.0,0.0,0.0,0.0,-10.1953,-38.6349,0.0188,0.1476,MaintainConstant,extended
19.418,167,-5.53729,-0.143701,-8.24845,-0.00292948,-0.470847,0.0170442,0.0,0.0,0.0,0.0,-14.4141,-28.749,0.00674,0.13537,MaintainConstant,seated
19.5385,168,-9.26394,0.0191602,-7.72154,0.0591222,0.313454,-0.01518,0.0,0.0,0.0,0.0,-16.6992,-18.9691,0.00674,0.13537,MaintainConstant,seated
19.654,169,-1.81063,-1.32205,-9.59924,-0.0607201,3.33454,-0.102798,0.0,0.0,0.0,0.0,-17.7539,-9.13061,0.00674,0.13537,MaintainConstant,seated
19.7685,170,0.114961,-0.871787,-9.89622,0.0751011,0.0543285,0.243946,0.0,0.0,0.0,0.0,-16.875,7.67629,0.00674,0.13537,MaintainConstant,seated
19.8884,171,-2.57704,-0.431104,-9.91538,0.00958738,0.160322,0.047138,0.0,0.0,0.0,0.0,-14.7656,17.5978,0.00674,0.13537,MaintainConstant,seated
20.0004,172,0.0574805,-0.517324,-10.0782,-0.00372843,0.462857,-0.0801611,0.0,0.0,0.0,0.0,-11.7773,26.6822,0.00674,0.13537,MaintainConstant,seated
20.1119,173,-1.26457,-0.249082,-10.2411,-0.000532632,0.691357,0.0346211,0.0,0.0,0.0,0.0,-7.55859,37.8357,0.00674,0.13537,MaintainConstant,seated
20.23,174,-1.31247,-0.344883,-10.6243,0.00426106,0.775246,0.0945422,0.0,0.0,0.0,0.0,-2.8125,40.1762,0.00674,0.13537,MaintainConstant,seated
20.3301,175,-1.03465,-0.373623,-10.6626,0.0221042,0.800014,-0.0343548,0.0,0.0,0.0,0.0,2.8125,56.1969,0.00674,0.13537,MaintainConstant,seated
20.4302,176,-1.12087,-0.325723,-10.586,0.0343548,0.825846,-0.0428769,0.0,0.0,0.0,0.0,5.80078,29.8614,0.00674,0.13537,MaintainConstant,seated
20.5303,177,-1.20709,-0.364043,-10.3752,0.00905475,0.770186,0.0532632,0.0,0.0,0.0,0.0,9.84375,40.3906,0.00674,0.13537,MaintainConstant,seated
20.639,178,-1.20709,-0.335303,-10.4135,0.00958738,0.650344,0.0535295,0.0,0.0,0.0,0.0,13.3594,32.3237,0.0188,0.1476,MaintainConstant,extended
20.7514,179,1.85854,-0.0670606,-11.1512,0.1265,-0.233293,-0.0529969,0.0,0.0,0.0,0.0,16.5234,28.1615,0.0188,0.1476,MaintainConstant,extended
20.8649,180,-4.31104,-0.651445,-8.68913,0.00372843,-2.54359,0.105195,0.0,0.0,0.0,0.0,18.2812,15.4883,0.0188,0.1476,MaintainConstant,extended
20.9824,181,-3.27639,-0.258662,-7.41498,0.0396811,-0.816259,-0.0327569,0.0,0.0,0.0,0.0,18.457,1.49603,0.0188,0.1476,MaintainConstant,extended
21.1219,182,-5.60435,-0.0574805,-8.18139,-0.0175769,0.387224,0.0,0.0,0.0,0.0,0.0,16.6992,-12.601,0.0188,0.1476,MaintainConstant,extended
21.2389,183,-6.55277,-0.105381,-7.52036,-0.0474043,-0.568052,0.0529969,0.0,0.0,0.0,0.0,14.0625,-22.5361,0.0188,0.1476,MaintainConstant,extended
21.3554,184,-4.99122,-0.325723,-8.35383,-0.0271642,-0.531034,-0.0170442,0.0,0.0,0.0,0.0,10.1953,-33.191,0.0188,0.1476,MaintainConstant,extended
21.471,185,-5.76721,0.0,-8.73703,-0.0127832,-0.601075,-0.00559264,0.0,0.0,0.0,0.0,5.625,-39.5202,0.0188,0.1476,MaintainConstant,extended
21.5711,186,-5.70973,-0.105381,-8.66039,-0.0324906,-0.785366,0.03542,0.0,0.0,0.0,0.0,1.23047,-43.9042,0.0188,0.1476,MaintainConstant,extended
21.6712,187,-5.68099,-0.239502,-8.80409,-0.0234358,-0.682302,0.0418116,0.0,0.0,0.0,0.0,-2.98828,-42.1471,0.0188,0.1476,MaintainConstant,extended
21.7713,188,-6.26537,-0.153281,-8.90947,-0.00932106,-0.681769,0.00452737,0.0,0.0,0.0,0.0,-7.38281,-43.9036,0.0188,0.1476,MaintainConstant,extended
21.8859,189,-5.82469,-0.268242,-8.53585,-0.0015979,-0.623979,-0.01518,0.0,0.0,0.0,0.0,-11.25,-33.7565,0.00674,0.13537,MaintainConstant,seated
21.9953,190,-8.67955,0.172441,-8.46879,0.0844222,0.171774,-0.0146474,0.0,0.0,0.0,0.0,-14.9414,-33.7475,0.00674,0.13537,MaintainConstant,seated
22.119,191,-2.22258,0.134121,-9.09149,-0.145941,3.12921,-0.13955,0.0,0.0,0.0,0.0,-17.0508,-17.0454,0.00674,0.13537,MaintainConstant,seated
22.2306,192,-0.220342,-0.239502,-9.11065,0.0833569,0.0255663,0.183492,0.0,0.0,0.0,0.0,-17.5781,-4.72476,0.00674,0.13537,MaintainConstant,seated
22.3413,193,-1.21667,-0.335303,-9.39806,0.0146474,-0.0370179,0.117978,0.0,0.0,0.0,0.0,-16.6992,7.94358,0.00674,0.13537,MaintainConstant,seated
22.4592,194,0.277822,-0.325723,-8.95737,-0.01518,0.446346,-0.113184,0.0,0.0,0.0,0.0,-14.7656,16.3941,0.00674,0.13537,MaintainConstant,seated
22.5785,195,-1.22625,-0.172441,-9.84832,0.0015979,0.53929,-0.0111853,0.0,0.0,0.0,0.0,-11.6016,26.5236,0.00674,0.13537,MaintainConstant,seated
22.7019,196,-1.23583,-0.392783,-10.3369,-0.00479369,0.685498,0.128631,0.0,0.0,0.0,0.0,-6.85547,38.4697,0.00674,0.13537,MaintainConstant,seated
22.802,197,-1.09213,-0.488584,-10.4998,0.00958738,0.781105,0.0388822,0.0,0.0,0.0,0.0,-2.63672,42.1487,0.00674,0.13537,MaintainConstant,seated
22.9021,198,-1.13045,-0.440684,-10.5093,0.03542,0.839695,-0.0780306,0.0,0.0,0.0,0.0,1.75781,43.9048,0.00674,0.13537,MaintainConstant,seated
23.0021,199,-1.27415,-0.306563,-10.6626,0.0242348,0.826113,0.00133158,0.0,0.0,0.0,0.0,5.625,38.6381,0.00674,0.13537,MaintainConstant,seated
23.1022,200,-1.23583,-0.402363,-10.404,0.00958738,0.760333,0.0902812,0.0,0.0,0.0,0.0,9.84375,42.1461,0.00674,0.13537,MaintainConstant,seated
23.2216,201,-1.13045,-0.383203,-10.1357,0.0130495,0.633832,-0.0127832,0.0,0.0,0.0,0.0,13.5352,30.9219,0.0188,0.1476,MaintainConstant,extended
23.3544,202,2.5483,-0.220342,-8.89031,0.146208,-1.45062,0.010919,0.0,0.0,0.0,0.0,16.875,25.1535,0.0188,0.1476,MaintainConstant,extended
23.4679,203,-4.77088,-0.613125,-7.20422,0.0828243,-2.75424,0.103597,0.0,0.0,0.0,0.0,18.2812,12.3894,0.0188,0.1476,MaintainConstant,extended
23.583,204,-9.04359,0.0287402,-7.75986,-0.0149137,-0.26312,-0.0117179,0.0,0.0,0.0,0.0,18.2812,0.0,0.0188,0.1476,MaintainConstant,extended
23.7029,205,-1.30289,-0.210762,-7.36708,-0.00239685,0.449542,0.0183758,0.0,0.0,0.0,0.0,16.3477,-16.1326,0.0188,0.1476,MaintainConstant,extended
23.8285,206,-7.62574,-0.124541,-8.32509,-0.0841559,-0.517452,0.0178432,0.0,0.0,0.0,0.0,13.3594,-23.7853,0.0188,0.1476,MaintainConstant,extended
23.9481,207,-4.94332,-0.172441,-8.24845,-0.00798948,-0.66872,-0.0149137,0.0,0.0,0.0,0.0,9.31641,-33.7981,0.0188,0.1476,MaintainConstant,extended
24.0747,208,-6.10251,-0.134121,-9.11065,-0.0231695,-0.627707,-0.00319579,0.0,0.0,0.0,0.0,4.21875,-40.2588,0.0188,0.1476,MaintainConstant,extended
24.1748,209,-5.73847,-0.0766406,-8.86157,-0.0279632,-0.754207,0.0191748,0.0,0.0,0.0,0.0,-0.175781,-43.9028,0.0188,0.1476,MaintainConstant,extended
24.2749,210,-5.4319,-0.114961,-8.48795,-0.0199737,-0.719054,0.0308927,0.0,0.0,0.0,0.0,-4.39453,-42.16,0.0188,0.1476,MaintainConstant,extended
24.375,211,-6.19831,-0.143701,-8.51669,0.000266316,-0.610397,0.0162453,0.0,0.0,0.0,0.0,-8.4375,-40.3917,0.0188,0.1476,MaintainConstant,extended
24.4917,212,-5.71931,-0.0862207,-8.51669,0.00292948,-0.564058,0.00319579,0.0,0.0,0.0,0.0,-12.3047,-33.1254,0.00674,0.13537,MaintainConstant,seated
24.6225,213,-9.77168,0.364043,-8.66039,0.0751011,0.844488,-0.0649811,0.0,0.0,0.0,0.0,-15.6445,-25.5425,0.00674,0.13537,MaintainConstant,seated
24.7349,214,-1.45617,0.402363,-7.70238,-0.0894822,3.03867,-0.0306264,0.0,0.0,0.0,0.0,-17.4023,-15.6433,0.00674,0.13537,MaintainConstant,seated
24.8551,215,-1.01549,-0.182021,-10.3082,0.0266316,0.275371,0.217048,0.0,0.0,0.0,0.0,-17.4023,0.0,0.00674,0.13537,MaintainConstant,seated
24.9722,216,-2.1651,-0.718506,-9.43638,0.0295611,-0.0324906,0.0447411,0.0,0.0,0.0,0.0,-15.8203,13.5126,0.00674,0.13537,MaintainConstant,seated
25.0816,217,-0.728086,-0.344883,-9.6663,0.00292948,0.432764,-0.111586,0.0,0.0,0.0,0.0,-13.7109,19.2775,0.00674,0.13537,MaintainConstant,seated
25.1979,218,-1.10171,-0.258662,-10.3369,-0.00292948,0.638892,0.0420779,0.0,0.0,0.0,0.0,-9.66797,34.7794,0.00674,0.13537,MaintainConstant,seated
25.326,219,-1.38911,-0.450264,-10.7872,-0.00852212,0.745152,0.10626,0.0,0.0,0.0,0.0,-4.74609,38.4019,0.00674,0.13537,MaintainConstant,seated
25.4261,220,-1.24541,-0.440684,-10.7201,0.01518,0.802943,-0.0199737,0.0,0.0,0.0,0.0,-0.527344,42.1498,0.00674,0.13537,MaintainConstant,seated
25.5262,221,-1.18793,-0.344883,-10.586,0.0292948,0.829841,-0.0569916,0.0,0.0,0.0,0.0,3.51562,40.3919,0.00674,0.13537,MaintainConstant,seated
25.6263,222,-1.14961,-0.325723,-10.4614,0.0189084,0.811199,0.051399,0.0,0.0,0.0,0.0,7.73438,42.1479,0.00674,0.13537,MaintainConstant,seated
25.7656,223,-0.833467,-0.402363,-9.86748,-0.0218379,0.618652,0.0671117,0.0,0.0,0.0,0.0,12.6562,35.3289,0.0188,0.1476,MaintainConstant,extended
25.8952,224,2.43334,-0.699346,-9.29268,0.0988033,-1.10148,0.0969391,0.0,0.0,0.0,0.0,16.5234,29.8448,0.0188,0.1476,MaintainConstant,extended
26.0111,225,-8.77535,0.239502,-8.44963,0.057258,-2.04557,0.0703075,0.0,0.0,0.0,0.0,18.1055,13.6484,0.0188,0.1476,MaintainConstant,extended
26.1265,226,-8.01853,0.670605,-7.3096,0.0335558,-0.497212,0.0375506,0.0,0.0,0.0,0.0,17.9297,-1.52359,0.0188,0.1476,MaintainConstant,extended
26.2968,227,-4.06195,-0.258662,-7.118,-0.0556601,-0.350206,0.16192,0.0,0.0,0.0,0.0,16.3477,-9.29062,0.0188,0.1476,MaintainConstant,extended
26.4148,228,-5.80553,-0.421523,-8.08559,-0.00266316,-0.218912,0.0468716,0.0,0.0,0.0,0.0,13.0078,-28.3087,0.0188,0.1476,MaintainConstant,extended
26.5314,229,-5.24988,-0.0958008,-8.04727,0.0229032,-0.639691,0.00639159,0.0,0.0,0.0,0.0,8.78906,-36.1748,0.0188,0.1476,MaintainConstant,extended
26.6642,230,-5.17324,0.0287402,-8.19097,-0.026099,-0.683633,0.026099,0.0,0.0,0.0,0.0,3.51562,-39.6874,0.0188,0.1476,MaintainConstant,extended
26.7643,231,-6.17915,-0.124541,-8.89031,-0.0410127,-0.67378,0.0503337,0.0,0.0,0.0,0.0,-1.75781,-52.6856,0.0188,0.1476,MaintainConstant,extended
26.8644,232,-5.82469,-0.162861,-8.96695,-0.0338221,-0.743821,0.0173105,0.0,0.0,0.0,0.0,-4.92188,-31.618,0.0188,0.1476,MaintainConstant,extended
26.9645,233,-5.53729,-0.229922,-8.82325,-0.00905475,-0.652474,-0.0157127,0.0,0.0,0.0,0.0,-8.96484,-40.3906,0.0188,0.1476,MaintainConstant,extended
27.0779,234,-5.61393,-0.143701,-8.57417,0.000266316,-0.540089,-0.0149137,0.0,0.0,0.0,0.0,-12.6562,-32.5622,0.00674,0.13537,MaintainConstant,seated
27.1961,235,-8.95737,0.344883,-8.12391,0.0740359,0.389887,-0.101999,0.0,0.0,0.0,0.0,-15.6445,-25.2712,0.00674,0.13537,MaintainConstant,seated
27.3131,236,0.488584,-0.862207,-7.2138,-0.115581,2.99339,-0.0804275,0.0,0.0,0.0,0.0,-17.4023,-15.0218,0.00674,0.13537,MaintainConstant,seated
27.4319,237,3.08479,-0.622705,-9.02443,0.0527306,0.166714,0.219711,0.0,0.0,0.0,0.0,-17.2266,1.48004,0.00674,0.13537,MaintainConstant,seated
27.583,238,-1.75315,-0.699346,-9.78126,0.0138484,0.498011,-0.0631169,0.0,0.0,0.0,0.0,-15.293,12.7962,0.00674,0.13537,MaintainConstant,seated
27.6994,239,-1.41785,-0.373623,-10.2124,0.0490022,0.522246,-0.0106526,0.0,0.0,0.0,0.0,-11.4258,33.2348,0.00674,0.13537,MaintainConstant,seated
27.8464,240,-1.05381,-0.402363,-10.1836,0.0015979,0.716657,0.119842,0.0,0.0,0.0,0.0,-7.03125,29.8944,0.00674,0.13537,MaintainConstant,seated
27.9612,241,-1.18793,-0.507744,-10.6722,0.00772317,0.823183,0.0114516,0.0,0.0,0.0,0.0,-2.10938,42.8632,0.00674,0.13537,MaintainConstant,seated
28.0613,242,-1.33163,-0.364043,-10.8446,0.0274306,0.839162,-0.0647148,0.0,0.0,0.0,0.0,2.10938,42.149,0.00674,0.13537,MaintainConstant,seated
28.1614,243,-1.29331,-0.344883,-10.6435,0.0215716,0.801079,0.0181095,0.0,0.0,0.0,0.0,6.32812,42.1498,0.00674,0.13537,MaintainConstant,seated
28.2615,244,-1.09213,-0.335303,-10.3944,0.00585895,0.758735,0.0844222,0.0,0.0,0.0,0.0,10.1953,38.6365,0.00674,0.13537,MaintainConstant,seated
28.4658,245,1.21667,-1.03465,-9.59924,-0.0721717,0.48869,0.00772317,0.0,0.0,0.0,0.0,16.3477,30.1142,0.0188,0.1476,MaintainConstant,extended
28.628,246,-2.0214,-0.0766406,-7.10842,0.0569916,-2.58034,0.102532,0.0,0.0,0.0,0.0,18.457,13.0018,0.0188,0.1476,MaintainConstant,extended
28.7621,247,-6.75396,-0.335303,-6.98388,0.03542,0.135821,-0.0298274,0.0,0.0,0.0,0.0,17.5781,-6.5534,0.0188,0.1476,MaintainConstant,extended
28.8802,248,-3.64043,-0.277822,-6.42823,-0.0215716,-0.340086,0.0495348,0.0,0.0,0.0,0.0,15.8203,-14.8872,0.0188,0.1476,MaintainConstant,extended
29.023,249,-4.59844,-0.220342,-7.53952,0.01012,-0.214917,0.0759001,0.0,0.0,0.0,0.0,11.9531,-27.0815,0.0188,0.1476,MaintainConstant,extended
29.143,250,-6.14083,0.00958008,-8.57417,-0.00532632,-0.730239,0.00426106,0.0,0.0,0.0,0.0,7.38281,-38.0842,0.0188,0.1476,MaintainConstant,extended
29.265,251,-5.78637,-0.162861,-8.88073,0.0130495,-0.57471,-0.00559264,0.0,0.0,0.0,0.0,2.28516,-41.7752,0.0188,0.1476,MaintainConstant,extended
29.3651,252,-6.55277,-0.0479004,-8.99569,-0.0378169,-0.683633,0.0442085,0.0,0.0,0.0,0.0,-2.46094,-47.4147,0.0188,0.1476,MaintainConstant,extended
29.4652,253,-5.78637,-0.210762,-8.79451,-0.051399,-0.712396,0.0439422,0.0,0.0,0.0,0.0,-6.15234,-36.8821,0.0188,0.1476,MaintainConstant,extended
29.5653,254,-5.71931,-0.134121,-8.41131,-0.00878843,-0.593086,0.00905475,0.0,0.0,0.0,0.0,-10.0195,-38.6353,0.0188,0.1476,MaintainConstant,extended
29.7174,255,-6.35159,-0.229922,-8.25803,0.0444748,-0.314253,-0.0154463,0.0,0.0,0.0,0.0,-14.2383,-27.7435,0.00674,0.13537,MaintainConstant,seated
29.8352,256,-8.73703,0.632285,-8.01853,0.0929443,0.66579,-0.0697748,0.0,0.0,0.0,0.0,-16.5234,-19.3926,0.00674,0.13537,MaintainConstant,seated
29.9515,257,-0.0574805,0.0191602,-7.55868,-0.113717,2.77421,-0.170975,0.0,0.0,0.0,0.0,-17.5781,-9.06975,0.00674,0.13537,MaintainConstant,seated
30.0704,258,-1.11129,-0.632285,-9.2352,0.0660464,0.0769654,0.253267,0.0,0.0,0.0,0.0,-16.6992,7.39384,0.00674,0.13537,MaintainConstant,seated
30.1951,259,-1.59029,-0.708926,-10.3848,0.0199737,0.21252,0.0231695,0.0,0.0,0.0,0.0,-14.2383,19.7263,0.00674,0.13537,MaintainConstant,seated
30.3244,260,-1.10171,-0.335303,-10.3561,0.0258327,0.57764,-0.0948085,0.0,0.0,0.0,0.0,-10.5469,28.5559,0.00674,0.13537,MaintainConstant,seated
30.4468,261,-1.18793,-0.421523,-10.653,-0.0183758,0.779507,0.0950749,0.0,0.0,0.0,0.0,-5.80078,38.7886,0.00674,0.13537,MaintainConstant,seated
30.5468,262,-1.36037,-0.411943,-10.6914,-0.00372843,0.778975,0.114516,0.0,0.0,0.0,0.0,-1.58203,42.1494,0.00674,0.13537,MaintainConstant,seated
30.6469,263,-1.25499,-0.411943,-10.6435,0.0245011,0.801079,-0.052198,0.0,0.0,0.0,0.0,3.51562,50.9306,0.00674,0.13537,MaintainConstant,seated
30.747,264,-1.05381,-0.364043,-10.5093,0.0359527,0.791492,-0.0410127,0.0,0.0,0.0,0.0,7.03125,35.1308,0.00674,0.13537,MaintainConstant,seated
30.8901,265,-1.11129,-0.373623,-10.2219,0.0015979,0.71639,0.0990696,0.0,0.0,0.0,0.0,11.7773,33.1696,0.0188,0.1476,MaintainConstant,extended
31.0309,266,3.32429,-0.843047,-7.96105,0.168045,-1.87673,0.133691,0.0,0.0,0.0,0.0,16.3477,32.4633,0.0188,0.1476,MaintainConstant,extended
31.199,267,-7.20422,0.0383203,-7.14674,0.0745685,-0.516387,-0.0298274,0.0,0.0,0.0,0.0,17.9297,9.40931,0.0188,0.1476,MaintainConstant,extended
31.334,268,-7.63532,-0.172441,-8.85199,0.00479369,-0.0380832,0.00372843,0.0,0.0,0.0,0.0,17.4023,-3.90567,0.0188,0.1476,MaintainConstant,extended
31.52,269,-6.42823,-0.296982,-8.12391,-0.0647148,-0.238087,0.0785633,0.0,0.0,0.0,0.0,14.2383,-17.0109,0.0188,0.1476,MaintainConstant,extended
31.6415,270,-6.21747,-0.517324,-8.72745,0.0506001,-0.558998,0.00772317,0.0,0.0,0.0,0.0,9.49219,-39.0712,0.0188,0.1476,MaintainConstant,extended
31.7721,271,-6.15999,-0.162861,-9.27352,-0.00319579,-0.615723,-0.0266316,0.0,0.0,0.0,0.0,5.09766,-33.6476,0.0188,0.1476,MaintainConstant,extended
31.8722,272,-6.51445,0.0,-9.09149,-0.0617853,-0.743288,0.0338221,0.0,0.0,0.0,0.0,0.703125,-43.9033,0.0188,0.1476,MaintainConstant,extended
31.9723,273,-5.41274,-0.134121,-8.21013,-0.0543285,-0.729972,0.0577906,0.0,0.0,0.0,0.0,-3.33984,-40.3921,0.0188,0.1476,MaintainConstant,extended
32.0724,274,-5.37442,-0.258662,-8.23887,0.00266316,-0.611994,0.00292948,0.0,0.0,0.0,0.0,-7.38281,-40.3917,0.0188,0.1476,MaintainConstant,extended
32.1826,275,-5.0966,-0.153281,-8.19097,0.0218379,-0.528637,-0.00559264,0.0,0.0,0.0,0.0,-11.4258,-36.6754,0.00674,0.13537,MaintainConstant,seated
32.3178,276,-9.43638,0.967588,-8.32509,0.100667,1.28125,-0.0162453,0.0,0.0,0.0,0.0,-15.293,-28.6142,0.00674,0.13537,MaintainConstant,seated
32.4404,277,2.81654,-0.814307,-8.55501,-0.165915,2.57128,-0.157127,0.0,0.0,0.0,0.0,-17.2266,-15.7714,0.00674,0.13537,MaintainConstant,seated
32.5512,278,0.593965,-0.737666,-10.2603,0.0796285,0.198139,0.300138,0.0,0.0,0.0,0.0,-17.2266,0.0,0.00674,0.13537,MaintainConstant,seated
32.691,279,-1.10171,-0.277822,-8.89989,-0.0561927,0.493217,0.0537959,0.0,0.0,0.0,0.0,-15.8203,10.0598,0.00674,0.13537,MaintainConstant,seated
32.8114,280,-0.977168,-0.440684,-10.0591,0.0237021,0.402137,-0.12144,0.0,0.0,0.0,0.0,-13.1836,21.9033,0.00674,0.13537,MaintainConstant,seated
32.9281,281,-1.09213,-0.354463,-9.93454,0.0117179,0.684432,0.0689759,0.0,0.0,0.0,0.0,-9.49219,31.6213,0.00674,0.13537,MaintainConstant,seated
33.0567,282,-1.11129,-0.383203,-10.2411,0.00133158,0.787763,0.0777643,0.0,0.0,0.0,0.0,-4.39453,39.6318,0.00674,0.13537,MaintainConstant,seated
33.1568,283,-1.36995,-0.383203,-10.6914,0.026099,0.800813,-0.0599211,0.0,0.0,0.0,0.0,-0.175781,42.1464,0.00674,0.13537,MaintainConstant,seated
33.2569,284,-1.19751,-0.364043,-10.6147,0.0255663,0.811998,-0.0577906,0.0,0.0,0.0,0.0,3.86719,40.3995,0.00674,0.13537,MaintainConstant,seated
33.357,285,-1.14003,-0.316143,-10.471,0.00372843,0.799481,0.0636496,0.0,0.0,0.0,0.0,8.08594,42.147,0.00674,0.13537,MaintainConstant,seated
33.4819,286,-1.18793,-0.431104,-10.2794,0.000266316,0.677242,0.0327569,0.0,0.0,0.0,0.0,12.4805,35.1846,0.0188,0.1476,MaintainConstant,extended
33.9191,287,-4.79962,-0.191602,-7.34792,-0.0295611,-0.121706,0.036219,0.0,0.0,0.0,0.0,17.5781,11.659,0.0188,0.1476,MaintainConstant,extended
34.096,288,-5.31694,-0.277822,-8.01853,-0.0327569,-0.360326,0.00958738,0.0,0.0,0.0,0.0,14.0625,-19.877,0.0188,0.1476,MaintainConstant,extended
34.2184,289,-5.70973,-0.0766406,-8.27719,-0.0181095,-0.491353,-0.00798948,0.0,0.0,0.0,0.0,10.1953,-31.605,0.0188,0.1476,MaintainConstant,extended
34.3399,290,-5.74805,-0.0574805,-8.44005,-0.0242348,-0.629571,0.0146474,0.0,0.0,0.0,0.0,5.27344,-40.4973,0.0188,0.1476,MaintainConstant,extended
34.44,291,-5.78637,-0.0766406,-8.51669,-0.0242348,-0.703874,0.0218379,0.0,0.0,0.0,0.0,1.05469,-42.1486,0.0188,0.1476,MaintainConstant,extended
34.5401,292,-5.69057,-0.143701,-8.63165,-0.0133158,-0.682835,0.0149137,0.0,0.0,0.0,0.0,-3.16406,-42.1502,0.0188,0.1476,MaintainConstant,extended
34.6402,293,-5.93965,-0.172441,-8.63165,-0.00426106,-0.664991,0.00506001,0.0,0.0,0.0,0.0,-7.20703,-40.3927,0.0188,0.1476,MaintainConstant,extended
34.7575,294,-5.63309,-0.134121,-8.56459,-0.00905475,-0.584031,0.01012,0.0,0.0,0.0,0.0,-11.25,-34.4594,0.00674,0.13537,MaintainConstant,seated
34.908,295,-6.95514,-0.172441,-6.98388,-0.0428769,1.54863,-0.0503337,0.0,0.0,0.0,0.0,-15.9961,-31.5351,0.00674,0.13537,MaintainConstant,seated
35.1737,296,-1.80105,-0.229922,-8.20055,0.0223706,0.580569,0.127832,0.0,0.0,0.0,0.0,-16.875,-3.30739,0.00674,0.13537,MaintainConstant,seated
35.4277,297,-0.517324,-0.431104,-9.41722,-0.00319579,0.500142,-0.0138484,0.0,0.0,0.0,0.0,-11.7773,20.0769,0.00674,0.13537,MaintainConstant,seated
35.7679,298,-1.23583,-0.364043,-10.5764,0.0292948,0.811998,-0.0229032,0.0,0.0,0.0,0.0,3.69141,45.4625,0.00674,0.13537,MaintainConstant,seated
35.868,299,-1.23583,-0.373623,-10.6914,0.0178432,0.803209,0.021039,0.0,0.0,0.0,0.0,6.32812,26.3491,0.00674,0.13537,MaintainConstant,seated
35.968,300,-1.22625,-0.354463,-10.5093,0.0119842,0.752343,0.00932106,0.0,0.0,0.0,0.0,12.6562,63.2328,0.00674,0.13537,MaintainConstant,seated
