2.3126602e-05,0,-1.3124708,-0.3544629,-9.541759,0.023435818,0.034088463,0.012783173,0.0,0.0,0.0,0.0,1.0,0.0,0.00674,0.13537,None,seated
0.12822914,1,-1.2645704,-0.47900394,-10.499766,0.017310547,0.04261058,0.0479369,0.0,0.0,0.0,0.0,1.0,0.0,0.0188,0.1476,Start,extended
0.22837806,2,1.5423926,-0.8813672,-9.627979,0.09534117,-1.431449,-0.09161274,0.0,0.0,0.0,0.0,1.0,0.0,0.0188,0.1476,Start,extended
0.328511,3,-4.148174,-0.47900394,-7.7311234,0.03222425,-2.945989,0.15020229,0.0,0.0,0.0,0.0,1.0,0.0,0.0188,0.1476,Start,extended
0.428689,4,-9.79084,0.3065625,-7.3096,0.010652645,-1.0719223,-0.075101145,0.0,0.0,0.0,0.0,1.0,0.0,0.0188,0.1476,Start,extended
0.528877,5,-6.5240335,-0.4406836,-8.353828,0.046339005,1.088434,-0.032490566,0.0,0.0,0.0,0.0,1.0,0.0,0.0188,0.1476,Start,extended
0.62905407,6,-4.905,-0.32572266,-8.248447,-0.040213734,-0.44794372,-0.054594804,0.0,0.0,0.0,0.0,1.0,0.0,0.0188,0.1476,Start,extended
0.729239,7,-6.11209,0.009580079,-7.9227247,0.013315806,0.22796659,0.061252706,0.0,0.0,0.0,0.0,1.0,0.0,0.0188,0.1476,Start,extended
0.82942414,8,-4.6654983,-0.24908204,-7.8556643,0.02396845,-0.10679276,0.014114754,0.0,0.0,0.0,0.0,1.0,0.0,0.0188,0.1476,Start,extended
0.92961097,9,-5.7959476,-0.16286133,-8.085587,0.024501082,0.04314321,-0.0314253,0.0,0.0,0.0,0.0,1.0,0.0,0.0188,0.1476,Start,extended
1.0297911,10,-5.709727,-0.12454102,-7.9610453,0.038083203,-0.052996907,-0.023702133,0.0,0.0,0.0,0.0,1.0,0.0,0.0188,0.1476,Start,extended
1.1299891,11,-5.1828227,-0.12454102,-7.711963,0.023435818,-0.041279,0.013848438,0.0,0.0,0.0,0.0,1.0,0.0,0.0188,0.1476,Start,extended
1.2301471,12,-5.623506,-0.25866213,-7.7215433,0.004261058,0.009054748,0.03195793,0.0,0.0,0.0,0.0,1.0,0.0,0.0188,0.1476,Start,extended
1.3303051,13,-5.8917484,-0.29698244,-7.913145,0.014647386,-0.040746365,0.01304949,0.0,0.0,0.0,0.0,1.0,0.0,0.0188,0.1476,Start,extended
1.450562,14,-5.2882032,-0.28740236,-7.577842,0.03701794,0.002130529,-0.0063915867,0.0,0.0,0.0,0.0,1.0,0.0,0.00674,0.13537,Start,seated
1.5507171,15,-9.77168,-0.6993457,-7.6257424,0.14221281,1.0018812,-0.14780544,0.0,0.0,0.0,0.0,1.0,0.0,0.00674,0.13537,Start,seated
1.6509111,16,-4.023633,-0.038320314,-8.57417,0.0628506,3.0032468,-0.16458336,0.0,0.0,0.0,0.0,1.0,0.0,0.00674,0.13537,Start,seated
1.751111,17,5.9204884,-0.1341211,-9.091495,-0.013315806,0.9853696,0.10546118,0.0,0.0,0.0,0.0,1.0,0.0,0.00674,0.13537,Start,seated
1.851264,18,-1.6669337,0.24908204,-10.154883,0.02956109,-0.24261399,0.19228023,0.0,0.0,0.0,0.0,1.0,0.0,0.00674,0.13537,Start,seated
1.9514041,19,-0.47900394,-0.74724615,-9.69504,-0.03781689,0.46552056,-0.048203215,0.0,0.0,0.0,0.0,1.0,0.0,0.00674,0.13537,Start,seated
2.05152,20,-1.7818946,-0.12454102,-9.733359,0.061252706,-0.16378441,-0.03542004,0.0,0.0,0.0,0.0,1.0,0.0,0.00674,0.13537,Start,seated
2.151658,21,-1.1496094,-0.39278322,-9.541759,0.009853696,0.036751624,0.02130529,0.0,0.0,0.0,0.0,1.0,0.0,0.00674,0.13537,Start,seated
2.251847,22,-1.2454102,-0.4406836,-9.465117,0.020240024,0.01784318,0.0628506,0.0,0.0,0.0,0.0,1.0,0.0,0.00674,0.13537,Start,seated
2.352005,23,-1.1304493,-0.5460645,-9.522598,0.026631612,0.040480047,-0.023169503,0.0,0.0,0.0,0.0,1.0,0.0,0.00674,0.13537,Start,seated
2.4522002,24,-1.2070899,-0.42152345,-9.503438,0.02876214,0.04261058,-0.028495824,0.0,0.0,0.0,0.0,1.0,0.0,0.00674,0.13537,Start,seated
2.5524461,25,-1.2645704,-0.33530274,-9.551338,0.015180019,0.04660532,0.04447479,0.0,0.0,0.0,0.0,1.0,0.0,0.00674,0.13537,Start,seated
2.652596,26,-1.2837305,-0.41194338,-9.580078,0.008522116,0.04261058,0.03009372,0.0,0.0,0.0,0.0,1.0,0.0,0.00674,0.13537,Start,seated
2.801258,27,-0.15328126,0.12454102,-8.382568,0.002396845,-0.051132694,0.14088123,0.0,0.0,0.0,0.0,1.0,0.0,0.0188,0.1476,Start,extended
2.9014401,28,1.1687696,-0.46942386,-8.909473,0.046339005,-1.351288,-0.03355583,0.0,0.0,0.0,0.0,1.0,0.0,0.0188,0.1476,Start,extended
3.0016341,29,-3.2572267,-1.5615528,-6.706055,0.04234426,-3.0575752,0.1257012,0.0,0.0,0.0,0.0,1.0,0.0,0.0188,0.1476,Start,extended
3.101813,30,-11.467354,0.11496094,-7.8556643,0.1222391,-0.9568738,-0.12490226,0.0,0.0,0.0,0.0,1.0,0.0,0.0188,0.1476,Start,extended
3.201993,31,-6.11209,-0.4406836,-9.158555,0.070307456,1.2000204,0.049002163,0.0,0.0,0.0,0.0,1.0,0.0,0.0188,0.1476,Start,extended
3.30218,32,-5.479805,-0.06706055,-8.018526,0.0029294773,-0.8785769,-0.03169162,0.0,0.0,0.0,0.0,1.0,0.0,0.0188,0.1476,Start,extended
3.4023762,33,-5.6618266,0.019160157,-7.702383,0.009054748,0.23835292,0.076166406,0.0,0.0,0.0,0.0,1.0,0.0,0.0188,0.1476,Start,extended
3.502541,34,-4.4355764,-0.34488282,-7.893985,0.002396845,-0.12916331,0.04234426,0.0,0.0,0.0,0.0,1.0,0.0,0.0188,0.1476,Start,extended
3.602739,35,-5.5564456,-0.17244141,-8.143066,0.019441076,0.011717909,-0.036751624,0.0,0.0,0.0,0.0,1.0,0.0,0.0188,0.1476,Start,extended
3.702888,36,-6.0833497,-0.1820215,-7.798184,0.027696876,-0.07243799,-0.047137953,0.0,0.0,0.0,0.0,1.0,0.0,0.0188,0.1476,Start,extended
3.8030891,37,-5.230723,-0.047900394,-7.5970025,0.010120012,-0.06391586,0.010120012,0.0,0.0,0.0,0.0,1.0,0.0,0.0188,0.1476,Start,extended
3.903253,38,-5.364844,-0.2778223,-7.664063,0.0053263223,-0.0029294773,0.043675844,0.0,0.0,0.0,0.0,1.0,0.0,0.0188,0.1476,Start,extended
4.0216293,39,-5.709727,-0.4406836,-7.606582,0.03488741,0.05672533,-0.009321064,0.0,0.0,0.0,0.0,1.0,0.0,0.00674,0.13537,Start,seated
4.1218224,40,-8.353828,-0.4406836,-8.229287,0.1488707,0.7555388,-0.11611383,0.0,0.0,0.0,0.0,1.0,0.0,0.00674,0.13537,Start,seated
4.222002,41,-5.087022,-0.28740236,-7.702383,0.030360037,3.5233622,-0.14514229,0.0,0.0,0.0,0.0,1.0,0.0,0.00674,0.13537,Start,seated
4.32216,42,6.485713,-0.5556446,-6.696475,0.018375812,0.05539375,0.21571605,0.0,0.0,0.0,0.0,1.0,0.0,0.00674,0.13537,Start,seated
4.4223337,43,-4.3493557,0.11496094,-9.934542,0.061519023,-0.36245623,0.3270362,0.0,0.0,0.0,0.0,1.0,0.0,0.00674,0.13537,Start,seated
4.5225153,44,-0.45984375,-0.9580079,-9.618399,-0.053795855,0.685764,-0.018908445,0.0,0.0,0.0,0.0,1.0,0.0,0.00674,0.13537,Start,seated
4.622691,45,-2.1267774,-0.21076173,-9.580078,0.13848437,-0.41039312,-0.08548747,0.0,0.0,0.0,0.0,1.0,0.0,0.00674,0.13537,Start,seated
4.7228823,46,-1.3795313,-0.37362307,-9.302257,0.024234766,0.088150635,-0.032756884,0.0,0.0,0.0,0.0,1.0,0.0,0.00674,0.13537,Start,seated
4.823023,47,-1.3124708,-0.33530274,-9.263936,0.03089267,0.016777916,0.13954964,0.0,0.0,0.0,0.0,1.0,0.0,0.00674,0.13537,Start,seated
4.923209,48,-1.0442286,-0.728086,-9.493857,0.029827405,0.04873585,0.039947417,0.0,0.0,0.0,0.0,1.0,0.0,0.00674,0.13537,Start,seated
5.023375,49,-1.341211,-0.45026368,-9.513018,0.027963191,0.083889574,-0.08894958,0.0,0.0,0.0,0.0,1.0,0.0,0.00674,0.13537,Start,seated
5.1235323,50,-1.2645704,-0.39278322,-9.551338,0.010652645,0.057257965,0.008788432,0.0,0.0,0.0,0.0,1.0,0.0,0.00674,0.13537,Start,seated
5.2236624,51,-1.2166699,-0.34488282,-9.666299,0.008522116,0.066046394,0.07989483,0.0,0.0,0.0,0.0,1.0,0.0,0.00674,0.13537,Start,seated
5.460759,52,-0.21076173,-0.10538086,-9.64714,-0.025832662,-0.16990969,0.06524745,0.0,0.0,0.0,0.0,1.0,0.0,0.0188,0.1476,Start,extended
5.56092,53,1.3603711,-0.38320315,-7.1084185,-0.02396845,-2.9105687,0.06471482,0.0,0.0,0.0,0.0,1.0,0.0,0.0188,0.1476,Start,extended
5.661037,54,-0.12454102,0.45984375,-7.673643,0.03701794,-2.5539715,0.09081379,0.0,0.0,0.0,0.0,1.0,0.0,0.0188,0.1476,Start,extended
5.7611084,55,-9.292676,-0.56522465,-8.123906,0.024501082,-1.036236,-0.047137953,0.0,0.0,0.0,0.0,1.0,0.0,0.0188,0.1476,Start,extended
5.861267,56,-5.709727,-0.9580079,-8.851993,0.10892329,0.88203895,-0.07456851,0.0,0.0,0.0,0.0,1.0,0.0,0.0188,0.1476,Start,extended
5.961382,57,-5.2594633,-0.14370118,-8.765772,0.00479369,-0.6213155,0.009054748,0.0,0.0,0.0,0.0,1.0,0.0,0.0188,0.1476,Start,extended
6.061523,58,-5.949229,0.23950197,-7.453301,0.03435478,0.19281286,0.06524745,0.0,0.0,0.0,0.0,1.0,0.0,0.0188,0.1476,Start,extended
6.161651,59,-6.3228517,-0.2778223,-7.932305,0.0034621095,-0.18162759,0.046339005,0.0,0.0,0.0,0.0,1.0,0.0,0.0188,0.1476,Start,extended
6.261823,60,-5.5564456,-0.1341211,-8.028106,0.02396845,-0.010120012,-0.014913702,0.0,0.0,0.0,0.0,1.0,0.0,0.0188,0.1476,Start,extended
6.361959,61,-6.11209,-0.1820215,-7.941885,0.043675844,-0.047137953,-0.03834952,0.0,0.0,0.0,0.0,1.0,0.0,0.0188,0.1476,Start,extended
6.462098,62,-5.4319043,-0.07664063,-7.8652444,0.025566347,-0.06711166,0.010652645,0.0,0.0,0.0,0.0,1.0,0.0,0.0188,0.1476,Start,extended
6.562294,63,-5.5660257,-0.17244141,-7.788604,-0.0026631611,-0.010120012,0.03435478,0.0,0.0,0.0,0.0,1.0,0.0,0.0188,0.1476,Start,extended
6.6911173,64,-5.613926,-0.28740236,-7.462881,0.025300032,0.08681905,-0.004527374,0.0,0.0,0.0,0.0,1.0,0.0,0.00674,0.13537,Start,seated
6.791243,65,-7.7215433,-0.21076173,-8.047266,0.094808534,1.0634003,-0.08868326,0.0,0.0,0.0,0.0,1.0,0.0,0.00674,0.13537,Start,seated
6.891435,66,-4.378096,0.086220704,-9.148975,0.002130529,3.3334787,-0.21065605,0.0,0.0,0.0,0.0,1.0,0.0,0.00674,0.13537,Start,seated
6.991618,67,3.2859669,-0.17244141,-6.945557,0.035952676,0.03701794,0.05566007,0.0,0.0,0.0,0.0,1.0,0.0,0.00674,0.13537,Start,seated
7.091791,68,-4.5409575,0.23950197,-9.1202345,0.08681905,-0.3898868,0.31664985,0.0,0.0,0.0,0.0,1.0,0.0,0.00674,0.13537,Start,seated
7.191955,69,-0.6706055,-0.74724615,-9.417217,-0.05965481,0.7025419,-0.03355583,0.0,0.0,0.0,0.0,1.0,0.0,0.00674,0.13537,Start,seated
7.2920933,70,-2.0501368,-0.1341211,-9.541759,0.08575379,-0.16192019,-0.087884314,0.0,0.0,0.0,0.0,1.0,0.0,0.00674,0.13537,Start,seated
7.392259,71,-0.9580079,-0.25866213,-9.340576,-0.006924219,0.038615838,0.13209279,0.0,0.0,0.0,0.0,1.0,0.0,0.00674,0.13537,Start,seated
7.492358,72,-1.1879297,-0.19160157,-9.196876,0.012783173,0.047404267,0.13342437,0.0,0.0,0.0,0.0,1.0,0.0,0.00674,0.13537,Start,seated
7.59254,73,-0.9580079,-0.56522465,-9.407638,0.027164243,0.06391586,0.026365295,0.0,0.0,0.0,0.0,1.0,0.0,0.00674,0.13537,Start,seated
7.692729,74,-1.22625,-0.488584,-9.7142,0.025300032,0.09827065,-0.082025364,0.0,0.0,0.0,0.0,1.0,0.0,0.00674,0.13537,Start,seated
7.792923,75,-1.3220508,-0.39278322,-9.685459,0.01917476,0.09827065,0.04314321,0.0,0.0,0.0,0.0,1.0,0.0,0.00674,0.13537,Start,seated
7.893012,76,-1.1879297,-0.4406836,-9.599238,0.014913702,0.056459017,0.0777643,0.0,0.0,0.0,0.0,1.0,0.0,0.00674,0.13537,Start,seated
8.0900135,77,-1.3124708,-0.39278322,-9.541759,0.01304949,-0.02396845,-0.01304949,0.0,0.0,0.0,0.0,1.0,0.0,0.0188,0.1476,Start,extended
8.190203,78,-0.12454102,-0.33530274,-9.445957,0.09267801,-1.2490226,-0.06791061,0.0,0.0,0.0,0.0,1.0,0.0,0.0188,0.1476,Start,extended
8.290347,79,-3.9565725,-0.7951465,-7.9802055,0.015446335,-2.8301413,0.08362326,0.0,0.0,0.0,0.0,1.0,0.0,0.0188,0.1476,Start,extended
8.390537,80,-9.618399,-0.7759864,-7.031778,0.004527374,-1.5608788,-0.08628642,0.0,0.0,0.0,0.0,1.0,0.0,0.0188,0.1476,Start,extended
8.490671,81,-7.9897857,-0.07664063,-8.210127,0.030626353,0.43409526,-0.025832662,0.0,0.0,0.0,0.0,1.0,0.0,0.0188,0.1476,Start,extended
8.5908165,82,-3.6116896,-0.45026368,-8.459209,-0.015978966,-0.85700524,-0.03195793,0.0,0.0,0.0,0.0,1.0,0.0,0.0188,0.1476,Start,extended
8.690944,83,-6.6294146,0.11496094,-8.440049,-0.0013315806,0.11717909,0.06178534,0.0,0.0,0.0,0.0,1.0,0.0,0.0188,0.1476,Start,extended
8.79108,84,-4.655918,-0.43110353,-7.8556643,0.011185277,-0.2050634,0.044208474,0.0,0.0,0.0,0.0,1.0,0.0,0.0188,0.1476,Start,extended
8.891221,85,-5.575606,0.0,-7.9802055,0.018109497,-0.008788432,-0.03542004,0.0,0.0,0.0,0.0,1.0,0.0,0.0188,0.1476,Start,extended
8.991387,86,-5.3552637,-0.05748047,-7.434141,0.037550572,-0.09640643,-0.03435478,0.0,0.0,0.0,0.0,1.0,0.0,0.0188,0.1476,Start,extended
9.091547,87,-5.1732426,-0.14370118,-7.6353226,0.03195793,-0.022903185,0.0077231675,0.0,0.0,0.0,0.0,1.0,0.0,0.0188,0.1476,Start,extended
9.191691,88,-5.5660257,-0.21076173,-7.7215433,0.002130529,-0.022104237,0.03222425,0.0,0.0,0.0,0.0,1.0,0.0,0.0188,0.1476,Start,extended
9.306883,89,-5.4414845,-0.2682422,-7.817344,0.01304949,-0.023702133,0.012783173,0.0,0.0,0.0,0.0,1.0,0.0,0.00674,0.13537,Start,seated
9.407078,90,-7.807764,-0.82388675,-7.510782,0.13369069,0.47510794,-0.12809806,0.0,0.0,0.0,0.0,1.0,0.0,0.00674,0.13537,Start,seated
9.507293,91,-5.5564456,0.06706055,-11.266172,-0.08868326,2.539324,0.06684534,0.0,0.0,0.0,0.0,1.0,0.0,0.00674,0.13537,Start,seated
9.60741,92,7.5203614,-1.1112891,-9.465117,-0.09374327,1.3520869,0.056991648,0.0,0.0,0.0,0.0,1.0,0.0,0.00674,0.13537,Start,seated
9.707545,93,-4.7325587,0.1341211,-10.461446,0.07829694,-0.30013826,0.2612561,0.0,0.0,0.0,0.0,1.0,0.0,0.00674,0.13537,Start,seated
9.807729,94,-0.15328126,-0.33530274,-10.087823,-0.05965481,0.6468818,-0.0561927,0.0,0.0,0.0,0.0,1.0,0.0,0.00674,0.13537,Start,seated
9.907866,95,-1.7148341,-0.2682422,-9.915381,0.09667275,-0.24660872,-0.047137953,0.0,0.0,0.0,0.0,1.0,0.0,0.00674,0.13537,Start,seated
10.0080185,96,-1.5423926,-0.29698244,-9.77168,0.04261058,0.11291803,-0.018908445,0.0,0.0,0.0,0.0,1.0,0.0,0.00674,0.13537,Start,seated
10.108196,97,-1.2166699,-0.46942386,-9.388477,0.030360037,0.05352954,0.11052119,0.0,0.0,0.0,0.0,1.0,0.0,0.00674,0.13537,Start,seated
10.208329,98,-0.9580079,-0.68018556,-9.417217,0.016245283,0.10759171,-0.007456851,0.0,0.0,0.0,0.0,1.0,0.0,0.00674,0.13537,Start,seated
10.308516,99,-1.1496094,-0.488584,-9.627979,0.022370555,0.08548747,-0.036485307,0.0,0.0,0.0,0.0,1.0,0.0,0.00674,0.13537,Start,seated
10.408595,100,-1.341211,-0.364043,-9.656719,0.012516857,0.095074855,0.02876214,0.0,0.0,0.0,0.0,1.0,0.0,0.00674,0.13537,Start,seated
10.508778,101,-1.1879297,-0.43110353,-9.570498,0.011185277,0.040746365,0.06764429,0.0,0.0,0.0,0.0,1.0,0.0,0.00674,0.13537,Start,seated
10.631397,102,-1.2070899,-0.4981641,-9.848321,0.02876214,0.034621093,0.017044231,0.0,0.0,0.0,0.0,1.0,0.0,0.0188,0.1476,Start,extended
10.731583,103,0.038320314,-0.64186525,-10.078242,0.11744541,-0.29134983,-0.073236935,0.0,0.0,0.0,0.0,1.0,0.0,0.0188,0.1476,Start,extended
10.831726,104,-3.544629,-0.2778223,-7.36708,0.016777916,-2.9944584,0.0053263223,0.0,0.0,0.0,0.0,1.0,0.0,0.0188,0.1476,Start,extended
10.931866,105,-9.187295,0.2682422,-7.32876,0.021038974,-1.3134711,0.015180019,0.0,0.0,0.0,0.0,1.0,0.0,0.0188,0.1476,Start,extended
11.03196,106,-5.4223247,-0.5556446,-7.1467385,0.06897587,0.21758026,-0.00958738,0.0,0.0,0.0,0.0,1.0,0.0,0.0188,0.1476,Start,extended
11.132106,107,-5.4127445,-0.12454102,-8.104747,0.013582122,-0.5744439,0.0029294773,0.0,0.0,0.0,0.0,1.0,0.0,0.0188,0.1476,Start,extended
11.232229,108,-5.958809,-0.21076173,-8.823253,0.014913702,0.18322548,-0.007456851,0.0,0.0,0.0,0.0,1.0,0.0,0.0188,0.1476,Start,extended
11.332382,109,-5.269043,-0.11496094,-7.951465,0.015978966,-0.2828277,0.013315806,0.0,0.0,0.0,0.0,1.0,0.0,0.0188,0.1476,Start,extended
11.432522,110,-5.384004,-0.24908204,-7.5012016,0.015180019,-0.009853696,0.02130529,0.0,0.0,0.0,0.0,1.0,0.0,0.0188,0.1476,Start,extended
11.532664,111,-5.364844,-0.07664063,-7.6257424,0.03488741,-0.11744541,0.0034621095,0.0,0.0,0.0,0.0,1.0,0.0,0.0188,0.1476,Start,extended
11.632788,112,-5.4223247,-0.21076173,-7.711963,0.02130529,-0.027696876,0.015180019,0.0,0.0,0.0,0.0,1.0,0.0,0.0188,0.1476,Start,extended
11.732906,113,-5.853428,-0.15328126,-7.903565,0.00958738,-0.042077947,0.02130529,0.0,0.0,0.0,0.0,1.0,0.0,0.0188,0.1476,Start,extended
11.833051,114,-5.5468655,-0.22992188,-7.8748245,0.014913702,-0.06950851,0.013315806,0.0,0.0,0.0,0.0,1.0,0.0,0.0188,0.1476,Start,extended
11.954039,115,-5.384004,-0.34488282,-7.4820414,0.036218993,0.037550572,-0.01917476,0.0,0.0,0.0,0.0,1.0,0.0,0.00674,0.13537,Start,seated
12.054163,116,-8.641231,-0.28740236,-7.711963,0.13022858,0.509729,-0.1784318,0.0,0.0,0.0,0.0,1.0,0.0,0.00674,0.13537,Start,seated
12.154364,117,-5.5947657,0.38320315,-8.487949,0.05885586,3.1166975,-0.10333065,0.0,0.0,0.0,0.0,1.0,0.0,0.00674,0.13537,Start,seated
12.254559,118,5.384004,-0.64186525,-7.711963,-0.05486112,0.93130744,0.03834952,0.0,0.0,0.0,0.0,1.0,0.0,0.00674,0.13537,Start,seated
12.354752,119,-4.9337406,0.32572266,-10.327325,0.08149273,-0.34141725,0.26738137,0.0,0.0,0.0,0.0,1.0,0.0,0.00674,0.13537,Start,seated
12.45495,120,-0.68018556,0.09580079,-11.00751,-0.054594804,0.8375642,-0.0063915867,0.0,0.0,0.0,0.0,1.0,0.0,0.00674,0.13537,Start,seated
12.555136,121,-1.6765138,-0.41194338,-9.79084,0.12863068,-0.33129725,-0.05139901,0.0,0.0,0.0,0.0,1.0,0.0,0.00674,0.13537,Start,seated
12.655308,122,-1.1496094,-0.3065625,-9.321417,0.050600063,0.1555286,-0.04447479,0.0,0.0,0.0,0.0,1.0,0.0,0.00674,0.13537,Start,seated
12.755454,123,-1.3795313,-0.17244141,-9.091495,0.043942157,0.038083203,0.12996227,0.0,0.0,0.0,0.0,1.0,0.0,0.00674,0.13537,Start,seated
12.855637,124,-0.9963282,-0.68018556,-9.580078,0.02396845,0.071106404,-0.014114754,0.0,0.0,0.0,0.0,1.0,0.0,0.00674,0.13537,Start,seated
12.9557495,125,-1.1879297,-0.43110353,-9.493857,0.018109497,0.11185277,-0.07590009,0.0,0.0,0.0,0.0,1.0,0.0,0.00674,0.13537,Start,seated
13.0558605,126,-1.2166699,-0.3544629,-9.436378,0.022370555,0.057790596,-0.019707393,0.0,0.0,0.0,0.0,1.0,0.0,0.00674,0.13537,Start,seated
13.156067,127,-1.0729688,-0.32572266,-9.474698,0.0058589545,0.049002163,0.07403588,0.0,0.0,0.0,0.0,1.0,0.0,0.00674,0.13537,Start,seated
13.314166,128,0.21076173,0.3544629,-10.183623,-0.064182185,-0.092145376,0.076965354,0.0,0.0,0.0,0.0,1.0,0.0,0.0188,0.1476,Start,extended
13.414314,129,2.6057813,-0.2682422,-8.190968,0.056459017,-1.7640779,0.00958738,0.0,0.0,0.0,0.0,1.0,0.0,0.0188,0.1476,Start,extended
13.514472,130,-6.2653713,-1.4944923,-7.807764,0.049534798,-2.8530445,0.16085494,0.0,0.0,0.0,0.0,1.0,0.0,0.0188,0.1476,Start,extended
13.614661,131,-9.877061,-0.64186525,-8.2197075,0.070307456,-0.84182525,-0.051132694,0.0,0.0,0.0,0.0,1.0,0.0,0.0188,0.1476,Start,extended
13.714819,132,-2.069297,-0.17244141,-9.0148535,0.044208474,0.9920275,-0.038083203,0.0,0.0,0.0,0.0,1.0,0.0,0.0188,0.1476,Start,extended
13.814989,133,-6.945557,0.009580079,-8.353828,0.014647386,-0.8375642,0.045007423,0.0,0.0,0.0,0.0,1.0,0.0,0.0188,0.1476,Start,extended
13.91512,134,-5.230723,-0.28740236,-7.27128,0.018109497,0.16911073,0.039947417,0.0,0.0,0.0,0.0,1.0,0.0,0.0188,0.1476,Start,extended
14.015223,135,-6.466553,-0.05748047,-8.152647,0.02130529,-0.26631612,0.012783173,0.0,0.0,0.0,0.0,1.0,0.0,0.0188,0.1476,Start,extended
14.115424,136,-5.384004,-0.16286133,-8.008945,0.02609898,-0.056459017,-0.022370555,0.0,0.0,0.0,0.0,1.0,0.0,0.0188,0.1476,Start,extended
14.215575,137,-6.1504107,-0.1341211,-8.056846,0.017576864,-0.10865697,-0.014114754,0.0,0.0,0.0,0.0,1.0,0.0,0.0188,0.1476,Start,extended
14.31577,138,-5.604346,-0.19160157,-7.8269243,0.010652645,-0.11691277,0.012516857,0.0,0.0,0.0,0.0,1.0,0.0,0.0188,0.1476,Start,extended
14.415898,139,-5.479805,-0.2682422,-7.7598634,-0.00079894834,-0.014913702,0.03009372,0.0,0.0,0.0,0.0,1.0,0.0,0.0188,0.1476,Start,extended
14.5308075,140,-5.7863674,-0.24908204,-7.711963,0.014647386,0.02396845,-0.010652645,0.0,0.0,0.0,0.0,1.0,0.0,0.00674,0.13537,Start,seated
14.630968,141,-9.148975,-0.2203418,-7.577842,0.11877698,0.66818714,-0.12516858,0.0,0.0,0.0,0.0,1.0,0.0,0.00674,0.13537,Start,seated
14.731086,142,-4.1960745,0.6227051,-10.97877,0.0029294773,3.1933966,-0.18216023,0.0,0.0,0.0,0.0,1.0,0.0,0.00674,0.13537,Start,seated
14.831239,143,5.269043,-0.8334668,-6.361172,0.036485307,0.4775048,0.08628642,0.0,0.0,0.0,0.0,1.0,0.0,0.00674,0.13537,Start,seated
14.931387,144,-4.8091993,0.6322852,-10.375225,0.068176925,-0.4460795,0.27377295,0.0,0.0,0.0,0.0,1.0,0.0,0.00674,0.13537,Start,seated
15.031528,145,-1.0825489,-0.3161426,-10.461446,-0.056991648,0.8048073,-0.05219796,0.0,0.0,0.0,0.0,1.0,0.0,0.00674,0.13537,Start,seated
15.131699,146,-1.6094532,-0.34488282,-9.857901,0.1123854,-0.21012342,-0.05672533,0.0,0.0,0.0,0.0,1.0,0.0,0.00674,0.13537,Start,seated
15.231844,147,-1.1112891,-0.364043,-9.235196,0.041279,0.17283916,0.0,0.0,0.0,0.0,0.0,1.0,0.0,0.00674,0.13537,Start,seated
15.331971,148,-1.2741505,-0.6610254,-9.110655,0.038615838,0.08282431,0.11558119,0.0,0.0,0.0,0.0,1.0,0.0,0.00674,0.13537,Start,seated
15.432063,149,-1.0250684,-0.74724615,-9.398057,0.026365295,0.11771172,0.009321064,0.0,0.0,0.0,0.0,1.0,0.0,0.00674,0.13537,Start,seated
15.532171,150,-1.2358302,-0.43110353,-9.589659,0.028495824,0.12969595,-0.07829694,0.0,0.0,0.0,0.0,1.0,0.0,0.00674,0.13537,Start,seated
15.632266,151,-1.2933106,-0.3544629,-9.72378,0.027696876,0.06711166,0.0053263223,0.0,0.0,0.0,0.0,1.0,0.0,0.00674,0.13537,Start,seated
15.732438,152,-1.0442286,-0.364043,-9.6758795,0.013582122,0.060453758,0.076166406,0.0,0.0,0.0,0.0,1.0,0.0,0.00674,0.13537,Start,seated
15.851077,153,-1.1112891,-0.47900394,-9.1202345,0.01917476,0.020506341,-0.00479369,0.0,0.0,0.0,0.0,1.0,0.0,0.0188,0.1476,Start,extended
15.951267,154,0.977168,-1.2741505,-10.729688,0.11877698,-0.050866377,-0.06764429,0.0,0.0,0.0,0.0,1.0,0.0,0.0188,0.1476,Start,extended
16.05145,155,-2.4525,0.09580079,-7.8844047,0.042077947,-3.0746195,0.06897587,0.0,0.0,0.0,0.0,1.0,0.0,0.0188,0.1476,Start,extended
16.151646,156,-9.206455,-0.51732427,-6.591094,0.022903185,-1.9864519,0.025300032,0.0,0.0,0.0,0.0,1.0,0.0,0.0188,0.1476,IncreaseQuarterPeriod,extended
16.251842,157,-7.165899,0.009580079,-7.0030375,0.06897587,0.2479403,-0.082558,0.0,0.0,0.0,0.0,1.0,0.0,0.0188,0.1476,IncreaseQuarterPeriod,extended
16.35201,158,-2.5291407,-0.51732427,-7.8556643,0.02743056,-0.34115094,0.006924219,0.0,0.0,0.0,0.0,1.0,0.0,0.0188,0.1476,IncreaseQuarterPeriod,extended
16.45223,159,-7.070098,-0.41194338,-7.9897857,0.00079894834,0.16245283,0.018109497,0.0,0.0,0.0,0.0,1.0,0.0,0.0188,0.1476,IncreaseQuarterPeriod,extended
16.552454,160,-4.9529004,-0.086220704,-8.133487,0.020240024,-0.3422162,0.017310547,0.0,0.0,0.0,0.0,1.0,0.0,0.0188,0.1476,IncreaseQuarterPeriod,extended
16.652676,161,-5.364844,-0.22992188,-7.7502837,0.017576864,-0.060453758,-0.0077231675,0.0,0.0,0.0,0.0,1.0,0.0,0.0188,0.1476,IncreaseQuarterPeriod,extended
16.7529,162,-5.374424,0.0,-7.664063,0.03195793,-0.12916331,-0.0031957934,0.0,0.0,0.0,0.0,1.0,0.0,0.0188,0.1476,IncreaseQuarterPeriod,extended
16.85312,163,-5.4606447,-0.24908204,-7.7407036,0.018908445,-0.03781689,0.014913702,0.0,0.0,0.0,0.0,1.0,0.0,0.0188,0.1476,IncreaseQuarterPeriod,extended
16.953299,164,-5.8821683,-0.17244141,-7.817344,0.010918961,-0.059388492,0.020240024,0.0,0.0,0.0,0.0,1.0,0.0,0.0188,0.1476,IncreaseQuarterPeriod,extended
17.053421,165,-5.623506,-0.2203418,-7.951465,0.01571265,-0.058589544,0.010652645,0.0,0.0,0.0,0.0,1.0,0.0,0.0188,0.1476,IncreaseQuarterPeriod,extended
17.153637,166,-5.489385,-0.22992188,-7.788604,0.02130529,-0.017044231,-0.0055926386,0.0,0.0,0.0,0.0,1.0,0.0,0.0188,0.1476,IncreaseQuarterPeriod,extended
17.253859,167,-5.575606,-0.19160157,-7.8844047,0.012516857,0.024234766,0.0,0.0,0.0,0.0,0.0,1.0,0.0,0.0188,0.1476,IncreaseQuarterPeriod,extended
17.354073,168,-5.585186,-0.17244141,-7.807764,0.019707393,0.05539375,0.014114754,0.0,0.0,0.0,0.0,1.0,0.0,0.0188,0.1476,IncreaseQuarterPeriod,extended
17.454292,169,-5.604346,-0.23950197,-7.7598634,0.017044231,0.07243799,0.017310547,0.0,0.0,0.0,0.0,1.0,0.0,0.0188,0.1476,IncreaseQuarterPeriod,extended
17.554508,170,-5.479805,-0.19160157,-7.8269243,0.020506341,0.10705908,0.006924219,0.0,0.0,0.0,0.0,1.0,0.0,0.0188,0.1476,IncreaseQuarterPeriod,extended
17.654728,171,-5.6522465,-0.1341211,-7.7407036,0.029294772,0.13209279,0.008522116,0.0,0.0,0.0,0.0,1.0,0.0,0.0188,0.1476,IncreaseQuarterPeriod,extended
17.754944,172,-5.5660257,-0.19160157,-7.8556643,0.016245283,0.13156016,0.017576864,0.0,0.0,0.0,0.0,1.0,0.0,0.0188,0.1476,IncreaseQuarterPeriod,extended
17.855116,173,-5.604346,-0.1820215,-7.8269243,0.01304949,0.14221281,0.019707393,0.0,0.0,0.0,0.0,1.0,0.0,0.0188,0.1476,IncreaseQuarterPeriod,extended
17.955326,174,-5.5564456,-0.23950197,-7.893985,0.011984225,0.13688648,0.008788432,0.0,0.0,0.0,0.0,1.0,0.0,0.0188,0.1476,IncreaseQuarterPeriod,extended
18.055542,175,-5.4989653,-0.21076173,-7.7790236,0.030360037,0.11771172,0.0013315806,0.0,0.0,0.0,0.0,1.0,0.0,0.0188,0.1476,IncreaseQuarterPeriod,extended
18.15575,176,-5.4989653,-0.24908204,-7.7502837,0.02609898,0.10066749,0.012516857,0.0,0.0,0.0,0.0,1.0,0.0,0.0188,0.1476,IncreaseQuarterPeriod,extended
18.25597,177,-5.5564456,-0.17244141,-7.7502837,0.018908445,0.09321064,0.017576864,0.0,0.0,0.0,0.0,1.0,0.0,0.0188,0.1476,IncreaseQuarterPeriod,extended
18.356174,178,-5.6618266,-0.19160157,-7.807764,0.014647386,0.06178534,0.012516857,0.0,0.0,0.0,0.0,1.0,0.0,0.0188,0.1476,IncreaseQuarterPeriod,extended
18.456387,179,-5.5947657,-0.17244141,-7.807764,0.03169162,0.02130529,0.008522116,0.0,0.0,0.0,0.0,1.0,0.0,0.0188,0.1476,IncreaseQuarterPeriod,extended
18.556583,180,-5.5372853,-0.21076173,-7.8556643,0.018908445,-0.009321064,0.004527374,0.0,0.0,0.0,0.0,1.0,0.0,0.0188,0.1476,IncreaseQuarterPeriod,extended
18.6568,181,-5.518125,-0.2203418,-7.8269243,0.018908445,-0.02609898,0.007190535,0.0,0.0,0.0,0.0,1.0,0.0,0.0188,0.1476,IncreaseQuarterPeriod,extended
18.757015,182,-5.5660257,-0.1820215,-7.7407036,0.013315806,-0.059921127,0.0053263223,0.0,0.0,0.0,0.0,1.0,0.0,0.0188,0.1476,IncreaseQuarterPeriod,extended
18.857178,183,-5.575606,-0.2203418,-7.7790236,0.01571265,-0.08442221,0.0053263223,0.0,0.0,0.0,0.0,1.0,0.0,0.0188,0.1476,IncreaseQuarterPeriod,extended
18.95736,184,-5.5947657,-0.21076173,-7.8269243,0.020240024,-0.094808534,0.0055926386,0.0,0.0,0.0,0.0,1.0,0.0,0.0188,0.1476,IncreaseQuarterPeriod,extended
19.057583,185,-5.5660257,-0.1820215,-7.8652444,0.014114754,-0.1107875,0.009321064,0.0,0.0,0.0,0.0,1.0,0.0,0.0188,0.1476,IncreaseQuarterPeriod,extended
19.157799,186,-5.575606,-0.15328126,-7.8556643,0.01571265,-0.11345066,0.009054748,0.0,0.0,0.0,0.0,1.0,0.0,0.0188,0.1476,IncreaseQuarterPeriod,extended
19.257957,187,-5.575606,-0.20118165,-7.8556643,0.022104237,-0.11185277,0.008522116,0.0,0.0,0.0,0.0,1.0,0.0,0.0188,0.1476,IncreaseQuarterPeriod,extended
19.35817,188,-5.5564456,-0.21076173,-7.7790236,0.012783173,-0.10066749,0.0026631611,0.0,0.0,0.0,0.0,1.0,0.0,0.0188,0.1476,IncreaseQuarterPeriod,extended
19.458351,189,-5.575606,-0.20118165,-7.846084,0.018375812,-0.08548747,0.006657903,0.0,0.0,0.0,0.0,1.0,0.0,0.0188,0.1476,IncreaseQuarterPeriod,extended
19.55857,190,-5.5660257,-0.2203418,-7.8365045,0.014647386,-0.054328486,0.009054748,0.0,0.0,0.0,0.0,1.0,0.0,0.0188,0.1476,IncreaseQuarterPeriod,extended
19.658785,191,-5.5947657,-0.20118165,-7.8269243,0.020240024,-0.03089267,0.007190535,0.0,0.0,0.0,0.0,1.0,0.0,0.0188,0.1476,IncreaseQuarterPeriod,extended
19.759005,192,-5.5660257,-0.20118165,-7.8365045,0.02743056,-0.004527374,0.004527374,0.0,0.0,0.0,0.0,1.0,0.0,0.0188,0.1476,IncreaseQuarterPeriod,extended
19.859213,193,-5.5564456,-0.21076173,-7.846084,0.021837922,0.027164243,0.00958738,0.0,0.0,0.0,0.0,1.0,0.0,0.0188,0.1476,IncreaseQuarterPeriod,extended
19.959394,194,-5.585186,-0.21076173,-7.8556643,0.019973708,0.053795855,0.012783173,0.0,0.0,0.0,0.0,1.0,0.0,0.0188,0.1476,IncreaseQuarterPeriod,extended
20.059622,195,-5.575606,-0.21076173,-7.893985,0.019973708,0.08362326,0.009054748,0.0,0.0,0.0,0.0,1.0,0.0,0.0188,0.1476,IncreaseQuarterPeriod,extended
20.159836,196,-5.5660257,-0.17244141,-7.846084,0.020506341,0.10652645,0.0026631611,0.0,0.0,0.0,0.0,1.0,0.0,0.0188,0.1476,IncreaseQuarterPeriod,extended
20.26005,197,-5.575606,-0.21076173,-7.8556643,0.016777916,0.12490226,0.009853696,0.0,0.0,0.0,0.0,1.0,0.0,0.0188,0.1476,IncreaseQuarterPeriod,extended
20.360268,198,-5.5564456,-0.2203418,-7.8365045,0.022370555,0.1323591,0.012516857,0.0,0.0,0.0,0.0,1.0,0.0,0.0188,0.1476,IncreaseQuarterPeriod,extended
20.460493,199,-5.5947657,-0.22992188,-7.817344,0.017576864,0.13528858,0.013315806,0.0,0.0,0.0,0.0,1.0,0.0,0.0188,0.1476,IncreaseQuarterPeriod,extended
20.560713,200,-5.575606,-0.22992188,-7.807764,0.018375812,0.12942964,0.007989483,0.0,0.0,0.0,0.0,1.0,0.0,0.0188,0.1476,IncreaseQuarterPeriod,extended
