5.60284e-05,0,-0.919688,-0.153281,-9.55134,-0.00133158,0.0335558,0.0117179,0.0,0.0,0.0,0.0,12.1289,0.0,1.0,1.0,None,seated
0.080148,1,-1.06339,-0.153281,-9.54176,0.00346211,-0.0585895,0.0279632,0.0,0.0,0.0,0.0,11.7773,-4.38949,1.0,1.0,Nothing,seated
0.16022,2,-1.22625,-0.191602,-9.6663,-0.00745685,-0.15473,0.0335558,0.0,0.0,0.0,0.0,10.7227,-13.1718,1.0,1.0,Nothing,seated
0.240309,3,-1.20709,-0.182021,-9.67588,-0.00798948,-0.254332,0.0119842,0.0,0.0,0.0,0.0,9.31641,-17.5586,1.0,1.0,Nothing,seated
0.320406,4,-1.36037,-0.258662,-9.84832,-0.00452737,-0.336357,0.00719053,0.0,0.0,0.0,0.0,7.55859,-21.9461,1.0,1.0,Nothing,seated
0.400499,5,-1.36037,-0.258662,-9.94412,-0.00559264,-0.412524,0.00878843,0.0,0.0,0.0,0.0,5.44922,-26.3366,1.0,1.0,Nothing,seated
0.48059,6,-1.39869,-0.296982,-10.0878,-0.00266316,-0.474575,0.0191748,0.0,0.0,0.0,0.0,2.98828,-30.7268,1.0,1.0,Nothing,seated
0.560679,7,-1.38911,-0.316143,-10.2411,0.000532632,-0.504669,0.03542,0.0,0.0,0.0,0.0,0.527344,-30.7275,1.0,1.0,Nothing,seated
0.640773,8,-1.23583,-0.364043,-10.2794,-0.00319579,-0.525175,0.0274306,0.0,0.0,0.0,0.0,-2.10938,-32.9203,1.0,1.0,Nothing,seated
0.72086,9,-1.28373,-0.325723,-10.2603,-0.00452737,-0.520382,0.00319579,0.0,0.0,0.0,0.0,-4.92188,-35.1181,1.0,1.0,Nothing,seated
0.800951,10,-1.26457,-0.287402,-10.1932,0.000798948,-0.491087,0.00506001,0.0,0.0,0.0,0.0,-6.67969,-21.9477,1.0,1.0,Nothing,seated
0.881042,11,-1.26457,-0.268242,-10.0782,0.00213053,-0.439155,0.0114516,0.0,0.0,0.0,0.0,-8.61328,-24.1425,1.0,1.0,Nothing,seated
0.961134,12,-1.26457,-0.249082,-9.93454,-0.000798948,-0.354467,0.0276969,0.0,0.0,0.0,0.0,-10.7227,-26.3369,1.0,1.0,Nothing,seated
1.04123,13,-1.21667,-0.239502,-9.78126,-0.00506001,-0.288154,0.0271642,0.0,0.0,0.0,0.0,-11.6016,-10.973,1.0,1.0,Nothing,seated
1.12132,14,-1.20709,-0.229922,-9.69504,-0.0066579,-0.192547,0.0154463,0.0,0.0,0.0,0.0,-12.4805,-10.9737,1.0,1.0,Nothing,seated
1.20142,15,-1.22625,-0.249082,-9.6663,-0.00346211,-0.0862864,0.00958738,0.0,0.0,0.0,0.0,-12.832,-4.38932,1.0,1.0,Nothing,seated
1.28151,16,-1.18793,-0.220342,-9.62798,0.000532632,0.015979,0.0125169,0.0,0.0,0.0,0.0,-12.832,0.0,1.0,1.0,Nothing,seated
1.3616,17,-1.22625,-0.239502,-9.62798,0.000798948,0.127033,0.0250337,0.0,0.0,0.0,0.0,-12.1289,8.77895,1.0,1.0,Nothing,seated
1.44169,18,-1.20709,-0.335303,-9.74294,0.0,0.233559,0.0263653,0.0,0.0,0.0,0.0,-11.25,10.974,1.0,1.0,Nothing,seated
1.52179,19,-1.21667,-0.344883,-9.84832,0.00639159,0.323574,0.0215716,0.0,0.0,0.0,0.0,-9.66797,19.7524,1.0,1.0,Nothing,seated
1.60187,20,-1.29331,-0.306563,-9.93454,0.00426106,0.410659,0.0141148,0.0,0.0,0.0,0.0,-7.91016,21.9483,1.0,1.0,Nothing,seated
1.68196,21,-1.29331,-0.306563,-10.0974,0.00292948,0.475907,0.0199737,0.0,0.0,0.0,0.0,-5.80078,26.3389,1.0,1.0,Nothing,seated
1.76205,22,-1.31247,-0.239502,-10.174,0.00346211,0.532899,0.0348874,0.0,0.0,0.0,0.0,-3.16406,32.9223,1.0,1.0,Nothing,seated
1.84214,23,-1.30289,-0.210762,-10.2698,-0.00106526,0.568052,0.0298274,0.0,0.0,0.0,0.0,-0.878906,28.5334,1.0,1.0,Nothing,seated
1.92223,24,-1.31247,-0.239502,-10.2794,0.00292948,0.580835,0.0223706,0.0,0.0,0.0,0.0,1.58203,30.7252,1.0,1.0,Nothing,seated
2.00232,25,-1.27415,-0.210762,-10.2124,0.00213053,0.57258,0.0173105,0.0,0.0,0.0,0.0,3.86719,28.5334,1.0,1.0,Nothing,seated
2.08241,26,-1.26457,-0.220342,-10.1549,0.00346211,0.54941,0.0189084,0.0,0.0,0.0,0.0,6.32812,30.7264,1.0,1.0,Nothing,seated
2.16251,27,-1.24541,-0.249082,-10.0208,0.00479369,0.500674,0.0237021,0.0,0.0,0.0,0.0,8.26172,24.1406,1.0,1.0,Nothing,seated
2.2426,28,-1.20709,-0.287402,-9.88664,0.000266316,0.43809,0.0223706,0.0,0.0,0.0,0.0,9.84375,19.7527,1.0,1.0,Nothing,seated
2.32269,29,-1.14961,-0.296982,-9.77168,-0.00559264,0.346211,0.0157127,0.0,0.0,0.0,0.0,11.25,17.5575,1.0,1.0,Nothing,seated
2.40279,30,-1.14961,-0.287402,-9.6184,0.00266316,0.255397,0.0125169,0.0,0.0,0.0,0.0,12.1289,10.9736,1.0,1.0,Nothing,seated
2.48288,31,-1.11129,-0.306563,-9.55134,0.00266316,0.156594,0.0197074,0.0,0.0,0.0,0.0,12.6562,6.58431,1.0,1.0,Nothing,seated
2.56296,32,-1.12087,-0.268242,-9.50344,0.000532632,0.0468716,0.0213053,0.0,0.0,0.0,0.0,12.6562,0.0,1.0,1.0,Nothing,seated
2.64306,33,-1.13045,-0.287402,-9.53218,-0.00479369,-0.0585895,0.0213053,0.0,0.0,0.0,0.0,12.1289,-6.5839,1.0,1.0,Nothing,seated
2.72315,34,-1.13045,-0.277822,-9.60882,-0.00878843,-0.162985,0.0173105,0.0,0.0,0.0,0.0,11.0742,-13.1683,1.0,1.0,Nothing,seated
2.80323,35,-1.18793,-0.287402,-9.75252,-0.00479369,-0.25806,0.0231695,0.0,0.0,0.0,0.0,9.49219,-19.7569,1.0,1.0,Nothing,seated
2.88331,36,-1.18793,-0.239502,-9.87706,-0.00559264,-0.340086,0.0191748,0.0,0.0,0.0,0.0,7.73438,-21.9488,1.0,1.0,Nothing,seated
2.9634,37,-1.23583,-0.220342,-9.99202,-0.0125169,-0.410393,0.0197074,0.0,0.0,0.0,0.0,5.80078,-24.1425,1.0,1.0,Nothing,seated
3.0435,38,-1.24541,-0.249082,-10.1261,-0.0127832,-0.470048,0.0170442,0.0,0.0,0.0,0.0,3.51562,-28.5299,1.0,1.0,Nothing,seated
3.1236,39,-1.27415,-0.277822,-10.2315,-0.00426106,-0.496147,0.0119842,0.0,0.0,0.0,0.0,0.703125,-35.1128,1.0,1.0,Nothing,seated
3.20369,40,-1.28373,-0.287402,-10.2698,-0.00372843,-0.519583,0.0133158,0.0,0.0,0.0,0.0,-1.58203,-28.532,1.0,1.0,Nothing,seated
3.28378,41,-1.27415,-0.306563,-10.2603,-0.00133158,-0.51186,0.01518,0.0,0.0,0.0,0.0,-3.86719,-28.5323,1.0,1.0,Nothing,seated
3.36387,42,-1.29331,-0.268242,-10.1932,-0.00479369,-0.493217,0.0194411,0.0,0.0,0.0,0.0,-5.97656,-26.3382,1.0,1.0,Nothing,seated
3.44396,43,-1.27415,-0.268242,-10.1357,0.00346211,-0.439688,0.0127832,0.0,0.0,0.0,0.0,-8.08594,-26.3372,1.0,1.0,Nothing,seated
3.52405,44,-1.24541,-0.296982,-9.93454,-0.00506001,-0.355798,0.015979,0.0,0.0,0.0,0.0,-10.1953,-26.3379,1.0,1.0,Nothing,seated
3.60414,45,-1.22625,-0.296982,-9.84832,0.00292948,-0.296676,0.0141148,0.0,0.0,0.0,0.0,-11.25,-13.1691,1.0,1.0,Nothing,seated
3.68423,46,-1.23583,-0.268242,-9.70462,-0.00426106,-0.202134,0.0199737,0.0,0.0,0.0,0.0,-12.1289,-10.9741,1.0,1.0,Nothing,seated
3.76432,47,-1.20709,-0.258662,-9.6663,0.0,-0.102532,0.0175769,0.0,0.0,0.0,0.0,-12.6562,-6.58423,1.0,1.0,Nothing,seated
3.84441,48,-1.18793,-0.220342,-9.62798,-0.0015979,0.00798948,0.02024,0.0,0.0,0.0,0.0,-12.6562,0.0,1.0,1.0,Nothing,seated
3.9245,49,-1.20709,-0.306563,-9.63756,0.000266316,0.115581,0.0162453,0.0,0.0,0.0,0.0,-12.1289,6.58439,1.0,1.0,Nothing,seated
4.00459,50,-1.22625,-0.296982,-9.69504,0.00745685,0.214651,0.0215716,0.0,0.0,0.0,0.0,-11.0742,13.1693,1.0,1.0,Nothing,seated
4.08468,51,-1.24541,-0.316143,-9.84832,-0.00292948,0.310258,0.0181095,0.0,0.0,0.0,0.0,-9.66797,17.559,1.0,1.0,Nothing,seated
4.16476,52,-1.26457,-0.306563,-9.94412,-0.00346211,0.39974,0.026099,0.0,0.0,0.0,0.0,-7.91016,21.949,1.0,1.0,Nothing,seated
4.24485,53,-1.29331,-0.296982,-10.0782,0.00319579,0.46126,0.0239685,0.0,0.0,0.0,0.0,-5.80078,26.3379,1.0,1.0,Nothing,seated
4.32494,54,-1.27415,-0.287402,-10.174,0.00506001,0.512126,0.0231695,0.0,0.0,0.0,0.0,-3.51562,28.5339,1.0,1.0,Nothing,seated
4.40503,55,-1.31247,-0.268242,-10.2219,-0.00346211,0.548345,0.0175769,0.0,0.0,0.0,0.0,-0.878906,32.9223,1.0,1.0,Nothing,seated
4.48511,56,-1.31247,-0.268242,-10.3082,0.00532632,0.570449,0.0199737,0.0,0.0,0.0,0.0,1.05469,24.1434,1.0,1.0,Nothing,seated
4.56521,57,-1.27415,-0.229922,-10.1836,0.0015979,0.567786,0.0237021,0.0,0.0,0.0,0.0,3.69141,32.9187,1.0,1.0,Nothing,seated
4.6453,58,-1.27415,-0.268242,-10.1549,0.00479369,0.54222,0.0242348,0.0,0.0,0.0,0.0,5.80078,26.3383,1.0,1.0,Nothing,seated
4.72539,59,-1.24541,-0.268242,-10.0303,0.00479369,0.495082,0.02024,0.0,0.0,0.0,0.0,7.91016,26.3382,1.0,1.0,Nothing,seated
4.80548,60,-1.20709,-0.277822,-9.84832,0.00319579,0.412524,0.0229032,0.0,0.0,0.0,0.0,10.1953,28.5328,1.0,1.0,Nothing,seated
4.88556,61,-1.19751,-0.268242,-9.7621,0.00426106,0.35713,0.0253,0.0,0.0,0.0,0.0,11.0742,10.9747,1.0,1.0,Nothing,seated
4.96565,62,-1.14961,-0.258662,-9.6663,-0.000532632,0.263653,0.0170442,0.0,0.0,0.0,0.0,11.9531,10.9743,1.0,1.0,Nothing,seated
5.04574,63,-1.14003,-0.296982,-9.58008,0.0,0.163252,0.0205063,0.0,0.0,0.0,0.0,12.3047,4.38973,1.0,1.0,Nothing,seated
5.12583,64,-1.13045,-0.296982,-9.5226,0.000266316,0.0625843,0.0223706,0.0,0.0,0.0,0.0,12.3047,0.0,1.0,1.0,Nothing,seated
5.25386,65,-0.249082,-0.0862207,-9.65672,0.0,-0.106526,0.0740359,0.0,0.0,0.0,0.0,11.25,-8.23749,1.0,1.0,MaintainConstant,extended
5.38599,66,0.632285,-1.02507,-8.52627,-0.0529969,-2.34917,0.00426106,0.0,0.0,0.0,0.0,9.66797,-11.9737,1.0,1.0,MaintainConstant,extended
5.50799,67,-13.7666,-0.708926,-9.8579,-0.226102,-2.95584,-0.306796,0.0,0.0,0.0,0.0,7.03125,-21.6127,1.0,1.0,MaintainConstant,extended
5.62786,68,-7.30002,0.517324,-8.44005,0.0612527,-1.81255,-0.192547,0.0,0.0,0.0,0.0,3.51562,-29.327,1.0,1.0,MaintainConstant,extended
5.70794,69,-8.90947,0.431104,-9.08191,0.0687096,0.475907,0.00958738,0.0,0.0,0.0,0.0,0.703125,-35.1229,1.0,1.0,MaintainConstant,extended
5.78801,70,0.0287402,0.306563,-8.11433,-0.111586,-1.1614,-0.0652474,0.0,0.0,0.0,0.0,-1.58203,-28.5378,1.0,1.0,MaintainConstant,extended
5.86809,71,-8.47837,-0.0862207,-7.61616,-0.0447411,-0.248739,0.125435,0.0,0.0,0.0,0.0,-4.21875,-32.9289,1.0,1.0,MaintainConstant,extended
5.94816,72,-5.65225,-0.354463,-8.51669,-0.0620517,-0.540888,0.03036,0.0,0.0,0.0,0.0,-5.97656,-21.9526,1.0,1.0,MaintainConstant,extended
6.07386,73,-7.44372,-0.134121,-8.64123,-0.00639159,-0.334227,-0.0641822,0.0,0.0,0.0,0.0,-8.96484,-23.7728,1.0,1.0,MaintainConstant,seated
6.18887,74,-7.10842,0.747246,-6.7827,0.0711064,0.264718,-0.0801611,0.0,0.0,0.0,0.0,-11.4258,-21.3982,1.0,1.0,MaintainConstant,seated
6.32111,75,0.958008,-3.52547,-4.43558,0.19228,4.10766,-0.205063,0.0,0.0,0.0,0.0,-12.6562,-9.30453,1.0,1.0,MaintainConstant,seated
6.44125,76,2.72074,0.843047,-12.6074,-0.00772317,1.01227,0.0114516,0.0,0.0,0.0,0.0,-12.6562,0.0,1.0,1.0,MaintainConstant,seated
6.56436,77,-4.15775,-0.210762,-10.0399,0.0314253,-0.982174,0.300405,0.0,0.0,0.0,0.0,-11.25,11.4223,1.0,1.0,MaintainConstant,seated
6.7061,78,-0.977168,-0.526904,-9.58966,-0.0479369,0.581634,-0.0780306,0.0,0.0,0.0,0.0,-8.78906,17.3628,1.0,1.0,MaintainConstant,seated
6.83257,79,-1.59029,-0.383203,-9.89622,0.0194411,0.289219,0.00506001,0.0,0.0,0.0,0.0,-5.625,25.0169,1.0,1.0,MaintainConstant,seated
6.96837,80,-1.31247,-0.498164,-10.6339,-0.0322242,0.628506,0.0633832,0.0,0.0,0.0,0.0,-1.75781,28.4777,1.0,1.0,MaintainConstant,seated
7.04845,81,-1.27415,-0.0191602,-10.3082,-0.0119842,0.562726,0.0364853,0.0,0.0,0.0,0.0,0.878906,32.9268,1.0,1.0,MaintainConstant,seated
7.12852,82,-1.38911,-0.239502,-10.2219,-0.0133158,0.600543,0.0146474,0.0,0.0,0.0,0.0,3.33984,30.7325,1.0,1.0,MaintainConstant,seated
7.2086,83,-1.25499,-0.0958008,-10.107,0.010919,0.544883,-0.00213053,0.0,0.0,0.0,0.0,5.625,28.5373,1.0,1.0,MaintainConstant,seated
7.32774,84,-1.24541,-0.143701,-10.9979,-0.000266316,0.452737,0.056459,0.0,0.0,0.0,0.0,8.78906,26.5587,1.0,1.0,MaintainConstant,extended
7.47661,85,-1.60945,-0.593965,-8.18139,0.04048,-2.13159,0.11132,0.0,0.0,0.0,0.0,11.7773,20.072,1.0,1.0,MaintainConstant,extended
7.61361,86,-5.0487,-2.8836,-11.9176,0.0359527,-0.186421,-0.173105,0.0,0.0,0.0,0.0,12.4805,5.13241,1.0,1.0,MaintainConstant,extended
7.75437,87,-7.81734,0.862207,-6.72521,-0.0250337,-0.811199,-0.071639,0.0,0.0,0.0,0.0,12.4805,0.0,1.0,1.0,MaintainConstant,extended
7.9128,88,-8.08559,-0.622705,-8.10475,-0.0567253,-0.376571,0.110788,0.0,0.0,0.0,0.0,10.5469,-12.2044,1.0,1.0,MaintainConstant,extended
8.03738,89,-5.15408,-0.411943,-8.06643,-0.0732369,-0.42797,-0.000532632,0.0,0.0,0.0,0.0,8.08594,-19.7549,1.0,1.0,MaintainConstant,extended
8.15675,90,-6.50487,-0.105381,-8.48795,0.00133158,-0.469515,-0.0308927,0.0,0.0,0.0,0.0,4.57031,-29.4511,1.0,1.0,MaintainConstant,extended
8.23682,91,-5.67141,0.0,-7.597,0.0274306,-0.508664,-0.0162453,0.0,0.0,0.0,0.0,2.10938,-30.7329,1.0,1.0,MaintainConstant,extended
8.31689,92,-6.75396,-0.143701,-8.62207,-0.00266316,-0.505468,-0.0154463,0.0,0.0,0.0,0.0,-0.351562,-30.7341,1.0,1.0,MaintainConstant,extended
8.39697,93,-5.96839,-0.0383203,-8.05685,-0.0157127,-0.560595,0.0194411,0.0,0.0,0.0,0.0,-2.8125,-30.7332,1.0,1.0,MaintainConstant,extended
8.47705,94,-5.96839,-0.0574805,-7.5012,-0.00798948,-0.441552,0.072438,0.0,0.0,0.0,0.0,-5.09766,-28.5373,1.0,1.0,MaintainConstant,extended
8.60174,95,-6.16957,-0.220342,-7.91315,-0.00372843,-0.361391,0.0338221,0.0,0.0,0.0,0.0,-8.26172,-25.3736,1.0,1.0,MaintainConstant,seated
8.72108,96,-9.08191,-0.239502,-7.82692,0.00639159,0.360592,-0.0801611,0.0,0.0,0.0,0.0,-11.0742,-23.5673,1.0,1.0,MaintainConstant,seated
8.85668,97,0.967588,-0.555645,-11.1129,0.43809,3.55692,-0.196275,0.0,0.0,0.0,0.0,-12.6562,-11.667,1.0,1.0,MaintainConstant,seated
8.99087,98,1.47533,0.124541,-9.59924,0.0420779,1.6943,-0.0524643,0.0,0.0,0.0,0.0,-12.6562,0.0,1.0,1.0,MaintainConstant,seated
9.10658,99,-3.11353,-0.546064,-10.9692,-0.0431432,-0.435693,0.0681769,0.0,0.0,0.0,0.0,-11.9531,6.07644,1.0,1.0,MaintainConstant,seated
9.22848,100,-0.603545,-0.536484,-10.3848,-0.0524643,0.46339,-0.0418116,0.0,0.0,0.0,0.0,-10.0195,15.8618,1.0,1.0,MaintainConstant,seated
9.35725,101,-1.23583,-0.306563,-10.6626,-0.0258327,0.310525,0.0484695,0.0,0.0,0.0,0.0,-6.67969,25.9376,1.0,1.0,MaintainConstant,seated
9.48399,102,-1.37953,-0.488584,-10.9883,-0.0426106,0.601874,0.0402137,0.0,0.0,0.0,0.0,-3.16406,27.7388,1.0,1.0,MaintainConstant,seated
9.56407,103,-1.22625,0.0,-9.84832,0.00452737,0.560595,0.0189084,0.0,0.0,0.0,0.0,-0.527344,32.9264,1.0,1.0,MaintainConstant,seated
9.64414,104,-1.27415,-0.258662,-10.3561,0.0141148,0.609864,-0.00452737,0.0,0.0,0.0,0.0,1.75781,28.5391,1.0,1.0,MaintainConstant,seated
9.72421,105,-1.22625,-0.0287402,-10.0495,-0.00426106,0.582433,-0.00372843,0.0,0.0,0.0,0.0,4.21875,30.732,1.0,1.0,MaintainConstant,seated
9.80429,106,-1.19751,-0.277822,-10.0112,0.0223706,0.570715,0.0396811,0.0,0.0,0.0,0.0,6.50391,28.5383,1.0,1.0,MaintainConstant,seated
9.963,107,-0.977168,-0.929268,-9.32142,-0.0194411,0.295345,0.125701,0.0,0.0,0.0,0.0,10.5469,25.4738,1.0,1.0,MaintainConstant,extended
10.1028,108,1.27415,-0.488584,-5.60435,0.0215716,-2.66183,-0.00852212,0.0,0.0,0.0,0.0,12.6562,15.0932,1.0,1.0,MaintainConstant,extended
10.2571,109,-1.38911,0.737666,-5.63309,0.212254,1.53132,-0.00506001,0.0,0.0,0.0,0.0,13.1836,3.4163,1.0,1.0,MaintainConstant,extended
10.4625,110,-4.53138,-0.0574805,-6.67731,-0.0759001,-0.259392,0.0532632,0.0,0.0,0.0,0.0,11.25,-9.41528,1.0,1.0,MaintainConstant,extended
10.5816,111,-5.87259,-0.546064,-7.03178,-0.0138484,-0.403735,0.0833569,0.0,0.0,0.0,0.0,8.61328,-22.1406,1.0,1.0,MaintainConstant,extended
10.7012,112,-6.14083,-0.124541,-7.5012,0.0181095,-0.365386,0.0322242,0.0,0.0,0.0,0.0,5.27344,-27.9087,1.0,1.0,MaintainConstant,extended
10.8304,113,-5.59477,-0.0670606,-7.52036,0.0545948,-0.437291,0.0098537,0.0,0.0,0.0,0.0,1.40625,-29.9479,1.0,1.0,MaintainConstant,extended
10.9105,114,-6.67731,-0.0862207,-8.47837,0.00479369,-0.520115,0.00426106,0.0,0.0,0.0,0.0,-1.23047,-32.9268,1.0,1.0,MaintainConstant,extended
10.9905,115,-5.95881,-0.0670606,-7.91315,-0.0346211,-0.526241,0.0162453,0.0,0.0,0.0,0.0,-3.86719,-32.9285,1.0,1.0,MaintainConstant,extended
11.0706,116,-6.25579,-0.105381,-8.07601,-0.0237021,-0.47138,0.0668453,0.0,0.0,0.0,0.0,-5.97656,-26.3419,1.0,1.0,MaintainConstant,extended
11.189,117,-6.23663,-0.105381,-7.70238,0.00772317,-0.3795,0.0380832,0.0,0.0,0.0,0.0,-8.96484,-25.2421,1.0,1.0,MaintainConstant,seated
11.316,118,-7.94188,-0.0574805,-7.07968,0.0263653,0.38749,-0.0300937,0.0,0.0,0.0,0.0,-11.7773,-22.1437,1.0,1.0,MaintainConstant,seated
11.4376,119,-1.9735,-3.73623,-9.35016,0.242348,4.46532,-0.175769,0.0,0.0,0.0,0.0,-12.832,-8.67492,1.0,1.0,MaintainConstant,seated
11.558,120,-0.536484,-2.03098,-9.32142,0.0,0.849016,0.0324906,0.0,0.0,0.0,0.0,-12.832,0.0,1.0,1.0,MaintainConstant,seated
11.6767,121,-5.72889,-0.670605,-9.96328,-0.0553938,-0.992294,0.0655138,0.0,0.0,0.0,0.0,-11.9531,7.40127,1.0,1.0,MaintainConstant,seated
11.8021,122,-1.48491,0.00958008,-10.2794,-0.00878843,0.560329,-0.0332895,0.0,0.0,0.0,0.0,-9.84375,16.8244,1.0,1.0,MaintainConstant,seated
11.93,123,-1.36037,-0.325723,-9.78126,0.0114516,0.302269,0.123038,0.0,0.0,0.0,0.0,-6.67969,24.745,1.0,1.0,MaintainConstant,seated
12.0539,124,-1.14961,-0.114961,-9.99202,-0.0133158,0.626908,0.021039,0.0,0.0,0.0,0.0,-2.98828,29.7964,1.0,1.0,MaintainConstant,seated
12.1339,125,-1.16877,0.0670606,-10.1166,0.0218379,0.582433,-0.00798948,0.0,0.0,0.0,0.0,-0.527344,30.7342,1.0,1.0,MaintainConstant,seated
12.214,126,-1.36995,-0.0958008,-10.2028,0.0170442,0.612793,0.00585895,0.0,0.0,0.0,0.0,2.10938,32.9255,1.0,1.0,MaintainConstant,seated
12.2941,127,-1.25499,-0.0958008,-9.98244,0.0197074,0.582966,0.0447411,0.0,0.0,0.0,0.0,4.39453,28.5379,1.0,1.0,MaintainConstant,seated
12.3742,128,-1.43701,-0.287402,-10.3944,0.00346211,0.572047,0.0556601,0.0,0.0,0.0,0.0,6.67969,28.5348,1.0,1.0,MaintainConstant,seated
12.5079,129,-1.05381,-0.354463,-11.0075,0.00719053,0.383229,0.0761664,0.0,0.0,0.0,0.0,9.84375,23.6675,1.0,1.0,MaintainConstant,extended
12.6363,130,0.670605,-0.0287402,-8.66039,0.0743022,-1.8232,0.0756338,0.0,0.0,0.0,0.0,12.4805,20.5368,1.0,1.0,MaintainConstant,extended
12.7979,131,-9.45554,-0.124541,-6.10251,0.158724,1.03437,-0.061519,0.0,0.0,0.0,0.0,13.1836,4.35067,1.0,1.0,MaintainConstant,extended
12.972,132,-3.99489,0.258662,-7.97063,0.0218379,0.803742,0.142745,0.0,0.0,0.0,0.0,11.9531,-7.06689,1.0,1.0,MaintainConstant,extended
13.0981,133,-7.95147,-0.220342,-7.98021,-0.0338221,-0.33396,0.117712,0.0,0.0,0.0,0.0,9.84375,-16.7243,1.0,1.0,MaintainConstant,extended
13.2215,134,-6.71563,-0.574805,-9.331,-0.0367516,-0.539024,0.0197074,0.0,0.0,0.0,0.0,6.67969,-25.6475,1.0,1.0,MaintainConstant,extended
13.3662,135,-6.27495,-0.220342,-7.87482,0.0375506,-0.512925,0.0098537,0.0,0.0,0.0,0.0,2.28516,-30.3664,1.0,1.0,MaintainConstant,extended
13.4463,136,-6.61983,-0.124541,-8.09517,0.00772317,-0.495614,-0.0271642,0.0,0.0,0.0,0.0,-0.351562,-32.9279,1.0,1.0,MaintainConstant,extended
13.5263,137,-5.52771,-0.0574805,-7.84608,0.026099,-0.493484,0.0308927,0.0,0.0,0.0,0.0,-2.8125,-30.7332,1.0,1.0,MaintainConstant,extended
13.6064,138,-6.98388,-0.172441,-8.54543,-0.0314253,-0.435161,0.0655138,0.0,0.0,0.0,0.0,-5.27344,-30.7349,1.0,1.0,MaintainConstant,extended
13.7329,139,-6.91682,0.0479004,-8.05685,0.00213053,-0.384827,0.0213053,0.0,0.0,0.0,0.0,-8.4375,-25.0218,1.0,1.0,MaintainConstant,seated
13.8566,140,-9.81,0.823887,-8.24845,0.0308927,0.316117,-0.0671117,0.0,0.0,0.0,0.0,-11.4258,-24.1559,1.0,1.0,MaintainConstant,seated
13.9784,141,1.77231,-1.94476,-5.99713,0.487358,4.03975,0.11132,0.0,0.0,0.0,0.0,-12.6562,-10.1028,1.0,1.0,MaintainConstant,seated
14.0987,142,2.56746,-2.4525,-10.9979,0.0636496,0.956075,0.320911,0.0,0.0,0.0,0.0,-13.1836,-4.38086,1.0,1.0,MaintainConstant,seated
14.2211,143,-3.83203,-0.852627,-9.38848,-0.0796285,-1.29669,0.104396,0.0,0.0,0.0,0.0,-12.3047,7.18262,1.0,1.0,MaintainConstant,seated
14.3436,144,-2.29922,0.0766406,-8.47837,0.0314253,0.680704,-0.000532632,0.0,0.0,0.0,0.0,-10.5469,14.349,1.0,1.0,MaintainConstant,seated
14.4685,145,-0.162861,-0.134121,-9.5226,0.0135821,0.318514,0.0806938,0.0,0.0,0.0,0.0,-7.38281,25.3375,1.0,1.0,MaintainConstant,seated
14.6,146,-1.31247,0.0862207,-9.65672,-0.0356864,0.657801,0.0274306,0.0,0.0,0.0,0.0,-3.69141,28.0723,1.0,1.0,MaintainConstant,seated
14.6801,147,-1.04423,-0.182021,-10.0016,0.0367516,0.630903,0.0319579,0.0,0.0,0.0,0.0,-1.23047,30.7333,1.0,1.0,MaintainConstant,seated
14.7601,148,-1.51365,-0.335303,-10.5381,-0.00852212,0.621848,0.0114516,0.0,0.0,0.0,0.0,1.23047,30.7342,1.0,1.0,MaintainConstant,seated
14.8402,149,-1.20709,-0.191602,-10.0687,0.02024,0.61812,0.0284958,0.0,0.0,0.0,0.0,3.86719,32.928,1.0,1.0,MaintainConstant,seated
14.9203,150,-1.49449,-0.325723,-10.4614,0.00133158,0.581102,0.0407464,0.0,0.0,0.0,0.0,6.15234,28.5388,1.0,1.0,MaintainConstant,seated
15.0374,151,-1.11129,-0.373623,-10.9213,0.0237021,0.50387,0.03036,0.0,0.0,0.0,0.0,9.31641,27.0194,1.0,1.0,MaintainConstant,extended
15.173,152,0.526904,-0.229922,-7.81734,-0.00852212,-1.94491,0.0500674,0.0,0.0,0.0,0.0,12.1289,20.7398,1.0,1.0,MaintainConstant,extended
15.3339,153,-13.46,0.153281,-10.8542,0.144343,1.70948,0.0751011,0.0,0.0,0.0,0.0,13.7109,9.83359,1.0,1.0,MaintainConstant,extended
15.5372,154,-0.0574805,0.00958008,-4.11943,-0.0620517,0.604005,0.0567253,0.0,0.0,0.0,0.0,12.1289,-7.77899,1.0,1.0,MaintainConstant,extended
15.6658,155,-6.16957,0.0,-7.29044,-0.0245011,-0.153132,0.138484,0.0,0.0,0.0,0.0,9.84375,-17.7829,1.0,1.0,MaintainConstant,extended
15.7811,156,-5.70973,-0.182021,-7.42456,0.021039,-0.413056,0.117978,0.0,0.0,0.0,0.0,7.03125,-24.379,1.0,1.0,MaintainConstant,extended
15.9046,157,-5.53729,-0.306563,-7.597,0.0474043,-0.448743,0.0189084,0.0,0.0,0.0,0.0,3.16406,-31.3121,1.0,1.0,MaintainConstant,extended
15.9847,158,-6.65815,-0.162861,-8.34425,0.0119842,-0.533964,-0.0388822,0.0,0.0,0.0,0.0,0.527344,-32.9278,1.0,1.0,MaintainConstant,extended
16.0648,159,-5.69057,0.0670606,-7.79818,0.0167779,-0.531034,0.0127832,0.0,0.0,0.0,0.0,-1.93359,-30.7315,1.0,1.0,MaintainConstant,extended
16.1449,160,-6.50487,-0.114961,-8.21013,-0.0138484,-0.508131,0.0348874,0.0,0.0,0.0,0.0,-4.57031,-32.9242,1.0,1.0,MaintainConstant,extended
16.2249,161,-5.95881,-0.0766406,-7.9323,-0.0346211,-0.533697,0.0245011,0.0,0.0,0.0,0.0,-6.85547,-28.5382,1.0,1.0,MaintainConstant,extended
16.3463,162,-5.70973,-0.172441,-7.82692,-0.00745685,-0.39468,0.0106526,0.0,0.0,0.0,0.0,-9.66797,-23.1832,1.0,1.0,MaintainConstant,seated
16.4779,163,-9.03401,-0.249082,-7.8844,0.0316916,0.677508,-0.0556601,0.0,0.0,0.0,0.0,-12.3047,-20.0328,1.0,1.0,MaintainConstant,seated
16.597,164,-1.00591,-1.18793,-10.4423,0.298008,4.33856,-0.0753675,0.0,0.0,0.0,0.0,-13.1836,-7.3782,1.0,1.0,MaintainConstant,seated
16.7204,165,0.239502,-1.39869,-10.6626,-0.0242348,1.55715,0.185356,0.0,0.0,0.0,0.0,-12.832,2.84919,1.0,1.0,MaintainConstant,seated
16.8496,166,-3.30513,-0.823887,-10.3369,-0.0343548,-0.899616,-0.0921454,0.0,0.0,0.0,0.0,-11.7773,8.16326,1.0,1.0,MaintainConstant,seated
16.9749,167,-0.0479004,-0.450264,-10.5477,-0.0205063,0.726244,-0.0314253,0.0,0.0,0.0,0.0,-9.31641,19.6424,1.0,1.0,MaintainConstant,seated
17.101,168,-1.39869,0.114961,-10.0878,-0.00319579,0.377903,0.115581,0.0,0.0,0.0,0.0,-5.80078,27.8741,1.0,1.0,MaintainConstant,seated
17.2351,169,-1.22625,-0.210762,-10.3273,-0.0487358,0.638626,0.00798948,0.0,0.0,0.0,0.0,-1.58203,31.4532,1.0,1.0,MaintainConstant,seated
17.3152,170,-1.20709,0.0670606,-10.3752,-0.00292948,0.591222,-0.0276969,0.0,0.0,0.0,0.0,1.05469,32.9292,1.0,1.0,MaintainConstant,seated
17.3953,171,-1.35079,-0.143701,-10.1549,0.0194411,0.629571,-0.0125169,0.0,0.0,0.0,0.0,3.51562,30.7348,1.0,1.0,MaintainConstant,seated
17.4753,172,-1.21667,-0.134121,-10.1836,0.000532632,0.586961,0.0460727,0.0,0.0,0.0,0.0,5.80078,28.5354,1.0,1.0,MaintainConstant,seated
17.6024,173,-0.890947,0.0958008,-10.9692,-0.015979,0.459129,0.082558,0.0,0.0,0.0,0.0,9.14062,26.2927,1.0,1.0,MaintainConstant,extended
17.7329,174,-0.613125,-0.182021,-9.3789,0.0127832,-1.78059,-0.0276969,0.0,0.0,0.0,0.0,12.3047,24.247,1.0,1.0,MaintainConstant,extended
17.861,175,-15.4718,-1.73399,-11.8889,0.0828243,-0.789627,-0.175236,0.0,0.0,0.0,0.0,13.1836,6.85961,1.0,1.0,MaintainConstant,extended
18.0133,176,-7.06052,-1.27415,-5.58519,-0.0988033,-0.798149,-0.128364,0.0,0.0,0.0,0.0,13.1836,0.0,1.0,1.0,MaintainConstant,extended
18.1407,177,-4.18649,-0.0383203,-8.63165,-0.0921454,-0.631702,0.0314253,0.0,0.0,0.0,0.0,11.7773,-11.0303,1.0,1.0,MaintainConstant,extended
18.2655,178,-5.03912,-0.229922,-7.00304,-0.061519,-0.24581,0.0428769,0.0,0.0,0.0,0.0,9.31641,-19.7259,1.0,1.0,MaintainConstant,extended
18.3873,179,-5.55645,-0.344883,-7.98021,-0.0199737,-0.504403,-0.0306264,0.0,0.0,0.0,0.0,5.80078,-28.8744,1.0,1.0,MaintainConstant,extended
18.5092,180,-6.70606,-0.105381,-8.26761,0.0308927,-0.586961,-0.026099,0.0,0.0,0.0,0.0,2.10938,-30.2686,1.0,1.0,MaintainConstant,extended
18.5893,181,-6.22705,-0.114961,-8.31551,0.0197074,-0.507599,-0.00239685,0.0,0.0,0.0,0.0,-0.703125,-35.1241,1.0,1.0,MaintainConstant,extended
18.6694,182,-6.43781,-0.0191602,-8.36341,-0.0237021,-0.56246,0.0231695,0.0,0.0,0.0,0.0,-3.33984,-32.929,1.0,1.0,MaintainConstant,extended
18.7494,183,-5.42232,-0.134121,-8.01853,-0.0306264,-0.524909,0.0343548,0.0,0.0,0.0,0.0,-5.625,-28.5401,1.0,1.0,MaintainConstant,extended
18.8831,184,-6.16957,-0.536484,-8.08559,0.0170442,-0.318248,-0.00372843,0.0,0.0,0.0,0.0,-9.14062,-26.2951,1.0,1.0,MaintainConstant,seated
19.0134,185,-10.1261,-0.680186,-8.15265,0.00852212,0.365652,-0.092678,0.0,0.0,0.0,0.0,-12.1289,-22.9415,1.0,1.0,MaintainConstant,seated
19.1346,186,1.10171,-0.919688,-7.3575,0.48363,4.16359,-0.0442085,0.0,0.0,0.0,0.0,-13.1836,-8.69877,1.0,1.0,MaintainConstant,seated
19.2571,187,0.507744,-1.8298,-11.2758,0.267648,1.11586,0.320911,0.0,0.0,0.0,0.0,-13.3594,-1.43497,1.0,1.0,MaintainConstant,seated
19.378,188,-4.87626,-1.21667,-8.38257,0.00106526,-1.0871,0.0407464,0.0,0.0,0.0,0.0,-12.3047,8.72588,1.0,1.0,MaintainConstant,seated
19.508,189,-1.28373,-0.593965,-10.9309,-0.00559264,0.642088,-0.03036,0.0,0.0,0.0,0.0,-10.1953,16.2258,1.0,1.0,MaintainConstant,seated
19.6331,190,-1.24541,-0.325723,-9.84832,-0.00719053,0.335026,0.0958738,0.0,0.0,0.0,0.0,-7.03125,25.2884,1.0,1.0,MaintainConstant,seated
19.7876,191,-1.35079,-0.546064,-10.5477,0.0197074,0.630637,0.000798948,0.0,0.0,0.0,0.0,-1.93359,32.9993,1.0,1.0,MaintainConstant,seated
19.8677,192,-1.22625,-0.440684,-10.6243,-0.0066579,0.594151,-0.00692422,0.0,0.0,0.0,0.0,0.527344,30.7342,1.0,1.0,MaintainConstant,seated
19.9477,193,-1.22625,-0.210762,-10.2507,0.0154463,0.645284,0.0133158,0.0,0.0,0.0,0.0,2.98828,30.7362,1.0,1.0,MaintainConstant,seated
20.0278,194,-1.27415,-0.268242,-10.3177,-0.00932106,0.588026,0.0340885,0.0,0.0,0.0,0.0,5.625,32.9295,1.0,1.0,MaintainConstant,seated
20.1539,195,-0.948428,-0.344883,-10.3082,-0.0205063,0.494016,0.0410127,0.0,0.0,0.0,0.0,8.96484,26.4911,1.0,1.0,MaintainConstant,extended
20.2826,196,2.00224,-0.900527,-9.64714,-0.0490022,-1.10468,-0.0306264,0.0,0.0,0.0,0.0,12.1289,24.5746,1.0,1.0,MaintainConstant,extended
20.4103,197,-19.5721,0.852627,-8.21013,-0.104929,-1.1164,-0.321444,0.0,0.0,0.0,0.0,13.1836,8.26339,1.0,1.0,MaintainConstant,extended
20.5819,198,-7.29044,-1.26457,-6.96472,-0.122239,-0.535828,-0.20746,0.0,0.0,0.0,0.0,13.1836,0.0,1.0,1.0,MaintainConstant,extended
20.7236,199,-6.8785,-0.210762,-7.39582,-0.0276969,-0.776844,0.152599,0.0,0.0,0.0,0.0,11.7773,-9.92133,1.0,1.0,MaintainConstant,extended
20.8434,200,-5.59477,-0.718506,-8.13349,-0.0948085,-0.234358,0.0135821,0.0,0.0,0.0,0.0,9.14062,-22.0159,1.0,1.0,MaintainConstant,extended
20.9669,201,-7.03178,-0.364043,-8.43047,0.0066579,-0.502272,0.00292948,0.0,0.0,0.0,0.0,5.625,-28.4678,1.0,1.0,MaintainConstant,extended
21.09,202,-6.86892,-0.153281,-7.97063,0.0359527,-0.564058,-0.0274306,0.0,0.0,0.0,0.0,1.58203,-32.8363,1.0,1.0,MaintainConstant,extended
21.1701,203,-5.85343,-0.0670606,-8.08559,0.0127832,-0.494016,0.00719053,0.0,0.0,0.0,0.0,-1.05469,-32.9274,1.0,1.0,MaintainConstant,extended
21.2502,204,-6.71563,0.0,-8.31551,-0.0229032,-0.569384,0.0503337,0.0,0.0,0.0,0.0,-3.69141,-32.9271,1.0,1.0,MaintainConstant,extended
21.3302,205,-6.15041,-0.114961,-8.21013,-0.0306264,-0.528904,0.0423443,0.0,0.0,0.0,0.0,-6.15234,-30.7339,1.0,1.0,MaintainConstant,extended
21.4539,206,-6.15041,-0.191602,-7.6449,-0.00133158,-0.367516,0.000798948,0.0,0.0,0.0,0.0,-9.31641,-25.5905,1.0,1.0,MaintainConstant,seated
21.576,207,-10.0112,-0.344883,-7.5491,0.0535295,0.377104,-0.0777643,0.0,0.0,0.0,0.0,-12.1289,-23.0293,1.0,1.0,MaintainConstant,seated
21.7054,208,7.71196,-2.72074,-8.01853,0.495881,4.02457,-0.164317,0.0,0.0,0.0,0.0,-13.5352,-10.8689,1.0,1.0,MaintainConstant,seated
21.8649,209,5.26904,-1.52323,-8.32509,0.0860201,-0.144077,0.0593885,0.0,0.0,0.0,0.0,-13.3594,1.10209,1.0,1.0,MaintainConstant,seated
22.007,210,-3.16143,-0.0862207,-9.08191,0.0125169,0.721717,0.0306264,0.0,0.0,0.0,0.0,-11.6016,12.3678,1.0,1.0,MaintainConstant,seated
22.1403,211,-0.469424,0.0,-9.84832,-0.0191748,0.522246,0.00639159,0.0,0.0,0.0,0.0,-8.61328,22.4256,1.0,1.0,MaintainConstant,seated
22.2933,212,-1.36037,-0.0766406,-9.8579,-0.0146474,0.675111,0.0367516,0.0,0.0,0.0,0.0,-4.04297,29.8707,1.0,1.0,MaintainConstant,seated
22.3733,213,-1.04423,-0.517324,-10.0112,0.0146474,0.650078,0.0237021,0.0,0.0,0.0,0.0,-1.58203,30.7351,1.0,1.0,MaintainConstant,seated
22.4534,214,-1.30289,-0.507744,-10.5093,-0.00932106,0.631169,0.0133158,0.0,0.0,0.0,0.0,1.23047,35.1226,1.0,1.0,MaintainConstant,seated
22.5335,215,-1.20709,-0.296982,-10.2507,-0.000798948,0.630637,0.0239685,0.0,0.0,0.0,0.0,3.86719,32.9287,1.0,1.0,MaintainConstant,seated
22.6136,216,-1.32205,-0.306563,-10.3752,-0.01012,0.583499,0.0375506,0.0,0.0,0.0,0.0,6.15234,28.5387,1.0,1.0,MaintainConstant,seated
22.7331,217,-0.804727,-0.316143,-12.5691,0.00426106,0.468983,0.0708401,0.0,0.0,0.0,0.0,9.31641,26.4629,1.0,1.0,MaintainConstant,extended
22.8601,218,-0.124541,0.0670606,-9.44596,0.0213053,-1.42319,-0.0308927,0.0,0.0,0.0,0.0,12.4805,24.9137,1.0,1.0,MaintainConstant,extended
22.9969,219,-19.5721,-0.488584,-9.88664,-0.0812264,-0.907872,-0.332895,0.0,0.0,0.0,0.0,13.5352,7.71207,1.0,1.0,MaintainConstant,extended
23.1479,220,-8.66039,-0.220342,-6.79228,-0.100401,-0.95714,-0.161388,0.0,0.0,0.0,0.0,13.5352,0.0,1.0,1.0,MaintainConstant,extended
23.295,221,-5.65225,-0.229922,-8.53585,-0.0964064,-0.838629,0.102532,0.0,0.0,0.0,0.0,11.7773,-11.9488,1.0,1.0,MaintainConstant,extended
23.4161,222,-5.27862,-0.364043,-8.17181,-0.0692422,-0.23569,0.00452737,0.0,0.0,0.0,0.0,9.14062,-21.7696,1.0,1.0,MaintainConstant,extended
23.5526,223,-6.8785,-0.229922,-8.63165,-0.00958738,-0.471646,-0.00239685,0.0,0.0,0.0,0.0,5.09766,-29.6246,1.0,1.0,MaintainConstant,extended
23.6727,224,-6.32285,-0.0958008,-7.91315,0.0370179,-0.556867,-0.04048,0.0,0.0,0.0,0.0,1.05469,-33.6479,1.0,1.0,MaintainConstant,extended
23.7528,225,-5.81511,0.0479004,-7.85566,0.0250337,-0.504136,0.00452737,0.0,0.0,0.0,0.0,-1.58203,-32.9293,1.0,1.0,MaintainConstant,extended
23.8329,226,-6.98388,-0.0383203,-8.67955,-0.0245011,-0.55953,0.0237021,0.0,0.0,0.0,0.0,-4.21875,-32.9274,1.0,1.0,MaintainConstant,extended
23.913,227,-6.04503,-0.105381,-8.04727,-0.0332895,-0.558998,0.0338221,0.0,0.0,0.0,0.0,-6.50391,-28.5379,1.0,1.0,MaintainConstant,extended
24.0406,228,-5.75763,-0.182021,-7.597,0.0194411,-0.315318,0.00266316,0.0,0.0,0.0,0.0,-9.66797,-24.7866,1.0,1.0,MaintainConstant,seated
24.1631,229,-8.69871,-0.507744,-7.6449,0.0588559,0.668453,0.0322242,0.0,0.0,0.0,0.0,-12.6562,-24.3947,1.0,1.0,MaintainConstant,seated
24.2888,230,8.47837,-2.66326,-9.65672,0.487358,4.34415,-0.140082,0.0,0.0,0.0,0.0,-13.7109,-8.39475,1.0,1.0,MaintainConstant,seated
24.4045,231,0.689766,-0.613125,-10.6147,0.167779,1.69324,0.123038,0.0,0.0,0.0,0.0,-13.3594,3.03756,1.0,1.0,MaintainConstant,seated
24.5319,232,-3.05605,-0.871787,-10.9692,-0.010919,-0.674579,0.00213053,0.0,0.0,0.0,0.0,-12.3047,8.28001,1.0,1.0,MaintainConstant,seated
24.66,233,0.0766406,-0.488584,-10.1645,-0.0370179,0.534496,-0.01518,0.0,0.0,0.0,0.0,-10.0195,17.8344,1.0,1.0,MaintainConstant,seated
24.7836,234,-0.689766,-0.0670606,-10.107,-0.0266316,0.358994,0.0814927,0.0,0.0,0.0,0.0,-6.32812,29.8696,1.0,1.0,MaintainConstant,seated
24.913,235,-1.30289,-0.306563,-10.6147,-0.0492685,0.6586,0.00479369,0.0,0.0,0.0,0.0,-2.28516,31.2405,1.0,1.0,MaintainConstant,seated
24.9931,236,-1.25499,0.0862207,-10.0591,-0.00266316,0.616522,-0.00532632,0.0,0.0,0.0,0.0,0.175781,30.733,1.0,1.0,MaintainConstant,seated
25.0732,237,-1.28373,-0.124541,-10.2219,0.0127832,0.651143,0.00772317,0.0,0.0,0.0,0.0,2.8125,32.9258,1.0,1.0,MaintainConstant,seated
25.1532,238,-1.20709,-0.172441,-10.2028,-0.000532632,0.615989,0.0234358,0.0,0.0,0.0,0.0,5.44922,32.9275,1.0,1.0,MaintainConstant,seated
25.2817,239,-1.05381,-0.296982,-11.1129,-0.00479369,0.531567,0.0937433,0.0,0.0,0.0,0.0,8.96484,27.3548,1.0,1.0,MaintainConstant,extended
25.4056,240,2.13636,0.239502,-9.34058,-0.0221042,-1.29589,-0.0833569,0.0,0.0,0.0,0.0,12.1289,25.5438,1.0,1.0,MaintainConstant,extended
25.5255,241,-16.2095,-0.986748,-9.78126,-0.322509,-2.94359,0.0167779,0.0,0.0,0.0,0.0,13.7109,13.1967,1.0,1.0,MaintainConstant,extended
25.6879,242,-11.4099,-0.593965,-8.63165,0.00213053,-0.839428,-0.0106526,0.0,0.0,0.0,0.0,13.8867,1.08255,1.0,1.0,MaintainConstant,extended
25.8391,243,-4.88584,-0.134121,-8.35383,-0.0700411,-0.812797,0.0932106,0.0,0.0,0.0,0.0,12.3047,-10.46,1.0,1.0,MaintainConstant,extended
25.9631,244,-5.39358,-0.229922,-7.95147,-0.0556601,-0.388289,0.0189084,0.0,0.0,0.0,0.0,9.66797,-21.2628,1.0,1.0,MaintainConstant,extended
26.0859,245,-6.64857,-0.296982,-8.41131,-0.026099,-0.409062,-0.0194411,0.0,0.0,0.0,0.0,6.15234,-28.6404,1.0,1.0,MaintainConstant,extended
26.217,246,-6.57193,-0.0862207,-8.19097,0.0117179,-0.532899,-0.0215716,0.0,0.0,0.0,0.0,1.93359,-32.1734,1.0,1.0,MaintainConstant,extended
26.2971,247,-5.45106,0.00958008,-7.71196,0.0130495,-0.547013,0.021039,0.0,0.0,0.0,0.0,-0.703125,-32.9277,1.0,1.0,MaintainConstant,extended
26.3772,248,-6.8306,-0.153281,-8.53585,-0.0205063,-0.528904,0.03036,0.0,0.0,0.0,0.0,-3.51562,-35.1229,1.0,1.0,MaintainConstant,extended
26.4572,249,-6.40907,-0.162861,-8.25803,-0.0298274,-0.593086,0.0378169,0.0,0.0,0.0,0.0,-6.15234,-32.9364,1.0,1.0,MaintainConstant,extended
26.5838,250,-6.01629,-0.172441,-7.70238,-0.0111853,-0.452205,-0.00426106,0.0,0.0,0.0,0.0,-9.31641,-25.0032,1.0,1.0,MaintainConstant,seated
26.7061,251,-9.2352,0.354463,-7.43414,0.0015979,0.194411,-0.140082,0.0,0.0,0.0,0.0,-12.1289,-22.9859,1.0,1.0,MaintainConstant,seated
26.824,252,0.162861,-0.670605,-3.93741,0.443949,4.24854,0.0135821,0.0,0.0,0.0,0.0,-13.5352,-11.9292,1.0,1.0,MaintainConstant,seated
26.9523,253,-1.07297,-1.67651,-11.7548,0.238353,1.13211,0.321444,0.0,0.0,0.0,0.0,-13.7109,-1.37046,1.0,1.0,MaintainConstant,seated
27.078,254,-2.6441,-1.48491,-9.10107,-0.0319579,-0.885235,0.0444748,0.0,0.0,0.0,0.0,-12.832,6.99276,1.0,1.0,MaintainConstant,seated
27.215,255,-0.555645,-0.507744,-10.3848,-0.041279,0.578971,0.00585895,0.0,0.0,0.0,0.0,-10.1953,19.2396,1.0,1.0,MaintainConstant,seated
27.3503,256,-1.54239,-0.354463,-10.471,0.00346211,0.411991,0.067378,0.0,0.0,0.0,0.0,-6.67969,25.9924,1.0,1.0,MaintainConstant,seated
27.4818,257,-0.967588,-0.469424,-10.4135,0.00692422,0.652474,0.00852212,0.0,0.0,0.0,0.0,-2.46094,32.081,1.0,1.0,MaintainConstant,seated
27.5618,258,-1.26457,-0.325723,-10.5956,-0.00932106,0.619718,-0.015979,0.0,0.0,0.0,0.0,0.175781,32.9286,1.0,1.0,MaintainConstant,seated
27.6419,259,-1.21667,-0.143701,-10.2794,0.000798948,0.662594,0.00559264,0.0,0.0,0.0,0.0,2.8125,32.9296,1.0,1.0,MaintainConstant,seated
27.722,260,-1.23583,-0.182021,-10.3369,-0.00745685,0.619185,0.0367516,0.0,0.0,0.0,0.0,5.44922,32.9264,1.0,1.0,MaintainConstant,seated
27.8408,261,-1.25499,-0.296982,-10.5572,-0.00239685,0.524643,0.0386158,0.0,0.0,0.0,0.0,8.78906,28.1196,1.0,1.0,MaintainConstant,extended
27.981,262,1.24541,-0.469424,-8.22929,0.0332895,-2.24904,0.0953412,0.0,0.0,0.0,0.0,12.4805,26.3224,1.0,1.0,MaintainConstant,extended
28.1179,263,-14.3318,-2.12678,-10.8734,-0.0567253,-0.748082,-0.31159,0.0,0.0,0.0,0.0,13.5352,7.7046,1.0,1.0,MaintainConstant,extended
28.2629,264,-10.174,-0.249082,-7.75986,-0.0641822,-1.0634,-0.0487358,0.0,0.0,0.0,0.0,13.8867,2.42465,1.0,1.0,MaintainConstant,extended
28.3969,265,-8.50711,-0.411943,-8.58375,-0.0873517,-0.853277,0.00719053,0.0,0.0,0.0,0.0,12.4805,-10.4944,1.0,1.0,MaintainConstant,extended
28.5229,266,-5.03912,-0.220342,-6.8306,-0.0458064,-0.271909,0.0295611,0.0,0.0,0.0,0.0,10.0195,-19.5319,1.0,1.0,MaintainConstant,extended
28.65,267,-5.90133,-0.249082,-7.58742,-0.01012,-0.478836,-0.0428769,0.0,0.0,0.0,0.0,6.32812,-29.039,1.0,1.0,MaintainConstant,extended
28.7761,268,-6.38033,-0.0958008,-8.15265,0.00452737,-0.531567,-0.0189084,0.0,0.0,0.0,0.0,2.10938,-33.4447,1.0,1.0,MaintainConstant,extended
28.8562,269,-6.38991,0.0479004,-7.85566,0.0119842,-0.540089,0.0487358,0.0,0.0,0.0,0.0,-0.527344,-32.9271,1.0,1.0,MaintainConstant,extended
28.9363,270,-6.55277,-0.0958008,-8.69871,-0.0343548,-0.546214,0.0250337,0.0,0.0,0.0,0.0,-3.16406,-32.9301,1.0,1.0,MaintainConstant,extended
29.0164,271,-5.78637,-0.153281,-8.23887,-0.0287621,-0.593352,0.0255663,0.0,0.0,0.0,0.0,-5.80078,-32.9261,1.0,1.0,MaintainConstant,extended
29.1415,272,-5.81511,-0.162861,-7.7886,0.000266316,-0.44315,-0.00479369,0.0,0.0,0.0,0.0,-9.14062,-26.6898,1.0,1.0,MaintainConstant,seated
29.266,273,-7.36708,0.411943,-7.22338,0.00372843,0.337955,-0.0428769,0.0,0.0,0.0,0.0,-12.3047,-25.4137,1.0,1.0,MaintainConstant,seated
29.4006,274,7.06052,2.80696,-9.51302,0.406665,3.6456,-0.0596548,0.0,0.0,0.0,0.0,-13.8867,-11.754,1.0,1.0,MaintainConstant,seated
29.5275,275,0.814307,-2.28964,-6.82102,0.248473,1.65436,0.077498,0.0,0.0,0.0,0.0,-13.7109,1.38514,1.0,1.0,MaintainConstant,seated
29.6596,276,-2.77822,-1.10171,-10.1932,0.0862864,-0.0756338,-0.0215716,0.0,0.0,0.0,0.0,-12.832,6.65396,1.0,1.0,MaintainConstant,seated
29.785,277,-0.593965,-0.536484,-10.3944,-0.0338221,0.569916,-0.0543285,0.0,0.0,0.0,0.0,-10.5469,18.2212,1.0,1.0,MaintainConstant,seated
29.9054,278,-1.48491,-0.249082,-10.2794,-0.00506001,0.413855,0.13662,0.0,0.0,0.0,0.0,-7.03125,29.1874,1.0,1.0,MaintainConstant,seated
30.0381,279,-1.29331,-0.517324,-10.5189,-0.0367516,0.65354,0.0133158,0.0,0.0,0.0,0.0,-2.8125,31.7962,1.0,1.0,MaintainConstant,seated
30.1182,280,-1.29331,-0.182021,-10.5093,-0.000798948,0.622647,-0.051399,0.0,0.0,0.0,0.0,-0.175781,32.9272,1.0,1.0,MaintainConstant,seated
30.1983,281,-1.24541,-0.172441,-10.2028,0.0306264,0.674845,-0.0234358,0.0,0.0,0.0,0.0,2.46094,32.9273,1.0,1.0,MaintainConstant,seated
30.2784,282,-1.32205,-0.325723,-10.3848,-0.00106526,0.628506,0.0396811,0.0,0.0,0.0,0.0,5.09766,32.9282,1.0,1.0,MaintainConstant,seated
30.4005,283,-1.04423,-0.383203,-10.471,-0.00692422,0.555269,0.0777643,0.0,0.0,0.0,0.0,8.78906,30.2216,1.0,1.0,MaintainConstant,extended
30.533,284,0.392783,-1.38911,-9.70462,0.02024,-1.35954,-0.0671117,0.0,0.0,0.0,0.0,12.1289,25.2066,1.0,1.0,MaintainConstant,extended
30.653,285,-19.5721,2.28006,-6.51445,-0.148338,-3.88822,0.170975,0.0,0.0,0.0,0.0,13.8867,14.6488,1.0,1.0,MaintainConstant,extended
30.7858,286,-7.03178,0.287402,-8.87115,0.0423443,-1.38404,0.102265,0.0,0.0,0.0,0.0,14.0625,1.32397,1.0,1.0,MaintainConstant,extended
30.9219,287,-1.90644,0.479004,-7.7886,-0.0553938,-0.50387,-0.036219,0.0,0.0,0.0,0.0,13.1836,-6.45726,1.0,1.0,MaintainConstant,extended
31.0482,288,-4.86668,-0.526904,-7.07968,-0.082558,-0.181628,0.0588559,0.0,0.0,0.0,0.0,11.0742,-16.6973,1.0,1.0,MaintainConstant,extended
31.1648,289,-5.34568,-0.220342,-7.20422,-0.0141148,-0.39468,0.00932106,0.0,0.0,0.0,0.0,8.08594,-25.6397,1.0,1.0,MaintainConstant,extended
31.298,290,-5.24988,0.00958008,-7.73112,0.0450074,-0.534496,-0.0487358,0.0,0.0,0.0,0.0,3.51562,-34.2998,1.0,1.0,MaintainConstant,extended
31.3781,291,-6.55277,-0.0766406,-8.44005,0.00958738,-0.519316,0.0215716,0.0,0.0,0.0,0.0,0.703125,-35.1239,1.0,1.0,MaintainConstant,extended
31.4581,292,-6.39949,0.0766406,-8.17181,-0.0314253,-0.583765,0.0130495,0.0,0.0,0.0,0.0,-2.28516,-37.3206,1.0,1.0,MaintainConstant,extended
31.5382,293,-5.70015,-0.0766406,-7.63532,-0.0199737,-0.562726,0.0492685,0.0,0.0,0.0,0.0,-4.39453,-26.3435,1.0,1.0,MaintainConstant,extended
31.6183,294,-6.64857,-0.210762,-8.42089,-0.00692422,-0.490022,0.0466053,0.0,0.0,0.0,0.0,-7.73438,-41.7113,1.0,1.0,MaintainConstant,extended
31.782,295,-6.21747,-0.210762,-7.62574,0.0178432,-0.354467,-0.0335558,0.0,0.0,0.0,0.0,-11.0742,-20.401,1.0,1.0,MaintainConstant,seated
31.9019,296,-8.01853,0.201182,-7.34792,0.0125169,0.502006,-0.0777643,0.0,0.0,0.0,0.0,-13.5352,-20.5279,1.0,1.0,MaintainConstant,seated
32.0374,297,5.52771,-1.34121,-9.5705,0.454335,4.38996,-0.0772317,0.0,0.0,0.0,0.0,-14.2383,-5.18885,1.0,1.0,MaintainConstant,seated
32.1758,298,-0.0766406,-0.220342,-9.77168,0.201868,1.63252,-0.0098537,0.0,0.0,0.0,0.0,-13.3594,6.35144,1.0,1.0,MaintainConstant,seated
32.3076,299,-3.00814,0.153281,-10.1932,0.0743022,0.311324,-0.00932106,0.0,0.0,0.0,0.0,-11.4258,14.6681,1.0,1.0,MaintainConstant,seated
32.4659,300,-1.13045,-0.0574805,-10.1261,0.00133158,0.490288,0.0492685,0.0,0.0,0.0,0.0,-7.38281,25.5419,1.0,1.0,MaintainConstant,seated
32.5958,301,-1.42743,-0.421523,-10.4135,0.0279632,0.643686,0.0804275,0.0,0.0,0.0,0.0,-3.16406,32.4835,1.0,1.0,MaintainConstant,seated
32.6758,302,-1.22625,-0.593965,-10.8542,-0.0106526,0.675111,-0.00106526,0.0,0.0,0.0,0.0,-0.703125,30.7335,1.0,1.0,MaintainConstant,seated
32.7559,303,-1.21667,-0.191602,-10.2028,-0.000266316,0.649279,-0.0335558,0.0,0.0,0.0,0.0,2.10938,35.1225,1.0,1.0,MaintainConstant,seated
32.836,304,-1.18793,-0.316143,-10.4327,0.01012,0.669785,-0.00639159,0.0,0.0,0.0,0.0,4.74609,32.9278,1.0,1.0,MaintainConstant,seated
32.9161,305,-1.26457,-0.296982,-10.3561,-0.0183758,0.604804,0.0484695,0.0,0.0,0.0,0.0,7.38281,32.9279,1.0,1.0,MaintainConstant,seated
33.0645,306,-0.938848,-0.373623,-8.21013,0.036219,0.480701,0.15979,0.0,0.0,0.0,0.0,11.0742,24.8718,1.0,1.0,MaintainConstant,extended
33.2045,307,-1.94476,-0.354463,-8.73703,0.0189084,-2.52601,0.0655138,0.0,0.0,0.0,0.0,14.0625,21.3394,1.0,1.0,MaintainConstant,extended
33.3365,308,-14.3701,-1.68609,-9.16813,0.0442085,-0.482032,-0.205063,0.0,0.0,0.0,0.0,14.0625,0.0,1.0,1.0,MaintainConstant,extended
33.4688,309,-6.15999,0.105381,-7.48204,0.010919,-0.480701,-0.189351,0.0,0.0,0.0,0.0,13.5352,-3.98739,1.0,1.0,MaintainConstant,extended
33.6038,310,-6.19831,-0.0383203,-8.65081,-0.0780306,-0.857804,0.0114516,0.0,0.0,0.0,0.0,11.4258,-15.6246,1.0,1.0,MaintainConstant,extended
33.724,311,-5.16366,-0.162861,-7.86524,-0.0423443,-0.455667,0.0194411,0.0,0.0,0.0,0.0,8.26172,-26.3137,1.0,1.0,MaintainConstant,extended
33.8508,312,-5.62351,-0.153281,-8.25803,-0.026099,-0.535029,-0.026099,0.0,0.0,0.0,0.0,4.21875,-31.8952,1.0,1.0,MaintainConstant,extended
33.9308,313,-5.89175,0.105381,-7.56826,0.0431432,-0.549943,0.0173105,0.0,0.0,0.0,0.0,1.58203,-32.928,1.0,1.0,MaintainConstant,extended
34.0109,314,-6.25579,-0.0958008,-8.54543,0.00639159,-0.543551,-0.02024,0.0,0.0,0.0,0.0,-1.05469,-32.9281,1.0,1.0,MaintainConstant,extended
34.091,315,-5.74805,-0.0479004,-7.90356,0.000266316,-0.59282,0.00905475,0.0,0.0,0.0,0.0,-3.86719,-35.1222,1.0,1.0,MaintainConstant,extended
34.1711,316,-6.85934,-0.162861,-8.28677,-0.0114516,-0.476972,0.0495348,0.0,0.0,0.0,0.0,-6.50391,-32.9287,1.0,1.0,MaintainConstant,extended
34.2876,317,-6.71563,-0.201182,-8.00895,-0.00772317,-0.431432,0.0263653,0.0,0.0,0.0,0.0,-9.66797,-27.1427,1.0,1.0,MaintainConstant,seated
34.4159,318,-8.67955,0.00958008,-7.62574,-0.00213053,0.476972,-0.0969391,0.0,0.0,0.0,0.0,-12.6562,-23.3005,1.0,1.0,MaintainConstant,seated
34.5533,319,8.56459,3.03688,-9.51302,0.292415,2.87728,-0.066579,0.0,0.0,0.0,0.0,-14.2383,-11.5154,1.0,1.0,MaintainConstant,seated
34.6959,320,4.56012,0.0670606,-11.6206,0.140349,1.51108,0.0487358,0.0,0.0,0.0,0.0,-13.8867,2.46504,1.0,1.0,MaintainConstant,seated
34.8226,321,-3.21891,0.0862207,-10.5381,0.0657801,0.17204,-0.0111853,0.0,0.0,0.0,0.0,-12.6562,9.7112,1.0,1.0,MaintainConstant,seated
34.9445,322,-0.296982,-0.680186,-9.03401,0.021039,0.586428,0.0516653,0.0,0.0,0.0,0.0,-9.84375,23.0705,1.0,1.0,MaintainConstant,seated
35.0743,323,-1.41785,0.0958008,-10.8446,-0.0367516,0.435161,0.0628506,0.0,0.0,0.0,0.0,-6.15234,28.4302,1.0,1.0,MaintainConstant,seated
35.2099,324,-1.26457,-0.354463,-10.3561,0.0375506,0.657534,0.00559264,0.0,0.0,0.0,0.0,-1.40625,35.0146,1.0,1.0,MaintainConstant,seated
35.29,325,-1.33163,-0.239502,-10.6147,-0.00878843,0.661796,-0.0125169,0.0,0.0,0.0,0.0,1.05469,30.7344,1.0,1.0,MaintainConstant,seated
35.37,326,-1.18793,-0.249082,-10.3082,0.00692422,0.692688,0.0229032,0.0,0.0,0.0,0.0,3.86719,35.1256,1.0,1.0,MaintainConstant,seated
35.4501,327,-1.34121,-0.344883,-10.3752,-0.00958738,0.637294,0.0410127,0.0,0.0,0.0,0.0,6.32812,30.7344,1.0,1.0,MaintainConstant,seated
35.5855,328,-0.411943,-0.440684,-10.2698,-0.00559264,0.450873,0.130495,0.0,0.0,0.0,0.0,10.3711,29.8553,1.0,1.0,MaintainConstant,extended
35.7249,329,-2.05014,-0.632285,-8.49753,0.0364853,-2.28446,-0.0383495,0.0,0.0,0.0,0.0,13.5352,22.7033,1.0,1.0,MaintainConstant,extended
35.8561,330,-6.45697,-2.48124,-11.4003,-0.13156,0.0545948,-0.125968,0.0,0.0,0.0,0.0,14.0625,4.01774,1.0,1.0,MaintainConstant,extended
35.9756,331,-5.05828,-0.306563,-8.62207,-0.02024,-1.24263,0.0506001,0.0,0.0,0.0,0.0,14.0625,0.0,1.0,1.0,MaintainConstant,extended
36.1095,332,-3.33387,0.239502,-7.71196,-0.131294,-0.659931,-0.0439422,0.0,0.0,0.0,0.0,12.4805,-11.8147,1.0,1.0,MaintainConstant,extended
36.2365,333,-5.03912,-0.517324,-6.96472,-0.0292948,-0.323308,0.0596548,0.0,0.0,0.0,0.0,10.1953,-17.9934,1.0,1.0,MaintainConstant,extended
36.3531,334,-4.905,-0.00958008,-7.2138,0.0314253,-0.496147,-0.0295611,0.0,0.0,0.0,0.0,6.67969,-30.1421,1.0,1.0,MaintainConstant,extended
36.4768,335,-5.4798,0.0479004,-7.7407,0.0577906,-0.541687,-0.0287621,0.0,0.0,0.0,0.0,2.46094,-34.1246,1.0,1.0,MaintainConstant,extended
36.5568,336,-6.63899,-0.172441,-8.54543,-0.00266316,-0.572047,0.0135821,0.0,0.0,0.0,0.0,-0.703125,-39.5118,1.0,1.0,MaintainConstant,extended
36.6369,337,-6.18873,-0.0287402,-8.23887,-0.0386158,-0.606934,0.0231695,0.0,0.0,0.0,0.0,-3.16406,-30.7311,1.0,1.0,MaintainConstant,extended
36.717,338,-5.93965,-0.0766406,-7.66406,-0.021039,-0.514256,0.0655138,0.0,0.0,0.0,0.0,-5.625,-30.7331,1.0,1.0,MaintainConstant,extended
36.8335,339,-6.48571,-0.0287402,-7.7407,0.00506001,-0.358728,0.0215716,0.0,0.0,0.0,0.0,-9.14062,-30.1756,1.0,1.0,MaintainConstant,seated
36.9614,340,-8.83283,-0.114961,-7.44372,0.0524643,0.425307,-0.00798948,0.0,0.0,0.0,0.0,-12.4805,-26.1124,1.0,1.0,MaintainConstant,seated
37.0819,341,2.90276,-2.14594,-4.70382,0.500674,4.14148,-0.0223706,0.0,0.0,0.0,0.0,-13.8867,-11.6714,1.0,1.0,MaintainConstant,seated
37.2074,342,2.58662,-1.26457,-11.1416,0.124902,1.54969,0.0620517,0.0,0.0,0.0,0.0,-14.2383,-2.80115,1.0,1.0,MaintainConstant,seated
37.3493,343,-3.07521,0.0862207,-9.96328,-0.00106526,-0.25087,-0.0119842,0.0,0.0,0.0,0.0,-13.3594,6.19532,1.0,1.0,MaintainConstant,seated
37.4673,344,-0.546064,-0.258662,-9.88664,-0.0447411,0.60001,-0.0218379,0.0,0.0,0.0,0.0,-11.25,17.8751,1.0,1.0,MaintainConstant,seated
37.6201,345,-2.44292,-0.526904,-10.6914,-0.0199737,0.510528,0.0367516,0.0,0.0,0.0,0.0,-6.67969,29.8978,1.0,1.0,MaintainConstant,seated
37.7613,346,-0.890947,-0.392783,-10.1166,0.0266316,0.686829,0.0327569,0.0,0.0,0.0,0.0,-2.46094,29.8911,1.0,1.0,MaintainConstant,seated
37.8413,347,-1.56155,-0.306563,-10.6243,-0.0173105,0.674845,0.0146474,0.0,0.0,0.0,0.0,0.527344,37.318,1.0,1.0,MaintainConstant,seated
37.9214,348,-1.21667,-0.277822,-10.2794,0.0250337,0.665524,0.0388822,0.0,0.0,0.0,0.0,3.33984,35.1225,1.0,1.0,MaintainConstant,seated
38.0015,349,-1.36995,-0.287402,-10.6339,-0.0114516,0.647414,0.0484695,0.0,0.0,0.0,0.0,5.80078,30.7334,1.0,1.0,MaintainConstant,seated
38.1205,350,-1.30289,-0.364043,-10.2315,-0.00292948,0.533697,0.0306264,0.0,0.0,0.0,0.0,9.66797,32.4943,1.0,1.0,MaintainConstant,extended
38.2561,351,1.73399,-0.344883,-10.0016,0.0106526,-2.16701,0.0253,0.0,0.0,0.0,0.0,12.832,23.3291,1.0,1.0,MaintainConstant,extended
38.38,352,-19.5721,0.517324,-9.10107,-0.186155,-3.53375,-0.256729,0.0,0.0,0.0,0.0,14.2383,11.3522,1.0,1.0,MaintainConstant,extended
38.5198,353,-4.41642,-0.134121,-7.79818,0.0537959,-1.26367,-0.100667,0.0,0.0,0.0,0.0,14.4141,1.25784,1.0,1.0,MaintainConstant,extended
38.6565,354,-7.23296,0.182021,-8.78493,-0.124902,-0.694819,-0.000266316,0.0,0.0,0.0,0.0,13.0078,-10.2844,1.0,1.0,MaintainConstant,extended
38.7939,355,-4.88584,-0.114961,-6.98388,-0.0442085,-0.18003,0.0756338,0.0,0.0,0.0,0.0,10.3711,-19.1899,1.0,1.0,MaintainConstant,extended
38.9134,356,-6.13125,-0.354463,-7.73112,-0.00852212,-0.554204,-0.0314253,0.0,0.0,0.0,0.0,7.03125,-27.9492,1.0,1.0,MaintainConstant,extended
39.0501,357,-6.81144,-0.162861,-8.27719,0.0335558,-0.593619,-0.015979,0.0,0.0,0.0,0.0,2.10938,-35.9937,1.0,1.0,MaintainConstant,extended
39.1302,358,-5.93007,-0.0287402,-8.11433,0.00559264,-0.530502,0.0141148,0.0,0.0,0.0,0.0,-0.527344,-32.9268,1.0,1.0,MaintainConstant,extended
39.2103,359,-6.77312,-0.00958008,-8.53585,-0.0245011,-0.590156,0.0364853,0.0,0.0,0.0,0.0,-3.33984,-35.1229,1.0,1.0,MaintainConstant,extended
39.2904,360,-6.25579,-0.162861,-8.28677,-0.0306264,-0.580569,0.0348874,0.0,0.0,0.0,0.0,-5.97656,-32.927,1.0,1.0,MaintainConstant,extended
39.413,361,-6.48571,-0.0670606,-7.86524,0.00213053,-0.440487,0.00133158,0.0,0.0,0.0,0.0,-9.49219,-28.6654,1.0,1.0,MaintainConstant,seated
39.5376,362,-11.1033,-0.335303,-8.73703,0.046339,0.259126,-0.0535295,0.0,0.0,0.0,0.0,-12.6562,-25.3956,1.0,1.0,MaintainConstant,seated
39.6595,363,1.61903,-2.8836,-7.46288,0.379767,4.03282,-0.125701,0.0,0.0,0.0,0.0,-14.0625,-11.5361,1.0,1.0,MaintainConstant,seated
39.8075,364,2.52914,-0.574805,-6.44739,0.082558,1.50469,0.0484695,0.0,0.0,0.0,0.0,-14.2383,-1.18766,1.0,1.0,MaintainConstant,seated
39.9393,365,-3.23807,-0.0766406,-9.6663,0.0482032,-0.0205063,-0.00639159,0.0,0.0,0.0,0.0,-13.1836,8.00449,1.0,1.0,MaintainConstant,seated
40.0603,366,-0.555645,-0.134121,-10.2411,-0.0127832,0.608532,-0.00878843,0.0,0.0,0.0,0.0,-10.5469,21.7908,1.0,1.0,MaintainConstant,seated
40.2098,367,-2.19384,-0.287402,-10.3944,-0.000798948,0.522246,0.0551274,0.0,0.0,0.0,0.0,-6.32812,28.2186,1.0,1.0,MaintainConstant,seated
40.3409,368,-0.910107,-0.220342,-10.0878,0.0306264,0.67591,0.00559264,0.0,0.0,0.0,0.0,-1.93359,33.5164,1.0,1.0,MaintainConstant,seated
40.421,369,-1.49449,-0.354463,-10.404,-0.00133158,0.678041,0.00479369,0.0,0.0,0.0,0.0,1.23047,39.5124,1.0,1.0,MaintainConstant,seated
40.501,370,-1.36037,-0.258662,-10.3561,0.00372843,0.677508,0.0245011,0.0,0.0,0.0,0.0,3.69141,30.7343,1.0,1.0,MaintainConstant,seated
40.5811,371,-1.43701,-0.344883,-10.471,-0.00106526,0.653806,0.0545948,0.0,0.0,0.0,0.0,6.32812,32.9273,1.0,1.0,MaintainConstant,seated
40.7129,372,-0.986748,-0.287402,-10.1261,0.0130495,0.533697,0.0452737,0.0,0.0,0.0,0.0,10.0195,28.0151,1.0,1.0,MaintainConstant,extended
40.8401,373,1.16877,0.0766406,-9.51302,0.0117179,-1.56115,-0.0543285,0.0,0.0,0.0,0.0,13.1836,24.8643,1.0,1.0,MaintainConstant,extended
40.9615,374,-19.5721,1.36037,-5.71931,-0.280964,-3.63415,-0.182427,0.0,0.0,0.0,0.0,14.5898,11.5862,1.0,1.0,MaintainConstant,extended
41.088,375,-4.65592,0.622705,-7.79818,0.0215716,-0.694552,-0.166714,0.0,0.0,0.0,0.0,14.5898,0.0,1.0,1.0,MaintainConstant,extended
41.212,376,-1.40827,0.239502,-4.10027,0.0,0.270045,0.092678,0.0,0.0,0.0,0.0,13.3594,-9.92267,1.0,1.0,MaintainConstant,extended
41.3496,377,-5.12534,-0.0766406,-6.81144,-0.0439422,-0.0964064,0.0806938,0.0,0.0,0.0,0.0,10.7227,-19.1646,1.0,1.0,MaintainConstant,extended
41.4731,378,-5.06786,-0.249082,-7.29044,0.0529969,-0.411192,0.0157127,0.0,0.0,0.0,0.0,7.38281,-27.0346,1.0,1.0,MaintainConstant,extended
41.6003,379,-5.58519,-0.0287402,-7.63532,0.0338221,-0.584564,-0.0245011,0.0,0.0,0.0,0.0,2.63672,-37.3306,1.0,1.0,MaintainConstant,extended
41.6803,380,-6.37075,-0.0479004,-8.33467,-0.00878843,-0.556068,-0.0170442,0.0,0.0,0.0,0.0,0.0,-32.9292,1.0,1.0,MaintainConstant,extended
41.7604,381,-6.05461,0.0191602,-7.81734,-0.0213053,-0.649279,0.02024,0.0,0.0,0.0,0.0,-2.8125,-35.1225,1.0,1.0,MaintainConstant,extended
41.8405,382,-5.93965,-0.143701,-7.91315,-0.0162453,-0.474575,0.0628506,0.0,0.0,0.0,0.0,-5.44922,-32.9286,1.0,1.0,MaintainConstant,extended
41.9645,383,-5.87259,-0.0958008,-7.91315,-0.000798948,-0.430101,0.0287621,0.0,0.0,0.0,0.0,-9.14062,-29.7688,1.0,1.0,MaintainConstant,seated
42.0929,384,-9.38848,0.0479004,-7.67364,-0.0199737,0.230896,-0.0617853,0.0,0.0,0.0,0.0,-12.3047,-24.6439,1.0,1.0,MaintainConstant,seated
42.2186,385,4.58886,-0.593965,-12.981,0.383229,3.91804,-0.106793,0.0,0.0,0.0,0.0,-14.2383,-15.3815,1.0,1.0,MaintainConstant,seated
42.3608,386,-4.96248,0.229922,-9.4268,0.0695085,1.77713,0.11931,0.0,0.0,0.0,0.0,-14.2383,0.0,1.0,1.0,MaintainConstant,seated
42.4875,387,-3.45841,-0.0958008,-10.4135,0.0370179,-0.259392,-0.0633832,0.0,0.0,0.0,0.0,-13.5352,5.54829,1.0,1.0,MaintainConstant,seated
42.6165,388,-0.852627,-0.421523,-9.77168,0.0556601,0.582433,-0.0197074,0.0,0.0,0.0,0.0,-11.0742,19.0754,1.0,1.0,MaintainConstant,seated
42.7504,389,-1.93518,-0.249082,-10.4327,-0.0135821,0.347543,0.0897485,0.0,0.0,0.0,0.0,-7.20703,28.8837,1.0,1.0,MaintainConstant,seated
42.8819,390,-1.06339,-0.574805,-10.5477,0.0215716,0.661796,0.00932106,0.0,0.0,0.0,0.0,-2.8125,33.4195,1.0,1.0,MaintainConstant,seated
42.962,391,-1.38911,-0.440684,-10.6243,-0.0125169,0.655138,-0.0407464,0.0,0.0,0.0,0.0,-0.175781,32.9292,1.0,1.0,MaintainConstant,seated
43.042,392,-1.20709,-0.229922,-10.3082,0.0173105,0.71133,-0.00319579,0.0,0.0,0.0,0.0,2.63672,35.1228,1.0,1.0,MaintainConstant,seated
43.1221,393,-1.34121,-0.296982,-10.5477,-0.000532632,0.657801,0.057258,0.0,0.0,0.0,0.0,5.44922,35.1269,1.0,1.0,MaintainConstant,seated
43.2475,394,-0.996328,-0.661025,-12.6265,-0.0066579,0.52411,0.103064,0.0,0.0,0.0,0.0,9.49219,32.2441,1.0,1.0,MaintainConstant,extended
43.3836,395,0.747246,-0.747246,-7.72154,0.00266316,-1.80882,0.0282295,0.0,0.0,0.0,0.0,12.832,24.5393,1.0,1.0,MaintainConstant,extended
43.5123,396,-19.5721,0.996328,-5.68099,-0.231695,-2.54865,-0.31878,0.0,0.0,0.0,0.0,14.2383,10.9287,1.0,1.0,MaintainConstant,extended
43.6363,397,-4.3302,0.862207,-7.99937,0.046339,-0.928911,-0.0577906,0.0,0.0,0.0,0.0,14.5898,2.83505,1.0,1.0,MaintainConstant,extended
43.7631,398,-1.66693,0.354463,-5.0487,-0.0596548,0.00932106,0.0266316,0.0,0.0,0.0,0.0,13.7109,-6.92809,1.0,1.0,MaintainConstant,extended
43.9034,399,-4.63676,-0.201182,-6.64857,-0.0484695,-0.128631,0.0820254,0.0,0.0,0.0,0.0,11.25,-17.5455,1.0,1.0,MaintainConstant,extended
44.0179,400,-5.0966,-0.134121,-7.46288,0.0338221,-0.453004,-0.0111853,0.0,0.0,0.0,0.0,8.08594,-27.6354,1.0,1.0,MaintainConstant,extended
44.1399,401,-5.65225,-0.0191602,-8.09517,0.0450074,-0.594418,-0.0255663,0.0,0.0,0.0,0.0,4.04297,-33.1373,1.0,1.0,MaintainConstant,extended
44.22,402,-6.30369,-0.0862207,-8.62207,-0.00346211,-0.556867,-0.0167779,0.0,0.0,0.0,0.0,1.05469,-37.3161,1.0,1.0,MaintainConstant,extended
44.3,403,-6.18873,-0.0287402,-8.24845,-0.0125169,-0.646882,0.0223706,0.0,0.0,0.0,0.0,-1.75781,-35.1236,1.0,1.0,MaintainConstant,extended
44.3801,404,-5.86301,-0.0958008,-7.90356,-0.0197074,-0.508397,0.0599211,0.0,0.0,0.0,0.0,-4.74609,-37.3191,1.0,1.0,MaintainConstant,extended
44.4602,405,-6.38991,-0.201182,-8.27719,-0.0234358,-0.569916,0.0306264,0.0,0.0,0.0,0.0,-7.03125,-28.5392,1.0,1.0,MaintainConstant,extended
44.5839,406,-5.91091,-0.210762,-7.94188,0.0,-0.455134,-0.0274306,0.0,0.0,0.0,0.0,-10.5469,-28.4244,1.0,1.0,MaintainConstant,seated
44.709,407,-8.32509,0.191602,-7.81734,0.0356864,0.314786,-0.133424,0.0,0.0,0.0,0.0,-13.3594,-22.4755,1.0,1.0,MaintainConstant,seated
44.8328,408,2.96024,-2.60578,-5.73847,0.396545,4.37477,-0.056459,0.0,0.0,0.0,0.0,-14.4141,-8.52273,1.0,1.0,MaintainConstant,seated
44.9639,409,2.12678,-0.555645,-7.20422,0.248207,1.7204,0.133691,0.0,0.0,0.0,0.0,-14.2383,1.34045,1.0,1.0,MaintainConstant,seated
45.0893,410,-3.06563,-0.431104,-9.74294,0.066579,-0.432231,0.0098537,0.0,0.0,0.0,0.0,-13.0078,9.8146,1.0,1.0,MaintainConstant,seated
45.2116,411,-0.632285,-0.555645,-9.9537,-0.0479369,0.62025,-0.0599211,0.0,0.0,0.0,0.0,-10.5469,20.1178,1.0,1.0,MaintainConstant,seated
45.3355,412,-0.843047,-0.316143,-9.91538,0.00559264,0.44315,0.118244,0.0,0.0,0.0,0.0,-6.67969,31.2121,1.0,1.0,MaintainConstant,seated
45.4714,413,-1.28373,-0.411943,-10.5764,-0.0133158,0.715591,0.02024,0.0,0.0,0.0,0.0,-2.28516,32.3346,1.0,1.0,MaintainConstant,seated
45.5515,414,-1.34121,-0.191602,-10.3561,-0.00958738,0.649811,-0.0279632,0.0,0.0,0.0,0.0,0.527344,35.1216,1.0,1.0,MaintainConstant,seated
45.6316,415,-1.19751,-0.124541,-10.3369,0.0111853,0.695884,-0.0173105,0.0,0.0,0.0,0.0,3.33984,35.1217,1.0,1.0,MaintainConstant,seated
45.7116,416,-1.28373,-0.134121,-10.2507,0.00958738,0.65354,0.0399474,0.0,0.0,0.0,0.0,6.15234,35.1239,1.0,1.0,MaintainConstant,seated
45.8338,417,-0.862207,-0.162861,-11.7069,-0.00905475,0.449275,0.112652,0.0,0.0,0.0,0.0,10.0195,31.6658,1.0,1.0,MaintainConstant,extended
45.9609,418,0.201182,-0.431104,-8.04727,0.0271642,-1.96142,0.0157127,0.0,0.0,0.0,0.0,13.1836,24.8881,1.0,1.0,MaintainConstant,extended
46.0869,419,-19.5721,-2.50998,-11.2662,-0.228766,-1.96994,-0.390153,0.0,0.0,0.0,0.0,14.5898,11.1607,1.0,1.0,MaintainConstant,extended
46.2096,420,-0.900527,0.287402,-8.76577,0.0364853,-1.34996,-0.163784,0.0,0.0,0.0,0.0,14.7656,1.43252,1.0,1.0,MaintainConstant,extended
46.3368,421,-1.12087,0.201182,-4.17691,0.02024,0.428769,0.156328,0.0,0.0,0.0,0.0,14.0625,-5.52927,1.0,1.0,MaintainConstant,extended
46.4589,422,-6.57193,-0.191602,-8.21971,-0.0567253,-0.0266316,0.119043,0.0,0.0,0.0,0.0,11.6016,-20.1513,1.0,1.0,MaintainConstant,extended
46.5671,423,-6.81144,-0.574805,-7.43414,-0.0106526,-0.400007,0.0932106,0.0,0.0,0.0,0.0,8.78906,-25.9809,1.0,1.0,MaintainConstant,extended
46.6834,424,-5.88217,-0.344883,-8.16223,0.0367516,-0.439688,-0.0181095,0.0,0.0,0.0,0.0,5.09766,-31.751,1.0,1.0,MaintainConstant,extended
46.7985,425,-6.44739,-0.0287402,-8.39215,-0.000532632,-0.54222,-0.0287621,0.0,0.0,0.0,0.0,0.878906,-36.6521,1.0,1.0,MaintainConstant,extended
46.8786,426,-6.34201,-0.0191602,-8.01853,-0.0282295,-0.656736,0.0242348,0.0,0.0,0.0,0.0,-1.93359,-35.1204,1.0,1.0,MaintainConstant,extended
46.9587,427,-5.62351,-0.0670606,-7.75028,-0.015979,-0.503337,0.0732369,0.0,0.0,0.0,0.0,-4.74609,-35.1216,1.0,1.0,MaintainConstant,extended
47.0387,428,-6.43781,-0.191602,-8.28677,-0.0282295,-0.556068,0.0436758,0.0,0.0,0.0,0.0,-7.38281,-32.9242,1.0,1.0,MaintainConstant,extended
47.1539,429,-6.12167,-0.191602,-7.86524,0.00292948,-0.452471,-0.00133158,0.0,0.0,0.0,0.0,-10.5469,-27.478,1.0,1.0,MaintainConstant,seated
47.2658,430,-8.13349,-0.651445,-8.27719,0.0681769,0.0503337,-0.0988033,0.0,0.0,0.0,0.0,-13.0078,-21.9989,1.0,1.0,MaintainConstant,seated
47.3773,431,1.70525,-0.526904,-3.91825,0.117978,4.12657,-0.00772317,0.0,0.0,0.0,0.0,-14.4141,-12.6114,1.0,1.0,MaintainConstant,seated
47.4874,432,-1.30289,-0.172441,-9.49386,-0.265517,-0.603206,0.176834,0.0,0.0,0.0,0.0,-15.1172,-6.38468,1.0,1.0,MaintainConstant,seated
47.616,433,-0.210762,0.383203,-10.1645,-0.219444,-0.942493,0.108391,0.0,0.0,0.0,0.0,-13.7109,10.9343,1.0,1.0,MaintainConstant,seated
47.7389,434,-1.84896,-0.459844,-9.35016,-0.00719053,0.869256,0.00239685,0.0,0.0,0.0,0.0,-11.6016,17.1656,1.0,1.0,MaintainConstant,seated
47.8656,435,-0.249082,-0.182021,-10.0495,-0.0490022,0.492951,0.0487358,0.0,0.0,0.0,0.0,-8.08594,27.7448,1.0,1.0,MaintainConstant,seated
47.9816,436,-1.57113,-0.383203,-10.1261,0.00585895,0.657268,0.0735032,0.0,0.0,0.0,0.0,-4.04297,34.842,1.0,1.0,MaintainConstant,seated
48.0617,437,-1.14003,-0.440684,-10.2794,0.00452737,0.708135,0.0170442,0.0,0.0,0.0,0.0,-1.23047,35.1208,1.0,1.0,MaintainConstant,seated
48.1418,438,-1.35079,-0.153281,-10.4614,-0.00692422,0.67085,-0.00798948,0.0,0.0,0.0,0.0,1.40625,32.9299,1.0,1.0,MaintainConstant,seated
48.2219,439,-1.18793,-0.134121,-10.3177,0.0015979,0.707602,-0.00852212,0.0,0.0,0.0,0.0,4.04297,32.9267,1.0,1.0,MaintainConstant,seated
48.3019,440,-1.23583,-0.172441,-10.2507,0.00372843,0.651409,0.0319579,0.0,0.0,0.0,0.0,6.85547,35.1228,1.0,1.0,MaintainConstant,seated
48.433,441,-1.32205,-0.325723,-10.3177,0.00532632,0.53929,0.0937433,0.0,0.0,0.0,0.0,10.5469,28.1639,1.0,1.0,MaintainConstant,extended
48.5443,442,0.0958008,-0.862207,-10.7776,0.00639159,-1.07059,-0.16991,0.0,0.0,0.0,0.0,13.3594,25.2789,1.0,1.0,MaintainConstant,extended
48.6638,443,-19.5721,2.692,-3.34345,-0.195742,-4.25014,0.18509,0.0,0.0,0.0,0.0,14.9414,13.2395,1.0,1.0,MaintainConstant,extended
48.7786,444,-1.36037,0.574805,-7.41498,0.0399474,-0.170975,-0.166714,0.0,0.0,0.0,0.0,15.1172,1.53029,1.0,1.0,MaintainConstant,extended
48.8946,445,-6.91682,-0.239502,-5.36484,0.129696,0.790426,0.201069,0.0,0.0,0.0,0.0,13.8867,-10.6118,1.0,1.0,MaintainConstant,extended
49.0245,446,-7.65448,-0.201182,-7.80776,-0.0782969,-0.396545,0.129962,0.0,0.0,0.0,0.0,11.9531,-14.8836,1.0,1.0,MaintainConstant,extended
49.1323,447,-5.63309,-0.632285,-8.07601,-0.0551274,-0.519316,0.0780306,0.0,0.0,0.0,0.0,8.78906,-29.3575,1.0,1.0,MaintainConstant,extended
49.256,448,-6.66773,-0.287402,-8.36341,0.00932106,-0.42291,-0.0231695,0.0,0.0,0.0,0.0,4.92188,-31.2545,1.0,1.0,MaintainConstant,extended
49.3361,449,-5.86301,0.0,-8.00895,0.00958738,-0.6586,-0.0423443,0.0,0.0,0.0,0.0,2.10938,-35.1208,1.0,1.0,MaintainConstant,extended
49.4162,450,-6.47613,-0.0670606,-8.03769,0.010919,-0.540089,0.0178432,0.0,0.0,0.0,0.0,-1.05469,-39.5133,1.0,1.0,MaintainConstant,extended
49.4962,451,-6.54319,-0.0766406,-8.53585,-0.0319579,-0.601874,0.0378169,0.0,0.0,0.0,0.0,-3.69141,-32.9275,1.0,1.0,MaintainConstant,extended
49.5763,452,-5.58519,-0.0766406,-8.21013,-0.0399474,-0.57977,0.0410127,0.0,0.0,0.0,0.0,-6.50391,-35.1253,1.0,1.0,MaintainConstant,extended
49.6921,453,-5.93965,-0.239502,-7.91315,-0.00719053,-0.454602,-0.00798948,0.0,0.0,0.0,0.0,-9.84375,-28.8357,1.0,1.0,MaintainConstant,seated
49.8076,454,-7.05094,-0.488584,-7.55868,0.0620517,0.210922,-0.120641,0.0,0.0,0.0,0.0,-12.6562,-24.3597,1.0,1.0,MaintainConstant,seated
49.9215,455,-2.37586,-2.52914,-5.72889,0.20746,3.95613,-0.0980043,0.0,0.0,0.0,0.0,-14.2383,-13.8883,1.0,1.0,MaintainConstant,seated
50.0488,456,-4.10027,-1.02507,-11.5823,-0.0924117,0.0918791,0.18216,0.0,0.0,0.0,0.0,-15.1172,-6.90178,1.0,1.0,MaintainConstant,seated
50.181,457,-2.09804,-0.958008,-10.2315,-0.0764327,-0.592021,0.021039,0.0,0.0,0.0,0.0,-13.7109,10.638,1.0,1.0,MaintainConstant,seated
50.3,458,-1.9256,-0.440684,-9.62798,0.0167779,0.651143,-0.0484695,0.0,0.0,0.0,0.0,-11.9531,14.7748,1.0,1.0,MaintainConstant,seated
50.4261,459,-1.04423,-0.421523,-10.174,0.0,0.464988,0.0458064,0.0,0.0,0.0,0.0,-8.4375,27.8738,1.0,1.0,MaintainConstant,seated
50.5466,460,-1.32205,-0.0958008,-10.0687,-0.02024,0.69402,0.0652474,0.0,0.0,0.0,0.0,-4.39453,33.5625,1.0,1.0,MaintainConstant,seated
50.6267,461,-1.21667,-0.201182,-10.107,0.0231695,0.659665,0.0436758,0.0,0.0,0.0,0.0,-1.58203,35.1245,1.0,1.0,MaintainConstant,seated
50.7067,462,-1.38911,-0.373623,-10.6243,0.0111853,0.715858,-0.0098537,0.0,0.0,0.0,0.0,1.05469,32.9293,1.0,1.0,MaintainConstant,seated
50.7868,463,-1.42743,-0.249082,-10.3848,0.00213053,0.676443,0.0015979,0.0,0.0,0.0,0.0,4.04297,37.3183,1.0,1.0,MaintainConstant,seated
50.8669,464,-1.22625,-0.220342,-10.3465,0.0130495,0.672715,0.0418116,0.0,0.0,0.0,0.0,6.85547,35.1223,1.0,1.0,MaintainConstant,seated
51.0016,465,-1.32205,-0.296982,-10.9596,0.0114516,0.551274,0.101466,0.0,0.0,0.0,0.0,10.5469,27.404,1.0,1.0,MaintainConstant,extended
51.1183,466,2.81654,-0.0766406,-10.0687,0.0410127,-1.30442,0.00346211,0.0,0.0,0.0,0.0,13.5352,25.6123,1.0,1.0,MaintainConstant,extended
51.2338,467,-13.0768,0.603545,-2.47166,-0.232494,-4.55986,0.0482032,0.0,0.0,0.0,0.0,15.1172,13.6984,1.0,1.0,MaintainConstant,extended
51.3434,468,0.364043,-0.833467,-7.80776,0.0697748,1.27539,-0.197873,0.0,0.0,0.0,0.0,15.293,1.60338,1.0,1.0,MaintainConstant,extended
51.4591,469,-7.68322,-0.613125,-10.0878,0.0846885,0.765925,0.205596,0.0,0.0,0.0,0.0,14.0625,-10.6316,1.0,1.0,MaintainConstant,extended
51.593,470,-7.4054,-0.0862207,-8.09517,-0.0503337,-0.319846,0.112385,0.0,0.0,0.0,0.0,11.9531,-15.7555,1.0,1.0,MaintainConstant,extended
51.7004,471,-6.57193,-0.536484,-9.2352,-0.0567253,-0.526773,-0.00106526,0.0,0.0,0.0,0.0,9.14062,-26.1911,1.0,1.0,MaintainConstant,extended
51.8126,472,-6.35159,-0.277822,-8.47837,0.00719053,-0.469515,-0.0167779,0.0,0.0,0.0,0.0,5.44922,-32.9002,1.0,1.0,MaintainConstant,extended
51.9266,473,-6.57193,-0.114961,-8.15265,0.0106526,-0.565123,-0.0205063,0.0,0.0,0.0,0.0,1.23047,-37.0064,1.0,1.0,MaintainConstant,extended
52.0067,474,-5.49897,-0.00958008,-7.80776,0.0194411,-0.581634,0.0287621,0.0,0.0,0.0,0.0,-1.58203,-35.1232,1.0,1.0,MaintainConstant,extended
52.0868,475,-6.74438,-0.153281,-8.84241,-0.0407464,-0.554204,0.0426106,0.0,0.0,0.0,0.0,-4.39453,-35.1215,1.0,1.0,MaintainConstant,extended
52.1668,476,-5.88217,-0.153281,-8.31551,-0.0271642,-0.602141,0.0356864,0.0,0.0,0.0,0.0,-7.20703,-35.1216,1.0,1.0,MaintainConstant,extended
52.2811,477,-6.13125,-0.210762,-7.81734,-0.00745685,-0.433829,-0.00319579,0.0,0.0,0.0,0.0,-10.3711,-27.6797,1.0,1.0,MaintainConstant,seated
52.4006,478,-7.63532,0.459844,-7.92272,-0.00213053,0.206129,-0.135289,0.0,0.0,0.0,0.0,-13.1836,-23.5443,1.0,1.0,MaintainConstant,seated
52.5124,479,-1.82021,-0.910107,-4.19607,0.386957,4.27784,0.0545948,0.0,0.0,0.0,0.0,-14.4141,-11.0062,1.0,1.0,MaintainConstant,seated
52.6346,480,1.99266,-1.62861,-9.55134,0.0450074,0.0543285,0.241282,0.0,0.0,0.0,0.0,-15.1172,-5.75219,1.0,1.0,MaintainConstant,seated
52.7524,481,-2.22258,-0.603545,-9.54176,-0.125169,-0.966461,0.144343,0.0,0.0,0.0,0.0,-14.0625,8.95582,1.0,1.0,MaintainConstant,seated
52.8678,482,-1.9735,0.0191602,-9.09149,-0.0127832,0.684432,-0.0556601,0.0,0.0,0.0,0.0,-11.9531,18.2845,1.0,1.0,MaintainConstant,seated
52.998,483,-0.507744,0.0287402,-10.0974,-0.0324906,0.511061,0.0418116,0.0,0.0,0.0,0.0,-8.4375,26.9892,1.0,1.0,MaintainConstant,seated
53.1331,484,-1.40827,-0.0958008,-10.1453,-0.0242348,0.74462,0.0215716,0.0,0.0,0.0,0.0,-3.86719,33.8244,1.0,1.0,MaintainConstant,seated
53.2132,485,-0.977168,-0.143701,-10.0878,0.036219,0.700145,0.01518,0.0,0.0,0.0,0.0,-1.23047,32.9296,1.0,1.0,MaintainConstant,seated
53.2933,486,-1.40827,-0.344883,-10.6818,0.0162453,0.715858,0.00506001,0.0,0.0,0.0,0.0,1.75781,37.3167,1.0,1.0,MaintainConstant,seated
53.3734,487,-1.32205,-0.268242,-10.4231,-0.00346211,0.687628,0.0271642,0.0,0.0,0.0,0.0,4.57031,35.1248,1.0,1.0,MaintainConstant,seated
53.4534,488,-1.32205,-0.239502,-10.3082,0.00692422,0.667122,0.0479369,0.0,0.0,0.0,0.0,7.20703,32.9276,1.0,1.0,MaintainConstant,seated
53.5803,489,-0.862207,0.153281,-11.2566,0.00852212,0.523577,0.136886,0.0,0.0,0.0,0.0,10.8984,29.1042,1.0,1.0,MaintainConstant,extended
53.6988,490,-0.546064,0.134121,-8.50711,-0.00532632,-1.23358,-0.121706,0.0,0.0,0.0,0.0,13.8867,25.2196,1.0,1.0,MaintainConstant,extended
53.8265,491,-17.2058,1.09213,-8.64123,-0.30653,-3.49726,-0.291882,0.0,0.0,0.0,0.0,15.1172,9.63245,1.0,1.0,MaintainConstant,extended
53.9381,492,-4.45474,-0.249082,-7.48204,0.061519,-0.516653,-0.16192,0.0,0.0,0.0,0.0,15.1172,0.0,1.0,1.0,MaintainConstant,extended
54.0497,493,-6.54319,-0.316143,-4.8571,0.105461,0.842358,0.18509,0.0,0.0,0.0,0.0,14.0625,-9.45045,1.0,1.0,MaintainConstant,extended
54.1778,494,-7.92272,-0.201182,-8.08559,-0.056459,-0.28336,0.101999,0.0,0.0,0.0,0.0,11.6016,-19.2217,1.0,1.0,MaintainConstant,extended
54.2915,495,-6.51445,-0.153281,-8.34425,-0.0439422,-0.528637,0.0918791,0.0,0.0,0.0,0.0,8.4375,-27.8144,1.0,1.0,MaintainConstant,extended
54.4028,496,-6.18873,-0.287402,-8.31551,-0.00878843,-0.429035,-0.00426106,0.0,0.0,0.0,0.0,4.74609,-33.1821,1.0,1.0,MaintainConstant,extended
54.4828,497,-6.82102,-0.172441,-8.39215,0.0170442,-0.662062,-0.0205063,0.0,0.0,0.0,0.0,1.93359,-35.123,1.0,1.0,MaintainConstant,extended
54.5629,498,-6.27495,-0.134121,-8.32509,0.0127832,-0.565655,-0.00426106,0.0,0.0,0.0,0.0,-1.23047,-39.5101,1.0,1.0,MaintainConstant,extended
54.643,499,-6.47613,0.00958008,-8.57417,-0.0234358,-0.641556,0.0098537,0.0,0.0,0.0,0.0,-4.21875,-37.3179,1.0,1.0,MaintainConstant,extended
54.7231,500,-5.4319,-0.0479004,-7.70238,-0.02024,-0.539556,0.0335558,0.0,0.0,0.0,0.0,-6.85547,-32.9279,1.0,1.0,MaintainConstant,extended
54.8358,501,-6.27495,-0.220342,-7.90356,-0.0162453,-0.432764,0.010919,0.0,0.0,0.0,0.0,-10.0195,-28.0771,1.0,1.0,MaintainConstant,seated
54.9453,502,-9.27352,0.268242,-8.36341,0.0348874,-0.0553938,-0.131294,0.0,0.0,0.0,0.0,-12.832,-25.6839,1.0,1.0,MaintainConstant,seated
55.0649,503,-4.69424,-0.929268,-6.65815,0.290018,4.07703,-0.114516,0.0,0.0,0.0,0.0,-14.4141,-13.2257,1.0,1.0,MaintainConstant,seated
55.1926,504,-1.80105,-0.134121,-9.58008,-0.097738,-0.0889496,0.13955,0.0,0.0,0.0,0.0,-15.293,-6.88015,1.0,1.0,MaintainConstant,seated
55.3123,505,-2.66326,-0.517324,-9.91538,-0.168578,-0.834635,0.0154463,0.0,0.0,0.0,0.0,-14.2383,8.8159,1.0,1.0,MaintainConstant,seated
55.4325,506,-1.24541,-0.249082,-9.9058,0.0242348,0.710531,-0.0487358,0.0,0.0,0.0,0.0,-12.3047,16.0815,1.0,1.0,MaintainConstant,seated
55.5585,507,-0.613125,-0.249082,-10.0016,-0.0292948,0.429035,0.0735032,0.0,0.0,0.0,0.0,-8.61328,29.2942,1.0,1.0,MaintainConstant,seated
55.6838,508,-1.32205,-0.0383203,-9.88664,-0.00426106,0.728375,0.0450074,0.0,0.0,0.0,0.0,-4.74609,30.8774,1.0,1.0,MaintainConstant,seated
55.7638,509,-1.02507,-0.354463,-10.4998,0.0205063,0.685231,-0.00292948,0.0,0.0,0.0,0.0,-1.93359,35.1232,1.0,1.0,MaintainConstant,seated
55.8439,510,-1.44659,-0.373623,-10.7967,-0.00532632,0.708401,0.00772317,0.0,0.0,0.0,0.0,1.40625,41.7079,1.0,1.0,MaintainConstant,seated
55.924,511,-1.20709,-0.201182,-10.2698,0.0117179,0.70121,0.0221042,0.0,0.0,0.0,0.0,3.86719,30.7345,1.0,1.0,MaintainConstant,seated
56.0041,512,-1.32205,-0.306563,-10.4614,0.00106526,0.680171,0.047138,0.0,0.0,0.0,0.0,6.67969,35.1227,1.0,1.0,MaintainConstant,seated
56.1425,513,-0.919688,-0.0574805,-11.1225,0.00692422,0.506533,0.0708401,0.0,0.0,0.0,0.0,10.8984,30.4721,1.0,1.0,MaintainConstant,extended
56.2724,514,1.16877,-0.0287402,-7.597,0.0141148,-1.67646,0.0569916,0.0,0.0,0.0,0.0,14.0625,24.3598,1.0,1.0,MaintainConstant,extended
56.3919,515,-18.4608,-0.852627,-8.34425,-0.302269,-3.61897,-0.204797,0.0,0.0,0.0,0.0,15.1172,8.82642,1.0,1.0,MaintainConstant,extended
56.5085,516,-4.7613,1.33163,-7.13716,0.123571,-0.740891,-0.0940096,0.0,0.0,0.0,0.0,15.1172,0.0,1.0,1.0,MaintainConstant,extended
56.6221,517,-2.28964,-0.383203,-5.60435,0.0516653,0.760599,0.193079,0.0,0.0,0.0,0.0,14.2383,-7.73459,1.0,1.0,MaintainConstant,extended
56.7593,518,-7.81734,-0.220342,-8.25803,-0.01518,-0.235157,0.0857538,0.0,0.0,0.0,0.0,11.25,-21.7914,1.0,1.0,MaintainConstant,extended
56.8754,519,-6.91682,-0.344883,-8.77535,0.00878843,-0.495348,0.0862864,0.0,0.0,0.0,0.0,8.08594,-27.2463,1.0,1.0,MaintainConstant,extended
56.9891,520,-5.90133,-0.392783,-8.08559,0.0245011,-0.504935,-0.00585895,0.0,0.0,0.0,0.0,4.21875,-34.0014,1.0,1.0,MaintainConstant,extended
57.0692,521,-6.62941,-0.134121,-8.16223,0.00878843,-0.610663,-0.00719053,0.0,0.0,0.0,0.0,1.23047,-37.3153,1.0,1.0,MaintainConstant,extended
57.1493,522,-5.57561,-0.0191602,-7.89398,0.0167779,-0.567786,0.0338221,0.0,0.0,0.0,0.0,-1.75781,-37.319,1.0,1.0,MaintainConstant,extended
57.2294,523,-7.0701,-0.153281,-8.80409,-0.0295611,-0.591222,0.0274306,0.0,0.0,0.0,0.0,-4.57031,-35.1234,1.0,1.0,MaintainConstant,extended
57.3094,524,-6.47613,-0.153281,-8.30593,-0.0348874,-0.619185,0.0213053,0.0,0.0,0.0,0.0,-7.20703,-32.9271,1.0,1.0,MaintainConstant,extended
57.4219,525,-5.87259,-0.296982,-8.01853,-0.00346211,-0.442617,-0.00213053,0.0,0.0,0.0,0.0,-10.5469,-29.6995,1.0,1.0,MaintainConstant,seated
57.5323,526,-8.56459,-0.210762,-7.61616,0.0114516,0.107059,-0.189351,0.0,0.0,0.0,0.0,-13.1836,-23.8881,1.0,1.0,MaintainConstant,seated
57.6449,527,-1.68609,-0.182021,-5.08702,0.206395,4.03336,-0.136088,0.0,0.0,0.0,0.0,-14.7656,-14.0474,1.0,1.0,MaintainConstant,seated
57.7858,528,-2.61536,-1.02507,-11.544,-0.103064,1.10521,0.184557,0.0,0.0,0.0,0.0,-15.293,-3.74334,1.0,1.0,MaintainConstant,seated
57.9073,529,-2.37586,-1.33163,-9.39806,-0.0607201,-0.797084,0.0295611,0.0,0.0,0.0,0.0,-13.8867,11.5713,1.0,1.0,MaintainConstant,seated
58.0216,530,-1.9735,-0.134121,-10.3082,0.0258327,0.732369,-0.0319579,0.0,0.0,0.0,0.0,-11.9531,16.9105,1.0,1.0,MaintainConstant,seated
58.1421,531,-0.296982,-0.411943,-10.1166,-0.0452737,0.496147,0.0801611,0.0,0.0,0.0,0.0,-8.4375,29.1743,1.0,1.0,MaintainConstant,seated
58.2601,532,-1.36995,-0.00958008,-9.84832,0.0253,0.702276,0.0466053,0.0,0.0,0.0,0.0,-4.39453,34.2649,1.0,1.0,MaintainConstant,seated
58.3402,533,-1.19751,-0.383203,-10.2028,0.0213053,0.698015,0.0175769,0.0,0.0,0.0,0.0,-1.58203,35.1232,1.0,1.0,MaintainConstant,seated
58.4203,534,-1.57113,-0.373623,-10.6147,-0.00239685,0.717988,-0.00506001,0.0,0.0,0.0,0.0,1.40625,37.3195,1.0,1.0,MaintainConstant,seated
58.5004,535,-1.13045,-0.124541,-10.2986,0.00905475,0.715591,0.0146474,0.0,0.0,0.0,0.0,4.21875,35.1266,1.0,1.0,MaintainConstant,seated
58.5804,536,-1.28373,-0.277822,-10.4231,0.00133158,0.680171,0.0442085,0.0,0.0,0.0,0.0,6.85547,32.9253,1.0,1.0,MaintainConstant,seated
58.7064,537,-1.24541,-0.344883,-10.2028,0.0237021,0.536627,0.0575243,0.0,0.0,0.0,0.0,10.7227,30.7002,1.0,1.0,MaintainConstant,extended
58.8325,538,1.02507,-0.277822,-8.55501,0.0141148,-1.58565,-0.0482032,0.0,0.0,0.0,0.0,13.8867,25.0865,1.0,1.0,MaintainConstant,extended
58.9606,539,-19.5721,-1.23583,-7.96105,-0.122772,-3.29273,-0.272974,0.0,0.0,0.0,0.0,15.1172,9.60736,1.0,1.0,MaintainConstant,extended
59.0828,540,-2.94108,0.699346,-7.66406,0.061519,-0.798948,-0.0620517,0.0,0.0,0.0,0.0,15.293,1.43878,1.0,1.0,MaintainConstant,extended
59.1925,541,-1.16877,0.182021,-4.32062,0.036219,0.79735,0.165382,0.0,0.0,0.0,0.0,14.2383,-9.61091,1.0,1.0,MaintainConstant,extended
59.3245,542,-6.56235,-0.364043,-8.04727,-0.0612527,-0.276702,0.0945422,0.0,0.0,0.0,0.0,11.6016,-19.9759,1.0,1.0,MaintainConstant,extended
59.4363,543,-6.23663,-0.229922,-8.62207,0.0162453,-0.487358,0.0857538,0.0,0.0,0.0,0.0,8.4375,-28.3097,1.0,1.0,MaintainConstant,extended
59.5546,544,-5.93965,-0.335303,-8.01853,0.0442085,-0.502272,-0.0015979,0.0,0.0,0.0,0.0,4.39453,-34.1697,1.0,1.0,MaintainConstant,extended
59.6347,545,-6.84976,-0.153281,-8.43047,0.0263653,-0.599478,-0.00905475,0.0,0.0,0.0,0.0,1.23047,-39.5138,1.0,1.0,MaintainConstant,extended
59.7147,546,-5.66183,-0.0383203,-7.96105,0.00692422,-0.585895,0.0167779,0.0,0.0,0.0,0.0,-1.40625,-32.9275,1.0,1.0,MaintainConstant,extended
59.7948,547,-6.89766,-0.105381,-8.64123,-0.0242348,-0.591222,0.0367516,0.0,0.0,0.0,0.0,-4.39453,-37.3183,1.0,1.0,MaintainConstant,extended
59.8749,548,-6.51445,-0.210762,-8.43047,-0.0292948,-0.613859,0.0284958,0.0,0.0,0.0,0.0,-7.03125,-32.9268,1.0,1.0,MaintainConstant,extended
59.9823,549,-6.09293,-0.143701,-8.05685,-0.00585895,-0.477505,-0.01518,0.0,0.0,0.0,0.0,-10.5469,-32.7406,1.0,1.0,MaintainConstant,seated
60.1028,550,-7.57784,-0.469424,-7.23296,0.00772317,0.184291,-0.140349,0.0,0.0,0.0,0.0,-13.1836,-21.8829,1.0,1.0,MaintainConstant,seated
60.2134,551,-0.479004,-2.0693,-5.75763,0.39974,4.29142,0.0450074,0.0,0.0,0.0,0.0,-14.7656,-14.2993,1.0,1.0,MaintainConstant,seated
60.3404,552,3.76497,-0.843047,-9.39806,0.036219,0.395479,0.148338,0.0,0.0,0.0,0.0,-15.293,-4.15243,1.0,1.0,MaintainConstant,seated
60.4628,553,-4.02363,-0.479004,-10.7393,-0.0631169,-1.0112,-0.0316916,0.0,0.0,0.0,0.0,-14.0625,10.0559,1.0,1.0,MaintainConstant,seated
60.5776,554,-1.72441,0.210762,-8.86157,0.0117179,0.653273,-0.0636496,0.0,0.0,0.0,0.0,-12.3047,15.3025,1.0,1.0,MaintainConstant,seated
60.6929,555,-0.210762,-0.229922,-10.1261,-0.0146474,0.499875,0.0695085,0.0,0.0,0.0,0.0,-8.96484,28.9786,1.0,1.0,MaintainConstant,seated
61.1233,556,-1.31247,-0.306563,-10.4902,-0.0066579,0.683633,0.0420779,0.0,0.0,0.0,0.0,5.97656,34.7166,1.0,1.0,MaintainConstant,seated
61.2448,557,-1.18793,-0.325723,-10.5668,-0.0133158,0.535295,0.0822917,0.0,0.0,0.0,0.0,10.0195,33.2752,1.0,1.0,MaintainConstant,extended
61.3714,558,2.8836,-0.306563,-9.6184,-0.0138484,-1.70336,0.0215716,0.0,0.0,0.0,0.0,13.3594,26.376,1.0,1.0,MaintainConstant,extended
61.493,559,-12.3775,1.17835,-6.60067,-0.132093,-4.77718,-0.192014,0.0,0.0,0.0,0.0,15.1172,14.4537,1.0,1.0,MaintainConstant,extended
61.6013,560,0.258662,0.728086,-4.7613,0.0633832,0.23569,-0.173638,0.0,0.0,0.0,0.0,15.4688,3.24755,1.0,1.0,MaintainConstant,extended
61.7235,561,-4.25355,0.661025,-7.19464,0.077498,0.903344,0.2277,0.0,0.0,0.0,0.0,14.5898,-7.19023,1.0,1.0,MaintainConstant,extended
61.8354,562,-6.60067,-0.239502,-7.49162,-0.0300937,-0.384294,0.13662,0.0,0.0,0.0,0.0,13.1836,-12.5675,1.0,1.0,MaintainConstant,extended
61.9603,563,-6.25579,-0.335303,-8.69871,-0.00719053,-0.52704,0.0466053,0.0,0.0,0.0,0.0,10.0195,-25.3382,1.0,1.0,MaintainConstant,extended
62.0819,564,-5.72889,-0.411943,-8.00895,0.0276969,-0.41279,-0.0157127,0.0,0.0,0.0,0.0,5.80078,-34.6887,1.0,1.0,MaintainConstant,extended
62.1924,565,-6.86892,-0.172441,-8.27719,0.0316916,-0.581901,-0.026099,0.0,0.0,0.0,0.0,1.75781,-36.5847,1.0,1.0,MaintainConstant,extended
62.2725,566,-5.65225,0.0,-8.02811,0.00532632,-0.584031,0.0189084,0.0,0.0,0.0,0.0,-0.878906,-32.9269,1.0,1.0,MaintainConstant,extended
62.3526,567,-6.94556,-0.0766406,-8.65081,-0.0308927,-0.59282,0.0418116,0.0,0.0,0.0,0.0,-3.86719,-37.3163,1.0,1.0,MaintainConstant,extended
62.4326,568,-6.53361,-0.201182,-8.30593,-0.0356864,-0.626109,0.0356864,0.0,0.0,0.0,0.0,-6.67969,-35.1222,1.0,1.0,MaintainConstant,extended
62.5559,569,-5.84385,-0.182021,-7.71196,0.00852212,-0.473244,-0.00905475,0.0,0.0,0.0,0.0,-10.3711,-29.948,1.0,1.0,MaintainConstant,seated
62.6666,570,-9.6663,0.440684,-8.34425,0.0407464,0.0921454,-0.1012,0.0,0.0,0.0,0.0,-13.3594,-26.9949,1.0,1.0,MaintainConstant,seated
62.7763,571,1.04423,-0.603545,-5.74805,0.0343548,4.08263,-0.1265,0.0,0.0,0.0,0.0,-14.7656,-12.821,1.0,1.0,MaintainConstant,seated
62.8895,572,-4.25355,-1.75315,-12.4924,-0.19015,-0.754207,0.244212,0.0,0.0,0.0,0.0,-15.8203,-9.31478,1.0,1.0,MaintainConstant,seated
63.029,573,-2.80696,-0.229922,-11.5344,-0.0460727,-1.04769,0.171241,0.0,0.0,0.0,0.0,-14.2383,11.3377,1.0,1.0,MaintainConstant,seated
63.1393,574,-1.8298,0.124541,-9.2831,-0.0098537,0.647947,-0.0641822,0.0,0.0,0.0,0.0,-12.4805,15.9454,1.0,1.0,MaintainConstant,seated
63.2525,575,-0.268242,0.143701,-9.60882,-0.0287621,0.548079,0.015979,0.0,0.0,0.0,0.0,-9.14062,29.4936,1.0,1.0,MaintainConstant,seated
63.3874,576,-1.38911,-0.191602,-9.93454,0.00745685,0.714526,0.0585895,0.0,0.0,0.0,0.0,-5.09766,29.9742,1.0,1.0,MaintainConstant,seated
63.5164,577,-1.31247,0.00958008,-10.2507,-0.000266316,0.690824,-0.00133158,0.0,0.0,0.0,0.0,-0.351562,36.7919,1.0,1.0,MaintainConstant,seated
63.5965,578,-1.26457,-0.143701,-10.2698,0.0125169,0.732636,0.00346211,0.0,0.0,0.0,0.0,2.46094,35.1195,1.0,1.0,MaintainConstant,seated
63.6766,579,-1.34121,-0.210762,-10.3848,0.0138484,0.701477,0.0284958,0.0,0.0,0.0,0.0,5.44922,37.3158,1.0,1.0,MaintainConstant,seated
63.7958,580,-0.890947,-0.258662,-10.2411,-0.000798948,0.641822,0.0567253,0.0,0.0,0.0,0.0,9.66797,35.3905,1.0,1.0,MaintainConstant,extended
63.9274,581,0.440684,-0.574805,-8.63165,0.0298274,-2.18646,0.0450074,0.0,0.0,0.0,0.0,13.3594,28.044,1.0,1.0,MaintainConstant,extended
64.0651,582,-5.85343,-1.02507,-7.24254,0.0282295,-0.852744,-0.254332,0.0,0.0,0.0,0.0,14.7656,10.2091,1.0,1.0,MaintainConstant,extended
64.1845,583,-1.85854,-0.402363,-8.42089,0.0346211,-1.36114,0.0442085,0.0,0.0,0.0,0.0,15.293,4.41783,1.0,1.0,MaintainConstant,extended
64.2934,584,-2.86444,0.325723,-5.30736,0.00745685,0.491353,0.241282,0.0,0.0,0.0,0.0,14.9414,-3.22847,1.0,1.0,MaintainConstant,extended
64.4009,585,-7.77902,-0.210762,-7.80776,-0.0516653,0.0423443,0.119842,0.0,0.0,0.0,0.0,13.0078,-17.9895,1.0,1.0,MaintainConstant,extended
64.5493,586,-5.18282,0.0958008,-6.74438,0.0492685,-0.322775,0.061519,0.0,0.0,0.0,0.0,9.31641,-24.8763,1.0,1.0,MaintainConstant,extended
64.6613,587,-6.32285,-0.325723,-7.61616,0.04048,-0.533165,0.0066579,0.0,0.0,0.0,0.0,5.625,-32.9605,1.0,1.0,MaintainConstant,extended
64.7726,588,-6.84018,-0.191602,-8.69871,-0.00772317,-0.592287,0.0,0.0,0.0,0.0,0.0,1.58203,-36.3159,1.0,1.0,MaintainConstant,extended
64.8527,589,-6.65815,-0.172441,-8.46879,-0.0561927,-0.667122,0.0111853,0.0,0.0,0.0,0.0,-1.58203,-39.512,1.0,1.0,MaintainConstant,extended
64.9327,590,-5.29778,-0.0479004,-8.10475,-0.0157127,-0.566188,0.0814927,0.0,0.0,0.0,0.0,-4.39453,-35.1239,1.0,1.0,MaintainConstant,extended
65.0128,591,-6.52403,-0.258662,-8.42089,-0.0284958,-0.566454,0.0322242,0.0,0.0,0.0,0.0,-7.20703,-35.122,1.0,1.0,MaintainConstant,extended
65.1317,592,-5.96839,-0.182021,-8.13349,0.00585895,-0.480434,-0.0255663,0.0,0.0,0.0,0.0,-10.5469,-28.0916,1.0,1.0,MaintainConstant,seated
65.2396,593,-8.54543,0.0479004,-8.57417,0.0508664,-0.108391,-0.11132,0.0,0.0,0.0,0.0,-13.3594,-26.0689,1.0,1.0,MaintainConstant,seated
65.3559,594,-0.258662,-0.804727,-2.87402,0.152865,4.01418,0.0375506,0.0,0.0,0.0,0.0,-14.7656,-12.0925,1.0,1.0,MaintainConstant,seated
65.4921,595,1.95434,-1.89686,-12.4158,0.0905475,1.08098,0.209591,0.0,0.0,0.0,0.0,-15.4688,-5.16038,1.0,1.0,MaintainConstant,seated
65.6186,596,-3.98531,-1.18793,-9.35974,-0.0066579,-0.974717,0.0953412,0.0,0.0,0.0,0.0,-14.0625,11.1169,1.0,1.0,MaintainConstant,seated
65.7326,597,-0.756826,0.0479004,-10.3561,0.0231695,0.621049,-0.0631169,0.0,0.0,0.0,0.0,-12.1289,16.9669,1.0,1.0,MaintainConstant,seated
65.8541,598,-0.699346,-0.392783,-10.2411,0.00239685,0.536627,0.0737696,0.0,0.0,0.0,0.0,-8.61328,28.925,1.0,1.0,MaintainConstant,seated
65.9691,599,-1.71483,-0.0670606,-9.93454,0.0255663,0.73956,0.0551274,0.0,0.0,0.0,0.0,-4.39453,36.6846,1.0,1.0,MaintainConstant,seated
