1.40667e-05,0,-1.21667,-0.239502,-9.56092,0.0167779,0.0130495,0.0125169,0.0,0.0,0.0,0.0,2.8125,0.0,1.0,1.0,None,seated
0.131675,1,-0.747246,-0.354463,-12.023,0.0141148,-0.192813,0.0583232,0.0,0.0,0.0,0.0,2.63672,-1.33511,1.0,1.0,Start,extended
0.21175,2,1.44659,0.526904,-10.5285,0.0191748,-0.110255,-0.105727,0.0,0.0,0.0,0.0,3.16406,6.58562,1.0,1.0,Start,extended
0.291823,3,-2.19384,-0.124541,-7.57784,0.071639,-3.15984,0.0439422,0.0,0.0,0.0,0.0,3.33984,2.19526,1.0,1.0,Start,extended
0.371892,4,-7.31918,0.143701,-7.07968,-0.0114516,-2.55078,0.0407464,0.0,0.0,0.0,0.0,3.33984,0.0,1.0,1.0,Start,extended
0.451966,5,-12.0996,-0.641865,-8.82325,0.0591222,-0.720651,-0.0940096,0.0,0.0,0.0,0.0,3.16406,-2.19523,1.0,1.0,Start,extended
0.532038,6,-7.10842,-0.411943,-8.04727,0.0708401,0.504935,-0.187487,0.0,0.0,0.0,0.0,2.46094,-8.78117,1.0,1.0,Start,extended
0.612113,7,-2.79738,-0.0574805,-6.90724,-0.0066579,-0.260457,0.026099,0.0,0.0,0.0,0.0,2.98828,6.58562,1.0,1.0,Start,extended
0.692195,8,-6.66773,-0.143701,-8.45921,-0.0545948,0.242081,0.0450074,0.0,0.0,0.0,0.0,2.63672,-4.39002,1.0,1.0,Start,extended
0.838934,9,-6.27495,0.0670606,-7.5491,-0.0790959,-0.237288,0.00958738,0.0,0.0,0.0,0.0,2.8125,1.19792,1.0,1.0,Start,seated
0.919006,10,-7.28086,-0.335303,-6.30369,0.0250337,0.399474,-0.00266316,0.0,0.0,0.0,0.0,2.46094,-4.39058,1.0,1.0,Start,seated
0.999076,11,-9.50344,-0.153281,-7.92272,0.0886833,1.64743,0.0157127,0.0,0.0,0.0,0.0,1.93359,-6.58603,1.0,1.0,Start,seated
1.07915,12,0.0862207,-0.833467,-4.5218,0.143811,3.64241,0.0676443,0.0,0.0,0.0,0.0,1.75781,-2.19513,1.0,1.0,Start,seated
1.15923,13,1.06339,-0.0766406,-9.74294,-0.0130495,1.24663,-0.0695085,0.0,0.0,0.0,0.0,1.93359,2.19526,1.0,1.0,Start,seated
1.2393,14,-0.431104,0.0574805,-9.39806,0.0218379,-0.550209,0.194411,0.0,0.0,0.0,0.0,2.10938,2.19515,1.0,1.0,Start,seated
1.31938,15,-3.54463,0.0191602,-10.1836,0.051399,0.0609864,0.0295611,0.0,0.0,0.0,0.0,1.93359,-2.19529,1.0,1.0,Start,seated
1.39945,16,0.373623,-0.459844,-10.107,0.0506001,0.433563,-0.0545948,0.0,0.0,0.0,0.0,1.93359,0.0,1.0,1.0,Start,seated
1.47952,17,-0.603545,-0.421523,-10.107,-0.00319579,-0.0681769,-0.0175769,0.0,0.0,0.0,0.0,2.10938,2.19534,1.0,1.0,Start,seated
1.55959,18,-2.32796,-0.105381,-9.69504,-0.000266316,-0.105461,-0.00798948,0.0,0.0,0.0,0.0,2.28516,2.19529,1.0,1.0,Start,seated
1.63966,19,-1.22625,0.0,-9.14898,0.036219,0.16991,0.0231695,0.0,0.0,0.0,0.0,2.28516,0.0,1.0,1.0,Start,seated
1.71974,20,-1.09213,-0.124541,-9.38848,0.03036,0.097738,0.0423443,0.0,0.0,0.0,0.0,2.46094,2.19515,1.0,1.0,Start,seated
1.79981,21,-1.45617,-0.229922,-9.31184,0.03036,0.0284958,0.0428769,0.0,0.0,0.0,0.0,2.63672,2.19524,1.0,1.0,Start,seated
1.87989,22,-1.24541,-0.325723,-9.43638,0.0295611,0.0553938,0.0133158,0.0,0.0,0.0,0.0,2.63672,0.0,1.0,1.0,Start,seated
1.95996,23,-1.46575,-0.335303,-9.84832,0.0114516,0.0287621,0.00319579,0.0,0.0,0.0,0.0,2.8125,2.19532,1.0,1.0,Start,seated
2.07917,24,0.268242,-0.124541,-9.84832,0.0130495,0.0234358,0.0466053,0.0,0.0,0.0,0.0,2.8125,0.0,1.0,1.0,Start,extended
2.15924,25,3.27639,0.0862207,-8.89031,-0.0545948,-0.231162,-0.00852212,0.0,0.0,0.0,0.0,3.51562,8.78093,1.0,1.0,Start,extended
2.23931,26,-0.574805,-0.411943,-8.45921,0.0865527,-2.96916,0.0431432,0.0,0.0,0.0,0.0,3.69141,2.19532,1.0,1.0,Start,extended
2.31939,27,-6.63899,-0.565225,-7.6449,-0.026099,-2.74439,0.0697748,0.0,0.0,0.0,0.0,3.86719,2.19518,1.0,1.0,Start,extended
2.39946,28,-11.1225,0.498164,-6.62941,0.0324906,-0.922785,-0.150735,0.0,0.0,0.0,0.0,3.69141,-2.19526,1.0,1.0,Start,extended
2.47953,29,-10.8542,0.124541,-7.48204,0.0846885,0.175769,-0.113717,0.0,0.0,0.0,0.0,3.16406,-6.58595,1.0,1.0,Start,extended
2.55961,30,-1.31247,0.249082,-5.81511,0.0154463,0.0529969,0.0316916,0.0,0.0,0.0,0.0,3.69141,6.5858,1.0,1.0,Start,extended
2.63968,31,-6.22705,-0.431104,-6.72521,-0.0492685,-0.317715,0.0812264,0.0,0.0,0.0,0.0,3.51562,-2.19529,1.0,1.0,Start,extended
2.71976,32,-5.52771,-0.440684,-6.82102,-0.0548611,0.230363,0.0942759,0.0,0.0,0.0,0.0,3.33984,-2.19513,1.0,1.0,Start,extended
2.79983,33,-7.2617,-0.507744,-7.86524,-0.0386158,-0.198938,0.0660464,0.0,0.0,0.0,0.0,3.33984,0.0,1.0,1.0,Start,extended
2.8799,34,-5.11576,-0.325723,-6.86892,-0.0221042,0.107059,0.0191748,0.0,0.0,0.0,0.0,3.16406,-2.19526,1.0,1.0,Start,extended
2.95997,35,-6.12167,-0.210762,-7.46288,0.0466053,-0.01012,0.0194411,0.0,0.0,0.0,0.0,2.98828,-2.19534,1.0,1.0,Start,extended
3.04005,36,-6.25579,-0.0670606,-7.84608,0.0292948,-0.0015979,-0.0391485,0.0,0.0,0.0,0.0,2.63672,-4.39026,1.0,1.0,Start,extended
3.12013,37,-5.94923,0.0766406,-7.24254,0.0375506,-0.0450074,-0.00506001,0.0,0.0,0.0,0.0,2.63672,0.0,1.0,1.0,Start,extended
3.20021,38,-5.80553,-0.134121,-7.60658,0.0199737,0.00372843,0.0229032,0.0,0.0,0.0,0.0,2.46094,-2.19512,1.0,1.0,Start,extended
3.28028,39,-6.33243,-0.143701,-7.84608,-0.01012,0.0375506,0.0450074,0.0,0.0,0.0,0.0,2.28516,-2.19534,1.0,1.0,Start,extended
3.56154,40,-6.84018,-0.316143,-6.88808,0.0396811,-0.0814927,-0.087618,0.0,0.0,0.0,0.0,1.93359,-1.24992,1.0,1.0,Start,seated
3.64161,41,-8.96695,0.268242,-7.09884,0.106793,0.778708,0.0687096,0.0,0.0,0.0,0.0,1.23047,-8.78138,1.0,1.0,Start,seated
3.72168,42,-4.68466,-0.354463,-7.84608,-0.0117179,2.76862,0.0242348,0.0,0.0,0.0,0.0,1.23047,0.0,1.0,1.0,Start,seated
3.80176,43,-1.8777,-0.411943,-10.0016,0.0761664,2.92122,0.141946,0.0,0.0,0.0,0.0,1.23047,0.0,1.0,1.0,Start,seated
3.88183,44,2.8836,0.0766406,-8.73703,0.0607201,0.874848,0.204797,0.0,0.0,0.0,0.0,1.93359,8.78104,1.0,1.0,Start,seated
3.96191,45,-2.80696,-0.258662,-9.81,-0.0577906,-0.403469,0.0495348,0.0,0.0,0.0,0.0,2.10938,2.19513,1.0,1.0,Start,seated
4.04198,46,-2.1172,0.411943,-9.6184,-0.00798948,0.524909,-0.0849548,0.0,0.0,0.0,0.0,1.93359,-2.19534,1.0,1.0,Start,seated
4.12205,47,0.517324,0.143701,-8.36341,0.0804275,0.209324,-0.0817591,0.0,0.0,0.0,0.0,1.93359,0.0,1.0,1.0,Start,seated
4.20212,48,-1.33163,-0.153281,-9.86748,0.00692422,-0.145941,0.0135821,0.0,0.0,0.0,0.0,2.28516,4.39064,1.0,1.0,Start,seated
4.2822,49,-2.00224,-0.287402,-9.64714,0.00133158,0.0918791,0.0553938,0.0,0.0,0.0,0.0,2.63672,4.39009,1.0,1.0,Start,seated
4.36228,50,-1.27415,-0.411943,-9.84832,0.00532632,0.0753675,0.0420779,0.0,0.0,0.0,0.0,2.8125,2.19507,1.0,1.0,Start,seated
4.44236,51,-1.23583,-0.526904,-9.8579,-0.0130495,0.00932106,-0.0130495,0.0,0.0,0.0,0.0,2.98828,2.19521,1.0,1.0,Start,seated
4.52243,52,-1.07297,-0.296982,-9.45554,0.0189084,0.0721717,-0.0402137,0.0,0.0,0.0,0.0,3.16406,2.19531,1.0,1.0,Start,seated
4.6025,53,-1.14961,-0.268242,-9.51302,0.0282295,0.0543285,-0.0183758,0.0,0.0,0.0,0.0,3.16406,0.0,1.0,1.0,Start,seated
4.71494,54,-0.316143,-0.373623,-9.65672,-0.000266316,0.021039,0.0753675,0.0,0.0,0.0,0.0,3.33984,1.56337,1.0,1.0,Start,extended
4.79501,55,1.44659,-0.0766406,-8.95737,-0.0479369,-0.0865527,0.0428769,0.0,0.0,0.0,0.0,3.86719,6.5857,1.0,1.0,Start,extended
4.87509,56,-0.249082,-0.344883,-6.93598,0.0327569,-2.90098,0.000532632,0.0,0.0,0.0,0.0,4.21875,4.39037,1.0,1.0,Start,extended
4.95517,57,-9.11065,0.0574805,-6.61025,-0.0993359,-2.78114,-0.0266316,0.0,0.0,0.0,0.0,4.21875,0.0,1.0,1.0,Start,extended
5.03524,58,-10.8734,-0.651445,-8.28677,0.0239685,-0.818389,-0.0921454,0.0,0.0,0.0,0.0,4.04297,-2.19517,1.0,1.0,Start,extended
5.11531,59,-7.6928,-0.105381,-7.07968,0.0721717,-0.0790959,-0.0561927,0.0,0.0,0.0,0.0,3.51562,-6.58595,1.0,1.0,Start,extended
5.19536,60,-3.04646,0.0862207,-6.58151,-0.0229032,0.354467,0.0631169,0.0,0.0,0.0,0.0,3.86719,4.39179,1.0,1.0,Start,extended
5.27544,61,-6.96472,-0.258662,-6.94556,-0.066579,-0.379234,0.0759001,0.0,0.0,0.0,0.0,3.69141,-2.19521,1.0,1.0,Start,extended
5.35551,62,-5.13492,-0.114961,-7.25212,-0.0671117,0.190682,0.0969391,0.0,0.0,0.0,0.0,3.51562,-2.19521,1.0,1.0,Start,extended
5.43559,63,-7.08926,-0.229922,-8.00895,-0.0577906,-0.252468,0.0668453,0.0,0.0,0.0,0.0,3.33984,-2.19526,1.0,1.0,Start,extended
5.51567,64,-5.0008,-0.325723,-6.88808,-0.0114516,0.0668453,-0.0295611,0.0,0.0,0.0,0.0,2.98828,-4.39024,1.0,1.0,Start,extended
5.59574,65,-6.13125,-0.373623,-7.14674,0.0692422,-0.0282295,0.000266316,0.0,0.0,0.0,0.0,2.63672,-4.39064,1.0,1.0,Start,extended
5.67581,66,-6.20789,-0.210762,-7.8844,0.0327569,-0.0221042,-0.0300937,0.0,0.0,0.0,0.0,2.46094,-2.19526,1.0,1.0,Start,extended
5.75588,67,-5.86301,0.0191602,-7.17548,0.0436758,-0.0543285,-0.0191748,0.0,0.0,0.0,0.0,2.10938,-4.39062,1.0,1.0,Start,extended
5.83595,68,-5.96839,-0.0958008,-7.4054,0.0178432,-0.0183758,0.0524643,0.0,0.0,0.0,0.0,1.93359,-2.19535,1.0,1.0,Start,extended
5.91602,69,-6.31327,-0.124541,-7.71196,-0.0245011,-0.0593885,0.0221042,0.0,0.0,0.0,0.0,1.75781,-2.19537,1.0,1.0,Start,extended
6.06754,70,-7.4054,-0.622705,-6.13125,0.0625843,0.0740359,-0.00905475,0.0,0.0,0.0,0.0,1.75781,0.0,1.0,1.0,Start,seated
6.14762,71,-7.6449,0.411943,-5.98755,0.0426106,0.704406,0.0633832,0.0,0.0,0.0,0.0,1.23047,-6.58578,1.0,1.0,Start,seated
6.22769,72,-6.36117,0.392783,-8.66997,0.0452737,2.77954,-0.00745685,0.0,0.0,0.0,0.0,0.878906,-4.39053,1.0,1.0,Start,seated
6.30777,73,-1.08255,0.268242,-8.32509,0.0577906,3.12868,-0.01518,0.0,0.0,0.0,0.0,0.878906,0.0,1.0,1.0,Start,seated
6.38784,74,1.25499,0.0958008,-8.47837,-0.0506001,0.740359,0.111586,0.0,0.0,0.0,0.0,1.58203,8.78114,1.0,1.0,Start,seated
6.46791,75,-1.19751,-0.0479004,-9.39806,-0.106526,-0.742756,0.122239,0.0,0.0,0.0,0.0,1.75781,2.19527,1.0,1.0,Start,seated
6.54799,76,-2.7878,-0.172441,-9.6184,0.00798948,0.706537,0.0271642,0.0,0.0,0.0,0.0,1.75781,0.0,1.0,1.0,Start,seated
6.62806,77,-0.134121,-0.124541,-9.2352,0.0545948,0.190949,-0.0593885,0.0,0.0,0.0,0.0,1.75781,0.0,1.0,1.0,Start,seated
6.70814,78,-0.708926,-0.450264,-9.89622,0.0167779,-0.183758,-0.00346211,0.0,0.0,0.0,0.0,2.10938,4.39032,1.0,1.0,Start,seated
6.78821,79,-1.84896,-0.172441,-9.94412,0.00559264,0.11931,0.00106526,0.0,0.0,0.0,0.0,2.46094,4.39041,1.0,1.0,Start,seated
6.86828,80,-1.19751,-0.325723,-10.1261,-0.0015979,0.0713727,0.0266316,0.0,0.0,0.0,0.0,2.63672,2.19534,1.0,1.0,Start,seated
6.94836,81,-1.11129,-0.354463,-9.89622,-0.015979,0.01518,0.0266316,0.0,0.0,0.0,0.0,2.98828,4.39037,1.0,1.0,Start,seated
7.02843,82,-1.14003,-0.268242,-9.55134,0.01012,0.0940096,-0.00426106,0.0,0.0,0.0,0.0,3.33984,4.39053,1.0,1.0,Start,seated
7.1085,83,-1.08255,-0.114961,-9.54176,0.0223706,0.0596548,-0.0189084,0.0,0.0,0.0,0.0,3.51562,2.19526,1.0,1.0,Start,seated
7.18857,84,-1.30289,-0.0862207,-9.49386,0.0239685,0.0822917,0.00932106,0.0,0.0,0.0,0.0,3.69141,2.19538,1.0,1.0,Start,seated
7.3063,85,-1.36995,-0.220342,-9.78126,0.015979,0.03542,0.0436758,0.0,0.0,0.0,0.0,3.86719,1.49316,1.0,1.0,Start,extended
7.38636,86,1.30289,-1.18793,-9.67588,-0.00106526,-0.301736,-0.0508664,0.0,0.0,0.0,0.0,4.21875,4.39087,1.0,1.0,Start,extended
7.46643,87,-0.881367,0.162861,-7.95147,-0.00905475,-3.07062,0.103331,0.0,0.0,0.0,0.0,4.57031,4.39064,1.0,1.0,Start,extended
7.54651,88,-7.24254,0.383203,-6.75396,-0.152865,-2.74971,-0.0287621,0.0,0.0,0.0,0.0,4.57031,0.0,1.0,1.0,Start,extended
7.62659,89,-9.8579,-0.210762,-7.63532,0.0447411,-0.409062,-0.154463,0.0,0.0,0.0,0.0,4.57031,0.0,1.0,1.0,Start,extended
7.70666,90,-5.2882,-0.239502,-7.55868,0.03542,-0.0628506,-0.127832,0.0,0.0,0.0,0.0,3.86719,-8.78083,1.0,1.0,Start,extended
7.78673,91,-4.33978,0.00958008,-6.39949,-0.0490022,0.0450074,0.0743022,0.0,0.0,0.0,0.0,4.04297,2.19529,1.0,1.0,Start,extended
7.86681,92,-8.10475,-0.498164,-7.15632,-0.0295611,-0.281496,0.0753675,0.0,0.0,0.0,0.0,3.86719,-2.19521,1.0,1.0,Start,extended
7.94688,93,-6.26537,0.153281,-7.0222,-0.0402137,0.167247,0.0857538,0.0,0.0,0.0,0.0,3.51562,-4.39074,1.0,1.0,Start,extended
8.02695,94,-5.90133,0.124541,-7.86524,-0.0596548,-0.161654,0.0617853,0.0,0.0,0.0,0.0,3.16406,-4.39047,1.0,1.0,Start,extended
8.10702,95,-5.51813,-0.450264,-7.14674,0.00266316,0.0343548,-0.00559264,0.0,0.0,0.0,0.0,2.8125,-4.39052,1.0,1.0,Start,extended
8.18709,96,-6.09293,-0.220342,-7.23296,0.0607201,-0.0585895,-0.0460727,0.0,0.0,0.0,0.0,2.28516,-6.58597,1.0,1.0,Start,extended
8.26716,97,-5.94923,-0.0862207,-7.80776,0.0410127,-0.0428769,-0.0423443,0.0,0.0,0.0,0.0,2.10938,-2.19536,1.0,1.0,Start,extended
8.34723,98,-5.89175,0.0479004,-7.3575,0.0431432,-0.0695085,-0.0130495,0.0,0.0,0.0,0.0,1.75781,-4.3906,1.0,1.0,Start,extended
8.4273,99,-6.09293,-0.0191602,-7.5012,0.00719053,-0.0263653,0.0364853,0.0,0.0,0.0,0.0,1.58203,-2.1955,1.0,1.0,Start,extended
8.50737,100,-6.14083,-0.0287402,-7.79818,-0.0119842,-0.0439422,0.021039,0.0,0.0,0.0,0.0,1.40625,-2.19525,1.0,1.0,Start,extended
8.87666,101,-8.21971,-0.670605,-8.22929,0.102532,0.629039,-0.203199,0.0,0.0,0.0,0.0,0.175781,-3.33199,1.0,1.0,Start,seated
8.95673,102,-4.60802,-1.16877,-7.75028,-0.0942759,1.61095,0.183225,0.0,0.0,0.0,0.0,0.351562,2.19543,1.0,1.0,Start,seated
9.03679,103,-5.30736,-0.450264,-9.6184,-0.108923,2.71722,0.173638,0.0,0.0,0.0,0.0,1.40625,13.1727,1.0,1.0,Start,seated
9.13758,104,-0.574805,-0.239502,-8.66997,0.125435,0.600277,0.209324,0.0,0.0,0.0,0.0,1.93359,5.23229,1.0,1.0,Start,seated
9.22258,105,-0.900527,0.229922,-9.32142,-0.0370179,0.0838896,-0.150469,0.0,0.0,0.0,0.0,2.10938,2.06815,1.0,1.0,Start,seated
9.33457,106,-1.76273,-0.143701,-9.6663,0.0266316,0.319047,-0.0599211,0.0,0.0,0.0,0.0,2.28516,1.5696,1.0,1.0,Start,seated
9.41464,107,-0.354463,0.0958008,-9.35016,0.0154463,0.136088,-0.0370179,0.0,0.0,0.0,0.0,2.63672,4.39069,1.0,1.0,Start,seated
9.49471,108,-1.40827,-0.00958008,-9.43638,0.0141148,0.0506001,0.103064,0.0,0.0,0.0,0.0,3.16406,6.58592,1.0,1.0,Start,seated
9.57478,109,-1.07297,-0.316143,-9.4268,0.0125169,0.0857538,0.0287621,0.0,0.0,0.0,0.0,3.69141,6.58588,1.0,1.0,Start,seated
9.65758,110,-1.29331,-0.411943,-9.58008,0.0239685,0.0897485,-0.0591222,0.0,0.0,0.0,0.0,4.04297,4.24575,1.0,1.0,Start,seated
9.7876,111,-1.25499,-0.258662,-9.69504,0.0167779,0.061519,-0.00346211,0.0,0.0,0.0,0.0,4.21875,1.35197,1.0,1.0,Start,seated
10.3312,112,-1.59029,0.124541,-8.19097,0.02024,-2.17767,-0.298807,0.0,0.0,0.0,0.0,4.39453,0.323373,1.0,1.0,Start,extended
10.4206,113,-4.5697,-0.814307,-8.51669,0.0884169,-2.43786,-0.146208,0.0,0.0,0.0,0.0,4.04297,-3.93198,1.0,1.0,Start,extended
10.5007,114,-5.63309,-0.440684,-7.53952,-0.0370179,-1.78938,-0.349407,0.0,0.0,0.0,0.0,3.69141,-4.39068,1.0,1.0,Start,extended
10.5807,115,-6.86892,-0.191602,-7.6928,0.0338221,-0.509729,-0.0868191,0.0,0.0,0.0,0.0,3.16406,-6.58574,1.0,1.0,Start,extended
10.6608,116,-5.49897,-0.459844,-7.70238,0.0127832,0.00639159,0.107592,0.0,0.0,0.0,0.0,2.8125,-4.39045,1.0,1.0,Start,extended
10.7409,117,-6.42823,-0.411943,-7.65448,-0.047138,-0.119043,0.0814927,0.0,0.0,0.0,0.0,2.63672,-2.19532,1.0,1.0,Start,extended
10.821,118,-5.58519,-0.402363,-7.44372,-0.0346211,-0.0452737,0.0692422,0.0,0.0,0.0,0.0,2.28516,-4.39028,1.0,1.0,Start,extended
10.901,119,-6.13125,-0.258662,-7.597,0.00852212,-0.0790959,0.0436758,0.0,0.0,0.0,0.0,1.75781,-6.58576,1.0,1.0,Start,extended
10.9811,120,-5.88217,-0.124541,-7.63532,0.0263653,-0.0647148,-0.0138484,0.0,0.0,0.0,0.0,1.40625,-4.39064,1.0,1.0,Start,extended
11.0612,121,-5.93007,0.0,-7.52036,0.0402137,-0.0479369,-0.0263653,0.0,0.0,0.0,0.0,1.05469,-4.39051,1.0,1.0,Start,extended
11.2504,122,-8.01853,-0.105381,-7.597,0.0833569,-0.0138484,-0.0378169,0.0,0.0,0.0,0.0,0.703125,-1.85755,1.0,1.0,Start,seated
11.3305,123,-9.80042,0.277822,-7.61616,0.0149137,0.352603,0.113983,0.0,0.0,0.0,0.0,0.175781,-6.58623,1.0,1.0,Start,seated
11.4106,124,-4.73256,-0.737666,-7.10842,-0.0439422,2.95797,0.125435,0.0,0.0,0.0,0.0,0.175781,0.0,1.0,1.0,Start,seated
11.4907,125,0.0958008,0.0479004,-8.71787,0.113983,2.73294,-0.0255663,0.0,0.0,0.0,0.0,0.175781,0.0,1.0,1.0,Start,seated
11.5707,126,1.65735,0.498164,-8.66039,0.0154463,0.731304,0.0988033,0.0,0.0,0.0,0.0,0.878906,8.78067,1.0,1.0,Start,seated
11.6508,127,-4.01405,-0.641865,-10.471,-0.107592,-0.40267,-0.0130495,0.0,0.0,0.0,0.0,1.05469,2.19529,1.0,1.0,Start,seated
11.7309,128,-2.36628,0.220342,-9.55134,-0.0138484,0.555269,-0.0772317,0.0,0.0,0.0,0.0,1.23047,2.19505,1.0,1.0,Start,seated
11.811,129,0.775986,-0.450264,-8.57417,0.0796285,0.361924,-0.0719054,0.0,0.0,0.0,0.0,1.58203,4.39065,1.0,1.0,Start,seated
11.891,130,-0.785566,-0.325723,-9.6663,0.0157127,-0.122772,0.0399474,0.0,0.0,0.0,0.0,2.10938,6.58544,1.0,1.0,Start,seated
11.9711,131,-1.95434,-0.239502,-9.9058,-0.00133158,0.132625,0.0657801,0.0,0.0,0.0,0.0,2.63672,6.58537,1.0,1.0,Start,seated
12.0512,132,-1.11129,-0.296982,-9.88664,0.00878843,0.148072,0.0346211,0.0,0.0,0.0,0.0,2.98828,4.39069,1.0,1.0,Start,seated
12.1313,133,-1.18793,-0.258662,-9.74294,-0.00932106,0.0692422,-0.00719053,0.0,0.0,0.0,0.0,3.51562,6.58584,1.0,1.0,Start,seated
12.2113,134,-1.18793,-0.0958008,-9.64714,0.0138484,0.121973,-0.0266316,0.0,0.0,0.0,0.0,3.86719,4.39069,1.0,1.0,Start,seated
12.2914,135,-1.11129,-0.134121,-9.60882,0.021039,0.0948085,0.00745685,0.0,0.0,0.0,0.0,4.21875,4.39236,1.0,1.0,Start,seated
12.3714,136,-1.17835,-0.105381,-9.55134,0.010919,0.102532,0.0287621,0.0,0.0,0.0,0.0,4.57031,4.39066,1.0,1.0,Start,seated
12.4939,137,-1.28373,-0.0383203,-10.1166,0.0119842,0.0370179,0.0255663,0.0,0.0,0.0,0.0,4.74609,1.43511,1.0,1.0,Start,extended
12.574,138,3.48715,-0.0383203,-9.49386,-0.0154463,-0.193878,-0.0306264,0.0,0.0,0.0,0.0,5.27344,6.58546,1.0,1.0,Start,extended
12.6541,139,-5.23072,0.210762,-7.86524,0.087618,-3.02828,0.0423443,0.0,0.0,0.0,0.0,5.44922,2.19535,1.0,1.0,Start,extended
12.7341,140,-7.58742,-1.29331,-7.22338,-0.0604538,-2.64052,-0.010919,0.0,0.0,0.0,0.0,5.44922,0.0,1.0,1.0,IncreaseQuarterPeriod,extended
12.8142,141,-7.79818,-0.459844,-6.71563,0.00292948,-1.06899,-0.0990696,0.0,0.0,0.0,0.0,5.09766,-4.3907,1.0,1.0,IncreaseQuarterPeriod,extended
12.8943,142,-7.72154,-0.210762,-7.118,0.0418116,0.0205063,-0.156061,0.0,0.0,0.0,0.0,4.39453,-8.78112,1.0,1.0,IncreaseQuarterPeriod,extended
12.9744,143,-2.22258,-0.239502,-6.34201,-0.0537959,0.336357,0.057258,0.0,0.0,0.0,0.0,4.57031,2.19521,1.0,1.0,IncreaseQuarterPeriod,extended
13.0544,144,-8.39215,-0.699346,-6.85934,-0.072438,-0.383762,0.110788,0.0,0.0,0.0,0.0,4.04297,-6.5859,1.0,1.0,IncreaseQuarterPeriod,extended
13.1345,145,-5.27862,-0.431104,-6.96472,-0.061519,0.120109,0.100934,0.0,0.0,0.0,0.0,3.69141,-4.39085,1.0,1.0,IncreaseQuarterPeriod,extended
13.2146,146,-6.22705,0.0287402,-7.8844,-0.0599211,-0.126234,0.0609864,0.0,0.0,0.0,0.0,3.16406,-6.58599,1.0,1.0,IncreaseQuarterPeriod,extended
13.2946,147,-5.31694,-0.124541,-7.22338,-0.00426106,-0.0492685,-0.03542,0.0,0.0,0.0,0.0,2.63672,-6.58603,1.0,1.0,IncreaseQuarterPeriod,extended
13.3747,148,-6.32285,-0.306563,-7.80776,0.0529969,-0.105195,-0.00878843,0.0,0.0,0.0,0.0,2.10938,-6.58615,1.0,1.0,IncreaseQuarterPeriod,extended
13.4548,149,-6.06419,-0.0862207,-7.73112,0.0367516,-0.0732369,-0.0490022,0.0,0.0,0.0,0.0,1.58203,-6.58546,1.0,1.0,IncreaseQuarterPeriod,extended
13.5349,150,-5.88217,0.114961,-7.29044,0.0383495,-0.0945422,0.00106526,0.0,0.0,0.0,0.0,1.05469,-6.58588,1.0,1.0,IncreaseQuarterPeriod,extended
13.6149,151,-6.06419,-0.0574805,-7.46288,0.0138484,-0.0577906,0.0466053,0.0,0.0,0.0,0.0,0.703125,-4.39045,1.0,1.0,IncreaseQuarterPeriod,extended
13.695,152,-6.15041,-0.143701,-7.61616,-0.0183758,-0.0761664,0.010919,0.0,0.0,0.0,0.0,0.527344,-2.19532,1.0,1.0,IncreaseQuarterPeriod,extended
13.7751,153,-5.55645,-0.268242,-7.29044,0.0133158,-0.0255663,0.04048,0.0,0.0,0.0,0.0,0.351562,-2.19533,1.0,1.0,IncreaseQuarterPeriod,extended
13.8551,154,-6.35159,-0.344883,-7.81734,0.0189084,0.00585895,0.00878843,0.0,0.0,0.0,0.0,0.175781,-2.19521,1.0,1.0,IncreaseQuarterPeriod,extended
13.9352,155,-5.83427,-0.210762,-7.44372,0.0221042,-0.01012,-0.00798948,0.0,0.0,0.0,0.0,0.351562,2.19516,1.0,1.0,IncreaseQuarterPeriod,extended
14.0153,156,-5.79595,-0.143701,-7.39582,0.0356864,0.0609864,0.00239685,0.0,0.0,0.0,0.0,0.351562,0.0,1.0,1.0,IncreaseQuarterPeriod,extended
14.0954,157,-6.27495,-0.172441,-7.80776,0.0141148,0.0335558,0.00346211,0.0,0.0,0.0,0.0,0.527344,2.1958,1.0,1.0,IncreaseQuarterPeriod,extended
14.1754,158,-5.82469,-0.124541,-7.67364,-0.00372843,0.0649811,0.0223706,0.0,0.0,0.0,0.0,0.878906,4.39062,1.0,1.0,IncreaseQuarterPeriod,extended
14.2555,159,-5.92049,-0.153281,-7.49162,0.01012,0.0961401,0.0386158,0.0,0.0,0.0,0.0,1.23047,4.39098,1.0,1.0,IncreaseQuarterPeriod,extended
14.3356,160,-6.10251,-0.143701,-7.67364,0.0106526,0.0993359,0.0117179,0.0,0.0,0.0,0.0,1.58203,4.39041,1.0,1.0,IncreaseQuarterPeriod,extended
14.4156,161,-5.88217,-0.134121,-7.42456,0.0215716,0.115848,0.00639159,0.0,0.0,0.0,0.0,2.10938,6.58582,1.0,1.0,IncreaseQuarterPeriod,extended
14.4957,162,-5.87259,-0.153281,-7.48204,0.0316916,0.125968,0.00772317,0.0,0.0,0.0,0.0,2.46094,4.39062,1.0,1.0,IncreaseQuarterPeriod,extended
14.5758,163,-5.98755,-0.105381,-7.55868,0.02024,0.12943,0.0,0.0,0.0,0.0,0.0,2.98828,6.58539,1.0,1.0,IncreaseQuarterPeriod,extended
14.6559,164,-5.82469,-0.114961,-7.4054,0.0154463,0.1265,0.015979,0.0,0.0,0.0,0.0,3.51562,6.5859,1.0,1.0,IncreaseQuarterPeriod,extended
14.7359,165,-6.05461,-0.220342,-7.60658,0.0127832,0.133957,0.0231695,0.0,0.0,0.0,0.0,4.04297,6.58576,1.0,1.0,IncreaseQuarterPeriod,extended
14.816,166,-6.01629,-0.239502,-7.55868,0.0098537,0.10626,0.0197074,0.0,0.0,0.0,0.0,4.39453,4.39058,1.0,1.0,IncreaseQuarterPeriod,extended
14.8961,167,-5.84385,-0.229922,-7.39582,0.0194411,0.101466,0.0098537,0.0,0.0,0.0,0.0,4.74609,4.39039,1.0,1.0,IncreaseQuarterPeriod,extended
14.9762,168,-6.01629,-0.162861,-7.58742,0.0237021,0.0910801,0.00772317,0.0,0.0,0.0,0.0,5.09766,4.3904,1.0,1.0,IncreaseQuarterPeriod,extended
15.0562,169,-5.93965,-0.114961,-7.5491,0.0154463,0.0551274,0.00292948,0.0,0.0,0.0,0.0,5.27344,2.19529,1.0,1.0,IncreaseQuarterPeriod,extended
15.1363,170,-5.84385,-0.153281,-7.44372,0.0149137,0.0503337,0.02024,0.0,0.0,0.0,0.0,5.27344,0.0,1.0,1.0,IncreaseQuarterPeriod,extended
15.2164,171,-5.96839,-0.134121,-7.5491,0.0119842,0.0245011,0.01518,0.0,0.0,0.0,0.0,5.27344,0.0,1.0,1.0,IncreaseQuarterPeriod,extended
15.2964,172,-5.93965,-0.105381,-7.5491,0.0135821,-0.00372843,0.0130495,0.0,0.0,0.0,0.0,5.09766,-2.19541,1.0,1.0,IncreaseQuarterPeriod,extended
15.3765,173,-5.89175,-0.153281,-7.4533,0.0162453,-0.0178432,0.0106526,0.0,0.0,0.0,0.0,5.09766,0.0,1.0,1.0,IncreaseQuarterPeriod,extended
15.4566,174,-5.93965,-0.114961,-7.51078,0.0215716,-0.0370179,0.00798948,0.0,0.0,0.0,0.0,4.74609,-4.39034,1.0,1.0,IncreaseQuarterPeriod,extended
15.5367,175,-5.98755,-0.143701,-7.52036,0.0106526,-0.0612527,0.00319579,0.0,0.0,0.0,0.0,4.39453,-4.39045,1.0,1.0,IncreaseQuarterPeriod,extended
15.6167,176,-5.91091,-0.191602,-7.47246,0.0098537,-0.0735032,0.0135821,0.0,0.0,0.0,0.0,3.86719,-6.58595,1.0,1.0,IncreaseQuarterPeriod,extended
15.6968,177,-5.97797,-0.239502,-7.57784,0.0149137,-0.0838896,0.0138484,0.0,0.0,0.0,0.0,3.51562,-4.39039,1.0,1.0,IncreaseQuarterPeriod,extended
15.7769,178,-5.99713,-0.220342,-7.56826,0.01012,-0.0942759,0.0098537,0.0,0.0,0.0,0.0,2.98828,-6.58578,1.0,1.0,IncreaseQuarterPeriod,extended
15.857,179,-5.91091,-0.182021,-7.44372,0.0218379,-0.0950749,0.01012,0.0,0.0,0.0,0.0,2.46094,-6.58572,1.0,1.0,IncreaseQuarterPeriod,extended
15.937,180,-5.98755,-0.172441,-7.57784,0.0223706,-0.0937433,0.00772317,0.0,0.0,0.0,0.0,1.93359,-6.58607,1.0,1.0,IncreaseQuarterPeriod,extended
16.0171,181,-5.97797,-0.105381,-7.55868,0.00958738,-0.0918791,0.00878843,0.0,0.0,0.0,0.0,1.58203,-4.39058,1.0,1.0,IncreaseQuarterPeriod,extended
16.0972,182,-5.93965,-0.124541,-7.52036,0.0135821,-0.0790959,0.0138484,0.0,0.0,0.0,0.0,1.23047,-4.39056,1.0,1.0,IncreaseQuarterPeriod,extended
16.1772,183,-5.98755,-0.124541,-7.5491,0.0162453,-0.0687096,0.0141148,0.0,0.0,0.0,0.0,0.878906,-4.39057,1.0,1.0,IncreaseQuarterPeriod,extended
16.2573,184,-5.97797,-0.134121,-7.56826,0.0135821,-0.0535295,0.00745685,0.0,0.0,0.0,0.0,0.527344,-4.39037,1.0,1.0,IncreaseQuarterPeriod,extended
16.3374,185,-5.93965,-0.124541,-7.5491,0.02024,-0.0170442,0.01012,0.0,0.0,0.0,0.0,0.351562,-2.19593,1.0,1.0,IncreaseQuarterPeriod,extended
16.4536,186,-5.91091,-0.182021,-7.5012,0.0157127,0.00639159,0.00958738,0.0,0.0,0.0,0.0,0.351562,0.0,1.0,1.0,IncreaseQuarterPeriod,extended
16.5337,187,-5.97797,-0.191602,-7.5491,0.0183758,0.0308927,0.0098537,0.0,0.0,0.0,0.0,0.351562,0.0,1.0,1.0,IncreaseQuarterPeriod,extended
16.6137,188,-5.96839,-0.191602,-7.57784,0.0130495,0.0420779,0.0173105,0.0,0.0,0.0,0.0,0.527344,2.19535,1.0,1.0,IncreaseQuarterPeriod,extended
16.6938,189,-5.93007,-0.172441,-7.48204,0.0138484,0.0633832,0.00905475,0.0,0.0,0.0,0.0,0.703125,2.19534,1.0,1.0,IncreaseQuarterPeriod,extended
16.7739,190,-5.96839,-0.210762,-7.52036,0.0175769,0.0828243,0.0114516,0.0,0.0,0.0,0.0,1.05469,4.3907,1.0,1.0,IncreaseQuarterPeriod,extended
16.8539,191,-5.98755,-0.162861,-7.5491,0.0181095,0.0982706,0.0130495,0.0,0.0,0.0,0.0,1.40625,4.39095,1.0,1.0,IncreaseQuarterPeriod,extended
16.934,192,-5.99713,-0.134121,-7.5491,0.0170442,0.105195,0.00905475,0.0,0.0,0.0,0.0,1.93359,6.58584,1.0,1.0,IncreaseQuarterPeriod,extended
17.0141,193,-5.98755,-0.124541,-7.52036,0.015979,0.12144,0.0125169,0.0,0.0,0.0,0.0,2.28516,4.39069,1.0,1.0,IncreaseQuarterPeriod,extended
17.0941,194,-5.95881,-0.153281,-7.5491,0.0149137,0.121174,0.01518,0.0,0.0,0.0,0.0,2.8125,6.58599,1.0,1.0,IncreaseQuarterPeriod,extended
17.1742,195,-5.93965,-0.143701,-7.52036,0.0162453,0.129696,0.00719053,0.0,0.0,0.0,0.0,3.33984,6.58578,1.0,1.0,IncreaseQuarterPeriod,extended
17.2543,196,-5.96839,-0.134121,-7.5491,0.0191748,0.123571,0.0125169,0.0,0.0,0.0,0.0,3.69141,4.39054,1.0,1.0,IncreaseQuarterPeriod,extended
17.3344,197,-5.93007,-0.134121,-7.5491,0.0173105,0.115049,0.00958738,0.0,0.0,0.0,0.0,4.21875,6.58511,1.0,1.0,IncreaseQuarterPeriod,extended
17.4144,198,-5.93965,-0.172441,-7.5491,0.0157127,0.103064,0.00852212,0.0,0.0,0.0,0.0,4.57031,4.39088,1.0,1.0,IncreaseQuarterPeriod,extended
17.4945,199,-5.99713,-0.162861,-7.4533,0.0170442,0.092678,0.0167779,0.0,0.0,0.0,0.0,4.92188,4.39065,1.0,1.0,IncreaseQuarterPeriod,extended
17.5746,200,-5.93007,-0.210762,-7.48204,0.0130495,0.0721717,0.0135821,0.0,0.0,0.0,0.0,5.09766,2.19529,1.0,1.0,IncreaseQuarterPeriod,extended
17.6546,201,-5.93007,-0.191602,-7.47246,0.0130495,0.0545948,0.0191748,0.0,0.0,0.0,0.0,5.27344,2.19541,1.0,1.0,IncreaseQuarterPeriod,extended
17.7347,202,-5.95881,-0.153281,-7.5012,0.0170442,0.0340885,0.0162453,0.0,0.0,0.0,0.0,5.27344,0.0,1.0,1.0,IncreaseQuarterPeriod,extended
17.8148,203,-5.91091,-0.153281,-7.52036,0.0146474,0.00878843,0.0130495,0.0,0.0,0.0,0.0,5.27344,0.0,1.0,1.0,IncreaseQuarterPeriod,extended
17.8949,204,-5.93007,-0.124541,-7.48204,0.0141148,-0.010919,0.0135821,0.0,0.0,0.0,0.0,5.09766,-2.19529,1.0,1.0,IncreaseQuarterPeriod,extended
17.9749,205,-5.93965,-0.124541,-7.51078,0.0117179,-0.0335558,0.0117179,0.0,0.0,0.0,0.0,4.74609,-4.39053,1.0,1.0,IncreaseQuarterPeriod,extended
18.055,206,-5.99713,-0.124541,-7.5491,0.01518,-0.0495348,0.0127832,0.0,0.0,0.0,0.0,4.57031,-2.19528,1.0,1.0,IncreaseQuarterPeriod,extended
18.1351,207,-5.93007,-0.105381,-7.48204,0.0119842,-0.0655138,0.0135821,0.0,0.0,0.0,0.0,4.04297,-6.58529,1.0,1.0,IncreaseQuarterPeriod,extended
18.2152,208,-5.97797,-0.143701,-7.51078,0.0154463,-0.0777643,0.00852212,0.0,0.0,0.0,0.0,3.69141,-4.39052,1.0,1.0,IncreaseQuarterPeriod,extended
18.2952,209,-5.96839,-0.162861,-7.52036,0.01012,-0.0884169,0.00559264,0.0,0.0,0.0,0.0,3.16406,-6.58607,1.0,1.0,IncreaseQuarterPeriod,extended
18.3753,210,-5.93007,-0.153281,-7.52994,0.015979,-0.0940096,0.00932106,0.0,0.0,0.0,0.0,2.63672,-6.5857,1.0,1.0,IncreaseQuarterPeriod,extended
18.4554,211,-5.97797,-0.191602,-7.5491,0.0127832,-0.0942759,0.0114516,0.0,0.0,0.0,0.0,2.28516,-4.3907,1.0,1.0,IncreaseQuarterPeriod,extended
18.5354,212,-6.02587,-0.220342,-7.52036,0.0114516,-0.0908138,0.0125169,0.0,0.0,0.0,0.0,1.75781,-6.58578,1.0,1.0,IncreaseQuarterPeriod,extended
18.6155,213,-5.96839,-0.182021,-7.51078,0.0127832,-0.0841559,0.0157127,0.0,0.0,0.0,0.0,1.40625,-4.39075,1.0,1.0,IncreaseQuarterPeriod,extended
18.6956,214,-5.97797,-0.143701,-7.52036,0.0146474,-0.0708401,0.0130495,0.0,0.0,0.0,0.0,1.05469,-4.39035,1.0,1.0,IncreaseQuarterPeriod,extended
18.7757,215,-5.97797,-0.162861,-7.597,0.0127832,-0.0532632,0.0106526,0.0,0.0,0.0,0.0,0.703125,-4.39069,1.0,1.0,IncreaseQuarterPeriod,extended
18.8557,216,-5.97797,-0.134121,-7.51078,0.01012,-0.0386158,0.01012,0.0,0.0,0.0,0.0,0.527344,-2.19519,1.0,1.0,IncreaseQuarterPeriod,extended
18.9358,217,-5.98755,-0.153281,-7.5491,0.01518,-0.0199737,0.0114516,0.0,0.0,0.0,0.0,0.351562,-2.19517,1.0,1.0,IncreaseQuarterPeriod,extended
19.0159,218,-5.97797,-0.114961,-7.56826,0.0157127,0.00532632,0.0125169,0.0,0.0,0.0,0.0,0.351562,0.0,1.0,1.0,IncreaseQuarterPeriod,extended
19.096,219,-5.95881,-0.143701,-7.5012,0.021039,0.021039,0.0106526,0.0,0.0,0.0,0.0,0.351562,0.0,1.0,1.0,IncreaseQuarterPeriod,extended
19.176,220,-5.94923,-0.182021,-7.52036,0.01518,0.0569916,0.0130495,0.0,0.0,0.0,0.0,0.703125,4.39031,1.0,1.0,IncreaseQuarterPeriod,extended
19.2561,221,-5.99713,-0.172441,-7.48204,0.0167779,0.0711064,0.0135821,0.0,0.0,0.0,0.0,0.878906,2.19535,1.0,1.0,IncreaseQuarterPeriod,extended
19.3362,222,-5.95881,-0.210762,-7.53952,0.0167779,0.0812264,0.0106526,0.0,0.0,0.0,0.0,1.05469,2.19536,1.0,1.0,IncreaseQuarterPeriod,extended
19.4162,223,-5.96839,-0.182021,-7.48204,0.0138484,0.0969391,0.0114516,0.0,0.0,0.0,0.0,1.40625,4.39065,1.0,1.0,IncreaseQuarterPeriod,extended
19.4963,224,-5.97797,-0.182021,-7.51078,0.0162453,0.110788,0.0106526,0.0,0.0,0.0,0.0,1.93359,6.58593,1.0,1.0,IncreaseQuarterPeriod,extended
19.5764,225,-5.96839,-0.143701,-7.5491,0.0125169,0.117179,0.0154463,0.0,0.0,0.0,0.0,2.28516,4.3907,1.0,1.0,IncreaseQuarterPeriod,extended
19.6565,226,-5.98755,-0.134121,-7.5491,0.0183758,0.123571,0.0111853,0.0,0.0,0.0,0.0,2.8125,6.58586,1.0,1.0,IncreaseQuarterPeriod,extended
19.7365,227,-5.95881,-0.134121,-7.51078,0.0146474,0.123038,0.0125169,0.0,0.0,0.0,0.0,3.33984,6.58597,1.0,1.0,IncreaseQuarterPeriod,extended
19.8166,228,-5.98755,-0.134121,-7.5012,0.0173105,0.123304,0.0106526,0.0,0.0,0.0,0.0,3.69141,4.39051,1.0,1.0,IncreaseQuarterPeriod,extended
19.8967,229,-5.97797,-0.134121,-7.55868,0.0221042,0.116913,0.00932106,0.0,0.0,0.0,0.0,4.21875,6.5858,1.0,1.0,IncreaseQuarterPeriod,extended
19.9767,230,-5.97797,-0.153281,-7.5012,0.0197074,0.105727,0.0125169,0.0,0.0,0.0,0.0,4.57031,4.39056,1.0,1.0,IncreaseQuarterPeriod,extended
20.0568,231,-5.93965,-0.172441,-7.48204,0.01518,0.0916127,0.0130495,0.0,0.0,0.0,0.0,4.74609,2.19507,1.0,1.0,IncreaseQuarterPeriod,extended
20.1369,232,-5.95881,-0.172441,-7.48204,0.0162453,0.067378,0.01012,0.0,0.0,0.0,0.0,5.09766,4.39047,1.0,1.0,IncreaseQuarterPeriod,extended
20.217,233,-5.93965,-0.162861,-7.52036,0.0223706,0.0527306,0.0146474,0.0,0.0,0.0,0.0,5.27344,2.19538,1.0,1.0,IncreaseQuarterPeriod,extended
20.297,234,-5.93965,-0.172441,-7.52036,0.0170442,0.036219,0.00932106,0.0,0.0,0.0,0.0,5.27344,0.0,1.0,1.0,IncreaseQuarterPeriod,extended
20.3771,235,-5.91091,-0.162861,-7.47246,0.0181095,0.0138484,0.0127832,0.0,0.0,0.0,0.0,5.09766,-2.19532,1.0,1.0,IncreaseQuarterPeriod,extended
20.4572,236,-5.94923,-0.143701,-7.49162,0.0173105,-0.00852212,0.0149137,0.0,0.0,0.0,0.0,5.09766,0.0,1.0,1.0,IncreaseQuarterPeriod,extended
20.5372,237,-5.98755,-0.162861,-7.51078,0.0157127,-0.0284958,0.01012,0.0,0.0,0.0,0.0,4.74609,-4.39053,1.0,1.0,IncreaseQuarterPeriod,extended
20.6173,238,-5.93007,-0.143701,-7.47246,0.0130495,-0.0466053,0.0114516,0.0,0.0,0.0,0.0,4.39453,-4.3904,1.0,1.0,IncreaseQuarterPeriod,extended
20.6974,239,-5.96839,-0.143701,-7.47246,0.00772317,-0.0625843,0.0130495,0.0,0.0,0.0,0.0,4.04297,-4.39057,1.0,1.0,IncreaseQuarterPeriod,extended
20.7775,240,-6.01629,-0.182021,-7.52036,0.0119842,-0.0782969,0.00719053,0.0,0.0,0.0,0.0,3.69141,-4.39071,1.0,1.0,IncreaseQuarterPeriod,extended
20.8575,241,-5.97797,-0.191602,-7.4533,0.01518,-0.0854875,0.0125169,0.0,0.0,0.0,0.0,3.16406,-6.58578,1.0,1.0,IncreaseQuarterPeriod,extended
20.9376,242,-5.89175,-0.153281,-7.47246,0.0154463,-0.0905475,0.00692422,0.0,0.0,0.0,0.0,2.63672,-6.58574,1.0,1.0,IncreaseQuarterPeriod,extended
21.0177,243,-5.93965,-0.162861,-7.53952,0.0119842,-0.0921454,0.0114516,0.0,0.0,0.0,0.0,2.28516,-4.39073,1.0,1.0,IncreaseQuarterPeriod,extended
21.0978,244,-5.96839,-0.191602,-7.52036,0.0173105,-0.0897485,0.0135821,0.0,0.0,0.0,0.0,1.75781,-6.58539,1.0,1.0,IncreaseQuarterPeriod,extended
21.1778,245,-5.95881,-0.153281,-7.52036,0.0181095,-0.0820254,0.0146474,0.0,0.0,0.0,0.0,1.40625,-4.39049,1.0,1.0,IncreaseQuarterPeriod,extended
21.2579,246,-5.99713,-0.172441,-7.58742,0.015979,-0.0703075,0.0098537,0.0,0.0,0.0,0.0,1.05469,-4.39051,1.0,1.0,IncreaseQuarterPeriod,extended
21.338,247,-5.95881,-0.153281,-7.52994,0.0135821,-0.0577906,0.0125169,0.0,0.0,0.0,0.0,0.703125,-4.39064,1.0,1.0,IncreaseQuarterPeriod,extended
21.418,248,-5.97797,-0.134121,-7.57784,0.0167779,-0.0399474,0.00905475,0.0,0.0,0.0,0.0,0.527344,-2.19547,1.0,1.0,IncreaseQuarterPeriod,extended
21.4981,249,-5.93007,-0.153281,-7.55868,0.0175769,-0.0181095,0.00878843,0.0,0.0,0.0,0.0,0.351562,-2.19538,1.0,1.0,IncreaseQuarterPeriod,extended
21.5782,250,-5.96839,-0.105381,-7.5491,0.0146474,0.000798948,0.00719053,0.0,0.0,0.0,0.0,0.351562,0.0,1.0,1.0,IncreaseQuarterPeriod,extended
21.6582,251,-5.93965,-0.143701,-7.52036,0.0205063,0.0266316,0.0111853,0.0,0.0,0.0,0.0,0.351562,0.0,1.0,1.0,IncreaseQuarterPeriod,extended
21.7383,252,-5.96839,-0.143701,-7.51078,0.0130495,0.0458064,0.0098537,0.0,0.0,0.0,0.0,0.527344,2.19531,1.0,1.0,IncreaseQuarterPeriod,extended
21.8184,253,-5.96839,-0.172441,-7.55868,0.0130495,0.061519,0.00798948,0.0,0.0,0.0,0.0,0.878906,4.39185,1.0,1.0,IncreaseQuarterPeriod,extended
21.8984,254,-5.96839,-0.162861,-7.53952,0.0194411,0.0812264,0.0125169,0.0,0.0,0.0,0.0,1.05469,2.19529,1.0,1.0,IncreaseQuarterPeriod,extended
21.9785,255,-5.95881,-0.143701,-7.56826,0.01518,0.0924117,0.0111853,0.0,0.0,0.0,0.0,1.40625,4.3906,1.0,1.0,IncreaseQuarterPeriod,extended
22.0586,256,-5.96839,-0.182021,-7.55868,0.0154463,0.108391,0.0135821,0.0,0.0,0.0,0.0,1.93359,6.58584,1.0,1.0,IncreaseQuarterPeriod,extended
22.1387,257,-5.93965,-0.182021,-7.52994,0.0197074,0.116646,0.00932106,0.0,0.0,0.0,0.0,2.28516,4.39053,1.0,1.0,IncreaseQuarterPeriod,extended
22.2187,258,-5.97797,-0.172441,-7.5491,0.0154463,0.120109,0.0125169,0.0,0.0,0.0,0.0,2.8125,6.58574,1.0,1.0,IncreaseQuarterPeriod,extended
22.2988,259,-5.95881,-0.182021,-7.5491,0.0149137,0.122772,0.0127832,0.0,0.0,0.0,0.0,3.33984,6.58576,1.0,1.0,IncreaseQuarterPeriod,extended
22.3789,260,-5.97797,-0.124541,-7.57784,0.0154463,0.121706,0.0133158,0.0,0.0,0.0,0.0,3.69141,4.39026,1.0,1.0,IncreaseQuarterPeriod,extended
22.459,261,-5.96839,-0.153281,-7.5491,0.015979,0.111054,0.0114516,0.0,0.0,0.0,0.0,4.21875,6.5859,1.0,1.0,IncreaseQuarterPeriod,extended
22.539,262,-5.93965,-0.143701,-7.5491,0.0135821,0.104662,0.0135821,0.0,0.0,0.0,0.0,4.57031,4.39056,1.0,1.0,IncreaseQuarterPeriod,extended
22.6191,263,-5.93007,-0.162861,-7.5012,0.0194411,0.0868191,0.00745685,0.0,0.0,0.0,0.0,4.74609,2.19532,1.0,1.0,IncreaseQuarterPeriod,extended
22.6992,264,-5.91091,-0.153281,-7.52036,0.0173105,0.0732369,0.0117179,0.0,0.0,0.0,0.0,5.09766,4.39001,1.0,1.0,IncreaseQuarterPeriod,extended
22.7793,265,-5.95881,-0.191602,-7.51078,0.0154463,0.0524643,0.0106526,0.0,0.0,0.0,0.0,5.09766,0.0,1.0,1.0,IncreaseQuarterPeriod,extended
22.8593,266,-5.92049,-0.191602,-7.5012,0.0149137,0.0314253,0.0119842,0.0,0.0,0.0,0.0,5.27344,2.19534,1.0,1.0,IncreaseQuarterPeriod,extended
22.9394,267,-5.94923,-0.201182,-7.46288,0.0162453,0.0106526,0.0111853,0.0,0.0,0.0,0.0,5.09766,-2.19615,1.0,1.0,IncreaseQuarterPeriod,extended
23.0194,268,-5.93007,-0.162861,-7.51078,0.0141148,-0.0098537,0.0117179,0.0,0.0,0.0,0.0,4.92188,-2.19527,1.0,1.0,IncreaseQuarterPeriod,extended
23.0995,269,-5.91091,-0.143701,-7.51078,0.0157127,-0.0332895,0.01012,0.0,0.0,0.0,0.0,4.74609,-2.19534,1.0,1.0,IncreaseQuarterPeriod,extended
23.1796,270,-5.94923,-0.172441,-7.52036,0.0133158,-0.0492685,0.0111853,0.0,0.0,0.0,0.0,4.39453,-4.39032,1.0,1.0,IncreaseQuarterPeriod,extended
23.2597,271,-5.94923,-0.182021,-7.48204,0.0125169,-0.0655138,0.00852212,0.0,0.0,0.0,0.0,4.04297,-4.39066,1.0,1.0,IncreaseQuarterPeriod,extended
23.3397,272,-5.95881,-0.143701,-7.52036,0.010919,-0.0777643,0.0119842,0.0,0.0,0.0,0.0,3.69141,-4.39036,1.0,1.0,IncreaseQuarterPeriod,extended
23.4198,273,-5.96839,-0.124541,-7.58742,0.0138484,-0.0854875,0.0106526,0.0,0.0,0.0,0.0,3.16406,-6.5858,1.0,1.0,IncreaseQuarterPeriod,extended
23.4999,274,-5.95881,-0.162861,-7.53952,0.0175769,-0.0908138,0.0135821,0.0,0.0,0.0,0.0,2.46094,-8.78101,1.0,1.0,IncreaseQuarterPeriod,extended
23.58,275,-5.94923,-0.143701,-7.55868,0.015979,-0.0924117,0.00878843,0.0,0.0,0.0,0.0,2.28516,-2.19523,1.0,1.0,IncreaseQuarterPeriod,extended
23.66,276,-5.95881,-0.172441,-7.51078,0.0135821,-0.087618,0.010919,0.0,0.0,0.0,0.0,1.75781,-6.58597,1.0,1.0,IncreaseQuarterPeriod,extended
23.7401,277,-5.98755,-0.153281,-7.51078,0.0157127,-0.0796285,0.0111853,0.0,0.0,0.0,0.0,1.40625,-4.39034,1.0,1.0,IncreaseQuarterPeriod,extended
23.8202,278,-5.95881,-0.182021,-7.52036,0.0149137,-0.0679106,0.00745685,0.0,0.0,0.0,0.0,1.05469,-4.39057,1.0,1.0,IncreaseQuarterPeriod,extended
23.9002,279,-5.97797,-0.191602,-7.56826,0.0141148,-0.0532632,0.010919,0.0,0.0,0.0,0.0,0.703125,-4.39065,1.0,1.0,IncreaseQuarterPeriod,extended
23.9803,280,-5.96839,-0.201182,-7.52036,0.0117179,-0.0364853,0.0098537,0.0,0.0,0.0,0.0,0.527344,-2.1954,1.0,1.0,IncreaseQuarterPeriod,extended
24.0604,281,-5.94923,-0.191602,-7.51078,0.0154463,-0.0191748,0.010919,0.0,0.0,0.0,0.0,0.351562,-2.19541,1.0,1.0,IncreaseQuarterPeriod,extended
24.1405,282,-5.92049,-0.134121,-7.57784,0.0138484,0.00772317,0.0149137,0.0,0.0,0.0,0.0,0.351562,0.0,1.0,1.0,IncreaseQuarterPeriod,extended
24.2205,283,-5.95881,-0.143701,-7.53952,0.0138484,0.0298274,0.0130495,0.0,0.0,0.0,0.0,0.527344,2.19541,1.0,1.0,IncreaseQuarterPeriod,extended
24.3006,284,-5.99713,-0.162861,-7.55868,0.0162453,0.0516653,0.0098537,0.0,0.0,0.0,0.0,0.703125,2.19529,1.0,1.0,IncreaseQuarterPeriod,extended
24.3807,285,-5.96839,-0.153281,-7.49162,0.0170442,0.0620517,0.00852212,0.0,0.0,0.0,0.0,0.878906,2.19536,1.0,1.0,IncreaseQuarterPeriod,extended
24.4607,286,-5.95881,-0.172441,-7.5491,0.0162453,0.0820254,0.0119842,0.0,0.0,0.0,0.0,1.05469,2.19529,1.0,1.0,IncreaseQuarterPeriod,extended
24.5408,287,-5.94923,-0.191602,-7.49162,0.0170442,0.0969391,0.0135821,0.0,0.0,0.0,0.0,1.58203,6.58574,1.0,1.0,IncreaseQuarterPeriod,extended
24.6209,288,-5.95881,-0.182021,-7.5491,0.0138484,0.10919,0.0117179,0.0,0.0,0.0,0.0,1.93359,4.39073,1.0,1.0,IncreaseQuarterPeriod,extended
24.7009,289,-5.97797,-0.191602,-7.53952,0.0138484,0.119842,0.0135821,0.0,0.0,0.0,0.0,2.63672,8.7813,1.0,1.0,IncreaseQuarterPeriod,extended
24.7846,290,-5.99713,-0.172441,-7.56826,0.015979,0.12437,0.0114516,0.0,0.0,0.0,0.0,2.98828,4.20251,1.0,1.0,IncreaseQuarterPeriod,extended
24.8647,291,-5.99713,-0.162861,-7.52994,0.01518,0.122239,0.0130495,0.0,0.0,0.0,0.0,3.33984,4.39081,1.0,1.0,IncreaseQuarterPeriod,extended
24.9447,292,-6.02587,-0.153281,-7.5012,0.0135821,0.118777,0.0127832,0.0,0.0,0.0,0.0,3.86719,6.58576,1.0,1.0,IncreaseQuarterPeriod,extended
25.0248,293,-5.93007,-0.172441,-7.48204,0.0181095,0.10919,0.0106526,0.0,0.0,0.0,0.0,4.21875,4.39086,1.0,1.0,IncreaseQuarterPeriod,extended
25.1049,294,-5.95881,-0.143701,-7.5012,0.0181095,0.0998685,0.0117179,0.0,0.0,0.0,0.0,4.57031,4.39073,1.0,1.0,IncreaseQuarterPeriod,extended
25.185,295,-5.96839,-0.143701,-7.46288,0.0135821,0.0854875,0.0114516,0.0,0.0,0.0,0.0,4.74609,2.19521,1.0,1.0,IncreaseQuarterPeriod,extended
25.265,296,-5.93965,-0.153281,-7.44372,0.0170442,0.0681769,0.0125169,0.0,0.0,0.0,0.0,5.09766,4.39073,1.0,1.0,IncreaseQuarterPeriod,extended
25.3451,297,-5.94923,-0.182021,-7.52036,0.0130495,0.0508664,0.0130495,0.0,0.0,0.0,0.0,5.09766,0.0,1.0,1.0,IncreaseQuarterPeriod,extended
25.4252,298,-5.97797,-0.182021,-7.47246,0.0173105,0.00506001,0.0111853,0.0,0.0,0.0,0.0,5.09766,0.0,1.0,1.0,IncreaseQuarterPeriod,extended
25.5216,299,-5.91091,-0.134121,-7.52036,0.0138484,-0.00878843,0.0138484,0.0,0.0,0.0,0.0,4.92188,-1.82318,1.0,1.0,IncreaseQuarterPeriod,extended
25.6066,300,-5.93007,-0.172441,-7.48204,0.0167779,-0.0271642,0.010919,0.0,0.0,0.0,0.0,4.74609,-2.06803,1.0,1.0,IncreaseQuarterPeriod,extended
25.6866,301,-5.95881,-0.153281,-7.47246,0.0167779,-0.0399474,0.0098537,0.0,0.0,0.0,0.0,4.57031,-2.19531,1.0,1.0,IncreaseQuarterPeriod,extended
25.7667,302,-5.93965,-0.153281,-7.52036,0.0098537,-0.0577906,0.0098537,0.0,0.0,0.0,0.0,4.21875,-4.39077,1.0,1.0,IncreaseQuarterPeriod,extended
25.8468,303,-5.96839,-0.153281,-7.53952,0.0149137,-0.0671117,0.0117179,0.0,0.0,0.0,0.0,3.86719,-4.39057,1.0,1.0,IncreaseQuarterPeriod,extended
25.9269,304,-5.97797,-0.182021,-7.55868,0.0119842,-0.0798948,0.0119842,0.0,0.0,0.0,0.0,3.51562,-4.39049,1.0,1.0,IncreaseQuarterPeriod,extended
26.0069,305,-5.94923,-0.191602,-7.53952,0.0167779,-0.0910801,0.0127832,0.0,0.0,0.0,0.0,2.63672,-10.9769,1.0,1.0,IncreaseQuarterPeriod,extended
26.0976,306,-5.93965,-0.191602,-7.5491,0.0167779,-0.0894822,0.00852212,0.0,0.0,0.0,0.0,2.46094,-1.9391,1.0,1.0,IncreaseQuarterPeriod,extended
26.1777,307,-6.32285,-0.277822,-7.0701,0.0282295,-0.1012,-0.01518,0.0,0.0,0.0,0.0,0.703125,-21.952,1.0,1.0,IncreaseQuarterPeriod,extended
26.3766,308,-6.62941,-0.229922,-6.9743,0.0380832,-0.137685,-0.0199737,0.0,0.0,0.0,0.0,0.175781,-2.65105,1.0,1.0,IncreaseQuarterPeriod,extended
26.4566,309,-6.66773,-0.124541,-7.0222,0.0340885,-0.159523,-0.0149137,0.0,0.0,0.0,0.0,-0.527344,-8.78185,1.0,1.0,IncreaseQuarterPeriod,extended
26.5367,310,-6.66773,-0.0479004,-7.0222,0.0199737,-0.177367,-0.00213053,0.0,0.0,0.0,0.0,-1.23047,-8.78117,1.0,1.0,IncreaseQuarterPeriod,extended
26.6168,311,-6.70606,-0.0383203,-6.90724,0.00692422,-0.186688,0.01518,0.0,0.0,0.0,0.0,-2.10938,-10.9764,1.0,1.0,IncreaseQuarterPeriod,extended
26.6969,312,-6.8306,-0.0766406,-6.93598,0.00266316,-0.201335,0.0154463,0.0,0.0,0.0,0.0,-2.98828,-10.9759,1.0,1.0,IncreaseQuarterPeriod,extended
26.7769,313,-6.70606,-0.0574805,-6.88808,0.0221042,-0.214651,0.00532632,0.0,0.0,0.0,0.0,-4.04297,-13.1716,1.0,1.0,IncreaseQuarterPeriod,extended
26.857,314,-6.47613,-0.0766406,-7.15632,0.02024,-0.207194,0.00878843,0.0,0.0,0.0,0.0,-4.92188,-10.9753,1.0,1.0,IncreaseQuarterPeriod,extended
26.9371,315,-6.25579,-0.143701,-7.29044,-0.00532632,-0.175769,0.0378169,0.0,0.0,0.0,0.0,-5.44922,-6.58576,1.0,1.0,IncreaseQuarterPeriod,extended
27.0172,316,-5.93007,-0.287402,-7.62574,-0.0189084,-0.113184,0.0532632,0.0,0.0,0.0,0.0,-5.80078,-4.39052,1.0,1.0,IncreaseQuarterPeriod,extended
27.0972,317,-5.92049,-0.373623,-7.47246,-0.0149137,-0.0255663,0.0396811,0.0,0.0,0.0,0.0,-5.80078,0.0,1.0,1.0,IncreaseQuarterPeriod,extended
27.1773,318,-5.90133,-0.373623,-7.5012,0.00852212,0.0426106,0.0133158,0.0,0.0,0.0,0.0,-5.625,2.19517,1.0,1.0,IncreaseQuarterPeriod,extended
27.2943,319,-5.66183,-0.249082,-7.47246,0.0348874,0.156061,-0.0213053,0.0,0.0,0.0,0.0,-4.57031,9.01511,1.0,1.0,IncreaseQuarterPeriod,seated
27.3744,320,-8.71787,0.00958008,-7.63532,0.110255,0.321177,-0.0439422,0.0,0.0,0.0,0.0,-3.69141,10.9767,1.0,1.0,IncreaseQuarterPeriod,seated
27.4544,321,-8.85199,-0.756826,-6.71563,0.0950749,1.91348,-0.0175769,0.0,0.0,0.0,0.0,-2.98828,8.78143,1.0,1.0,IncreaseQuarterPeriod,seated
27.5345,322,-1.84896,-0.871787,-7.42456,-0.00745685,4.15347,0.140615,0.0,0.0,0.0,0.0,-1.58203,17.5621,1.0,1.0,IncreaseQuarterPeriod,seated
27.6146,323,1.88728,-0.364043,-9.49386,-0.00852212,1.39603,0.0886833,0.0,0.0,0.0,0.0,0.351562,24.1483,1.0,1.0,IncreaseQuarterPeriod,seated
27.6947,324,-0.613125,0.249082,-11.5823,-0.00239685,0.225303,0.200802,0.0,0.0,0.0,0.0,2.10938,21.9531,1.0,1.0,IncreaseQuarterPeriod,seated
27.7747,325,-3.52547,-0.0574805,-10.5093,0.036219,0.131294,-0.0015979,0.0,0.0,0.0,0.0,3.69141,19.7562,1.0,1.0,IncreaseQuarterPeriod,seated
27.8548,326,0.0766406,0.0,-10.1261,0.0593885,0.863397,-0.148871,0.0,0.0,0.0,0.0,5.27344,19.7575,1.0,1.0,IncreaseQuarterPeriod,seated
27.9349,327,-0.565225,0.0,-10.1261,0.0327569,0.306264,-0.0450074,0.0,0.0,0.0,0.0,6.85547,19.7568,1.0,1.0,IncreaseQuarterPeriod,seated
28.015,328,-2.33754,-0.124541,-9.92496,0.0213053,0.225303,0.026099,0.0,0.0,0.0,0.0,8.4375,19.7579,1.0,1.0,IncreaseQuarterPeriod,seated
28.1473,329,-0.306563,-0.871787,-9.74294,-0.0157127,0.270577,0.13955,0.0,0.0,0.0,0.0,10.0195,11.9526,1.0,1.0,IncreaseQuarterPeriod,extended
28.2274,330,0.871787,-0.469424,-9.54176,-0.0436758,-0.475108,-0.0708401,0.0,0.0,0.0,0.0,11.4258,17.5614,1.0,1.0,IncreaseQuarterPeriod,extended
28.3075,331,0.105381,0.0574805,-7.90356,0.0929443,-2.98514,0.0199737,0.0,0.0,0.0,0.0,11.9531,6.58574,1.0,1.0,IncreaseQuarterPeriod,extended
28.3875,332,-5.27862,-1.12087,-5.70973,0.0442085,-2.53213,0.0221042,0.0,0.0,0.0,0.0,11.9531,0.0,1.0,1.0,IncreaseQuarterPeriod,extended
28.4676,333,-8.62207,-0.775986,-8.36341,0.0418116,-0.622913,-0.165915,0.0,0.0,0.0,0.0,11.6016,-4.39039,1.0,1.0,IncreaseQuarterPeriod,extended
28.5477,334,-5.27862,0.239502,-6.16957,0.0836233,0.168045,-0.165649,0.0,0.0,0.0,0.0,10.5469,-13.1716,1.0,1.0,IncreaseQuarterPeriod,extended
28.6277,335,-2.66326,-0.316143,-6.07377,-0.0324906,-0.472711,0.0772317,0.0,0.0,0.0,0.0,10.1953,-4.39065,1.0,1.0,IncreaseQuarterPeriod,extended
28.7078,336,-8.12391,-0.823887,-7.75028,-0.0865527,-0.331031,0.0796285,0.0,0.0,0.0,0.0,8.78906,-17.5614,1.0,1.0,IncreaseQuarterPeriod,extended
28.7879,337,-5.32652,-0.402363,-6.63899,-0.0492685,-0.125968,0.106526,0.0,0.0,0.0,0.0,7.55859,-15.3674,1.0,1.0,IncreaseQuarterPeriod,extended
28.868,338,-6.76354,-0.469424,-8.26761,-0.0173105,-0.409062,0.0535295,0.0,0.0,0.0,0.0,5.97656,-19.758,1.0,1.0,IncreaseQuarterPeriod,extended
28.948,339,-5.0966,-0.124541,-7.33834,0.0218379,-0.307861,-0.0474043,0.0,0.0,0.0,0.0,4.21875,-21.9531,1.0,1.0,IncreaseQuarterPeriod,extended
29.0281,340,-6.41865,-0.0479004,-7.46288,0.0759001,-0.370978,-0.0157127,0.0,0.0,0.0,0.0,2.28516,-24.148,1.0,1.0,IncreaseQuarterPeriod,extended
29.1082,341,-6.20789,-0.201182,-8.19097,0.0327569,-0.390419,-0.0495348,0.0,0.0,0.0,0.0,0.527344,-21.9529,1.0,1.0,IncreaseQuarterPeriod,extended
29.1882,342,-5.99713,-0.0670606,-7.4533,0.03542,-0.389088,0.00346211,0.0,0.0,0.0,0.0,-1.05469,-19.7582,1.0,1.0,IncreaseQuarterPeriod,extended
29.2683,343,-6.20789,-0.249082,-7.56826,-0.0154463,-0.318248,0.0625843,0.0,0.0,0.0,0.0,-2.46094,-17.5618,1.0,1.0,IncreaseQuarterPeriod,extended
29.3484,344,-6.27495,-0.210762,-8.01853,-0.0255663,-0.304399,0.0218379,0.0,0.0,0.0,0.0,-3.86719,-17.5621,1.0,1.0,IncreaseQuarterPeriod,extended
29.4285,345,-5.4798,-0.143701,-7.27128,0.00772317,-0.248739,0.0319579,0.0,0.0,0.0,0.0,-4.92188,-13.173,1.0,1.0,IncreaseQuarterPeriod,extended
29.5085,346,-6.42823,-0.182021,-7.55868,0.00878843,-0.133424,0.00852212,0.0,0.0,0.0,0.0,-5.625,-8.78151,1.0,1.0,IncreaseQuarterPeriod,extended
29.5886,347,-5.49897,-0.105381,-7.46288,0.0300937,-0.142745,-0.0239685,0.0,0.0,0.0,0.0,-6.15234,-6.58552,1.0,1.0,IncreaseQuarterPeriod,extended
29.6687,348,-6.04503,-0.0670606,-7.29044,0.0340885,0.01012,0.00239685,0.0,0.0,0.0,0.0,-6.15234,0.0,1.0,1.0,IncreaseQuarterPeriod,extended
29.7488,349,-6.02587,-0.0958008,-7.80776,0.0157127,0.0439422,0.0127832,0.0,0.0,0.0,0.0,-5.97656,2.19527,1.0,1.0,IncreaseQuarterPeriod,extended
29.8701,350,-5.99713,-0.172441,-7.71196,-0.0119842,0.175502,0.00905475,0.0,0.0,0.0,0.0,-4.74609,10.1428,1.0,1.0,IncreaseQuarterPeriod,seated
29.9501,351,-6.90724,-0.0191602,-6.50487,0.0980043,0.497479,-0.0972054,0.0,0.0,0.0,0.0,-3.86719,10.9763,1.0,1.0,IncreaseQuarterPeriod,seated
30.0302,352,-8.66039,-0.287402,-7.09884,0.0660464,2.10683,0.051399,0.0,0.0,0.0,0.0,-2.98828,10.976,1.0,1.0,IncreaseQuarterPeriod,seated
30.1103,353,-2.6441,0.114961,-8.36341,0.0447411,3.84347,-0.0221042,0.0,0.0,0.0,0.0,-1.75781,15.3671,1.0,1.0,IncreaseQuarterPeriod,seated
30.1904,354,1.69567,0.296982,-8.57417,0.125435,1.24503,0.03542,0.0,0.0,0.0,0.0,0.175781,24.1448,1.0,1.0,IncreaseQuarterPeriod,seated
30.2704,355,-0.0383203,0.0766406,-10.289,0.0189084,0.0575243,0.18216,0.0,0.0,0.0,0.0,2.10938,24.1484,1.0,1.0,IncreaseQuarterPeriod,seated
30.3505,356,-3.77455,-0.392783,-10.3177,0.0532632,0.381365,0.0359527,0.0,0.0,0.0,0.0,4.04297,24.1482,1.0,1.0,IncreaseQuarterPeriod,seated
30.4306,357,-0.469424,-0.153281,-10.2411,0.0492685,0.80534,-0.102798,0.0,0.0,0.0,0.0,5.625,19.7567,1.0,1.0,IncreaseQuarterPeriod,seated
30.5107,358,-0.239502,-0.153281,-10.3561,0.0178432,0.256196,-0.0218379,0.0,0.0,0.0,0.0,7.03125,17.5629,1.0,1.0,IncreaseQuarterPeriod,seated
30.5907,359,-2.22258,-0.0287402,-10.0399,0.0322242,0.252734,0.0197074,0.0,0.0,0.0,0.0,8.61328,19.7582,1.0,1.0,IncreaseQuarterPeriod,seated
30.7749,360,-0.603545,-0.977168,-9.84832,0.0873517,-0.0721717,0.0556601,0.0,0.0,0.0,0.0,11.25,14.3129,1.0,1.0,IncreaseQuarterPeriod,extended
30.855,361,0.699346,-0.182021,-9.58966,-0.113717,-0.731038,-0.052198,0.0,0.0,0.0,0.0,11.9531,8.78182,1.0,1.0,IncreaseQuarterPeriod,extended
30.9351,362,-2.19384,-0.0287402,-7.39582,-0.0130495,-2.85864,0.0173105,0.0,0.0,0.0,0.0,12.3047,4.39062,1.0,1.0,IncreaseQuarterPeriod,extended
31.0152,363,-3.82245,-0.613125,-6.21747,0.0319579,-2.52068,0.0189084,0.0,0.0,0.0,0.0,12.1289,-2.19521,1.0,1.0,IncreaseQuarterPeriod,extended
31.0952,364,-10.4998,-0.977168,-7.34792,-0.00719053,-0.388555,-0.0764327,0.0,0.0,0.0,0.0,11.25,-10.9764,1.0,1.0,IncreaseQuarterPeriod,extended
31.1753,365,-6.76354,-0.411943,-7.92272,0.0841559,0.484163,-0.250337,0.0,0.0,0.0,0.0,10.1953,-13.1718,1.0,1.0,IncreaseQuarterPeriod,extended
31.2554,366,-4.38768,0.0670606,-7.63532,0.0316916,-0.764594,0.0418116,0.0,0.0,0.0,0.0,9.14062,-13.1718,1.0,1.0,IncreaseQuarterPeriod,extended
31.3354,367,-8.23887,-0.0862207,-8.07601,-0.0708401,-0.185622,0.0524643,0.0,0.0,0.0,0.0,7.55859,-19.7578,1.0,1.0,IncreaseQuarterPeriod,extended
31.4155,368,-4.3781,-0.354463,-6.74438,-0.0500674,-0.222907,0.0759001,0.0,0.0,0.0,0.0,6.50391,-13.1729,1.0,1.0,IncreaseQuarterPeriod,extended
31.4956,369,-7.23296,-0.536484,-8.12391,-0.0466053,-0.342483,0.0692422,0.0,0.0,0.0,0.0,4.74609,-21.9508,1.0,1.0,IncreaseQuarterPeriod,extended
31.5757,370,-5.36484,-0.277822,-7.79818,0.000798948,-0.408263,-0.0332895,0.0,0.0,0.0,0.0,2.98828,-21.9543,1.0,1.0,IncreaseQuarterPeriod,extended
31.6557,371,-6.26537,0.0,-7.25212,0.0772317,-0.391218,-0.0218379,0.0,0.0,0.0,0.0,1.05469,-24.1502,1.0,1.0,IncreaseQuarterPeriod,extended
31.7358,372,-6.44739,-0.134121,-8.04727,0.0439422,-0.386957,-0.0322242,0.0,0.0,0.0,0.0,-0.703125,-21.9533,1.0,1.0,IncreaseQuarterPeriod,extended
31.8159,373,-5.92049,0.0479004,-7.71196,0.0340885,-0.377636,-0.0205063,0.0,0.0,0.0,0.0,-2.46094,-21.9538,1.0,1.0,IncreaseQuarterPeriod,extended
31.8959,374,-5.89175,-0.134121,-7.46288,0.00905475,-0.312655,0.0503337,0.0,0.0,0.0,0.0,-3.69141,-15.3683,1.0,1.0,IncreaseQuarterPeriod,extended
31.976,375,-6.43781,-0.258662,-8.01853,-0.0191748,-0.25087,0.0306264,0.0,0.0,0.0,0.0,-4.74609,-13.1723,1.0,1.0,IncreaseQuarterPeriod,extended
