1.78814e-05,0,-5.90133,-0.172441,-7.597,-0.00585895,-0.140615,0.0279632,0.0,0.0,0.0,0.0,-8.96484,0.0,1.0,1.0,None,extended
0.0601099,1,-5.99713,-0.210762,-7.65448,0.00292948,-0.0881506,0.0215716,0.0,0.0,0.0,0.0,-9.14062,-2.9252,1.0,1.0,Nothing,extended
0.1202,2,-5.86301,-0.191602,-7.60658,0.0119842,-0.0239685,0.0066579,0.0,0.0,0.0,0.0,-9.14062,0.0,1.0,1.0,Nothing,extended
0.180289,3,-5.99713,-0.182021,-7.6449,0.0170442,0.0391485,0.00292948,0.0,0.0,0.0,0.0,-9.14062,0.0,1.0,1.0,Nothing,extended
0.24038,4,-5.88217,-0.143701,-7.60658,0.0239685,0.0732369,0.0,0.0,0.0,0.0,0.0,-8.78906,5.8505,1.0,1.0,Nothing,extended
0.300471,5,-5.97797,-0.153281,-7.63532,0.0170442,0.157393,0.0162453,0.0,0.0,0.0,0.0,-8.26172,8.77575,1.0,1.0,Nothing,extended
0.360559,6,-5.93965,-0.191602,-7.66406,0.0127832,0.200536,0.010919,0.0,0.0,0.0,0.0,-7.38281,14.627,1.0,1.0,Nothing,extended
0.420653,7,-6.04503,-0.210762,-7.6928,0.00745685,0.261522,0.0274306,0.0,0.0,0.0,0.0,-6.67969,11.7004,1.0,1.0,Nothing,extended
0.480747,8,-5.96839,-0.201182,-7.71196,0.00372843,0.299073,0.0215716,0.0,0.0,0.0,0.0,-5.625,17.5506,1.0,1.0,Nothing,extended
0.540834,9,-6.10251,-0.220342,-7.7886,0.0114516,0.345678,0.0162453,0.0,0.0,0.0,0.0,-4.39453,20.4781,1.0,1.0,Nothing,extended
0.600933,10,-6.06419,-0.229922,-7.75986,0.0157127,0.363255,0.00266316,0.0,0.0,0.0,0.0,-3.16406,20.474,1.0,1.0,Nothing,extended
0.661006,11,-6.18873,-0.249082,-7.85566,0.0197074,0.391751,0.00213053,0.0,0.0,0.0,0.0,-1.93359,20.4829,1.0,1.0,Nothing,extended
0.721094,12,-6.07377,-0.201182,-7.79818,0.0138484,0.416252,0.00292948,0.0,0.0,0.0,0.0,-0.527344,23.4032,1.0,1.0,Nothing,extended
0.781189,13,-6.17915,-0.201182,-7.85566,0.01518,0.430633,0.0157127,0.0,0.0,0.0,0.0,0.878906,23.4004,1.0,1.0,Nothing,extended
0.841279,14,-6.09293,-0.191602,-7.75028,0.01012,0.428503,0.0138484,0.0,0.0,0.0,0.0,2.10938,20.4771,1.0,1.0,Nothing,extended
0.90138,15,-6.13125,-0.191602,-7.79818,0.00292948,0.418649,0.0191748,0.0,0.0,0.0,0.0,3.69141,26.3229,1.0,1.0,Nothing,extended
0.961478,16,-6.01629,-0.153281,-7.68322,-0.00133158,0.399474,0.0162453,0.0,0.0,0.0,0.0,4.74609,17.5495,1.0,1.0,Nothing,extended
1.02157,17,-6.07377,-0.182021,-7.65448,0.00479369,0.382164,0.0111853,0.0,0.0,0.0,0.0,5.97656,20.4758,1.0,1.0,Nothing,extended
1.08166,18,-5.98755,-0.153281,-7.597,0.00905475,0.335292,0.00639159,0.0,0.0,0.0,0.0,7.03125,17.5512,1.0,1.0,Nothing,extended
1.14175,19,-5.96839,-0.153281,-7.57784,0.0146474,0.291882,0.0149137,0.0,0.0,0.0,0.0,7.73438,11.701,1.0,1.0,Nothing,extended
1.20184,20,-5.84385,-0.114961,-7.5012,0.0173105,0.244478,0.00852212,0.0,0.0,0.0,0.0,8.4375,11.7025,1.0,1.0,Nothing,extended
1.26193,21,-5.88217,-0.182021,-7.49162,0.00479369,0.213852,0.00932106,0.0,0.0,0.0,0.0,8.96484,8.77547,1.0,1.0,Nothing,extended
1.32202,22,-5.78637,-0.153281,-7.4054,0.00745685,0.137952,0.0221042,0.0,0.0,0.0,0.0,9.31641,5.8505,1.0,1.0,Nothing,extended
1.38211,23,-5.86301,-0.239502,-7.44372,0.00532632,0.0860201,0.0189084,0.0,0.0,0.0,0.0,9.31641,0.0,1.0,1.0,Nothing,extended
1.4422,24,-5.78637,-0.220342,-7.42456,0.00905475,0.0399474,0.02024,0.0,0.0,0.0,0.0,9.31641,0.0,1.0,1.0,Nothing,extended
1.50228,25,-5.83427,-0.249082,-7.46288,0.0127832,-0.0396811,0.0130495,0.0,0.0,0.0,0.0,8.96484,-5.85078,1.0,1.0,Nothing,extended
1.56237,26,-5.83427,-0.229922,-7.46288,0.0133158,-0.100934,0.0141148,0.0,0.0,0.0,0.0,8.4375,-8.77592,1.0,1.0,Nothing,extended
1.62246,27,-5.90133,-0.220342,-7.5012,0.0146474,-0.13449,0.0125169,0.0,0.0,0.0,0.0,7.91016,-8.77617,1.0,1.0,Nothing,extended
1.68255,28,-5.89175,-0.162861,-7.5491,0.0111853,-0.20533,0.0167779,0.0,0.0,0.0,0.0,6.67969,-20.4778,1.0,1.0,Nothing,extended
1.74262,29,-5.96839,-0.201182,-7.597,0.00532632,-0.263387,0.0183758,0.0,0.0,0.0,0.0,5.44922,-20.4833,1.0,1.0,Nothing,extended
1.80496,30,-5.98755,-0.182021,-7.70238,0.00932106,-0.294279,0.015979,0.0,0.0,0.0,0.0,4.74609,-11.2798,1.0,1.0,Nothing,extended
1.86501,31,-6.03545,-0.182021,-7.71196,0.0117179,-0.3289,0.0106526,0.0,0.0,0.0,0.0,3.69141,-17.5626,1.0,1.0,Nothing,extended
1.9251,32,-6.05461,-0.182021,-7.7407,0.01012,-0.354733,0.0127832,0.0,0.0,0.0,0.0,2.46094,-20.4781,1.0,1.0,Nothing,extended
1.98519,33,-6.10251,-0.172441,-7.75028,0.00798948,-0.368315,0.0127832,0.0,0.0,0.0,0.0,1.05469,-23.4028,1.0,1.0,Nothing,extended
2.04527,34,-6.10251,-0.134121,-7.7886,0.00532632,-0.385626,0.00719053,0.0,0.0,0.0,0.0,-0.175781,-20.4781,1.0,1.0,Nothing,extended
2.10536,35,-6.15041,-0.143701,-7.80776,0.00585895,-0.382164,0.0138484,0.0,0.0,0.0,0.0,-1.58203,-23.4032,1.0,1.0,Nothing,extended
2.16545,36,-6.13125,-0.172441,-7.82692,0.010919,-0.384294,0.0154463,0.0,0.0,0.0,0.0,-2.98828,-23.4032,1.0,1.0,Nothing,extended
2.22554,37,-6.13125,-0.182021,-7.81734,0.0149137,-0.373375,0.0239685,0.0,0.0,0.0,0.0,-4.21875,-20.4777,1.0,1.0,Nothing,extended
2.28562,38,-6.11209,-0.201182,-7.77902,0.00452737,-0.35207,0.0170442,0.0,0.0,0.0,0.0,-5.27344,-17.5533,1.0,1.0,Nothing,extended
2.34572,39,-6.09293,-0.201182,-7.7407,0.010919,-0.309193,0.01518,0.0,0.0,0.0,0.0,-6.32812,-17.5506,1.0,1.0,Nothing,extended
2.4058,40,-6.03545,-0.220342,-7.72154,0.00798948,-0.273773,0.0138484,0.0,0.0,0.0,0.0,-7.38281,-17.5527,1.0,1.0,Nothing,extended
2.4659,41,-6.01629,-0.210762,-7.68322,0.0194411,-0.22051,0.0170442,0.0,0.0,0.0,0.0,-8.08594,-11.7006,1.0,1.0,Nothing,extended
2.52599,42,-5.98755,-0.249082,-7.65448,0.00932106,-0.17204,0.0106526,0.0,0.0,0.0,0.0,-8.61328,-8.77516,1.0,1.0,Nothing,extended
2.58607,43,-5.93965,-0.201182,-7.61616,0.00292948,-0.116114,0.00532632,0.0,0.0,0.0,0.0,-8.96484,-5.85129,1.0,1.0,Nothing,extended
2.64616,44,-5.93007,-0.182021,-7.61616,0.0119842,-0.0375506,0.0173105,0.0,0.0,0.0,0.0,-9.14062,-2.92544,1.0,1.0,Nothing,extended
2.70623,45,-5.89175,-0.191602,-7.57784,-0.00346211,0.0175769,0.01012,0.0,0.0,0.0,0.0,-8.96484,2.92613,1.0,1.0,Nothing,extended
2.7663,46,-5.90133,-0.172441,-7.597,-0.00319579,0.0761664,0.0111853,0.0,0.0,0.0,0.0,-8.61328,5.85294,1.0,1.0,Nothing,extended
2.82693,47,-5.92049,-0.162861,-7.62574,0.00266316,0.11931,0.0170442,0.0,0.0,0.0,0.0,-8.4375,2.8991,1.0,1.0,Nothing,extended
2.88701,48,-5.92049,-0.172441,-7.66406,0.0119842,0.157659,0.0173105,0.0,0.0,0.0,0.0,-7.91016,8.77794,1.0,1.0,Nothing,extended
2.94709,49,-5.94923,-0.182021,-7.71196,0.0111853,0.206661,0.00958738,0.0,0.0,0.0,0.0,-7.03125,14.6275,1.0,1.0,Nothing,extended
3.00718,50,-6.03545,-0.182021,-7.71196,0.0141148,0.278034,0.0141148,0.0,0.0,0.0,0.0,-5.97656,17.5527,1.0,1.0,Nothing,extended
3.06728,51,-6.03545,-0.191602,-7.7407,0.010919,0.315052,0.00772317,0.0,0.0,0.0,0.0,-5.09766,14.6243,1.0,1.0,Nothing,extended
3.12737,52,-6.10251,-0.172441,-7.76944,0.0157127,0.356065,0.0119842,0.0,0.0,0.0,0.0,-3.69141,23.4016,1.0,1.0,Nothing,extended
3.18746,53,-6.10251,-0.191602,-7.81734,0.01012,0.377636,0.0098537,0.0,0.0,0.0,0.0,-2.63672,17.5521,1.0,1.0,Nothing,extended
3.24755,54,-6.09293,-0.191602,-7.79818,0.00878843,0.39255,0.0170442,0.0,0.0,0.0,0.0,-1.23047,23.4027,1.0,1.0,Nothing,extended
3.30764,55,-6.15041,-0.182021,-7.76944,0.0135821,0.413056,0.0194411,0.0,0.0,0.0,0.0,0.0,20.4774,1.0,1.0,Nothing,extended
3.36773,56,-6.15999,-0.220342,-7.82692,0.00878843,0.420247,0.00559264,0.0,0.0,0.0,0.0,1.40625,23.4021,1.0,1.0,Nothing,extended
3.42782,57,-6.09293,-0.220342,-7.75986,0.0167779,0.416785,0.0066579,0.0,0.0,0.0,0.0,2.8125,23.4039,1.0,1.0,Nothing,extended
3.48791,58,-6.09293,-0.191602,-7.72154,0.0181095,0.411192,0.0133158,0.0,0.0,0.0,0.0,4.04297,20.4771,1.0,1.0,Nothing,extended
3.548,59,-6.03545,-0.182021,-7.7407,0.010919,0.388289,0.0149137,0.0,0.0,0.0,0.0,5.27344,20.4771,1.0,1.0,Nothing,extended
3.60809,60,-5.97797,-0.182021,-7.66406,0.0106526,0.365119,0.0127832,0.0,0.0,0.0,0.0,6.15234,14.6268,1.0,1.0,Nothing,extended
3.66818,61,-5.95881,-0.162861,-7.597,0.01518,0.331564,0.0127832,0.0,0.0,0.0,0.0,7.20703,17.5518,1.0,1.0,Nothing,extended
3.72826,62,-5.93007,-0.201182,-7.52036,0.0175769,0.29135,0.0221042,0.0,0.0,0.0,0.0,7.91016,11.7018,1.0,1.0,Nothing,extended
3.78835,63,-5.87259,-0.201182,-7.48204,0.0015979,0.242614,0.00958738,0.0,0.0,0.0,0.0,8.4375,8.77589,1.0,1.0,Nothing,extended
3.84844,64,-5.85343,-0.191602,-7.43414,0.0125169,0.166714,0.0157127,0.0,0.0,0.0,0.0,8.96484,8.77589,1.0,1.0,Nothing,extended
3.90853,65,-5.80553,-0.210762,-7.46288,0.00692422,0.113184,0.00878843,0.0,0.0,0.0,0.0,9.14062,2.9254,1.0,1.0,Nothing,extended
3.96862,66,-5.81511,-0.172441,-7.41498,0.0119842,0.0609864,0.0135821,0.0,0.0,0.0,0.0,9.31641,2.92559,1.0,1.0,Nothing,extended
4.0287,67,-5.80553,-0.182021,-7.41498,0.0066579,0.0157127,0.0181095,0.0,0.0,0.0,0.0,9.14062,-2.92531,1.0,1.0,Nothing,extended
4.08879,68,-5.86301,-0.191602,-7.44372,0.00452737,-0.0436758,0.015979,0.0,0.0,0.0,0.0,8.78906,-5.85076,1.0,1.0,Nothing,extended
4.1489,69,-5.88217,-0.210762,-7.48204,0.0015979,-0.123571,0.0183758,0.0,0.0,0.0,0.0,8.08594,-11.6984,1.0,1.0,Nothing,extended
4.20899,70,-5.89175,-0.210762,-7.48204,0.00639159,-0.162453,0.0189084,0.0,0.0,0.0,0.0,7.55859,-8.77519,1.0,1.0,Nothing,extended
4.26908,71,-5.92049,-0.210762,-7.5491,0.00133158,-0.207993,0.0167779,0.0,0.0,0.0,0.0,6.67969,-14.6275,1.0,1.0,Nothing,extended
4.32917,72,-5.95881,-0.191602,-7.597,0.00905475,-0.254865,0.0191748,0.0,0.0,0.0,0.0,5.625,-17.5504,1.0,1.0,Nothing,extended
4.38926,73,-5.97797,-0.210762,-7.68322,-0.0015979,-0.294279,0.00852212,0.0,0.0,0.0,0.0,4.39453,-20.4778,1.0,1.0,Nothing,extended
4.44936,74,-6.03545,-0.172441,-7.73112,0.0098537,-0.332096,0.0157127,0.0,0.0,0.0,0.0,3.16406,-20.4745,1.0,1.0,Nothing,extended
4.50944,75,-6.09293,-0.172441,-7.73112,0.00932106,-0.35207,0.0114516,0.0,0.0,0.0,0.0,1.93359,-20.4791,1.0,1.0,Nothing,extended
4.56953,76,-6.09293,-0.162861,-7.77902,0.00852212,-0.370978,0.0127832,0.0,0.0,0.0,0.0,0.527344,-23.4021,1.0,1.0,Nothing,extended
4.62963,77,-6.13125,-0.153281,-7.76944,0.00719053,-0.381631,0.0175769,0.0,0.0,0.0,0.0,-0.703125,-20.4759,1.0,1.0,Nothing,extended
4.68972,78,-6.13125,-0.153281,-7.7886,0.00745685,-0.376837,0.0173105,0.0,0.0,0.0,0.0,-2.10938,-23.4033,1.0,1.0,Nothing,extended
4.74981,79,-6.12167,-0.191602,-7.7886,0.00692422,-0.376038,0.010919,0.0,0.0,0.0,0.0,-3.33984,-20.4771,1.0,1.0,Nothing,extended
4.80989,80,-6.11209,-0.143701,-7.7407,0.0167779,-0.3542,0.0149137,0.0,0.0,0.0,0.0,-4.57031,-20.4781,1.0,1.0,Nothing,extended
4.86999,81,-6.10251,-0.210762,-7.75028,0.0119842,-0.320645,0.0178432,0.0,0.0,0.0,0.0,-5.80078,-20.4746,1.0,1.0,Nothing,extended
4.93008,82,-6.03545,-0.201182,-7.73112,0.00905475,-0.298807,0.0154463,0.0,0.0,0.0,0.0,-6.67969,-14.6269,1.0,1.0,Nothing,extended
4.99016,83,-6.00671,-0.210762,-7.71196,0.000266316,-0.259392,0.00958738,0.0,0.0,0.0,0.0,-7.38281,-11.702,1.0,1.0,Nothing,extended
5.05025,84,-6.00671,-0.201182,-7.68322,0.0141148,-0.214384,0.0181095,0.0,0.0,0.0,0.0,-8.08594,-11.7012,1.0,1.0,Nothing,extended
5.11034,85,-5.93965,-0.220342,-7.63532,0.0066579,-0.160855,0.0133158,0.0,0.0,0.0,0.0,-8.61328,-8.77617,1.0,1.0,Nothing,extended
5.17043,86,-5.93007,-0.210762,-7.57784,0.00479369,-0.0908138,0.0111853,0.0,0.0,0.0,0.0,-8.96484,-5.85062,1.0,1.0,Nothing,extended
5.23053,87,-5.89175,-0.191602,-7.60658,0.0125169,-0.0287621,0.0167779,0.0,0.0,0.0,0.0,-8.96484,0.0,1.0,1.0,Nothing,extended
5.29061,88,-5.90133,-0.210762,-7.55868,0.0117179,0.0138484,0.0167779,0.0,0.0,0.0,0.0,-8.78906,2.92563,1.0,1.0,Nothing,extended
5.3507,89,-5.92049,-0.182021,-7.62574,0.00639159,0.0689759,0.0135821,0.0,0.0,0.0,0.0,-8.61328,2.92532,1.0,1.0,Nothing,extended
5.41079,90,-5.91091,-0.172441,-7.63532,0.00506001,0.120908,0.0141148,0.0,0.0,0.0,0.0,-8.08594,8.77603,1.0,1.0,Nothing,extended
5.47087,91,-5.97797,-0.210762,-7.63532,0.00692422,0.177899,0.0173105,0.0,0.0,0.0,0.0,-7.55859,8.77767,1.0,1.0,Nothing,extended
5.53095,92,-5.99713,-0.182021,-7.70238,0.0154463,0.228766,0.0141148,0.0,0.0,0.0,0.0,-6.67969,14.6275,1.0,1.0,Nothing,extended
5.59104,93,-6.01629,-0.162861,-7.71196,0.0133158,0.272708,0.0138484,0.0,0.0,0.0,0.0,-5.625,17.553,1.0,1.0,Nothing,extended
5.65112,94,-6.04503,-0.172441,-7.7407,0.00372843,0.319047,0.00905475,0.0,0.0,0.0,0.0,-4.57031,17.5544,1.0,1.0,Nothing,extended
5.71121,95,-6.07377,-0.143701,-7.75986,0.00798948,0.358728,0.015979,0.0,0.0,0.0,0.0,-3.51562,17.5521,1.0,1.0,Nothing,extended
5.7713,96,-6.09293,-0.182021,-7.7886,0.00292948,0.388023,0.00772317,0.0,0.0,0.0,0.0,-1.58203,32.1774,1.0,1.0,Nothing,extended
5.83138,97,-6.12167,-0.191602,-7.5491,0.0098537,-0.174171,0.0175769,0.0,0.0,0.0,0.0,1.75781,55.5939,1.0,1.0,Nothing,extended
7.10296,98,-6.06419,-0.201182,-7.76944,0.0154463,-0.360592,0.0125169,0.0,0.0,0.0,0.0,0.703125,-0.829426,1.0,1.0,Nothing,extended
7.16306,99,-6.09293,-0.172441,-7.77902,0.0098537,-0.33396,0.0119842,0.0,0.0,0.0,0.0,-5.44922,-102.377,1.0,1.0,Nothing,extended
7.44997,100,-6.05461,-0.191602,-7.73112,0.00905475,0.233293,0.0133158,0.0,0.0,0.0,0.0,-6.50391,-3.67604,1.0,1.0,Nothing,extended
8.12697,101,-6.04503,-0.162861,-7.67364,0.00719053,0.267648,0.0199737,0.0,0.0,0.0,0.0,-1.05469,8.0491,1.0,1.0,Nothing,extended
8.40798,102,-6.14083,-0.201182,-7.39582,0.0114516,0.105461,0.0183758,0.0,0.0,0.0,0.0,8.96484,35.6543,1.0,1.0,Nothing,extended
9.07393,103,-5.81511,-0.201182,-7.46288,0.0127832,0.0814927,0.0167779,0.0,0.0,0.0,0.0,8.96484,0.0,1.0,1.0,Nothing,extended
9.13402,104,-5.82469,-0.191602,-7.42456,0.00239685,0.0282295,0.0117179,0.0,0.0,0.0,0.0,8.96484,0.0,1.0,1.0,Nothing,extended
9.19412,105,-5.82469,-0.172441,-7.4533,0.00585895,-0.0327569,0.0117179,0.0,0.0,0.0,0.0,8.61328,-5.85036,1.0,1.0,Nothing,extended
9.25421,106,-5.77679,-0.201182,-7.46288,0.00319579,-0.0900148,0.0114516,0.0,0.0,0.0,0.0,8.08594,-8.77568,1.0,1.0,Nothing,extended
9.3143,107,-5.88217,-0.172441,-7.51078,0.00798948,-0.19228,0.0130495,0.0,0.0,0.0,0.0,6.67969,-23.4023,1.0,1.0,Nothing,extended
9.40797,108,-5.93007,-0.191602,-7.57784,0.00719053,-0.22264,0.0149137,0.0,0.0,0.0,0.0,5.97656,-7.50638,1.0,1.0,Nothing,extended
9.46806,109,-5.94923,-0.191602,-7.61616,0.00426106,-0.266582,0.010919,0.0,0.0,0.0,0.0,5.09766,-14.6254,1.0,1.0,Nothing,extended
9.52816,110,-6.01629,-0.210762,-7.67364,0.00905475,-0.301204,0.010919,0.0,0.0,0.0,0.0,4.04297,-17.5513,1.0,1.0,Nothing,extended
9.58824,111,-6.01629,-0.191602,-7.7407,0.0066579,-0.329433,0.01518,0.0,0.0,0.0,0.0,2.63672,-23.4029,1.0,1.0,Nothing,extended
9.64834,112,-6.09293,-0.201182,-7.75986,0.00585895,-0.344347,0.021039,0.0,0.0,0.0,0.0,1.58203,-17.5487,1.0,1.0,Nothing,extended
9.70843,113,-6.09293,-0.162861,-7.75028,0.00452737,-0.363521,0.0167779,0.0,0.0,0.0,0.0,0.351562,-20.4778,1.0,1.0,Nothing,extended
9.76852,114,-6.11209,-0.153281,-7.82692,-0.000266316,-0.370978,0.0135821,0.0,0.0,0.0,0.0,-1.40625,-29.2526,1.0,1.0,Nothing,extended
9.82862,115,-6.12167,-0.210762,-7.75986,0.0167779,-0.36938,0.0181095,0.0,0.0,0.0,0.0,-2.28516,-14.6258,1.0,1.0,Nothing,extended
9.8887,116,-6.11209,-0.172441,-7.82692,0.000798948,-0.353668,0.0119842,0.0,0.0,0.0,0.0,-3.69141,-23.4037,1.0,1.0,Nothing,extended
9.94879,117,-6.09293,-0.210762,-7.77902,0.0154463,-0.335292,0.0215716,0.0,0.0,0.0,0.0,-4.74609,-17.5514,1.0,1.0,Nothing,extended
10.0089,118,-6.03545,-0.210762,-7.7407,0.00745685,-0.309459,0.01012,0.0,0.0,0.0,0.0,-5.80078,-17.5514,1.0,1.0,Nothing,extended
10.069,119,-6.03545,-0.191602,-7.7407,0.010919,-0.272708,0.0167779,0.0,0.0,0.0,0.0,-6.67969,-14.6242,1.0,1.0,Nothing,extended
10.1291,120,-6.00671,-0.210762,-7.71196,0.0066579,-0.247674,0.0167779,0.0,0.0,0.0,0.0,-7.38281,-11.701,1.0,1.0,Nothing,extended
10.1892,121,-5.98755,-0.172441,-7.6449,0.00932106,-0.183492,0.00905475,0.0,0.0,0.0,0.0,-8.08594,-11.7018,1.0,1.0,Nothing,extended
10.2493,122,-5.94923,-0.201182,-7.65448,0.0154463,-0.149936,0.0154463,0.0,0.0,0.0,0.0,-8.4375,-5.85043,1.0,1.0,Nothing,extended
10.3093,123,-5.93007,-0.210762,-7.61616,0.0127832,-0.0719054,0.0162453,0.0,0.0,0.0,0.0,-8.78906,-5.8511,1.0,1.0,Nothing,extended
10.3694,124,-5.88217,-0.210762,-7.597,0.0133158,-0.0276969,0.010919,0.0,0.0,0.0,0.0,-8.78906,0.0,1.0,1.0,Nothing,extended
10.4295,125,-5.88217,-0.191602,-7.63532,0.0117179,0.0346211,0.0221042,0.0,0.0,0.0,0.0,-8.61328,2.92538,1.0,1.0,Nothing,extended
10.4896,126,-5.90133,-0.210762,-7.67364,0.00958738,0.071639,0.0066579,0.0,0.0,0.0,0.0,-8.26172,5.85069,1.0,1.0,Nothing,extended
10.5497,127,-5.90133,-0.210762,-7.67364,0.0098537,0.136088,0.0175769,0.0,0.0,0.0,0.0,-7.73438,8.77589,1.0,1.0,Nothing,extended
10.6098,128,-5.93965,-0.201182,-7.6449,0.000266316,0.200003,0.00639159,0.0,0.0,0.0,0.0,-7.03125,11.7026,1.0,1.0,Nothing,extended
10.6699,129,-5.94923,-0.191602,-7.70238,0.0117179,0.247674,0.0119842,0.0,0.0,0.0,0.0,-6.15234,14.6268,1.0,1.0,Nothing,extended
10.73,130,-5.96839,-0.210762,-7.73112,0.0135821,0.292415,0.0119842,0.0,0.0,0.0,0.0,-5.27344,14.6267,1.0,1.0,Nothing,extended
10.79,131,-6.05461,-0.162861,-7.75028,0.0167779,0.32384,0.0141148,0.0,0.0,0.0,0.0,-4.21875,17.5529,1.0,1.0,Nothing,extended
10.8501,132,-6.09293,-0.172441,-7.75028,0.00239685,0.356864,0.00958738,0.0,0.0,0.0,0.0,-2.98828,20.4771,1.0,1.0,Nothing,extended
10.9102,133,-6.09293,-0.172441,-7.77902,0.0127832,0.381631,0.0130495,0.0,0.0,0.0,0.0,-1.75781,20.4785,1.0,1.0,Nothing,extended
10.9703,134,-6.09293,-0.143701,-7.76944,0.00905475,0.393882,0.0119842,0.0,0.0,0.0,0.0,-0.527344,20.4776,1.0,1.0,Nothing,extended
11.0304,135,-6.11209,-0.172441,-7.76944,0.00878843,0.404534,0.0149137,0.0,0.0,0.0,0.0,0.878906,23.4002,1.0,1.0,Nothing,extended
11.0905,136,-6.13125,-0.201182,-7.76944,0.01518,0.406665,0.0154463,0.0,0.0,0.0,0.0,2.28516,23.4021,1.0,1.0,Nothing,extended
11.1506,137,-6.10251,-0.191602,-7.73112,0.00878843,0.397344,0.00958738,0.0,0.0,0.0,0.0,3.33984,17.5528,1.0,1.0,Nothing,extended
11.2107,138,-6.04503,-0.191602,-7.70238,0.00878843,0.378702,0.0106526,0.0,0.0,0.0,0.0,4.57031,20.4759,1.0,1.0,Nothing,extended
11.2708,139,-6.04503,-0.201182,-7.66406,0.0175769,0.36725,0.0170442,0.0,0.0,0.0,0.0,5.625,17.549,1.0,1.0,Nothing,extended
11.3309,140,-5.98755,-0.172441,-7.62574,0.010919,0.305198,0.0133158,0.0,0.0,0.0,0.0,7.03125,23.4013,1.0,1.0,Nothing,extended
11.4,141,-5.89175,-0.172441,-7.57784,0.0130495,0.251935,0.0117179,0.0,0.0,0.0,0.0,7.91016,12.7195,1.0,1.0,Nothing,extended
11.472,142,-5.88217,-0.162861,-7.47246,0.0117179,0.200003,0.00932106,0.0,0.0,0.0,0.0,8.4375,7.32254,1.0,1.0,Nothing,extended
11.535,143,-5.80553,-0.172441,-7.48204,0.0130495,0.161388,0.0111853,0.0,0.0,0.0,0.0,8.78906,5.58152,1.0,1.0,Nothing,extended
11.5951,144,-5.84385,-0.153281,-7.4533,0.00585895,0.113451,0.0125169,0.0,0.0,0.0,0.0,8.78906,0.0,1.0,1.0,Nothing,extended
11.6551,145,-5.84385,-0.201182,-7.47246,0.00878843,0.0585895,0.0119842,0.0,0.0,0.0,0.0,8.96484,2.92537,1.0,1.0,Nothing,extended
11.7152,146,-5.80553,-0.210762,-7.46288,0.0127832,-0.00106526,0.0130495,0.0,0.0,0.0,0.0,8.78906,-2.92562,1.0,1.0,Nothing,extended
11.7753,147,-5.80553,-0.201182,-7.46288,0.00958738,-0.0545948,0.0162453,0.0,0.0,0.0,0.0,8.4375,-5.85069,1.0,1.0,Nothing,extended
11.8354,148,-5.80553,-0.220342,-7.49162,0.00692422,-0.128364,0.0234358,0.0,0.0,0.0,0.0,7.20703,-20.4785,1.0,1.0,Nothing,extended
11.918,149,-5.92049,-0.201182,-7.55868,0.00932106,-0.211455,0.0098537,0.0,0.0,0.0,0.0,6.32812,-10.646,1.0,1.0,Nothing,extended
11.986,150,-5.93965,-0.172441,-7.55868,0.00798948,-0.224238,0.0146474,0.0,0.0,0.0,0.0,5.625,-10.3398,1.0,1.0,Nothing,extended
12.046,151,-5.94923,-0.182021,-7.65448,0.00532632,-0.262854,0.0135821,0.0,0.0,0.0,0.0,4.74609,-14.6379,1.0,1.0,Nothing,extended
12.1061,152,-6.02587,-0.182021,-7.71196,0.00878843,-0.295611,0.015979,0.0,0.0,0.0,0.0,3.69141,-17.5515,1.0,1.0,Nothing,extended
12.1662,153,-6.00671,-0.172441,-7.73112,0.00426106,-0.324906,0.0130495,0.0,0.0,0.0,0.0,2.46094,-20.4778,1.0,1.0,Nothing,extended
12.2263,154,-6.04503,-0.162861,-7.76944,-0.000532632,-0.348608,0.0133158,0.0,0.0,0.0,0.0,0.703125,-29.2561,1.0,1.0,Nothing,extended
12.2864,155,-6.07377,-0.162861,-7.81734,0.00532632,-0.358195,0.0194411,0.0,0.0,0.0,0.0,0.0,-11.7015,1.0,1.0,Nothing,extended
12.3465,156,-6.09293,-0.172441,-7.7886,0.010919,-0.365386,0.0178432,0.0,0.0,0.0,0.0,-1.58203,-26.3271,1.0,1.0,Nothing,extended
12.4065,157,-6.09293,-0.162861,-7.76944,0.00852212,-0.360326,0.0111853,0.0,0.0,0.0,0.0,-2.8125,-20.4763,1.0,1.0,Nothing,extended
12.4666,158,-6.09293,-0.172441,-7.79818,0.00292948,-0.344879,0.0189084,0.0,0.0,0.0,0.0,-3.86719,-17.5489,1.0,1.0,Nothing,extended
12.5267,159,-6.04503,-0.182021,-7.81734,0.00905475,-0.334227,0.00852212,0.0,0.0,0.0,0.0,-4.92188,-17.5519,1.0,1.0,Nothing,extended
12.5868,160,-6.04503,-0.191602,-7.75028,0.0114516,-0.302002,0.0173105,0.0,0.0,0.0,0.0,-5.97656,-17.5514,1.0,1.0,Nothing,extended
12.6469,161,-6.01629,-0.162861,-7.72154,0.0127832,-0.265517,0.0237021,0.0,0.0,0.0,0.0,-6.85547,-14.6257,1.0,1.0,Nothing,extended
12.707,162,-5.95881,-0.191602,-7.70238,0.0119842,-0.225037,0.0111853,0.0,0.0,0.0,0.0,-7.55859,-11.7007,1.0,1.0,Nothing,extended
12.7671,163,-5.94923,-0.191602,-7.67364,0.0127832,-0.178165,0.0130495,0.0,0.0,0.0,0.0,-8.08594,-8.77624,1.0,1.0,Nothing,extended
12.8272,164,-5.92049,-0.201182,-7.62574,0.01012,-0.127832,0.0141148,0.0,0.0,0.0,0.0,-8.4375,-5.85027,1.0,1.0,Nothing,extended
12.8873,165,-5.91091,-0.220342,-7.6449,0.00958738,-0.0695085,0.015979,0.0,0.0,0.0,0.0,-8.61328,-2.92489,1.0,1.0,Nothing,extended
12.9474,166,-5.89175,-0.172441,-7.63532,0.0114516,-0.0157127,0.0127832,0.0,0.0,0.0,0.0,-8.61328,0.0,1.0,1.0,Nothing,extended
13.0075,167,-5.90133,-0.201182,-7.61616,0.0162453,0.0402137,0.0173105,0.0,0.0,0.0,0.0,-8.4375,2.92531,1.0,1.0,Nothing,extended
13.0676,168,-5.95881,-0.191602,-7.597,0.0098537,0.100401,0.0181095,0.0,0.0,0.0,0.0,-8.08594,5.85031,1.0,1.0,Nothing,extended
13.1277,169,-5.90133,-0.210762,-7.63532,0.0111853,0.149403,0.0175769,0.0,0.0,0.0,0.0,-7.55859,8.77606,1.0,1.0,Nothing,extended
13.1877,170,-5.96839,-0.153281,-7.70238,0.00506001,0.202134,0.010919,0.0,0.0,0.0,0.0,-6.85547,11.7014,1.0,1.0,Nothing,extended
13.2478,171,-6.00671,-0.162861,-7.6928,0.01518,0.251935,0.0191748,0.0,0.0,0.0,0.0,-5.97656,14.6266,1.0,1.0,Nothing,extended
13.3079,172,-6.03545,-0.172441,-7.72154,0.01518,0.286556,0.0130495,0.0,0.0,0.0,0.0,-4.92188,17.5522,1.0,1.0,Nothing,extended
13.368,173,-6.07377,-0.153281,-7.75028,0.01012,0.327036,0.0114516,0.0,0.0,0.0,0.0,-3.86719,17.5523,1.0,1.0,Nothing,extended
13.4281,174,-6.09293,-0.143701,-7.7407,0.00772317,0.35713,0.0167779,0.0,0.0,0.0,0.0,-2.8125,17.5511,1.0,1.0,Nothing,extended
13.4882,175,-6.12167,-0.201182,-7.7886,0.0125169,0.375506,0.0119842,0.0,0.0,0.0,0.0,-1.40625,23.403,1.0,1.0,Nothing,extended
13.5483,176,-6.15041,-0.201182,-7.7886,0.00958738,0.393083,0.010919,0.0,0.0,0.0,0.0,-0.175781,20.479,1.0,1.0,Nothing,extended
13.6084,177,-6.11209,-0.172441,-7.76944,0.00878843,0.405866,0.0154463,0.0,0.0,0.0,0.0,1.05469,20.4737,1.0,1.0,Nothing,extended
13.6685,178,-6.13125,-0.182021,-7.75028,0.00639159,0.394148,0.00585895,0.0,0.0,0.0,0.0,2.46094,23.4035,1.0,1.0,Nothing,extended
13.7285,179,-6.09293,-0.182021,-7.7407,0.0149137,0.392017,0.0175769,0.0,0.0,0.0,0.0,3.51562,17.5527,1.0,1.0,Nothing,extended
13.7886,180,-6.05461,-0.182021,-7.71196,0.00932106,0.374973,0.01518,0.0,0.0,0.0,0.0,4.74609,20.4755,1.0,1.0,Nothing,extended
13.8487,181,-6.02587,-0.201182,-7.63532,0.0114516,0.346477,0.0130495,0.0,0.0,0.0,0.0,5.625,14.6282,1.0,1.0,Nothing,extended
13.9088,182,-5.96839,-0.191602,-7.597,0.0117179,0.314519,0.0218379,0.0,0.0,0.0,0.0,6.67969,17.551,1.0,1.0,Nothing,extended
13.9689,183,-5.96839,-0.182021,-7.5491,0.00852212,0.279099,0.0154463,0.0,0.0,0.0,0.0,7.38281,11.7015,1.0,1.0,Nothing,extended
14.029,184,-5.91091,-0.182021,-7.48204,0.0135821,0.226102,0.00878843,0.0,0.0,0.0,0.0,8.08594,11.6997,1.0,1.0,Nothing,extended
14.0891,185,-5.86301,-0.191602,-7.44372,0.0117179,0.174703,0.0111853,0.0,0.0,0.0,0.0,8.4375,5.8508,1.0,1.0,Nothing,extended
14.1492,186,-5.82469,-0.229922,-7.42456,0.0133158,0.129163,0.00958738,0.0,0.0,0.0,0.0,8.78906,5.84897,1.0,1.0,Nothing,extended
14.2093,187,-5.81511,-0.201182,-7.43414,0.00719053,0.072438,0.00958738,0.0,0.0,0.0,0.0,8.78906,0.0,1.0,1.0,Nothing,extended
14.2694,188,-5.82469,-0.172441,-7.43414,0.000532632,0.015979,0.0157127,0.0,0.0,0.0,0.0,8.61328,-2.92528,1.0,1.0,Nothing,extended
14.3295,189,-5.81511,-0.172441,-7.47246,0.00692422,-0.0383495,0.0119842,0.0,0.0,0.0,0.0,8.4375,-2.92542,1.0,1.0,Nothing,extended
14.3896,190,-5.79595,-0.191602,-7.48204,0.0015979,-0.0929443,0.0221042,0.0,0.0,0.0,0.0,7.91016,-8.77603,1.0,1.0,Nothing,extended
14.4496,191,-5.85343,-0.201182,-7.5491,0.00559264,-0.13955,0.0189084,0.0,0.0,0.0,0.0,7.20703,-11.7006,1.0,1.0,Nothing,extended
14.5097,192,-5.86301,-0.191602,-7.57784,0.00878843,-0.188552,0.02024,0.0,0.0,0.0,0.0,6.32812,-14.625,1.0,1.0,Nothing,extended
14.5698,193,-5.95881,-0.201182,-7.63532,0.0098537,-0.236222,0.0181095,0.0,0.0,0.0,0.0,5.44922,-14.6257,1.0,1.0,Nothing,extended
14.6299,194,-5.99713,-0.191602,-7.6449,0.00745685,-0.275371,0.0146474,0.0,0.0,0.0,0.0,4.39453,-17.5505,1.0,1.0,Nothing,extended
14.69,195,-6.01629,-0.172441,-7.70238,0.01012,-0.299606,0.0194411,0.0,0.0,0.0,0.0,3.16406,-20.4824,1.0,1.0,Nothing,extended
14.7501,196,-6.04503,-0.191602,-7.75028,0.00745685,-0.329699,0.0130495,0.0,0.0,0.0,0.0,1.93359,-20.4785,1.0,1.0,Nothing,extended
14.8102,197,-6.09293,-0.191602,-7.7886,0.00346211,-0.349407,0.0173105,0.0,0.0,0.0,0.0,0.703125,-20.4789,1.0,1.0,Nothing,extended
14.8703,198,-6.10251,-0.162861,-7.7886,0.000798948,-0.36219,0.010919,0.0,0.0,0.0,0.0,-0.527344,-20.4791,1.0,1.0,Nothing,extended
14.9304,199,-6.10251,-0.191602,-7.77902,0.00958738,-0.360592,0.01518,0.0,0.0,0.0,0.0,-1.75781,-20.4751,1.0,1.0,Nothing,extended
14.9904,200,-6.09293,-0.162861,-7.7886,0.00239685,-0.350206,0.0133158,0.0,0.0,0.0,0.0,-2.98828,-20.4794,1.0,1.0,Nothing,extended
15.0505,201,-6.09293,-0.182021,-7.7886,0.0135821,-0.337955,0.0119842,0.0,0.0,0.0,0.0,-4.21875,-20.4779,1.0,1.0,Nothing,extended
15.1106,202,-6.05461,-0.201182,-7.7886,0.0106526,-0.313188,0.0130495,0.0,0.0,0.0,0.0,-5.27344,-17.5493,1.0,1.0,Nothing,extended
15.1707,203,-6.01629,-0.191602,-7.73112,0.0117179,-0.286023,0.0130495,0.0,0.0,0.0,0.0,-6.15234,-14.6265,1.0,1.0,Nothing,extended
15.2308,204,-6.00671,-0.201182,-7.6928,0.0114516,-0.24794,0.0119842,0.0,0.0,0.0,0.0,-7.03125,-14.6268,1.0,1.0,Nothing,extended
15.2909,205,-6.00671,-0.162861,-7.70238,0.0066579,-0.201335,0.0130495,0.0,0.0,0.0,0.0,-7.73438,-11.7018,1.0,1.0,Nothing,extended
15.351,206,-5.95881,-0.191602,-7.63532,0.00745685,-0.154197,0.0141148,0.0,0.0,0.0,0.0,-8.08594,-5.84959,1.0,1.0,Nothing,extended
15.4111,207,-5.93007,-0.191602,-7.597,0.01518,-0.104396,0.0119842,0.0,0.0,0.0,0.0,-8.4375,-5.85101,1.0,1.0,Nothing,extended
15.4712,208,-5.92049,-0.191602,-7.56826,0.0106526,-0.0479369,0.0117179,0.0,0.0,0.0,0.0,-8.4375,0.0,1.0,1.0,Nothing,extended
15.5313,209,-5.92049,-0.220342,-7.597,0.0130495,0.00878843,0.0229032,0.0,0.0,0.0,0.0,-8.4375,0.0,1.0,1.0,Nothing,extended
15.5914,210,-5.95881,-0.201182,-7.58742,0.00426106,0.0617853,0.0106526,0.0,0.0,0.0,0.0,-8.26172,2.92517,1.0,1.0,Nothing,extended
15.6514,211,-5.97797,-0.143701,-7.597,0.0119842,0.113451,0.0183758,0.0,0.0,0.0,0.0,-7.73438,8.77592,1.0,1.0,Nothing,extended
15.7115,212,-6.00671,-0.191602,-7.62574,0.00239685,0.168045,0.0066579,0.0,0.0,0.0,0.0,-7.20703,8.77578,1.0,1.0,Nothing,extended
15.7716,213,-5.99713,-0.210762,-7.65448,0.00452737,0.217847,0.00905475,0.0,0.0,0.0,0.0,-6.32812,14.6271,1.0,1.0,Nothing,extended
15.8317,214,-6.01629,-0.191602,-7.6928,0.00346211,0.266849,0.0149137,0.0,0.0,0.0,0.0,-5.44922,14.6251,1.0,1.0,Nothing,extended
15.8918,215,-6.05461,-0.172441,-7.73112,0.01012,0.294279,0.00798948,0.0,0.0,0.0,0.0,-4.57031,14.6266,1.0,1.0,Nothing,extended
15.9519,216,-6.04503,-0.153281,-7.73112,0.00372843,0.335558,0.00958738,0.0,0.0,0.0,0.0,-3.51562,17.5537,1.0,1.0,Nothing,extended
16.012,217,-6.10251,-0.201182,-7.7886,0.00133158,0.362989,0.0130495,0.0,0.0,0.0,0.0,-2.10938,23.3953,1.0,1.0,Nothing,extended
16.0721,218,-6.09293,-0.220342,-7.79818,0.0106526,0.379767,0.0098537,0.0,0.0,0.0,0.0,-1.05469,17.5524,1.0,1.0,Nothing,extended
16.1322,219,-6.14083,-0.182021,-7.76944,0.0130495,0.390419,0.0130495,0.0,0.0,0.0,0.0,0.351562,23.4044,1.0,1.0,Nothing,extended
16.1923,220,-6.10251,-0.201182,-7.7407,0.00932106,0.39255,0.00719053,0.0,0.0,0.0,0.0,1.58203,20.4742,1.0,1.0,Nothing,extended
16.2524,221,-6.09293,-0.182021,-7.7407,0.0130495,0.390419,0.0149137,0.0,0.0,0.0,0.0,2.8125,20.4775,1.0,1.0,Nothing,extended
16.3125,222,-6.06419,-0.182021,-7.70238,0.01012,0.381365,0.0178432,0.0,0.0,0.0,0.0,4.04297,20.4772,1.0,1.0,Nothing,extended
16.3726,223,-6.02587,-0.162861,-7.70238,0.010919,0.364054,0.0189084,0.0,0.0,0.0,0.0,5.09766,17.5496,1.0,1.0,Nothing,extended
16.4326,224,-5.95881,-0.182021,-7.65448,0.0066579,0.337423,0.0117179,0.0,0.0,0.0,0.0,6.15234,17.5518,1.0,1.0,Nothing,extended
16.4927,225,-5.91091,-0.162861,-7.597,0.0114516,0.294546,0.010919,0.0,0.0,0.0,0.0,6.85547,11.7012,1.0,1.0,Nothing,extended
16.5528,226,-5.89175,-0.191602,-7.57784,0.0106526,0.246875,0.01012,0.0,0.0,0.0,0.0,7.55859,11.6997,1.0,1.0,Nothing,extended
16.6129,227,-5.86301,-0.172441,-7.55868,0.01518,0.204797,0.0149137,0.0,0.0,0.0,0.0,8.08594,8.77474,1.0,1.0,Nothing,extended
16.673,228,-5.87259,-0.201182,-7.49162,0.000532632,0.162719,0.0133158,0.0,0.0,0.0,0.0,8.4375,5.8492,1.0,1.0,Nothing,extended
16.7331,229,-5.82469,-0.210762,-7.47246,0.0146474,0.105195,0.0181095,0.0,0.0,0.0,0.0,8.61328,2.92534,1.0,1.0,Nothing,extended
16.7932,230,-5.80553,-0.210762,-7.4533,0.00772317,0.0468716,0.0135821,0.0,0.0,0.0,0.0,8.61328,0.0,1.0,1.0,Nothing,extended
16.8533,231,-5.82469,-0.172441,-7.47246,-0.00239685,-0.00878843,0.00772317,0.0,0.0,0.0,0.0,8.4375,-2.92534,1.0,1.0,Nothing,extended
16.9134,232,-5.82469,-0.172441,-7.47246,0.00346211,-0.0625843,0.0146474,0.0,0.0,0.0,0.0,8.08594,-5.85059,1.0,1.0,Nothing,extended
16.9735,233,-5.85343,-0.182021,-7.49162,0.0135821,-0.112918,0.0181095,0.0,0.0,0.0,0.0,7.55859,-8.77606,1.0,1.0,Nothing,extended
17.0336,234,-5.89175,-0.153281,-7.52036,0.0119842,-0.167779,0.015979,0.0,0.0,0.0,0.0,6.85547,-11.7015,1.0,1.0,Nothing,extended
17.0937,235,-5.91091,-0.182021,-7.57784,0.00878843,-0.210922,0.0191748,0.0,0.0,0.0,0.0,5.97656,-14.6268,1.0,1.0,Nothing,extended
17.1537,236,-5.98755,-0.172441,-7.597,0.00532632,-0.248739,0.01518,0.0,0.0,0.0,0.0,4.92188,-17.5519,1.0,1.0,Nothing,extended
17.2138,237,-5.99713,-0.172441,-7.67364,0.0170442,-0.283893,0.0175769,0.0,0.0,0.0,0.0,3.86719,-17.5528,1.0,1.0,Nothing,extended
17.2739,238,-6.05461,-0.162861,-7.71196,0.00905475,-0.312655,0.0189084,0.0,0.0,0.0,0.0,2.8125,-17.5521,1.0,1.0,Nothing,extended
17.334,239,-6.06419,-0.172441,-7.75986,0.0167779,-0.337689,0.0167779,0.0,0.0,0.0,0.0,1.40625,-23.3992,1.0,1.0,Nothing,extended
17.3941,240,-6.10251,-0.191602,-7.75028,0.00452737,-0.351804,0.0130495,0.0,0.0,0.0,0.0,0.175781,-20.4763,1.0,1.0,Nothing,extended
17.4542,241,-6.10251,-0.210762,-7.75986,0.00506001,-0.352869,0.0114516,0.0,0.0,0.0,0.0,-1.05469,-20.4742,1.0,1.0,Nothing,extended
17.5143,242,-6.09293,-0.153281,-7.75986,0.00958738,-0.351005,0.0154463,0.0,0.0,0.0,0.0,-2.10938,-17.5512,1.0,1.0,Nothing,extended
17.5744,243,-6.05461,-0.191602,-7.77902,0.0173105,-0.341684,0.0229032,0.0,0.0,0.0,0.0,-3.51562,-23.3982,1.0,1.0,Nothing,extended
17.6345,244,-6.11209,-0.172441,-7.76944,0.00346211,-0.318514,0.015979,0.0,0.0,0.0,0.0,-4.57031,-17.5502,1.0,1.0,Nothing,extended
17.6946,245,-6.09293,-0.172441,-7.7407,0.0125169,-0.299073,0.0170442,0.0,0.0,0.0,0.0,-5.625,-17.5523,1.0,1.0,Nothing,extended
17.7547,246,-6.02587,-0.162861,-7.72154,0.0117179,-0.262321,0.0191748,0.0,0.0,0.0,0.0,-6.32812,-11.7003,1.0,1.0,Nothing,extended
17.8148,247,-6.03545,-0.201182,-7.65448,0.00905475,-0.221042,0.0181095,0.0,0.0,0.0,0.0,-7.03125,-11.7013,1.0,1.0,Nothing,extended
17.8749,248,-6.01629,-0.201182,-7.68322,0.00932106,-0.181628,0.01012,0.0,0.0,0.0,0.0,-7.73438,-11.7011,1.0,1.0,Nothing,extended
17.935,249,-5.93965,-0.172441,-7.6449,0.0125169,-0.129962,0.0157127,0.0,0.0,0.0,0.0,-8.08594,-5.85094,1.0,1.0,Nothing,extended
17.995,250,-5.95881,-0.191602,-7.597,0.00772317,-0.0780306,0.00958738,0.0,0.0,0.0,0.0,-8.4375,-5.85264,1.0,1.0,Nothing,extended
18.0551,251,-5.91091,-0.210762,-7.597,0.00958738,-0.021039,0.015979,0.0,0.0,0.0,0.0,-8.4375,0.0,1.0,1.0,Nothing,extended
18.1152,252,-5.91091,-0.191602,-7.597,0.0125169,0.0340885,0.02024,0.0,0.0,0.0,0.0,-8.26172,2.92538,1.0,1.0,Nothing,extended
18.1753,253,-5.92049,-0.172441,-7.62574,0.0098537,0.0857538,0.021039,0.0,0.0,0.0,0.0,-7.91016,5.85036,1.0,1.0,Nothing,extended
18.2354,254,-5.93965,-0.201182,-7.6449,0.00319579,0.135555,0.0106526,0.0,0.0,0.0,0.0,-7.55859,5.85066,1.0,1.0,Nothing,extended
18.2955,255,-5.95881,-0.210762,-7.66406,0.00905475,0.194411,0.0141148,0.0,0.0,0.0,0.0,-6.85547,11.698,1.0,1.0,Nothing,extended
18.3556,256,-6.00671,-0.201182,-7.67364,0.00426106,0.237554,0.0130495,0.0,0.0,0.0,0.0,-5.97656,14.6267,1.0,1.0,Nothing,extended
18.4157,257,-6.04503,-0.201182,-7.70238,0.0157127,0.275105,0.0127832,0.0,0.0,0.0,0.0,-5.09766,14.6265,1.0,1.0,Nothing,extended
18.4758,258,-6.03545,-0.201182,-7.7407,0.010919,0.313188,0.0157127,0.0,0.0,0.0,0.0,-4.04297,17.5516,1.0,1.0,Nothing,extended
18.5359,259,-6.03545,-0.153281,-7.7407,0.0106526,0.344613,0.0125169,0.0,0.0,0.0,0.0,-2.98828,17.5501,1.0,1.0,Nothing,extended
18.596,260,-6.08335,-0.191602,-7.75028,0.00852212,0.362989,0.00772317,0.0,0.0,0.0,0.0,-1.58203,23.3997,1.0,1.0,Nothing,extended
18.6561,261,-6.11209,-0.191602,-7.75028,0.0111853,0.382164,0.01518,0.0,0.0,0.0,0.0,-0.527344,17.5485,1.0,1.0,Nothing,extended
18.7161,262,-6.12167,-0.191602,-7.7886,0.0167779,0.391218,0.0125169,0.0,0.0,0.0,0.0,0.703125,20.4776,1.0,1.0,Nothing,extended
18.7762,263,-6.09293,-0.182021,-7.7886,0.0149137,0.392017,0.0138484,0.0,0.0,0.0,0.0,1.93359,20.4759,1.0,1.0,Nothing,extended
18.8363,264,-6.08335,-0.191602,-7.7407,0.0146474,0.3795,0.00878843,0.0,0.0,0.0,0.0,3.33984,23.4026,1.0,1.0,Nothing,extended
18.8964,265,-6.05461,-0.172441,-7.71196,0.010919,0.369647,0.0141148,0.0,0.0,0.0,0.0,4.39453,17.5487,1.0,1.0,Nothing,extended
18.9565,266,-5.97797,-0.182021,-7.67364,0.0111853,0.343281,0.010919,0.0,0.0,0.0,0.0,5.27344,14.6233,1.0,1.0,Nothing,extended
19.0166,267,-5.98755,-0.191602,-7.6449,0.0138484,0.311057,0.0175769,0.0,0.0,0.0,0.0,6.32812,17.5514,1.0,1.0,Nothing,extended
19.0767,268,-5.90133,-0.172441,-7.57784,0.00798948,0.273773,0.00585895,0.0,0.0,0.0,0.0,7.03125,11.6991,1.0,1.0,Nothing,extended
19.1368,269,-5.89175,-0.153281,-7.51078,0.010919,0.229831,0.00932106,0.0,0.0,0.0,0.0,7.73438,11.7014,1.0,1.0,Nothing,extended
19.1969,270,-5.86301,-0.201182,-7.46288,0.00878843,0.18722,0.0170442,0.0,0.0,0.0,0.0,8.08594,5.85031,1.0,1.0,Nothing,extended
19.257,271,-5.85343,-0.201182,-7.4533,0.0111853,0.132359,0.0138484,0.0,0.0,0.0,0.0,8.4375,5.85013,1.0,1.0,Nothing,extended
19.3171,272,-5.84385,-0.153281,-7.43414,0.0157127,0.0785633,0.0191748,0.0,0.0,0.0,0.0,8.4375,0.0,1.0,1.0,Nothing,extended
19.3772,273,-5.83427,-0.201182,-7.43414,0.01518,0.0242348,0.0141148,0.0,0.0,0.0,0.0,8.4375,0.0,1.0,1.0,Nothing,extended
19.4373,274,-5.84385,-0.162861,-7.47246,0.000532632,-0.0271642,0.0133158,0.0,0.0,0.0,0.0,8.26172,-2.92532,1.0,1.0,Nothing,extended
19.4974,275,-5.85343,-0.191602,-7.51078,0.0170442,-0.0836233,0.0157127,0.0,0.0,0.0,0.0,7.73438,-8.77596,1.0,1.0,Nothing,extended
19.5575,276,-5.88217,-0.220342,-7.5491,0.00133158,-0.132359,0.0138484,0.0,0.0,0.0,0.0,7.20703,-8.77509,1.0,1.0,Nothing,extended
19.6176,277,-5.88217,-0.191602,-7.56826,0.0125169,-0.180296,0.0157127,0.0,0.0,0.0,0.0,6.32812,-14.6268,1.0,1.0,Nothing,extended
19.6777,278,-5.91091,-0.191602,-7.56826,0.0,-0.223972,0.0146474,0.0,0.0,0.0,0.0,5.625,-11.7003,1.0,1.0,Nothing,extended
19.7378,279,-5.97797,-0.182021,-7.63532,0.00559264,-0.260457,0.0106526,0.0,0.0,0.0,0.0,4.57031,-17.5493,1.0,1.0,Nothing,extended
19.7978,280,-6.01629,-0.201182,-7.65448,0.0138484,-0.290817,0.015979,0.0,0.0,0.0,0.0,3.51562,-17.5521,1.0,1.0,Nothing,extended
19.8579,281,-6.06419,-0.153281,-7.68322,0.00852212,-0.319579,0.0117179,0.0,0.0,0.0,0.0,2.28516,-20.4747,1.0,1.0,Nothing,extended
19.918,282,-6.05461,-0.191602,-7.72154,0.0125169,-0.336091,0.0117179,0.0,0.0,0.0,0.0,1.05469,-20.4859,1.0,1.0,Nothing,extended
19.9781,283,-6.10251,-0.162861,-7.79818,0.00372843,-0.348874,0.0117179,0.0,0.0,0.0,0.0,-0.175781,-20.4775,1.0,1.0,Nothing,extended
20.0382,284,-6.05461,-0.182021,-7.77902,0.00878843,-0.347276,0.01518,0.0,0.0,0.0,0.0,-1.40625,-20.4782,1.0,1.0,Nothing,extended
20.0983,285,-6.06419,-0.162861,-7.77902,0.0098537,-0.348075,0.0114516,0.0,0.0,0.0,0.0,-2.63672,-20.4776,1.0,1.0,Nothing,extended
20.1584,286,-6.05461,-0.162861,-7.81734,0.0114516,-0.331564,0.015979,0.0,0.0,0.0,0.0,-3.69141,-17.5516,1.0,1.0,Nothing,extended
20.2185,287,-6.09293,-0.182021,-7.76944,0.00372843,-0.303068,0.0199737,0.0,0.0,0.0,0.0,-4.92188,-20.4759,1.0,1.0,Nothing,extended
20.2785,288,-6.02587,-0.182021,-7.7407,0.00532632,-0.28123,0.01518,0.0,0.0,0.0,0.0,-5.80078,-14.6266,1.0,1.0,Nothing,extended
20.3386,289,-6.02587,-0.201182,-7.73112,0.0066579,-0.244745,0.0133158,0.0,0.0,0.0,0.0,-6.67969,-14.6245,1.0,1.0,Nothing,extended
20.3987,290,-5.97797,-0.220342,-7.6928,0.0135821,-0.197607,0.0141148,0.0,0.0,0.0,0.0,-7.20703,-8.77624,1.0,1.0,Nothing,extended
20.4588,291,-5.95881,-0.201182,-7.67364,0.00798948,-0.15473,0.0199737,0.0,0.0,0.0,0.0,-7.73438,-8.77596,1.0,1.0,Nothing,extended
20.5189,292,-5.93007,-0.201182,-7.67364,0.00932106,-0.110521,0.0157127,0.0,0.0,0.0,0.0,-8.08594,-5.85055,1.0,1.0,Nothing,extended
20.579,293,-5.89175,-0.249082,-7.60658,0.010919,-0.0482032,0.0189084,0.0,0.0,0.0,0.0,-8.26172,-2.92494,1.0,1.0,Nothing,extended
20.6391,294,-5.91091,-0.191602,-7.63532,0.0111853,-0.00452737,0.00772317,0.0,0.0,0.0,0.0,-8.26172,0.0,1.0,1.0,Nothing,extended
20.6992,295,-5.89175,-0.210762,-7.60658,0.0114516,0.0583232,0.0157127,0.0,0.0,0.0,0.0,-8.08594,2.9252,1.0,1.0,Nothing,extended
20.7593,296,-5.93007,-0.191602,-7.62574,0.0149137,0.108391,0.0183758,0.0,0.0,0.0,0.0,-7.73438,5.85011,1.0,1.0,Nothing,extended
20.8194,297,-5.97797,-0.143701,-7.66406,0.0119842,0.157127,0.0215716,0.0,0.0,0.0,0.0,-7.20703,8.77585,1.0,1.0,Nothing,extended
20.8795,298,-5.94923,-0.182021,-7.67364,0.00239685,0.205596,0.00426106,0.0,0.0,0.0,0.0,-6.50391,11.7029,1.0,1.0,Nothing,extended
20.9395,299,-5.97797,-0.201182,-7.70238,0.01518,0.249805,0.0130495,0.0,0.0,0.0,0.0,-5.625,14.6283,1.0,1.0,Nothing,extended
20.9996,300,-6.01629,-0.153281,-7.7407,0.00639159,0.286556,0.00772317,0.0,0.0,0.0,0.0,-4.57031,17.5525,1.0,1.0,Nothing,extended
21.0597,301,-6.00671,-0.220342,-7.7407,0.00346211,0.321976,0.00585895,0.0,0.0,0.0,0.0,-3.51562,17.5518,1.0,1.0,Nothing,extended
21.1198,302,-6.07377,-0.172441,-7.76944,0.010919,0.349407,0.0141148,0.0,0.0,0.0,0.0,-2.28516,20.4798,1.0,1.0,Nothing,extended
21.1799,303,-6.04503,-0.172441,-7.75028,0.00932106,0.370446,0.0167779,0.0,0.0,0.0,0.0,-1.23047,17.5531,1.0,1.0,Nothing,extended
21.24,304,-6.10251,-0.172441,-7.75986,0.0218379,0.381631,0.0170442,0.0,0.0,0.0,0.0,0.0,20.4733,1.0,1.0,Nothing,extended
21.3001,305,-6.05461,-0.201182,-7.7407,0.0133158,0.389354,0.0127832,0.0,0.0,0.0,0.0,1.23047,20.4776,1.0,1.0,Nothing,extended
21.3602,306,-6.09293,-0.172441,-7.76944,0.00932106,0.380566,0.0117179,0.0,0.0,0.0,0.0,2.46094,20.4759,1.0,1.0,Nothing,extended
21.4203,307,-6.09293,-0.172441,-7.70238,0.0125169,0.37444,0.0154463,0.0,0.0,0.0,0.0,3.51562,17.5505,1.0,1.0,Nothing,extended
21.4804,308,-6.04503,-0.162861,-7.67364,0.0141148,0.356864,0.0167779,0.0,0.0,0.0,0.0,4.74609,20.4747,1.0,1.0,Nothing,extended
21.5405,309,-5.98755,-0.172441,-7.60658,0.00585895,0.324639,0.0135821,0.0,0.0,0.0,0.0,5.625,14.624,1.0,1.0,Nothing,extended
21.6006,310,-5.93965,-0.162861,-7.597,0.0146474,0.293747,0.0173105,0.0,0.0,0.0,0.0,6.50391,14.6271,1.0,1.0,Nothing,extended
21.6607,311,-5.93007,-0.191602,-7.55868,0.00772317,0.256196,0.0149137,0.0,0.0,0.0,0.0,7.20703,11.698,1.0,1.0,Nothing,extended
21.7208,312,-5.91091,-0.172441,-7.5491,0.0098537,0.2277,0.00426106,0.0,0.0,0.0,0.0,7.73438,8.77471,1.0,1.0,Nothing,extended
21.7809,313,-5.86301,-0.191602,-7.51078,0.0181095,0.155529,0.00932106,0.0,0.0,0.0,0.0,8.26172,8.77481,1.0,1.0,Nothing,extended
21.8409,314,-5.86301,-0.191602,-7.47246,0.0146474,0.105195,0.0141148,0.0,0.0,0.0,0.0,8.4375,2.92512,1.0,1.0,Nothing,extended
21.901,315,-5.86301,-0.229922,-7.44372,0.00559264,0.0671117,0.0133158,0.0,0.0,0.0,0.0,8.4375,0.0,1.0,1.0,Nothing,extended
21.9611,316,-5.83427,-0.182021,-7.46288,0.00852212,0.00266316,0.0141148,0.0,0.0,0.0,0.0,8.26172,-2.92475,1.0,1.0,Nothing,extended
22.0212,317,-5.86301,-0.191602,-7.46288,0.00905475,-0.0322242,0.0133158,0.0,0.0,0.0,0.0,8.08594,-2.92526,1.0,1.0,Nothing,extended
22.0813,318,-5.88217,-0.210762,-7.49162,0.00266316,-0.0878843,0.00878843,0.0,0.0,0.0,0.0,7.55859,-8.77519,1.0,1.0,Nothing,extended
22.1414,319,-5.87259,-0.191602,-7.55868,0.00426106,-0.150735,0.0191748,0.0,0.0,0.0,0.0,6.85547,-11.7,1.0,1.0,Nothing,extended
22.2015,320,-5.87259,-0.201182,-7.597,0.0114516,-0.197074,0.0197074,0.0,0.0,0.0,0.0,5.80078,-17.5526,1.0,1.0,Nothing,extended
22.2616,321,-5.93007,-0.182021,-7.62574,0.00266316,-0.235157,0.0106526,0.0,0.0,0.0,0.0,5.09766,-11.7014,1.0,1.0,Nothing,extended
22.3217,322,-5.98755,-0.153281,-7.63532,0.0125169,-0.279632,0.0133158,0.0,0.0,0.0,0.0,3.51562,-26.3278,1.0,1.0,Nothing,extended
22.3817,323,-6.00671,-0.172441,-7.70238,0.00745685,-0.301204,0.0189084,0.0,0.0,0.0,0.0,2.98828,-8.77725,1.0,1.0,Nothing,extended
22.4418,324,-6.03545,-0.172441,-7.7407,0.00559264,-0.315052,0.0170442,0.0,0.0,0.0,0.0,1.75781,-20.4776,1.0,1.0,Nothing,extended
22.5019,325,-6.04503,-0.191602,-7.77902,0.00319579,-0.335026,0.02024,0.0,0.0,0.0,0.0,0.527344,-20.4763,1.0,1.0,Nothing,extended
22.562,326,-6.05461,-0.153281,-7.77902,0.00639159,-0.34408,0.0135821,0.0,0.0,0.0,0.0,-0.527344,-17.5538,1.0,1.0,Nothing,extended
22.6221,327,-6.03545,-0.182021,-7.82692,0.00426106,-0.338221,0.0117179,0.0,0.0,0.0,0.0,-1.75781,-20.4795,1.0,1.0,Nothing,extended
22.6822,328,-6.09293,-0.172441,-7.75028,0.0066579,-0.337689,0.0215716,0.0,0.0,0.0,0.0,-2.98828,-20.4732,1.0,1.0,Nothing,extended
22.7423,329,-6.06419,-0.191602,-7.75028,0.00319579,-0.322775,0.0114516,0.0,0.0,0.0,0.0,-4.21875,-20.475,1.0,1.0,Nothing,extended
22.8024,330,-6.04503,-0.143701,-7.71196,0.00479369,-0.300405,0.0135821,0.0,0.0,0.0,0.0,-5.27344,-17.552,1.0,1.0,Nothing,extended
22.8625,331,-6.01629,-0.210762,-7.71196,0.0130495,-0.277235,0.0154463,0.0,0.0,0.0,0.0,-5.97656,-11.7012,1.0,1.0,Nothing,extended
22.9226,332,-5.95881,-0.191602,-7.70238,0.0106526,-0.243413,0.0130495,0.0,0.0,0.0,0.0,-6.67969,-11.701,1.0,1.0,Nothing,extended
22.9826,333,-5.97797,-0.249082,-7.60658,0.00346211,-0.198672,0.0119842,0.0,0.0,0.0,0.0,-7.38281,-11.7016,1.0,1.0,Nothing,extended
23.0427,334,-5.96839,-0.220342,-7.63532,0.0117179,-0.152333,0.0173105,0.0,0.0,0.0,0.0,-7.73438,-5.84946,1.0,1.0,Nothing,extended
23.1028,335,-5.93965,-0.191602,-7.61616,0.00772317,-0.0862864,0.0141148,0.0,0.0,0.0,0.0,-8.08594,-5.85076,1.0,1.0,Nothing,extended
23.1629,336,-5.92049,-0.220342,-7.58742,0.0117179,-0.0484695,0.015979,0.0,0.0,0.0,0.0,-8.08594,0.0,1.0,1.0,Nothing,extended
23.223,337,-5.92049,-0.153281,-7.597,0.00798948,0.00452737,0.0138484,0.0,0.0,0.0,0.0,-8.08594,0.0,1.0,1.0,Nothing,extended
23.2831,338,-5.93965,-0.201182,-7.60658,0.0146474,0.0588559,0.0167779,0.0,0.0,0.0,0.0,-7.91016,2.92551,1.0,1.0,Nothing,extended
23.3432,339,-5.92049,-0.191602,-7.62574,0.00506001,0.109456,0.0138484,0.0,0.0,0.0,0.0,-7.38281,8.77453,1.0,1.0,Nothing,extended
23.4033,340,-5.91091,-0.191602,-7.66406,0.0106526,0.172307,0.0111853,0.0,0.0,0.0,0.0,-6.85547,8.77638,1.0,1.0,Nothing,extended
23.4634,341,-5.97797,-0.172441,-7.6449,0.0173105,0.219711,0.0229032,0.0,0.0,0.0,0.0,-6.15234,11.7013,1.0,1.0,Nothing,extended
23.5235,342,-5.99713,-0.191602,-7.65448,0.0170442,0.243946,0.0135821,0.0,0.0,0.0,0.0,-5.27344,14.6252,1.0,1.0,Nothing,extended
23.5835,343,-6.09293,-0.182021,-7.68322,0.010919,0.291882,0.0125169,0.0,0.0,0.0,0.0,-4.21875,17.5522,1.0,1.0,Nothing,extended
23.6436,344,-6.09293,-0.210762,-7.7407,0.0119842,0.317449,0.0111853,0.0,0.0,0.0,0.0,-3.16406,17.5514,1.0,1.0,Nothing,extended
23.7037,345,-6.12167,-0.172441,-7.73112,0.00932106,0.355266,0.0127832,0.0,0.0,0.0,0.0,-1.75781,23.4034,1.0,1.0,Nothing,extended
23.7638,346,-6.10251,-0.220342,-7.77902,0.0111853,0.36219,0.00878843,0.0,0.0,0.0,0.0,-0.703125,17.5517,1.0,1.0,Nothing,extended
23.8239,347,-6.12167,-0.210762,-7.79818,0.00905475,0.381897,0.0125169,0.0,0.0,0.0,0.0,0.527344,20.477,1.0,1.0,Nothing,extended
23.884,348,-6.09293,-0.162861,-7.75986,0.00346211,0.381631,0.00719053,0.0,0.0,0.0,0.0,1.58203,17.5517,1.0,1.0,Nothing,extended
23.9441,349,-6.13125,-0.172441,-7.7407,0.0111853,0.375772,0.01012,0.0,0.0,0.0,0.0,2.8125,20.4791,1.0,1.0,Nothing,extended
24.0042,350,-6.05461,-0.201182,-7.70238,0.0135821,0.366984,0.010919,0.0,0.0,0.0,0.0,3.86719,17.5528,1.0,1.0,Nothing,extended
24.0643,351,-6.02587,-0.191602,-7.63532,0.0125169,0.34195,0.0173105,0.0,0.0,0.0,0.0,5.27344,23.3983,1.0,1.0,Nothing,extended
24.1244,352,-5.96839,-0.172441,-7.65448,0.0125169,0.310258,0.0154463,0.0,0.0,0.0,0.0,5.97656,11.7006,1.0,1.0,Nothing,extended
24.1844,353,-5.90133,-0.182021,-7.5491,0.00479369,0.290285,0.0098537,0.0,0.0,0.0,0.0,6.67969,11.7023,1.0,1.0,Nothing,extended
24.2446,354,-5.90133,-0.172441,-7.58742,0.0149137,0.246875,0.0197074,0.0,0.0,0.0,0.0,7.38281,11.6987,1.0,1.0,Nothing,extended
24.3046,355,-5.89175,-0.201182,-7.52994,0.00639159,0.206661,0.0167779,0.0,0.0,0.0,0.0,7.91016,8.77571,1.0,1.0,Nothing,extended
24.3647,356,-5.86301,-0.182021,-7.51078,0.00852212,0.154197,0.0130495,0.0,0.0,0.0,0.0,8.08594,2.92528,1.0,1.0,Nothing,extended
24.4248,357,-5.80553,-0.191602,-7.47246,0.0066579,0.107059,0.015979,0.0,0.0,0.0,0.0,8.26172,2.92486,1.0,1.0,Nothing,extended
24.4849,358,-5.78637,-0.182021,-7.48204,0.00719053,0.0524643,0.015979,0.0,0.0,0.0,0.0,8.26172,0.0,1.0,1.0,Nothing,extended
24.545,359,-5.79595,-0.191602,-7.46288,0.0114516,-0.00426106,0.0199737,0.0,0.0,0.0,0.0,8.08594,-2.92513,1.0,1.0,Nothing,extended
24.6051,360,-5.83427,-0.201182,-7.46288,0.00852212,-0.0641822,0.0194411,0.0,0.0,0.0,0.0,7.73438,-5.85006,1.0,1.0,Nothing,extended
24.6652,361,-5.84385,-0.220342,-7.5012,0.00346211,-0.10413,0.0162453,0.0,0.0,0.0,0.0,7.20703,-8.77491,1.0,1.0,Nothing,extended
24.7253,362,-5.86301,-0.210762,-7.51078,0.00905475,-0.151268,0.0127832,0.0,0.0,0.0,0.0,6.50391,-11.6989,1.0,1.0,Nothing,extended
24.7854,363,-5.93965,-0.182021,-7.60658,0.00852212,-0.198672,0.0154463,0.0,0.0,0.0,0.0,5.625,-14.6269,1.0,1.0,Nothing,extended
24.8455,364,-5.94923,-0.162861,-7.597,0.0098537,-0.233559,0.00798948,0.0,0.0,0.0,0.0,4.74609,-14.6276,1.0,1.0,Nothing,extended
24.9056,365,-5.95881,-0.191602,-7.61616,0.0130495,-0.268979,0.0167779,0.0,0.0,0.0,0.0,3.69141,-17.5518,1.0,1.0,Nothing,extended
24.9657,366,-6.04503,-0.172441,-7.70238,0.00346211,-0.29641,0.0066579,0.0,0.0,0.0,0.0,2.63672,-17.5535,1.0,1.0,Nothing,extended
25.0258,367,-6.05461,-0.162861,-7.71196,-0.00319579,-0.317449,0.0170442,0.0,0.0,0.0,0.0,1.40625,-20.4749,1.0,1.0,Nothing,extended
25.0858,368,-6.09293,-0.182021,-7.76944,0.00239685,-0.333428,0.0149137,0.0,0.0,0.0,0.0,0.175781,-20.4764,1.0,1.0,Nothing,extended
25.1459,369,-6.09293,-0.201182,-7.7407,0.0191748,-0.340086,0.0189084,0.0,0.0,0.0,0.0,-1.05469,-20.4782,1.0,1.0,Nothing,extended
25.206,370,-6.10251,-0.153281,-7.75986,0.00292948,-0.339553,0.0130495,0.0,0.0,0.0,0.0,-2.28516,-20.4806,1.0,1.0,Nothing,extended
25.2661,371,-6.13125,-0.172441,-7.75028,0.00772317,-0.328101,0.0170442,0.0,0.0,0.0,0.0,-3.51562,-20.4764,1.0,1.0,Nothing,extended
25.3262,372,-6.09293,-0.191602,-7.77902,0.00852212,-0.312122,0.0154463,0.0,0.0,0.0,0.0,-4.39453,-14.625,1.0,1.0,Nothing,extended
25.3863,373,-6.05461,-0.162861,-7.71196,0.010919,-0.279099,0.0138484,0.0,0.0,0.0,0.0,-5.44922,-17.5523,1.0,1.0,Nothing,extended
25.4464,374,-6.03545,-0.201182,-7.6928,0.0173105,-0.251136,0.0130495,0.0,0.0,0.0,0.0,-6.32812,-14.6269,1.0,1.0,Nothing,extended
25.5065,375,-5.98755,-0.191602,-7.70238,0.00878843,-0.215982,0.0175769,0.0,0.0,0.0,0.0,-6.85547,-8.77676,1.0,1.0,Nothing,extended
25.5665,376,-5.97797,-0.172441,-7.66406,0.00692422,-0.173904,0.0098537,0.0,0.0,0.0,0.0,-7.38281,-8.77592,1.0,1.0,Nothing,extended
25.6266,377,-5.94923,-0.172441,-7.66406,0.00798948,-0.13156,0.0173105,0.0,0.0,0.0,0.0,-7.91016,-8.77491,1.0,1.0,Nothing,extended
25.6867,378,-5.95881,-0.172441,-7.63532,0.00852212,-0.0772317,0.0183758,0.0,0.0,0.0,0.0,-8.08594,-2.92535,1.0,1.0,Nothing,extended
25.7468,379,-5.94923,-0.191602,-7.62574,0.0154463,-0.0300937,0.0098537,0.0,0.0,0.0,0.0,-8.08594,0.0,1.0,1.0,Nothing,extended
25.8069,380,-5.92049,-0.162861,-7.62574,0.015979,0.0218379,0.0175769,0.0,0.0,0.0,0.0,-7.91016,2.92527,1.0,1.0,Nothing,extended
25.867,381,-5.92049,-0.172441,-7.62574,0.0154463,0.0737696,0.0127832,0.0,0.0,0.0,0.0,-7.55859,5.84948,1.0,1.0,Nothing,extended
25.9271,382,-5.93965,-0.182021,-7.61616,0.00426106,0.125701,0.00585895,0.0,0.0,0.0,0.0,-7.20703,5.84973,1.0,1.0,Nothing,extended
25.9872,383,-5.97797,-0.172441,-7.67364,0.00932106,0.19015,0.00639159,0.0,0.0,0.0,0.0,-6.50391,11.701,1.0,1.0,Nothing,extended
26.0473,384,-6.00671,-0.191602,-7.65448,-0.00292948,0.219711,0.00932106,0.0,0.0,0.0,0.0,-5.625,14.6276,1.0,1.0,Nothing,extended
26.1074,385,-6.03545,-0.210762,-7.71196,0.0127832,0.257528,0.0133158,0.0,0.0,0.0,0.0,-4.74609,14.6268,1.0,1.0,Nothing,extended
26.1675,386,-6.00671,-0.172441,-7.7407,0.00639159,0.294812,0.00878843,0.0,0.0,0.0,0.0,-3.69141,17.5536,1.0,1.0,Nothing,extended
26.2276,387,-6.01629,-0.201182,-7.73112,0.00745685,0.327569,0.00905475,0.0,0.0,0.0,0.0,-2.8125,14.6237,1.0,1.0,Nothing,extended
26.2876,388,-6.04503,-0.201182,-7.75028,0.0127832,0.347543,0.0167779,0.0,0.0,0.0,0.0,-1.40625,23.4043,1.0,1.0,Nothing,extended
26.3477,389,-6.08335,-0.210762,-7.75986,0.00532632,0.362456,0.00958738,0.0,0.0,0.0,0.0,-0.351562,17.5525,1.0,1.0,Nothing,extended
26.4078,390,-6.07377,-0.172441,-7.76944,0.00878843,0.372843,0.00958738,0.0,0.0,0.0,0.0,0.878906,20.4772,1.0,1.0,Nothing,extended
26.4679,391,-6.04503,-0.191602,-7.7407,0.00452737,0.375506,0.00745685,0.0,0.0,0.0,0.0,2.10938,20.477,1.0,1.0,Nothing,extended
26.528,392,-6.04503,-0.191602,-7.71196,0.0146474,0.369647,0.00559264,0.0,0.0,0.0,0.0,3.16406,17.5528,1.0,1.0,Nothing,extended
26.5881,393,-6.02587,-0.182021,-7.71196,0.0106526,0.346211,0.01012,0.0,0.0,0.0,0.0,4.57031,23.4047,1.0,1.0,Nothing,extended
26.6482,394,-5.99713,-0.172441,-7.65448,0.00292948,0.335558,0.0098537,0.0,0.0,0.0,0.0,5.27344,11.6993,1.0,1.0,Nothing,extended
26.7083,395,-5.95881,-0.182021,-7.61616,0.0167779,0.299606,0.0183758,0.0,0.0,0.0,0.0,6.15234,14.6264,1.0,1.0,Nothing,extended
26.7684,396,-5.90133,-0.162861,-7.55868,0.00319579,0.265783,0.0162453,0.0,0.0,0.0,0.0,6.85547,11.7014,1.0,1.0,Nothing,extended
26.8285,397,-5.88217,-0.201182,-7.5491,0.00426106,0.233027,0.0133158,0.0,0.0,0.0,0.0,7.38281,8.77558,1.0,1.0,Nothing,extended
26.8885,398,-5.92049,-0.191602,-7.48204,0.00745685,0.162985,0.0130495,0.0,0.0,0.0,0.0,7.91016,8.77589,1.0,1.0,Nothing,extended
26.9486,399,-5.87259,-0.182021,-7.46288,0.0133158,0.129696,0.0127832,0.0,0.0,0.0,0.0,8.08594,2.92559,1.0,1.0,Nothing,extended
27.0087,400,-5.83427,-0.182021,-7.4533,0.0146474,0.0828243,0.0154463,0.0,0.0,0.0,0.0,8.26172,2.92493,1.0,1.0,Nothing,extended
27.0688,401,-5.82469,-0.191602,-7.47246,0.00585895,0.0279632,0.0119842,0.0,0.0,0.0,0.0,8.08594,-2.92519,1.0,1.0,Nothing,extended
27.1289,402,-5.81511,-0.191602,-7.4533,0.00852212,-0.0218379,0.015979,0.0,0.0,0.0,0.0,7.91016,-2.92519,1.0,1.0,Nothing,extended
27.189,403,-5.86301,-0.182021,-7.48204,0.00719053,-0.0918791,0.0117179,0.0,0.0,0.0,0.0,7.38281,-8.77571,1.0,1.0,Nothing,extended
27.2491,404,-5.85343,-0.191602,-7.52994,0.0154463,-0.11931,0.0157127,0.0,0.0,0.0,0.0,6.85547,-8.77571,1.0,1.0,Nothing,extended
27.3092,405,-5.92049,-0.210762,-7.5491,0.00346211,-0.168844,0.0178432,0.0,0.0,0.0,0.0,5.97656,-14.6247,1.0,1.0,Nothing,extended
27.3693,406,-5.92049,-0.182021,-7.58742,-0.000532632,-0.21758,0.0111853,0.0,0.0,0.0,0.0,5.27344,-11.7007,1.0,1.0,Nothing,extended
27.4294,407,-5.94923,-0.191602,-7.62574,0.00852212,-0.249805,0.01012,0.0,0.0,0.0,0.0,4.21875,-17.5516,1.0,1.0,Nothing,extended
27.4895,408,-5.97797,-0.191602,-7.63532,-0.00106526,-0.274838,0.0197074,0.0,0.0,0.0,0.0,3.16406,-17.5496,1.0,1.0,Nothing,extended
27.5496,409,-6.00671,-0.182021,-7.70238,0.00772317,-0.304666,0.0194411,0.0,0.0,0.0,0.0,2.10938,-17.5521,1.0,1.0,Nothing,extended
27.6097,410,-6.03545,-0.191602,-7.75028,0.0114516,-0.320645,0.0167779,0.0,0.0,0.0,0.0,0.878906,-20.4785,1.0,1.0,Nothing,extended
27.6697,411,-6.09293,-0.153281,-7.75028,0.0141148,-0.339819,0.0167779,0.0,0.0,0.0,0.0,-0.351562,-20.4776,1.0,1.0,Nothing,extended
27.7298,412,-6.09293,-0.182021,-7.76944,0.00372843,-0.331031,0.0175769,0.0,0.0,0.0,0.0,-1.40625,-17.552,1.0,1.0,Nothing,extended
27.7899,413,-6.03545,-0.191602,-7.7886,0.00692422,-0.331031,0.0135821,0.0,0.0,0.0,0.0,-2.63672,-20.4771,1.0,1.0,Nothing,extended
27.85,414,-6.04503,-0.172441,-7.75028,0.01518,-0.321177,0.0175769,0.0,0.0,0.0,0.0,-3.69141,-17.5526,1.0,1.0,Nothing,extended
27.9101,415,-6.06419,-0.182021,-7.7407,0.015979,-0.293747,0.0229032,0.0,0.0,0.0,0.0,-4.74609,-17.5532,1.0,1.0,Nothing,extended
27.9702,416,-6.02587,-0.201182,-7.71196,0.00239685,-0.276702,0.010919,0.0,0.0,0.0,0.0,-5.625,-14.6258,1.0,1.0,Nothing,extended
28.0303,417,-6.01629,-0.191602,-7.71196,0.0111853,-0.241815,0.0117179,0.0,0.0,0.0,0.0,-6.32812,-11.7024,1.0,1.0,Nothing,extended
28.0904,418,-5.98755,-0.201182,-7.70238,0.0117179,-0.194943,0.0175769,0.0,0.0,0.0,0.0,-7.03125,-11.7003,1.0,1.0,Nothing,extended
28.1505,419,-5.97797,-0.201182,-7.65448,0.00745685,-0.156061,0.0119842,0.0,0.0,0.0,0.0,-7.55859,-8.77627,1.0,1.0,Nothing,extended
28.2105,420,-5.91091,-0.191602,-7.63532,0.010919,-0.104662,0.0106526,0.0,0.0,0.0,0.0,-7.91016,-5.85076,1.0,1.0,Nothing,extended
28.2706,421,-5.93965,-0.201182,-7.63532,0.00878843,-0.0553938,0.0167779,0.0,0.0,0.0,0.0,-7.91016,0.0,1.0,1.0,Nothing,extended
28.3307,422,-5.90133,-0.210762,-7.60658,0.0138484,-0.00239685,0.0178432,0.0,0.0,0.0,0.0,-7.91016,0.0,1.0,1.0,Nothing,extended
28.3908,423,-5.91091,-0.201182,-7.61616,0.00878843,0.0431432,0.0149137,0.0,0.0,0.0,0.0,-7.73438,2.9253,1.0,1.0,Nothing,extended
28.4509,424,-5.93965,-0.162861,-7.61616,0.00639159,0.0969391,0.0114516,0.0,0.0,0.0,0.0,-7.38281,5.85052,1.0,1.0,Nothing,extended
28.511,425,-5.94923,-0.191602,-7.66406,0.0098537,0.148871,0.01518,0.0,0.0,0.0,0.0,-6.85547,8.77592,1.0,1.0,Nothing,extended
28.5711,426,-5.99713,-0.191602,-7.63532,0.00372843,0.193612,0.0111853,0.0,0.0,0.0,0.0,-6.15234,11.7018,1.0,1.0,Nothing,extended
28.6312,427,-5.99713,-0.172441,-7.68322,0.00506001,0.239951,0.00958738,0.0,0.0,0.0,0.0,-5.27344,14.6274,1.0,1.0,Nothing,extended
28.6913,428,-6.09293,-0.172441,-7.68322,0.00346211,0.279632,0.0135821,0.0,0.0,0.0,0.0,-4.39453,14.6262,1.0,1.0,Nothing,extended
28.7513,429,-6.05461,-0.182021,-7.7407,0.0066579,0.304399,0.0098537,0.0,0.0,0.0,0.0,-3.33984,17.5526,1.0,1.0,Nothing,extended
28.8114,430,-6.09293,-0.172441,-7.7407,0.0106526,0.331297,0.00639159,0.0,0.0,0.0,0.0,-2.28516,17.5523,1.0,1.0,Nothing,extended
28.8715,431,-6.13125,-0.182021,-7.75028,0.0183758,0.348341,0.0141148,0.0,0.0,0.0,0.0,-1.05469,20.4767,1.0,1.0,Nothing,extended
28.9316,432,-6.09293,-0.201182,-7.75986,0.00745685,0.367516,0.00745685,0.0,0.0,0.0,0.0,0.175781,20.4792,1.0,1.0,Nothing,extended
28.9917,433,-6.11209,-0.201182,-7.72154,0.00958738,0.37444,0.0125169,0.0,0.0,0.0,0.0,1.23047,17.5499,1.0,1.0,Nothing,extended
29.0518,434,-6.05461,-0.201182,-7.73112,0.0167779,0.368315,0.0170442,0.0,0.0,0.0,0.0,2.46094,20.4776,1.0,1.0,Nothing,extended
29.1119,435,-6.06419,-0.182021,-7.71196,0.0127832,0.358994,0.0135821,0.0,0.0,0.0,0.0,3.51562,17.5539,1.0,1.0,Nothing,extended
29.172,436,-6.03545,-0.162861,-7.65448,0.00878843,0.343814,0.0066579,0.0,0.0,0.0,0.0,4.57031,17.5514,1.0,1.0,Nothing,extended
29.2321,437,-5.99713,-0.172441,-7.63532,0.0135821,0.312921,0.0146474,0.0,0.0,0.0,0.0,5.625,17.5509,1.0,1.0,Nothing,extended
29.2921,438,-5.94923,-0.172441,-7.597,0.0167779,0.28336,0.0119842,0.0,0.0,0.0,0.0,6.32812,11.7008,1.0,1.0,Nothing,extended
29.3522,439,-5.92049,-0.191602,-7.57784,0.00852212,0.249805,0.00719053,0.0,0.0,0.0,0.0,7.03125,11.7015,1.0,1.0,Nothing,extended
29.4123,440,-5.91091,-0.191602,-7.5491,0.00426106,0.203199,0.00719053,0.0,0.0,0.0,0.0,7.55859,8.77599,1.0,1.0,Nothing,extended
29.4724,441,-5.87259,-0.201182,-7.51078,0.00878843,0.158991,0.01518,0.0,0.0,0.0,0.0,7.91016,5.85087,1.0,1.0,Nothing,extended
29.5325,442,-5.84385,-0.191602,-7.52994,0.0111853,0.109722,0.0154463,0.0,0.0,0.0,0.0,8.08594,2.92535,1.0,1.0,Nothing,extended
29.5926,443,-5.82469,-0.191602,-7.48204,0.0149137,0.0561927,0.0149137,0.0,0.0,0.0,0.0,8.08594,0.0,1.0,1.0,Nothing,extended
29.6527,444,-5.83427,-0.201182,-7.49162,0.00905475,0.00585895,0.015979,0.0,0.0,0.0,0.0,7.91016,-2.92549,1.0,1.0,Nothing,extended
29.7128,445,-5.82469,-0.210762,-7.49162,0.00719053,-0.0444748,0.0173105,0.0,0.0,0.0,0.0,7.55859,-5.85101,1.0,1.0,Nothing,extended
29.7729,446,-5.84385,-0.191602,-7.52036,0.00639159,-0.0937433,0.0157127,0.0,0.0,0.0,0.0,7.20703,-5.85066,1.0,1.0,Nothing,extended
29.8329,447,-5.86301,-0.229922,-7.52036,0.00585895,-0.14168,0.0189084,0.0,0.0,0.0,0.0,6.50391,-11.7015,1.0,1.0,Nothing,extended
29.893,448,-5.90133,-0.229922,-7.57784,0.0125169,-0.184024,0.0149137,0.0,0.0,0.0,0.0,5.625,-14.6267,1.0,1.0,Nothing,extended
29.9531,449,-5.95881,-0.191602,-7.597,0.0098537,-0.224771,0.0154463,0.0,0.0,0.0,0.0,4.74609,-14.6267,1.0,1.0,Nothing,extended
30.0132,450,-5.95881,-0.191602,-7.63532,0.00585895,-0.257261,0.015979,0.0,0.0,0.0,0.0,3.86719,-14.6263,1.0,1.0,Nothing,extended
