8.01086e-05,0,-1.42743,-0.249082,-9.70462,0.0125169,0.0213053,0.01518,0.0,0.0,0.0,0.0,0.703125,0.0,1.0,1.0,None,seated
0.100188,1,-1.42743,-0.306563,-9.69504,0.010919,0.0223706,0.0135821,0.0,0.0,0.0,0.0,0.703125,0.0,1.0,1.0,Nothing,seated
0.200293,2,-1.43701,-0.268242,-9.68546,0.00905475,0.0191748,0.0111853,0.0,0.0,0.0,0.0,0.703125,0.0,1.0,1.0,Nothing,seated
0.300404,3,-1.42743,-0.306563,-9.67588,0.0098537,0.0213053,0.00745685,0.0,0.0,0.0,0.0,0.703125,0.0,1.0,1.0,Nothing,seated
0.400513,4,-1.40827,-0.287402,-9.72378,0.0125169,0.0253,0.01518,0.0,0.0,0.0,0.0,0.703125,0.0,1.0,1.0,Nothing,seated
0.5006,5,-1.40827,-0.287402,-9.74294,0.00958738,0.0215716,0.00958738,0.0,0.0,0.0,0.0,0.703125,0.0,1.0,1.0,Nothing,seated
0.600698,6,-1.42743,-0.296982,-9.72378,0.0149137,0.0231695,0.0119842,0.0,0.0,0.0,0.0,0.703125,0.0,1.0,1.0,Nothing,seated
0.700795,7,-1.41785,-0.268242,-9.6663,0.0170442,0.0276969,0.0135821,0.0,0.0,0.0,0.0,0.703125,0.0,1.0,1.0,Nothing,seated
0.800889,8,-1.45617,-0.258662,-9.72378,0.0127832,0.0229032,0.0133158,0.0,0.0,0.0,0.0,0.703125,0.0,1.0,1.0,Nothing,seated
0.900997,9,-1.42743,-0.249082,-9.69504,0.0127832,0.0218379,0.0125169,0.0,0.0,0.0,0.0,0.878906,1.75591,1.0,1.0,Nothing,seated
1.0011,10,-1.41785,-0.296982,-9.69504,0.0127832,0.0213053,0.0114516,0.0,0.0,0.0,0.0,0.878906,0.0,1.0,1.0,Nothing,seated
1.10121,11,-1.46575,-0.287402,-9.73336,0.0106526,0.0223706,0.0170442,0.0,0.0,0.0,0.0,0.878906,0.0,1.0,1.0,Nothing,seated
1.2013,12,-1.44659,-0.306563,-9.67588,0.0149137,0.0183758,0.01012,0.0,0.0,0.0,0.0,0.878906,0.0,1.0,1.0,Nothing,seated
1.30141,13,-1.39869,-0.287402,-9.69504,0.01012,0.0197074,0.0114516,0.0,0.0,0.0,0.0,0.878906,0.0,1.0,1.0,Nothing,seated
1.40152,14,-1.40827,-0.306563,-9.73336,0.0135821,0.0183758,0.0218379,0.0,0.0,0.0,0.0,0.878906,0.0,1.0,1.0,Nothing,seated
1.50163,15,-1.42743,-0.296982,-9.68546,0.0127832,0.015979,0.010919,0.0,0.0,0.0,0.0,0.878906,0.0,1.0,1.0,Nothing,seated
1.60173,16,-1.43701,-0.287402,-9.70462,0.010919,0.0191748,0.01012,0.0,0.0,0.0,0.0,0.703125,-1.75595,1.0,1.0,Nothing,seated
1.70184,17,-1.36037,-0.229922,-9.70462,0.00958738,0.0250337,0.0146474,0.0,0.0,0.0,0.0,0.703125,0.0,1.0,1.0,Nothing,seated
1.80195,18,-1.32205,-0.239502,-9.74294,0.0141148,0.0279632,0.0205063,0.0,0.0,0.0,0.0,0.878906,1.75592,1.0,1.0,Nothing,seated
1.90205,19,-1.26457,-0.249082,-9.72378,0.010919,0.0442085,0.0130495,0.0,0.0,0.0,0.0,0.878906,0.0,1.0,1.0,Nothing,seated
2.00215,20,-1.20709,-0.277822,-9.75252,0.0135821,0.0490022,0.00452737,0.0,0.0,0.0,0.0,1.05469,1.75613,1.0,1.0,Nothing,seated
2.10225,21,-1.21667,-0.296982,-9.78126,0.0162453,0.0649811,0.0183758,0.0,0.0,0.0,0.0,1.23047,1.75592,1.0,1.0,Nothing,seated
2.20236,22,-1.20709,-0.325723,-9.77168,0.0138484,0.0676443,0.0245011,0.0,0.0,0.0,0.0,1.58203,3.51183,1.0,1.0,Nothing,seated
2.30247,23,-1.14961,-0.325723,-9.72378,0.02024,0.0780306,0.00106526,0.0,0.0,0.0,0.0,1.93359,3.51187,1.0,1.0,Nothing,seated
2.40256,24,-1.18793,-0.306563,-9.75252,0.0157127,0.0828243,0.0119842,0.0,0.0,0.0,0.0,2.28516,3.51235,1.0,1.0,Nothing,seated
2.50266,25,-1.10171,-0.277822,-9.79084,0.0117179,0.0894822,0.0175769,0.0,0.0,0.0,0.0,2.46094,1.75604,1.0,1.0,Nothing,seated
2.60278,26,-1.05381,-0.268242,-9.84832,0.0114516,0.0894822,0.0098537,0.0,0.0,0.0,0.0,2.98828,5.26728,1.0,1.0,Nothing,seated
2.70289,27,-1.08255,-0.249082,-9.7621,0.010919,0.0849548,0.00479369,0.0,0.0,0.0,0.0,3.33984,3.5118,1.0,1.0,Nothing,seated
2.803,28,-1.09213,-0.249082,-9.84832,0.0106526,0.0860201,0.0205063,0.0,0.0,0.0,0.0,3.51562,1.7559,1.0,1.0,Nothing,seated
2.9031,29,-1.04423,-0.258662,-9.74294,0.0135821,0.0772317,0.0119842,0.0,0.0,0.0,0.0,3.86719,3.51194,1.0,1.0,Nothing,seated
3.00321,30,-0.948428,-0.335303,-9.79084,0.0199737,0.061519,0.0,0.0,0.0,0.0,0.0,4.04297,1.75595,1.0,1.0,Nothing,seated
3.10332,31,-0.881367,-0.316143,-9.78126,0.0098537,0.066579,0.0,0.0,0.0,0.0,0.0,4.39453,3.51177,1.0,1.0,Nothing,seated
3.20343,32,-0.775986,-0.306563,-9.84832,0.0170442,0.0692422,0.0191748,0.0,0.0,0.0,0.0,4.57031,1.75593,1.0,1.0,Nothing,seated
3.30353,33,-0.728086,-0.287402,-9.84832,0.0114516,0.0625843,0.0135821,0.0,0.0,0.0,0.0,4.74609,1.75599,1.0,1.0,Nothing,seated
3.40363,34,-0.718506,-0.296982,-9.8579,0.0098537,0.0631169,0.00319579,0.0,0.0,0.0,0.0,4.92188,1.75606,1.0,1.0,Nothing,seated
3.50373,35,-0.651445,-0.258662,-9.84832,0.01012,0.0628506,0.00878843,0.0,0.0,0.0,0.0,5.09766,1.75601,1.0,1.0,Nothing,seated
3.60379,36,-0.689766,-0.287402,-9.8579,0.0162453,0.0609864,0.0162453,0.0,0.0,0.0,0.0,5.27344,1.75678,1.0,1.0,Nothing,seated
3.7039,37,-0.670605,-0.306563,-9.79084,0.0183758,0.0569916,0.0098537,0.0,0.0,0.0,0.0,5.44922,1.75597,1.0,1.0,Nothing,seated
3.804,38,-0.670605,-0.287402,-9.84832,0.0167779,0.0529969,0.00932106,0.0,0.0,0.0,0.0,5.625,1.75592,1.0,1.0,Nothing,seated
3.9041,39,-0.737666,-0.249082,-9.84832,0.0111853,0.0237021,0.0356864,0.0,0.0,0.0,0.0,5.80078,1.75609,1.0,1.0,Nothing,seated
4.00421,40,-1.56155,-0.335303,-9.62798,-0.00452737,0.0119842,0.0796285,0.0,0.0,0.0,0.0,5.625,-1.75595,1.0,1.0,Nothing,seated
4.1043,41,-1.55197,-0.335303,-9.6184,0.0133158,-0.0681769,0.0250337,0.0,0.0,0.0,0.0,5.27344,-3.5124,1.0,1.0,Nothing,seated
4.2044,42,-1.38911,-0.268242,-9.69504,0.0245011,-0.118244,-0.0348874,0.0,0.0,0.0,0.0,4.39453,-8.78001,1.0,1.0,Nothing,seated
4.30451,43,-1.37953,-0.229922,-9.7621,0.0157127,-0.165915,0.00852212,0.0,0.0,0.0,0.0,3.33984,-10.5358,1.0,1.0,Nothing,seated
4.4046,44,-1.41785,-0.258662,-9.80042,0.00506001,-0.18216,0.0479369,0.0,0.0,0.0,0.0,2.46094,-8.78074,1.0,1.0,Nothing,seated
4.50471,45,-1.38911,-0.316143,-9.8579,0.00878843,-0.191481,0.0282295,0.0,0.0,0.0,0.0,1.23047,-12.2917,1.0,1.0,Nothing,seated
4.60479,46,-1.39869,-0.258662,-9.84832,0.0106526,-0.202933,-0.0194411,0.0,0.0,0.0,0.0,-0.175781,-14.0512,1.0,1.0,Nothing,seated
4.70489,47,-1.42743,-0.306563,-9.73336,0.01012,-0.194943,0.00532632,0.0,0.0,0.0,0.0,-1.40625,-12.2919,1.0,1.0,Nothing,seated
4.805,48,-1.43701,-0.316143,-9.74294,0.00346211,-0.172307,0.0287621,0.0,0.0,0.0,0.0,-2.46094,-10.536,1.0,1.0,Nothing,seated
4.9051,49,-1.37953,-0.316143,-9.72378,0.00559264,-0.150202,0.00106526,0.0,0.0,0.0,0.0,-3.16406,-7.02394,1.0,1.0,Nothing,seated
5.00521,50,-1.41785,-0.287402,-9.74294,0.01012,-0.0833569,0.00479369,0.0,0.0,0.0,0.0,-4.04297,-8.77957,1.0,1.0,Nothing,seated
5.1053,51,-1.43701,-0.249082,-9.75252,0.00292948,-0.0604538,0.0111853,0.0,0.0,0.0,0.0,-4.21875,-1.7563,1.0,1.0,Nothing,seated
5.2054,52,-1.39869,-0.258662,-9.70462,0.00506001,-0.00559264,0.0191748,0.0,0.0,0.0,0.0,-4.21875,0.0,1.0,1.0,Nothing,seated
5.30551,53,-1.40827,-0.258662,-9.70462,0.0106526,0.052198,0.00745685,0.0,0.0,0.0,0.0,-4.04297,1.75596,1.0,1.0,Nothing,seated
5.40562,54,-1.37953,-0.239502,-9.65672,0.0205063,0.113717,0.0138484,0.0,0.0,0.0,0.0,-3.51562,5.26775,1.0,1.0,Nothing,seated
5.50572,55,-1.36995,-0.296982,-9.70462,0.0130495,0.155529,0.0234358,0.0,0.0,0.0,0.0,-2.63672,8.78034,1.0,1.0,Nothing,seated
5.60582,56,-1.42743,-0.296982,-9.7621,0.0114516,0.196808,0.0117179,0.0,0.0,0.0,0.0,-1.75781,8.78005,1.0,1.0,Nothing,seated
5.70592,57,-1.44659,-0.296982,-9.78126,0.02024,0.225037,0.01012,0.0,0.0,0.0,0.0,-0.527344,12.2921,1.0,1.0,Nothing,seated
5.80603,58,-1.41785,-0.325723,-9.84832,0.01518,0.236489,0.0191748,0.0,0.0,0.0,0.0,0.703125,12.2917,1.0,1.0,Nothing,seated
5.90614,59,-1.45617,-0.296982,-9.74294,0.00745685,0.238353,0.0191748,0.0,0.0,0.0,0.0,1.93359,12.2911,1.0,1.0,Nothing,seated
6.00624,60,-1.43701,-0.258662,-9.74294,0.0170442,0.230363,0.0127832,0.0,0.0,0.0,0.0,3.16406,12.2918,1.0,1.0,Nothing,seated
6.10635,61,-1.42743,-0.306563,-9.74294,0.0141148,0.206661,0.00479369,0.0,0.0,0.0,0.0,4.21875,10.5356,1.0,1.0,Nothing,seated
6.20646,62,-1.42743,-0.258662,-9.68546,0.00745685,0.16991,0.00932106,0.0,0.0,0.0,0.0,4.92188,7.02379,1.0,1.0,Nothing,seated
6.30656,63,-1.39869,-0.258662,-9.70462,0.0127832,0.126234,0.0141148,0.0,0.0,0.0,0.0,5.44922,5.2678,1.0,1.0,Nothing,seated
6.40667,64,-1.43701,-0.277822,-9.69504,0.0154463,0.0772317,0.00958738,0.0,0.0,0.0,0.0,5.80078,3.51173,1.0,1.0,Nothing,seated
6.50679,65,-1.36995,-0.277822,-9.64714,0.0098537,0.0239685,0.00852212,0.0,0.0,0.0,0.0,5.625,-1.75583,1.0,1.0,Nothing,seated
6.60689,66,-1.44659,-0.306563,-9.6184,0.0133158,-0.0276969,0.01518,0.0,0.0,0.0,0.0,5.27344,-3.51191,1.0,1.0,Nothing,seated
6.707,67,-1.40827,-0.287402,-9.70462,0.0127832,-0.0841559,0.00878843,0.0,0.0,0.0,0.0,4.74609,-5.2679,1.0,1.0,Nothing,seated
6.80711,68,-1.37953,-0.296982,-9.72378,0.0111853,-0.125968,0.0117179,0.0,0.0,0.0,0.0,3.86719,-8.77965,1.0,1.0,Nothing,seated
6.90721,69,-1.39869,-0.277822,-9.74294,0.0141148,-0.165116,0.0167779,0.0,0.0,0.0,0.0,2.8125,-10.5357,1.0,1.0,Nothing,seated
7.00732,70,-1.43701,-0.268242,-9.78126,0.0098537,-0.191748,0.0170442,0.0,0.0,0.0,0.0,1.58203,-12.2916,1.0,1.0,Nothing,seated
7.10742,71,-1.41785,-0.268242,-9.84832,0.00239685,-0.204531,0.00719053,0.0,0.0,0.0,0.0,0.351562,-12.2915,1.0,1.0,Nothing,seated
7.20753,72,-1.40827,-0.306563,-9.74294,0.0114516,-0.201868,0.0135821,0.0,0.0,0.0,0.0,-0.878906,-12.2915,1.0,1.0,Nothing,seated
7.30765,73,-1.38911,-0.306563,-9.78126,0.0133158,-0.192014,0.00958738,0.0,0.0,0.0,0.0,-1.93359,-10.5348,1.0,1.0,Nothing,seated
7.40776,74,-1.40827,-0.325723,-9.77168,0.00878843,-0.15979,0.00878843,0.0,0.0,0.0,0.0,-2.8125,-8.77886,1.0,1.0,Nothing,seated
7.50787,75,-1.42743,-0.306563,-9.70462,0.0149137,-0.121973,0.010919,0.0,0.0,0.0,0.0,-3.51562,-7.02401,1.0,1.0,Nothing,seated
7.60798,76,-1.41785,-0.296982,-9.72378,0.0130495,-0.0713727,0.0173105,0.0,0.0,0.0,0.0,-4.04297,-5.26769,1.0,1.0,Nothing,seated
7.70808,77,-1.38911,-0.277822,-9.69504,0.0141148,-0.0157127,0.0205063,0.0,0.0,0.0,0.0,-4.21875,-1.75602,1.0,1.0,Nothing,seated
7.80818,78,-1.41785,-0.268242,-9.70462,0.0173105,0.0450074,0.0194411,0.0,0.0,0.0,0.0,-4.04297,1.756,1.0,1.0,Nothing,seated
7.90826,79,-1.43701,-0.249082,-9.69504,0.00852212,0.0865527,0.00798948,0.0,0.0,0.0,0.0,-3.69141,3.51266,1.0,1.0,Nothing,seated
8.00837,80,-1.40827,-0.287402,-9.73336,0.01518,0.137685,0.010919,0.0,0.0,0.0,0.0,-2.98828,7.02374,1.0,1.0,Nothing,seated
8.10847,81,-1.41785,-0.306563,-9.7621,0.0127832,0.1771,0.0125169,0.0,0.0,0.0,0.0,-2.10938,8.78022,1.0,1.0,Nothing,seated
8.20858,82,-1.42743,-0.335303,-9.7621,0.0191748,0.207993,0.0127832,0.0,0.0,0.0,0.0,-0.878906,12.2915,1.0,1.0,Nothing,seated
8.30868,83,-1.41785,-0.316143,-9.84832,0.0138484,0.232228,0.0146474,0.0,0.0,0.0,0.0,0.175781,10.5359,1.0,1.0,Nothing,seated
8.40879,84,-1.40827,-0.287402,-9.84832,0.0146474,0.241282,0.0130495,0.0,0.0,0.0,0.0,1.40625,12.2913,1.0,1.0,Nothing,seated
8.50889,85,-1.41785,-0.287402,-9.75252,0.0215716,0.236489,0.0175769,0.0,0.0,0.0,0.0,2.63672,12.2923,1.0,1.0,Nothing,seated
8.609,86,-1.40827,-0.277822,-9.72378,0.00905475,0.217847,0.0183758,0.0,0.0,0.0,0.0,3.69141,10.5358,1.0,1.0,Nothing,seated
8.70911,87,-1.41785,-0.268242,-9.74294,0.0178432,0.181095,0.015979,0.0,0.0,0.0,0.0,4.57031,8.7795,1.0,1.0,Nothing,seated
8.80922,88,-1.42743,-0.287402,-9.73336,0.0157127,0.144343,0.0130495,0.0,0.0,0.0,0.0,5.27344,7.02362,1.0,1.0,Nothing,seated
8.90931,89,-1.40827,-0.277822,-9.67588,0.0130495,0.0929443,0.0133158,0.0,0.0,0.0,0.0,5.625,3.51216,1.0,1.0,Nothing,seated
9.00942,90,-1.39869,-0.258662,-9.6663,0.0138484,0.0420779,0.00905475,0.0,0.0,0.0,0.0,5.625,0.0,1.0,1.0,Nothing,seated
9.10952,91,-1.41785,-0.306563,-9.6663,0.0111853,-0.010919,0.0162453,0.0,0.0,0.0,0.0,5.44922,-1.75598,1.0,1.0,Nothing,seated
9.20956,92,-1.43701,-0.287402,-9.68546,0.00852212,-0.0676443,0.01518,0.0,0.0,0.0,0.0,4.92188,-5.27157,1.0,1.0,Nothing,seated
9.30966,93,-1.42743,-0.296982,-9.7142,0.00452737,-0.113451,0.010919,0.0,0.0,0.0,0.0,4.21875,-7.02426,1.0,1.0,Nothing,seated
9.40978,94,-1.38911,-0.306563,-9.69504,0.0125169,-0.149137,0.0167779,0.0,0.0,0.0,0.0,3.16406,-10.5344,1.0,1.0,Nothing,seated
9.50988,95,-1.43701,-0.268242,-9.77168,0.00798948,-0.177899,0.0141148,0.0,0.0,0.0,0.0,2.10938,-10.5358,1.0,1.0,Nothing,seated
9.60999,96,-1.43701,-0.258662,-9.78126,0.00932106,-0.197873,0.010919,0.0,0.0,0.0,0.0,0.878906,-12.2916,1.0,1.0,Nothing,seated
9.7101,97,-1.37953,-0.268242,-9.84832,0.0130495,-0.198938,0.015979,0.0,0.0,0.0,0.0,-0.527344,-14.0476,1.0,1.0,Nothing,seated
9.81019,98,-1.42743,-0.268242,-9.78126,0.00585895,-0.188019,0.0127832,0.0,0.0,0.0,0.0,-1.40625,-8.7804,1.0,1.0,Nothing,seated
9.9103,99,-1.43701,-0.306563,-9.79084,0.00559264,-0.165649,0.00905475,0.0,0.0,0.0,0.0,-2.46094,-10.5356,1.0,1.0,Nothing,seated
10.0104,100,-1.43701,-0.306563,-9.74294,0.0111853,-0.135821,0.0114516,0.0,0.0,0.0,0.0,-3.33984,-8.77976,1.0,1.0,Nothing,seated
10.1105,101,-1.38911,-0.277822,-9.7142,0.00213053,-0.0868191,0.0133158,0.0,0.0,0.0,0.0,-3.86719,-5.26772,1.0,1.0,Nothing,seated
10.2106,102,-1.37953,-0.296982,-9.70462,0.0133158,-0.0402137,0.0181095,0.0,0.0,0.0,0.0,-4.04297,-1.75594,1.0,1.0,Stop,seated
10.3107,103,-1.38911,-0.287402,-9.68546,0.0135821,0.0173105,0.015979,0.0,0.0,0.0,0.0,-4.04297,0.0,1.0,1.0,Stop,seated
10.4514,104,-1.29331,-0.162861,-10.0016,0.0117179,0.0380832,0.0452737,0.0,0.0,0.0,0.0,-3.51562,3.74793,1.0,1.0,Stop,extended
10.5515,105,1.36037,0.172441,-10.5572,0.0753675,-1.73505,-0.161388,0.0,0.0,0.0,0.0,-2.8125,7.02419,1.0,1.0,Stop,extended
10.6516,106,-5.73847,0.0479004,-8.26761,-0.0250337,-2.62268,-0.0300937,0.0,0.0,0.0,0.0,-1.93359,8.77959,1.0,1.0,Stop,extended
10.7517,107,-10.0016,-0.593965,-9.04359,0.0575243,-0.634631,-0.0790959,0.0,0.0,0.0,0.0,-1.05469,8.77969,1.0,1.0,Stop,extended
10.8518,108,-4.7134,-0.354463,-7.1659,0.0431432,0.434894,-0.0340885,0.0,0.0,0.0,0.0,0.0,10.5417,1.0,1.0,Stop,extended
10.9519,109,-6.79228,-0.143701,-7.12758,-0.00719053,0.398942,0.0721717,0.0,0.0,0.0,0.0,1.23047,12.2921,1.0,1.0,Stop,extended
11.052,110,-6.7348,-0.220342,-7.94188,-0.0146474,0.283893,0.0814927,0.0,0.0,0.0,0.0,2.46094,12.2916,1.0,1.0,Stop,extended
11.1521,111,-6.21747,-0.134121,-7.65448,0.0146474,0.163518,0.0380832,0.0,0.0,0.0,0.0,3.51562,10.5358,1.0,1.0,Stop,extended
11.2522,112,-5.88217,-0.258662,-7.29044,0.0447411,0.0924117,-0.0215716,0.0,0.0,0.0,0.0,4.21875,7.02355,1.0,1.0,Stop,extended
11.3523,113,-5.44148,-0.0287402,-7.31918,0.0234358,0.0543285,-0.0173105,0.0,0.0,0.0,0.0,4.74609,5.26803,1.0,1.0,Stop,extended
11.4524,114,-6.04503,-0.220342,-7.48204,-0.00798948,0.0545948,0.0178432,0.0,0.0,0.0,0.0,5.09766,3.512,1.0,1.0,Stop,extended
11.5525,115,-5.90133,-0.201182,-7.46288,-0.010919,0.0460727,0.0348874,0.0,0.0,0.0,0.0,5.27344,1.75604,1.0,1.0,Stop,extended
11.6526,116,-5.92049,-0.296982,-7.41498,0.0157127,0.00878843,0.0154463,0.0,0.0,0.0,0.0,4.92188,-3.51196,1.0,1.0,Stop,extended
11.7707,117,-5.97797,-0.440684,-7.10842,0.0234358,-0.0407464,-0.0306264,0.0,0.0,0.0,0.0,4.39453,-4.46751,1.0,1.0,Stop,seated
11.8708,118,-6.89766,0.0479004,-7.28086,0.125169,0.519583,0.0263653,0.0,0.0,0.0,0.0,3.51562,-8.77925,1.0,1.0,Stop,seated
11.9709,119,-8.58375,0.00958008,-7.77902,0.0479369,2.30044,0.0617853,0.0,0.0,0.0,0.0,2.46094,-10.5357,1.0,1.0,Stop,seated
12.071,120,1.41785,0.306563,-10.3273,0.0878843,2.44052,0.0484695,0.0,0.0,0.0,0.0,1.58203,-8.77961,1.0,1.0,Stop,seated
12.1711,121,-1.91602,-0.191602,-9.93454,-0.0543285,-0.803742,0.126234,0.0,0.0,0.0,0.0,0.351562,-12.2916,1.0,1.0,Stop,seated
12.2712,122,-2.46208,-0.105381,-9.6663,-0.0234358,0.365652,-0.0015979,0.0,0.0,0.0,0.0,-0.703125,-10.5372,1.0,1.0,Stop,seated
12.3713,123,-0.929268,-0.153281,-9.32142,0.03036,-0.43809,-0.0772317,0.0,0.0,0.0,0.0,-1.75781,-10.5359,1.0,1.0,Stop,seated
12.4714,124,-1.55197,-0.258662,-9.55134,0.0181095,-0.0316916,0.0173105,0.0,0.0,0.0,0.0,-2.63672,-8.77967,1.0,1.0,Stop,seated
12.5715,125,-1.52323,-0.249082,-9.84832,0.00346211,-0.104396,0.066579,0.0,0.0,0.0,0.0,-3.33984,-7.02375,1.0,1.0,Stop,seated
12.6716,126,-1.21667,-0.469424,-9.84832,-0.00639159,-0.0873517,0.0138484,0.0,0.0,0.0,0.0,-3.69141,-3.51203,1.0,1.0,Stop,seated
12.7717,127,-1.32205,-0.354463,-9.7142,0.0135821,-0.0364853,-0.0324906,0.0,0.0,0.0,0.0,-3.86719,-1.75595,1.0,1.0,Stop,seated
12.8718,128,-1.36037,-0.277822,-9.7142,0.00958738,0.0292948,0.00213053,0.0,0.0,0.0,0.0,-3.86719,0.0,1.0,1.0,Stop,seated
12.9719,129,-1.38911,-0.296982,-9.64714,0.00958738,0.0921454,0.0468716,0.0,0.0,0.0,0.0,-3.33984,5.26817,1.0,1.0,Stop,seated
13.0909,130,-1.04423,-0.296982,-10.7009,0.0119842,0.127832,0.0556601,0.0,0.0,0.0,0.0,-2.63672,5.9072,1.0,1.0,Stop,extended
13.191,131,-0.651445,-1.22625,-9.44596,-0.0604538,-1.00454,-0.157127,0.0,0.0,0.0,0.0,-1.75781,8.77955,1.0,1.0,Stop,extended
13.2911,132,-4.31104,0.0479004,-8.31551,-0.000266316,-2.44558,0.0868191,0.0,0.0,0.0,0.0,-0.703125,10.5359,1.0,1.0,Stop,extended
13.3912,133,-8.25803,-0.603545,-7.597,0.0466053,-0.789095,-0.134756,0.0,0.0,0.0,0.0,0.351562,10.536,1.0,1.0,Stop,extended
13.4913,134,-4.01405,-0.143701,-7.13716,0.03036,0.379767,-0.0932106,0.0,0.0,0.0,0.0,1.40625,10.536,1.0,1.0,Stop,extended
13.5914,135,-7.48204,-0.268242,-8.46879,-0.0173105,0.252734,0.0593885,0.0,0.0,0.0,0.0,2.28516,8.7799,1.0,1.0,Stop,extended
13.6915,136,-7.14674,-0.479004,-7.92272,-0.0213053,0.0998685,0.087618,0.0,0.0,0.0,0.0,3.33984,10.5356,1.0,1.0,Stop,extended
13.7917,137,-6.28453,-0.325723,-7.63532,0.00372843,0.0793622,0.04048,0.0,0.0,0.0,0.0,4.21875,8.78005,1.0,1.0,Stop,extended
13.8918,138,-5.61393,-0.162861,-7.30002,0.0386158,0.0364853,-0.0231695,0.0,0.0,0.0,0.0,4.74609,5.26794,1.0,1.0,Stop,extended
13.9918,139,-5.40316,-0.134121,-6.9264,0.0396811,0.0908138,-0.0199737,0.0,0.0,0.0,0.0,4.92188,1.75629,1.0,1.0,Stop,extended
14.092,140,-5.69057,-0.0766406,-7.20422,-0.000532632,0.0609864,0.00852212,0.0,0.0,0.0,0.0,4.92188,0.0,1.0,1.0,Stop,extended
14.1921,141,-6.17915,-0.162861,-7.4054,-0.00506001,0.0111853,0.0418116,0.0,0.0,0.0,0.0,4.74609,-1.75592,1.0,1.0,Stop,extended
14.2922,142,-6.27495,-0.277822,-7.67364,0.00905475,-0.0548611,0.00932106,0.0,0.0,0.0,0.0,4.21875,-5.26788,1.0,1.0,Stop,extended
14.4053,143,-6.34201,-0.105381,-7.36708,0.0263653,-0.0988033,-0.00479369,0.0,0.0,0.0,0.0,3.33984,-7.76925,1.0,1.0,Stop,seated
14.5054,144,-6.62941,0.153281,-7.70238,0.0609864,0.4815,0.00559264,0.0,0.0,0.0,0.0,2.10938,-12.2917,1.0,1.0,Stop,seated
14.6055,145,-7.80776,0.0862207,-9.08191,0.0181095,2.19737,0.107592,0.0,0.0,0.0,0.0,1.05469,-10.5353,1.0,1.0,Stop,seated
14.7056,146,0.593965,-0.354463,-11.0363,0.0237021,2.58114,0.0929443,0.0,0.0,0.0,0.0,0.175781,-8.78036,1.0,1.0,Stop,seated
14.8057,147,-1.43701,-0.316143,-10.768,-0.0585895,-0.724912,0.123304,0.0,0.0,0.0,0.0,-0.703125,-8.78007,1.0,1.0,Stop,seated
14.9058,148,-1.46575,0.162861,-10.0112,-0.0231695,0.344347,-0.0420779,0.0,0.0,0.0,0.0,-1.75781,-10.536,1.0,1.0,Stop,seated
15.0059,149,-1.11129,-0.182021,-9.7621,0.0117179,-0.356331,-0.0790959,0.0,0.0,0.0,0.0,-2.63672,-8.77997,1.0,1.0,Stop,seated
15.106,150,-1.02507,-0.201182,-9.49386,0.015979,0.00266316,0.0340885,0.0,0.0,0.0,0.0,-3.33984,-7.02357,1.0,1.0,Stop,seated
15.2061,151,-1.52323,-0.249082,-9.7142,0.00346211,-0.0695085,0.0575243,0.0,0.0,0.0,0.0,-3.69141,-3.51189,1.0,1.0,Stop,seated
15.3062,152,-1.51365,-0.440684,-9.73336,0.00585895,-0.0442085,0.0194411,0.0,0.0,0.0,0.0,-3.69141,0.0,1.0,1.0,Stop,seated
15.4063,153,-1.43701,-0.354463,-9.84832,0.0114516,0.0234358,-0.0266316,0.0,0.0,0.0,0.0,-3.69141,0.0,1.0,1.0,Stop,seated
15.5064,154,-1.41785,-0.373623,-9.75252,0.0138484,0.0857538,0.00639159,0.0,0.0,0.0,0.0,-3.16406,5.26818,1.0,1.0,Stop,seated
15.6066,155,-1.37953,-0.277822,-9.7621,0.00292948,0.140349,0.0402137,0.0,0.0,0.0,0.0,-2.46094,7.02322,1.0,1.0,Stop,seated
15.7312,156,-0.958008,-0.306563,-9.58966,0.0146474,0.156328,0.0205063,0.0,0.0,0.0,0.0,-1.40625,8.46422,1.0,1.0,Stop,extended
15.8313,157,1.80105,-0.191602,-8.05685,0.0141148,-1.25968,-0.0817591,0.0,0.0,0.0,0.0,-0.351562,10.5357,1.0,1.0,Stop,extended
15.9314,158,-5.93965,0.373623,-8.27719,0.0266316,-2.6597,0.0279632,0.0,0.0,0.0,0.0,0.703125,10.5357,1.0,1.0,Stop,extended
16.0315,159,-10.1645,-0.306563,-8.31551,0.0681769,-1.04556,-0.0295611,0.0,0.0,0.0,0.0,1.58203,8.77969,1.0,1.0,Stop,extended
16.1316,160,-4.67508,-0.124541,-7.118,0.0785633,0.44315,-0.0346211,0.0,0.0,0.0,0.0,2.63672,10.5359,1.0,1.0,Stop,extended
16.2317,161,-7.24254,-0.402363,-8.12391,-0.00798948,0.351005,0.0527306,0.0,0.0,0.0,0.0,3.51562,8.77965,1.0,1.0,Stop,extended
16.3318,162,-6.72521,-0.268242,-7.81734,0.00372843,0.156328,0.0902812,0.0,0.0,0.0,0.0,4.21875,7.02478,1.0,1.0,Stop,extended
16.4319,163,-6.20789,-0.201182,-7.55868,0.00798948,0.0428769,0.0466053,0.0,0.0,0.0,0.0,4.74609,5.26769,1.0,1.0,Stop,extended
16.532,164,-5.82469,-0.268242,-7.77902,0.0300937,-0.00292948,-0.026099,0.0,0.0,0.0,0.0,4.92188,1.75604,1.0,1.0,Stop,extended
16.6321,165,-5.84385,-0.0574805,-7.3096,0.0231695,-0.0229032,-0.0218379,0.0,0.0,0.0,0.0,4.92188,0.0,1.0,1.0,Stop,extended
16.7322,166,-5.94923,-0.182021,-7.4054,-0.00932106,-0.0274306,0.00932106,0.0,0.0,0.0,0.0,4.57031,-3.51185,1.0,1.0,Stop,extended
16.8323,167,-6.00671,-0.124541,-7.47246,-0.0015979,-0.04048,0.0402137,0.0,0.0,0.0,0.0,3.86719,-7.02335,1.0,1.0,Stop,extended
16.9324,168,-5.93965,-0.239502,-7.43414,0.0114516,-0.077498,0.0199737,0.0,0.0,0.0,0.0,3.16406,-7.02335,1.0,1.0,Stop,extended
17.0459,169,-6.62941,-0.0958008,-7.33834,0.021039,-0.116646,-0.0119842,0.0,0.0,0.0,0.0,2.10938,-9.29261,1.0,1.0,Stop,seated
17.146,170,-9.05317,-0.162861,-8.28677,0.0271642,0.560862,-0.0255663,0.0,0.0,0.0,0.0,0.878906,-12.2913,1.0,1.0,Stop,seated
17.2461,171,-7.62574,-0.306563,-6.01629,0.0444748,2.33799,0.0964064,0.0,0.0,0.0,0.0,-0.175781,-10.5353,1.0,1.0,Stop,seated
17.3462,172,1.79147,0.0766406,-9.13939,0.0569916,2.26875,0.0655138,0.0,0.0,0.0,0.0,-1.05469,-8.77971,1.0,1.0,Stop,seated
17.4464,173,0.526904,-0.689766,-10.586,-0.0625843,-0.780839,0.101466,0.0,0.0,0.0,0.0,-1.93359,-8.77982,1.0,1.0,Stop,seated
17.5465,174,-1.08255,-0.373623,-9.6663,-0.01518,0.40267,-0.0508664,0.0,0.0,0.0,0.0,-2.63672,-7.02429,1.0,1.0,Stop,seated
17.6466,175,-0.613125,-0.258662,-9.45554,0.0242348,-0.326504,-0.0777643,0.0,0.0,0.0,0.0,-3.33984,-7.02406,1.0,1.0,Stop,seated
17.7467,176,-1.23583,-0.0383203,-9.63756,0.00452737,0.0695085,0.036219,0.0,0.0,0.0,0.0,-3.69141,-3.51194,1.0,1.0,Stop,seated
17.8468,177,-1.44659,-0.364043,-9.84832,-0.00506001,-0.00106526,0.0591222,0.0,0.0,0.0,0.0,-3.69141,0.0,1.0,1.0,Stop,seated
17.9469,178,-1.31247,-0.335303,-9.8579,0.0183758,0.0162453,0.00958738,0.0,0.0,0.0,0.0,-3.51562,1.75594,1.0,1.0,Stop,seated
18.047,179,-1.39869,-0.354463,-9.84832,0.0218379,0.0881506,-0.0322242,0.0,0.0,0.0,0.0,-2.98828,5.26793,1.0,1.0,Stop,seated
18.1471,180,-1.39869,-0.296982,-9.84832,0.00479369,0.144343,0.00852212,0.0,0.0,0.0,0.0,-2.46094,5.26822,1.0,1.0,Stop,seated
18.2472,181,-1.38911,-0.306563,-9.7142,0.00452737,0.18509,0.0492685,0.0,0.0,0.0,0.0,-1.40625,10.5355,1.0,1.0,Stop,seated
18.3669,182,-0.958008,-0.411943,-10.5093,0.021039,0.173638,0.0399474,0.0,0.0,0.0,0.0,-0.351562,8.8082,1.0,1.0,Stop,extended
18.467,183,2.38544,-0.843047,-10.3369,-0.0239685,-1.67753,-0.151534,0.0,0.0,0.0,0.0,0.878906,12.2914,1.0,1.0,Stop,extended
18.5671,184,-5.93965,0.306563,-8.27719,-0.0327569,-2.60883,0.0194411,0.0,0.0,0.0,0.0,1.93359,10.5353,1.0,1.0,Stop,extended
18.6672,185,-8.55501,0.287402,-8.62207,0.0567253,-1.13557,-0.107858,0.0,0.0,0.0,0.0,2.8125,8.77971,1.0,1.0,Stop,extended
18.7674,186,-5.36484,-0.0574805,-7.51078,0.0428769,0.252734,-0.0516653,0.0,0.0,0.0,0.0,3.51562,7.02412,1.0,1.0,Stop,extended
18.8675,187,-7.66406,-0.364043,-7.39582,-0.0194411,0.295611,0.0729706,0.0,0.0,0.0,0.0,4.21875,7.0238,1.0,1.0,Stop,extended
18.9676,188,-7.23296,-0.229922,-7.52994,-0.0306264,0.176301,0.0751011,0.0,0.0,0.0,0.0,4.74609,5.26782,1.0,1.0,Stop,extended
19.0677,189,-6.28453,-0.258662,-7.51078,0.0183758,0.0367516,0.026099,0.0,0.0,0.0,0.0,4.92188,1.75596,1.0,1.0,Stop,extended
19.1678,190,-5.74805,-0.201182,-7.52036,0.0428769,-0.0660464,-0.0279632,0.0,0.0,0.0,0.0,4.74609,-1.75583,1.0,1.0,Stop,extended
19.2679,191,-5.61393,-0.114961,-7.75028,0.0295611,-0.112918,-0.0197074,0.0,0.0,0.0,0.0,4.39453,-3.51186,1.0,1.0,Stop,extended
19.368,192,-5.77679,-0.114961,-7.60658,-0.000798948,-0.0506001,0.0287621,0.0,0.0,0.0,0.0,3.86719,-5.2678,1.0,1.0,Stop,extended
19.4681,193,-6.10251,-0.182021,-7.41498,-0.0114516,-0.0756338,0.0348874,0.0,0.0,0.0,0.0,2.98828,-8.77986,1.0,1.0,Stop,extended
19.5682,194,-6.17915,-0.220342,-7.28086,0.0098537,-0.114516,0.01518,0.0,0.0,0.0,0.0,2.10938,-8.77971,1.0,1.0,Stop,extended
19.6919,195,-6.11209,-0.373623,-6.7827,0.0218379,-0.124902,-0.0215716,0.0,0.0,0.0,0.0,0.703125,-11.3667,1.0,1.0,Stop,seated
19.792,196,-7.06052,-0.344883,-7.62574,0.11132,0.523045,-0.00719053,0.0,0.0,0.0,0.0,-0.527344,-12.2917,1.0,1.0,Stop,seated
19.8921,197,-8.75619,0.325723,-8.32509,0.0561927,2.14092,0.0737696,0.0,0.0,0.0,0.0,-1.40625,-8.77961,1.0,1.0,Stop,seated
19.9922,198,-0.440684,-0.450264,-9.15856,0.148338,2.52414,0.0641822,0.0,0.0,0.0,0.0,-2.28516,-8.77971,1.0,1.0,Stop,seated
20.0924,199,-0.431104,-0.306563,-10.768,-0.0625843,-0.721717,0.120109,0.0,0.0,0.0,0.0,-2.8125,-5.26789,1.0,1.0,Stop,seated
20.1925,200,-2.29922,0.134121,-9.5705,-0.0154463,0.485761,-0.0213053,0.0,0.0,0.0,0.0,-3.33984,-5.2678,1.0,1.0,Stop,seated
20.2926,201,-0.919688,-0.277822,-9.07233,0.0370179,-0.28842,-0.0671117,0.0,0.0,0.0,0.0,-3.69141,-3.51201,1.0,1.0,Stop,seated
20.3927,202,-1.34121,0.0766406,-9.32142,0.0199737,0.140615,0.0292948,0.0,0.0,0.0,0.0,-3.69141,0.0,1.0,1.0,Stop,seated
20.4928,203,-1.51365,-0.344883,-9.80042,-0.0111853,0.0695085,0.0506001,0.0,0.0,0.0,0.0,-3.33984,3.51193,1.0,1.0,Stop,seated
20.5929,204,-1.36995,-0.421523,-10.0687,-0.00932106,0.0905475,0.00878843,0.0,0.0,0.0,0.0,-2.8125,5.2678,1.0,1.0,Stop,seated
20.693,205,-1.33163,-0.316143,-9.94412,0.0162453,0.135821,-0.0175769,0.0,0.0,0.0,0.0,-2.10938,7.02396,1.0,1.0,Stop,seated
20.7931,206,-1.40827,-0.306563,-9.77168,0.00639159,0.177367,0.00932106,0.0,0.0,0.0,0.0,-1.23047,8.77963,1.0,1.0,Stop,seated
20.8932,207,-1.51365,-0.258662,-9.59924,0.01518,0.213852,0.0418116,0.0,0.0,0.0,0.0,0.0,12.292,1.0,1.0,Stop,seated
21.0277,208,-1.30289,-0.182021,-9.69504,0.01012,0.204264,0.0149137,0.0,0.0,0.0,0.0,1.23047,9.1501,1.0,1.0,Stop,extended
21.1278,209,0.00958008,-0.0191602,-10.6626,0.00692422,-1.21813,-0.167513,0.0,0.0,0.0,0.0,2.28516,10.5354,1.0,1.0,Stop,extended
21.2279,210,-4.19607,-0.0862207,-7.47246,-0.0178432,-2.73373,0.0343548,0.0,0.0,0.0,0.0,3.16406,8.77984,1.0,1.0,Stop,extended
21.328,211,-11.1608,0.153281,-8.89031,0.0671117,-1.04316,0.0205063,0.0,0.0,0.0,0.0,3.86719,7.02369,1.0,1.0,Stop,extended
21.4281,212,-4.5697,0.00958008,-7.24254,0.0348874,0.326504,-0.0146474,0.0,0.0,0.0,0.0,4.39453,5.26777,1.0,1.0,Stop,extended
21.5282,213,-6.60067,-0.488584,-7.95147,-0.0181095,0.186688,0.0524643,0.0,0.0,0.0,0.0,4.74609,3.51189,1.0,1.0,Stop,extended
21.6283,214,-6.7348,-0.210762,-7.8844,-0.000798948,0.0356864,0.0836233,0.0,0.0,0.0,0.0,4.92188,1.75593,1.0,1.0,Stop,extended
21.7284,215,-6.21747,-0.249082,-7.60658,0.0149137,-0.0692422,0.0298274,0.0,0.0,0.0,0.0,4.57031,-3.5119,1.0,1.0,Stop,extended
21.8285,216,-5.94923,-0.249082,-7.4054,0.0383495,-0.122239,-0.00798948,0.0,0.0,0.0,0.0,4.21875,-3.51199,1.0,1.0,Stop,extended
21.9286,217,-5.93965,-0.0766406,-7.41498,0.0229032,-0.136886,-0.0178432,0.0,0.0,0.0,0.0,3.51562,-7.02379,1.0,1.0,Stop,extended
22.0287,218,-5.99713,-0.124541,-7.49162,0.000266316,-0.115049,0.0284958,0.0,0.0,0.0,0.0,2.63672,-8.77967,1.0,1.0,Stop,extended
22.1288,219,-6.01629,-0.191602,-7.5491,-0.01012,-0.120908,0.0319579,0.0,0.0,0.0,0.0,1.58203,-10.5361,1.0,1.0,Stop,extended
22.2289,220,-6.32285,-0.220342,-7.79818,0.00452737,-0.131028,0.0114516,0.0,0.0,0.0,0.0,0.527344,-10.5357,1.0,1.0,Stop,extended
22.35,221,-6.19831,-0.210762,-7.4533,0.0322242,-0.14461,-0.03036,0.0,0.0,0.0,0.0,-0.703125,-10.1614,1.0,1.0,Stop,seated
22.4501,222,-7.13716,-0.143701,-7.52036,0.0548611,0.43809,-0.0199737,0.0,0.0,0.0,0.0,-1.93359,-12.2924,1.0,1.0,Stop,seated
22.5502,223,-7.0701,0.680186,-8.25803,-0.021039,2.2027,0.00932106,0.0,0.0,0.0,0.0,-2.63672,-7.02389,1.0,1.0,Stop,seated
22.6503,224,1.05381,0.105381,-7.58742,0.015979,2.70071,0.0679106,0.0,0.0,0.0,0.0,-3.16406,-5.26798,1.0,1.0,Stop,seated
22.7505,225,-2.0693,-0.220342,-10.3848,-0.0591222,-0.662861,0.113983,0.0,0.0,0.0,0.0,-3.51562,-3.51176,1.0,1.0,Stop,seated
22.8506,226,-1.17835,-0.210762,-9.68546,-0.0194411,0.513191,-0.0668453,0.0,0.0,0.0,0.0,-3.69141,-1.75597,1.0,1.0,Stop,seated
22.9507,227,-1.12087,-0.201182,-9.3789,0.0138484,-0.192813,-0.0524643,0.0,0.0,0.0,0.0,-3.69141,0.0,1.0,1.0,Stop,seated
23.0508,228,-0.996328,-0.0958008,-9.62798,0.01012,0.209324,0.0338221,0.0,0.0,0.0,0.0,-3.33984,3.51172,1.0,1.0,Stop,seated
23.1509,229,-1.63819,-0.344883,-9.8579,-0.00585895,0.103331,0.0633832,0.0,0.0,0.0,0.0,-2.63672,7.02385,1.0,1.0,Stop,seated
23.251,230,-1.62861,-0.392783,-9.87706,0.00506001,0.125701,0.0173105,0.0,0.0,0.0,0.0,-1.75781,8.77976,1.0,1.0,Stop,seated
23.3511,231,-1.46575,-0.383203,-9.84832,0.0183758,0.173105,-0.0370179,0.0,0.0,0.0,0.0,-0.878906,8.78005,1.0,1.0,Stop,seated
23.4512,232,-1.37953,-0.335303,-9.8579,0.00506001,0.211721,0.00292948,0.0,0.0,0.0,0.0,0.175781,10.536,1.0,1.0,Stop,seated
23.5513,233,-1.38911,-0.325723,-9.74294,0.0125169,0.219711,0.0527306,0.0,0.0,0.0,0.0,1.40625,12.2922,1.0,1.0,Stop,seated
23.6744,234,-1.33163,-0.258662,-9.69504,0.0130495,0.212787,0.03542,0.0,0.0,0.0,0.0,2.63672,9.99257,1.0,1.0,Stop,extended
23.7745,235,0.143701,0.0862207,-9.32142,-0.0239685,-1.02265,-0.0194411,0.0,0.0,0.0,0.0,3.51562,8.78001,1.0,1.0,Stop,extended
23.8746,236,-6.59109,-0.785566,-8.70829,-0.067378,-2.71696,-0.0548611,0.0,0.0,0.0,0.0,4.21875,7.02382,1.0,1.0,Stop,extended
23.9747,237,-7.27128,0.114961,-7.18506,0.0306264,-1.42799,-0.00958738,0.0,0.0,0.0,0.0,4.74609,5.26804,1.0,1.0,Stop,extended
24.0748,238,-5.18282,0.0479004,-7.24254,-0.0234358,0.300671,-0.114782,0.0,0.0,0.0,0.0,4.92188,1.75602,1.0,1.0,Stop,extended
24.1749,239,-7.37666,-0.459844,-8.09517,-0.03036,0.0593885,0.0119842,0.0,0.0,0.0,0.0,4.74609,-1.75594,1.0,1.0,Stop,extended
24.2751,240,-7.08926,-0.220342,-8.27719,-0.0135821,-0.10413,0.0468716,0.0,0.0,0.0,0.0,4.57031,-1.75596,1.0,1.0,Stop,extended
24.3752,241,-6.32285,-0.316143,-7.70238,0.00372843,-0.144876,0.0284958,0.0,0.0,0.0,0.0,4.21875,-3.51187,1.0,1.0,Stop,extended
24.4753,242,-5.75763,-0.201182,-7.25212,0.04048,-0.148072,0.00506001,0.0,0.0,0.0,0.0,3.33984,-8.77986,1.0,1.0,Stop,extended
24.5754,243,-5.71931,-0.124541,-7.1659,0.0239685,-0.136886,-0.00772317,0.0,0.0,0.0,0.0,2.46094,-8.77988,1.0,1.0,Stop,extended
24.6755,244,-5.78637,-0.134121,-7.32876,0.000266316,-0.119842,0.00692422,0.0,0.0,0.0,0.0,1.40625,-10.5359,1.0,1.0,Stop,extended
24.7756,245,-6.09293,-0.162861,-7.49162,-0.0162453,-0.135821,0.0181095,0.0,0.0,0.0,0.0,0.351562,-10.5363,1.0,1.0,Stop,extended
24.8757,246,-6.25579,-0.182021,-7.77902,0.00426106,-0.146208,0.00905475,0.0,0.0,0.0,0.0,-0.703125,-10.5358,1.0,1.0,Stop,extended
24.9919,247,-6.47613,-0.201182,-7.5012,0.0213053,-0.13156,0.000798948,0.0,0.0,0.0,0.0,-1.93359,-10.585,1.0,1.0,Stop,seated
25.092,248,-7.34792,-0.191602,-8.24845,0.105195,0.492418,-0.0532632,0.0,0.0,0.0,0.0,-2.8125,-8.77976,1.0,1.0,Stop,seated
25.1921,249,-8.81367,0.134121,-8.89031,0.0431432,2.3079,0.03542,0.0,0.0,0.0,0.0,-3.51562,-7.02355,1.0,1.0,Stop,seated
25.2922,250,-2.17468,-0.249082,-8.26761,0.130495,2.61549,0.0980043,0.0,0.0,0.0,0.0,-3.86719,-3.51199,1.0,1.0,Stop,seated
25.3924,251,-1.77231,-0.143701,-9.72378,-0.0292948,-0.484962,0.141946,0.0,0.0,0.0,0.0,-3.86719,0.0,1.0,1.0,Stop,seated
25.4925,252,-0.708926,-0.239502,-9.84832,-0.00772317,0.532366,-0.0119842,0.0,0.0,0.0,0.0,-3.69141,1.75606,1.0,1.0,Stop,seated
25.5926,253,-1.51365,-0.249082,-9.55134,0.0444748,-0.102798,-0.0692422,0.0,0.0,0.0,0.0,-3.33984,3.51192,1.0,1.0,Stop,seated
25.6927,254,-1.00591,-0.0766406,-9.2831,0.0314253,0.241549,0.0135821,0.0,0.0,0.0,0.0,-2.63672,7.02394,1.0,1.0,Stop,seated
25.7928,255,-1.35079,-0.143701,-9.6663,0.01518,0.17497,0.0737696,0.0,0.0,0.0,0.0,-1.75781,8.77917,1.0,1.0,Stop,seated
25.8929,256,-1.50407,-0.431104,-9.84832,0.00798948,0.181361,0.0308927,0.0,0.0,0.0,0.0,-0.703125,10.5363,1.0,1.0,Stop,seated
25.993,257,-1.30289,-0.344883,-10.0016,0.0189084,0.198139,-0.0378169,0.0,0.0,0.0,0.0,0.351562,10.5357,1.0,1.0,Stop,seated
26.0931,258,-1.41785,-0.306563,-9.80042,0.01012,0.21758,-0.00266316,0.0,0.0,0.0,0.0,1.40625,10.5359,1.0,1.0,Stop,seated
26.1932,259,-1.47533,-0.354463,-9.88664,0.00852212,0.225037,0.0532632,0.0,0.0,0.0,0.0,2.63672,12.2918,1.0,1.0,Stop,seated
26.3178,260,-1.26457,-0.402363,-9.69504,0.0106526,0.194677,0.0234358,0.0,0.0,0.0,0.0,3.69141,8.46305,1.0,1.0,Stop,extended
26.4179,261,-0.220342,-0.785566,-9.6663,0.0266316,-1.28977,-0.0487358,0.0,0.0,0.0,0.0,4.57031,8.77965,1.0,1.0,Stop,extended
26.518,262,-3.88951,-0.526904,-7.90356,-0.0873517,-2.58806,-0.0157127,0.0,0.0,0.0,0.0,4.92188,3.51187,1.0,1.0,Stop,extended
26.6181,263,-10.8734,-0.134121,-8.22929,0.0298274,-1.38245,0.0822917,0.0,0.0,0.0,0.0,5.27344,3.51198,1.0,1.0,Stop,extended
26.7182,264,-3.98531,-0.373623,-6.70606,-0.00639159,0.261522,-0.108391,0.0,0.0,0.0,0.0,4.92188,-3.51189,1.0,1.0,Stop,extended
26.8183,265,-6.72521,-0.431104,-7.77902,-0.0253,0.0609864,0.0237021,0.0,0.0,0.0,0.0,4.57031,-3.512,1.0,1.0,Stop,extended
26.9184,266,-6.72521,-0.0958008,-7.96105,-0.0183758,-0.117179,0.057258,0.0,0.0,0.0,0.0,4.04297,-5.26797,1.0,1.0,Stop,extended
27.0186,267,-6.39949,-0.411943,-7.70238,-0.0066579,-0.175236,0.0370179,0.0,0.0,0.0,0.0,3.33984,-7.02391,1.0,1.0,Stop,extended
27.1187,268,-5.97797,-0.0766406,-7.39582,0.0410127,-0.202667,-0.0263653,0.0,0.0,0.0,0.0,2.28516,-10.5356,1.0,1.0,Stop,extended
27.2188,269,-5.91091,-0.153281,-7.42456,0.0282295,-0.198672,-0.0114516,0.0,0.0,0.0,0.0,1.23047,-10.5355,1.0,1.0,Stop,extended
27.3189,270,-5.70015,-0.0862207,-7.30002,-0.000532632,-0.154463,0.0130495,0.0,0.0,0.0,0.0,0.175781,-10.5362,1.0,1.0,Stop,extended
27.419,271,-6.10251,-0.210762,-7.55868,-0.00852212,-0.14168,0.0279632,0.0,0.0,0.0,0.0,-1.05469,-12.2916,1.0,1.0,Stop,extended
27.5191,272,-6.26537,-0.162861,-7.7407,0.00506001,-0.127832,0.0133158,0.0,0.0,0.0,0.0,-2.10938,-10.5355,1.0,1.0,Stop,extended
27.6408,273,-5.59477,-0.229922,-7.41498,0.0221042,-0.0900148,-0.00932106,0.0,0.0,0.0,0.0,-2.98828,-7.2193,1.0,1.0,Stop,seated
27.7409,274,-7.70238,-0.0479004,-7.56826,0.0511327,0.573112,-0.021039,0.0,0.0,0.0,0.0,-3.86719,-8.77978,1.0,1.0,Stop,seated
27.841,275,-5.88217,-0.0574805,-6.51445,0.0378169,2.24052,0.0367516,0.0,0.0,0.0,0.0,-4.04297,-1.75605,1.0,1.0,Stop,seated
27.9411,276,2.7399,-0.958008,-8.09517,0.200536,2.7846,0.100934,0.0,0.0,0.0,0.0,-4.04297,0.0,1.0,1.0,Stop,seated
28.0412,277,-2.75906,-0.143701,-10.7297,-0.0242348,-0.512126,0.157127,0.0,0.0,0.0,0.0,-3.69141,3.51215,1.0,1.0,Stop,seated
28.1413,278,-0.910107,-0.0670606,-9.62798,-0.0175769,0.655138,-0.0543285,0.0,0.0,0.0,0.0,-3.33984,3.51196,1.0,1.0,Stop,seated
28.2414,279,-1.39869,-0.268242,-9.38848,0.0266316,-0.0751011,-0.0628506,0.0,0.0,0.0,0.0,-2.63672,7.02402,1.0,1.0,Stop,seated
28.3415,280,-1.08255,-0.153281,-9.4268,0.0314253,0.297741,0.0569916,0.0,0.0,0.0,0.0,-1.75781,8.78007,1.0,1.0,Stop,seated
28.4416,281,-1.59987,-0.344883,-9.88664,0.00878843,0.203466,0.0743022,0.0,0.0,0.0,0.0,-0.527344,12.2924,1.0,1.0,Stop,seated
28.5418,282,-1.41785,-0.364043,-9.94412,0.0223706,0.231429,0.0015979,0.0,0.0,0.0,0.0,0.878906,14.0479,1.0,1.0,Stop,seated
28.6418,283,-1.36037,-0.344883,-9.72378,0.0218379,0.214384,-0.0327569,0.0,0.0,0.0,0.0,1.75781,8.78589,1.0,1.0,Stop,seated
28.7419,284,-1.37953,-0.335303,-9.72378,0.0114516,0.214384,0.00585895,0.0,0.0,0.0,0.0,2.8125,10.5359,1.0,1.0,Stop,seated
28.842,285,-1.42743,-0.287402,-9.84832,0.0173105,0.210123,0.0535295,0.0,0.0,0.0,0.0,3.86719,10.5362,1.0,1.0,Stop,seated
28.9647,286,-1.21667,-0.354463,-9.93454,0.0255663,0.142213,0.0175769,0.0,0.0,0.0,0.0,4.74609,7.16435,1.0,1.0,Stop,extended
29.0648,287,1.79147,-1.30289,-8.85199,0.01012,-1.37392,-0.1265,0.0,0.0,0.0,0.0,5.27344,5.26749,1.0,1.0,Stop,extended
29.1649,288,-5.12534,-0.143701,-7.42456,-0.0215716,-2.74812,0.0378169,0.0,0.0,0.0,0.0,5.27344,0.0,1.0,1.0,Stop,extended
29.265,289,-10.0112,0.325723,-8.07601,0.0511327,-1.18431,-0.00639159,0.0,0.0,0.0,0.0,5.27344,0.0,1.0,1.0,Stop,extended
29.3651,290,-4.5218,-0.354463,-7.39582,0.00798948,0.159523,-0.0524643,0.0,0.0,0.0,0.0,4.74609,-5.26812,1.0,1.0,Stop,extended
29.4652,291,-6.26537,-0.431104,-7.70238,-0.0178432,0.0282295,0.0508664,0.0,0.0,0.0,0.0,4.04297,-7.02406,1.0,1.0,Stop,extended
29.5653,292,-6.55277,-0.249082,-7.7407,-0.0119842,-0.118244,0.0700411,0.0,0.0,0.0,0.0,3.33984,-7.02374,1.0,1.0,Stop,extended
29.6654,293,-6.32285,-0.182021,-7.60658,0.0167779,-0.206928,0.0287621,0.0,0.0,0.0,0.0,2.28516,-10.5357,1.0,1.0,Stop,extended
29.7655,294,-6.13125,-0.229922,-7.51078,0.0378169,-0.243946,-0.0167779,0.0,0.0,0.0,0.0,1.05469,-12.2916,1.0,1.0,Stop,extended
29.8656,295,-5.66183,-0.162861,-7.2138,0.0245011,-0.224238,-0.0130495,0.0,0.0,0.0,0.0,0.0,-10.5356,1.0,1.0,Stop,extended
29.9657,296,-5.71931,-0.0766406,-7.3096,-0.00292948,-0.16991,0.0218379,0.0,0.0,0.0,0.0,-1.23047,-12.291,1.0,1.0,Stop,extended
30.0658,297,-6.04503,-0.153281,-7.55868,-0.0114516,-0.128364,0.0292948,0.0,0.0,0.0,0.0,-2.28516,-10.5358,1.0,1.0,Stop,extended
30.1659,298,-6.22705,-0.239502,-7.7407,0.00532632,-0.097738,0.00585895,0.0,0.0,0.0,0.0,-3.16406,-8.78003,1.0,1.0,Stop,extended
30.2808,299,-6.26537,0.0479004,-7.42456,0.0263653,-0.0516653,-0.00932106,0.0,0.0,0.0,0.0,-3.86719,-6.1199,1.0,1.0,Stop,seated
30.3809,300,-9.15856,0.517324,-8.17181,0.0487358,0.643153,0.0213053,0.0,0.0,0.0,0.0,-4.39453,-5.26783,1.0,1.0,Stop,seated
30.481,301,-8.46879,-0.0574805,-7.98979,0.0609864,2.33639,0.0287621,0.0,0.0,0.0,0.0,-4.39453,0.0,1.0,1.0,Stop,seated
30.5811,302,0.0670606,-0.402363,-11.0458,0.0836233,2.84133,0.077498,0.0,0.0,0.0,0.0,-3.86719,5.26847,1.0,1.0,Stop,seated
30.6812,303,-0.823887,-1.13045,-9.96328,-0.0636496,-0.479369,0.121174,0.0,0.0,0.0,0.0,-3.33984,5.26893,1.0,1.0,Stop,seated
30.7813,304,-2.34712,-0.268242,-9.96328,0.0127832,0.698281,-0.0553938,0.0,0.0,0.0,0.0,-2.63672,7.02541,1.0,1.0,Stop,seated
30.8814,305,-1.09213,-0.258662,-9.62798,0.0199737,-0.0191748,-0.0703075,0.0,0.0,0.0,0.0,-1.75781,8.77934,1.0,1.0,Stop,seated
30.9815,306,-1.19751,-0.0766406,-9.4747,0.0146474,0.323041,0.0306264,0.0,0.0,0.0,0.0,-0.703125,10.5379,1.0,1.0,Stop,seated
31.0816,307,-1.41785,-0.210762,-9.84832,0.00692422,0.219444,0.0620517,0.0,0.0,0.0,0.0,0.703125,14.0492,1.0,1.0,Stop,seated
31.1817,308,-1.20709,-0.421523,-9.78126,0.00719053,0.201069,0.01518,0.0,0.0,0.0,0.0,1.75781,10.537,1.0,1.0,Stop,seated
31.2818,309,-1.26457,-0.316143,-9.77168,0.0114516,0.209591,-0.04048,0.0,0.0,0.0,0.0,2.98828,12.2908,1.0,1.0,Stop,seated
31.3819,310,-1.33163,-0.325723,-9.73336,0.0127832,0.203466,0.01012,0.0,0.0,0.0,0.0,3.86719,8.7802,1.0,1.0,Stop,seated
31.482,311,-1.43701,-0.316143,-9.73336,0.01518,0.178964,0.0556601,0.0,0.0,0.0,0.0,4.74609,8.77955,1.0,1.0,Stop,seated
31.5986,312,-1.29331,-0.344883,-9.48428,0.021039,0.133424,0.0340885,0.0,0.0,0.0,0.0,5.27344,4.52406,1.0,1.0,Stop,extended
31.6987,313,-0.0670606,-0.287402,-8.86157,-0.00932106,-1.81574,-0.135821,0.0,0.0,0.0,0.0,5.625,3.51181,1.0,1.0,Stop,extended
31.7988,314,-6.03545,-0.871787,-8.03769,-0.0924117,-2.71483,0.0503337,0.0,0.0,0.0,0.0,5.44922,-1.75587,1.0,1.0,Stop,extended
31.8989,315,-10.5572,0.0958008,-8.12391,0.0263653,-1.57659,-0.0237021,0.0,0.0,0.0,0.0,5.09766,-3.51224,1.0,1.0,Stop,extended
31.999,316,-4.64634,-0.162861,-7.20422,-0.0231695,0.164317,-0.052198,0.0,0.0,0.0,0.0,4.21875,-8.77969,1.0,1.0,Stop,extended
32.0991,317,-7.0701,-0.344883,-7.49162,-0.0316916,-0.0681769,0.0506001,0.0,0.0,0.0,0.0,3.33984,-8.7804,1.0,1.0,Stop,extended
