9.5129e-05,0,-1.47533,-0.258662,-9.65672,0.0133158,0.0125169,0.0223706,0.0,0.0,0.0,0.0,0.527344,0.0,1.0,1.0,None,seated
0.100194,1,-1.39869,-0.258662,-9.72378,0.0138484,0.0098537,0.0135821,0.0,0.0,0.0,0.0,0.527344,0.0,1.0,1.0,Nothing,seated
0.200296,2,-1.41785,-0.258662,-9.72378,0.01518,0.01518,0.010919,0.0,0.0,0.0,0.0,0.527344,0.0,1.0,1.0,Nothing,seated
0.300399,3,-1.41785,-0.306563,-9.70462,0.0111853,0.0175769,0.00878843,0.0,0.0,0.0,0.0,0.527344,0.0,1.0,1.0,Nothing,seated
0.400503,4,-1.42743,-0.287402,-9.69504,0.0133158,0.0170442,0.02024,0.0,0.0,0.0,0.0,0.527344,0.0,1.0,1.0,Nothing,seated
0.50061,5,-1.44659,-0.316143,-9.73336,0.00745685,0.0237021,0.0106526,0.0,0.0,0.0,0.0,0.527344,0.0,1.0,1.0,Nothing,seated
0.600709,6,-1.32205,-0.335303,-9.70462,0.0194411,0.0271642,0.0133158,0.0,0.0,0.0,0.0,0.527344,0.0,1.0,1.0,Nothing,seated
0.700814,7,-1.26457,-0.287402,-9.7621,0.0181095,0.04048,0.0205063,0.0,0.0,0.0,0.0,0.527344,0.0,1.0,1.0,Nothing,seated
0.800918,8,-1.24541,-0.268242,-9.7621,0.00878843,0.0495348,0.0157127,0.0,0.0,0.0,0.0,0.703125,1.75598,1.0,1.0,Nothing,seated
0.901022,9,-1.27415,-0.249082,-9.7621,0.010919,0.0612527,0.0183758,0.0,0.0,0.0,0.0,0.878906,1.75599,1.0,1.0,Nothing,seated
1.00112,10,-1.18793,-0.287402,-9.74294,0.00772317,0.0647148,0.00958738,0.0,0.0,0.0,0.0,1.23047,3.51225,1.0,1.0,Nothing,seated
1.10122,11,-1.18793,-0.325723,-9.78126,0.00532632,0.077498,0.0157127,0.0,0.0,0.0,0.0,1.58203,3.51197,1.0,1.0,Nothing,seated
1.20133,12,-1.12087,-0.258662,-9.78126,0.0125169,0.0857538,0.0135821,0.0,0.0,0.0,0.0,1.93359,3.51179,1.0,1.0,Nothing,seated
1.30144,13,-1.08255,-0.258662,-9.75252,0.0149137,0.0918791,0.0276969,0.0,0.0,0.0,0.0,2.28516,3.5119,1.0,1.0,Nothing,seated
1.4015,14,-1.08255,-0.277822,-9.78126,0.00772317,0.0980043,0.0250337,0.0,0.0,0.0,0.0,2.63672,3.51334,1.0,1.0,Nothing,seated
1.50161,15,-1.02507,-0.344883,-9.77168,0.00852212,0.0908138,0.00292948,0.0,0.0,0.0,0.0,3.16406,5.26785,1.0,1.0,Nothing,seated
1.60171,16,-0.938848,-0.344883,-9.74294,0.00905475,0.0988033,0.00292948,0.0,0.0,0.0,0.0,3.51562,3.51208,1.0,1.0,Nothing,seated
1.70182,17,-1.01549,-0.364043,-9.84832,0.00559264,0.0961401,0.00719053,0.0,0.0,0.0,0.0,3.86719,3.51184,1.0,1.0,Nothing,seated
1.80193,18,-0.843047,-0.287402,-9.78126,0.0162453,0.0924117,0.0119842,0.0,0.0,0.0,0.0,4.21875,3.51179,1.0,1.0,Nothing,seated
1.90203,19,-0.843047,-0.239502,-9.84832,0.00319579,0.0798948,0.0356864,0.0,0.0,0.0,0.0,4.57031,3.5118,1.0,1.0,Nothing,seated
2.00214,20,-0.795147,-0.258662,-9.74294,0.0066579,0.0785633,0.0119842,0.0,0.0,0.0,0.0,4.92188,3.51211,1.0,1.0,Nothing,seated
2.10224,21,-0.728086,-0.229922,-9.84832,0.0255663,0.067378,-0.000798948,0.0,0.0,0.0,0.0,5.09766,1.75593,1.0,1.0,Nothing,seated
2.20235,22,-0.737666,-0.201182,-9.84832,0.00852212,0.0604538,0.0335558,0.0,0.0,0.0,0.0,5.27344,1.75598,1.0,1.0,Nothing,seated
2.30245,23,-0.593965,-0.344883,-9.84832,0.0146474,0.0711064,0.02024,0.0,0.0,0.0,0.0,5.625,3.51198,1.0,1.0,Nothing,seated
2.40251,24,-0.593965,-0.383203,-9.84832,0.0231695,0.0556601,-0.00745685,0.0,0.0,0.0,0.0,5.80078,1.75681,1.0,1.0,Nothing,seated
2.50262,25,-0.574805,-0.354463,-9.79084,0.0106526,0.0532632,0.0106526,0.0,0.0,0.0,0.0,5.80078,0.0,1.0,1.0,Nothing,seated
2.60272,26,-0.670605,-0.402363,-9.84832,0.01518,0.0426106,0.0340885,0.0,0.0,0.0,0.0,5.97656,1.75591,1.0,1.0,Nothing,seated
2.70283,27,-0.661025,-0.354463,-9.84832,0.0133158,0.0279632,0.00798948,0.0,0.0,0.0,0.0,6.15234,1.75593,1.0,1.0,Nothing,seated
2.80294,28,-0.670605,-0.268242,-9.84832,0.01518,0.0181095,-0.00266316,0.0,0.0,0.0,0.0,5.97656,-1.75592,1.0,1.0,Nothing,seated
2.90304,29,-0.555645,-0.210762,-9.84832,0.00745685,0.0170442,0.0295611,0.0,0.0,0.0,0.0,5.97656,0.0,1.0,1.0,Nothing,seated
3.00315,30,-0.613125,-0.229922,-9.84832,0.00878843,0.0015979,0.0282295,0.0,0.0,0.0,0.0,5.97656,0.0,1.0,1.0,Nothing,seated
3.10326,31,-1.19751,-0.287402,-9.60882,0.0205063,-0.0529969,-0.0234358,0.0,0.0,0.0,0.0,5.625,-3.51197,1.0,1.0,Nothing,seated
3.20336,32,-1.18793,-0.258662,-9.58966,0.00798948,-0.0529969,-0.00852212,0.0,0.0,0.0,0.0,5.09766,-5.2678,1.0,1.0,Nothing,seated
3.30348,33,-1.29331,-0.306563,-9.64714,0.0066579,-0.103331,0.0450074,0.0,0.0,0.0,0.0,4.39453,-7.02317,1.0,1.0,Nothing,seated
3.40358,34,-1.42743,-0.364043,-9.74294,0.01012,-0.148338,0.0154463,0.0,0.0,0.0,0.0,3.33984,-10.5355,1.0,1.0,Nothing,seated
3.50371,35,-1.42743,-0.344883,-9.84832,0.0111853,-0.183492,-0.0178432,0.0,0.0,0.0,0.0,2.10938,-12.2898,1.0,1.0,Nothing,seated
3.60381,36,-1.45617,-0.268242,-9.78126,0.00213053,-0.210123,0.0154463,0.0,0.0,0.0,0.0,0.878906,-12.2918,1.0,1.0,Nothing,seated
3.70392,37,-1.43701,-0.239502,-9.84832,0.00905475,-0.227168,0.0298274,0.0,0.0,0.0,0.0,-0.527344,-14.0469,1.0,1.0,Nothing,seated
3.80403,38,-1.39869,-0.249082,-9.84832,0.00852212,-0.211721,0.00932106,0.0,0.0,0.0,0.0,-1.75781,-12.2918,1.0,1.0,Nothing,seated
3.90414,39,-1.40827,-0.249082,-9.7621,0.0149137,-0.190416,-0.00559264,0.0,0.0,0.0,0.0,-2.8125,-10.5354,1.0,1.0,Nothing,seated
4.00424,40,-1.37953,-0.287402,-9.74294,0.00426106,-0.152865,0.01518,0.0,0.0,0.0,0.0,-3.69141,-8.77965,1.0,1.0,Nothing,seated
4.10435,41,-1.34121,-0.316143,-9.7142,0.00585895,-0.0857538,0.015979,0.0,0.0,0.0,0.0,-4.39453,-7.02352,1.0,1.0,Nothing,seated
4.20443,42,-1.36995,-0.325723,-9.6663,0.01518,-0.0458064,0.0066579,0.0,0.0,0.0,0.0,-4.74609,-3.51278,1.0,1.0,Nothing,seated
4.3045,43,-1.36995,-0.316143,-9.70462,0.0114516,0.0149137,0.00958738,0.0,0.0,0.0,0.0,-4.74609,0.0,1.0,1.0,Nothing,seated
4.4046,44,-1.36995,-0.316143,-9.75252,0.00585895,0.0668453,0.0183758,0.0,0.0,0.0,0.0,-4.39453,3.51186,1.0,1.0,Nothing,seated
4.50471,45,-1.42743,-0.296982,-9.72378,0.0135821,0.125968,0.0170442,0.0,0.0,0.0,0.0,-3.69141,7.02374,1.0,1.0,Nothing,seated
4.60482,46,-1.41785,-0.239502,-9.73336,0.0117179,0.165116,0.00426106,0.0,0.0,0.0,0.0,-2.98828,7.02367,1.0,1.0,Nothing,seated
4.70493,47,-1.41785,-0.249082,-9.84832,0.0098537,0.209591,0.0162453,0.0,0.0,0.0,0.0,-1.93359,10.5355,1.0,1.0,Nothing,seated
4.80504,48,-1.39869,-0.277822,-9.84832,0.0194411,0.236222,0.0234358,0.0,0.0,0.0,0.0,-0.527344,14.0473,1.0,1.0,Nothing,seated
4.90515,49,-1.39869,-0.277822,-9.84832,0.0117179,0.252734,0.0141148,0.0,0.0,0.0,0.0,0.703125,12.291,1.0,1.0,Nothing,seated
5.00525,50,-1.39869,-0.296982,-9.79084,0.0149137,0.253,0.0178432,0.0,0.0,0.0,0.0,1.93359,12.2913,1.0,1.0,Nothing,seated
5.10536,51,-1.41785,-0.296982,-9.73336,0.0154463,0.240483,0.015979,0.0,0.0,0.0,0.0,3.16406,12.2917,1.0,1.0,Nothing,seated
5.20547,52,-1.42743,-0.325723,-9.74294,0.00745685,0.209324,0.0146474,0.0,0.0,0.0,0.0,4.21875,10.535,1.0,1.0,Nothing,seated
5.30558,53,-1.42743,-0.258662,-9.6663,0.0197074,0.170709,0.0138484,0.0,0.0,0.0,0.0,5.09766,8.77932,1.0,1.0,Nothing,seated
5.4057,54,-1.44659,-0.287402,-9.69504,0.0181095,0.12943,0.0135821,0.0,0.0,0.0,0.0,5.625,5.26754,1.0,1.0,Nothing,seated
5.50581,55,-1.38911,-0.277822,-9.62798,0.0066579,0.0711064,0.00852212,0.0,0.0,0.0,0.0,5.80078,1.75588,1.0,1.0,Nothing,seated
5.60592,56,-1.35079,-0.287402,-9.67588,0.0149137,0.0138484,0.0199737,0.0,0.0,0.0,0.0,5.625,-1.75588,1.0,1.0,Nothing,seated
5.70603,57,-1.37953,-0.249082,-9.6663,0.0119842,-0.0466053,0.00292948,0.0,0.0,0.0,0.0,5.27344,-3.51179,1.0,1.0,Nothing,seated
5.80613,58,-1.39869,-0.296982,-9.73336,0.00639159,-0.0966728,0.00745685,0.0,0.0,0.0,0.0,4.74609,-5.26797,1.0,1.0,Nothing,seated
5.90624,59,-1.40827,-0.277822,-9.70462,0.00292948,-0.143012,0.0098537,0.0,0.0,0.0,0.0,3.69141,-10.5354,1.0,1.0,Nothing,seated
6.00635,60,-1.38911,-0.306563,-9.70462,0.00585895,-0.173372,0.0138484,0.0,0.0,0.0,0.0,2.46094,-12.291,1.0,1.0,Nothing,seated
6.10645,61,-1.41785,-0.268242,-9.81,0.00479369,-0.206928,0.00932106,0.0,0.0,0.0,0.0,1.23047,-12.2922,1.0,1.0,Nothing,seated
6.2065,62,-1.41785,-0.249082,-9.84832,0.01012,-0.210656,0.021039,0.0,0.0,0.0,0.0,-0.351562,-15.8126,1.0,1.0,Nothing,seated
6.30658,63,-1.40827,-0.287402,-9.84832,0.00958738,-0.210123,0.0125169,0.0,0.0,0.0,0.0,-1.23047,-8.78239,1.0,1.0,Nothing,seated
6.40668,64,-1.41785,-0.287402,-9.84832,0.0119842,-0.187487,0.00559264,0.0,0.0,0.0,0.0,-2.46094,-12.2912,1.0,1.0,Nothing,seated
6.50679,65,-1.39869,-0.239502,-9.7621,0.0106526,-0.15686,0.0127832,0.0,0.0,0.0,0.0,-3.33984,-8.7794,1.0,1.0,Nothing,seated
6.60691,66,-1.36995,-0.287402,-9.74294,0.00479369,-0.118244,0.0154463,0.0,0.0,0.0,0.0,-4.04297,-7.02345,1.0,1.0,Nothing,seated
6.70701,67,-1.39869,-0.277822,-9.72378,0.00452737,-0.0633832,0.0119842,0.0,0.0,0.0,0.0,-4.39453,-3.51194,1.0,1.0,Nothing,seated
6.80711,68,-1.43701,-0.325723,-9.73336,0.00905475,-0.0114516,0.00452737,0.0,0.0,0.0,0.0,-4.57031,-1.75601,1.0,1.0,Nothing,seated
6.90722,69,-1.36995,-0.287402,-9.70462,0.0218379,0.0426106,0.015979,0.0,0.0,0.0,0.0,-4.39453,1.75593,1.0,1.0,Nothing,seated
7.00732,70,-1.38911,-0.277822,-9.7142,0.0162453,0.0990696,0.0189084,0.0,0.0,0.0,0.0,-4.04297,3.51221,1.0,1.0,Nothing,seated
7.10743,71,-1.39869,-0.287402,-9.79084,0.0218379,0.151534,0.01518,0.0,0.0,0.0,0.0,-3.16406,8.77959,1.0,1.0,Nothing,seated
7.20753,72,-1.44659,-0.258662,-9.7621,0.021039,0.194943,0.0167779,0.0,0.0,0.0,0.0,-2.28516,8.77982,1.0,1.0,Nothing,seated
7.30764,73,-1.41785,-0.287402,-9.78126,0.021039,0.221309,0.0157127,0.0,0.0,0.0,0.0,-1.05469,12.2907,1.0,1.0,Nothing,seated
7.40775,74,-1.46575,-0.249082,-9.84832,0.00532632,0.24794,0.0175769,0.0,0.0,0.0,0.0,0.527344,15.8039,1.0,1.0,Nothing,seated
7.50783,75,-1.45617,-0.325723,-9.84832,0.0191748,0.244745,0.0173105,0.0,0.0,0.0,0.0,1.58203,10.5378,1.0,1.0,Nothing,seated
7.60794,76,-1.45617,-0.296982,-9.7621,0.0205063,0.24075,0.01518,0.0,0.0,0.0,0.0,2.63672,10.5356,1.0,1.0,Nothing,seated
7.70805,77,-1.42743,-0.316143,-9.75252,0.0154463,0.223439,0.0135821,0.0,0.0,0.0,0.0,3.69141,10.5354,1.0,1.0,Nothing,seated
7.80816,78,-1.45617,-0.287402,-9.73336,0.0127832,0.184024,0.0191748,0.0,0.0,0.0,0.0,4.74609,10.5355,1.0,1.0,Nothing,seated
7.90827,79,-1.44659,-0.258662,-9.69504,0.0119842,0.144876,0.0111853,0.0,0.0,0.0,0.0,5.27344,5.26769,1.0,1.0,Nothing,seated
8.00838,80,-1.37953,-0.277822,-9.63756,0.0149137,0.0937433,0.0181095,0.0,0.0,0.0,0.0,5.625,3.51183,1.0,1.0,Nothing,seated
8.10849,81,-1.42743,-0.306563,-9.69504,0.010919,0.0418116,0.02024,0.0,0.0,0.0,0.0,5.625,0.0,1.0,1.0,Nothing,seated
8.20859,82,-1.41785,-0.287402,-9.64714,0.00932106,-0.0223706,0.015979,0.0,0.0,0.0,0.0,5.44922,-1.75599,1.0,1.0,Nothing,seated
8.3087,83,-1.37953,-0.325723,-9.69504,0.00719053,-0.071639,0.0119842,0.0,0.0,0.0,0.0,4.92188,-5.26773,1.0,1.0,Nothing,seated
8.40881,84,-1.41785,-0.306563,-9.69504,0.00692422,-0.115049,0.0117179,0.0,0.0,0.0,0.0,4.04297,-8.77955,1.0,1.0,Nothing,seated
8.50892,85,-1.39869,-0.335303,-9.75252,0.0146474,-0.156328,0.00932106,0.0,0.0,0.0,0.0,2.98828,-10.5353,1.0,1.0,Nothing,seated
8.609,86,-1.41785,-0.296982,-9.79084,0.00852212,-0.192014,0.0138484,0.0,0.0,0.0,0.0,1.58203,-14.0506,1.0,1.0,Nothing,seated
8.7091,87,-1.37953,-0.258662,-9.84832,0.0111853,-0.20533,0.0111853,0.0,0.0,0.0,0.0,0.527344,-10.5364,1.0,1.0,Nothing,seated
8.80921,88,-1.40827,-0.277822,-9.81,0.00559264,-0.204531,0.0141148,0.0,0.0,0.0,0.0,-0.703125,-12.2919,1.0,1.0,Nothing,seated
8.90931,89,-1.45617,-0.277822,-9.74294,0.00719053,-0.200003,0.0125169,0.0,0.0,0.0,0.0,-1.93359,-12.2914,1.0,1.0,Nothing,seated
9.00942,90,-1.41785,-0.239502,-9.73336,0.0141148,-0.173372,0.0127832,0.0,0.0,0.0,0.0,-2.98828,-10.5353,1.0,1.0,Nothing,seated
9.10953,91,-1.37953,-0.306563,-9.78126,0.00319579,-0.13662,0.0141148,0.0,0.0,0.0,0.0,-3.69141,-7.02382,1.0,1.0,Nothing,seated
9.20964,92,-1.43701,-0.296982,-9.74294,0.0146474,-0.0785633,0.0157127,0.0,0.0,0.0,0.0,-4.21875,-5.26772,1.0,1.0,Nothing,seated
9.30975,93,-1.40827,-0.296982,-9.69504,0.0106526,-0.041279,0.0114516,0.0,0.0,0.0,0.0,-4.57031,-3.51185,1.0,1.0,Nothing,seated
9.40986,94,-1.39869,-0.287402,-9.70462,0.0157127,0.010919,0.0133158,0.0,0.0,0.0,0.0,-4.39453,1.75588,1.0,1.0,Nothing,seated
9.50997,95,-1.41785,-0.306563,-9.74294,0.00745685,0.0878843,0.0157127,0.0,0.0,0.0,0.0,-4.04297,3.51168,1.0,1.0,Nothing,seated
9.61007,96,-1.42743,-0.249082,-9.68546,0.0119842,0.140881,0.02024,0.0,0.0,0.0,0.0,-3.33984,7.02392,1.0,1.0,Nothing,seated
9.71017,97,-1.36037,-0.277822,-9.75252,0.0130495,0.165382,0.0154463,0.0,0.0,0.0,0.0,-2.63672,7.02424,1.0,1.0,Nothing,seated
9.81028,98,-1.37953,-0.287402,-9.84832,0.00772317,0.213319,0.0125169,0.0,0.0,0.0,0.0,-1.40625,12.2915,1.0,1.0,Nothing,seated
9.91038,99,-1.42743,-0.258662,-9.84832,0.0215716,0.238087,0.0173105,0.0,0.0,0.0,0.0,-0.175781,12.2918,1.0,1.0,Nothing,seated
10.0105,100,-1.42743,-0.296982,-9.84832,0.0149137,0.242348,0.0157127,0.0,0.0,0.0,0.0,1.05469,12.2919,1.0,1.0,Nothing,seated
10.1106,101,-1.43701,-0.287402,-9.84832,0.00745685,0.236222,0.00958738,0.0,0.0,0.0,0.0,2.28516,12.2918,1.0,1.0,Nothing,seated
10.2107,102,-1.43701,-0.296982,-9.78126,0.0138484,0.223972,0.00852212,0.0,0.0,0.0,0.0,3.51562,12.2917,1.0,1.0,Stop,seated
10.3108,103,-1.42743,-0.277822,-9.73336,0.0194411,0.197074,0.0162453,0.0,0.0,0.0,0.0,4.39453,8.78126,1.0,1.0,Stop,seated
10.4109,104,-1.37953,-0.268242,-9.69504,0.0175769,0.153398,0.0106526,0.0,0.0,0.0,0.0,5.09766,7.02508,1.0,1.0,Stop,seated
10.511,105,-1.40827,-0.316143,-9.6663,0.0138484,0.111586,0.0127832,0.0,0.0,0.0,0.0,5.44922,3.51226,1.0,1.0,Stop,seated
10.6111,106,-1.42743,-0.258662,-9.70462,0.0066579,0.0628506,0.00905475,0.0,0.0,0.0,0.0,5.625,1.75618,1.0,1.0,Stop,seated
10.7238,107,-1.42743,-0.277822,-9.63756,0.0127832,-0.00532632,0.015979,0.0,0.0,0.0,0.0,5.44922,-1.55959,1.0,1.0,Stop,seated
10.8239,108,-1.42743,-0.287402,-9.63756,0.00585895,-0.0575243,0.0141148,0.0,0.0,0.0,0.0,4.92188,-5.26848,1.0,1.0,Stop,seated
10.924,109,-1.42743,-0.296982,-9.70462,0.01012,-0.107592,0.0135821,0.0,0.0,0.0,0.0,4.21875,-7.02449,1.0,1.0,Stop,seated
11.0241,110,-1.38911,-0.306563,-9.77168,0.0133158,-0.150735,0.02024,0.0,0.0,0.0,0.0,3.16406,-10.5371,1.0,1.0,Stop,seated
11.1241,111,-1.38911,-0.306563,-9.73336,0.00506001,-0.179763,0.0157127,0.0,0.0,0.0,0.0,1.93359,-12.2937,1.0,1.0,Stop,seated
11.2242,112,-1.39869,-0.306563,-9.84832,0.00878843,-0.201868,0.00639159,0.0,0.0,0.0,0.0,0.527344,-14.0506,1.0,1.0,Stop,seated
11.3243,113,-1.43701,-0.239502,-9.84832,0.00692422,-0.2024,0.01518,0.0,0.0,0.0,0.0,-0.527344,-10.5396,1.0,1.0,Stop,seated
11.4244,114,-1.42743,-0.296982,-9.77168,0.0125169,-0.194144,0.015979,0.0,0.0,0.0,0.0,-1.58203,-10.5378,1.0,1.0,Stop,seated
11.5245,115,-1.35079,-0.268242,-9.84832,0.00958738,-0.173638,0.0125169,0.0,0.0,0.0,0.0,-2.63672,-10.5373,1.0,1.0,Stop,seated
11.6246,116,-1.41785,-0.296982,-9.7621,0.00878843,-0.134756,0.00878843,0.0,0.0,0.0,0.0,-3.51562,-8.78099,1.0,1.0,Stop,seated
11.7247,117,-1.42743,-0.296982,-9.74294,0.0119842,-0.0972054,0.0114516,0.0,0.0,0.0,0.0,-4.04297,-5.26879,1.0,1.0,Stop,seated
11.8247,118,-1.39869,-0.306563,-9.68546,0.0125169,-0.0428769,0.0119842,0.0,0.0,0.0,0.0,-4.39453,-3.51233,1.0,1.0,Stop,seated
11.9248,119,-1.38911,-0.277822,-9.74294,0.00798948,0.00692422,0.0111853,0.0,0.0,0.0,0.0,-4.39453,0.0,1.0,1.0,Stop,seated
12.0468,120,-0.843047,-0.373623,-9.5705,0.00692422,0.0308927,0.0370179,0.0,0.0,0.0,0.0,-4.04297,2.88277,1.0,1.0,Stop,extended
12.1469,121,-0.421523,1.14961,-9.97286,0.0604538,-1.45302,-0.0585895,0.0,0.0,0.0,0.0,-3.33984,7.02472,1.0,1.0,Stop,extended
12.247,122,-3.99489,0.172441,-7.55868,0.00479369,-2.59339,0.0292948,0.0,0.0,0.0,0.0,-2.63672,7.02451,1.0,1.0,Stop,extended
12.3471,123,-11.0937,0.114961,-8.13349,0.077498,-0.895887,-0.104662,0.0,0.0,0.0,0.0,-1.58203,10.5369,1.0,1.0,Stop,extended
12.4472,124,-4.8092,-0.287402,-7.44372,0.0599211,0.449542,-0.0607201,0.0,0.0,0.0,0.0,-0.527344,10.5372,1.0,1.0,Stop,extended
12.5473,125,-5.88217,-0.220342,-7.29044,0.00719053,0.423443,0.0631169,0.0,0.0,0.0,0.0,0.527344,10.5372,1.0,1.0,Stop,extended
12.6474,126,-7.12758,-0.364043,-8.32509,-0.00452737,0.248739,0.105195,0.0,0.0,0.0,0.0,1.93359,14.049,1.0,1.0,Stop,extended
12.7474,127,-6.36117,-0.0958008,-7.73112,0.00452737,0.151534,0.0487358,0.0,0.0,0.0,0.0,2.98828,10.5376,1.0,1.0,Stop,extended
12.8475,128,-5.70973,-0.277822,-7.18506,0.0420779,0.109456,-0.0157127,0.0,0.0,0.0,0.0,3.86719,8.78513,1.0,1.0,Stop,extended
12.9476,129,-5.72889,-0.0574805,-7.20422,0.0306264,0.0972054,-0.02024,0.0,0.0,0.0,0.0,4.57031,7.02489,1.0,1.0,Stop,extended
13.0477,130,-5.65225,-0.201182,-7.37666,0.00639159,0.0916127,0.0135821,0.0,0.0,0.0,0.0,5.09766,5.26819,1.0,1.0,Stop,extended
13.1478,131,-6.19831,-0.162861,-7.597,-0.00479369,0.0721717,0.0439422,0.0,0.0,0.0,0.0,5.09766,0.0,1.0,1.0,Stop,extended
13.2479,132,-6.04503,-0.325723,-7.52036,0.00319579,0.0242348,0.0154463,0.0,0.0,0.0,0.0,5.09766,0.0,1.0,1.0,Stop,extended
13.353,133,-6.10251,-0.239502,-7.2617,0.0292948,-0.0407464,-0.000532632,0.0,0.0,0.0,0.0,4.57031,-5.0162,1.0,1.0,Stop,seated
13.4531,134,-7.08926,-0.172441,-7.0701,0.0508664,0.504403,-0.0300937,0.0,0.0,0.0,0.0,3.69141,-8.78101,1.0,1.0,Stop,seated
13.5532,135,-6.49529,0.258662,-8.17181,0.0199737,2.1236,0.0569916,0.0,0.0,0.0,0.0,2.8125,-8.78091,1.0,1.0,Stop,seated
13.6533,136,-0.201182,-0.661025,-8.47837,0.185622,2.75211,0.176035,0.0,0.0,0.0,0.0,1.93359,-8.78091,1.0,1.0,Stop,seated
13.7534,137,-0.239502,-0.699346,-10.0974,-0.0490022,-0.803209,0.173105,0.0,0.0,0.0,0.0,0.878906,-10.5376,1.0,1.0,Stop,seated
13.8534,138,-1.28373,-0.124541,-9.84832,-0.0234358,0.389088,-0.0447411,0.0,0.0,0.0,0.0,-0.527344,-14.0496,1.0,1.0,Stop,seated
13.9535,139,-1.43701,-0.220342,-9.56092,0.0298274,-0.429302,-0.0524643,0.0,0.0,0.0,0.0,-1.58203,-10.5384,1.0,1.0,Stop,seated
14.0536,140,-1.35079,-0.325723,-9.70462,0.0141148,-0.0450074,0.0253,0.0,0.0,0.0,0.0,-2.46094,-8.78095,1.0,1.0,Stop,seated
14.1537,141,-1.55197,-0.249082,-9.84832,-0.00106526,-0.153132,0.0543285,0.0,0.0,0.0,0.0,-3.33984,-8.78076,1.0,1.0,Stop,seated
14.2538,142,-1.41785,-0.411943,-9.84832,-0.00372843,-0.12144,0.0194411,0.0,0.0,0.0,0.0,-3.86719,-5.26882,1.0,1.0,Stop,seated
14.3539,143,-1.35079,-0.383203,-9.72378,0.0141148,-0.0548611,-0.0258327,0.0,0.0,0.0,0.0,-4.21875,-3.5123,1.0,1.0,Stop,seated
14.454,144,-1.34121,-0.325723,-9.70462,0.01012,0.0135821,0.0138484,0.0,0.0,0.0,0.0,-4.21875,0.0,1.0,1.0,Stop,seated
14.5541,145,-1.36037,-0.306563,-9.72378,0.0135821,0.0692422,0.0487358,0.0,0.0,0.0,0.0,-3.86719,3.51221,1.0,1.0,Stop,seated
14.6584,146,-1.33163,-0.239502,-9.84832,0.00932106,0.111853,0.0253,0.0,0.0,0.0,0.0,-3.33984,5.05461,1.0,1.0,Stop,extended
14.7585,147,1.36037,-1.32205,-8.88073,-0.0487358,-1.18777,-0.113717,0.0,0.0,0.0,0.0,-2.46094,8.78323,1.0,1.0,Stop,extended
14.8586,148,-3.81287,-0.536484,-7.97063,-0.0359527,-2.67967,-0.0535295,0.0,0.0,0.0,0.0,-1.58203,8.78105,1.0,1.0,Stop,extended
14.9587,149,-6.85934,-0.421523,-7.09884,0.0490022,-1.05248,0.0428769,0.0,0.0,0.0,0.0,-0.527344,10.5368,1.0,1.0,Stop,extended
15.0588,150,-4.6176,-0.364043,-7.43414,0.0338221,0.40986,-0.0378169,0.0,0.0,0.0,0.0,0.527344,10.5368,1.0,1.0,Stop,extended
15.1589,151,-7.89398,-0.335303,-8.58375,-0.0157127,0.306264,0.0511327,0.0,0.0,0.0,0.0,1.58203,10.5371,1.0,1.0,Stop,extended
15.259,152,-7.27128,-0.402363,-8.43047,-0.0255663,0.159257,0.0711064,0.0,0.0,0.0,0.0,2.63672,10.5369,1.0,1.0,Stop,extended
15.359,153,-6.18873,-0.373623,-7.71196,0.00958738,0.107858,0.0332895,0.0,0.0,0.0,0.0,3.69141,10.5368,1.0,1.0,Stop,extended
15.4591,154,-5.72889,-0.182021,-7.1659,0.0527306,0.0822917,-0.00852212,0.0,0.0,0.0,0.0,4.39453,7.02442,1.0,1.0,Stop,extended
15.5592,155,-5.51813,-0.124541,-7.04136,0.0319579,0.0812264,-0.0130495,0.0,0.0,0.0,0.0,4.74609,3.51234,1.0,1.0,Stop,extended
15.6593,156,-5.70015,-0.114961,-7.25212,-0.00133158,0.0764327,0.0170442,0.0,0.0,0.0,0.0,4.92188,1.75611,1.0,1.0,Stop,extended
15.7594,157,-6.11209,-0.210762,-7.62574,-0.0114516,0.0332895,0.0306264,0.0,0.0,0.0,0.0,4.92188,0.0,1.0,1.0,Stop,extended
15.8595,158,-6.11209,-0.258662,-7.62574,0.0130495,-0.00745685,0.0175769,0.0,0.0,0.0,0.0,4.39453,-5.26854,1.0,1.0,Stop,extended
15.9685,159,-5.86301,-0.220342,-7.52036,0.0218379,-0.077498,-0.0138484,0.0,0.0,0.0,0.0,3.69141,-6.44869,1.0,1.0,Stop,seated
16.0686,160,-8.44963,-0.0191602,-7.87482,0.0972054,0.253,-0.0703075,0.0,0.0,0.0,0.0,2.8125,-8.78105,1.0,1.0,Stop,seated
16.1687,161,-6.86892,-0.220342,-8.51669,0.0370179,2.00163,0.0181095,0.0,0.0,0.0,0.0,1.75781,-10.5368,1.0,1.0,Stop,seated
16.2688,162,-3.04646,-0.0958008,-10.1836,0.0628506,1.35608,0.0567253,0.0,0.0,0.0,0.0,0.527344,-12.2931,1.0,1.0,Stop,seated
16.3689,163,-0.680186,-0.737666,-10.3561,-0.0865527,-0.51905,0.149403,0.0,0.0,0.0,0.0,-0.175781,-7.02628,1.0,1.0,Stop,seated
16.469,164,-2.32796,-0.277822,-10.0303,-0.0199737,0.302002,-0.0484695,0.0,0.0,0.0,0.0,-1.40625,-12.2936,1.0,1.0,Stop,seated
16.5691,165,-0.555645,-0.220342,-9.38848,0.03542,-0.350206,-0.0561927,0.0,0.0,0.0,0.0,-2.28516,-8.78074,1.0,1.0,Stop,seated
16.6692,166,-1.47533,-0.325723,-9.92496,0.0194411,-0.0205063,0.0298274,0.0,0.0,0.0,0.0,-3.16406,-8.78063,1.0,1.0,Stop,seated
16.7693,167,-1.46575,-0.201182,-9.77168,0.0127832,-0.123038,0.0681769,0.0,0.0,0.0,0.0,-3.69141,-5.2689,1.0,1.0,Stop,seated
16.8694,168,-1.26457,-0.373623,-9.64714,0.00346211,-0.067378,0.00958738,0.0,0.0,0.0,0.0,-3.86719,-1.75621,1.0,1.0,Stop,seated
16.9695,169,-1.26457,-0.316143,-9.58008,0.0157127,-0.00452737,-0.0314253,0.0,0.0,0.0,0.0,-4.04297,-1.75616,1.0,1.0,Stop,seated
17.0695,170,-1.35079,-0.287402,-9.6184,0.0154463,0.0556601,-0.000266316,0.0,0.0,0.0,0.0,-3.86719,1.75726,1.0,1.0,Stop,seated
17.1696,171,-1.35079,-0.325723,-9.70462,0.00319579,0.113983,0.046339,0.0,0.0,0.0,0.0,-3.16406,7.02469,1.0,1.0,Stop,seated
17.2906,172,-1.27415,-0.402363,-9.91538,0.0167779,0.157659,0.0300937,0.0,0.0,0.0,0.0,-2.28516,7.26533,1.0,1.0,Stop,extended
17.3906,173,0.134121,-0.689766,-9.05317,0.0551274,-1.70176,-0.118777,0.0,0.0,0.0,0.0,-1.23047,10.537,1.0,1.0,Stop,extended
17.4907,174,-5.89175,0.0191602,-8.28677,-0.0721717,-2.6083,-0.0402137,0.0,0.0,0.0,0.0,-0.351562,8.78149,1.0,1.0,Stop,extended
17.5908,175,-7.2617,0.0766406,-7.3575,0.0740359,-1.37792,0.147273,0.0,0.0,0.0,0.0,0.703125,10.537,1.0,1.0,Stop,extended
17.6909,176,-3.84161,0.335303,-6.47613,0.00585895,0.312921,-0.10413,0.0,0.0,0.0,0.0,1.58203,8.78097,1.0,1.0,Stop,extended
17.791,177,-7.81734,-0.344883,-8.39215,-0.0439422,0.14674,0.0583232,0.0,0.0,0.0,0.0,2.63672,10.537,1.0,1.0,Stop,extended
17.8911,178,-7.06052,-0.249082,-8.29635,-0.0287621,0.0652474,0.0599211,0.0,0.0,0.0,0.0,3.51562,8.78051,1.0,1.0,Stop,extended
17.9912,179,-6.28453,-0.344883,-7.79818,-0.00106526,0.0697748,0.0356864,0.0,0.0,0.0,0.0,4.39453,8.78101,1.0,1.0,Stop,extended
18.0913,180,-5.67141,-0.220342,-7.24254,0.0340885,0.0814927,0.00585895,0.0,0.0,0.0,0.0,4.74609,3.51234,1.0,1.0,Stop,extended
18.1914,181,-5.39358,-0.105381,-7.2617,0.0380832,0.0841559,-0.00878843,0.0,0.0,0.0,0.0,4.74609,0.0,1.0,1.0,Stop,extended
18.2915,182,-5.68099,-0.0670606,-7.15632,0.000798948,0.051399,0.0255663,0.0,0.0,0.0,0.0,4.74609,0.0,1.0,1.0,Stop,extended
18.3916,183,-6.19831,-0.239502,-7.62574,-0.0146474,-0.0167779,0.0221042,0.0,0.0,0.0,0.0,4.21875,-5.26873,1.0,1.0,Stop,extended
18.4917,184,-6.33243,-0.210762,-7.7407,0.00133158,-0.0841559,0.00719053,0.0,0.0,0.0,0.0,3.69141,-5.26858,1.0,1.0,Stop,extended
18.6,185,-6.00671,-0.191602,-7.4054,0.0221042,-0.122772,-0.000798948,0.0,0.0,0.0,0.0,2.63672,-9.73164,1.0,1.0,Stop,seated
18.7001,186,-8.42089,0.364043,-6.56235,0.107325,0.632234,0.00772317,0.0,0.0,0.0,0.0,1.58203,-10.5375,1.0,1.0,Stop,seated
18.8002,187,-5.11576,-0.593965,-7.118,0.0500674,2.28393,0.125435,0.0,0.0,0.0,0.0,0.527344,-10.5372,1.0,1.0,Stop,seated
18.9003,188,-2.48124,-0.258662,-9.8579,0.0980043,2.41708,0.0292948,0.0,0.0,0.0,0.0,-0.527344,-10.5373,1.0,1.0,Stop,seated
19.0004,189,0.584385,-0.574805,-10.4902,-0.0607201,-0.717722,0.156061,0.0,0.0,0.0,0.0,-1.23047,-7.02551,1.0,1.0,Stop,seated
19.1005,190,-2.57704,-0.210762,-9.6663,-0.0287621,0.34195,-0.0386158,0.0,0.0,0.0,0.0,-2.28516,-10.5373,1.0,1.0,Stop,seated
19.2006,191,-0.479004,-0.306563,-9.48428,0.0300937,-0.330765,-0.087618,0.0,0.0,0.0,0.0,-3.16406,-8.78086,1.0,1.0,Stop,seated
19.3007,192,-1.01549,-0.0670606,-9.51302,0.02024,0.0223706,0.0189084,0.0,0.0,0.0,0.0,-3.69141,-5.26857,1.0,1.0,Stop,seated
19.4008,193,-1.35079,-0.296982,-9.68546,0.00346211,-0.0348874,0.0801611,0.0,0.0,0.0,0.0,-3.86719,-1.75626,1.0,1.0,Stop,seated
19.5009,194,-1.35079,-0.364043,-9.84832,0.0,-0.0157127,0.0221042,0.0,0.0,0.0,0.0,-3.86719,0.0,1.0,1.0,Stop,seated
19.601,195,-1.30289,-0.383203,-9.86748,0.0205063,0.0418116,-0.036219,0.0,0.0,0.0,0.0,-3.69141,1.7562,1.0,1.0,Stop,seated
19.701,196,-1.39869,-0.335303,-9.84832,0.0098537,0.104396,0.00346211,0.0,0.0,0.0,0.0,-3.16406,5.26861,1.0,1.0,Stop,seated
19.8011,197,-1.36037,-0.306563,-9.7621,0.00745685,0.156328,0.0543285,0.0,0.0,0.0,0.0,-2.28516,8.78091,1.0,1.0,Stop,seated
19.9143,198,-0.756826,-0.469424,-9.54176,0.0213053,0.177899,0.0348874,0.0,0.0,0.0,0.0,-1.23047,9.32064,1.0,1.0,Stop,extended
20.0144,199,1.70525,-0.210762,-9.2831,0.0258327,-1.10708,-0.0495348,0.0,0.0,0.0,0.0,-0.175781,10.537,1.0,1.0,Stop,extended
20.1145,200,-6.32285,-0.402363,-10.0495,-0.0636496,-2.69459,-0.0660464,0.0,0.0,0.0,0.0,0.878906,10.537,1.0,1.0,Stop,extended
20.2146,201,-9.35974,0.0,-8.71787,0.0625843,-1.01759,-0.139017,0.0,0.0,0.0,0.0,1.93359,10.5373,1.0,1.0,Stop,extended
20.3147,202,-5.95881,0.0766406,-7.67364,-0.00426106,0.377903,-0.105461,0.0,0.0,0.0,0.0,2.63672,7.02508,1.0,1.0,Stop,extended
20.4147,203,-7.17548,-0.622705,-8.28677,-0.0149137,0.254598,0.0442085,0.0,0.0,0.0,0.0,3.51562,8.78118,1.0,1.0,Stop,extended
20.5148,204,-7.118,-0.191602,-8.31551,-0.0170442,0.0846885,0.0745685,0.0,0.0,0.0,0.0,4.21875,7.02459,1.0,1.0,Stop,extended
20.6149,205,-6.24621,-0.402363,-7.70238,0.0098537,0.0263653,0.036219,0.0,0.0,0.0,0.0,4.57031,3.51235,1.0,1.0,Stop,extended
20.715,206,-5.78637,-0.134121,-7.22338,0.0447411,-0.0135821,-0.00719053,0.0,0.0,0.0,0.0,4.74609,1.75626,1.0,1.0,Stop,extended
20.8151,207,-5.69057,-0.0670606,-7.15632,0.0375506,-0.0197074,-0.00852212,0.0,0.0,0.0,0.0,4.57031,-1.75618,1.0,1.0,Stop,extended
20.9152,208,-5.84385,-0.134121,-7.30002,-0.00426106,-0.0319579,0.0215716,0.0,0.0,0.0,0.0,4.21875,-3.51256,1.0,1.0,Stop,extended
21.0153,209,-6.11209,-0.172441,-7.63532,-0.015979,-0.0490022,0.0274306,0.0,0.0,0.0,0.0,3.51562,-7.02506,1.0,1.0,Stop,extended
21.1154,210,-6.10251,-0.287402,-7.52036,0.0178432,-0.0958738,0.0175769,0.0,0.0,0.0,0.0,2.63672,-8.78063,1.0,1.0,Stop,extended
21.2289,211,-6.64857,-0.153281,-7.63532,0.0292948,-0.125968,0.00639159,0.0,0.0,0.0,0.0,1.58203,-9.29434,1.0,1.0,Stop,seated
21.329,212,-7.22338,0.0862207,-8.34425,0.132625,0.574977,-0.0660464,0.0,0.0,0.0,0.0,0.351562,-12.2932,1.0,1.0,Stop,seated
21.4291,213,-6.91682,0.287402,-8.52627,0.036219,2.18273,-0.00745685,0.0,0.0,0.0,0.0,-0.703125,-10.5363,1.0,1.0,Stop,seated
21.5292,214,0.593965,-0.344883,-7.5491,0.172307,2.66662,0.109722,0.0,0.0,0.0,0.0,-1.58203,-8.7808,1.0,1.0,Stop,seated
21.6292,215,-2.47166,-0.536484,-11.0842,-0.10413,-0.684965,0.175502,0.0,0.0,0.0,0.0,-2.28516,-7.02491,1.0,1.0,Stop,seated
21.7293,216,-2.15552,-0.201182,-9.67588,-0.01012,0.437557,-0.0263653,0.0,0.0,0.0,0.0,-2.98828,-7.02513,1.0,1.0,Stop,seated
21.8294,217,-0.584385,-0.201182,-9.58008,0.0380832,-0.296144,-0.0708401,0.0,0.0,0.0,0.0,-3.69141,-7.02513,1.0,1.0,Stop,seated
21.9295,218,-1.38911,-0.287402,-9.58966,0.0106526,0.0860201,0.0197074,0.0,0.0,0.0,0.0,-3.86719,-1.75615,1.0,1.0,Stop,seated
22.0296,219,-1.59029,-0.277822,-9.84832,0.0111853,0.0218379,0.0729706,0.0,0.0,0.0,0.0,-3.69141,1.75611,1.0,1.0,Stop,seated
22.1297,220,-1.37953,-0.392783,-9.9058,0.00426106,0.0474043,0.0298274,0.0,0.0,0.0,0.0,-3.51562,1.75628,1.0,1.0,Stop,seated
22.2298,221,-1.36995,-0.383203,-9.81,0.0138484,0.098537,-0.0322242,0.0,0.0,0.0,0.0,-2.98828,5.26842,1.0,1.0,Stop,seated
22.3299,222,-1.33163,-0.287402,-9.7621,0.0146474,0.148871,-0.00479369,0.0,0.0,0.0,0.0,-2.28516,7.02511,1.0,1.0,Stop,seated
22.43,223,-1.40827,-0.296982,-9.74294,0.0162453,0.18509,0.0506001,0.0,0.0,0.0,0.0,-1.40625,8.78034,1.0,1.0,Stop,seated
22.554,224,-0.823887,-0.421523,-9.4747,0.00719053,0.169111,0.0660464,0.0,0.0,0.0,0.0,0.0,11.3347,1.0,1.0,Stop,extended
22.6541,225,0.852627,0.450264,-9.5705,0.0253,-1.58538,-0.145675,0.0,0.0,0.0,0.0,1.05469,10.5367,1.0,1.0,Stop,extended
22.7542,226,-6.89766,0.603545,-8.55501,-0.0197074,-2.5063,0.0631169,0.0,0.0,0.0,0.0,2.10938,10.5368,1.0,1.0,Stop,extended
22.8543,227,-9.50344,-0.364043,-8.78493,0.0506001,-0.653273,-0.102532,0.0,0.0,0.0,0.0,2.8125,7.02459,1.0,1.0,Stop,extended
22.9544,228,-4.5218,-0.153281,-7.44372,0.061519,0.228766,-0.0370179,0.0,0.0,0.0,0.0,3.69141,8.78088,1.0,1.0,Stop,extended
23.0545,229,-5.71931,-0.344883,-7.24254,0.00213053,0.341151,0.0671117,0.0,0.0,0.0,0.0,4.21875,5.26853,1.0,1.0,Stop,extended
23.1546,230,-6.06419,-0.191602,-7.24254,-0.0154463,0.161654,0.0980043,0.0,0.0,0.0,0.0,4.57031,3.51245,1.0,1.0,Stop,extended
23.2547,231,-6.16957,-0.268242,-7.42456,0.01012,0.00479369,0.0319579,0.0,0.0,0.0,0.0,4.74609,1.75614,1.0,1.0,Stop,extended
23.3548,232,-6.33243,-0.143701,-8.01853,0.0388822,-0.0418116,-0.0300937,0.0,0.0,0.0,0.0,4.21875,-5.26882,1.0,1.0,Stop,extended
23.4549,233,-6.38033,-0.0479004,-7.75986,0.0239685,-0.125968,-0.0191748,0.0,0.0,0.0,0.0,4.04297,-1.75654,1.0,1.0,Stop,extended
23.555,234,-5.95881,-0.134121,-7.60658,-0.00213053,-0.11931,0.0213053,0.0,0.0,0.0,0.0,3.33984,-7.02489,1.0,1.0,Stop,extended
23.6551,235,-6.21747,-0.153281,-7.32876,-0.0117179,-0.110255,0.0388822,0.0,0.0,0.0,0.0,2.46094,-8.78084,1.0,1.0,Stop,extended
23.7551,236,-6.11209,-0.249082,-7.57784,0.0146474,-0.118244,0.0183758,0.0,0.0,0.0,0.0,1.40625,-10.5369,1.0,1.0,Stop,extended
23.8812,237,-6.20789,-0.450264,-7.2617,0.0181095,-0.154463,-0.0189084,0.0,0.0,0.0,0.0,0.175781,-9.76345,1.0,1.0,Stop,seated
23.9813,238,-7.00304,0.392783,-7.86524,0.0545948,0.566454,0.0114516,0.0,0.0,0.0,0.0,-1.05469,-12.2933,1.0,1.0,Stop,seated
24.0814,239,-7.1659,0.0958008,-9.35974,0.00346211,2.17181,0.0149137,0.0,0.0,0.0,0.0,-1.93359,-8.78063,1.0,1.0,Stop,seated
24.1815,240,-0.747246,-0.191602,-9.08191,0.0535295,2.79552,0.0617853,0.0,0.0,0.0,0.0,-2.63672,-7.02484,1.0,1.0,Stop,seated
24.2815,241,-2.76864,-0.469424,-10.0782,-0.0410127,-0.704406,0.143811,0.0,0.0,0.0,0.0,-3.16406,-5.27168,1.0,1.0,Stop,seated
24.3816,242,-1.04423,-0.114961,-9.60882,-0.0231695,0.485494,-0.0431432,0.0,0.0,0.0,0.0,-3.69141,-5.26888,1.0,1.0,Stop,seated
24.4817,243,-1.21667,-0.325723,-9.51302,0.0146474,-0.238619,-0.0745685,0.0,0.0,0.0,0.0,-3.86719,-1.75603,1.0,1.0,Stop,seated
24.5818,244,-1.07297,-0.162861,-9.58008,0.00585895,0.151001,0.0231695,0.0,0.0,0.0,0.0,-3.69141,1.75624,1.0,1.0,Stop,seated
24.6819,245,-1.60945,-0.344883,-9.84832,-0.000266316,0.067378,0.0604538,0.0,0.0,0.0,0.0,-3.33984,3.5124,1.0,1.0,Stop,seated
24.7819,246,-1.60945,-0.392783,-9.9058,0.0205063,0.0908138,0.0197074,0.0,0.0,0.0,0.0,-2.63672,7.02494,1.0,1.0,Stop,seated
24.882,247,-1.35079,-0.383203,-9.74294,0.0199737,0.14674,-0.0276969,0.0,0.0,0.0,0.0,-1.93359,7.02488,1.0,1.0,Stop,seated
24.9821,248,-1.36995,-0.344883,-9.84832,0.0157127,0.194677,0.00878843,0.0,0.0,0.0,0.0,-1.05469,8.78091,1.0,1.0,Stop,seated
25.0822,249,-1.36037,-0.287402,-9.84832,0.00266316,0.219977,0.051399,0.0,0.0,0.0,0.0,0.175781,12.293,1.0,1.0,Stop,seated
25.223,250,-0.728086,-0.0287402,-11.6973,-0.00532632,0.146208,0.071639,0.0,0.0,0.0,0.0,1.58203,9.9858,1.0,1.0,Stop,extended
25.3231,251,-0.536484,0.0670606,-10.3369,0.0868191,-1.55848,-0.129163,0.0,0.0,0.0,0.0,2.63672,10.5373,1.0,1.0,Stop,extended
25.4232,252,-2.79738,-0.986748,-5.59477,0.00532632,-2.38806,0.04048,0.0,0.0,0.0,0.0,3.51562,8.78126,1.0,1.0,Stop,extended
25.5233,253,-7.67364,-0.479004,-6.88808,0.0447411,-0.854342,0.00559264,0.0,0.0,0.0,0.0,4.04297,5.26846,1.0,1.0,Stop,extended
25.6234,254,-5.24988,-0.354463,-7.09884,0.0356864,0.254865,-0.02024,0.0,0.0,0.0,0.0,4.57031,5.26839,1.0,1.0,Stop,extended
25.7235,255,-5.69057,-0.239502,-7.49162,-0.010919,0.227168,0.0524643,0.0,0.0,0.0,0.0,4.74609,1.75618,1.0,1.0,Stop,extended
25.8236,256,-6.28453,-0.191602,-7.46288,-0.0154463,0.0575243,0.066579,0.0,0.0,0.0,0.0,4.57031,-1.75628,1.0,1.0,Stop,extended
25.9237,257,-6.18873,-0.287402,-7.52994,0.0183758,-0.0687096,0.0274306,0.0,0.0,0.0,0.0,4.39453,-1.75614,1.0,1.0,Stop,extended
26.0238,258,-5.88217,-0.172441,-7.28086,0.0348874,-0.147006,-0.0178432,0.0,0.0,0.0,0.0,3.69141,-7.02476,1.0,1.0,Stop,extended
26.1239,259,-5.76721,-0.114961,-7.32876,0.0183758,-0.16698,-0.0138484,0.0,0.0,0.0,0.0,2.98828,-7.02462,1.0,1.0,Stop,extended
26.224,260,-5.86301,-0.124541,-7.4054,-0.01518,-0.156594,0.010919,0.0,0.0,0.0,0.0,1.93359,-10.5373,1.0,1.0,Stop,extended
26.3241,261,-6.04503,-0.191602,-7.55868,-0.0119842,-0.141414,0.0319579,0.0,0.0,0.0,0.0,0.878906,-10.5383,1.0,1.0,Stop,extended
26.4241,262,-6.09293,-0.249082,-7.597,0.0178432,-0.142745,0.0098537,0.0,0.0,0.0,0.0,-0.175781,-10.537,1.0,1.0,Stop,extended
26.5384,263,-6.13125,-0.105381,-7.51078,0.0237021,-0.137952,-0.0183758,0.0,0.0,0.0,0.0,-1.23047,-9.22871,1.0,1.0,Stop,seated
26.6385,264,-6.10251,0.0479004,-6.47613,0.0940096,0.33902,0.00319579,0.0,0.0,0.0,0.0,-2.46094,-12.2971,1.0,1.0,Stop,seated
26.7386,265,-6.16957,0.258662,-9.55134,-0.00452737,2.43147,0.0245011,0.0,0.0,0.0,0.0,-3.16406,-7.02504,1.0,1.0,Stop,seated
26.8387,266,0.0574805,0.143701,-7.62574,0.0812264,2.47674,0.0423443,0.0,0.0,0.0,0.0,-3.51562,-3.51256,1.0,1.0,Stop,seated
26.9388,267,-1.53281,-0.153281,-9.65672,-0.0703075,-0.558465,0.113184,0.0,0.0,0.0,0.0,-3.69141,-1.75613,1.0,1.0,Stop,seated
27.0389,268,-1.43701,-0.134121,-9.62798,-0.00213053,0.526507,-0.0418116,0.0,0.0,0.0,0.0,-3.86719,-1.75621,1.0,1.0,Stop,seated
27.1389,269,-0.977168,-0.0958008,-10.0112,0.0335558,-0.146474,-0.0641822,0.0,0.0,0.0,0.0,-3.69141,1.75623,1.0,1.0,Stop,seated
27.239,270,-1.06339,-0.258662,-9.6663,0.00213053,0.221309,0.0340885,0.0,0.0,0.0,0.0,-3.33984,3.51235,1.0,1.0,Stop,seated
27.3391,271,-1.38911,-0.191602,-9.84832,0.000532632,0.103331,0.0588559,0.0,0.0,0.0,0.0,-2.63672,7.02447,1.0,1.0,Stop,seated
27.4392,272,-1.21667,-0.364043,-9.74294,0.0127832,0.139816,0.02024,0.0,0.0,0.0,0.0,-1.58203,10.5368,1.0,1.0,Stop,seated
27.5393,273,-1.33163,-0.344883,-9.9058,0.0178432,0.193878,-0.0298274,0.0,0.0,0.0,0.0,-0.527344,10.5371,1.0,1.0,Stop,seated
27.6394,274,-1.37953,-0.335303,-9.84832,0.0178432,0.22264,0.00426106,0.0,0.0,0.0,0.0,0.527344,10.538,1.0,1.0,Stop,seated
27.7395,275,-1.38911,-0.306563,-9.78126,0.00532632,0.229564,0.0537959,0.0,0.0,0.0,0.0,1.58203,10.5378,1.0,1.0,Stop,seated
27.8622,276,-1.15919,-0.306563,-10.0208,0.0239685,0.182693,0.036219,0.0,0.0,0.0,0.0,2.8125,10.0296,1.0,1.0,Stop,extended
27.9623,277,0.536484,-0.603545,-8.51669,-0.0332895,-1.02452,-0.153931,0.0,0.0,0.0,0.0,3.69141,8.78045,1.0,1.0,Stop,extended
28.0624,278,-5.89175,-0.201182,-7.46288,-0.0292948,-2.82242,0.0335558,0.0,0.0,0.0,0.0,4.21875,5.26842,1.0,1.0,Stop,extended
28.1625,279,-10.1549,0.364043,-6.8785,0.0575243,-1.17392,-0.0937433,0.0,0.0,0.0,0.0,4.74609,5.26851,1.0,1.0,Stop,extended
28.2625,280,-4.98164,-0.421523,-7.24254,0.0250337,0.177633,-0.0420779,0.0,0.0,0.0,0.0,4.74609,0.0,1.0,1.0,Stop,extended
28.3626,281,-6.39949,-0.469424,-7.14674,-0.0306264,0.0740359,0.0660464,0.0,0.0,0.0,0.0,4.74609,0.0,1.0,1.0,Stop,extended
28.4627,282,-7.12758,-0.162861,-7.7407,-0.02024,-0.0697748,0.0689759,0.0,0.0,0.0,0.0,4.39453,-3.51232,1.0,1.0,Stop,extended
28.5628,283,-6.40907,-0.335303,-7.47246,0.0135821,-0.138218,0.0234358,0.0,0.0,0.0,0.0,3.69141,-7.02471,1.0,1.0,Stop,extended
28.6629,284,-5.78637,-0.191602,-7.41498,0.0346211,-0.175502,-0.0255663,0.0,0.0,0.0,0.0,2.8125,-8.7807,1.0,1.0,Stop,extended
28.763,285,-5.53729,-0.0766406,-7.597,0.0111853,-0.218379,-0.00852212,0.0,0.0,0.0,0.0,1.75781,-10.5371,1.0,1.0,Stop,extended
28.863,286,-5.72889,-0.124541,-7.58742,-0.0178432,-0.144343,0.021039,0.0,0.0,0.0,0.0,0.878906,-8.78172,1.0,1.0,Stop,extended
28.9631,287,-6.16957,-0.182021,-7.55868,-0.0117179,-0.139816,0.026099,0.0,0.0,0.0,0.0,-0.175781,-10.5374,1.0,1.0,Stop,extended
29.0632,288,-6.23663,-0.249082,-7.5012,0.00532632,-0.138751,0.0125169,0.0,0.0,0.0,0.0,-1.40625,-12.2931,1.0,1.0,Stop,extended
29.1786,289,-5.89175,-0.210762,-7.34792,0.0234358,-0.11931,-0.00319579,0.0,0.0,0.0,0.0,-2.46094,-9.14507,1.0,1.0,Stop,seated
29.2787,290,-7.79818,-0.0958008,-7.7886,0.0681769,0.472711,0.0,0.0,0.0,0.0,0.0,-3.33984,-8.78084,1.0,1.0,Stop,seated
29.3787,291,-6.48571,0.287402,-7.86524,0.0364853,2.14012,0.0237021,0.0,0.0,0.0,0.0,-3.86719,-5.26854,1.0,1.0,Stop,seated
29.4788,292,0.258662,-0.680186,-8.59333,0.0990696,2.17527,-0.0138484,0.0,0.0,0.0,0.0,-4.04297,-1.75606,1.0,1.0,Stop,seated
29.5789,293,-2.33754,-0.459844,-9.97286,-0.0399474,-0.524643,0.152599,0.0,0.0,0.0,0.0,-4.04297,0.0,1.0,1.0,Stop,seated
29.679,294,-1.18793,-0.220342,-9.63756,0.00213053,0.601342,-0.0442085,0.0,0.0,0.0,0.0,-3.69141,3.5125,1.0,1.0,Stop,seated
29.7791,295,-0.843047,-0.0191602,-9.39806,0.0375506,-0.0780306,-0.0537959,0.0,0.0,0.0,0.0,-3.33984,3.51243,1.0,1.0,Stop,seated
29.8792,296,-1.19751,-0.162861,-9.4747,0.00932106,0.264452,0.0194411,0.0,0.0,0.0,0.0,-2.63672,7.02499,1.0,1.0,Stop,seated
29.9793,297,-1.34121,-0.134121,-9.65672,-0.0015979,0.163784,0.0679106,0.0,0.0,0.0,0.0,-1.58203,10.5377,1.0,1.0,Stop,seated
30.0794,298,-1.26457,-0.383203,-9.74294,0.00852212,0.177633,0.00532632,0.0,0.0,0.0,0.0,-0.527344,10.5374,1.0,1.0,Stop,seated
30.1795,299,-1.37953,-0.344883,-9.84832,0.0170442,0.206928,-0.0292948,0.0,0.0,0.0,0.0,0.703125,12.294,1.0,1.0,Stop,seated
30.2795,300,-1.49449,-0.335303,-9.84832,0.0149137,0.226102,0.0255663,0.0,0.0,0.0,0.0,1.75781,10.5381,1.0,1.0,Stop,seated
30.3796,301,-1.39869,-0.325723,-9.84832,0.0133158,0.221841,0.0458064,0.0,0.0,0.0,0.0,2.8125,10.5373,1.0,1.0,Stop,seated
30.4992,302,-1.43701,-0.296982,-9.72378,0.0111853,0.182427,0.00905475,0.0,0.0,0.0,0.0,3.86719,8.82285,1.0,1.0,Stop,extended
30.5993,303,0.0670606,-1.02507,-10.3177,-0.0133158,-1.28471,-0.130229,0.0,0.0,0.0,0.0,4.57031,7.02491,1.0,1.0,Stop,extended
30.6994,304,-4.50264,0.0479004,-8.54543,-0.0199737,-2.86237,-0.0274306,0.0,0.0,0.0,0.0,4.92188,3.51232,1.0,1.0,Stop,extended
30.7995,305,-5.97797,-0.373623,-7.08926,0.0577906,-1.02745,0.0316916,0.0,0.0,0.0,0.0,4.92188,0.0,1.0,1.0,Stop,extended
30.8995,306,-4.70382,-0.201182,-7.1659,0.0197074,0.152333,-0.0420779,0.0,0.0,0.0,0.0,4.74609,-1.75726,1.0,1.0,Stop,extended
30.9996,307,-7.31918,-0.210762,-8.10475,-0.00932106,0.0641822,0.0506001,0.0,0.0,0.0,0.0,4.39453,-3.5124,1.0,1.0,Stop,extended
31.0997,308,-6.8306,-0.383203,-8.08559,-0.0218379,-0.0796285,0.0633832,0.0,0.0,0.0,0.0,3.69141,-7.02461,1.0,1.0,Stop,extended
31.1998,309,-6.28453,-0.268242,-7.75986,0.0183758,-0.16991,0.0170442,0.0,0.0,0.0,0.0,2.8125,-8.78074,1.0,1.0,Stop,extended
31.2999,310,-5.86301,-0.191602,-7.28086,0.036219,-0.221042,-0.00878843,0.0,0.0,0.0,0.0,1.93359,-8.78135,1.0,1.0,Stop,extended
31.4,311,-5.79595,-0.105381,-7.3096,0.0255663,-0.209324,-0.0154463,0.0,0.0,0.0,0.0,0.703125,-12.2932,1.0,1.0,Stop,extended
31.5,312,-5.88217,-0.143701,-7.4533,-0.00639159,-0.17497,0.0130495,0.0,0.0,0.0,0.0,-0.351562,-10.5369,1.0,1.0,Stop,extended
31.6001,313,-6.10251,-0.210762,-7.63532,-0.0114516,-0.136088,0.0327569,0.0,0.0,0.0,0.0,-1.40625,-10.5373,1.0,1.0,Stop,extended
31.7002,314,-6.10251,-0.258662,-7.67364,0.0114516,-0.114516,0.0157127,0.0,0.0,0.0,0.0,-2.46094,-10.5373,1.0,1.0,Stop,extended
31.8227,315,-6.46655,-0.114961,-7.52036,0.0274306,-0.0878843,0.0,0.0,0.0,0.0,0.0,-3.51562,-8.61325,1.0,1.0,Stop,seated
31.9228,316,-7.55868,0.268242,-8.06643,0.0527306,0.623979,0.00532632,0.0,0.0,0.0,0.0,-4.21875,-7.02524,1.0,1.0,Stop,seated
32.0229,317,-6.59109,0.162861,-8.80409,0.000798948,2.3561,0.0245011,0.0,0.0,0.0,0.0,-4.39453,-1.75624,1.0,1.0,Stop,seated
32.1229,318,-1.20709,0.296982,-7.98979,0.0378169,2.84106,0.0937433,0.0,0.0,0.0,0.0,-4.21875,1.75616,1.0,1.0,Stop,seated
32.223,319,-0.967588,-0.373623,-10.586,-0.0399474,-0.550475,0.124103,0.0,0.0,0.0,0.0,-3.86719,3.51242,1.0,1.0,Stop,seated
32.3231,320,-1.32205,0.0479004,-9.69504,-0.0098537,0.680704,-0.0399474,0.0,0.0,0.0,0.0,-3.33984,5.26852,1.0,1.0,Stop,seated
32.4232,321,-1.12087,-0.0191602,-9.56092,0.0242348,-0.0751011,-0.0577906,0.0,0.0,0.0,0.0,-2.63672,7.02441,1.0,1.0,Stop,seated
32.5233,322,-1.03465,-0.210762,-9.54176,0.0015979,0.315585,0.0340885,0.0,0.0,0.0,0.0,-1.58203,10.5364,1.0,1.0,Stop,seated
32.6234,323,-1.55197,-0.287402,-9.87706,0.00639159,0.269512,0.0585895,0.0,0.0,0.0,0.0,-0.175781,14.05,1.0,1.0,Stop,seated
32.7235,324,-1.54239,-0.383203,-9.88664,0.0125169,0.194144,-0.00798948,0.0,0.0,0.0,0.0,0.878906,10.5384,1.0,1.0,Stop,seated
