0.00180101,0,0.0,0.0,0.0,0.0,0.0,0.0,0.0,0.0,0.0,0.0,0.703125,0.0,1.0,1.0,None,seated
0.0968292,1,0.0,0.0,0.0,0.0,0.0,0.0,0.0,0.0,0.0,0.0,0.703125,0.0,1.0,1.0,Start,extended
0.1938,2,0.0,0.0,0.0,0.0,0.0,0.0,0.0,0.0,0.0,0.0,0.878906,1.81272,1.0,1.0,Start,extended
0.198868,3,0.0,0.0,0.0,0.0,0.0,0.0,0.0,0.0,0.0,0.0,0.703125,-34.6841,1.0,1.0,Start,extended
0.203934,4,0.0,0.0,0.0,0.0,0.0,0.0,0.0,0.0,0.0,0.0,0.703125,0.0,1.0,1.0,Start,extended
0.209002,5,0.0,0.0,0.0,0.0,0.0,0.0,0.0,0.0,0.0,0.0,0.703125,0.0,1.0,1.0,Start,extended
0.21407,6,0.0,0.0,0.0,0.0,0.0,0.0,0.0,0.0,0.0,0.0,0.703125,0.0,1.0,1.0,Start,extended
0.21914,7,0.0,0.0,0.0,0.0,0.0,0.0,0.0,0.0,0.0,0.0,0.703125,0.0,1.0,1.0,Start,extended
0.22421,8,0.0,0.0,0.0,0.0,0.0,0.0,0.0,0.0,0.0,0.0,0.703125,0.0,1.0,1.0,Start,extended
0.229278,9,0.0,0.0,0.0,0.0,0.0,0.0,0.0,0.0,0.0,0.0,0.703125,0.0,1.0,1.0,Start,extended
0.234348,10,0.0,0.0,0.0,0.0,0.0,0.0,0.0,0.0,0.0,0.0,0.703125,0.0,1.0,1.0,Start,extended
0.239439,11,0.0,0.0,0.0,0.0,0.0,0.0,0.0,0.0,0.0,0.0,0.703125,0.0,1.0,1.0,Start,extended
0.244511,12,0.0,0.0,0.0,0.0,0.0,0.0,0.0,0.0,0.0,0.0,0.703125,0.0,1.0,1.0,Start,extended
0.249581,13,0.0,0.0,0.0,0.0,0.0,0.0,0.0,0.0,0.0,0.0,0.703125,0.0,1.0,1.0,Start,extended
0.254646,14,0.0,0.0,0.0,0.0,0.0,0.0,0.0,0.0,0.0,0.0,0.703125,0.0,1.0,1.0,Start,extended
0.259691,15,0.0,0.0,0.0,0.0,0.0,0.0,0.0,0.0,0.0,0.0,0.703125,0.0,1.0,1.0,Start,extended
0.264758,16,0.0,0.0,0.0,0.0,0.0,0.0,0.0,0.0,0.0,0.0,0.703125,0.0,1.0,1.0,Start,extended
0.269822,17,0.0,0.0,0.0,0.0,0.0,0.0,0.0,0.0,0.0,0.0,0.703125,0.0,1.0,1.0,Start,extended
0.274891,18,0.0,0.0,0.0,0.0,0.0,0.0,0.0,0.0,0.0,0.0,0.703125,0.0,1.0,1.0,Start,extended
0.27996,19,0.0,0.0,0.0,0.0,0.0,0.0,0.0,0.0,0.0,0.0,0.703125,0.0,1.0,1.0,Start,extended
0.28577,20,0.0,0.0,0.0,0.0,0.0,0.0,0.0,0.0,0.0,0.0,0.703125,0.0,1.0,1.0,Start,extended
0.290837,21,0.0,0.0,0.0,0.0,0.0,0.0,0.0,0.0,0.0,0.0,0.527344,-34.6906,1.0,1.0,Start,extended
0.295908,22,0.0,0.0,0.0,0.0,0.0,0.0,0.0,0.0,0.0,0.0,0.527344,0.0,1.0,1.0,Start,extended
0.300978,23,0.0,0.0,0.0,0.0,0.0,0.0,0.0,0.0,0.0,0.0,0.351562,-34.6711,1.0,1.0,Start,extended
0.306048,24,0.0,0.0,0.0,0.0,0.0,0.0,0.0,0.0,0.0,0.0,0.351562,0.0,1.0,1.0,Start,extended
0.311119,25,0.0,0.0,0.0,0.0,0.0,0.0,0.0,0.0,0.0,0.0,0.351562,0.0,1.0,1.0,Start,extended
0.316191,26,0.0,0.0,0.0,0.0,0.0,0.0,0.0,0.0,0.0,0.0,0.527344,34.658,1.0,1.0,Start,extended
0.321263,27,0.0,0.0,0.0,0.0,0.0,0.0,0.0,0.0,0.0,0.0,0.527344,0.0,1.0,1.0,Start,extended
0.326331,28,0.0,0.0,0.0,0.0,0.0,0.0,0.0,0.0,0.0,0.0,0.527344,0.0,1.0,1.0,Start,extended
0.331402,29,0.0,0.0,0.0,0.0,0.0,0.0,0.0,0.0,0.0,0.0,0.703125,34.6645,1.0,1.0,Start,extended
0.336473,30,0.0,0.0,0.0,0.0,0.0,0.0,0.0,0.0,0.0,0.0,0.703125,0.0,1.0,1.0,Start,extended
0.34154,31,0.0,0.0,0.0,0.0,0.0,0.0,0.0,0.0,0.0,0.0,0.878906,34.6906,1.0,1.0,Start,extended
0.346609,32,0.0,0.0,0.0,0.0,0.0,0.0,0.0,0.0,0.0,0.0,0.878906,0.0,1.0,1.0,Start,extended
0.351678,33,0.0,0.0,0.0,0.0,0.0,0.0,0.0,0.0,0.0,0.0,1.05469,34.6776,1.0,1.0,Start,extended
0.356746,34,0.0,0.0,0.0,0.0,0.0,0.0,0.0,0.0,0.0,0.0,0.878906,-34.6857,1.0,1.0,Start,extended
0.361814,35,0.0,0.0,0.0,0.0,0.0,0.0,0.0,0.0,0.0,0.0,0.878906,0.0,1.0,1.0,Start,extended
0.366886,36,0.0,0.0,0.0,0.0,0.0,0.0,0.0,0.0,0.0,0.0,0.878906,0.0,1.0,1.0,Start,extended
0.371958,37,0.0,0.0,0.0,0.0,0.0,0.0,0.0,0.0,0.0,0.0,0.703125,-34.658,1.0,1.0,Start,extended
0.37703,38,0.0,0.0,0.0,0.0,0.0,0.0,0.0,0.0,0.0,0.0,0.703125,0.0,1.0,1.0,Start,extended
0.382103,39,0.0,0.0,0.0,0.0,0.0,0.0,0.0,0.0,0.0,0.0,0.527344,-34.6515,1.0,1.0,Start,extended
0.387174,40,0.0,0.0,0.0,0.0,0.0,0.0,0.0,0.0,0.0,0.0,0.351562,-34.6629,1.0,1.0,Start,extended
0.392245,41,0.0,0.0,0.0,0.0,0.0,0.0,0.0,0.0,0.0,0.0,0.351562,0.0,1.0,1.0,Start,extended
0.397316,42,0.0,0.0,0.0,0.0,0.0,0.0,0.0,0.0,0.0,0.0,0.175781,-34.6645,1.0,1.0,Start,extended
0.402386,43,0.0,0.0,0.0,0.0,0.0,0.0,0.0,0.0,0.0,0.0,0.175781,0.0,1.0,1.0,Start,extended
0.407457,44,0.0,0.0,0.0,0.0,0.0,0.0,0.0,0.0,0.0,0.0,0.175781,0.0,1.0,1.0,Start,extended
0.412527,45,0.0,0.0,0.0,0.0,0.0,0.0,0.0,0.0,0.0,0.0,0.175781,0.0,1.0,1.0,Start,extended
0.417598,46,0.0,0.0,0.0,0.0,0.0,0.0,0.0,0.0,0.0,0.0,0.175781,0.0,1.0,1.0,Start,extended
0.422666,47,0.0,0.0,0.0,0.0,0.0,0.0,0.0,0.0,0.0,0.0,0.351562,34.6841,1.0,1.0,Start,extended
0.427734,48,0.0,0.0,0.0,0.0,0.0,0.0,0.0,0.0,0.0,0.0,0.351562,0.0,1.0,1.0,Start,extended
0.432803,49,0.0,0.0,0.0,0.0,0.0,0.0,0.0,0.0,0.0,0.0,0.351562,0.0,1.0,1.0,Start,extended
0.437872,50,0.0,0.0,0.0,0.0,0.0,0.0,0.0,0.0,0.0,0.0,0.351562,0.0,1.0,1.0,Start,extended
0.442941,51,0.0,0.0,0.0,0.0,0.0,0.0,0.0,0.0,0.0,0.0,0.351562,0.0,1.0,1.0,Start,extended
0.448012,52,0.0,0.0,0.0,0.0,0.0,0.0,0.0,0.0,0.0,0.0,0.527344,34.6629,1.0,1.0,Start,extended
0.453083,53,0.0,0.0,0.0,0.0,0.0,0.0,0.0,0.0,0.0,0.0,0.527344,0.0,1.0,1.0,Start,extended
0.458155,54,0.0,0.0,0.0,0.0,0.0,0.0,0.0,0.0,0.0,0.0,0.527344,0.0,1.0,1.0,Start,extended
0.463204,55,0.0,0.0,0.0,0.0,0.0,0.0,0.0,0.0,0.0,0.0,0.527344,0.0,1.0,1.0,Start,extended
0.468277,56,0.0,0.0,0.0,0.0,0.0,0.0,0.0,0.0,0.0,0.0,0.527344,0.0,1.0,1.0,Start,extended
0.473347,57,0.0,0.0,0.0,0.0,0.0,0.0,0.0,0.0,0.0,0.0,0.527344,0.0,1.0,1.0,Start,extended
0.478415,58,0.0,0.0,0.0,0.0,0.0,0.0,0.0,0.0,0.0,0.0,0.527344,0.0,1.0,1.0,Start,extended
0.483481,59,0.0,0.0,0.0,0.0,0.0,0.0,0.0,0.0,0.0,0.0,0.527344,0.0,1.0,1.0,Start,extended
0.488554,60,0.0,0.0,0.0,0.0,0.0,0.0,0.0,0.0,0.0,0.0,0.527344,0.0,1.0,1.0,Start,extended
0.493623,61,0.0,0.0,0.0,0.0,0.0,0.0,0.0,0.0,0.0,0.0,0.527344,0.0,1.0,1.0,Start,extended
0.498694,62,0.0,0.0,0.0,0.0,0.0,0.0,0.0,0.0,0.0,0.0,0.527344,0.0,1.0,1.0,Start,extended
0.503762,63,0.0,0.0,0.0,0.0,0.0,0.0,0.0,0.0,0.0,0.0,0.527344,0.0,1.0,1.0,Start,extended
0.50883,64,0.0,0.0,0.0,0.0,0.0,0.0,0.0,0.0,0.0,0.0,0.527344,0.0,1.0,1.0,Start,extended
0.513899,65,0.0,0.0,0.0,0.0,0.0,0.0,0.0,0.0,0.0,0.0,0.527344,0.0,1.0,1.0,Start,extended
0.518967,66,0.0,0.0,0.0,0.0,0.0,0.0,0.0,0.0,0.0,0.0,0.527344,0.0,1.0,1.0,Start,extended
0.524032,67,0.0,0.0,0.0,0.0,0.0,0.0,0.0,0.0,0.0,0.0,0.351562,-34.7053,1.0,1.0,Start,extended
0.5291,68,0.0,0.0,0.0,0.0,0.0,0.0,0.0,0.0,0.0,0.0,0.351562,0.0,1.0,1.0,Start,extended
0.534169,69,0.0,0.0,0.0,0.0,0.0,0.0,0.0,0.0,0.0,0.0,0.351562,0.0,1.0,1.0,Start,extended
0.539239,70,0.0,0.0,0.0,0.0,0.0,0.0,0.0,0.0,0.0,0.0,0.351562,0.0,1.0,1.0,Start,extended
0.544312,71,0.0,0.0,0.0,0.0,0.0,0.0,0.0,0.0,0.0,0.0,0.175781,-34.6515,1.0,1.0,Start,extended
0.549384,72,0.0,0.0,0.0,0.0,0.0,0.0,0.0,0.0,0.0,0.0,0.175781,0.0,1.0,1.0,Start,extended
0.554455,73,0.0,0.0,0.0,0.0,0.0,0.0,0.0,0.0,0.0,0.0,0.175781,0.0,1.0,1.0,Start,extended
0.559525,74,0.0,0.0,0.0,0.0,0.0,0.0,0.0,0.0,0.0,0.0,0.175781,0.0,1.0,1.0,Start,extended
0.564595,75,0.0,0.0,0.0,0.0,0.0,0.0,0.0,0.0,0.0,0.0,0.175781,0.0,1.0,1.0,Start,extended
0.569664,76,0.0,0.0,0.0,0.0,0.0,0.0,0.0,0.0,0.0,0.0,0.175781,0.0,1.0,1.0,Start,extended
0.574733,77,0.0,0.0,0.0,0.0,0.0,0.0,0.0,0.0,0.0,0.0,0.351562,34.6776,1.0,1.0,Start,extended
0.5798,78,0.0,0.0,0.0,0.0,0.0,0.0,0.0,0.0,0.0,0.0,0.351562,0.0,1.0,1.0,Start,extended
0.584868,79,0.0,0.0,0.0,0.0,0.0,0.0,0.0,0.0,0.0,0.0,0.351562,0.0,1.0,1.0,Start,extended
0.589939,80,0.0,0.0,0.0,0.0,0.0,0.0,0.0,0.0,0.0,0.0,0.351562,0.0,1.0,1.0,Start,extended
0.595018,81,0.0,0.0,0.0,0.0,0.0,0.0,0.0,0.0,0.0,0.0,0.351562,0.0,1.0,1.0,Start,extended
0.60011,82,0.0,0.0,0.0,0.0,0.0,0.0,0.0,0.0,0.0,0.0,0.351562,0.0,1.0,1.0,Start,extended
0.605179,83,0.0,0.0,0.0,0.0,0.0,0.0,0.0,0.0,0.0,0.0,0.351562,0.0,1.0,1.0,Start,extended
0.610249,84,0.0,0.0,0.0,0.0,0.0,0.0,0.0,0.0,0.0,0.0,0.351562,0.0,1.0,1.0,Start,extended
0.615324,85,0.0,0.0,0.0,0.0,0.0,0.0,0.0,0.0,0.0,0.0,0.351562,0.0,1.0,1.0,Start,extended
0.620393,86,0.0,0.0,0.0,0.0,0.0,0.0,0.0,0.0,0.0,0.0,0.351562,0.0,1.0,1.0,Start,extended
0.625468,87,0.0,0.0,0.0,0.0,0.0,0.0,0.0,0.0,0.0,0.0,0.351562,0.0,1.0,1.0,Start,extended
0.630538,88,0.0,0.0,0.0,0.0,0.0,0.0,0.0,0.0,0.0,0.0,0.351562,0.0,1.0,1.0,Start,extended
0.635607,89,0.0,0.0,0.0,0.0,0.0,0.0,0.0,0.0,0.0,0.0,0.351562,0.0,1.0,1.0,Start,extended
0.640675,90,0.0,0.0,0.0,0.0,0.0,0.0,0.0,0.0,0.0,0.0,0.351562,0.0,1.0,1.0,Start,extended
0.645741,91,0.0,0.0,0.0,0.0,0.0,0.0,0.0,0.0,0.0,0.0,0.351562,0.0,1.0,1.0,Start,extended
0.650808,92,0.0,0.0,0.0,0.0,0.0,0.0,0.0,0.0,0.0,0.0,0.351562,0.0,1.0,1.0,Start,extended
0.655876,93,0.0,0.0,0.0,0.0,0.0,0.0,0.0,0.0,0.0,0.0,0.351562,0.0,1.0,1.0,Start,extended
0.660947,94,0.0,0.0,0.0,0.0,0.0,0.0,0.0,0.0,0.0,0.0,0.351562,0.0,1.0,1.0,Start,extended
0.666021,95,0.0,0.0,0.0,0.0,0.0,0.0,0.0,0.0,0.0,0.0,0.351562,0.0,1.0,1.0,Start,extended
0.671104,96,0.0,0.0,0.0,0.0,0.0,0.0,0.0,0.0,0.0,0.0,0.351562,0.0,1.0,1.0,Start,extended
0.676172,97,0.0,0.0,0.0,0.0,0.0,0.0,0.0,0.0,0.0,0.0,0.351562,0.0,1.0,1.0,Start,extended
0.681242,98,0.0,0.0,0.0,0.0,0.0,0.0,0.0,0.0,0.0,0.0,0.351562,0.0,1.0,1.0,Start,extended
0.686313,99,0.0,0.0,0.0,0.0,0.0,0.0,0.0,0.0,0.0,0.0,0.351562,0.0,1.0,1.0,Start,extended
0.69138,100,0.0,0.0,0.0,0.0,0.0,0.0,0.0,0.0,0.0,0.0,0.351562,0.0,1.0,1.0,Start,extended
0.696453,101,0.0,0.0,0.0,0.0,0.0,0.0,0.0,0.0,0.0,0.0,0.351562,0.0,1.0,1.0,Start,extended
0.701525,102,0.0,0.0,0.0,0.0,0.0,0.0,0.0,0.0,0.0,0.0,0.351562,0.0,1.0,1.0,Start,extended
0.706594,103,0.0,0.0,0.0,0.0,0.0,0.0,0.0,0.0,0.0,0.0,0.351562,0.0,1.0,1.0,Start,extended
0.711664,104,0.0,0.0,0.0,0.0,0.0,0.0,0.0,0.0,0.0,0.0,0.351562,0.0,1.0,1.0,Start,extended
0.716693,105,0.0,0.0,0.0,0.0,0.0,0.0,0.0,0.0,0.0,0.0,0.351562,0.0,1.0,1.0,Start,extended
0.721763,106,0.0,0.0,0.0,0.0,0.0,0.0,0.0,0.0,0.0,0.0,0.351562,0.0,1.0,1.0,Start,extended
0.726832,107,0.0,0.0,0.0,0.0,0.0,0.0,0.0,0.0,0.0,0.0,0.527344,34.6776,1.0,1.0,Start,extended
0.835903,108,0.0,0.0,0.0,0.0,0.0,0.0,0.0,0.0,0.0,0.0,0.527344,0.0,1.0,1.0,Start,seated
0.840969,109,0.0,0.0,0.0,0.0,0.0,0.0,0.0,0.0,0.0,0.0,0.527344,0.0,1.0,1.0,Start,seated
0.846039,110,0.0,0.0,0.0,0.0,0.0,0.0,0.0,0.0,0.0,0.0,0.527344,0.0,1.0,1.0,Start,seated
0.851108,111,0.0,0.0,0.0,0.0,0.0,0.0,0.0,0.0,0.0,0.0,0.527344,0.0,1.0,1.0,Start,seated
0.85618,112,0.0,0.0,0.0,0.0,0.0,0.0,0.0,0.0,0.0,0.0,0.527344,0.0,1.0,1.0,Start,seated
0.861248,113,0.0,0.0,0.0,0.0,0.0,0.0,0.0,0.0,0.0,0.0,0.527344,0.0,1.0,1.0,Start,seated
0.866318,114,0.0,0.0,0.0,0.0,0.0,0.0,0.0,0.0,0.0,0.0,0.527344,0.0,1.0,1.0,Start,seated
0.871389,115,0.0,0.0,0.0,0.0,0.0,0.0,0.0,0.0,0.0,0.0,0.527344,0.0,1.0,1.0,Start,seated
0.876459,116,0.0,0.0,0.0,0.0,0.0,0.0,0.0,0.0,0.0,0.0,0.527344,0.0,1.0,1.0,Start,seated
0.881531,117,0.0,0.0,0.0,0.0,0.0,0.0,0.0,0.0,0.0,0.0,0.527344,0.0,1.0,1.0,Start,seated
0.886601,118,0.0,0.0,0.0,0.0,0.0,0.0,0.0,0.0,0.0,0.0,0.527344,0.0,1.0,1.0,Start,seated
0.89167,119,0.0,0.0,0.0,0.0,0.0,0.0,0.0,0.0,0.0,0.0,0.527344,0.0,1.0,1.0,Start,seated
0.896696,120,0.0,0.0,0.0,0.0,0.0,0.0,0.0,0.0,0.0,0.0,0.527344,0.0,1.0,1.0,Start,seated
0.901759,121,0.0,0.0,0.0,0.0,0.0,0.0,0.0,0.0,0.0,0.0,0.527344,0.0,1.0,1.0,Start,seated
0.906828,122,0.0,0.0,0.0,0.0,0.0,0.0,0.0,0.0,0.0,0.0,0.527344,0.0,1.0,1.0,Start,seated
0.911895,123,0.0,0.0,0.0,0.0,0.0,0.0,0.0,0.0,0.0,0.0,0.527344,0.0,1.0,1.0,Start,seated
0.916966,124,0.0,0.0,0.0,0.0,0.0,0.0,0.0,0.0,0.0,0.0,0.351562,-34.6645,1.0,1.0,Start,seated
0.922037,125,0.0,0.0,0.0,0.0,0.0,0.0,0.0,0.0,0.0,0.0,0.351562,0.0,1.0,1.0,Start,seated
0.927105,126,0.0,0.0,0.0,0.0,0.0,0.0,0.0,0.0,0.0,0.0,0.351562,0.0,1.0,1.0,Start,seated
0.932175,127,0.0,0.0,0.0,0.0,0.0,0.0,0.0,0.0,0.0,0.0,0.351562,0.0,1.0,1.0,Start,seated
0.937246,128,0.0,0.0,0.0,0.0,0.0,0.0,0.0,0.0,0.0,0.0,0.351562,0.0,1.0,1.0,Start,seated
0.942316,129,0.0,0.0,0.0,0.0,0.0,0.0,0.0,0.0,0.0,0.0,0.351562,0.0,1.0,1.0,Start,seated
0.94738,130,0.0,0.0,0.0,0.0,0.0,0.0,0.0,0.0,0.0,0.0,0.351562,0.0,1.0,1.0,Start,seated
0.952445,131,0.0,0.0,0.0,0.0,0.0,0.0,0.0,0.0,0.0,0.0,0.351562,0.0,1.0,1.0,Start,seated
0.957511,132,0.0,0.0,0.0,0.0,0.0,0.0,0.0,0.0,0.0,0.0,0.351562,0.0,1.0,1.0,Start,seated
0.962581,133,0.0,0.0,0.0,0.0,0.0,0.0,0.0,0.0,0.0,0.0,0.351562,0.0,1.0,1.0,Start,seated
0.967652,134,0.0,0.0,0.0,0.0,0.0,0.0,0.0,0.0,0.0,0.0,0.351562,0.0,1.0,1.0,Start,seated
0.972694,135,0.0,0.0,0.0,0.0,0.0,0.0,0.0,0.0,0.0,0.0,0.351562,0.0,1.0,1.0,Start,seated
0.977758,136,0.0,0.0,0.0,0.0,0.0,0.0,0.0,0.0,0.0,0.0,0.351562,0.0,1.0,1.0,Start,seated
0.982822,137,0.0,0.0,0.0,0.0,0.0,0.0,0.0,0.0,0.0,0.0,0.351562,0.0,1.0,1.0,Start,seated
0.987893,138,0.0,0.0,0.0,0.0,0.0,0.0,0.0,0.0,0.0,0.0,0.351562,0.0,1.0,1.0,Start,seated
0.992964,139,0.0,0.0,0.0,0.0,0.0,0.0,0.0,0.0,0.0,0.0,0.351562,0.0,1.0,1.0,Start,seated
0.998036,140,0.0,0.0,0.0,0.0,0.0,0.0,0.0,0.0,0.0,0.0,0.351562,0.0,1.0,1.0,Start,seated
1.0031,141,0.0,0.0,0.0,0.0,0.0,0.0,0.0,0.0,0.0,0.0,0.351562,0.0,1.0,1.0,Start,seated
1.00817,142,0.0,0.0,0.0,0.0,0.0,0.0,0.0,0.0,0.0,0.0,0.351562,0.0,1.0,1.0,Start,seated
1.01324,143,0.0,0.0,0.0,0.0,0.0,0.0,0.0,0.0,0.0,0.0,0.351562,0.0,1.0,1.0,Start,seated
1.01831,144,0.0,0.0,0.0,0.0,0.0,0.0,0.0,0.0,0.0,0.0,0.351562,0.0,1.0,1.0,Start,seated
1.02338,145,0.0,0.0,0.0,0.0,0.0,0.0,0.0,0.0,0.0,0.0,0.351562,0.0,1.0,1.0,Start,seated
1.02845,146,0.0,0.0,0.0,0.0,0.0,0.0,0.0,0.0,0.0,0.0,0.351562,0.0,1.0,1.0,Start,seated
1.03352,147,0.0,0.0,0.0,0.0,0.0,0.0,0.0,0.0,0.0,0.0,0.351562,0.0,1.0,1.0,Start,seated
1.03859,148,0.0,0.0,0.0,0.0,0.0,0.0,0.0,0.0,0.0,0.0,0.351562,0.0,1.0,1.0,Start,seated
1.04366,149,0.0,0.0,0.0,0.0,0.0,0.0,0.0,0.0,0.0,0.0,0.351562,0.0,1.0,1.0,Start,seated
1.04873,150,0.0,0.0,0.0,0.0,0.0,0.0,0.0,0.0,0.0,0.0,0.351562,0.0,1.0,1.0,Start,seated
1.0538,151,0.0,0.0,0.0,0.0,0.0,0.0,0.0,0.0,0.0,0.0,0.351562,0.0,1.0,1.0,Start,seated
1.05887,152,0.0,0.0,0.0,0.0,0.0,0.0,0.0,0.0,0.0,0.0,0.351562,0.0,1.0,1.0,Start,seated
1.06394,153,0.0,0.0,0.0,0.0,0.0,0.0,0.0,0.0,0.0,0.0,0.351562,0.0,1.0,1.0,Start,seated
1.069,154,0.0,0.0,0.0,0.0,0.0,0.0,0.0,0.0,0.0,0.0,0.351562,0.0,1.0,1.0,Start,seated
1.07407,155,0.0,0.0,0.0,0.0,0.0,0.0,0.0,0.0,0.0,0.0,0.351562,0.0,1.0,1.0,Start,seated
1.07914,156,0.0,0.0,0.0,0.0,0.0,0.0,0.0,0.0,0.0,0.0,0.351562,0.0,1.0,1.0,Start,seated
1.08421,157,0.0,0.0,0.0,0.0,0.0,0.0,0.0,0.0,0.0,0.0,0.351562,0.0,1.0,1.0,Start,seated
1.08928,158,0.0,0.0,0.0,0.0,0.0,0.0,0.0,0.0,0.0,0.0,0.351562,0.0,1.0,1.0,Start,seated
1.09435,159,0.0,0.0,0.0,0.0,0.0,0.0,0.0,0.0,0.0,0.0,0.351562,0.0,1.0,1.0,Start,seated
1.09942,160,0.0,0.0,0.0,0.0,0.0,0.0,0.0,0.0,0.0,0.0,0.351562,0.0,1.0,1.0,Start,seated
1.10449,161,0.0,0.0,0.0,0.0,0.0,0.0,0.0,0.0,0.0,0.0,0.351562,0.0,1.0,1.0,Start,seated
1.10956,162,0.0,0.0,0.0,0.0,0.0,0.0,0.0,0.0,0.0,0.0,0.351562,0.0,1.0,1.0,Start,seated
1.11463,163,0.0,0.0,0.0,0.0,0.0,0.0,0.0,0.0,0.0,0.0,0.351562,0.0,1.0,1.0,Start,seated
1.1197,164,0.0,0.0,0.0,0.0,0.0,0.0,0.0,0.0,0.0,0.0,0.351562,0.0,1.0,1.0,Start,seated
1.12477,165,0.0,0.0,0.0,0.0,0.0,0.0,0.0,0.0,0.0,0.0,0.351562,0.0,1.0,1.0,Start,seated
1.12984,166,0.0,0.0,0.0,0.0,0.0,0.0,0.0,0.0,0.0,0.0,0.351562,0.0,1.0,1.0,Start,seated
1.13491,167,0.0,0.0,0.0,0.0,0.0,0.0,0.0,0.0,0.0,0.0,0.351562,0.0,1.0,1.0,Start,seated
1.13998,168,0.0,0.0,0.0,0.0,0.0,0.0,0.0,0.0,0.0,0.0,0.351562,0.0,1.0,1.0,Start,seated
1.14505,169,0.0,0.0,0.0,0.0,0.0,0.0,0.0,0.0,0.0,0.0,0.351562,0.0,1.0,1.0,Start,seated
1.15012,170,0.0,0.0,0.0,0.0,0.0,0.0,0.0,0.0,0.0,0.0,0.351562,0.0,1.0,1.0,Start,seated
1.15519,171,0.0,0.0,0.0,0.0,0.0,0.0,0.0,0.0,0.0,0.0,0.351562,0.0,1.0,1.0,Start,seated
1.16026,172,0.0,0.0,0.0,0.0,0.0,0.0,0.0,0.0,0.0,0.0,0.351562,0.0,1.0,1.0,Start,seated
1.16533,173,0.0,0.0,0.0,0.0,0.0,0.0,0.0,0.0,0.0,0.0,0.527344,34.6841,1.0,1.0,Start,seated
