8.4877e-05,0,-1.38911,-0.277822,-9.74294,-0.0015979,0.0191748,0.0154463,0.0,0.0,0.0,0.0,0.175781,0.0,1.0,1.0,None,seated
0.100176,1,-1.41785,-0.258662,-9.70462,0.0,0.0258327,0.00426106,0.0,0.0,0.0,0.0,0.175781,0.0,1.0,1.0,Nothing,seated
0.200273,2,-1.44659,-0.287402,-9.73336,0.0127832,0.0173105,0.0141148,0.0,0.0,0.0,0.0,0.175781,0.0,1.0,1.0,Nothing,seated
0.300368,3,-1.41785,-0.296982,-9.73336,0.00319579,0.026099,0.00585895,0.0,0.0,0.0,0.0,0.351562,1.75615,1.0,1.0,Nothing,seated
0.400461,4,-1.45617,-0.268242,-9.69504,0.00772317,0.0221042,0.00798948,0.0,0.0,0.0,0.0,0.351562,0.0,1.0,1.0,Nothing,seated
0.500556,5,-1.41785,-0.249082,-9.72378,0.00292948,0.02024,0.00719053,0.0,0.0,0.0,0.0,0.351562,0.0,1.0,1.0,Nothing,seated
0.600649,6,-1.40827,-0.316143,-9.7621,0.00692422,0.03036,0.0239685,0.0,0.0,0.0,0.0,0.351562,0.0,1.0,1.0,Nothing,seated
0.700715,7,-1.30289,-0.287402,-9.73336,0.0229032,0.0324906,0.00372843,0.0,0.0,0.0,0.0,0.351562,0.0,1.0,1.0,Nothing,seated
0.800801,8,-1.29331,-0.296982,-9.7621,0.0221042,0.0327569,0.0181095,0.0,0.0,0.0,0.0,0.527344,1.7563,1.0,1.0,Nothing,seated
0.900892,9,-1.18793,-0.364043,-9.7621,0.00852212,0.0418116,0.00692422,0.0,0.0,0.0,0.0,0.703125,1.75621,1.0,1.0,Nothing,seated
1.00099,10,-1.18793,-0.249082,-9.75252,0.0119842,0.0537959,0.0138484,0.0,0.0,0.0,0.0,0.878906,1.75616,1.0,1.0,Nothing,seated
1.10108,11,-1.07297,-0.220342,-9.7621,0.0191748,0.0732369,0.0253,0.0,0.0,0.0,0.0,1.23047,3.51229,1.0,1.0,Nothing,seated
1.20118,12,-1.13045,-0.268242,-9.7621,0.0181095,0.0814927,0.00292948,0.0,0.0,0.0,0.0,1.58203,3.51229,1.0,1.0,Nothing,seated
1.30126,13,-1.22625,-0.325723,-9.77168,0.00719053,0.0854875,-0.00532632,0.0,0.0,0.0,0.0,1.93359,3.51278,1.0,1.0,Nothing,seated
1.40135,14,-1.11129,-0.239502,-9.79084,0.0141148,0.0865527,0.0181095,0.0,0.0,0.0,0.0,2.28516,3.51253,1.0,1.0,Nothing,seated
1.50144,15,-1.05381,-0.354463,-9.84832,0.010919,0.0817591,0.041279,0.0,0.0,0.0,0.0,2.63672,3.5123,1.0,1.0,Nothing,seated
1.60153,16,-0.967588,-0.344883,-9.77168,0.021039,0.0921454,-0.00719053,0.0,0.0,0.0,0.0,2.98828,3.51246,1.0,1.0,Nothing,seated
1.70162,17,-0.890947,-0.249082,-9.77168,0.0098537,0.100934,0.00585895,0.0,0.0,0.0,0.0,3.33984,3.51246,1.0,1.0,Nothing,seated
1.80172,18,-0.900527,-0.268242,-9.7621,0.00506001,0.0953412,0.0466053,0.0,0.0,0.0,0.0,3.69141,3.51218,1.0,1.0,Nothing,seated
1.90181,19,-0.833467,-0.210762,-9.84832,0.0111853,0.100401,0.00878843,0.0,0.0,0.0,0.0,4.04297,3.51254,1.0,1.0,Nothing,seated
2.00189,20,-0.833467,-0.220342,-9.84832,0.0138484,0.0764327,0.000798948,0.0,0.0,0.0,0.0,4.39453,3.5125,1.0,1.0,Nothing,seated
2.10199,21,-0.728086,-0.277822,-9.8579,0.00798948,0.0894822,0.00506001,0.0,0.0,0.0,0.0,4.74609,3.51229,1.0,1.0,Nothing,seated
2.20208,22,-0.718506,-0.296982,-9.84832,0.0127832,0.0751011,0.0229032,0.0,0.0,0.0,0.0,4.92188,1.75623,1.0,1.0,Nothing,seated
2.30217,23,-0.766406,-0.354463,-9.81,0.0119842,0.066579,0.00426106,0.0,0.0,0.0,0.0,5.27344,3.5123,1.0,1.0,Nothing,seated
2.40227,24,-0.680186,-0.325723,-9.77168,0.0119842,0.0593885,0.00585895,0.0,0.0,0.0,0.0,5.44922,1.75618,1.0,1.0,Nothing,seated
2.50236,25,-0.574805,-0.249082,-9.84832,0.0189084,0.0633832,0.03542,0.0,0.0,0.0,0.0,5.625,1.75618,1.0,1.0,Nothing,seated
2.60245,26,-0.613125,-0.296982,-9.80042,0.010919,0.047138,0.00585895,0.0,0.0,0.0,0.0,5.80078,1.75616,1.0,1.0,Nothing,seated
2.70255,27,-0.440684,-0.277822,-9.8579,0.0138484,0.0553938,-0.00319579,0.0,0.0,0.0,0.0,5.80078,0.0,1.0,1.0,Nothing,seated
2.80265,28,-0.364043,-0.268242,-9.87706,0.00772317,0.0468716,0.0266316,0.0,0.0,0.0,0.0,5.97656,1.75614,1.0,1.0,Nothing,seated
2.90274,29,-0.402363,-0.296982,-9.9058,0.00292948,0.0386158,0.0157127,0.0,0.0,0.0,0.0,5.97656,0.0,1.0,1.0,Nothing,seated
3.00283,30,-0.479004,-0.306563,-9.8579,0.0154463,0.036219,-0.00213053,0.0,0.0,0.0,0.0,6.15234,1.75623,1.0,1.0,Nothing,seated
3.10293,31,-1.32205,-0.201182,-9.78126,0.0162453,-0.0458064,0.0410127,0.0,0.0,0.0,0.0,5.97656,-1.75613,1.0,1.0,Nothing,seated
3.20299,32,-1.29331,-0.296982,-9.6663,0.0130495,-0.0812264,0.0431432,0.0,0.0,0.0,0.0,5.625,-3.51324,1.0,1.0,Nothing,seated
3.30309,33,-1.30289,-0.287402,-9.5705,0.0157127,-0.110521,-0.00319579,0.0,0.0,0.0,0.0,4.92188,-7.02429,1.0,1.0,Nothing,seated
3.40319,34,-1.27415,-0.316143,-9.70462,0.0133158,-0.158724,-0.0098537,0.0,0.0,0.0,0.0,3.69141,-12.2929,1.0,1.0,Nothing,seated
3.50327,35,-1.43701,-0.277822,-9.84832,0.010919,-0.190682,0.0322242,0.0,0.0,0.0,0.0,2.46094,-12.2947,1.0,1.0,Nothing,seated
3.60336,36,-1.45617,-0.325723,-9.87706,0.00213053,-0.22051,0.0250337,0.0,0.0,0.0,0.0,1.23047,-12.2931,1.0,1.0,Nothing,seated
3.70346,37,-1.46575,-0.258662,-9.88664,0.0175769,-0.232494,0.000532632,0.0,0.0,0.0,0.0,-0.351562,-15.8056,1.0,1.0,Nothing,seated
3.80355,38,-1.41785,-0.191602,-9.84832,0.01518,-0.238087,-0.000266316,0.0,0.0,0.0,0.0,-1.58203,-12.2939,1.0,1.0,Nothing,seated
3.90364,39,-1.43701,-0.220342,-9.75252,-0.00106526,-0.215716,0.0255663,0.0,0.0,0.0,0.0,-2.98828,-14.049,1.0,1.0,Nothing,seated
4.00372,40,-1.39869,-0.258662,-9.74294,0.0229032,-0.185889,0.0173105,0.0,0.0,0.0,0.0,-4.21875,-12.2953,1.0,1.0,Nothing,seated
4.1038,41,-1.41785,-0.277822,-9.7621,0.0114516,-0.133424,-0.00346211,0.0,0.0,0.0,0.0,-4.92188,-7.02585,1.0,1.0,Nothing,seated
4.20387,42,-1.35079,-0.316143,-9.78126,0.00133158,-0.071639,-0.000266316,0.0,0.0,0.0,0.0,-5.27344,-3.51286,1.0,1.0,Nothing,seated
4.30397,43,-1.39869,-0.287402,-9.7142,0.0167779,-0.00479369,0.0253,0.0,0.0,0.0,0.0,-5.27344,0.0,1.0,1.0,Nothing,seated
4.40406,44,-1.37953,-0.296982,-9.69504,0.0173105,0.0585895,0.0189084,0.0,0.0,0.0,0.0,-5.09766,1.75614,1.0,1.0,Nothing,seated
4.50416,45,-1.36995,-0.287402,-9.69504,0.00958738,0.125968,0.00479369,0.0,0.0,0.0,0.0,-4.39453,7.02474,1.0,1.0,Nothing,seated
4.60424,46,-1.44659,-0.268242,-9.77168,0.0146474,0.170709,0.0141148,0.0,0.0,0.0,0.0,-3.69141,7.02543,1.0,1.0,Nothing,seated
4.70435,47,-1.45617,-0.220342,-9.78126,0.0098537,0.211189,0.0167779,0.0,0.0,0.0,0.0,-2.63672,10.5357,1.0,1.0,Nothing,seated
4.80446,48,-1.40827,-0.249082,-9.84832,0.00452737,0.250071,0.01518,0.0,0.0,0.0,0.0,-1.40625,12.2908,1.0,1.0,Nothing,seated
4.90457,49,-1.43701,-0.258662,-9.88664,0.0135821,0.273773,0.00506001,0.0,0.0,0.0,0.0,0.351562,17.5593,1.0,1.0,Nothing,seated
5.00465,50,-1.43701,-0.277822,-9.84832,0.0114516,0.266316,0.00905475,0.0,0.0,0.0,0.0,1.40625,10.5379,1.0,1.0,Nothing,seated
5.10473,51,-1.39869,-0.306563,-9.77168,0.0127832,0.258327,0.0181095,0.0,0.0,0.0,0.0,2.8125,14.0507,1.0,1.0,Nothing,seated
5.20484,52,-1.36037,-0.296982,-9.73336,0.0117179,0.239685,0.0154463,0.0,0.0,0.0,0.0,4.04297,12.2913,1.0,1.0,Nothing,seated
5.30496,53,-1.37953,-0.296982,-9.74294,0.00213053,0.198672,0.00798948,0.0,0.0,0.0,0.0,4.92188,8.77932,1.0,1.0,Nothing,seated
5.40506,54,-1.42743,-0.249082,-9.74294,0.00745685,0.146208,0.0133158,0.0,0.0,0.0,0.0,5.625,7.02389,1.0,1.0,Nothing,seated
5.50517,55,-1.41785,-0.258662,-9.65672,0.00479369,0.0958738,0.00878843,0.0,0.0,0.0,0.0,5.97656,3.51194,1.0,1.0,Nothing,seated
5.60528,56,-1.36037,-0.249082,-9.63756,0.0167779,0.0356864,0.0191748,0.0,0.0,0.0,0.0,5.97656,0.0,1.0,1.0,Nothing,seated
5.70538,57,-1.38911,-0.258662,-9.6663,0.0111853,-0.0335558,0.0135821,0.0,0.0,0.0,0.0,5.625,-3.51201,1.0,1.0,Nothing,seated
5.80548,58,-1.41785,-0.258662,-9.69504,0.0114516,-0.0918791,0.0066579,0.0,0.0,0.0,0.0,5.09766,-5.26802,1.0,1.0,Nothing,seated
5.90559,59,-1.36995,-0.277822,-9.74294,0.00133158,-0.148072,0.00852212,0.0,0.0,0.0,0.0,4.21875,-8.77965,1.0,1.0,Nothing,seated
6.00571,60,-1.38911,-0.258662,-9.74294,0.00878843,-0.183225,0.0125169,0.0,0.0,0.0,0.0,2.98828,-12.2906,1.0,1.0,Nothing,seated
6.10581,61,-1.39869,-0.277822,-9.84832,0.0098537,-0.209058,0.01012,0.0,0.0,0.0,0.0,1.75781,-12.2918,1.0,1.0,Nothing,seated
6.20592,62,-1.39869,-0.306563,-9.84832,0.00372843,-0.233027,0.00692422,0.0,0.0,0.0,0.0,0.175781,-15.8033,1.0,1.0,Nothing,seated
6.30602,63,-1.41785,-0.239502,-9.84832,0.00692422,-0.231961,0.00905475,0.0,0.0,0.0,0.0,-1.05469,-12.2922,1.0,1.0,Nothing,seated
6.40613,64,-1.36995,-0.249082,-9.84832,0.0098537,-0.219178,0.0141148,0.0,0.0,0.0,0.0,-2.46094,-14.0473,1.0,1.0,Nothing,seated
6.50624,65,-1.38911,-0.249082,-9.79084,0.00958738,-0.191748,0.0157127,0.0,0.0,0.0,0.0,-3.51562,-10.5353,1.0,1.0,Nothing,seated
6.60634,66,-1.37953,-0.258662,-9.7621,0.00426106,-0.145142,0.00719053,0.0,0.0,0.0,0.0,-4.39453,-8.77984,1.0,1.0,Nothing,seated
6.70645,67,-1.37953,-0.296982,-9.7142,0.00133158,-0.0932106,0.00772317,0.0,0.0,0.0,0.0,-4.92188,-5.26782,1.0,1.0,Nothing,seated
6.80655,68,-1.36037,-0.277822,-9.70462,0.00905475,-0.0308927,0.00958738,0.0,0.0,0.0,0.0,-5.27344,-3.51201,1.0,1.0,Nothing,seated
6.90666,69,-1.36995,-0.296982,-9.70462,0.00266316,0.0253,0.00798948,0.0,0.0,0.0,0.0,-5.09766,1.75597,1.0,1.0,Nothing,seated
7.00673,70,-1.39869,-0.258662,-9.72378,0.01518,0.0916127,0.0194411,0.0,0.0,0.0,0.0,-4.57031,5.26965,1.0,1.0,Nothing,seated
7.10682,71,-1.39869,-0.239502,-9.74294,0.0111853,0.151534,0.0135821,0.0,0.0,0.0,0.0,-3.86719,7.02472,1.0,1.0,Nothing,seated
7.20692,72,-1.37953,-0.239502,-9.77168,0.0215716,0.194943,0.00692422,0.0,0.0,0.0,0.0,-2.8125,10.5367,1.0,1.0,Nothing,seated
7.30701,73,-1.43701,-0.249082,-9.80042,0.00798948,0.233293,0.0149137,0.0,0.0,0.0,0.0,-1.75781,10.5377,1.0,1.0,Nothing,seated
7.40712,74,-1.38911,-0.249082,-9.78126,0.0119842,0.257261,0.0191748,0.0,0.0,0.0,0.0,-0.175781,15.8031,1.0,1.0,Nothing,seated
7.50721,75,-1.41785,-0.249082,-9.78126,0.0130495,0.266582,0.0106526,0.0,0.0,0.0,0.0,1.05469,12.2937,1.0,1.0,Nothing,seated
7.60731,76,-1.45617,-0.287402,-9.84832,0.0178432,0.265251,0.0111853,0.0,0.0,0.0,0.0,2.28516,12.292,1.0,1.0,Nothing,seated
7.70742,77,-1.38911,-0.296982,-9.84832,0.0191748,0.249538,0.0149137,0.0,0.0,0.0,0.0,3.51562,12.2912,1.0,1.0,Nothing,seated
7.80753,78,-1.38911,-0.277822,-9.70462,0.00958738,0.215183,0.0146474,0.0,0.0,0.0,0.0,4.57031,10.5354,1.0,1.0,Nothing,seated
7.90763,79,-1.41785,-0.220342,-9.7142,0.0183758,0.172839,0.0189084,0.0,0.0,0.0,0.0,5.44922,8.77986,1.0,1.0,Nothing,seated
8.00774,80,-1.38911,-0.277822,-9.69504,0.0178432,0.119576,0.00292948,0.0,0.0,0.0,0.0,5.80078,3.51194,1.0,1.0,Nothing,seated
8.10785,81,-1.37953,-0.258662,-9.70462,0.0183758,0.0599211,0.0154463,0.0,0.0,0.0,0.0,5.97656,1.7559,1.0,1.0,Nothing,seated
8.20795,82,-1.40827,-0.287402,-9.65672,0.00292948,0.00133158,0.0106526,0.0,0.0,0.0,0.0,5.80078,-1.75601,1.0,1.0,Nothing,seated
8.30806,83,-1.36995,-0.249082,-9.68546,0.01518,-0.061519,0.00852212,0.0,0.0,0.0,0.0,5.27344,-5.26746,1.0,1.0,Nothing,seated
8.40817,84,-1.37953,-0.277822,-9.7142,0.00639159,-0.125701,0.0191748,0.0,0.0,0.0,0.0,4.39453,-8.7799,1.0,1.0,Nothing,seated
8.50826,85,-1.42743,-0.296982,-9.74294,0.010919,-0.161654,0.0154463,0.0,0.0,0.0,0.0,3.33984,-10.537,1.0,1.0,Nothing,seated
8.60837,86,-1.41785,-0.268242,-9.75252,0.0117179,-0.197873,0.0138484,0.0,0.0,0.0,0.0,2.10938,-12.2911,1.0,1.0,Nothing,seated
8.70848,87,-1.45617,-0.268242,-9.84832,0.00932106,-0.212787,0.0146474,0.0,0.0,0.0,0.0,0.703125,-14.0473,1.0,1.0,Nothing,seated
8.80859,88,-1.37953,-0.239502,-9.84832,0.000532632,-0.223439,0.010919,0.0,0.0,0.0,0.0,-0.878906,-15.8032,1.0,1.0,Nothing,seated
8.90868,89,-1.39869,-0.258662,-9.84832,0.01518,-0.223173,0.0138484,0.0,0.0,0.0,0.0,-1.93359,-10.5372,1.0,1.0,Nothing,seated
9.00879,90,-1.36995,-0.258662,-9.84832,0.00532632,-0.201069,0.0114516,0.0,0.0,0.0,0.0,-3.16406,-12.2915,1.0,1.0,Nothing,seated
9.10889,91,-1.37953,-0.258662,-9.74294,0.00745685,-0.159523,0.0167779,0.0,0.0,0.0,0.0,-4.04297,-8.77994,1.0,1.0,Nothing,seated
9.20899,92,-1.37953,-0.268242,-9.73336,0.00852212,-0.107858,0.0117179,0.0,0.0,0.0,0.0,-4.74609,-7.02399,1.0,1.0,Nothing,seated
9.30909,93,-1.38911,-0.277822,-9.74294,0.00239685,-0.0561927,0.0141148,0.0,0.0,0.0,0.0,-5.09766,-3.51222,1.0,1.0,Nothing,seated
9.4092,94,-1.38911,-0.287402,-9.70462,0.00532632,0.00639159,0.0098537,0.0,0.0,0.0,0.0,-5.09766,0.0,1.0,1.0,Nothing,seated
9.5093,95,-1.39869,-0.287402,-9.74294,0.0181095,0.0735032,0.0250337,0.0,0.0,0.0,0.0,-4.74609,3.51208,1.0,1.0,Nothing,seated
9.60938,96,-1.37953,-0.296982,-9.75252,0.0167779,0.118777,0.0146474,0.0,0.0,0.0,0.0,-4.21875,5.26903,1.0,1.0,Nothing,seated
9.70949,97,-1.39869,-0.249082,-9.73336,0.01518,0.167779,0.01012,0.0,0.0,0.0,0.0,-3.33984,8.7799,1.0,1.0,Nothing,seated
9.8096,98,-1.40827,-0.249082,-9.84832,0.0170442,0.212787,0.0133158,0.0,0.0,0.0,0.0,-2.28516,10.5354,1.0,1.0,Nothing,seated
9.90971,99,-1.39869,-0.258662,-9.84832,0.0258327,0.245011,0.0255663,0.0,0.0,0.0,0.0,-0.878906,14.0465,1.0,1.0,Nothing,seated
10.0098,100,-1.38911,-0.268242,-9.84832,0.00506001,0.268713,0.0218379,0.0,0.0,0.0,0.0,0.527344,14.0472,1.0,1.0,Nothing,seated
10.1099,101,-1.43701,-0.287402,-9.84832,0.0127832,0.262321,0.0130495,0.0,0.0,0.0,0.0,1.75781,12.2918,1.0,1.0,Nothing,seated
10.21,102,-1.43701,-0.268242,-9.78126,0.0218379,0.255131,0.0127832,0.0,0.0,0.0,0.0,3.16406,14.0477,1.0,1.0,Nothing,seated
10.3101,103,-1.41785,-0.287402,-9.75252,0.0189084,0.234092,0.0173105,0.0,0.0,0.0,0.0,4.21875,10.5358,1.0,1.0,Nothing,seated
10.4102,104,-1.38911,-0.258662,-9.70462,0.0125169,0.189617,0.01518,0.0,0.0,0.0,0.0,4.92188,7.02332,1.0,1.0,Nothing,seated
10.5104,105,-1.43701,-0.229922,-9.6663,0.0146474,0.135555,0.0111853,0.0,0.0,0.0,0.0,5.625,7.02352,1.0,1.0,Nothing,seated
10.6105,106,-1.37953,-0.258662,-9.69504,0.0205063,0.0836233,0.00905475,0.0,0.0,0.0,0.0,5.97656,3.5119,1.0,1.0,Nothing,seated
10.7106,107,-1.36995,-0.249082,-9.64714,0.0149137,0.0213053,0.0138484,0.0,0.0,0.0,0.0,5.80078,-1.75599,1.0,1.0,Nothing,seated
10.8107,108,-1.37953,-0.258662,-9.69504,0.0135821,-0.0359527,0.0141148,0.0,0.0,0.0,0.0,5.44922,-3.51189,1.0,1.0,Nothing,seated
10.9107,109,-1.40827,-0.277822,-9.70462,0.0114516,-0.0862864,0.0162453,0.0,0.0,0.0,0.0,4.74609,-7.0271,1.0,1.0,Nothing,seated
11.0108,110,-1.43701,-0.287402,-9.73336,0.0181095,-0.143811,0.0167779,0.0,0.0,0.0,0.0,3.86719,-8.77953,1.0,1.0,Nothing,seated
11.1109,111,-1.38911,-0.287402,-9.77168,0.0106526,-0.191481,0.0135821,0.0,0.0,0.0,0.0,2.63672,-12.292,1.0,1.0,Nothing,seated
11.211,112,-1.38911,-0.239502,-9.84832,0.0127832,-0.211189,0.0138484,0.0,0.0,0.0,0.0,1.23047,-14.048,1.0,1.0,Nothing,seated
11.3112,113,-1.46575,-0.268242,-9.84832,0.00692422,-0.223173,0.010919,0.0,0.0,0.0,0.0,-0.351562,-15.803,1.0,1.0,Nothing,seated
11.4112,114,-1.43701,-0.258662,-9.84832,0.0141148,-0.218912,0.0138484,0.0,0.0,0.0,0.0,-1.40625,-10.5374,1.0,1.0,Nothing,seated
11.5114,115,-1.37953,-0.258662,-9.84832,0.0149137,-0.206661,0.0173105,0.0,0.0,0.0,0.0,-2.63672,-12.2912,1.0,1.0,Nothing,seated
11.6115,116,-1.39869,-0.239502,-9.79084,0.0111853,-0.179497,0.00878843,0.0,0.0,0.0,0.0,-3.69141,-10.5358,1.0,1.0,Nothing,seated
11.7116,117,-1.40827,-0.277822,-9.7621,0.00585895,-0.129962,0.00932106,0.0,0.0,0.0,0.0,-4.39453,-7.02365,1.0,1.0,Nothing,seated
11.8117,118,-1.36037,-0.296982,-9.70462,0.0125169,-0.0761664,0.0218379,0.0,0.0,0.0,0.0,-4.92188,-5.26785,1.0,1.0,Nothing,seated
11.9117,119,-1.34121,-0.296982,-9.7142,0.00585895,-0.0258327,0.00958738,0.0,0.0,0.0,0.0,-5.09766,-1.75683,1.0,1.0,Nothing,seated
12.0118,120,-1.37953,-0.268242,-9.68546,0.0117179,0.0356864,0.01518,0.0,0.0,0.0,0.0,-4.92188,1.75597,1.0,1.0,Nothing,seated
12.1119,121,-1.38911,-0.258662,-9.7142,0.0066579,0.1012,0.0189084,0.0,0.0,0.0,0.0,-4.39453,5.26765,1.0,1.0,Nothing,seated
12.2121,122,-1.41785,-0.287402,-9.74294,0.0125169,0.154463,0.0197074,0.0,0.0,0.0,0.0,-3.69141,7.02369,1.0,1.0,Nothing,seated
12.3122,123,-1.37953,-0.249082,-9.77168,0.0181095,0.198672,0.0157127,0.0,0.0,0.0,0.0,-2.63672,10.5354,1.0,1.0,Nothing,seated
12.4123,124,-1.41785,-0.258662,-9.84832,0.0119842,0.234092,0.0173105,0.0,0.0,0.0,0.0,-1.40625,12.2917,1.0,1.0,Nothing,seated
12.5124,125,-1.41785,-0.268242,-9.84832,0.0146474,0.259392,0.0173105,0.0,0.0,0.0,0.0,0.175781,15.8037,1.0,1.0,Nothing,seated
12.6125,126,-1.41785,-0.296982,-9.84832,0.00958738,0.258327,0.00878843,0.0,0.0,0.0,0.0,1.23047,10.5378,1.0,1.0,Nothing,seated
12.7126,127,-1.42743,-0.287402,-9.84832,0.0242348,0.254332,0.0141148,0.0,0.0,0.0,0.0,2.46094,12.2912,1.0,1.0,Nothing,seated
12.8127,128,-1.44659,-0.287402,-9.73336,0.00745685,0.237288,0.0154463,0.0,0.0,0.0,0.0,3.69141,12.2917,1.0,1.0,Nothing,seated
12.9128,129,-1.42743,-0.249082,-9.7621,0.0106526,0.201868,0.0197074,0.0,0.0,0.0,0.0,4.74609,10.5359,1.0,1.0,Nothing,seated
13.0129,130,-1.40827,-0.316143,-9.70462,0.0111853,0.15979,0.0191748,0.0,0.0,0.0,0.0,5.44922,7.02372,1.0,1.0,Nothing,seated
13.113,131,-1.37953,-0.268242,-9.6663,0.0170442,0.100401,0.00772317,0.0,0.0,0.0,0.0,5.80078,3.51152,1.0,1.0,Nothing,seated
13.2131,132,-1.41785,-0.239502,-9.6184,0.0133158,0.0375506,0.00958738,0.0,0.0,0.0,0.0,5.80078,0.0,1.0,1.0,Nothing,seated
13.3132,133,-1.41785,-0.287402,-9.62798,0.01012,-0.0170442,0.0175769,0.0,0.0,0.0,0.0,5.625,-1.75604,1.0,1.0,Nothing,seated
13.4133,134,-1.39869,-0.258662,-9.69504,0.00692422,-0.0732369,0.0141148,0.0,0.0,0.0,0.0,4.92188,-7.0237,1.0,1.0,Nothing,seated
13.5134,135,-1.37953,-0.287402,-9.69504,0.00106526,-0.124103,0.00639159,0.0,0.0,0.0,0.0,4.04297,-8.77965,1.0,1.0,Nothing,seated
13.6135,136,-1.39869,-0.268242,-9.77168,0.00479369,-0.169643,0.0125169,0.0,0.0,0.0,0.0,2.98828,-10.5357,1.0,1.0,Nothing,seated
13.7136,137,-1.41785,-0.258662,-9.75252,0.00958738,-0.196808,0.0154463,0.0,0.0,0.0,0.0,1.75781,-12.2916,1.0,1.0,Nothing,seated
13.8137,138,-1.44659,-0.258662,-9.79084,0.00639159,-0.214384,0.0114516,0.0,0.0,0.0,0.0,0.351562,-14.0478,1.0,1.0,Nothing,seated
13.9138,139,-1.41785,-0.268242,-9.84832,0.0157127,-0.222907,0.0167779,0.0,0.0,0.0,0.0,-0.878906,-12.2926,1.0,1.0,Nothing,seated
14.0139,140,-1.43701,-0.277822,-9.84832,0.00479369,-0.21039,0.0117179,0.0,0.0,0.0,0.0,-2.10938,-12.2922,1.0,1.0,Nothing,seated
14.1141,141,-1.40827,-0.287402,-9.75252,0.00772317,-0.182693,0.00905475,0.0,0.0,0.0,0.0,-3.33984,-12.291,1.0,1.0,Nothing,seated
14.2142,142,-1.36995,-0.268242,-9.78126,0.00292948,-0.14168,0.00639159,0.0,0.0,0.0,0.0,-4.21875,-8.78001,1.0,1.0,Nothing,seated
14.3143,143,-1.38911,-0.296982,-9.72378,0.00452737,-0.0833569,0.0135821,0.0,0.0,0.0,0.0,-4.92188,-7.02404,1.0,1.0,Nothing,seated
14.4143,144,-1.39869,-0.296982,-9.69504,0.0117179,-0.0383495,0.0173105,0.0,0.0,0.0,0.0,-4.92188,0.0,1.0,1.0,Nothing,seated
14.5144,145,-1.39869,-0.316143,-9.74294,0.0197074,0.0149137,0.0127832,0.0,0.0,0.0,0.0,-4.92188,0.0,1.0,1.0,Nothing,seated
14.6146,146,-1.37953,-0.258662,-9.7142,0.0170442,0.0897485,0.0178432,0.0,0.0,0.0,0.0,-4.57031,3.51184,1.0,1.0,Nothing,seated
14.7146,147,-1.37953,-0.277822,-9.75252,0.0149137,0.125169,0.0135821,0.0,0.0,0.0,0.0,-3.86719,7.02511,1.0,1.0,Nothing,seated
14.8147,148,-1.38911,-0.268242,-9.72378,0.0175769,0.173638,0.0119842,0.0,0.0,0.0,0.0,-2.98828,8.78088,1.0,1.0,Nothing,seated
14.9148,149,-1.43701,-0.287402,-9.84832,0.0125169,0.217847,0.0167779,0.0,0.0,0.0,0.0,-1.75781,12.292,1.0,1.0,Nothing,seated
15.0149,150,-1.41785,-0.316143,-9.84832,0.01012,0.242081,0.0162453,0.0,0.0,0.0,0.0,-0.351562,14.048,1.0,1.0,Nothing,seated
15.115,151,-1.39869,-0.287402,-9.84832,0.0133158,0.263653,0.0250337,0.0,0.0,0.0,0.0,0.703125,10.5367,1.0,1.0,Nothing,seated
15.2151,152,-1.43701,-0.268242,-9.84832,0.00878843,0.263387,0.0189084,0.0,0.0,0.0,0.0,2.10938,14.0485,1.0,1.0,Nothing,seated
15.3152,153,-1.38911,-0.277822,-9.84832,0.0181095,0.242081,0.0149137,0.0,0.0,0.0,0.0,3.33984,12.2914,1.0,1.0,Nothing,seated
15.4154,154,-1.37953,-0.249082,-9.78126,0.0250337,0.211189,0.0199737,0.0,0.0,0.0,0.0,4.21875,8.77957,1.0,1.0,Nothing,seated
15.5155,155,-1.37953,-0.239502,-9.70462,0.0181095,0.16485,0.0130495,0.0,0.0,0.0,0.0,5.09766,8.77984,1.0,1.0,Nothing,seated
15.6156,156,-1.39869,-0.268242,-9.69504,0.0175769,0.117978,0.0173105,0.0,0.0,0.0,0.0,5.625,5.26765,1.0,1.0,Nothing,seated
15.7157,157,-1.36037,-0.268242,-9.60882,0.0119842,0.0649811,0.0111853,0.0,0.0,0.0,0.0,5.80078,1.75594,1.0,1.0,Nothing,seated
15.8157,158,-1.37953,-0.287402,-9.64714,0.0221042,0.00292948,0.01518,0.0,0.0,0.0,0.0,5.625,-1.75677,1.0,1.0,Nothing,seated
15.9158,159,-1.36995,-0.268242,-9.67588,0.00905475,-0.0524643,0.00719053,0.0,0.0,0.0,0.0,5.09766,-5.26802,1.0,1.0,Nothing,seated
16.0159,160,-1.38911,-0.287402,-9.68546,0.01012,-0.10626,0.00745685,0.0,0.0,0.0,0.0,4.39453,-7.02412,1.0,1.0,Nothing,seated
16.116,161,-1.37953,-0.277822,-9.74294,0.00585895,-0.144077,0.0178432,0.0,0.0,0.0,0.0,3.51562,-8.77932,1.0,1.0,Nothing,seated
16.2162,162,-1.40827,-0.249082,-9.84832,0.0178432,-0.183492,0.01518,0.0,0.0,0.0,0.0,2.28516,-12.2912,1.0,1.0,Nothing,seated
16.3163,163,-1.38911,-0.239502,-9.84832,0.0114516,-0.20746,0.015979,0.0,0.0,0.0,0.0,1.05469,-12.2914,1.0,1.0,Nothing,seated
16.4164,164,-1.43701,-0.229922,-9.84832,0.01012,-0.215716,0.0173105,0.0,0.0,0.0,0.0,-0.703125,-17.559,1.0,1.0,Nothing,seated
16.5165,165,-1.39869,-0.268242,-9.84832,0.00692422,-0.215716,0.0135821,0.0,0.0,0.0,0.0,-1.58203,-8.78162,1.0,1.0,Nothing,seated
16.6166,166,-1.38911,-0.306563,-9.84832,0.0125169,-0.19015,0.0181095,0.0,0.0,0.0,0.0,-2.8125,-12.2915,1.0,1.0,Nothing,seated
16.7167,167,-1.36037,-0.277822,-9.77168,0.00239685,-0.154197,0.00532632,0.0,0.0,0.0,0.0,-3.86719,-10.5354,1.0,1.0,Nothing,seated
16.8167,168,-1.41785,-0.268242,-9.7621,0.0197074,-0.111586,0.0181095,0.0,0.0,0.0,0.0,-4.39453,-5.27068,1.0,1.0,Nothing,seated
16.9168,169,-1.35079,-0.287402,-9.72378,0.0135821,-0.0561927,0.0170442,0.0,0.0,0.0,0.0,-4.92188,-5.26826,1.0,1.0,Nothing,seated
17.0169,170,-1.37953,-0.277822,-9.72378,0.0146474,-0.00319579,0.0138484,0.0,0.0,0.0,0.0,-4.92188,0.0,1.0,1.0,Nothing,seated
17.117,171,-1.36037,-0.249082,-9.70462,0.010919,0.057258,0.0170442,0.0,0.0,0.0,0.0,-4.74609,1.75596,1.0,1.0,Nothing,seated
17.2171,172,-1.38911,-0.268242,-9.74294,0.0111853,0.11132,0.015979,0.0,0.0,0.0,0.0,-4.21875,5.26804,1.0,1.0,Nothing,seated
17.3173,173,-1.41785,-0.306563,-9.75252,0.00772317,0.162453,0.0114516,0.0,0.0,0.0,0.0,-3.33984,8.77992,1.0,1.0,Nothing,seated
17.4174,174,-1.41785,-0.268242,-9.84832,0.0178432,0.206661,0.0149137,0.0,0.0,0.0,0.0,-2.28516,10.5352,1.0,1.0,Nothing,seated
17.5175,175,-1.39869,-0.296982,-9.79084,0.0111853,0.235423,0.0106526,0.0,0.0,0.0,0.0,-1.05469,12.2915,1.0,1.0,Nothing,seated
17.6176,176,-1.38911,-0.287402,-9.84832,0.0133158,0.253799,0.0181095,0.0,0.0,0.0,0.0,0.351562,14.0475,1.0,1.0,Nothing,seated
17.7177,177,-1.38911,-0.268242,-9.84832,0.00878843,0.253267,0.0157127,0.0,0.0,0.0,0.0,1.58203,12.2926,1.0,1.0,Nothing,seated
17.8178,178,-1.39869,-0.287402,-9.84832,0.021039,0.240217,0.0141148,0.0,0.0,0.0,0.0,2.8125,12.292,1.0,1.0,Nothing,seated
17.9179,179,-1.41785,-0.239502,-9.75252,0.0183758,0.218379,0.0111853,0.0,0.0,0.0,0.0,3.86719,10.5361,1.0,1.0,Nothing,seated
18.018,180,-1.38911,-0.239502,-9.75252,0.00639159,0.179497,0.0218379,0.0,0.0,0.0,0.0,4.74609,8.77969,1.0,1.0,Nothing,seated
18.1181,181,-1.35079,-0.258662,-9.69504,0.01012,0.133957,0.00719053,0.0,0.0,0.0,0.0,5.27344,5.26782,1.0,1.0,Nothing,seated
18.2182,182,-1.41785,-0.258662,-9.6663,0.0135821,0.0801611,0.0098537,0.0,0.0,0.0,0.0,5.625,3.51182,1.0,1.0,Nothing,seated
18.3183,183,-1.41785,-0.287402,-9.6663,0.0138484,0.0229032,0.0125169,0.0,0.0,0.0,0.0,5.625,0.0,1.0,1.0,Nothing,seated
18.4184,184,-1.39869,-0.249082,-9.6663,0.00719053,-0.0215716,0.0149137,0.0,0.0,0.0,0.0,5.27344,-3.51186,1.0,1.0,Nothing,seated
18.5185,185,-1.38911,-0.277822,-9.68546,0.010919,-0.0865527,0.0191748,0.0,0.0,0.0,0.0,4.57031,-7.0236,1.0,1.0,Nothing,seated
18.6186,186,-1.37953,-0.287402,-9.72378,0.0146474,-0.137419,0.0135821,0.0,0.0,0.0,0.0,3.69141,-8.78003,1.0,1.0,Nothing,seated
18.7187,187,-1.41785,-0.249082,-9.7621,0.0106526,-0.167513,0.0114516,0.0,0.0,0.0,0.0,2.63672,-10.5359,1.0,1.0,Nothing,seated
18.8188,188,-1.37953,-0.249082,-9.84832,0.0127832,-0.191481,0.0111853,0.0,0.0,0.0,0.0,1.40625,-12.2914,1.0,1.0,Nothing,seated
18.919,189,-1.40827,-0.258662,-9.84832,0.0149137,-0.21252,0.0138484,0.0,0.0,0.0,0.0,0.0,-14.047,1.0,1.0,Nothing,seated
19.019,190,-1.41785,-0.268242,-9.84832,0.0114516,-0.213852,0.0106526,0.0,0.0,0.0,0.0,-1.05469,-10.5368,1.0,1.0,Nothing,seated
19.1192,191,-1.41785,-0.249082,-9.84832,0.00905475,-0.198406,0.0178432,0.0,0.0,0.0,0.0,-2.28516,-12.2915,1.0,1.0,Nothing,seated
19.2193,192,-1.39869,-0.306563,-9.75252,0.00958738,-0.168045,0.0117179,0.0,0.0,0.0,0.0,-3.33984,-10.5357,1.0,1.0,Nothing,seated
19.3194,193,-1.37953,-0.287402,-9.7621,0.00719053,-0.13955,0.0117179,0.0,0.0,0.0,0.0,-4.21875,-8.77942,1.0,1.0,Nothing,seated
19.4195,194,-1.38911,-0.277822,-9.74294,0.0111853,-0.0593885,0.0218379,0.0,0.0,0.0,0.0,-4.74609,-5.26767,1.0,1.0,Nothing,seated
19.5196,195,-1.40827,-0.268242,-9.69504,0.00772317,-0.0149137,0.0130495,0.0,0.0,0.0,0.0,-4.92188,-1.75634,1.0,1.0,Nothing,seated
19.6197,196,-1.36995,-0.249082,-9.69504,0.0173105,0.0380832,0.0162453,0.0,0.0,0.0,0.0,-4.74609,1.75605,1.0,1.0,Nothing,seated
19.7198,197,-1.39869,-0.258662,-9.7142,0.00426106,0.0942759,0.0215716,0.0,0.0,0.0,0.0,-4.21875,5.26798,1.0,1.0,Nothing,seated
19.8199,198,-1.39869,-0.258662,-9.7142,0.02024,0.135289,0.0197074,0.0,0.0,0.0,0.0,-3.69141,5.26799,1.0,1.0,Nothing,seated
19.92,199,-1.41785,-0.296982,-9.7621,0.00772317,0.177633,0.00426106,0.0,0.0,0.0,0.0,-2.63672,10.5355,1.0,1.0,Nothing,seated
20.0201,200,-1.41785,-0.287402,-9.78126,0.0098537,0.219711,0.00719053,0.0,0.0,0.0,0.0,-1.58203,10.5354,1.0,1.0,Nothing,seated
20.1202,201,-1.43701,-0.296982,-9.78126,0.0183758,0.24581,0.0125169,0.0,0.0,0.0,0.0,0.0,15.8033,1.0,1.0,Nothing,seated
20.2203,202,-1.41785,-0.306563,-9.84832,0.0111853,0.254332,0.0141148,0.0,0.0,0.0,0.0,1.05469,10.5386,1.0,1.0,Nothing,seated
20.3204,203,-1.45617,-0.277822,-9.77168,0.0197074,0.243946,0.0173105,0.0,0.0,0.0,0.0,2.46094,14.0479,1.0,1.0,Nothing,seated
20.4205,204,-1.41785,-0.258662,-9.77168,0.0218379,0.229298,0.0189084,0.0,0.0,0.0,0.0,3.69141,12.2929,1.0,1.0,Nothing,seated
20.5206,205,-1.40827,-0.268242,-9.75252,0.010919,0.199204,0.0183758,0.0,0.0,0.0,0.0,4.39453,7.02523,1.0,1.0,Nothing,seated
20.6207,206,-1.40827,-0.268242,-9.6663,0.0141148,0.14461,0.0189084,0.0,0.0,0.0,0.0,5.27344,8.77963,1.0,1.0,Nothing,seated
20.7207,207,-1.38911,-0.287402,-9.68546,0.0146474,0.0908138,0.0189084,0.0,0.0,0.0,0.0,5.625,3.51316,1.0,1.0,Nothing,seated
20.8208,208,-1.39869,-0.306563,-9.67588,0.0133158,0.0577906,0.0138484,0.0,0.0,0.0,0.0,5.625,0.0,1.0,1.0,Nothing,seated
20.9209,209,-1.38911,-0.287402,-9.70462,0.00878843,-0.00372843,0.02024,0.0,0.0,0.0,0.0,5.44922,-1.75588,1.0,1.0,Nothing,seated
21.021,210,-1.39869,-0.268242,-9.70462,0.0154463,-0.0612527,0.00958738,0.0,0.0,0.0,0.0,4.92188,-5.26797,1.0,1.0,Nothing,seated
21.1211,211,-1.40827,-0.268242,-9.7142,0.0106526,-0.111586,0.0170442,0.0,0.0,0.0,0.0,4.04297,-8.77938,1.0,1.0,Nothing,seated
21.2212,212,-1.41785,-0.268242,-9.73336,0.0127832,-0.156061,0.0125169,0.0,0.0,0.0,0.0,2.98828,-10.5358,1.0,1.0,Nothing,seated
21.3214,213,-1.38911,-0.268242,-9.77168,0.000266316,-0.183492,0.0135821,0.0,0.0,0.0,0.0,1.75781,-12.2915,1.0,1.0,Nothing,seated
21.4214,214,-1.38911,-0.277822,-9.84832,0.0157127,-0.206928,0.0133158,0.0,0.0,0.0,0.0,0.351562,-14.0499,1.0,1.0,Nothing,seated
21.5215,215,-1.41785,-0.258662,-9.84832,0.0133158,-0.208526,0.01518,0.0,0.0,0.0,0.0,-0.703125,-10.5379,1.0,1.0,Nothing,seated
21.6216,216,-1.36995,-0.258662,-9.84832,0.0117179,-0.20746,0.0157127,0.0,0.0,0.0,0.0,-1.75781,-10.5352,1.0,1.0,Nothing,seated
21.7217,217,-1.37953,-0.258662,-9.84832,0.00905475,-0.178165,0.00958738,0.0,0.0,0.0,0.0,-2.98828,-12.2929,1.0,1.0,Nothing,seated
21.8218,218,-1.41785,-0.325723,-9.74294,0.0191748,-0.145142,0.0117179,0.0,0.0,0.0,0.0,-3.86719,-8.7795,1.0,1.0,Nothing,seated
21.922,219,-1.40827,-0.287402,-9.7621,0.00426106,-0.0884169,0.00958738,0.0,0.0,0.0,0.0,-4.57031,-7.02362,1.0,1.0,Nothing,seated
22.022,220,-1.35079,-0.287402,-9.70462,0.0125169,-0.0378169,0.0205063,0.0,0.0,0.0,0.0,-4.74609,-1.75627,1.0,1.0,Nothing,seated
22.1221,221,-1.36037,-0.287402,-9.73336,0.0125169,0.00426106,0.0114516,0.0,0.0,0.0,0.0,-4.74609,0.0,1.0,1.0,Nothing,seated
22.2222,222,-1.38911,-0.258662,-9.70462,0.0135821,0.061519,0.0175769,0.0,0.0,0.0,0.0,-4.39453,3.51181,1.0,1.0,Nothing,seated
22.3223,223,-1.41785,-0.268242,-9.73336,0.00692422,0.115581,0.0114516,0.0,0.0,0.0,0.0,-3.86719,5.26788,1.0,1.0,Nothing,seated
22.4225,224,-1.39869,-0.258662,-9.75252,0.0167779,0.164583,0.0162453,0.0,0.0,0.0,0.0,-2.98828,8.77973,1.0,1.0,Nothing,seated
22.5226,225,-1.41785,-0.287402,-9.7621,0.0183758,0.202134,0.01518,0.0,0.0,0.0,0.0,-1.93359,10.5357,1.0,1.0,Nothing,seated
22.6227,226,-1.39869,-0.258662,-9.75252,0.0117179,0.233826,0.0157127,0.0,0.0,0.0,0.0,-0.703125,12.2916,1.0,1.0,Nothing,seated
22.7227,227,-1.43701,-0.258662,-9.84832,0.0130495,0.246076,0.015979,0.0,0.0,0.0,0.0,0.527344,12.2965,1.0,1.0,Nothing,seated
22.8228,228,-1.36995,-0.277822,-9.84832,0.00878843,0.242081,0.0098537,0.0,0.0,0.0,0.0,1.75781,12.2914,1.0,1.0,Nothing,seated
22.923,229,-1.39869,-0.258662,-9.75252,0.00878843,0.237554,0.00798948,0.0,0.0,0.0,0.0,2.98828,12.291,1.0,1.0,Nothing,seated
23.0231,230,-1.42743,-0.229922,-9.73336,0.0127832,0.21545,0.0242348,0.0,0.0,0.0,0.0,4.04297,10.5362,1.0,1.0,Nothing,seated
23.1232,231,-1.41785,-0.277822,-9.7142,0.000532632,0.175502,0.01518,0.0,0.0,0.0,0.0,4.74609,7.02367,1.0,1.0,Nothing,seated
23.2233,232,-1.39869,-0.258662,-9.68546,0.0119842,0.125968,0.010919,0.0,0.0,0.0,0.0,5.27344,5.26787,1.0,1.0,Nothing,seated
23.3234,233,-1.40827,-0.268242,-9.64714,0.0173105,0.0697748,0.0175769,0.0,0.0,0.0,0.0,5.44922,1.75596,1.0,1.0,Nothing,seated
23.4235,234,-1.41785,-0.287402,-9.67588,0.0117179,0.0146474,0.0181095,0.0,0.0,0.0,0.0,5.44922,0.0,1.0,1.0,Nothing,seated
23.5236,235,-1.39869,-0.258662,-9.6663,0.0146474,-0.0364853,0.0178432,0.0,0.0,0.0,0.0,4.92188,-5.26775,1.0,1.0,Nothing,seated
23.6237,236,-1.39869,-0.277822,-9.7142,0.00958738,-0.0924117,0.0154463,0.0,0.0,0.0,0.0,4.21875,-7.02369,1.0,1.0,Nothing,seated
23.7238,237,-1.40827,-0.287402,-9.74294,0.00905475,-0.132359,0.0178432,0.0,0.0,0.0,0.0,3.51562,-7.02404,1.0,1.0,Nothing,seated
23.8239,238,-1.44659,-0.249082,-9.79084,0.00133158,-0.169111,0.00772317,0.0,0.0,0.0,0.0,2.28516,-12.2919,1.0,1.0,Nothing,seated
23.924,239,-1.40827,-0.249082,-9.78126,0.00745685,-0.194144,0.0162453,0.0,0.0,0.0,0.0,1.05469,-12.2918,1.0,1.0,Nothing,seated
24.0241,240,-1.40827,-0.258662,-9.84832,0.00452737,-0.202933,0.010919,0.0,0.0,0.0,0.0,-0.175781,-12.2911,1.0,1.0,Nothing,seated
24.1242,241,-1.41785,-0.306563,-9.84832,0.00798948,-0.206129,0.0127832,0.0,0.0,0.0,0.0,-1.40625,-12.2917,1.0,1.0,Nothing,seated
24.2243,242,-1.41785,-0.306563,-9.84832,0.01518,-0.184024,0.0173105,0.0,0.0,0.0,0.0,-2.46094,-10.5354,1.0,1.0,Nothing,seated
24.3244,243,-1.42743,-0.277822,-9.74294,0.00719053,-0.15473,0.00719053,0.0,0.0,0.0,0.0,-3.51562,-10.5356,1.0,1.0,Nothing,seated
24.4245,244,-1.37953,-0.268242,-9.74294,0.00958738,-0.119842,0.000798948,0.0,0.0,0.0,0.0,-4.21875,-7.0238,1.0,1.0,Nothing,seated
24.5247,245,-1.37953,-0.239502,-9.7142,0.00506001,-0.0649811,0.0173105,0.0,0.0,0.0,0.0,-4.57031,-3.51192,1.0,1.0,Nothing,seated
24.6248,246,-1.36995,-0.277822,-9.7142,0.00878843,0.0066579,0.0117179,0.0,0.0,0.0,0.0,-4.57031,0.0,1.0,1.0,Nothing,seated
24.7248,247,-1.36995,-0.258662,-9.74294,0.0173105,0.0426106,0.010919,0.0,0.0,0.0,0.0,-4.57031,0.0,1.0,1.0,Nothing,seated
24.8249,248,-1.37953,-0.249082,-9.70462,0.00692422,0.097738,0.0111853,0.0,0.0,0.0,0.0,-4.04297,5.26813,1.0,1.0,Nothing,seated
24.925,249,-1.37953,-0.268242,-9.72378,0.0117179,0.145675,0.0125169,0.0,0.0,0.0,0.0,-3.33984,7.02394,1.0,1.0,Nothing,seated
25.0252,250,-1.39869,-0.258662,-9.74294,0.0130495,0.190949,0.0175769,0.0,0.0,0.0,0.0,-2.28516,10.5356,1.0,1.0,Nothing,seated
25.1253,251,-1.41785,-0.287402,-9.84832,0.0066579,0.218912,0.00745685,0.0,0.0,0.0,0.0,-1.23047,10.5351,1.0,1.0,Nothing,seated
25.2254,252,-1.38911,-0.268242,-9.84832,0.0223706,0.236755,0.0234358,0.0,0.0,0.0,0.0,0.0,12.2912,1.0,1.0,Nothing,seated
25.3255,253,-1.41785,-0.249082,-9.81,0.01518,0.241549,0.00958738,0.0,0.0,0.0,0.0,1.23047,12.2915,1.0,1.0,Nothing,seated
25.4256,254,-1.39869,-0.287402,-9.7621,0.00798948,0.239951,0.0141148,0.0,0.0,0.0,0.0,2.46094,12.2909,1.0,1.0,Nothing,seated
25.5257,255,-1.42743,-0.268242,-9.78126,0.00559264,0.221575,0.0162453,0.0,0.0,0.0,0.0,3.51562,10.5358,1.0,1.0,Nothing,seated
25.6257,256,-1.40827,-0.277822,-9.74294,0.0218379,0.183492,0.0223706,0.0,0.0,0.0,0.0,4.39453,8.78528,1.0,1.0,Nothing,seated
25.7258,257,-1.37953,-0.277822,-9.75252,0.00878843,0.137952,0.0130495,0.0,0.0,0.0,0.0,5.09766,7.02375,1.0,1.0,Nothing,seated
25.826,258,-1.37953,-0.306563,-9.6663,0.0135821,0.0884169,0.00932106,0.0,0.0,0.0,0.0,5.44922,3.51181,1.0,1.0,Nothing,seated
25.9261,259,-1.39869,-0.258662,-9.6663,0.0170442,0.0295611,0.00932106,0.0,0.0,0.0,0.0,5.44922,0.0,1.0,1.0,Nothing,seated
26.0262,260,-1.39869,-0.287402,-9.69504,0.0119842,-0.0197074,0.0130495,0.0,0.0,0.0,0.0,5.09766,-3.51183,1.0,1.0,Nothing,seated
26.1263,261,-1.36995,-0.287402,-9.67588,0.000266316,-0.0695085,0.00905475,0.0,0.0,0.0,0.0,4.57031,-5.26779,1.0,1.0,Nothing,seated
26.2264,262,-1.41785,-0.249082,-9.74294,0.0117179,-0.1265,0.0117179,0.0,0.0,0.0,0.0,3.86719,-7.02374,1.0,1.0,Nothing,seated
26.3265,263,-1.38911,-0.268242,-9.7621,0.00878843,-0.158724,0.0117179,0.0,0.0,0.0,0.0,2.8125,-10.5351,1.0,1.0,Nothing,seated
26.4266,264,-1.37953,-0.268242,-9.79084,0.00958738,-0.181894,0.0167779,0.0,0.0,0.0,0.0,1.58203,-12.2911,1.0,1.0,Nothing,seated
26.5267,265,-1.36995,-0.258662,-9.79084,0.0133158,-0.201335,0.0130495,0.0,0.0,0.0,0.0,0.0,-15.802,1.0,1.0,Nothing,seated
26.6268,266,-1.37953,-0.258662,-9.7621,0.00878843,-0.200536,0.0141148,0.0,0.0,0.0,0.0,-0.878906,-8.78231,1.0,1.0,Nothing,seated
26.7269,267,-1.37953,-0.306563,-9.84832,0.00958738,-0.189617,0.0127832,0.0,0.0,0.0,0.0,-2.10938,-12.2921,1.0,1.0,Nothing,seated
26.827,268,-1.38911,-0.306563,-9.84832,0.00426106,-0.165915,0.0114516,0.0,0.0,0.0,0.0,-2.98828,-8.77986,1.0,1.0,Nothing,seated
26.9271,269,-1.36995,-0.258662,-9.79084,0.00426106,-0.130229,0.00772317,0.0,0.0,0.0,0.0,-3.86719,-8.77988,1.0,1.0,Nothing,seated
27.0272,270,-1.37953,-0.229922,-9.72378,0.0111853,-0.0780306,0.0154463,0.0,0.0,0.0,0.0,-4.39453,-5.26794,1.0,1.0,Nothing,seated
27.1273,271,-1.37953,-0.258662,-9.7142,0.0119842,-0.0282295,0.0181095,0.0,0.0,0.0,0.0,-4.57031,-1.75599,1.0,1.0,Nothing,seated
27.2274,272,-1.37953,-0.287402,-9.73336,0.010919,0.0237021,0.0066579,0.0,0.0,0.0,0.0,-4.57031,0.0,1.0,1.0,Nothing,seated
27.3275,273,-1.39869,-0.268242,-9.73336,0.00506001,0.0759001,0.00852212,0.0,0.0,0.0,0.0,-4.21875,3.51196,1.0,1.0,Nothing,seated
27.4276,274,-1.37953,-0.249082,-9.74294,0.00106526,0.127832,0.0098537,0.0,0.0,0.0,0.0,-3.51562,7.0238,1.0,1.0,Nothing,seated
27.5277,275,-1.39869,-0.296982,-9.74294,0.0066579,0.170709,0.00426106,0.0,0.0,0.0,0.0,-2.63672,8.77969,1.0,1.0,Nothing,seated
27.6278,276,-1.37953,-0.249082,-9.84832,0.0117179,0.212787,0.0221042,0.0,0.0,0.0,0.0,-1.58203,10.5359,1.0,1.0,Nothing,seated
27.728,277,-1.39869,-0.287402,-9.79084,0.0117179,0.227168,0.0135821,0.0,0.0,0.0,0.0,-0.351562,12.2917,1.0,1.0,Nothing,seated
27.8281,278,-1.42743,-0.258662,-9.81,0.00798948,0.244212,0.01518,0.0,0.0,0.0,0.0,0.878906,12.2925,1.0,1.0,Nothing,seated
27.9282,279,-1.38911,-0.287402,-9.7621,0.0119842,0.232494,0.0130495,0.0,0.0,0.0,0.0,2.10938,12.2912,1.0,1.0,Nothing,seated
28.0283,280,-1.39869,-0.249082,-9.7621,0.0215716,0.218912,0.0117179,0.0,0.0,0.0,0.0,3.16406,10.5353,1.0,1.0,Nothing,seated
28.1284,281,-1.36995,-0.277822,-9.73336,0.01012,0.197607,0.0205063,0.0,0.0,0.0,0.0,4.04297,8.77965,1.0,1.0,Nothing,seated
28.2285,282,-1.38911,-0.277822,-9.70462,0.00905475,0.154197,0.01518,0.0,0.0,0.0,0.0,4.74609,7.02394,1.0,1.0,Nothing,seated
28.3286,283,-1.37953,-0.258662,-9.6663,0.00506001,0.102532,0.0138484,0.0,0.0,0.0,0.0,5.27344,5.26782,1.0,1.0,Nothing,seated
28.4287,284,-1.37953,-0.296982,-9.6663,0.0199737,0.052198,0.0191748,0.0,0.0,0.0,0.0,5.27344,0.0,1.0,1.0,Nothing,seated
28.5288,285,-1.41785,-0.258662,-9.69504,0.00292948,0.0015979,0.00905475,0.0,0.0,0.0,0.0,5.27344,0.0,1.0,1.0,Nothing,seated
28.6289,286,-1.41785,-0.268242,-9.6663,0.0130495,-0.0535295,0.0173105,0.0,0.0,0.0,0.0,4.74609,-5.2677,1.0,1.0,Nothing,seated
28.729,287,-1.39869,-0.249082,-9.69504,0.0114516,-0.0969391,0.0157127,0.0,0.0,0.0,0.0,4.04297,-7.02375,1.0,1.0,Nothing,seated
28.8291,288,-1.41785,-0.258662,-9.78126,0.00559264,-0.140349,0.0138484,0.0,0.0,0.0,0.0,3.16406,-8.77963,1.0,1.0,Nothing,seated
28.9292,289,-1.41785,-0.229922,-9.74294,0.0138484,-0.175502,0.0149137,0.0,0.0,0.0,0.0,1.93359,-12.2915,1.0,1.0,Nothing,seated
29.0294,290,-1.39869,-0.287402,-9.84832,0.00319579,-0.192813,0.00745685,0.0,0.0,0.0,0.0,0.703125,-12.2915,1.0,1.0,Nothing,seated
29.1295,291,-1.36995,-0.306563,-9.84832,0.00719053,-0.195476,0.00772317,0.0,0.0,0.0,0.0,-0.351562,-10.5355,1.0,1.0,Nothing,seated
29.2296,292,-1.36995,-0.258662,-9.84832,0.0133158,-0.190949,0.0125169,0.0,0.0,0.0,0.0,-1.58203,-12.2915,1.0,1.0,Nothing,seated
29.3297,293,-1.39869,-0.258662,-9.79084,0.00479369,-0.170709,0.01012,0.0,0.0,0.0,0.0,-2.63672,-10.536,1.0,1.0,Nothing,seated
29.4297,294,-1.41785,-0.258662,-9.77168,0.0015979,-0.146474,0.00585895,0.0,0.0,0.0,0.0,-3.51562,-8.78377,1.0,1.0,Nothing,seated
29.5298,295,-1.36995,-0.268242,-9.70462,0.00292948,-0.100934,0.021039,0.0,0.0,0.0,0.0,-4.21875,-7.02375,1.0,1.0,Nothing,seated
29.6299,296,-1.35079,-0.277822,-9.74294,0.0154463,-0.0466053,0.0146474,0.0,0.0,0.0,0.0,-4.39453,-1.75593,1.0,1.0,Nothing,seated
29.7301,297,-1.38911,-0.277822,-9.7142,0.0138484,0.00506001,0.0181095,0.0,0.0,0.0,0.0,-4.57031,-1.75588,1.0,1.0,Nothing,seated
29.8302,298,-1.35079,-0.287402,-9.69504,0.0149137,0.0588559,0.01518,0.0,0.0,0.0,0.0,-4.21875,3.51183,1.0,1.0,Nothing,seated
29.9303,299,-1.38911,-0.268242,-9.70462,0.0114516,0.111586,0.01012,0.0,0.0,0.0,0.0,-3.69141,5.2678,1.0,1.0,Nothing,seated
30.0304,300,-1.43701,-0.277822,-9.7142,0.010919,0.157127,0.0173105,0.0,0.0,0.0,0.0,-2.98828,7.02374,1.0,1.0,Nothing,seated
30.1305,301,-1.42743,-0.277822,-9.84832,0.010919,0.190416,0.010919,0.0,0.0,0.0,0.0,-2.10938,8.77925,1.0,1.0,Nothing,seated
30.2306,302,-1.39869,-0.277822,-9.7621,0.0167779,0.218912,0.010919,0.0,0.0,0.0,0.0,-0.878906,12.2913,1.0,1.0,Nothing,seated
30.3307,303,-1.37953,-0.306563,-9.84832,0.00532632,0.235157,0.0133158,0.0,0.0,0.0,0.0,0.351562,12.2906,1.0,1.0,Nothing,seated
30.4308,304,-1.41785,-0.277822,-9.84832,0.0127832,0.23782,0.0191748,0.0,0.0,0.0,0.0,1.58203,12.2917,1.0,1.0,Nothing,seated
30.5309,305,-1.41785,-0.258662,-9.78126,0.0173105,0.233293,0.0223706,0.0,0.0,0.0,0.0,2.63672,10.5355,1.0,1.0,Nothing,seated
30.631,306,-1.41785,-0.296982,-9.74294,0.00239685,0.210123,0.0141148,0.0,0.0,0.0,0.0,3.69141,10.5356,1.0,1.0,Nothing,seated
30.7312,307,-1.39869,-0.249082,-9.73336,0.0130495,0.161388,0.015979,0.0,0.0,0.0,0.0,4.57031,8.77905,1.0,1.0,Nothing,seated
30.8313,308,-1.37953,-0.268242,-9.68546,0.0066579,0.124103,0.0138484,0.0,0.0,0.0,0.0,4.92188,3.51179,1.0,1.0,Nothing,seated
30.9314,309,-1.37953,-0.306563,-9.65672,0.0130495,0.0764327,0.00798948,0.0,0.0,0.0,0.0,5.27344,3.51183,1.0,1.0,Nothing,seated
31.0315,310,-1.38911,-0.277822,-9.6663,-0.000266316,0.0279632,0.0125169,0.0,0.0,0.0,0.0,5.27344,0.0,1.0,1.0,Nothing,seated
31.1316,311,-1.39869,-0.249082,-9.6663,0.015979,-0.0314253,0.0194411,0.0,0.0,0.0,0.0,4.92188,-3.51177,1.0,1.0,Nothing,seated
31.2317,312,-1.37953,-0.287402,-9.73336,0.00745685,-0.0833569,0.0098537,0.0,0.0,0.0,0.0,4.21875,-7.02382,1.0,1.0,Nothing,seated
31.3317,313,-1.41785,-0.268242,-9.73336,0.0119842,-0.129696,0.0125169,0.0,0.0,0.0,0.0,3.33984,-8.78524,1.0,1.0,Nothing,seated
31.4318,314,-1.40827,-0.249082,-9.73336,0.0149137,-0.157393,0.00905475,0.0,0.0,0.0,0.0,2.46094,-8.78001,1.0,1.0,Nothing,seated
31.5319,315,-1.37953,-0.249082,-9.84832,0.00559264,-0.18216,0.00319579,0.0,0.0,0.0,0.0,1.23047,-12.2913,1.0,1.0,Nothing,seated
31.6321,316,-1.39869,-0.249082,-9.84832,0.00506001,-0.20027,0.0098537,0.0,0.0,0.0,0.0,0.0,-12.2913,1.0,1.0,Nothing,seated
31.7322,317,-1.38911,-0.277822,-9.84832,0.00878843,-0.20027,0.00852212,0.0,0.0,0.0,0.0,-1.05469,-10.5366,1.0,1.0,Nothing,seated
31.8323,318,-1.38911,-0.287402,-9.84832,0.00452737,-0.177899,0.00585895,0.0,0.0,0.0,0.0,-2.28516,-12.2912,1.0,1.0,Nothing,seated
31.9324,319,-1.37953,-0.287402,-9.75252,0.0167779,-0.158192,0.0162453,0.0,0.0,0.0,0.0,-3.16406,-8.77959,1.0,1.0,Nothing,seated
32.0325,320,-1.40827,-0.258662,-9.75252,0.0119842,-0.107059,0.0157127,0.0,0.0,0.0,0.0,-3.86719,-7.0234,1.0,1.0,Nothing,seated
32.1326,321,-1.39869,-0.258662,-9.70462,0.00958738,-0.0631169,0.00958738,0.0,0.0,0.0,0.0,-4.39453,-5.26792,1.0,1.0,Nothing,seated
32.2327,322,-1.36037,-0.239502,-9.68546,0.0066579,-0.0199737,0.0127832,0.0,0.0,0.0,0.0,-4.39453,0.0,1.0,1.0,Nothing,seated
32.3328,323,-1.36037,-0.249082,-9.74294,0.0149137,0.0388822,0.0138484,0.0,0.0,0.0,0.0,-4.39453,0.0,1.0,1.0,Nothing,seated
32.4329,324,-1.39869,-0.258662,-9.73336,0.0205063,0.0886833,0.0127832,0.0,0.0,0.0,0.0,-3.86719,5.26792,1.0,1.0,Nothing,seated
32.533,325,-1.38911,-0.258662,-9.78126,0.00692422,0.135289,0.0191748,0.0,0.0,0.0,0.0,-3.16406,7.02375,1.0,1.0,Nothing,seated
32.6331,326,-1.39869,-0.287402,-9.77168,0.0141148,0.173638,0.00798948,0.0,0.0,0.0,0.0,-2.28516,8.77938,1.0,1.0,Nothing,seated
32.7332,327,-1.40827,-0.258662,-9.74294,0.0154463,0.207993,0.0189084,0.0,0.0,0.0,0.0,-1.23047,10.5356,1.0,1.0,Nothing,seated
32.8333,328,-1.43701,-0.258662,-9.78126,0.0199737,0.226901,0.0213053,0.0,0.0,0.0,0.0,0.175781,14.047,1.0,1.0,Nothing,seated
32.9334,329,-1.41785,-0.277822,-9.84832,0.0194411,0.239418,0.021039,0.0,0.0,0.0,0.0,1.05469,8.78126,1.0,1.0,Nothing,seated
33.0335,330,-1.41785,-0.249082,-9.73336,0.0162453,0.231695,0.0114516,0.0,0.0,0.0,0.0,2.28516,12.2917,1.0,1.0,Nothing,seated
33.1336,331,-1.41785,-0.268242,-9.7621,0.0015979,0.212787,0.010919,0.0,0.0,0.0,0.0,3.33984,10.5352,1.0,1.0,Nothing,seated
33.2337,332,-1.37953,-0.258662,-9.72378,0.00905475,0.186688,0.0183758,0.0,0.0,0.0,0.0,4.21875,8.7798,1.0,1.0,Nothing,seated
33.3339,333,-1.41785,-0.258662,-9.69504,0.00372843,0.136088,0.0231695,0.0,0.0,0.0,0.0,4.74609,5.26774,1.0,1.0,Nothing,seated
33.434,334,-1.36995,-0.287402,-9.68546,0.00905475,0.0988033,0.0119842,0.0,0.0,0.0,0.0,5.09766,3.512,1.0,1.0,Nothing,seated
33.5341,335,-1.37953,-0.249082,-9.6663,0.0106526,0.046339,0.0125169,0.0,0.0,0.0,0.0,5.27344,1.75596,1.0,1.0,Nothing,seated
33.6342,336,-1.36995,-0.296982,-9.68546,0.015979,-0.00452737,0.0197074,0.0,0.0,0.0,0.0,4.92188,-3.51193,1.0,1.0,Nothing,seated
33.7343,337,-1.38911,-0.306563,-9.69504,0.00905475,-0.0617853,0.0106526,0.0,0.0,0.0,0.0,4.39453,-5.2679,1.0,1.0,Nothing,seated
33.8344,338,-1.41785,-0.277822,-9.70462,0.01012,-0.107325,0.00798948,0.0,0.0,0.0,0.0,3.69141,-7.02397,1.0,1.0,Nothing,seated
33.9345,339,-1.39869,-0.296982,-9.74294,0.00719053,-0.138218,0.0157127,0.0,0.0,0.0,0.0,2.8125,-8.77971,1.0,1.0,Nothing,seated
34.0346,340,-1.41785,-0.277822,-9.84832,0.0098537,-0.168578,0.0189084,0.0,0.0,0.0,0.0,1.75781,-10.5354,1.0,1.0,Nothing,seated
34.1347,341,-1.41785,-0.268242,-9.77168,0.00798948,-0.19015,0.0135821,0.0,0.0,0.0,0.0,0.527344,-12.2903,1.0,1.0,Nothing,seated
34.2347,342,-1.39869,-0.287402,-9.7621,0.01012,-0.195476,0.00692422,0.0,0.0,0.0,0.0,-0.878906,-14.0585,1.0,1.0,Nothing,seated
34.3348,343,-1.36037,-0.268242,-9.7621,0.0135821,-0.18003,0.0157127,0.0,0.0,0.0,0.0,-1.75781,-8.78043,1.0,1.0,Nothing,seated
34.4349,344,-1.37953,-0.249082,-9.78126,0.00772317,-0.16485,0.0106526,0.0,0.0,0.0,0.0,-2.8125,-10.5354,1.0,1.0,Nothing,seated
34.535,345,-1.37953,-0.249082,-9.77168,0.00106526,-0.128098,0.0127832,0.0,0.0,0.0,0.0,-3.51562,-7.02404,1.0,1.0,Nothing,seated
34.6352,346,-1.35079,-0.287402,-9.73336,0.00798948,-0.0929443,0.00932106,0.0,0.0,0.0,0.0,-4.04297,-5.26764,1.0,1.0,Nothing,seated
34.7353,347,-1.38911,-0.296982,-9.69504,0.00932106,-0.0348874,0.0175769,0.0,0.0,0.0,0.0,-4.39453,-3.51173,1.0,1.0,Nothing,seated
34.8354,348,-1.36037,-0.268242,-9.7142,0.00346211,0.0125169,0.0117179,0.0,0.0,0.0,0.0,-4.39453,0.0,1.0,1.0,Nothing,seated
34.9355,349,-1.38911,-0.287402,-9.7142,0.00798948,0.0703075,0.0167779,0.0,0.0,0.0,0.0,-4.04297,3.51194,1.0,1.0,Nothing,seated
35.0356,350,-1.41785,-0.287402,-9.74294,0.0119842,0.112918,0.0173105,0.0,0.0,0.0,0.0,-3.51562,5.26782,1.0,1.0,Nothing,seated
35.1357,351,-1.36995,-0.287402,-9.73336,0.0157127,0.158724,0.015979,0.0,0.0,0.0,0.0,-2.63672,8.77919,1.0,1.0,Nothing,seated
35.2358,352,-1.43701,-0.296982,-9.78126,0.00692422,0.187753,0.00905475,0.0,0.0,0.0,0.0,-1.58203,10.5357,1.0,1.0,Nothing,seated
35.3359,353,-1.42743,-0.277822,-9.84832,0.0199737,0.21758,0.0181095,0.0,0.0,0.0,0.0,-0.527344,10.5349,1.0,1.0,Nothing,seated
35.436,354,-1.37953,-0.306563,-9.78126,0.00692422,0.229032,0.0098537,0.0,0.0,0.0,0.0,0.703125,12.2914,1.0,1.0,Nothing,seated
35.5361,355,-1.40827,-0.258662,-9.79084,0.0189084,0.226369,0.0157127,0.0,0.0,0.0,0.0,1.75781,10.5354,1.0,1.0,Nothing,seated
35.6362,356,-1.40827,-0.277822,-9.7621,0.00346211,0.215982,0.0119842,0.0,0.0,0.0,0.0,2.8125,10.5357,1.0,1.0,Nothing,seated
35.7363,357,-1.41785,-0.268242,-9.7142,0.00852212,0.188019,0.00852212,0.0,0.0,0.0,0.0,3.86719,10.5355,1.0,1.0,Nothing,seated
35.8365,358,-1.37953,-0.239502,-9.73336,0.0173105,0.15686,0.0213053,0.0,0.0,0.0,0.0,4.57031,7.02375,1.0,1.0,Nothing,seated
35.9366,359,-1.37953,-0.296982,-9.6663,0.00559264,0.116913,0.010919,0.0,0.0,0.0,0.0,4.92188,3.51206,1.0,1.0,Nothing,seated
36.0367,360,-1.38911,-0.268242,-9.69504,0.0114516,0.0639159,0.0149137,0.0,0.0,0.0,0.0,5.09766,1.75588,1.0,1.0,Nothing,seated
36.1368,361,-1.36037,-0.287402,-9.6663,0.00745685,0.0173105,0.0189084,0.0,0.0,0.0,0.0,4.92188,-1.7558,1.0,1.0,Nothing,seated
36.2369,362,-1.39869,-0.287402,-9.7142,0.0114516,-0.041279,0.0173105,0.0,0.0,0.0,0.0,4.57031,-3.51183,1.0,1.0,Nothing,seated
36.337,363,-1.37953,-0.258662,-9.7142,-0.000532632,-0.0820254,0.01518,0.0,0.0,0.0,0.0,4.04297,-5.26769,1.0,1.0,Nothing,seated
36.4371,364,-1.41785,-0.277822,-9.72378,0.00239685,-0.129696,0.00292948,0.0,0.0,0.0,0.0,3.16406,-8.7795,1.0,1.0,Nothing,seated
36.5372,365,-1.41785,-0.277822,-9.77168,0.00772317,-0.154996,0.021039,0.0,0.0,0.0,0.0,2.10938,-10.5357,1.0,1.0,Nothing,seated
36.6373,366,-1.41785,-0.249082,-9.84832,0.00506001,-0.183225,0.00585895,0.0,0.0,0.0,0.0,0.878906,-12.2916,1.0,1.0,Nothing,seated
36.7374,367,-1.39869,-0.268242,-9.84832,0.0098537,-0.189883,0.0218379,0.0,0.0,0.0,0.0,-0.703125,-15.803,1.0,1.0,Nothing,seated
36.8375,368,-1.41785,-0.239502,-9.84832,0.010919,-0.18509,0.0154463,0.0,0.0,0.0,0.0,-1.40625,-7.02526,1.0,1.0,Nothing,seated
36.9376,369,-1.41785,-0.249082,-9.84832,0.01012,-0.169111,0.0117179,0.0,0.0,0.0,0.0,-2.46094,-10.5358,1.0,1.0,Nothing,seated
37.0377,370,-1.39869,-0.287402,-9.84832,0.0130495,-0.136354,0.0162453,0.0,0.0,0.0,0.0,-3.33984,-8.77961,1.0,1.0,Nothing,seated
37.1378,371,-1.38911,-0.268242,-9.74294,0.0141148,-0.0990696,0.0213053,0.0,0.0,0.0,0.0,-3.86719,-5.26809,1.0,1.0,Nothing,seated
37.2379,372,-1.37953,-0.296982,-9.7142,0.00958738,-0.0511327,0.0189084,0.0,0.0,0.0,0.0,-4.21875,-3.51186,1.0,1.0,Nothing,seated
37.338,373,-1.36037,-0.268242,-9.74294,0.0146474,-0.00346211,0.0199737,0.0,0.0,0.0,0.0,-4.39453,-1.7559,1.0,1.0,Nothing,seated
37.4382,374,-1.36995,-0.277822,-9.73336,0.010919,0.0492685,0.0127832,0.0,0.0,0.0,0.0,-4.21875,1.75588,1.0,1.0,Nothing,seated
37.5383,375,-1.41785,-0.277822,-9.73336,0.010919,0.0998685,0.0167779,0.0,0.0,0.0,0.0,-3.69141,5.26787,1.0,1.0,Nothing,seated
37.6384,376,-1.39869,-0.268242,-9.7142,0.0149137,0.144077,0.0183758,0.0,0.0,0.0,0.0,-2.8125,8.77997,1.0,1.0,Nothing,seated
37.7385,377,-1.40827,-0.277822,-9.78126,0.00506001,0.184557,0.0127832,0.0,0.0,0.0,0.0,-2.10938,7.02401,1.0,1.0,Nothing,seated
37.8386,378,-1.36995,-0.258662,-9.78126,0.00639159,0.210922,0.0130495,0.0,0.0,0.0,0.0,-0.878906,12.2919,1.0,1.0,Nothing,seated
37.9387,379,-1.42743,-0.249082,-9.78126,0.0173105,0.224771,0.0223706,0.0,0.0,0.0,0.0,0.351562,12.2916,1.0,1.0,Nothing,seated
38.0387,380,-1.38911,-0.287402,-9.75252,0.0194411,0.231961,0.0221042,0.0,0.0,0.0,0.0,1.40625,10.5416,1.0,1.0,Nothing,seated
38.1388,381,-1.38911,-0.268242,-9.80042,0.0178432,0.223706,0.0218379,0.0,0.0,0.0,0.0,2.46094,10.5357,1.0,1.0,Nothing,seated
38.2389,382,-1.38911,-0.249082,-9.72378,0.0119842,0.193878,0.0162453,0.0,0.0,0.0,0.0,3.51562,10.5358,1.0,1.0,Nothing,seated
38.3391,383,-1.42743,-0.277822,-9.73336,0.021039,0.161654,0.0141148,0.0,0.0,0.0,0.0,4.21875,7.02362,1.0,1.0,Nothing,seated
38.4392,384,-1.38911,-0.287402,-9.73336,0.015979,0.121706,0.00905475,0.0,0.0,0.0,0.0,4.74609,5.26762,1.0,1.0,Nothing,seated
38.5393,385,-1.36995,-0.258662,-9.65672,0.00372843,0.0785633,0.00692422,0.0,0.0,0.0,0.0,4.92188,1.75587,1.0,1.0,Nothing,seated
38.6394,386,-1.37953,-0.239502,-9.7142,0.00905475,0.0221042,0.00692422,0.0,0.0,0.0,0.0,5.09766,1.75587,1.0,1.0,Nothing,seated
38.7395,387,-1.37953,-0.296982,-9.68546,0.0135821,-0.0199737,0.0215716,0.0,0.0,0.0,0.0,4.74609,-3.51168,1.0,1.0,Nothing,seated
38.8396,388,-1.38911,-0.258662,-9.70462,0.0141148,-0.0679106,0.0189084,0.0,0.0,0.0,0.0,4.21875,-5.26768,1.0,1.0,Nothing,seated
38.9397,389,-1.37953,-0.258662,-9.72378,-0.00372843,-0.118244,0.00559264,0.0,0.0,0.0,0.0,3.51562,-7.02315,1.0,1.0,Nothing,seated
39.0398,390,-1.41785,-0.268242,-9.7621,0.0135821,-0.148072,0.0119842,0.0,0.0,0.0,0.0,2.46094,-10.5357,1.0,1.0,Nothing,seated
39.1399,391,-1.41785,-0.277822,-9.74294,0.00239685,-0.170176,0.0119842,0.0,0.0,0.0,0.0,1.40625,-10.5349,1.0,1.0,Nothing,seated
39.24,392,-1.43701,-0.287402,-9.84832,0.00692422,-0.183225,0.00932106,0.0,0.0,0.0,0.0,0.175781,-12.2911,1.0,1.0,Nothing,seated
39.3401,393,-1.36995,-0.258662,-9.84832,0.0127832,-0.187753,0.0117179,0.0,0.0,0.0,0.0,-0.878906,-10.5357,1.0,1.0,Nothing,seated
39.4403,394,-1.42743,-0.249082,-9.84832,0.0125169,-0.179231,0.0114516,0.0,0.0,0.0,0.0,-2.10938,-12.2909,1.0,1.0,Nothing,seated
39.5404,395,-1.43701,-0.287402,-9.74294,0.00932106,-0.141414,0.0178432,0.0,0.0,0.0,0.0,-2.98828,-8.77965,1.0,1.0,Nothing,seated
39.6405,396,-1.37953,-0.249082,-9.73336,0.00266316,-0.10919,0.00745685,0.0,0.0,0.0,0.0,-3.51562,-5.2677,1.0,1.0,Nothing,seated
39.7406,397,-1.36995,-0.258662,-9.73336,0.0149137,-0.0708401,0.0229032,0.0,0.0,0.0,0.0,-4.04297,-5.26782,1.0,1.0,Nothing,seated
39.8407,398,-1.41785,-0.268242,-9.70462,0.0117179,-0.0138484,0.0173105,0.0,0.0,0.0,0.0,-4.21875,-1.75593,1.0,1.0,Nothing,seated
39.9408,399,-1.39869,-0.287402,-9.73336,0.01012,0.0308927,0.0066579,0.0,0.0,0.0,0.0,-4.21875,0.0,1.0,1.0,Nothing,seated
40.0409,400,-1.36037,-0.258662,-9.73336,0.00932106,0.077498,0.0135821,0.0,0.0,0.0,0.0,-3.86719,3.51179,1.0,1.0,Nothing,seated
40.141,401,-1.38911,-0.258662,-9.75252,0.0127832,0.128364,0.0213053,0.0,0.0,0.0,0.0,-3.16406,7.02367,1.0,1.0,Nothing,seated
