0.000116825,0,-1.54239,-0.277822,-9.5705,0.01518,0.0231695,0.0114516,0.0,0.0,0.0,0.0,0.527344,0.0,1.0,1.0,None,seated
0.100236,1,-1.52323,-0.287402,-9.6184,0.0157127,0.0197074,0.0117179,0.0,0.0,0.0,0.0,0.527344,0.0,1.0,1.0,Nothing,seated
0.2003,2,-1.52323,-0.287402,-9.60882,0.0170442,0.0149137,0.0133158,0.0,0.0,0.0,0.0,0.703125,1.75669,1.0,1.0,Nothing,seated
0.300406,3,-1.51365,-0.296982,-9.59924,0.0170442,0.0175769,0.010919,0.0,0.0,0.0,0.0,0.703125,0.0,1.0,1.0,Nothing,seated
0.400509,4,-1.53281,-0.296982,-9.6184,0.0183758,0.0183758,0.0119842,0.0,0.0,0.0,0.0,0.703125,0.0,1.0,1.0,Nothing,seated
0.500617,5,-1.57113,-0.287402,-9.6184,0.015979,0.0127832,0.0098537,0.0,0.0,0.0,0.0,0.703125,0.0,1.0,1.0,Nothing,seated
0.600722,6,-1.54239,-0.306563,-9.6184,0.010919,0.0146474,0.0135821,0.0,0.0,0.0,0.0,0.703125,0.0,1.0,1.0,Nothing,seated
0.700835,7,-1.52323,-0.277822,-9.60882,0.015979,0.0111853,0.0098537,0.0,0.0,0.0,0.0,0.703125,0.0,1.0,1.0,Nothing,seated
0.800944,8,-1.48491,-0.249082,-9.64714,0.0154463,0.0111853,0.010919,0.0,0.0,0.0,0.0,0.703125,0.0,1.0,1.0,Nothing,seated
0.901049,9,-1.55197,-0.258662,-9.58966,0.0183758,0.0135821,0.0146474,0.0,0.0,0.0,0.0,0.527344,-1.75597,1.0,1.0,Nothing,seated
1.00115,10,-1.51365,-0.268242,-9.60882,0.0106526,0.0133158,0.0098537,0.0,0.0,0.0,0.0,0.527344,0.0,1.0,1.0,Nothing,seated
1.10126,11,-1.54239,-0.287402,-9.64714,0.0167779,0.0114516,0.0111853,0.0,0.0,0.0,0.0,0.527344,0.0,1.0,1.0,Nothing,seated
1.20136,12,-1.51365,-0.287402,-9.62798,0.0183758,0.0098537,0.0133158,0.0,0.0,0.0,0.0,0.527344,0.0,1.0,1.0,Nothing,seated
1.30147,13,-1.51365,-0.316143,-9.60882,0.0175769,0.0111853,0.0130495,0.0,0.0,0.0,0.0,0.527344,0.0,1.0,1.0,Nothing,seated
1.40157,14,-1.56155,-0.287402,-9.64714,0.0133158,0.00798948,0.0119842,0.0,0.0,0.0,0.0,0.527344,0.0,1.0,1.0,Nothing,seated
1.50167,15,-1.54239,-0.287402,-9.62798,0.0181095,0.0098537,0.0117179,0.0,0.0,0.0,0.0,0.527344,0.0,1.0,1.0,Nothing,seated
1.60177,16,-1.54239,-0.296982,-9.62798,0.0170442,0.0154463,0.00878843,0.0,0.0,0.0,0.0,0.527344,0.0,1.0,1.0,Nothing,seated
1.70188,17,-1.54239,-0.258662,-9.58966,0.0178432,0.0130495,0.01518,0.0,0.0,0.0,0.0,0.351562,-1.75592,1.0,1.0,Nothing,seated
1.80199,18,-1.51365,-0.258662,-9.56092,0.0149137,0.0098537,0.00639159,0.0,0.0,0.0,0.0,0.351562,0.0,1.0,1.0,Nothing,seated
1.9021,19,-1.45617,-0.258662,-9.60882,0.0218379,0.0189084,-0.00106526,0.0,0.0,0.0,0.0,0.351562,0.0,1.0,1.0,Nothing,seated
2.00221,20,-1.33163,-0.229922,-9.67588,0.0213053,0.0287621,0.0111853,0.0,0.0,0.0,0.0,0.527344,1.75585,1.0,1.0,Nothing,seated
2.10232,21,-1.22625,-0.258662,-9.65672,0.0149137,0.0407464,0.0178432,0.0,0.0,0.0,0.0,0.527344,0.0,1.0,1.0,Nothing,seated
2.20242,22,-1.18793,-0.306563,-9.72378,0.0229032,0.0655138,-0.000266316,0.0,0.0,0.0,0.0,0.878906,3.512,1.0,1.0,Nothing,seated
2.30253,23,-1.26457,-0.306563,-9.69504,0.0178432,0.0785633,0.00292948,0.0,0.0,0.0,0.0,1.23047,3.51176,1.0,1.0,Nothing,seated
2.40264,24,-1.14003,-0.344883,-9.6663,0.0146474,0.0900148,0.0274306,0.0,0.0,0.0,0.0,1.58203,3.51177,1.0,1.0,Nothing,seated
2.50275,25,-1.07297,-0.364043,-9.70462,0.01518,0.105195,0.0,0.0,0.0,0.0,0.0,2.10938,5.26759,1.0,1.0,Nothing,seated
2.60286,26,-1.05381,-0.277822,-9.73336,0.021039,0.114782,-0.00878843,0.0,0.0,0.0,0.0,2.63672,5.26779,1.0,1.0,Nothing,seated
2.70297,27,-1.01549,-0.325723,-9.74294,0.0183758,0.120908,0.02024,0.0,0.0,0.0,0.0,3.16406,5.26749,1.0,1.0,Nothing,seated
2.80308,28,-1.01549,-0.249082,-9.70462,0.015979,0.124902,0.0218379,0.0,0.0,0.0,0.0,3.69141,5.26764,1.0,1.0,Nothing,seated
2.90319,29,-0.948428,-0.210762,-9.73336,0.0191748,0.123837,0.00479369,0.0,0.0,0.0,0.0,4.39453,7.02374,1.0,1.0,Nothing,seated
3.00329,30,-0.986748,-0.172441,-9.74294,0.021039,0.117712,0.00798948,0.0,0.0,0.0,0.0,4.92188,5.26785,1.0,1.0,Nothing,seated
3.10341,31,-0.775986,-0.220342,-9.70462,0.021039,0.116913,0.0106526,0.0,0.0,0.0,0.0,5.44922,5.26749,1.0,1.0,Nothing,seated
3.20351,32,-0.708926,-0.296982,-9.74294,0.0199737,0.105195,-0.00266316,0.0,0.0,0.0,0.0,5.97656,5.268,1.0,1.0,Nothing,seated
3.30362,33,-0.593965,-0.344883,-9.7142,0.0215716,0.114516,-0.00346211,0.0,0.0,0.0,0.0,6.32812,3.51184,1.0,1.0,Nothing,seated
3.40374,34,-0.536484,-0.383203,-9.75252,0.0199737,0.105461,0.0117179,0.0,0.0,0.0,0.0,6.67969,3.51128,1.0,1.0,Nothing,seated
3.50385,35,-0.469424,-0.373623,-9.72378,0.0215716,0.0908138,0.00692422,0.0,0.0,0.0,0.0,7.03125,3.5119,1.0,1.0,Nothing,seated
3.60396,36,-0.306563,-0.258662,-9.74294,0.0170442,0.0972054,-0.00798948,0.0,0.0,0.0,0.0,7.55859,5.26769,1.0,1.0,Nothing,seated
3.70406,37,-0.134121,-0.249082,-9.84832,0.0178432,0.0988033,-0.00745685,0.0,0.0,0.0,0.0,7.91016,3.51194,1.0,1.0,Nothing,seated
3.80417,38,-0.229922,-0.191602,-9.79084,0.0125169,0.0910801,0.0276969,0.0,0.0,0.0,0.0,8.26172,3.51184,1.0,1.0,Nothing,seated
3.90428,39,-0.239502,-0.239502,-9.7621,0.0133158,0.0886833,0.0183758,0.0,0.0,0.0,0.0,8.61328,3.51169,1.0,1.0,Nothing,seated
4.00439,40,-0.143701,-0.210762,-9.74294,0.0205063,0.0756338,-0.0157127,0.0,0.0,0.0,0.0,8.96484,3.51194,1.0,1.0,Nothing,seated
4.1045,41,-0.0574805,-0.229922,-9.77168,0.0178432,0.0676443,0.00878843,0.0,0.0,0.0,0.0,9.14062,1.75585,1.0,1.0,Nothing,seated
4.2046,42,-0.0574805,-0.344883,-9.74294,0.0146474,0.0671117,0.0133158,0.0,0.0,0.0,0.0,9.31641,1.75607,1.0,1.0,Nothing,seated
4.3047,43,-0.00958008,-0.344883,-9.72378,0.0197074,0.0551274,-0.000266316,0.0,0.0,0.0,0.0,9.66797,3.5119,1.0,1.0,Nothing,seated
4.40481,44,0.0191602,-0.335303,-9.77168,0.0162453,0.041279,0.000798948,0.0,0.0,0.0,0.0,9.84375,1.75593,1.0,1.0,Nothing,seated
4.50492,45,0.210762,-0.258662,-9.78126,0.0181095,0.0593885,0.0106526,0.0,0.0,0.0,0.0,9.84375,0.0,1.0,1.0,Nothing,seated
4.60503,46,0.210762,-0.277822,-9.84832,0.0157127,0.0575243,0.00346211,0.0,0.0,0.0,0.0,10.0195,1.75588,1.0,1.0,Nothing,seated
4.70513,47,0.306563,-0.201182,-9.87706,0.0205063,0.0548611,-0.000532632,0.0,0.0,0.0,0.0,10.1953,1.75594,1.0,1.0,Nothing,seated
4.80524,48,0.239502,-0.210762,-9.80042,0.0178432,0.0428769,0.0173105,0.0,0.0,0.0,0.0,10.3711,1.7559,1.0,1.0,Nothing,seated
4.9053,49,0.335303,-0.277822,-9.74294,0.0175769,0.0439422,0.0133158,0.0,0.0,0.0,0.0,10.5469,1.75678,1.0,1.0,Nothing,seated
5.00541,50,-0.852627,-0.220342,-9.58966,0.0154463,-0.0279632,0.056459,0.0,0.0,0.0,0.0,10.7227,1.75592,1.0,1.0,Nothing,seated
5.10551,51,-1.36037,-0.335303,-9.34058,-0.00106526,-0.0399474,0.145142,0.0,0.0,0.0,0.0,10.3711,-3.51205,1.0,1.0,Nothing,seated
5.20562,52,-1.43701,-0.383203,-9.44596,0.0098537,-0.174171,0.0402137,0.0,0.0,0.0,0.0,9.31641,-10.5355,1.0,1.0,Nothing,seated
5.30573,53,-1.53281,-0.373623,-9.65672,0.0199737,-0.289486,-0.0900148,0.0,0.0,0.0,0.0,7.55859,-17.5595,1.0,1.0,Nothing,seated
5.40585,54,-1.52323,-0.239502,-9.84832,0.0106526,-0.370712,-0.0276969,0.0,0.0,0.0,0.0,5.44922,-21.0681,1.0,1.0,Nothing,seated
5.50596,55,-1.59029,-0.287402,-9.93454,-0.00479369,-0.420247,0.0772317,0.0,0.0,0.0,0.0,2.98828,-24.5826,1.0,1.0,Nothing,seated
5.60606,56,-1.55197,-0.268242,-10.0112,0.000266316,-0.439155,0.0242348,0.0,0.0,0.0,0.0,0.351562,-26.339,1.0,1.0,Nothing,seated
5.70616,57,-1.48491,-0.201182,-9.96328,0.0218379,-0.439155,-0.0332895,0.0,0.0,0.0,0.0,-1.93359,-22.8287,1.0,1.0,Nothing,seated
5.80628,58,-1.50407,-0.191602,-9.84832,0.0125169,-0.414388,-0.0295611,0.0,0.0,0.0,0.0,-4.57031,-26.3361,1.0,1.0,Nothing,seated
5.90638,59,-1.47533,-0.220342,-9.73336,0.00266316,-0.365119,0.0396811,0.0,0.0,0.0,0.0,-6.50391,-19.3168,1.0,1.0,Nothing,seated
6.00649,60,-1.47533,-0.258662,-9.64714,0.0141148,-0.291616,0.0274306,0.0,0.0,0.0,0.0,-8.08594,-15.8034,1.0,1.0,Nothing,seated
6.1066,61,-1.47533,-0.325723,-9.59924,0.02024,-0.196009,-0.0175769,0.0,0.0,0.0,0.0,-9.14062,-10.5353,1.0,1.0,Nothing,seated
6.2067,62,-1.44659,-0.316143,-9.60882,0.0170442,-0.0972054,-0.0154463,0.0,0.0,0.0,0.0,-9.66797,-5.26785,1.0,1.0,Nothing,seated
6.30681,63,-1.43701,-0.335303,-9.55134,0.0154463,0.0141148,0.0319579,0.0,0.0,0.0,0.0,-9.49219,1.75592,1.0,1.0,Nothing,seated
6.40692,64,-1.43701,-0.296982,-9.58966,0.0114516,0.130495,0.0250337,0.0,0.0,0.0,0.0,-8.96484,5.26774,1.0,1.0,Nothing,seated
6.50703,65,-1.45617,-0.258662,-9.60882,0.0194411,0.229564,-0.00213053,0.0,0.0,0.0,0.0,-7.55859,14.0473,1.0,1.0,Nothing,seated
6.60714,66,-1.44659,-0.229922,-9.70462,0.0271642,0.318248,0.00639159,0.0,0.0,0.0,0.0,-5.80078,17.5588,1.0,1.0,Nothing,seated
6.70725,67,-1.52323,-0.229922,-9.84832,0.0170442,0.391485,0.0279632,0.0,0.0,0.0,0.0,-3.69141,21.0701,1.0,1.0,Nothing,seated
6.8073,68,-1.50407,-0.258662,-9.89622,0.0178432,0.437025,0.0170442,0.0,0.0,0.0,0.0,-1.23047,24.5977,1.0,1.0,Nothing,seated
6.90741,69,-1.57113,-0.296982,-9.97286,0.0199737,0.462857,0.00266316,0.0,0.0,0.0,0.0,1.23047,24.5823,1.0,1.0,Nothing,seated
7.00752,70,-1.55197,-0.296982,-9.89622,0.0221042,0.456998,0.00772317,0.0,0.0,0.0,0.0,3.69141,24.5811,1.0,1.0,Nothing,seated
7.10763,71,-1.50407,-0.335303,-9.84832,0.0189084,0.429568,0.0255663,0.0,0.0,0.0,0.0,6.15234,24.5818,1.0,1.0,Nothing,seated
7.20774,72,-1.50407,-0.306563,-9.70462,0.0175769,0.370446,0.0191748,0.0,0.0,0.0,0.0,7.91016,17.5595,1.0,1.0,Nothing,seated
7.30785,73,-1.48491,-0.258662,-9.59924,0.0231695,0.288687,0.00346211,0.0,0.0,0.0,0.0,9.31641,14.0472,1.0,1.0,Nothing,seated
7.40796,74,-1.45617,-0.258662,-9.48428,0.015979,0.194411,0.00878843,0.0,0.0,0.0,0.0,10.3711,10.5356,1.0,1.0,Nothing,seated
7.50807,75,-1.45617,-0.258662,-9.46512,0.0167779,0.0860201,0.0223706,0.0,0.0,0.0,0.0,10.7227,3.51177,1.0,1.0,Nothing,seated
7.60818,76,-1.47533,-0.249082,-9.43638,0.0138484,-0.0271642,0.0114516,0.0,0.0,0.0,0.0,10.3711,-3.51173,1.0,1.0,Nothing,seated
7.70829,77,-1.45617,-0.316143,-9.49386,0.0114516,-0.135555,0.00266316,0.0,0.0,0.0,0.0,9.49219,-8.77898,1.0,1.0,Nothing,seated
7.80839,78,-1.44659,-0.296982,-9.59924,0.0119842,-0.231162,0.00878843,0.0,0.0,0.0,0.0,8.26172,-12.292,1.0,1.0,Nothing,seated
7.90851,79,-1.48491,-0.335303,-9.70462,0.01012,-0.312655,0.0130495,0.0,0.0,0.0,0.0,6.32812,-19.3145,1.0,1.0,Nothing,seated
8.00862,80,-1.50407,-0.325723,-9.84832,0.00852212,-0.376571,0.00292948,0.0,0.0,0.0,0.0,4.04297,-22.8267,1.0,1.0,Nothing,seated
8.10872,81,-1.54239,-0.296982,-9.9058,0.0117179,-0.417584,0.00772317,0.0,0.0,0.0,0.0,1.58203,-24.5827,1.0,1.0,Nothing,seated
8.20884,82,-1.48491,-0.249082,-9.92496,0.00878843,-0.433296,0.0114516,0.0,0.0,0.0,0.0,-1.05469,-26.3374,1.0,1.0,Nothing,seated
8.30894,83,-1.55197,-0.229922,-9.91538,0.0111853,-0.421578,0.0119842,0.0,0.0,0.0,0.0,-3.33984,-22.828,1.0,1.0,Nothing,seated
8.40905,84,-1.53281,-0.258662,-9.84832,0.0149137,-0.382164,0.00346211,0.0,0.0,0.0,0.0,-5.44922,-21.0708,1.0,1.0,Nothing,seated
8.50915,85,-1.44659,-0.258662,-9.7621,0.0114516,-0.316117,0.00559264,0.0,0.0,0.0,0.0,-7.20703,-17.5599,1.0,1.0,Nothing,seated
8.60926,86,-1.47533,-0.287402,-9.6184,0.0106526,-0.229831,0.0127832,0.0,0.0,0.0,0.0,-8.61328,-14.0472,1.0,1.0,Nothing,seated
8.7093,87,-1.45617,-0.296982,-9.56092,0.0146474,-0.131028,0.0111853,0.0,0.0,0.0,0.0,-9.31641,-7.02854,1.0,1.0,Nothing,seated
8.80942,88,-1.42743,-0.344883,-9.55134,0.01518,-0.0218379,0.0127832,0.0,0.0,0.0,0.0,-9.49219,-1.75578,1.0,1.0,Nothing,seated
8.90953,89,-1.40827,-0.287402,-9.55134,0.0173105,0.0857538,0.0135821,0.0,0.0,0.0,0.0,-9.14062,3.51176,1.0,1.0,Nothing,seated
9.00964,90,-1.45617,-0.287402,-9.59924,0.0173105,0.192813,0.0173105,0.0,0.0,0.0,0.0,-8.08594,10.5354,1.0,1.0,Nothing,seated
9.10975,91,-1.49449,-0.258662,-9.64714,0.021039,0.283094,0.0130495,0.0,0.0,0.0,0.0,-6.50391,15.8023,1.0,1.0,Nothing,seated
9.20986,92,-1.50407,-0.239502,-9.84832,0.0178432,0.360858,0.0127832,0.0,0.0,0.0,0.0,-4.21875,22.8271,1.0,1.0,Nothing,seated
9.30995,93,-1.56155,-0.229922,-9.84832,0.0181095,0.414921,0.0130495,0.0,0.0,0.0,0.0,-2.10938,21.0742,1.0,1.0,Nothing,seated
9.41005,94,-1.55197,-0.258662,-9.9537,0.0199737,0.452205,0.015979,0.0,0.0,0.0,0.0,0.703125,28.0972,1.0,1.0,Nothing,seated
9.51014,95,-1.54239,-0.296982,-9.9058,0.0245011,0.455933,0.0117179,0.0,0.0,0.0,0.0,2.8125,21.0749,1.0,1.0,Nothing,seated
9.61024,96,-1.51365,-0.296982,-9.84832,0.0237021,0.432764,0.01012,0.0,0.0,0.0,0.0,5.09766,22.8277,1.0,1.0,Nothing,seated
9.7103,97,-1.52323,-0.325723,-9.73336,0.021039,0.392284,0.0175769,0.0,0.0,0.0,0.0,7.03125,19.3247,1.0,1.0,Nothing,seated
9.81041,98,-1.48491,-0.287402,-9.64714,0.0194411,0.316916,0.0117179,0.0,0.0,0.0,0.0,8.78906,17.5592,1.0,1.0,Nothing,seated
9.91053,99,-1.46575,-0.268242,-9.56092,0.0194411,0.226102,0.00905475,0.0,0.0,0.0,0.0,9.84375,10.5343,1.0,1.0,Nothing,seated
10.0106,100,-1.47533,-0.239502,-9.46512,0.0197074,0.121973,0.00958738,0.0,0.0,0.0,0.0,10.5469,7.02369,1.0,1.0,Nothing,seated
10.1107,101,-1.44659,-0.258662,-9.43638,0.0170442,0.0181095,0.0111853,0.0,0.0,0.0,0.0,10.3711,-1.75585,1.0,1.0,Nothing,seated
10.2109,102,-1.46575,-0.296982,-9.46512,0.0149137,-0.0814927,0.00878843,0.0,0.0,0.0,0.0,9.84375,-5.26782,1.0,1.0,MaintainConstant,seated
10.311,103,-1.43701,-0.277822,-9.55134,0.0167779,-0.19015,0.00958738,0.0,0.0,0.0,0.0,8.61328,-12.2929,1.0,1.0,MaintainConstant,seated
10.411,104,-1.46575,-0.296982,-9.64714,0.0138484,-0.277501,0.0127832,0.0,0.0,0.0,0.0,7.03125,-15.8052,1.0,1.0,MaintainConstant,seated
10.5111,105,-1.51365,-0.296982,-9.79084,0.00719053,-0.348075,0.00745685,0.0,0.0,0.0,0.0,4.92188,-21.0723,1.0,1.0,MaintainConstant,seated
10.6112,106,-1.47533,-0.268242,-9.8579,0.0106526,-0.397344,0.00426106,0.0,0.0,0.0,0.0,2.46094,-24.5867,1.0,1.0,MaintainConstant,seated
10.7113,107,-1.52323,-0.296982,-9.91538,0.00958738,-0.422377,0.0111853,0.0,0.0,0.0,0.0,-0.527344,-29.8543,1.0,1.0,MaintainConstant,seated
10.8114,108,-1.51365,-0.268242,-9.94412,0.0106526,-0.419182,0.00878843,0.0,0.0,0.0,0.0,-2.28516,-17.5636,1.0,1.0,MaintainConstant,seated
10.9115,109,-1.50407,-0.258662,-9.8579,0.0130495,-0.394148,0.00798948,0.0,0.0,0.0,0.0,-4.57031,-22.83,1.0,1.0,MaintainConstant,seated
11.0116,110,-1.49449,-0.258662,-9.84832,0.0170442,-0.335026,0.00745685,0.0,0.0,0.0,0.0,-6.50391,-19.3185,1.0,1.0,MaintainConstant,seated
11.1117,111,-1.43701,-0.287402,-9.65672,0.0111853,-0.26099,0.00772317,0.0,0.0,0.0,0.0,-7.91016,-14.0504,1.0,1.0,MaintainConstant,seated
11.2118,112,-1.46575,-0.277822,-9.60882,0.0149137,-0.188019,0.0114516,0.0,0.0,0.0,0.0,-8.96484,-10.5368,1.0,1.0,MaintainConstant,seated
11.3119,113,-1.39869,-0.325723,-9.58008,0.01518,-0.0836233,0.0114516,0.0,0.0,0.0,0.0,-9.31641,-3.51216,1.0,1.0,MaintainConstant,seated
11.412,114,-1.44659,-0.296982,-9.54176,0.0138484,0.0205063,0.010919,0.0,0.0,0.0,0.0,-9.14062,1.75606,1.0,1.0,MaintainConstant,seated
11.5121,115,-1.44659,-0.296982,-9.58008,0.0157127,0.131294,0.0111853,0.0,0.0,0.0,0.0,-8.4375,7.02454,1.0,1.0,MaintainConstant,seated
11.6122,116,-1.44659,-0.277822,-9.60882,0.0199737,0.249006,0.0114516,0.0,0.0,0.0,0.0,-7.03125,14.0492,1.0,1.0,MaintainConstant,seated
11.7123,117,-1.50407,-0.287402,-9.77168,0.0181095,0.310791,0.0138484,0.0,0.0,0.0,0.0,-5.27344,17.5618,1.0,1.0,MaintainConstant,seated
11.8124,118,-1.51365,-0.268242,-9.86748,0.0221042,0.380033,0.0157127,0.0,0.0,0.0,0.0,-3.16406,21.0739,1.0,1.0,MaintainConstant,seated
11.9125,119,-1.52323,-0.287402,-9.89622,0.0205063,0.429568,0.0149137,0.0,0.0,0.0,0.0,-0.703125,24.5865,1.0,1.0,MaintainConstant,seated
12.0125,120,-1.50407,-0.287402,-9.92496,0.0213053,0.446346,0.0098537,0.0,0.0,0.0,0.0,1.58203,22.8312,1.0,1.0,MaintainConstant,seated
12.1272,121,-1.37953,-0.383203,-9.68546,0.015979,0.390952,0.0218379,0.0,0.0,0.0,0.0,4.21875,23.0038,1.0,1.0,MaintainConstant,extended
12.2273,122,-0.287402,-1.03465,-9.10107,0.00852212,-0.867392,-0.145142,0.0,0.0,0.0,0.0,6.50391,22.8285,1.0,1.0,MaintainConstant,extended
12.3274,123,-6.70606,0.632285,-7.17548,-0.0327569,-2.41362,-0.0127832,0.0,0.0,0.0,0.0,8.08594,15.8059,1.0,1.0,MaintainConstant,extended
12.4274,124,-8.74661,-0.814307,-8.22929,0.0764327,-1.17366,-0.0276969,0.0,0.0,0.0,0.0,9.31641,12.2936,1.0,1.0,MaintainConstant,extended
12.5275,125,-3.59253,0.0574805,-7.25212,0.0567253,0.393882,-0.10413,0.0,0.0,0.0,0.0,10.0195,7.02447,1.0,1.0,MaintainConstant,extended
12.6276,126,-5.99713,-0.335303,-6.95514,-0.00506001,0.179497,0.036219,0.0,0.0,0.0,0.0,10.0195,0.0,1.0,1.0,MaintainConstant,extended
12.7277,127,-7.1659,-0.182021,-8.04727,-0.026099,-0.0945422,0.077498,0.0,0.0,0.0,0.0,9.66797,-3.51208,1.0,1.0,MaintainConstant,extended
12.8278,128,-6.03545,-0.210762,-7.34792,-0.00266316,-0.23782,0.0500674,0.0,0.0,0.0,0.0,8.61328,-10.5369,1.0,1.0,MaintainConstant,extended
12.9279,129,-5.62351,-0.249082,-7.05094,0.0332895,-0.332096,-0.0189084,0.0,0.0,0.0,0.0,7.03125,-15.8055,1.0,1.0,MaintainConstant,extended
13.028,130,-5.76721,-0.124541,-7.15632,0.0327569,-0.355798,-0.0340885,0.0,0.0,0.0,0.0,5.09766,-19.3176,1.0,1.0,MaintainConstant,extended
13.1281,131,-6.03545,-0.182021,-7.48204,0.00346211,-0.36219,0.00905475,0.0,0.0,0.0,0.0,2.8125,-22.8292,1.0,1.0,MaintainConstant,extended
13.2282,132,-6.31327,-0.191602,-7.71196,-0.00772317,-0.367783,0.0314253,0.0,0.0,0.0,0.0,0.527344,-22.8295,1.0,1.0,MaintainConstant,extended
13.3283,133,-6.39949,-0.296982,-7.70238,0.00292948,-0.376571,0.02024,0.0,0.0,0.0,0.0,-1.93359,-24.591,1.0,1.0,MaintainConstant,extended
13.4428,134,-6.98388,-0.210762,-7.55868,0.0205063,-0.355798,-0.0199737,0.0,0.0,0.0,0.0,-4.39453,-21.4938,1.0,1.0,MaintainConstant,seated
13.5429,135,-8.03769,-0.00958008,-7.76944,0.0271642,0.368582,-0.0170442,0.0,0.0,0.0,0.0,-6.67969,-22.8295,1.0,1.0,MaintainConstant,seated
13.643,136,-4.25355,0.536484,-7.09884,0.0474043,2.07833,0.0223706,0.0,0.0,0.0,0.0,-8.08594,-14.0496,1.0,1.0,MaintainConstant,seated
13.7431,137,0.996328,-0.0383203,-9.09149,0.0817591,2.58806,0.0593885,0.0,0.0,0.0,0.0,-8.96484,-8.7808,1.0,1.0,MaintainConstant,seated
13.8432,138,-2.44292,-0.708926,-10.3848,-0.0508664,-0.723315,0.0737696,0.0,0.0,0.0,0.0,-9.31641,-3.51232,1.0,1.0,MaintainConstant,seated
13.9433,139,-0.689766,-0.469424,-9.60882,-0.00266316,0.613859,-0.0671117,0.0,0.0,0.0,0.0,-9.14062,1.75603,1.0,1.0,MaintainConstant,seated
14.0434,140,-1.10171,-0.335303,-9.84832,0.0324906,-0.0868191,-0.0548611,0.0,0.0,0.0,0.0,-8.4375,7.02409,1.0,1.0,MaintainConstant,seated
14.1435,141,-1.27415,-0.229922,-9.62798,0.0282295,0.342483,0.0532632,0.0,0.0,0.0,0.0,-7.03125,14.0495,1.0,1.0,MaintainConstant,seated
14.2436,142,-1.66693,-0.287402,-9.8579,0.0229032,0.329433,0.0551274,0.0,0.0,0.0,0.0,-5.27344,17.5617,1.0,1.0,MaintainConstant,seated
14.3436,143,-1.65735,-0.354463,-9.84832,0.0213053,0.375239,0.0066579,0.0,0.0,0.0,0.0,-3.16406,21.0749,1.0,1.0,MaintainConstant,seated
14.4437,144,-1.44659,-0.258662,-9.8579,0.0284958,0.418915,-0.03036,0.0,0.0,0.0,0.0,-1.05469,21.0744,1.0,1.0,MaintainConstant,seated
14.5438,145,-1.41785,-0.306563,-9.84832,0.0253,0.440221,0.0218379,0.0,0.0,0.0,0.0,1.58203,26.3417,1.0,1.0,MaintainConstant,seated
14.6595,146,-1.51365,-0.392783,-9.84832,0.0189084,0.408795,0.0668453,0.0,0.0,0.0,0.0,4.21875,22.7875,1.0,1.0,MaintainConstant,extended
14.7596,147,-0.201182,0.124541,-8.72745,-0.00346211,-0.868723,-0.125169,0.0,0.0,0.0,0.0,6.32812,21.074,1.0,1.0,MaintainConstant,extended
14.8597,148,-5.87259,-0.0670606,-8.09517,-0.0213053,-2.51882,0.00878843,0.0,0.0,0.0,0.0,8.08594,17.5629,1.0,1.0,MaintainConstant,extended
14.9598,149,-6.79228,-0.124541,-7.12758,0.0796285,-1.17419,-0.0751011,0.0,0.0,0.0,0.0,9.31641,12.2933,1.0,1.0,MaintainConstant,extended
15.0599,150,-5.11576,0.0191602,-7.24254,0.0655138,0.37231,-0.0543285,0.0,0.0,0.0,0.0,9.84375,5.26839,1.0,1.0,MaintainConstant,extended
15.16,151,-7.0222,-0.364043,-7.96105,-0.0221042,0.136886,0.0657801,0.0,0.0,0.0,0.0,10.0195,1.75618,1.0,1.0,MaintainConstant,extended
15.2601,152,-6.86892,-0.268242,-7.06052,-0.0276969,-0.114516,0.0820254,0.0,0.0,0.0,0.0,9.66797,-3.51228,1.0,1.0,MaintainConstant,extended
15.3602,153,-6.11209,-0.296982,-7.38624,0.0114516,-0.218912,0.0175769,0.0,0.0,0.0,0.0,8.61328,-10.5369,1.0,1.0,MaintainConstant,extended
15.4603,154,-5.92049,-0.210762,-7.2138,0.0503337,-0.300671,-0.0250337,0.0,0.0,0.0,0.0,7.20703,-14.0493,1.0,1.0,MaintainConstant,extended
15.5604,155,-5.98755,-0.0766406,-7.37666,0.0306264,-0.325172,-0.0234358,0.0,0.0,0.0,0.0,5.09766,-21.0744,1.0,1.0,MaintainConstant,extended
15.6605,156,-6.00671,-0.105381,-7.48204,-0.01012,-0.338488,0.0231695,0.0,0.0,0.0,0.0,2.98828,-21.0748,1.0,1.0,MaintainConstant,extended
15.7606,157,-6.41865,-0.134121,-7.70238,-0.0138484,-0.361924,0.0295611,0.0,0.0,0.0,0.0,0.703125,-22.8301,1.0,1.0,MaintainConstant,extended
15.8607,158,-6.56235,-0.258662,-7.96105,0.00878843,-0.381098,0.0133158,0.0,0.0,0.0,0.0,-1.93359,-26.3414,1.0,1.0,MaintainConstant,extended
15.9703,159,-6.02587,-0.210762,-7.67364,0.0245011,-0.351537,-0.0111853,0.0,0.0,0.0,0.0,-4.21875,-20.8425,1.0,1.0,MaintainConstant,seated
16.0704,160,-5.06786,-0.287402,-7.7886,0.0846885,0.280165,-0.0426106,0.0,0.0,0.0,0.0,-6.32812,-21.0733,1.0,1.0,MaintainConstant,seated
16.1705,161,-6.30369,-0.134121,-8.12391,0.01518,2.16728,0.0681769,0.0,0.0,0.0,0.0,-7.91016,-15.8052,1.0,1.0,MaintainConstant,seated
16.2706,162,-2.92192,-0.172441,-13.8049,0.214384,2.35477,0.146208,0.0,0.0,0.0,0.0,-8.78906,-8.78057,1.0,1.0,MaintainConstant,seated
16.3707,163,-1.98308,-0.431104,-10.2028,0.0106526,-0.480701,0.11931,0.0,0.0,0.0,0.0,-9.14062,-3.5124,1.0,1.0,MaintainConstant,seated
16.4708,164,-1.11129,-0.143701,-9.56092,0.000532632,0.54728,-0.0631169,0.0,0.0,0.0,0.0,-9.14062,0.0,1.0,1.0,MaintainConstant,seated
16.5709,165,-0.823887,-0.105381,-9.54176,0.0388822,-0.0474043,-0.0383495,0.0,0.0,0.0,0.0,-8.61328,5.26879,1.0,1.0,MaintainConstant,seated
16.671,166,-1.33163,-0.124541,-9.2352,0.0106526,0.309193,0.0535295,0.0,0.0,0.0,0.0,-7.38281,12.2929,1.0,1.0,MaintainConstant,seated
16.7711,167,-1.45617,-0.325723,-9.6663,0.0127832,0.336357,0.0561927,0.0,0.0,0.0,0.0,-5.44922,19.3175,1.0,1.0,MaintainConstant,seated
16.8711,168,-1.61903,-0.373623,-9.92496,0.0197074,0.377903,-0.00426106,0.0,0.0,0.0,0.0,-3.51562,19.3183,1.0,1.0,MaintainConstant,seated
16.9712,169,-1.46575,-0.335303,-10.0878,0.0173105,0.417584,-0.0332895,0.0,0.0,0.0,0.0,-1.23047,22.8311,1.0,1.0,MaintainConstant,seated
17.0713,170,-1.41785,-0.268242,-9.8579,0.0170442,0.443683,0.0258327,0.0,0.0,0.0,0.0,1.40625,26.3526,1.0,1.0,MaintainConstant,seated
17.1869,171,-1.57113,-0.325723,-9.84832,0.0149137,0.450074,0.057258,0.0,0.0,0.0,0.0,4.04297,22.8037,1.0,1.0,MaintainConstant,extended
17.287,172,2.0214,-1.59029,-9.9058,-0.143544,-0.499076,-0.112385,0.0,0.0,0.0,0.0,6.15234,21.0732,1.0,1.0,MaintainConstant,extended
17.3871,173,-3.25723,-0.766406,-7.31918,0.0298274,-2.37687,-0.0932106,0.0,0.0,0.0,0.0,7.91016,17.5624,1.0,1.0,MaintainConstant,extended
17.4872,174,-10.95,-0.0191602,-7.8365,0.0854875,-0.585096,-0.175502,0.0,0.0,0.0,0.0,9.14062,12.2938,1.0,1.0,MaintainConstant,extended
17.5873,175,-4.86668,0.0574805,-7.58742,0.071639,0.255131,-0.0609864,0.0,0.0,0.0,0.0,9.84375,7.02424,1.0,1.0,MaintainConstant,extended
17.6874,176,-7.05094,-0.00958008,-7.32876,-0.01012,0.123571,0.0719054,0.0,0.0,0.0,0.0,10.0195,1.75623,1.0,1.0,MaintainConstant,extended
17.7875,177,-7.20422,-0.469424,-8.08559,-0.0402137,-0.0793622,0.102798,0.0,0.0,0.0,0.0,9.66797,-3.51245,1.0,1.0,MaintainConstant,extended
17.8876,178,-6.29411,-0.210762,-7.31918,0.0189084,-0.165649,0.0253,0.0,0.0,0.0,0.0,8.61328,-10.5363,1.0,1.0,MaintainConstant,extended
17.9877,179,-5.60435,-0.373623,-7.0222,0.0426106,-0.267381,-0.0458064,0.0,0.0,0.0,0.0,7.38281,-12.2946,1.0,1.0,MaintainConstant,extended
18.0878,180,-5.70973,-0.0479004,-7.0701,0.04048,-0.310258,-0.0279632,0.0,0.0,0.0,0.0,5.44922,-19.3168,1.0,1.0,MaintainConstant,extended
18.1878,181,-6.02587,-0.182021,-7.4533,-0.00266316,-0.331031,0.0239685,0.0,0.0,0.0,0.0,3.16406,-22.83,1.0,1.0,MaintainConstant,extended
18.2879,182,-6.29411,-0.162861,-7.48204,-0.0181095,-0.378968,0.0402137,0.0,0.0,0.0,0.0,0.703125,-24.5848,1.0,1.0,MaintainConstant,extended
18.388,183,-6.43781,-0.277822,-7.48204,0.00798948,-0.388289,0.0098537,0.0,0.0,0.0,0.0,-1.40625,-21.0743,1.0,1.0,MaintainConstant,extended
18.4969,184,-6.28453,-0.0479004,-7.66406,0.0287621,-0.359793,-0.01518,0.0,0.0,0.0,0.0,-4.04297,-24.2158,1.0,1.0,MaintainConstant,seated
18.597,185,-6.81144,0.0766406,-7.597,0.0460727,0.275637,-0.00452737,0.0,0.0,0.0,0.0,-6.15234,-21.0741,1.0,1.0,MaintainConstant,seated
18.6971,186,-7.04136,0.0,-8.96695,0.0199737,2.11428,0.0751011,0.0,0.0,0.0,0.0,-7.73438,-15.8054,1.0,1.0,MaintainConstant,seated
18.7972,187,-1.09213,0.402363,-7.67364,0.0969391,2.67461,0.0910801,0.0,0.0,0.0,0.0,-8.61328,-8.78038,1.0,1.0,MaintainConstant,seated
18.8973,188,0.392783,-0.766406,-10.9309,-0.046339,-0.650877,0.101999,0.0,0.0,0.0,0.0,-9.14062,-5.26863,1.0,1.0,MaintainConstant,seated
18.9974,189,-1.42743,-0.114961,-9.6184,-0.00932106,0.58989,-0.0631169,0.0,0.0,0.0,0.0,-9.14062,0.0,1.0,1.0,MaintainConstant,seated
19.0975,190,-1.24541,-0.249082,-9.43638,0.0375506,-0.104396,-0.0556601,0.0,0.0,0.0,0.0,-8.61328,5.26847,1.0,1.0,MaintainConstant,seated
19.1976,191,-1.43701,-0.210762,-9.54176,0.00745685,0.336357,0.0452737,0.0,0.0,0.0,0.0,-7.55859,10.5368,1.0,1.0,MaintainConstant,seated
19.2977,192,-1.68609,-0.296982,-9.84832,0.0173105,0.330232,0.0561927,0.0,0.0,0.0,0.0,-5.80078,17.5615,1.0,1.0,MaintainConstant,seated
19.3978,193,-1.73399,-0.344883,-9.97286,0.0167779,0.360592,0.010919,0.0,0.0,0.0,0.0,-3.69141,21.0731,1.0,1.0,MaintainConstant,seated
19.4979,194,-1.59029,-0.364043,-9.97286,0.0245011,0.418116,-0.03036,0.0,0.0,0.0,0.0,-1.40625,22.831,1.0,1.0,MaintainConstant,seated
19.598,195,-1.53281,-0.296982,-9.88664,0.0170442,0.446346,0.0175769,0.0,0.0,0.0,0.0,1.05469,24.5867,1.0,1.0,MaintainConstant,seated
19.6981,196,-1.54239,-0.268242,-9.8579,0.015979,0.455933,0.0479369,0.0,0.0,0.0,0.0,3.33984,22.828,1.0,1.0,MaintainConstant,seated
19.8139,197,-1.43701,-0.220342,-9.8579,0.0274306,0.428769,0.0284958,0.0,0.0,0.0,0.0,5.80078,21.2408,1.0,1.0,MaintainConstant,extended
19.914,198,0.766406,-1.36037,-9.34058,-0.00878843,-0.742489,-0.129163,0.0,0.0,0.0,0.0,7.73438,19.3178,1.0,1.0,MaintainConstant,extended
20.0141,199,-6.00671,0.287402,-8.50711,-0.0431432,-2.39471,-0.00319579,0.0,0.0,0.0,0.0,9.14062,14.0494,1.0,1.0,MaintainConstant,extended
20.1142,200,-7.20422,-0.0766406,-7.33834,0.0636496,-1.39017,0.000798948,0.0,0.0,0.0,0.0,10.0195,8.78114,1.0,1.0,MaintainConstant,extended
20.2143,201,-4.905,-0.0287402,-6.55277,0.0141148,0.303867,-0.0591222,0.0,0.0,0.0,0.0,10.0195,0.0,1.0,1.0,MaintainConstant,extended
20.3144,202,-7.33834,-0.383203,-7.68322,-0.0229032,0.10919,0.0484695,0.0,0.0,0.0,0.0,9.66797,-3.51238,1.0,1.0,MaintainConstant,extended
20.4145,203,-7.08926,-0.344883,-8.12391,-0.0199737,-0.213852,0.0679106,0.0,0.0,0.0,0.0,8.96484,-7.02544,1.0,1.0,MaintainConstant,extended
20.5146,204,-6.34201,-0.296982,-7.44372,0.00932106,-0.283627,0.0295611,0.0,0.0,0.0,0.0,7.55859,-14.049,1.0,1.0,MaintainConstant,extended
20.6147,205,-5.69057,-0.220342,-7.39582,0.0356864,-0.381631,-0.0194411,0.0,0.0,0.0,0.0,5.80078,-17.5616,1.0,1.0,MaintainConstant,extended
20.7147,206,-5.68099,-0.0862207,-7.52036,0.0306264,-0.424242,-0.0221042,0.0,0.0,0.0,0.0,3.33984,-24.5871,1.0,1.0,MaintainConstant,extended
20.8148,207,-5.95881,-0.134121,-7.67364,-0.00239685,-0.352603,0.0114516,0.0,0.0,0.0,0.0,1.23047,-21.0738,1.0,1.0,MaintainConstant,extended
20.9149,208,-6.39949,-0.153281,-7.61616,-0.0130495,-0.380033,0.0239685,0.0,0.0,0.0,0.0,-1.23047,-24.5866,1.0,1.0,MaintainConstant,extended
21.015,209,-6.52403,-0.258662,-7.61616,0.0066579,-0.373642,0.00452737,0.0,0.0,0.0,0.0,-3.69141,-24.5868,1.0,1.0,MaintainConstant,extended
21.1305,210,-6.37075,-0.210762,-7.52036,0.0282295,-0.321177,-0.00585895,0.0,0.0,0.0,0.0,-5.97656,-19.7831,1.0,1.0,MaintainConstant,seated
21.2306,211,-7.8365,-0.0958008,-7.82692,0.103064,0.262055,-0.0335558,0.0,0.0,0.0,0.0,-7.73438,-17.5613,1.0,1.0,MaintainConstant,seated
21.3307,212,-5.83427,-0.479004,-7.04136,0.0298274,2.08099,0.0442085,0.0,0.0,0.0,0.0,-8.78906,-10.5365,1.0,1.0,MaintainConstant,seated
21.4308,213,1.24541,-1.04423,-7.97063,0.209591,2.78513,0.10919,0.0,0.0,0.0,0.0,-9.31641,-5.26826,1.0,1.0,MaintainConstant,seated
21.5309,214,-1.06339,-1.12087,-9.91538,-0.0191748,-0.521447,0.125169,0.0,0.0,0.0,0.0,-9.14062,1.75618,1.0,1.0,MaintainConstant,seated
21.631,215,-1.74357,-0.105381,-9.51302,0.00905475,0.684699,-0.0506001,0.0,0.0,0.0,0.0,-8.61328,5.26864,1.0,1.0,MaintainConstant,seated
21.7311,216,-1.05381,-0.191602,-9.45554,0.0364853,0.0154463,-0.0479369,0.0,0.0,0.0,0.0,-7.55859,10.5371,1.0,1.0,MaintainConstant,seated
21.8312,217,-1.41785,-0.201182,-9.64714,0.0173105,0.410926,0.0322242,0.0,0.0,0.0,0.0,-5.97656,15.8059,1.0,1.0,MaintainConstant,seated
21.9313,218,-1.67651,-0.306563,-9.8579,0.00532632,0.388555,0.0639159,0.0,0.0,0.0,0.0,-3.69141,22.8298,1.0,1.0,MaintainConstant,seated
22.0314,219,-1.72441,-0.364043,-9.99202,0.0098537,0.410659,0.01012,0.0,0.0,0.0,0.0,-1.58203,21.0747,1.0,1.0,MaintainConstant,seated
22.1315,220,-1.56155,-0.364043,-10.0208,0.0258327,0.457531,-0.0274306,0.0,0.0,0.0,0.0,1.05469,26.3433,1.0,1.0,MaintainConstant,seated
22.2316,221,-1.52323,-0.306563,-9.87706,0.0229032,0.454335,0.0127832,0.0,0.0,0.0,0.0,3.33984,22.8298,1.0,1.0,MaintainConstant,seated
22.3505,222,-1.39869,-0.517324,-9.7621,0.0221042,0.432231,0.0532632,0.0,0.0,0.0,0.0,5.80078,20.6884,1.0,1.0,MaintainConstant,extended
22.4506,223,-0.431104,-1.20709,-9.99202,0.0229032,-0.942226,0.00452737,0.0,0.0,0.0,0.0,7.73438,19.318,1.0,1.0,MaintainConstant,extended
22.5507,224,-6.53361,-0.306563,-7.9323,-0.0537959,-2.681,-0.0407464,0.0,0.0,0.0,0.0,8.96484,12.2924,1.0,1.0,MaintainConstant,extended
22.6508,225,-11.908,-0.162861,-8.66997,0.0745685,-1.05754,0.026099,0.0,0.0,0.0,0.0,9.84375,8.78051,1.0,1.0,MaintainConstant,extended
22.7509,226,-4.63676,-0.507744,-6.99346,-0.0066579,0.280165,-0.113983,0.0,0.0,0.0,0.0,10.0195,1.75615,1.0,1.0,MaintainConstant,extended
22.851,227,-7.0701,-0.479004,-7.75986,-0.0340885,0.103064,0.0340885,0.0,0.0,0.0,0.0,9.84375,-1.7562,1.0,1.0,MaintainConstant,extended
22.9511,228,-6.8306,-0.239502,-7.8365,-0.0234358,-0.117179,0.0817591,0.0,0.0,0.0,0.0,8.96484,-8.78045,1.0,1.0,MaintainConstant,extended
23.0512,229,-6.27495,-0.325723,-7.47246,0.00958738,-0.272974,0.0324906,0.0,0.0,0.0,0.0,7.55859,-14.0492,1.0,1.0,MaintainConstant,extended
23.1513,230,-5.86301,-0.220342,-7.25212,0.052198,-0.360592,-0.02024,0.0,0.0,0.0,0.0,5.80078,-17.5614,1.0,1.0,MaintainConstant,extended
23.2514,231,-5.97797,-0.114961,-7.4054,0.0322242,-0.38962,-0.0300937,0.0,0.0,0.0,0.0,3.51562,-22.8306,1.0,1.0,MaintainConstant,extended
23.3515,232,-6.10251,-0.124541,-7.5491,-0.00452737,-0.383229,0.0106526,0.0,0.0,0.0,0.0,1.23047,-22.8296,1.0,1.0,MaintainConstant,extended
23.4516,233,-6.26537,-0.134121,-7.70238,-0.01518,-0.368848,0.0274306,0.0,0.0,0.0,0.0,-1.23047,-24.5865,1.0,1.0,MaintainConstant,extended
23.5517,234,-6.28453,-0.191602,-7.70238,0.0130495,-0.351804,0.0138484,0.0,0.0,0.0,0.0,-3.51562,-22.8291,1.0,1.0,MaintainConstant,extended
23.6625,235,-6.52403,-0.201182,-6.95514,0.0314253,-0.334227,-0.0287621,0.0,0.0,0.0,0.0,-5.80078,-20.6103,1.0,1.0,MaintainConstant,seated
23.7626,236,-6.84018,-0.182021,-8.12391,0.0652474,0.533165,-0.0407464,0.0,0.0,0.0,0.0,-7.73438,-19.3165,1.0,1.0,MaintainConstant,seated
23.8627,237,-5.36484,-0.268242,-8.51669,0.0221042,1.98272,0.0569916,0.0,0.0,0.0,0.0,-8.78906,-10.5382,1.0,1.0,MaintainConstant,seated
23.9628,238,-3.11353,0.306563,-7.3575,0.0862864,2.99366,0.0447411,0.0,0.0,0.0,0.0,-9.31641,-5.26819,1.0,1.0,MaintainConstant,seated
24.0629,239,-2.7399,-0.479004,-9.72378,-0.0743022,-0.650344,0.0849548,0.0,0.0,0.0,0.0,-9.14062,1.75593,1.0,1.0,MaintainConstant,seated
24.163,240,-0.929268,-0.392783,-9.4747,-0.021039,0.67591,-0.0900148,0.0,0.0,0.0,0.0,-8.78906,3.51215,1.0,1.0,MaintainConstant,seated
24.2631,241,-0.766406,-0.229922,-9.89622,0.0221042,-0.00852212,-0.0444748,0.0,0.0,0.0,0.0,-7.55859,12.292,1.0,1.0,MaintainConstant,seated
24.3632,242,-1.41785,-0.134121,-9.60882,0.0162453,0.428769,0.0503337,0.0,0.0,0.0,0.0,-6.15234,14.0506,1.0,1.0,MaintainConstant,seated
24.4633,243,-1.65735,-0.306563,-9.87706,0.00745685,0.420513,0.0487358,0.0,0.0,0.0,0.0,-3.86719,22.832,1.0,1.0,MaintainConstant,seated
24.5634,244,-1.52323,-0.364043,-10.0016,0.0181095,0.387224,0.00319579,0.0,0.0,0.0,0.0,-1.75781,21.0755,1.0,1.0,MaintainConstant,seated
24.6635,245,-1.48491,-0.325723,-10.0687,0.03036,0.453004,-0.0223706,0.0,0.0,0.0,0.0,0.703125,24.586,1.0,1.0,MaintainConstant,seated
24.7636,246,-1.59987,-0.306563,-9.89622,0.0181095,0.465521,0.0194411,0.0,0.0,0.0,0.0,2.98828,22.8284,1.0,1.0,MaintainConstant,seated
24.8778,247,-1.53281,-0.239502,-9.84832,0.0170442,0.417051,0.0482032,0.0,0.0,0.0,0.0,5.625,23.0848,1.0,1.0,MaintainConstant,extended
24.9779,248,1.09213,-1.48491,-8.21013,0.00585895,-0.99256,-0.133158,0.0,0.0,0.0,0.0,7.73438,21.0737,1.0,1.0,MaintainConstant,extended
25.078,249,-6.55277,0.153281,-8.62207,0.000532632,-2.55264,-0.0396811,0.0,0.0,0.0,0.0,8.96484,12.2944,1.0,1.0,MaintainConstant,extended
25.1781,250,-7.06052,-0.507744,-7.2617,0.0804275,-1.1614,-0.00772317,0.0,0.0,0.0,0.0,9.84375,8.78061,1.0,1.0,MaintainConstant,extended
25.2782,251,-4.51222,-0.565225,-6.82102,0.0181095,0.339287,-0.0508664,0.0,0.0,0.0,0.0,10.0195,1.75594,1.0,1.0,MaintainConstant,extended
25.3783,252,-5.99713,-0.431104,-7.48204,-0.0295611,0.1265,0.0548611,0.0,0.0,0.0,0.0,9.84375,-1.75596,1.0,1.0,MaintainConstant,extended
25.4784,253,-6.58151,-0.239502,-7.53952,-0.0199737,-0.143012,0.0708401,0.0,0.0,0.0,0.0,9.14062,-7.02471,1.0,1.0,MaintainConstant,extended
25.5785,254,-6.16957,-0.239502,-7.52994,0.0149137,-0.278034,0.0284958,0.0,0.0,0.0,0.0,7.91016,-12.2921,1.0,1.0,MaintainConstant,extended
25.6786,255,-5.78637,-0.239502,-7.10842,0.046339,-0.361924,-0.0282295,0.0,0.0,0.0,0.0,5.97656,-19.3161,1.0,1.0,MaintainConstant,extended
25.7787,256,-5.68099,-0.0862207,-7.10842,0.0266316,-0.377903,-0.0189084,0.0,0.0,0.0,0.0,3.86719,-21.0751,1.0,1.0,MaintainConstant,extended
25.8788,257,-5.98755,-0.172441,-7.46288,-0.00772317,-0.373109,0.0138484,0.0,0.0,0.0,0.0,1.58203,-22.8296,1.0,1.0,MaintainConstant,extended
25.9789,258,-6.36117,-0.134121,-7.77902,-0.00958738,-0.356331,0.0271642,0.0,0.0,0.0,0.0,-0.878906,-24.5859,1.0,1.0,MaintainConstant,extended
26.079,259,-6.44739,-0.258662,-7.84608,0.0119842,-0.352603,0.0114516,0.0,0.0,0.0,0.0,-3.33984,-24.5829,1.0,1.0,MaintainConstant,extended
26.191,260,-6.35159,-0.287402,-7.5491,0.0271642,-0.300671,-0.0183758,0.0,0.0,0.0,0.0,-5.625,-20.3911,1.0,1.0,MaintainConstant,seated
26.2911,261,-9.331,0.507744,-8.23887,0.0932106,0.44315,-0.0556601,0.0,0.0,0.0,0.0,-7.55859,-19.3172,1.0,1.0,MaintainConstant,seated
26.3912,262,-6.61025,-0.689766,-7.71196,0.0229032,1.91242,0.0500674,0.0,0.0,0.0,0.0,-8.61328,-10.5368,1.0,1.0,MaintainConstant,seated
26.4913,263,0.823887,-0.172441,-10.1932,0.164317,2.93001,0.113184,0.0,0.0,0.0,0.0,-9.31641,-7.02501,1.0,1.0,MaintainConstant,seated
26.5914,264,-0.996328,-1.17835,-9.97286,-0.0841559,-0.5068,0.109722,0.0,0.0,0.0,0.0,-9.31641,0.0,1.0,1.0,MaintainConstant,seated
26.6915,265,-1.60945,-0.143701,-9.48428,-0.00292948,0.664991,-0.051399,0.0,0.0,0.0,0.0,-8.96484,3.51212,1.0,1.0,MaintainConstant,seated
26.7916,266,-1.18793,-0.191602,-9.73336,0.0466053,0.0426106,-0.0490022,0.0,0.0,0.0,0.0,-7.91016,10.5359,1.0,1.0,MaintainConstant,seated
26.8917,267,-1.28373,-0.172441,-9.51302,0.0189084,0.403469,0.0506001,0.0,0.0,0.0,0.0,-6.32812,15.8053,1.0,1.0,MaintainConstant,seated
26.9918,268,-1.66693,-0.268242,-9.78126,0.0138484,0.401605,0.0585895,0.0,0.0,0.0,0.0,-4.04297,22.8301,1.0,1.0,MaintainConstant,seated
27.0919,269,-1.64777,-0.344883,-10.0878,0.01518,0.430633,-0.0141148,0.0,0.0,0.0,0.0,-1.58203,24.5884,1.0,1.0,MaintainConstant,seated
27.192,270,-1.43701,-0.335303,-9.91538,0.0157127,0.443683,-0.0271642,0.0,0.0,0.0,0.0,0.703125,22.8358,1.0,1.0,MaintainConstant,seated
27.2921,271,-1.41785,-0.249082,-9.89622,0.0178432,0.464722,0.0234358,0.0,0.0,0.0,0.0,2.63672,19.3184,1.0,1.0,MaintainConstant,seated
27.3922,272,-1.52323,-0.344883,-9.89622,0.0119842,0.456732,0.0466053,0.0,0.0,0.0,0.0,5.09766,24.5821,1.0,1.0,MaintainConstant,seated
27.5041,273,-1.31247,-0.344883,-9.74294,0.0250337,0.40267,0.0178432,0.0,0.0,0.0,0.0,7.20703,18.8404,1.0,1.0,MaintainConstant,extended
27.6042,274,1.70525,-0.383203,-8.01853,-0.077498,-0.942493,-0.0356864,0.0,0.0,0.0,0.0,8.78906,15.8047,1.0,1.0,MaintainConstant,extended
27.7043,275,-4.77088,-0.785566,-7.75028,-0.0529969,-2.67834,-0.0242348,0.0,0.0,0.0,0.0,9.84375,10.5407,1.0,1.0,MaintainConstant,extended
27.8044,276,-10.3465,-0.689766,-7.92272,0.0524643,-1.09349,-0.0215716,0.0,0.0,0.0,0.0,10.1953,3.51196,1.0,1.0,MaintainConstant,extended
27.9045,277,-4.15775,-0.201182,-7.0701,0.0205063,0.150735,-0.0993359,0.0,0.0,0.0,0.0,10.0195,-1.75609,1.0,1.0,MaintainConstant,extended
28.0046,278,-6.22705,-0.498164,-7.3575,-0.0170442,0.0681769,0.0181095,0.0,0.0,0.0,0.0,9.31641,-7.02476,1.0,1.0,MaintainConstant,extended
28.1047,279,-6.46655,-0.162861,-7.5012,-0.0138484,-0.170975,0.0753675,0.0,0.0,0.0,0.0,8.08594,-12.2933,1.0,1.0,MaintainConstant,extended
28.2048,280,-6.38991,-0.201182,-7.51078,-0.00133158,-0.337156,0.0407464,0.0,0.0,0.0,0.0,6.32812,-17.5619,1.0,1.0,MaintainConstant,extended
28.3049,281,-6.38033,-0.268242,-7.597,0.0282295,-0.419714,-0.0141148,0.0,0.0,0.0,0.0,4.04297,-22.8295,1.0,1.0,MaintainConstant,extended
28.405,282,-6.39949,-0.105381,-7.7886,0.0231695,-0.442351,-0.0348874,0.0,0.0,0.0,0.0,1.93359,-21.0742,1.0,1.0,MaintainConstant,extended
28.5051,283,-6.02587,-0.143701,-7.49162,-0.000532632,-0.398143,0.00532632,0.0,0.0,0.0,0.0,-0.527344,-24.586,1.0,1.0,MaintainConstant,extended
28.6051,284,-6.26537,-0.105381,-7.75028,-0.0066579,-0.356065,0.0282295,0.0,0.0,0.0,0.0,-2.98828,-24.5869,1.0,1.0,MaintainConstant,extended
28.7052,285,-6.41865,-0.239502,-7.79818,0.01012,-0.315585,0.01518,0.0,0.0,0.0,0.0,-5.09766,-21.0739,1.0,1.0,MaintainConstant,extended
28.8184,286,-6.34201,-0.431104,-7.25212,0.0292948,-0.239685,-0.015979,0.0,0.0,0.0,0.0,-7.20703,-18.6363,1.0,1.0,MaintainConstant,seated
28.9185,287,-7.08926,-0.0479004,-7.82692,0.0950749,0.642088,-0.0641822,0.0,0.0,0.0,0.0,-8.61328,-14.0476,1.0,1.0,MaintainConstant,seated
29.0186,288,-6.09293,-0.249082,-8.93821,0.0370179,2.05782,0.0402137,0.0,0.0,0.0,0.0,-9.31641,-7.02447,1.0,1.0,MaintainConstant,seated
29.1187,289,1.14961,-0.469424,-7.34792,0.193079,3.02855,0.125701,0.0,0.0,0.0,0.0,-9.31641,0.0,1.0,1.0,MaintainConstant,seated
29.2188,290,-0.833467,-0.469424,-10.471,-0.0860201,-0.540355,0.098537,0.0,0.0,0.0,0.0,-8.96484,3.51223,1.0,1.0,MaintainConstant,seated
29.3189,291,-1.57113,-0.373623,-9.59924,-0.00133158,0.78217,-0.0386158,0.0,0.0,0.0,0.0,-8.08594,8.78107,1.0,1.0,MaintainConstant,seated
29.419,292,-1.09213,-0.124541,-9.62798,0.0500674,0.098537,-0.0689759,0.0,0.0,0.0,0.0,-6.67969,14.0483,1.0,1.0,MaintainConstant,seated
29.5191,293,-1.33163,-0.143701,-9.58008,0.02024,0.465521,0.0569916,0.0,0.0,0.0,0.0,-4.57031,21.0742,1.0,1.0,MaintainConstant,seated
29.6192,294,-1.69567,-0.268242,-10.0112,0.0106526,0.394414,0.0556601,0.0,0.0,0.0,0.0,-2.46094,21.0751,1.0,1.0,MaintainConstant,seated
29.7193,295,-1.64777,-0.316143,-10.1166,0.01518,0.443683,0.00452737,0.0,0.0,0.0,0.0,0.351562,28.0968,1.0,1.0,MaintainConstant,seated
29.8194,296,-1.57113,-0.344883,-10.0687,0.0234358,0.45833,-0.0364853,0.0,0.0,0.0,0.0,2.46094,21.0739,1.0,1.0,MaintainConstant,seated
29.9195,297,-1.55197,-0.296982,-9.88664,0.0218379,0.452471,0.0117179,0.0,0.0,0.0,0.0,4.74609,22.8303,1.0,1.0,MaintainConstant,seated
30.0277,298,-1.47533,-0.335303,-9.84832,0.0215716,0.392284,0.0607201,0.0,0.0,0.0,0.0,7.03125,21.113,1.0,1.0,MaintainConstant,extended
30.1278,299,-0.0383203,0.0,-9.39806,0.00719053,-1.03437,-0.0386158,0.0,0.0,0.0,0.0,8.78906,17.5599,1.0,1.0,MaintainConstant,extended
30.2279,300,-5.76721,0.134121,-8.13349,-0.0314253,-2.55637,-0.046339,0.0,0.0,0.0,0.0,9.66797,8.78076,1.0,1.0,MaintainConstant,extended
30.328,301,-4.01405,-0.00958008,-7.3575,0.0537959,-1.17658,0.0487358,0.0,0.0,0.0,0.0,10.1953,5.26829,1.0,1.0,MaintainConstant,extended
30.4281,302,-6.13125,-0.0766406,-7.13716,0.0138484,0.272708,-0.0636496,0.0,0.0,0.0,0.0,10.0195,-1.75616,1.0,1.0,MaintainConstant,extended
30.5282,303,-6.9264,-0.249082,-7.86524,-0.03036,-0.0146474,0.0380832,0.0,0.0,0.0,0.0,9.31641,-7.02456,1.0,1.0,MaintainConstant,extended
30.6283,304,-6.7827,-0.220342,-7.9323,-0.0138484,-0.206395,0.0719054,0.0,0.0,0.0,0.0,8.4375,-8.78103,1.0,1.0,MaintainConstant,extended
30.7284,305,-6.26537,-0.287402,-7.48204,-0.00585895,-0.335825,0.0295611,0.0,0.0,0.0,0.0,6.67969,-17.5621,1.0,1.0,MaintainConstant,extended
30.8285,306,-5.98755,-0.249082,-7.3096,0.0431432,-0.38749,-0.0181095,0.0,0.0,0.0,0.0,4.57031,-21.0751,1.0,1.0,MaintainConstant,extended
30.9286,307,-6.02587,-0.0958008,-7.4054,0.0245011,-0.398942,-0.02024,0.0,0.0,0.0,0.0,2.28516,-22.8302,1.0,1.0,MaintainConstant,extended
31.0287,308,-6.05461,-0.153281,-7.52036,0.000798948,-0.382164,0.0114516,0.0,0.0,0.0,0.0,-0.175781,-24.5874,1.0,1.0,MaintainConstant,extended
31.1287,309,-6.38991,-0.162861,-7.70238,-0.010919,-0.356065,0.0284958,0.0,0.0,0.0,0.0,-2.63672,-24.5868,1.0,1.0,MaintainConstant,extended
31.2288,310,-6.56235,-0.258662,-7.71196,0.00772317,-0.338488,0.00559264,0.0,0.0,0.0,0.0,-4.74609,-21.0734,1.0,1.0,MaintainConstant,extended
31.3436,311,-6.50487,-0.229922,-7.71196,0.0274306,-0.251935,-0.015979,0.0,0.0,0.0,0.0,-6.85547,-18.3739,1.0,1.0,MaintainConstant,seated
31.4437,312,-7.4533,-0.114961,-7.99937,0.0801611,0.581901,-0.0364853,0.0,0.0,0.0,0.0,-8.61328,-17.5611,1.0,1.0,MaintainConstant,seated
31.5438,313,-6.30369,-0.114961,-8.86157,0.0258327,2.4818,0.0753675,0.0,0.0,0.0,0.0,-9.31641,-7.02521,1.0,1.0,MaintainConstant,seated
31.6439,314,2.5483,-0.910107,-10.653,0.103597,2.9878,0.0348874,0.0,0.0,0.0,0.0,-9.49219,-1.75627,1.0,1.0,MaintainConstant,seated
31.744,315,-0.728086,-0.728086,-10.0878,-0.0700411,-0.603472,0.0902812,0.0,0.0,0.0,0.0,-9.14062,3.51226,1.0,1.0,MaintainConstant,seated
31.8441,316,-1.76273,0.0287402,-9.43638,-0.00266316,0.766458,-0.0878843,0.0,0.0,0.0,0.0,-8.26172,8.78091,1.0,1.0,MaintainConstant,seated
31.9442,317,-0.862207,-0.249082,-10.0016,0.0263653,0.0386158,-0.0466053,0.0,0.0,0.0,0.0,-6.85547,14.0491,1.0,1.0,MaintainConstant,seated
32.0443,318,-1.27415,-0.191602,-9.73336,0.00346211,0.488956,0.0543285,0.0,0.0,0.0,0.0,-5.09766,17.5619,1.0,1.0,MaintainConstant,seated
32.1444,319,-1.68609,-0.287402,-10.0016,0.00719053,0.381631,0.0482032,0.0,0.0,0.0,0.0,-2.8125,22.8268,1.0,1.0,MaintainConstant,seated
32.2445,320,-1.69567,-0.325723,-10.0303,0.0221042,0.405599,0.00878843,0.0,0.0,0.0,0.0,-0.351562,24.584,1.0,1.0,MaintainConstant,seated
32.3446,321,-1.57113,-0.335303,-10.0112,0.0215716,0.45833,-0.0234358,0.0,0.0,0.0,0.0,1.93359,22.8299,1.0,1.0,MaintainConstant,seated
32.4447,322,-1.48491,-0.296982,-9.84832,0.0181095,0.467385,0.02024,0.0,0.0,0.0,0.0,4.39453,24.5818,1.0,1.0,MaintainConstant,seated
32.5574,323,-0.958008,-0.479004,-9.55134,0.0146474,0.402404,0.047138,0.0,0.0,0.0,0.0,6.67969,20.2726,1.0,1.0,MaintainConstant,extended
32.6575,324,0.354463,-0.795147,-9.77168,0.0154463,-1.02239,-0.170176,0.0,0.0,0.0,0.0,8.61328,19.3161,1.0,1.0,MaintainConstant,extended
32.7576,325,-5.93007,-0.0383203,-8.17181,0.00479369,-2.59312,-0.0466053,0.0,0.0,0.0,0.0,9.66797,10.5377,1.0,1.0,MaintainConstant,extended
32.8577,326,-8.30593,0.0479004,-7.28086,0.0796285,-1.20082,-0.00292948,0.0,0.0,0.0,0.0,10.1953,5.26837,1.0,1.0,MaintainConstant,extended
32.9578,327,-5.22114,0.229922,-7.1659,0.0175769,0.261522,-0.0567253,0.0,0.0,0.0,0.0,10.1953,0.0,1.0,1.0,MaintainConstant,extended
33.0579,328,-7.70238,-0.258662,-7.99937,-0.0340885,0.0529969,0.0487358,0.0,0.0,0.0,0.0,9.49219,-7.02432,1.0,1.0,MaintainConstant,extended
33.158,329,-7.24254,-0.335303,-8.04727,-0.01518,-0.180562,0.0785633,0.0,0.0,0.0,0.0,8.4375,-10.5357,1.0,1.0,MaintainConstant,extended
33.2581,330,-6.28453,-0.210762,-7.51078,0.0135821,-0.327036,0.0255663,0.0,0.0,0.0,0.0,6.85547,-15.8045,1.0,1.0,MaintainConstant,extended
33.3582,331,-5.84385,-0.239502,-7.20422,0.046339,-0.395213,-0.0276969,0.0,0.0,0.0,0.0,4.92188,-19.3168,1.0,1.0,MaintainConstant,extended
33.4583,332,-5.86301,-0.0479004,-7.29044,0.0237021,-0.408263,-0.0194411,0.0,0.0,0.0,0.0,2.63672,-22.8291,1.0,1.0,MaintainConstant,extended
33.5584,333,-6.09293,-0.191602,-7.52994,-0.0130495,-0.381897,0.015979,0.0,0.0,0.0,0.0,0.175781,-24.5863,1.0,1.0,MaintainConstant,extended
33.6585,334,-6.34201,-0.182021,-7.75028,-0.0138484,-0.355798,0.0258327,0.0,0.0,0.0,0.0,-2.28516,-24.5852,1.0,1.0,MaintainConstant,extended
33.7586,335,-6.33243,-0.268242,-7.75986,0.0133158,-0.335026,0.0098537,0.0,0.0,0.0,0.0,-4.57031,-22.83,1.0,1.0,MaintainConstant,extended
33.8752,336,-6.37075,-0.0191602,-7.57784,0.015979,-0.275371,-0.0127832,0.0,0.0,0.0,0.0,-6.85547,-19.6022,1.0,1.0,MaintainConstant,seated
33.9753,337,-6.57193,0.411943,-7.53952,0.0284958,0.445547,-0.0263653,0.0,0.0,0.0,0.0,-8.4375,-15.8044,1.0,1.0,MaintainConstant,seated
34.0754,338,-6.37075,-0.459844,-8.51669,0.01518,2.30869,0.0972054,0.0,0.0,0.0,0.0,-9.31641,-8.78055,1.0,1.0,MaintainConstant,seated
34.1755,339,-2.5483,0.306563,-9.88664,0.205063,2.49591,0.109722,0.0,0.0,0.0,0.0,-9.49219,-1.75619,1.0,1.0,MaintainConstant,seated
34.2756,340,-2.18426,-0.670605,-10.2124,0.0287621,-0.470314,0.121973,0.0,0.0,0.0,0.0,-9.14062,3.51195,1.0,1.0,MaintainConstant,seated
34.3757,341,-2.05972,-0.229922,-9.8579,-0.0138484,0.726777,-0.0553938,0.0,0.0,0.0,0.0,-8.4375,7.02449,1.0,1.0,MaintainConstant,seated
34.4758,342,-1.41785,-0.220342,-9.50344,0.0386158,0.0689759,-0.0474043,0.0,0.0,0.0,0.0,-7.03125,14.0488,1.0,1.0,MaintainConstant,seated
34.5759,343,-1.47533,-0.182021,-9.41722,0.0284958,0.437824,0.0500674,0.0,0.0,0.0,0.0,-5.09766,19.3174,1.0,1.0,MaintainConstant,seated
34.676,344,-1.63819,-0.220342,-9.7621,0.00719053,0.446079,0.057258,0.0,0.0,0.0,0.0,-2.8125,22.8317,1.0,1.0,MaintainConstant,seated
34.7761,345,-1.53281,-0.402363,-10.0208,0.0173105,0.454069,0.00239685,0.0,0.0,0.0,0.0,-0.527344,22.8292,1.0,1.0,MaintainConstant,seated
34.8761,346,-1.39869,-0.296982,-10.0399,0.0199737,0.454602,-0.0359527,0.0,0.0,0.0,0.0,1.75781,22.83,1.0,1.0,MaintainConstant,seated
34.9763,347,-1.51365,-0.325723,-9.91538,0.0170442,0.445014,0.02024,0.0,0.0,0.0,0.0,4.21875,24.5822,1.0,1.0,MaintainConstant,seated
35.0764,348,-1.56155,-0.296982,-9.7621,0.010919,0.422377,0.0495348,0.0,0.0,0.0,0.0,6.32812,21.0728,1.0,1.0,MaintainConstant,seated
35.1842,349,-1.39869,-0.411943,-9.7142,0.0266316,0.361924,0.0183758,0.0,0.0,0.0,0.0,8.26172,17.9327,1.0,1.0,MaintainConstant,extended
35.2843,350,-0.411943,-0.584385,-9.84832,-0.0628506,-1.05514,-0.021039,0.0,0.0,0.0,0.0,9.66797,14.0474,1.0,1.0,MaintainConstant,extended
35.3844,351,-5.66183,0.162861,-7.55868,-0.0335558,-2.7372,0.00106526,0.0,0.0,0.0,0.0,10.1953,5.26867,1.0,1.0,MaintainConstant,extended
35.4845,352,-7.09884,-1.28373,-7.55868,0.0545948,-1.21653,-0.0402137,0.0,0.0,0.0,0.0,10.3711,1.7561,1.0,1.0,MaintainConstant,extended
35.5846,353,-4.93374,-0.0287402,-7.17548,0.0322242,0.100934,-0.0921454,0.0,0.0,0.0,0.0,9.84375,-5.26824,1.0,1.0,MaintainConstant,extended
35.6847,354,-7.33834,-0.268242,-8.09517,-0.0149137,0.0,0.0314253,0.0,0.0,0.0,0.0,8.61328,-12.2927,1.0,1.0,MaintainConstant,extended
35.7848,355,-7.0701,-0.316143,-7.97063,-0.0276969,-0.210922,0.0708401,0.0,0.0,0.0,0.0,7.20703,-14.0495,1.0,1.0,MaintainConstant,extended
35.8849,356,-6.38033,-0.153281,-7.62574,0.00532632,-0.37737,0.0402137,0.0,0.0,0.0,0.0,5.27344,-19.3171,1.0,1.0,MaintainConstant,extended
35.985,357,-5.97797,-0.306563,-7.3575,0.03542,-0.447677,-0.0133158,0.0,0.0,0.0,0.0,2.98828,-22.8288,1.0,1.0,MaintainConstant,extended
36.0851,358,-6.00671,-0.0574805,-7.44372,0.0300937,-0.447145,-0.0282295,0.0,0.0,0.0,0.0,0.527344,-24.5864,1.0,1.0,MaintainConstant,extended
36.1852,359,-6.15041,-0.143701,-7.56826,0.00239685,-0.40773,0.00532632,0.0,0.0,0.0,0.0,-2.10938,-26.3423,1.0,1.0,MaintainConstant,extended
36.2852,360,-6.20789,-0.134121,-7.62574,-0.0135821,-0.347543,0.0258327,0.0,0.0,0.0,0.0,-4.21875,-21.0744,1.0,1.0,MaintainConstant,extended
36.3853,361,-6.25579,-0.268242,-7.6449,0.010919,-0.294013,0.0141148,0.0,0.0,0.0,0.0,-6.32812,-21.0736,1.0,1.0,MaintainConstant,extended
36.498,362,-6.12167,-0.172441,-7.44372,0.0306264,-0.229298,-0.0242348,0.0,0.0,0.0,0.0,-8.08594,-15.596,1.0,1.0,MaintainConstant,seated
36.5981,363,-8.48795,0.134121,-7.67364,0.0756338,0.539024,-0.00106526,0.0,0.0,0.0,0.0,-9.31641,-12.2932,1.0,1.0,MaintainConstant,seated
36.6982,364,-6.01629,0.0479004,-8.09517,0.0284958,2.42854,0.0756338,0.0,0.0,0.0,0.0,-9.66797,-3.51232,1.0,1.0,MaintainConstant,seated
36.7983,365,0.795147,0.450264,-7.4054,0.0743022,3.15931,0.0649811,0.0,0.0,0.0,0.0,-9.31641,3.51379,1.0,1.0,MaintainConstant,seated
36.8984,366,-2.79738,-0.526904,-10.1645,-0.0777643,-0.464722,0.103064,0.0,0.0,0.0,0.0,-8.61328,7.02461,1.0,1.0,MaintainConstant,seated
36.9985,367,-2.28964,-0.316143,-9.84832,-0.00346211,0.838629,-0.0420779,0.0,0.0,0.0,0.0,-7.38281,12.2932,1.0,1.0,MaintainConstant,seated
37.0986,368,-0.747246,-0.182021,-9.60882,0.0402137,0.0905475,-0.051399,0.0,0.0,0.0,0.0,-5.625,17.5613,1.0,1.0,MaintainConstant,seated
37.1987,369,-1.63819,-0.239502,-9.65672,0.00932106,0.534763,0.047138,0.0,0.0,0.0,0.0,-3.51562,21.0737,1.0,1.0,MaintainConstant,seated
37.2988,370,-1.81063,-0.268242,-10.0687,0.0114516,0.421845,0.0561927,0.0,0.0,0.0,0.0,-1.05469,24.586,1.0,1.0,MaintainConstant,seated
37.3989,371,-1.53281,-0.364043,-10.0495,0.0175769,0.460727,0.00133158,0.0,0.0,0.0,0.0,1.58203,26.3418,1.0,1.0,MaintainConstant,seated
37.4989,372,-1.50407,-0.325723,-9.89622,0.0250337,0.459662,-0.0308927,0.0,0.0,0.0,0.0,3.69141,21.0752,1.0,1.0,MaintainConstant,seated
37.599,373,-1.46575,-0.316143,-9.78126,0.0253,0.442085,0.0183758,0.0,0.0,0.0,0.0,6.15234,24.5854,1.0,1.0,MaintainConstant,seated
37.7143,374,-1.44659,-0.344883,-9.64714,0.0167779,0.36432,0.0529969,0.0,0.0,0.0,0.0,8.26172,18.2993,1.0,1.0,MaintainConstant,extended
37.8144,375,0.172441,0.0670606,-8.44963,0.0450074,-0.962466,-0.0218379,0.0,0.0,0.0,0.0,9.49219,12.2937,1.0,1.0,MaintainConstant,extended
37.9145,376,-5.68099,0.258662,-7.32876,-0.047138,-2.7617,-0.0604538,0.0,0.0,0.0,0.0,10.1953,7.02469,1.0,1.0,MaintainConstant,extended
38.0146,377,-10.9309,0.0670606,-6.91682,0.0657801,-1.02185,0.0308927,0.0,0.0,0.0,0.0,10.3711,1.75612,1.0,1.0,MaintainConstant,extended
38.1147,378,-4.18649,-0.469424,-7.06052,0.0127832,0.12144,-0.0721717,0.0,0.0,0.0,0.0,9.84375,-5.26849,1.0,1.0,MaintainConstant,extended
38.2148,379,-6.34201,-0.335303,-7.43414,-0.0282295,-0.0378169,0.0511327,0.0,0.0,0.0,0.0,8.96484,-8.7808,1.0,1.0,MaintainConstant,extended
38.3149,380,-6.39949,-0.220342,-7.48204,-0.0215716,-0.239685,0.0729706,0.0,0.0,0.0,0.0,7.38281,-15.8048,1.0,1.0,MaintainConstant,extended
38.415,381,-6.39949,-0.249082,-7.597,0.0170442,-0.373908,0.0239685,0.0,0.0,0.0,0.0,5.44922,-19.319,1.0,1.0,MaintainConstant,extended
38.5151,382,-5.83427,-0.201182,-7.29044,0.0468716,-0.437824,-0.03036,0.0,0.0,0.0,0.0,3.16406,-22.83,1.0,1.0,MaintainConstant,extended
38.6152,383,-5.86301,-0.114961,-7.2617,0.0306264,-0.428769,-0.0292948,0.0,0.0,0.0,0.0,0.703125,-24.5852,1.0,1.0,MaintainConstant,extended
38.7153,384,-5.98755,-0.105381,-7.49162,-0.0098537,-0.389887,0.0149137,0.0,0.0,0.0,0.0,-1.58203,-22.8297,1.0,1.0,MaintainConstant,extended
38.8153,385,-6.27495,-0.172441,-7.73112,-0.00639159,-0.348075,0.0295611,0.0,0.0,0.0,0.0,-4.04297,-24.5872,1.0,1.0,MaintainConstant,extended
38.9154,386,-6.42823,-0.220342,-7.76944,0.0125169,-0.302801,0.0125169,0.0,0.0,0.0,0.0,-6.15234,-21.0737,1.0,1.0,MaintainConstant,extended
39.0238,387,-6.05461,-0.306563,-7.34792,0.0316916,-0.232228,-0.0066579,0.0,0.0,0.0,0.0,-7.91016,-16.2216,1.0,1.0,MaintainConstant,seated
39.1239,388,-6.8785,-0.526904,-7.84608,0.129163,0.158991,-0.0719054,0.0,0.0,0.0,0.0,-9.14062,-12.2927,1.0,1.0,MaintainConstant,seated
39.224,389,-6.7827,0.0191602,-7.4054,0.0543285,2.39312,0.00319579,0.0,0.0,0.0,0.0,-9.66797,-5.26846,1.0,1.0,MaintainConstant,seated
39.3241,390,-3.24765,-0.114961,-7.47246,0.1265,2.85997,0.0607201,0.0,0.0,0.0,0.0,-9.49219,1.75617,1.0,1.0,MaintainConstant,seated
39.4242,391,-0.967588,-0.316143,-9.38848,-0.0604538,-0.188019,0.129163,0.0,0.0,0.0,0.0,-8.78906,7.02452,1.0,1.0,MaintainConstant,seated
39.5243,392,-1.67651,0.0479004,-9.93454,0.01518,0.653273,-0.0218379,0.0,0.0,0.0,0.0,-7.55859,12.2921,1.0,1.0,MaintainConstant,seated
39.6244,393,-1.14961,-0.239502,-9.72378,0.0439422,0.175236,-0.0556601,0.0,0.0,0.0,0.0,-5.97656,15.8052,1.0,1.0,MaintainConstant,seated
39.7245,394,-1.19751,-0.201182,-9.72378,0.0154463,0.471113,0.0306264,0.0,0.0,0.0,0.0,-3.69141,22.8281,1.0,1.0,MaintainConstant,seated
39.8246,395,-1.61903,-0.229922,-10.0495,0.015979,0.431166,0.057258,0.0,0.0,0.0,0.0,-1.40625,22.8305,1.0,1.0,MaintainConstant,seated
39.9247,396,-1.63819,-0.325723,-10.0016,0.0130495,0.465254,0.0266316,0.0,0.0,0.0,0.0,1.23047,26.3431,1.0,1.0,MaintainConstant,seated
40.0248,397,-1.41785,-0.335303,-10.1645,0.0189084,0.456466,-0.0274306,0.0,0.0,0.0,0.0,3.33984,21.0751,1.0,1.0,MaintainConstant,seated
40.1249,398,-1.57113,-0.335303,-9.93454,0.0183758,0.435959,0.00532632,0.0,0.0,0.0,0.0,5.80078,24.5849,1.0,1.0,MaintainConstant,seated
40.2374,399,-1.51365,-0.249082,-9.84832,0.0191748,0.37444,0.0545948,0.0,0.0,0.0,0.0,7.91016,18.7363,1.0,1.0,MaintainConstant,extended
40.3375,400,0.958008,-1.03465,-9.24478,0.0218379,-1.06207,-0.0607201,0.0,0.0,0.0,0.0,9.31641,14.0488,1.0,1.0,MaintainConstant,extended
40.4376,401,-0.890947,-0.411943,-5.02954,-0.00506001,-2.75051,-0.0585895,0.0,0.0,0.0,0.0,10.1953,8.78072,1.0,1.0,MaintainConstant,extended
40.5377,402,-10.4902,0.411943,-8.44963,0.0785633,-1.04343,0.00479369,0.0,0.0,0.0,0.0,10.3711,1.75611,1.0,1.0,MaintainConstant,extended
40.6378,403,-4.50264,-0.191602,-7.07968,0.041279,0.190682,-0.0282295,0.0,0.0,0.0,0.0,10.0195,-3.5123,1.0,1.0,MaintainConstant,extended
40.7379,404,-6.32285,-0.421523,-7.42456,-0.0125169,0.0335558,0.0681769,0.0,0.0,0.0,0.0,9.14062,-8.78118,1.0,1.0,MaintainConstant,extended
40.838,405,-6.60067,-0.143701,-7.47246,-0.0141148,-0.22264,0.0916127,0.0,0.0,0.0,0.0,7.73438,-14.049,1.0,1.0,MaintainConstant,extended
40.9381,406,-6.26537,-0.316143,-7.52036,0.0098537,-0.370179,0.0215716,0.0,0.0,0.0,0.0,5.97656,-17.5622,1.0,1.0,MaintainConstant,extended
41.0382,407,-6.28453,-0.201182,-7.65448,0.0426106,-0.44315,-0.0356864,0.0,0.0,0.0,0.0,3.69141,-22.8308,1.0,1.0,MaintainConstant,extended
41.1383,408,-6.34201,-0.105381,-7.73112,0.0255663,-0.441286,-0.0279632,0.0,0.0,0.0,0.0,1.23047,-24.5856,1.0,1.0,MaintainConstant,extended
41.2384,409,-6.16957,-0.162861,-7.63532,-0.00426106,-0.390419,0.0181095,0.0,0.0,0.0,0.0,-1.23047,-24.5857,1.0,1.0,MaintainConstant,extended
41.3385,410,-6.39949,-0.172441,-7.57784,-0.01012,-0.353934,0.0335558,0.0,0.0,0.0,0.0,-3.69141,-24.5824,1.0,1.0,MaintainConstant,extended
41.4386,411,-6.40907,-0.268242,-7.85566,0.0167779,-0.312921,0.0167779,0.0,0.0,0.0,0.0,-5.80078,-21.0722,1.0,1.0,MaintainConstant,extended
41.5568,412,-6.27495,-0.229922,-7.49162,0.0258327,-0.243413,-0.00958738,0.0,0.0,0.0,0.0,-7.73438,-16.3567,1.0,1.0,MaintainConstant,seated
41.6569,413,-7.97063,0.249082,-7.25212,0.047138,0.446612,0.0125169,0.0,0.0,0.0,0.0,-9.14062,-14.0496,1.0,1.0,MaintainConstant,seated
41.757,414,-6.60067,0.210762,-8.20055,0.0356864,2.31136,0.0897485,0.0,0.0,0.0,0.0,-9.66797,-5.26847,1.0,1.0,MaintainConstant,seated
41.8571,415,0.680186,-0.823887,-9.06275,0.13955,2.50097,0.0881506,0.0,0.0,0.0,0.0,-9.66797,0.0,1.0,1.0,MaintainConstant,seated
41.9572,416,-1.85854,-0.584385,-10.1836,0.00106526,-0.315052,0.0953412,0.0,0.0,0.0,0.0,-8.96484,7.02424,1.0,1.0,MaintainConstant,seated
42.0573,417,-0.881367,-0.229922,-9.64714,-0.00372843,0.751544,-0.0575243,0.0,0.0,0.0,0.0,-7.91016,10.5362,1.0,1.0,MaintainConstant,seated
42.1574,418,-0.833467,-0.134121,-9.63756,0.0535295,0.159523,-0.0428769,0.0,0.0,0.0,0.0,-6.15234,17.562,1.0,1.0,MaintainConstant,seated
42.2575,419,-1.18793,-0.0670606,-9.34058,0.0375506,0.46632,0.0484695,0.0,0.0,0.0,0.0,-4.04297,21.0706,1.0,1.0,MaintainConstant,seated
42.3576,420,-1.49449,-0.325723,-9.67588,0.0138484,0.465254,0.0588559,0.0,0.0,0.0,0.0,-1.75781,22.8291,1.0,1.0,MaintainConstant,seated
42.4577,421,-1.66693,-0.354463,-10.0399,0.015979,0.472178,-0.000266316,0.0,0.0,0.0,0.0,1.05469,28.0958,1.0,1.0,MaintainConstant,seated
42.5578,422,-1.45617,-0.354463,-10.1645,0.0130495,0.458863,-0.0380832,0.0,0.0,0.0,0.0,3.16406,21.0757,1.0,1.0,MaintainConstant,seated
42.6579,423,-1.57113,-0.325723,-9.9537,0.0149137,0.439688,0.0205063,0.0,0.0,0.0,0.0,5.625,24.5837,1.0,1.0,MaintainConstant,seated
42.7703,424,-1.57113,-0.182021,-9.56092,0.0189084,0.391218,0.0588559,0.0,0.0,0.0,0.0,7.73438,18.7611,1.0,1.0,MaintainConstant,extended
42.8704,425,1.07297,-1.58071,-8.54543,0.00905475,-0.694552,0.0905475,0.0,0.0,0.0,0.0,9.31641,15.8061,1.0,1.0,MaintainConstant,extended
42.9705,426,-7.56826,0.507744,-9.67588,-0.00798948,-2.6589,-0.0314253,0.0,0.0,0.0,0.0,10.1953,8.78022,1.0,1.0,MaintainConstant,extended
43.0706,427,-6.49529,0.306563,-7.08926,0.0745685,-1.3963,-0.0937433,0.0,0.0,0.0,0.0,10.5469,3.51242,1.0,1.0,MaintainConstant,extended
43.1707,428,-5.0487,0.258662,-6.79228,0.0154463,0.20746,-0.0998685,0.0,0.0,0.0,0.0,10.0195,-5.2682,1.0,1.0,MaintainConstant,extended
43.2708,429,-7.41498,-0.392783,-7.98021,-0.03542,-0.0828243,0.0175769,0.0,0.0,0.0,0.0,9.31641,-7.02382,1.0,1.0,MaintainConstant,extended
