8.51154e-05,0,-1.35079,-0.268242,-9.74294,0.0167779,0.0218379,0.0149137,0.0,0.0,0.0,0.0,-0.175781,0.0,1.0,1.0,None,seated
0.100185,1,-1.37953,-0.287402,-9.77168,0.0111853,0.0239685,0.0173105,0.0,0.0,0.0,0.0,-0.175781,0.0,1.0,1.0,Nothing,seated
0.200289,2,-1.29331,-0.306563,-9.72378,0.00852212,0.0173105,0.0066579,0.0,0.0,0.0,0.0,-0.175781,0.0,1.0,1.0,Nothing,seated
0.300377,3,-1.33163,-0.306563,-9.72378,-0.000798948,0.0197074,0.0111853,0.0,0.0,0.0,0.0,-0.175781,0.0,1.0,1.0,Nothing,seated
0.400447,4,-1.36995,-0.287402,-9.77168,0.0167779,0.0149137,0.0127832,0.0,0.0,0.0,0.0,-0.175781,0.0,1.0,1.0,Nothing,seated
0.500531,5,-1.33163,-0.277822,-9.73336,0.010919,0.0229032,0.021039,0.0,0.0,0.0,0.0,-0.175781,0.0,1.0,1.0,Nothing,seated
0.600637,6,-1.34121,-0.296982,-9.75252,0.0154463,0.0181095,0.00905475,0.0,0.0,0.0,0.0,-0.175781,0.0,1.0,1.0,Nothing,seated
0.700749,7,-1.32205,-0.258662,-9.72378,0.00639159,0.02024,0.0125169,0.0,0.0,0.0,0.0,-0.175781,0.0,1.0,1.0,Nothing,seated
0.800857,8,-1.35079,-0.239502,-9.78126,0.00426106,0.0189084,0.010919,0.0,0.0,0.0,0.0,-0.175781,0.0,1.0,1.0,Nothing,seated
0.900967,9,-1.31247,-0.277822,-9.74294,0.0066579,0.0221042,0.0125169,0.0,0.0,0.0,0.0,-0.175781,0.0,1.0,1.0,Nothing,seated
1.00107,10,-1.26457,-0.258662,-9.7621,0.00559264,0.0221042,0.0125169,0.0,0.0,0.0,0.0,-0.175781,0.0,1.0,1.0,Nothing,seated
1.10118,11,-1.32205,-0.306563,-9.72378,0.0111853,0.0237021,0.0237021,0.0,0.0,0.0,0.0,-0.175781,0.0,1.0,1.0,Nothing,seated
1.20128,12,-1.35079,-0.277822,-9.70462,0.0157127,0.0271642,0.0167779,0.0,0.0,0.0,0.0,-0.175781,0.0,1.0,1.0,Nothing,seated
1.30138,13,-1.36995,-0.277822,-9.74294,0.0135821,0.0221042,0.0127832,0.0,0.0,0.0,0.0,-0.175781,0.0,1.0,1.0,Nothing,seated
1.40148,14,-1.31247,-0.258662,-9.77168,0.0183758,0.021039,0.0130495,0.0,0.0,0.0,0.0,-0.175781,0.0,1.0,1.0,Nothing,seated
1.50159,15,-1.33163,-0.287402,-9.7621,0.00426106,0.0274306,0.0149137,0.0,0.0,0.0,0.0,-0.175781,0.0,1.0,1.0,Nothing,seated
1.6017,16,-1.32205,-0.268242,-9.70462,0.0157127,0.0194411,0.0149137,0.0,0.0,0.0,0.0,-0.175781,0.0,1.0,1.0,Nothing,seated
1.7018,17,-1.36037,-0.249082,-9.73336,0.00932106,0.0255663,0.0141148,0.0,0.0,0.0,0.0,-0.175781,0.0,1.0,1.0,Nothing,seated
1.80191,18,-1.39869,-0.277822,-9.77168,0.00239685,0.0125169,0.0111853,0.0,0.0,0.0,0.0,-0.175781,0.0,1.0,1.0,Nothing,seated
1.90201,19,-1.22625,-0.306563,-9.7621,0.0098537,0.0194411,0.00426106,0.0,0.0,0.0,0.0,-0.175781,0.0,1.0,1.0,Nothing,seated
2.00212,20,-1.18793,-0.277822,-9.75252,0.00106526,0.02024,0.01012,0.0,0.0,0.0,0.0,0.0,1.75591,1.0,1.0,Nothing,seated
2.10223,21,-1.18793,-0.210762,-9.79084,0.00958738,0.0380832,0.0399474,0.0,0.0,0.0,0.0,0.175781,1.75599,1.0,1.0,Nothing,seated
2.20233,22,-0.843047,-0.258662,-9.8579,0.00585895,0.0689759,0.0141148,0.0,0.0,0.0,0.0,0.175781,0.0,1.0,1.0,Nothing,seated
2.30244,23,-0.814307,-0.296982,-9.9058,0.0149137,0.0822917,0.0111853,0.0,0.0,0.0,0.0,0.703125,5.26764,1.0,1.0,Nothing,seated
2.40254,24,-0.440684,-0.201182,-9.9537,0.00213053,0.120109,0.0577906,0.0,0.0,0.0,0.0,1.40625,7.02437,1.0,1.0,Nothing,seated
2.50265,25,-0.383203,-0.344883,-9.93454,-0.00905475,0.181894,0.0468716,0.0,0.0,0.0,0.0,2.28516,8.77967,1.0,1.0,Nothing,seated
2.60275,26,0.153281,-0.373623,-10.0016,0.0098537,0.24075,-0.00852212,0.0,0.0,0.0,0.0,3.33984,10.5357,1.0,1.0,Nothing,seated
2.70286,27,0.124541,-0.364043,-10.0303,0.01012,0.290551,0.00692422,0.0,0.0,0.0,0.0,4.92188,15.8031,1.0,1.0,Nothing,seated
2.80297,28,0.287402,-0.402363,-10.1549,0.00266316,0.345945,0.0447411,0.0,0.0,0.0,0.0,6.50391,15.8031,1.0,1.0,Nothing,seated
2.90308,29,0.114961,-0.584385,-10.107,0.015979,0.354999,-0.02024,0.0,0.0,0.0,0.0,8.4375,19.3153,1.0,1.0,Nothing,seated
3.00319,30,0.517324,-0.287402,-10.1166,0.0133158,0.396012,-0.00133158,0.0,0.0,0.0,0.0,10.3711,19.3151,1.0,1.0,Nothing,seated
3.10324,31,0.622705,-0.210762,-10.0112,0.00213053,0.384294,0.0948085,0.0,0.0,0.0,0.0,12.4805,21.0824,1.0,1.0,Nothing,seated
3.20334,32,0.296982,-0.392783,-9.9537,0.0114516,0.376038,-0.0114516,0.0,0.0,0.0,0.0,14.2383,17.5598,1.0,1.0,Nothing,seated
3.30345,33,0.986748,-0.134121,-9.84832,0.015979,0.36219,-0.0133158,0.0,0.0,0.0,0.0,15.9961,17.5586,1.0,1.0,Nothing,seated
3.40355,34,0.900527,-0.287402,-9.84832,0.0205063,0.328634,0.0258327,0.0,0.0,0.0,0.0,17.4023,14.0486,1.0,1.0,Nothing,seated
3.50367,35,1.14003,-0.383203,-9.64714,0.0170442,0.262588,0.00239685,0.0,0.0,0.0,0.0,18.6328,12.2907,1.0,1.0,Nothing,seated
3.60378,36,0.440684,-0.479004,-9.51302,0.0263653,0.161388,-0.0276969,0.0,0.0,0.0,0.0,19.5117,8.77959,1.0,1.0,Nothing,seated
3.70388,37,-0.507744,-0.134121,-9.24478,0.0205063,-0.010919,-0.00133158,0.0,0.0,0.0,0.0,19.5117,0.0,1.0,1.0,Nothing,seated
3.80399,38,-1.23583,-0.258662,-9.16813,-0.0015979,-0.175502,0.047138,0.0,0.0,0.0,0.0,18.6328,-8.77984,1.0,1.0,Nothing,seated
3.90409,39,-1.18793,-0.229922,-9.43638,0.0191748,-0.351537,-0.00506001,0.0,0.0,0.0,0.0,16.5234,-21.0714,1.0,1.0,Nothing,seated
4.0042,40,-1.33163,-0.287402,-9.91538,0.00266316,-0.521181,-0.0114516,0.0,0.0,0.0,0.0,13.3594,-31.6061,1.0,1.0,Nothing,seated
4.10431,41,-1.36995,-0.287402,-10.3369,-0.00639159,-0.66579,0.0253,0.0,0.0,0.0,0.0,9.49219,-38.6317,1.0,1.0,Nothing,seated
4.20441,42,-1.48491,-0.306563,-10.653,-0.010919,-0.769121,0.010919,0.0,0.0,0.0,0.0,4.92188,-45.6566,1.0,1.0,Nothing,seated
4.30451,43,-1.52323,-0.335303,-10.8159,0.00213053,-0.825047,-0.00692422,0.0,0.0,0.0,0.0,0.175781,-47.4112,1.0,1.0,Nothing,seated
4.40462,44,-1.52323,-0.306563,-10.8351,-0.00346211,-0.832238,0.00532632,0.0,0.0,0.0,0.0,-4.57031,-47.4107,1.0,1.0,Nothing,seated
4.50473,45,-1.46575,-0.258662,-10.7009,-0.00213053,-0.786431,0.0149137,0.0,0.0,0.0,0.0,-9.14062,-45.652,1.0,1.0,Nothing,seated
4.60484,46,-1.45617,-0.239502,-10.3944,-0.000798948,-0.687628,0.00878843,0.0,0.0,0.0,0.0,-13.1836,-40.3861,1.0,1.0,Nothing,seated
4.70494,47,-1.36037,-0.239502,-9.97286,0.0181095,-0.547546,0.0,0.0,0.0,0.0,0.0,-16.1719,-29.8542,1.0,1.0,Nothing,seated
4.80504,48,-1.29331,-0.201182,-9.6184,0.0194411,-0.373642,0.00532632,0.0,0.0,0.0,0.0,-18.457,-22.8281,1.0,1.0,Nothing,seated
4.90514,49,-1.20709,-0.287402,-9.35974,0.0133158,-0.188818,0.01012,0.0,0.0,0.0,0.0,-19.5117,-10.5358,1.0,1.0,Nothing,seated
5.00525,50,-1.24541,-0.325723,-9.26394,0.00639159,0.0218379,0.0221042,0.0,0.0,0.0,0.0,-19.5117,0.0,1.0,1.0,Nothing,seated
5.10536,51,-1.24541,-0.354463,-9.39806,0.0178432,0.230896,0.00585895,0.0,0.0,0.0,0.0,-18.2812,12.2919,1.0,1.0,Nothing,seated
5.20547,52,-1.29331,-0.344883,-9.68546,0.0125169,0.424774,0.0127832,0.0,0.0,0.0,0.0,-15.9961,22.8258,1.0,1.0,Nothing,seated
5.30558,53,-1.36037,-0.296982,-10.1166,0.0175769,0.59788,0.0237021,0.0,0.0,0.0,0.0,-12.4805,35.119,1.0,1.0,Nothing,seated
5.40567,54,-1.42743,-0.277822,-10.3656,0.0141148,0.737163,0.0276969,0.0,0.0,0.0,0.0,-8.61328,38.6338,1.0,1.0,Nothing,seated
5.50578,55,-1.49449,-0.229922,-10.7201,0.0191748,0.823716,0.0250337,0.0,0.0,0.0,0.0,-4.21875,43.8996,1.0,1.0,Nothing,seated
5.60589,56,-1.59029,-0.239502,-10.8351,0.0175769,0.870321,0.0314253,0.0,0.0,0.0,0.0,0.703125,49.1648,1.0,1.0,Nothing,seated
5.70599,57,-1.59029,-0.201182,-10.7872,0.0197074,0.872984,0.0191748,0.0,0.0,0.0,0.0,5.09766,43.8989,1.0,1.0,Nothing,seated
5.8061,58,-1.53281,-0.229922,-10.5285,0.0194411,0.808269,0.00852212,0.0,0.0,0.0,0.0,9.66797,45.6539,1.0,1.0,Nothing,seated
5.9062,59,-1.50407,-0.306563,-10.1549,0.0213053,0.705738,0.0111853,0.0,0.0,0.0,0.0,13.3594,36.8767,1.0,1.0,Nothing,seated
6.00625,60,-1.37953,-0.316143,-9.72378,0.0098537,0.551541,0.0157127,0.0,0.0,0.0,0.0,16.3477,29.8703,1.0,1.0,Nothing,seated
6.10635,61,-1.31247,-0.364043,-9.39806,0.0135821,0.370179,0.0066579,0.0,0.0,0.0,0.0,18.2812,19.3164,1.0,1.0,Nothing,seated
6.20645,62,-1.27415,-0.354463,-9.17772,0.0114516,0.178964,0.0157127,0.0,0.0,0.0,0.0,19.1602,8.78003,1.0,1.0,Nothing,seated
6.30656,63,-1.28373,-0.296982,-9.12023,0.00798948,-0.0298274,0.0114516,0.0,0.0,0.0,0.0,18.6328,-5.26759,1.0,1.0,Nothing,seated
6.40666,64,-1.27415,-0.258662,-9.31184,0.00319579,-0.230363,0.0133158,0.0,0.0,0.0,0.0,17.2266,-14.0484,1.0,1.0,Nothing,seated
6.50676,65,-1.34121,-0.229922,-9.62798,0.00133158,-0.412524,0.0266316,0.0,0.0,0.0,0.0,14.7656,-24.5841,1.0,1.0,Nothing,seated
6.60687,66,-1.38911,-0.249082,-10.0208,-0.0015979,-0.579238,0.00585895,0.0,0.0,0.0,0.0,11.4258,-33.364,1.0,1.0,Nothing,seated
6.70697,67,-1.45617,-0.277822,-10.3656,0.00346211,-0.703341,0.00905475,0.0,0.0,0.0,0.0,7.20703,-42.1431,1.0,1.0,Nothing,seated
6.80708,68,-1.47533,-0.306563,-10.6722,-0.00745685,-0.784301,0.0098537,0.0,0.0,0.0,0.0,2.63672,-45.6543,1.0,1.0,Nothing,seated
6.90718,69,-1.53281,-0.316143,-10.8159,0.00479369,-0.820254,0.0149137,0.0,0.0,0.0,0.0,-1.75781,-43.9015,1.0,1.0,Nothing,seated
7.00728,70,-1.51365,-0.296982,-10.7488,0.00239685,-0.801345,0.00772317,0.0,0.0,0.0,0.0,-6.50391,-47.4111,1.0,1.0,Nothing,seated
7.10738,71,-1.46575,-0.268242,-10.4998,0.01012,-0.751278,0.0015979,0.0,0.0,0.0,0.0,-10.5469,-40.389,1.0,1.0,Nothing,seated
7.20749,72,-1.36995,-0.239502,-10.1549,-0.00346211,-0.641556,0.0194411,0.0,0.0,0.0,0.0,-14.0625,-35.1189,1.0,1.0,Nothing,seated
7.3076,73,-1.34121,-0.249082,-9.84832,0.0167779,-0.49668,0.0146474,0.0,0.0,0.0,0.0,-16.875,-28.0949,1.0,1.0,Nothing,seated
7.4077,74,-1.27415,-0.258662,-9.4747,-0.00239685,-0.31665,0.00532632,0.0,0.0,0.0,0.0,-18.457,-15.8034,1.0,1.0,Nothing,seated
7.50781,75,-1.25499,-0.249082,-9.30226,0.00452737,-0.125169,0.0135821,0.0,0.0,0.0,0.0,-19.1602,-7.02382,1.0,1.0,Nothing,seated
7.60792,76,-1.22625,-0.306563,-9.331,0.0138484,0.0801611,0.0167779,0.0,0.0,0.0,0.0,-18.6328,5.26785,1.0,1.0,Nothing,seated
7.70802,77,-1.30289,-0.316143,-9.58008,0.00719053,0.279366,0.0119842,0.0,0.0,0.0,0.0,-16.875,17.5593,1.0,1.0,Nothing,seated
7.80813,78,-1.34121,-0.316143,-9.77168,0.021039,0.457531,0.010919,0.0,0.0,0.0,0.0,-14.2383,26.3395,1.0,1.0,Nothing,seated
7.90824,79,-1.39869,-0.325723,-10.1166,0.0234358,0.61812,0.0154463,0.0,0.0,0.0,0.0,-10.8984,33.3612,1.0,1.0,Nothing,seated
8.00835,80,-1.48491,-0.249082,-10.4614,0.0229032,0.74462,0.0231695,0.0,0.0,0.0,0.0,-6.50391,43.8971,1.0,1.0,Nothing,seated
8.10846,81,-1.58071,-0.239502,-10.7201,0.0098537,0.814661,0.0223706,0.0,0.0,0.0,0.0,-2.10938,43.8989,1.0,1.0,Nothing,seated
8.20856,82,-1.58071,-0.229922,-10.7776,0.021039,0.849282,0.021039,0.0,0.0,0.0,0.0,2.63672,47.41,1.0,1.0,Nothing,seated
8.30867,83,-1.51365,-0.239502,-10.7009,0.0162453,0.835434,0.0117179,0.0,0.0,0.0,0.0,6.85547,42.141,1.0,1.0,Nothing,seated
8.40878,84,-1.50407,-0.268242,-10.3752,0.0167779,0.766191,0.0173105,0.0,0.0,0.0,0.0,11.0742,42.1415,1.0,1.0,Nothing,seated
8.50889,85,-1.44659,-0.306563,-9.92496,0.0175769,0.65354,0.0154463,0.0,0.0,0.0,0.0,14.4141,33.3624,1.0,1.0,Nothing,seated
8.609,86,-1.34121,-0.296982,-9.5705,0.0111853,0.493484,0.00878843,0.0,0.0,0.0,0.0,16.875,24.5836,1.0,1.0,Nothing,seated
8.7091,87,-1.28373,-0.296982,-9.29268,0.0133158,0.318248,0.01518,0.0,0.0,0.0,0.0,18.2812,14.0478,1.0,1.0,Nothing,seated
8.80922,88,-1.28373,-0.316143,-9.16813,0.00692422,0.113184,0.0138484,0.0,0.0,0.0,0.0,18.6328,3.51158,1.0,1.0,Nothing,seated
8.90932,89,-1.28373,-0.306563,-9.15856,0.00958738,-0.0793622,0.0114516,0.0,0.0,0.0,0.0,17.7539,-8.78007,1.0,1.0,Nothing,seated
9.00943,90,-1.32205,-0.239502,-9.3789,0.00452737,-0.28123,0.00932106,0.0,0.0,0.0,0.0,15.8203,-19.315,1.0,1.0,Nothing,seated
9.10953,91,-1.36037,-0.296982,-9.69504,0.00532632,-0.455134,0.0173105,0.0,0.0,0.0,0.0,13.1836,-26.339,1.0,1.0,Nothing,seated
9.20964,92,-1.41785,-0.258662,-10.0687,0.00532632,-0.604271,0.00958738,0.0,0.0,0.0,0.0,9.49219,-36.8747,1.0,1.0,Nothing,seated
9.30975,93,-1.47533,-0.296982,-10.4519,0.00266316,-0.711863,0.00772317,0.0,0.0,0.0,0.0,5.09766,-43.8976,1.0,1.0,Nothing,seated
9.40985,94,-1.52323,-0.296982,-10.7009,-0.0146474,-0.766191,0.010919,0.0,0.0,0.0,0.0,0.703125,-43.9008,1.0,1.0,Nothing,seated
9.50996,95,-1.48491,-0.306563,-10.768,0.0114516,-0.797084,0.00958738,0.0,0.0,0.0,0.0,-3.86719,-45.6547,1.0,1.0,Nothing,seated
9.61006,96,-1.47533,-0.296982,-10.6914,0.01012,-0.767789,0.0127832,0.0,0.0,0.0,0.0,-8.08594,-42.145,1.0,1.0,Nothing,seated
9.71017,97,-1.39869,-0.249082,-10.3465,0.00133158,-0.687895,0.00692422,0.0,0.0,0.0,0.0,-11.9531,-38.6305,1.0,1.0,Nothing,seated
9.81024,98,-1.37953,-0.268242,-10.0303,0.00372843,-0.56459,0.00346211,0.0,0.0,0.0,0.0,-14.9414,-29.8619,1.0,1.0,Nothing,seated
9.91034,99,-1.25499,-0.249082,-9.70462,0.0098537,-0.403735,0.00772317,0.0,0.0,0.0,0.0,-17.4023,-24.5831,1.0,1.0,Nothing,seated
10.0104,100,-1.23583,-0.277822,-9.4268,0.00932106,-0.22264,0.0117179,0.0,0.0,0.0,0.0,-18.457,-10.5356,1.0,1.0,Nothing,seated
10.1106,101,-1.22625,-0.287402,-9.34058,0.0119842,-0.0234358,0.0191748,0.0,0.0,0.0,0.0,-18.457,0.0,1.0,1.0,Nothing,seated
10.2107,102,-1.23583,-0.335303,-9.39806,0.0127832,0.217048,0.0181095,0.0,0.0,0.0,0.0,-17.4023,10.5359,1.0,1.0,DecreaseQuarterPeriod,seated
10.3107,103,-1.29331,-0.325723,-9.59924,0.00559264,0.364587,0.0111853,0.0,0.0,0.0,0.0,-15.4688,19.3185,1.0,1.0,DecreaseQuarterPeriod,seated
10.4108,104,-1.37953,-0.354463,-10.0495,0.0125169,0.586428,0.0135821,0.0,0.0,0.0,0.0,-11.4258,40.3913,1.0,1.0,DecreaseQuarterPeriod,seated
10.5109,105,-1.41785,-0.306563,-10.2986,0.0146474,0.690558,0.0205063,0.0,0.0,0.0,0.0,-8.08594,33.375,1.0,1.0,DecreaseQuarterPeriod,seated
10.611,106,-1.50407,-0.239502,-10.6147,0.0199737,0.765925,0.0242348,0.0,0.0,0.0,0.0,-4.21875,38.644,1.0,1.0,DecreaseQuarterPeriod,seated
10.7111,107,-1.55197,-0.258662,-10.7393,0.02024,0.821585,0.0183758,0.0,0.0,0.0,0.0,0.703125,49.1759,1.0,1.0,DecreaseQuarterPeriod,seated
10.8112,108,-1.56155,-0.239502,-10.7009,0.0300937,0.825047,0.0242348,0.0,0.0,0.0,0.0,4.57031,38.6382,1.0,1.0,DecreaseQuarterPeriod,seated
10.9112,109,-1.55197,-0.229922,-10.4614,0.0242348,0.784567,0.0175769,0.0,0.0,0.0,0.0,8.96484,43.9168,1.0,1.0,DecreaseQuarterPeriod,seated
11.0113,110,-1.43701,-0.296982,-10.1645,0.015979,0.69402,0.0133158,0.0,0.0,0.0,0.0,12.3047,33.3705,1.0,1.0,DecreaseQuarterPeriod,seated
11.1114,111,-1.36995,-0.316143,-9.84832,0.00905475,0.562726,0.0114516,0.0,0.0,0.0,0.0,15.293,29.8576,1.0,1.0,DecreaseQuarterPeriod,seated
11.2335,112,-1.32205,-0.306563,-9.38848,0.01518,0.359793,0.00932106,0.0,0.0,0.0,0.0,17.4023,17.2788,1.0,1.0,DecreaseQuarterPeriod,seated
11.3336,113,-1.22625,-0.296982,-9.21604,0.0106526,0.171508,0.0183758,0.0,0.0,0.0,0.0,18.1055,7.02499,1.0,1.0,DecreaseQuarterPeriod,seated
11.4336,114,-1.25499,-0.296982,-9.19688,0.0114516,-0.0130495,0.0130495,0.0,0.0,0.0,0.0,17.7539,-3.51256,1.0,1.0,DecreaseQuarterPeriod,seated
11.5337,115,-1.26457,-0.258662,-9.30226,0.0098537,-0.204797,0.015979,0.0,0.0,0.0,0.0,16.1719,-15.8061,1.0,1.0,DecreaseQuarterPeriod,seated
11.6338,116,-1.33163,-0.277822,-9.64714,-0.00213053,-0.424508,0.00905475,0.0,0.0,0.0,0.0,13.1836,-29.8533,1.0,1.0,DecreaseQuarterPeriod,seated
11.7339,117,-1.36037,-0.239502,-10.0399,-0.00106526,-0.567253,0.00878843,0.0,0.0,0.0,0.0,10.1953,-29.8627,1.0,1.0,DecreaseQuarterPeriod,seated
11.834,118,-1.46575,-0.277822,-10.289,-0.0015979,-0.662062,0.00878843,0.0,0.0,0.0,0.0,6.67969,-35.1271,1.0,1.0,DecreaseQuarterPeriod,seated
11.9341,119,-1.47533,-0.306563,-10.6147,-0.00213053,-0.737429,0.0066579,0.0,0.0,0.0,0.0,2.10938,-45.6626,1.0,1.0,DecreaseQuarterPeriod,seated
12.0342,120,-1.49449,-0.287402,-10.6722,-0.00532632,-0.774447,0.00133158,0.0,0.0,0.0,0.0,-2.28516,-43.9029,1.0,1.0,DecreaseQuarterPeriod,seated
12.1342,121,-1.48491,-0.277822,-10.6626,0.00506001,-0.764061,0.0117179,0.0,0.0,0.0,0.0,-6.50391,-42.158,1.0,1.0,DecreaseQuarterPeriod,seated
12.2343,122,-1.43701,-0.249082,-10.471,0.00585895,-0.689492,0.00958738,0.0,0.0,0.0,0.0,-10.3711,-38.6371,1.0,1.0,DecreaseQuarterPeriod,seated
12.3344,123,-1.36037,-0.277822,-10.0591,-0.00292948,-0.560063,0.0015979,0.0,0.0,0.0,0.0,-14.0625,-36.8768,1.0,1.0,DecreaseQuarterPeriod,seated
12.4345,124,-1.32205,-0.258662,-9.84832,0.00639159,-0.438356,0.0066579,0.0,0.0,0.0,0.0,-16.1719,-21.0768,1.0,1.0,DecreaseQuarterPeriod,seated
12.5509,125,-1.31247,-0.249082,-9.7142,0.00292948,-0.275105,0.0119842,0.0,0.0,0.0,0.0,-17.9297,-15.1081,1.0,1.0,DecreaseQuarterPeriod,extended
12.651,126,0.421523,-0.996328,-8.20055,0.0458064,-1.65808,-0.087618,0.0,0.0,0.0,0.0,-18.1055,-1.75616,1.0,1.0,DecreaseQuarterPeriod,extended
12.751,127,-6.09293,0.182021,-8.07601,-0.00559264,-2.69219,-0.0215716,0.0,0.0,0.0,0.0,-17.4023,7.02528,1.0,1.0,DecreaseQuarterPeriod,extended
12.8511,128,-7.57784,-0.479004,-8.58375,0.0676443,-0.601874,-0.0314253,0.0,0.0,0.0,0.0,-15.6445,17.562,1.0,1.0,DecreaseQuarterPeriod,extended
12.9512,129,-4.88584,-0.258662,-7.52994,0.0298274,0.619984,-0.0141148,0.0,0.0,0.0,0.0,-12.6562,29.8539,1.0,1.0,DecreaseQuarterPeriod,extended
13.0513,130,-6.65815,-0.479004,-8.32509,-0.0170442,0.741957,0.0780306,0.0,0.0,0.0,0.0,-9.31641,33.3714,1.0,1.0,DecreaseQuarterPeriod,extended
13.1514,131,-7.38624,-0.268242,-8.65081,-0.0149137,0.741957,0.0793622,0.0,0.0,0.0,0.0,-5.44922,38.6373,1.0,1.0,DecreaseQuarterPeriod,extended
13.2515,132,-6.88808,-0.210762,-8.46879,0.0274306,0.756071,0.036219,0.0,0.0,0.0,0.0,-1.23047,42.1494,1.0,1.0,DecreaseQuarterPeriod,extended
13.3516,133,-6.66773,-0.0958008,-8.15265,0.0556601,0.747816,-0.00239685,0.0,0.0,0.0,0.0,3.33984,45.6604,1.0,1.0,DecreaseQuarterPeriod,extended
13.4517,134,-6.38991,0.0,-7.91315,0.0431432,0.727842,0.01012,0.0,0.0,0.0,0.0,7.38281,40.387,1.0,1.0,DecreaseQuarterPeriod,extended
13.5518,135,-5.92049,-0.172441,-7.80776,-0.00239685,0.660997,0.0356864,0.0,0.0,0.0,0.0,11.0742,36.8788,1.0,1.0,DecreaseQuarterPeriod,extended
13.6519,136,-6.11209,-0.268242,-7.597,-0.00133158,0.569916,0.0242348,0.0,0.0,0.0,0.0,14.2383,31.6095,1.0,1.0,DecreaseQuarterPeriod,extended
13.752,137,-6.07377,-0.296982,-7.44372,0.0271642,0.417317,0.000266316,0.0,0.0,0.0,0.0,15.9961,17.5637,1.0,1.0,DecreaseQuarterPeriod,extended
13.8671,138,-5.88217,-0.249082,-6.8306,0.0271642,0.208526,0.000266316,0.0,0.0,0.0,0.0,17.2266,10.6862,1.0,1.0,DecreaseQuarterPeriod,seated
13.9672,139,-6.57193,-0.210762,-7.00304,0.0593885,0.529703,0.010919,0.0,0.0,0.0,0.0,17.0508,-1.75615,1.0,1.0,DecreaseQuarterPeriod,seated
14.0673,140,-5.41274,-0.622705,-8.62207,0.026099,2.19072,0.0191748,0.0,0.0,0.0,0.0,15.8203,-12.2936,1.0,1.0,DecreaseQuarterPeriod,seated
14.1674,141,0.479004,0.268242,-10.9692,0.0508664,2.29618,0.00692422,0.0,0.0,0.0,0.0,13.8867,-19.3187,1.0,1.0,DecreaseQuarterPeriod,seated
14.2675,142,-1.07297,-0.622705,-10.1166,-0.0846885,-1.14463,0.0889496,0.0,0.0,0.0,0.0,10.8984,-29.855,1.0,1.0,DecreaseQuarterPeriod,seated
14.3676,143,-1.64777,0.239502,-10.174,-0.00479369,-0.0878843,-0.0183758,0.0,0.0,0.0,0.0,7.20703,-36.8794,1.0,1.0,DecreaseQuarterPeriod,seated
14.4677,144,-1.11129,-0.210762,-10.4135,0.00319579,-0.913464,-0.0197074,0.0,0.0,0.0,0.0,3.16406,-40.3908,1.0,1.0,DecreaseQuarterPeriod,seated
14.5678,145,-1.26457,-0.143701,-10.471,-0.00692422,-0.652474,0.0524643,0.0,0.0,0.0,0.0,-1.58203,-47.4166,1.0,1.0,DecreaseQuarterPeriod,seated
14.6679,146,-1.64777,-0.249082,-10.7201,0.00452737,-0.730505,0.0194411,0.0,0.0,0.0,0.0,-5.44922,-38.6341,1.0,1.0,DecreaseQuarterPeriod,seated
14.768,147,-1.63819,-0.392783,-10.653,0.00639159,-0.733701,-0.0117179,0.0,0.0,0.0,0.0,-9.31641,-38.6359,1.0,1.0,DecreaseQuarterPeriod,seated
14.868,148,-1.45617,-0.344883,-10.2794,0.00133158,-0.609598,-0.00585895,0.0,0.0,0.0,0.0,-12.6562,-33.3683,1.0,1.0,DecreaseQuarterPeriod,seated
14.9681,149,-1.36037,-0.258662,-9.92496,-0.00852212,-0.443683,0.0332895,0.0,0.0,0.0,0.0,-15.293,-26.3418,1.0,1.0,DecreaseQuarterPeriod,seated
15.0682,150,-1.31247,-0.258662,-9.6663,0.00905475,-0.300671,0.0279632,0.0,0.0,0.0,0.0,-16.875,-15.8059,1.0,1.0,DecreaseQuarterPeriod,seated
15.1872,151,-1.30289,-0.316143,-9.58008,0.01518,-0.100934,-0.00426106,0.0,0.0,0.0,0.0,-17.5781,-5.90785,1.0,1.0,DecreaseQuarterPeriod,extended
15.2873,152,0.574805,-0.153281,-7.597,0.0316916,-1.13424,-0.0982706,0.0,0.0,0.0,0.0,-16.875,7.02424,1.0,1.0,DecreaseQuarterPeriod,extended
15.3874,153,-6.27495,-0.124541,-8.35383,-0.0588559,-2.75264,0.0447411,0.0,0.0,0.0,0.0,-15.4688,14.0505,1.0,1.0,DecreaseQuarterPeriod,extended
15.4875,154,-8.09517,-0.258662,-7.60658,0.071639,-0.759534,0.02024,0.0,0.0,0.0,0.0,-13.0078,24.586,1.0,1.0,DecreaseQuarterPeriod,extended
15.5876,155,-5.07744,0.0574805,-8.08559,0.00266316,0.743022,-0.0950749,0.0,0.0,0.0,0.0,-9.84375,31.6109,1.0,1.0,DecreaseQuarterPeriod,extended
15.6877,156,-7.58742,-0.431104,-8.68913,-0.0308927,0.756071,0.047138,0.0,0.0,0.0,0.0,-6.15234,36.8793,1.0,1.0,DecreaseQuarterPeriod,extended
15.7878,157,-7.62574,-0.277822,-8.89031,-0.0181095,0.727309,0.0801611,0.0,0.0,0.0,0.0,-1.93359,42.149,1.0,1.0,DecreaseQuarterPeriod,extended
15.8879,158,-7.00304,-0.153281,-8.55501,0.00372843,0.717988,0.0356864,0.0,0.0,0.0,0.0,2.28516,42.1484,1.0,1.0,DecreaseQuarterPeriod,extended
15.988,159,-6.44739,-0.105381,-8.07601,0.0625843,0.693753,-0.00346211,0.0,0.0,0.0,0.0,6.50391,42.1421,1.0,1.0,DecreaseQuarterPeriod,extended
16.0881,160,-6.05461,-0.0958008,-7.61616,0.051399,0.655404,-0.00213053,0.0,0.0,0.0,0.0,10.0195,35.122,1.0,1.0,DecreaseQuarterPeriod,extended
16.1882,161,-5.78637,-0.0958008,-7.55868,0.00479369,0.581368,0.0426106,0.0,0.0,0.0,0.0,13.0078,29.8559,1.0,1.0,DecreaseQuarterPeriod,extended
16.2882,162,-6.01629,-0.229922,-7.39582,-0.00559264,0.45833,0.0343548,0.0,0.0,0.0,0.0,15.293,22.8449,1.0,1.0,DecreaseQuarterPeriod,extended
16.4056,163,-5.40316,-0.258662,-7.08926,0.0231695,0.265517,0.00719053,0.0,0.0,0.0,0.0,16.6992,11.9856,1.0,1.0,DecreaseQuarterPeriod,seated
16.5056,164,-6.69648,0.0287402,-6.94556,0.0551274,0.70627,-0.0181095,0.0,0.0,0.0,0.0,16.5234,-1.75621,1.0,1.0,DecreaseQuarterPeriod,seated
16.6057,165,-8.36341,0.172441,-8.49753,0.0154463,2.17687,0.0327569,0.0,0.0,0.0,0.0,15.6445,-8.78095,1.0,1.0,DecreaseQuarterPeriod,seated
16.7058,166,0.565225,-1.14003,-10.4327,0.143544,2.37368,0.163252,0.0,0.0,0.0,0.0,13.8867,-17.5621,1.0,1.0,DecreaseQuarterPeriod,seated
16.8059,167,-2.60578,-0.680186,-10.8926,-0.0250337,-0.808003,0.111586,0.0,0.0,0.0,0.0,11.0742,-28.0979,1.0,1.0,DecreaseQuarterPeriod,seated
16.906,168,-1.50407,-0.124541,-10.6147,-0.00745685,-0.153132,-0.0548611,0.0,0.0,0.0,0.0,7.38281,-36.878,1.0,1.0,DecreaseQuarterPeriod,seated
17.0061,169,-1.59987,-0.182021,-10.3752,0.00905475,-0.861,-0.0138484,0.0,0.0,0.0,0.0,3.51562,-38.6375,1.0,1.0,DecreaseQuarterPeriod,seated
17.1062,170,-1.28373,-0.143701,-10.3561,0.00905475,-0.689492,0.0647148,0.0,0.0,0.0,0.0,-0.878906,-43.9063,1.0,1.0,DecreaseQuarterPeriod,seated
17.2062,171,-1.48491,-0.325723,-10.5285,0.00133158,-0.700411,0.01012,0.0,0.0,0.0,0.0,-4.74609,-38.6569,1.0,1.0,DecreaseQuarterPeriod,seated
17.3063,172,-1.55197,-0.325723,-10.4902,0.00958738,-0.679106,-0.0231695,0.0,0.0,0.0,0.0,-8.26172,-35.1252,1.0,1.0,DecreaseQuarterPeriod,seated
17.4064,173,-1.40827,-0.296982,-10.1261,-0.000532632,-0.604804,-0.00905475,0.0,0.0,0.0,0.0,-11.7773,-35.1221,1.0,1.0,DecreaseQuarterPeriod,seated
17.5065,174,-1.34121,-0.287402,-9.84832,0.00452737,-0.47351,0.0327569,0.0,0.0,0.0,0.0,-14.4141,-26.3425,1.0,1.0,DecreaseQuarterPeriod,seated
17.6334,175,-1.28373,-0.431104,-9.72378,0.0237021,-0.313188,0.0146474,0.0,0.0,0.0,0.0,-16.3477,-15.2391,1.0,1.0,DecreaseQuarterPeriod,extended
17.7335,176,0.747246,-0.632285,-9.84832,0.0119842,-1.53052,-0.170176,0.0,0.0,0.0,0.0,-16.875,-5.26848,1.0,1.0,DecreaseQuarterPeriod,extended
17.8336,177,-5.90133,0.0958008,-7.73112,-0.0569916,-2.78593,-0.0516653,0.0,0.0,0.0,0.0,-16.5234,3.51249,1.0,1.0,DecreaseQuarterPeriod,extended
17.9337,178,-12.4828,0.268242,-9.7621,0.0620517,-1.22639,-0.105195,0.0,0.0,0.0,0.0,-15.1172,14.0495,1.0,1.0,DecreaseQuarterPeriod,extended
18.0338,179,-4.7134,0.0383203,-7.118,0.04048,0.645817,-0.0396811,0.0,0.0,0.0,0.0,-12.832,22.8307,1.0,1.0,DecreaseQuarterPeriod,extended
18.1339,180,-6.89766,-0.277822,-8.46879,-0.0426106,0.622913,0.0753675,0.0,0.0,0.0,0.0,-9.66797,31.6127,1.0,1.0,DecreaseQuarterPeriod,extended
18.2339,181,-7.87482,-0.335303,-9.10107,-0.0386158,0.601075,0.0585895,0.0,0.0,0.0,0.0,-6.15234,35.1241,1.0,1.0,DecreaseQuarterPeriod,extended
18.334,182,-7.39582,-0.258662,-8.64123,0.00133158,0.646882,0.021039,0.0,0.0,0.0,0.0,-2.10938,40.3916,1.0,1.0,DecreaseQuarterPeriod,extended
18.4341,183,-6.54319,-0.191602,-8.08559,0.0617853,0.692688,-0.010919,0.0,0.0,0.0,0.0,1.93359,40.3919,1.0,1.0,DecreaseQuarterPeriod,extended
18.5342,184,-6.12167,-0.0191602,-7.67364,0.0628506,0.715059,0.0173105,0.0,0.0,0.0,0.0,5.80078,38.6322,1.0,1.0,DecreaseQuarterPeriod,extended
18.6343,185,-6.11209,-0.134121,-7.597,0.0015979,0.689226,0.0396811,0.0,0.0,0.0,0.0,9.49219,36.8781,1.0,1.0,DecreaseQuarterPeriod,extended
18.7344,186,-6.09293,-0.153281,-7.48204,-0.0066579,0.591488,0.0364853,0.0,0.0,0.0,0.0,12.4805,29.8549,1.0,1.0,DecreaseQuarterPeriod,extended
18.8345,187,-6.14083,-0.258662,-7.51078,0.021039,0.441019,0.00239685,0.0,0.0,0.0,0.0,14.5898,21.075,1.0,1.0,DecreaseQuarterPeriod,extended
18.9346,188,-6.02587,-0.172441,-7.4054,0.0322242,0.262055,0.00292948,0.0,0.0,0.0,0.0,15.8203,12.2941,1.0,1.0,DecreaseQuarterPeriod,extended
19.052,189,-6.34201,-0.134121,-7.04136,0.00559264,0.0681769,0.02024,0.0,0.0,0.0,0.0,16.1719,2.99494,1.0,1.0,DecreaseQuarterPeriod,seated
19.1521,190,-7.49162,0.0766406,-7.99937,0.0215716,0.549943,0.0348874,0.0,0.0,0.0,0.0,15.1172,-10.5371,1.0,1.0,DecreaseQuarterPeriod,seated
19.2522,191,-5.58519,0.0479004,-8.62207,-0.00719053,1.97021,0.0410127,0.0,0.0,0.0,0.0,13.1836,-19.3173,1.0,1.0,DecreaseQuarterPeriod,seated
19.3523,192,1.11129,-1.21667,-10.2315,0.0170442,2.44292,0.0332895,0.0,0.0,0.0,0.0,10.7227,-24.5899,1.0,1.0,DecreaseQuarterPeriod,seated
19.4524,193,-2.4525,-0.555645,-10.4998,-0.0335558,-1.14942,0.0745685,0.0,0.0,0.0,0.0,7.20703,-35.1241,1.0,1.0,DecreaseQuarterPeriod,seated
19.5524,194,-1.02507,-0.162861,-10.4902,0.00719053,-0.0929443,-0.0125169,0.0,0.0,0.0,0.0,3.69141,-35.1255,1.0,1.0,DecreaseQuarterPeriod,seated
19.6525,195,-1.66693,-0.210762,-10.1932,0.0213053,-0.940096,-0.03036,0.0,0.0,0.0,0.0,-0.527344,-42.1477,1.0,1.0,DecreaseQuarterPeriod,seated
19.7526,196,-1.16877,-0.0766406,-10.2411,-0.000266316,-0.586961,0.0370179,0.0,0.0,0.0,0.0,-4.04297,-35.1216,1.0,1.0,DecreaseQuarterPeriod,seated
19.8527,197,-1.57113,-0.201182,-10.3369,0.000532632,-0.670318,0.0287621,0.0,0.0,0.0,0.0,-7.73438,-36.8783,1.0,1.0,DecreaseQuarterPeriod,seated
19.9528,198,-1.49449,-0.373623,-10.2124,0.00292948,-0.618386,-0.00452737,0.0,0.0,0.0,0.0,-11.0742,-33.369,1.0,1.0,DecreaseQuarterPeriod,seated
20.0529,199,-1.37953,-0.258662,-10.0016,-0.00372843,-0.478304,-0.000798948,0.0,0.0,0.0,0.0,-13.8867,-28.0986,1.0,1.0,DecreaseQuarterPeriod,seated
20.1857,200,-1.26457,-0.344883,-9.38848,-0.00213053,-0.268447,0.0402137,0.0,0.0,0.0,0.0,-15.8203,-14.557,1.0,1.0,DecreaseQuarterPeriod,extended
20.2858,201,0.0,0.0,-9.38848,-0.0229032,-1.98965,-0.103331,0.0,0.0,0.0,0.0,-16.3477,-5.26851,1.0,1.0,DecreaseQuarterPeriod,extended
20.3859,202,-2.28964,-0.277822,-7.42456,-0.072438,-2.46582,-0.01012,0.0,0.0,0.0,0.0,-15.9961,3.51233,1.0,1.0,DecreaseQuarterPeriod,extended
20.486,203,-7.9323,-0.488584,-6.9743,0.0732369,-0.828776,0.00798948,0.0,0.0,0.0,0.0,-14.5898,14.0493,1.0,1.0,DecreaseQuarterPeriod,extended
20.5861,204,-5.25946,-0.756826,-7.17548,0.0117179,0.68097,-0.0759001,0.0,0.0,0.0,0.0,-12.1289,24.5875,1.0,1.0,DecreaseQuarterPeriod,extended
20.6862,205,-7.67364,-0.392783,-8.24845,-0.0468716,0.660464,0.0591222,0.0,0.0,0.0,0.0,-9.49219,26.3453,1.0,1.0,DecreaseQuarterPeriod,extended
20.7862,206,-7.4054,-0.220342,-8.51669,-0.0535295,0.51186,0.0751011,0.0,0.0,0.0,0.0,-5.97656,35.1451,1.0,1.0,DecreaseQuarterPeriod,extended
20.8863,207,-7.06052,-0.306563,-8.21013,-0.00292948,0.641556,0.0431432,0.0,0.0,0.0,0.0,-1.93359,40.3927,1.0,1.0,DecreaseQuarterPeriod,extended
20.9864,208,-6.70606,-0.306563,-8.03769,0.0452737,0.666589,-0.01012,0.0,0.0,0.0,0.0,1.93359,38.6376,1.0,1.0,DecreaseQuarterPeriod,extended
21.0865,209,-6.50487,-0.134121,-7.60658,0.0500674,0.736897,0.01012,0.0,0.0,0.0,0.0,5.625,36.8762,1.0,1.0,DecreaseQuarterPeriod,extended
21.1866,210,-6.24621,-0.0383203,-7.47246,0.010919,0.703607,0.0370179,0.0,0.0,0.0,0.0,9.14062,35.1231,1.0,1.0,DecreaseQuarterPeriod,extended
21.2867,211,-6.14083,-0.162861,-7.5491,-0.0197074,0.553139,0.0300937,0.0,0.0,0.0,0.0,11.9531,28.0976,1.0,1.0,DecreaseQuarterPeriod,extended
21.3868,212,-6.10251,-0.277822,-7.55868,0.0234358,0.418649,0.00372843,0.0,0.0,0.0,0.0,14.2383,22.8294,1.0,1.0,DecreaseQuarterPeriod,extended
21.4869,213,-6.22705,-0.201182,-7.24254,0.0370179,0.249006,0.00532632,0.0,0.0,0.0,0.0,15.293,10.5381,1.0,1.0,DecreaseQuarterPeriod,extended
21.5995,214,-5.81511,-0.210762,-7.0701,0.00346211,0.0652474,0.0194411,0.0,0.0,0.0,0.0,15.4688,1.56106,1.0,1.0,DecreaseQuarterPeriod,seated
21.6996,215,-6.80186,0.0958008,-6.98388,0.0740359,0.457531,-0.00452737,0.0,0.0,0.0,0.0,14.5898,-8.78084,1.0,1.0,DecreaseQuarterPeriod,seated
21.7997,216,-6.05461,-0.162861,-7.8365,0.04048,2.03519,0.0189084,0.0,0.0,0.0,0.0,12.832,-17.5615,1.0,1.0,DecreaseQuarterPeriod,seated
21.8998,217,1.00591,-0.134121,-9.45554,0.150202,2.25783,0.122239,0.0,0.0,0.0,0.0,10.5469,-22.8328,1.0,1.0,DecreaseQuarterPeriod,seated
21.9998,218,-2.03098,-0.0383203,-10.9788,0.00745685,-0.922785,0.127033,0.0,0.0,0.0,0.0,7.55859,-29.8554,1.0,1.0,DecreaseQuarterPeriod,seated
22.0999,219,-1.23583,-0.0766406,-10.4902,0.0162453,-0.116646,-0.0117179,0.0,0.0,0.0,0.0,3.86719,-36.8802,1.0,1.0,DecreaseQuarterPeriod,seated
22.2,220,-0.919688,-0.296982,-10.471,-0.0258327,-0.76193,0.00426106,0.0,0.0,0.0,0.0,-1.58203,-54.4395,1.0,1.0,DecreaseQuarterPeriod,seated
22.3001,221,-1.29331,-0.210762,-10.3177,0.0157127,-0.578971,0.0418116,0.0,0.0,0.0,0.0,-3.86719,-22.8326,1.0,1.0,DecreaseQuarterPeriod,seated
22.4002,222,-1.56155,-0.249082,-10.3177,0.00319579,-0.634898,0.0327569,0.0,0.0,0.0,0.0,-7.38281,-35.1244,1.0,1.0,DecreaseQuarterPeriod,seated
22.5003,223,-1.44659,-0.344883,-10.1166,0.00292948,-0.593086,-0.0162453,0.0,0.0,0.0,0.0,-10.5469,-31.6122,1.0,1.0,DecreaseQuarterPeriod,seated
22.6004,224,-1.35079,-0.325723,-9.84832,-0.00532632,-0.469515,-0.0117179,0.0,0.0,0.0,0.0,-13.3594,-28.0981,1.0,1.0,DecreaseQuarterPeriod,seated
22.728,225,-1.36037,-0.172441,-9.88664,-0.00106526,-0.292681,0.061519,0.0,0.0,0.0,0.0,-15.293,-15.1525,1.0,1.0,DecreaseQuarterPeriod,extended
22.8281,226,0.392783,-1.00591,-9.00527,-0.00692422,-1.41707,-0.1265,0.0,0.0,0.0,0.0,-15.8203,-5.26856,1.0,1.0,DecreaseQuarterPeriod,extended
22.9282,227,-5.27862,-0.124541,-8.11433,-0.0450074,-2.81283,-0.0527306,0.0,0.0,0.0,0.0,-15.4688,3.5123,1.0,1.0,DecreaseQuarterPeriod,extended
23.0283,228,-9.54176,0.124541,-7.8844,0.087618,-0.552606,-0.0764327,0.0,0.0,0.0,0.0,-14.2383,12.2938,1.0,1.0,DecreaseQuarterPeriod,extended
23.1284,229,-5.03912,-0.239502,-7.71196,0.0452737,0.494549,-0.0500674,0.0,0.0,0.0,0.0,-11.9531,22.8322,1.0,1.0,DecreaseQuarterPeriod,extended
23.2284,230,-6.75396,-0.296982,-8.16223,-0.0346211,0.531034,0.0780306,0.0,0.0,0.0,0.0,-9.49219,24.5906,1.0,1.0,DecreaseQuarterPeriod,extended
23.3285,231,-6.82102,-0.229922,-8.40173,-0.0356864,0.543285,0.072438,0.0,0.0,0.0,0.0,-5.97656,35.1247,1.0,1.0,DecreaseQuarterPeriod,extended
23.4286,232,-6.84976,-0.354463,-8.36341,0.0,0.598412,0.0340885,0.0,0.0,0.0,0.0,-2.28516,36.8809,1.0,1.0,DecreaseQuarterPeriod,extended
23.5287,233,-6.52403,-0.316143,-8.17181,0.0575243,0.647947,-0.010919,0.0,0.0,0.0,0.0,1.58203,38.6372,1.0,1.0,DecreaseQuarterPeriod,extended
23.6288,234,-6.19831,-0.134121,-7.7886,0.0508664,0.676976,0.0015979,0.0,0.0,0.0,0.0,5.09766,35.1205,1.0,1.0,DecreaseQuarterPeriod,extended
23.7289,235,-5.96839,-0.105381,-7.51078,0.00239685,0.654339,0.0284958,0.0,0.0,0.0,0.0,8.61328,35.1225,1.0,1.0,DecreaseQuarterPeriod,extended
23.829,236,-6.02587,-0.134121,-7.62574,-0.0119842,0.573112,0.0386158,0.0,0.0,0.0,0.0,11.4258,28.0998,1.0,1.0,DecreaseQuarterPeriod,extended
23.9291,237,-6.13125,-0.268242,-7.4054,0.0191748,0.412257,0.0117179,0.0,0.0,0.0,0.0,13.7109,22.8313,1.0,1.0,DecreaseQuarterPeriod,extended
24.0292,238,-6.01629,-0.191602,-7.39582,0.0359527,0.269246,-0.0119842,0.0,0.0,0.0,0.0,14.5898,8.78254,1.0,1.0,DecreaseQuarterPeriod,extended
24.1455,239,-5.92049,-0.172441,-6.94556,-0.00905475,0.0886833,0.0223706,0.0,0.0,0.0,0.0,14.9414,3.02262,1.0,1.0,DecreaseQuarterPeriod,seated
24.2456,240,-7.18506,-0.210762,-7.89398,0.0322242,0.563791,-0.000266316,0.0,0.0,0.0,0.0,14.2383,-7.02454,1.0,1.0,DecreaseQuarterPeriod,seated
24.3457,241,-7.4533,0.0574805,-9.38848,0.0266316,2.11508,0.0338221,0.0,0.0,0.0,0.0,12.6562,-15.8055,1.0,1.0,DecreaseQuarterPeriod,seated
24.4458,242,-1.99266,0.440684,-8.68913,0.194677,2.3031,0.0828243,0.0,0.0,0.0,0.0,10.3711,-22.8304,1.0,1.0,DecreaseQuarterPeriod,seated
24.5458,243,-1.52323,-0.526904,-10.8926,0.010919,-1.05674,0.120908,0.0,0.0,0.0,0.0,7.55859,-28.0991,1.0,1.0,DecreaseQuarterPeriod,seated
24.6459,244,-1.61903,-0.201182,-10.6626,0.00585895,-0.0466053,-0.0170442,0.0,0.0,0.0,0.0,4.04297,-35.1218,1.0,1.0,DecreaseQuarterPeriod,seated
24.746,245,-1.37953,-0.153281,-10.2028,0.0239685,-0.893224,-0.0178432,0.0,0.0,0.0,0.0,0.0,-40.3907,1.0,1.0,DecreaseQuarterPeriod,seated
24.8461,246,-1.33163,-0.210762,-10.1932,0.0119842,-0.54222,0.0468716,0.0,0.0,0.0,0.0,-3.51562,-35.1177,1.0,1.0,DecreaseQuarterPeriod,seated
24.9463,247,-1.65735,-0.268242,-10.3656,0.00106526,-0.615723,0.0199737,0.0,0.0,0.0,0.0,-7.03125,-35.1199,1.0,1.0,DecreaseQuarterPeriod,seated
25.0463,248,-1.57113,-0.316143,-10.2507,0.00798948,-0.568052,-0.0173105,0.0,0.0,0.0,0.0,-10.1953,-31.6112,1.0,1.0,DecreaseQuarterPeriod,seated
25.1464,249,-1.41785,-0.325723,-9.98244,0.00266316,-0.45833,-0.00878843,0.0,0.0,0.0,0.0,-12.6562,-24.5881,1.0,1.0,DecreaseQuarterPeriod,seated
25.2465,250,-1.34121,-0.258662,-9.67588,0.00559264,-0.309459,0.026099,0.0,0.0,0.0,0.0,-14.4141,-17.5619,1.0,1.0,DecreaseQuarterPeriod,seated
25.3682,251,-0.929268,-0.249082,-9.51302,0.0125169,-0.144876,0.02024,0.0,0.0,0.0,0.0,-15.293,-7.22041,1.0,1.0,DecreaseQuarterPeriod,extended
25.4683,252,0.201182,-0.450264,-9.84832,0.0588559,-1.51827,-0.0836233,0.0,0.0,0.0,0.0,-14.9414,3.51242,1.0,1.0,DecreaseQuarterPeriod,extended
25.5684,253,-4.57928,-0.421523,-8.19097,-0.0410127,-2.73933,-0.0175769,0.0,0.0,0.0,0.0,-14.0625,8.7807,1.0,1.0,DecreaseQuarterPeriod,extended
25.6685,254,-7.17548,-0.517324,-7.36708,0.072438,-0.687895,0.00798948,0.0,0.0,0.0,0.0,-12.1289,19.3173,1.0,1.0,DecreaseQuarterPeriod,extended
25.7686,255,-5.44148,0.162861,-7.77902,0.00559264,0.573112,-0.0820254,0.0,0.0,0.0,0.0,-9.49219,26.343,1.0,1.0,DecreaseQuarterPeriod,extended
25.8687,256,-7.09884,-0.296982,-8.35383,-0.0370179,0.661529,0.0479369,0.0,0.0,0.0,0.0,-6.32812,31.6122,1.0,1.0,DecreaseQuarterPeriod,extended
25.9688,257,-7.32876,-0.392783,-8.70829,-0.0154463,0.693487,0.0772317,0.0,0.0,0.0,0.0,-2.63672,36.8806,1.0,1.0,DecreaseQuarterPeriod,extended
26.0689,258,-7.14674,-0.172441,-8.56459,0.0189084,0.646083,0.0375506,0.0,0.0,0.0,0.0,1.05469,36.8809,1.0,1.0,DecreaseQuarterPeriod,extended
26.169,259,-6.49529,-0.172441,-7.94188,0.0537959,0.612793,-0.00932106,0.0,0.0,0.0,0.0,4.57031,35.1184,1.0,1.0,DecreaseQuarterPeriod,extended
26.2691,260,-5.98755,-0.0191602,-7.47246,0.0442085,0.566721,0.00905475,0.0,0.0,0.0,0.0,7.73438,31.6113,1.0,1.0,DecreaseQuarterPeriod,extended
26.3692,261,-5.93965,-0.172441,-7.44372,0.00452737,0.502272,0.0340885,0.0,0.0,0.0,0.0,10.5469,28.0978,1.0,1.0,DecreaseQuarterPeriod,extended
26.4692,262,-6.02587,-0.210762,-7.44372,-0.0098537,0.422377,0.0298274,0.0,0.0,0.0,0.0,12.832,22.8431,1.0,1.0,DecreaseQuarterPeriod,extended
26.5693,263,-5.87259,-0.296982,-7.31918,0.0205063,0.294546,0.00798948,0.0,0.0,0.0,0.0,14.0625,12.2937,1.0,1.0,DecreaseQuarterPeriod,extended
26.686,264,-5.36484,-0.00958008,-6.8306,0.00932106,0.103064,-0.00772317,0.0,0.0,0.0,0.0,14.5898,4.51837,1.0,1.0,DecreaseQuarterPeriod,seated
26.7861,265,-7.03178,-0.00958008,-7.94188,-0.00372843,0.661529,-0.0340885,0.0,0.0,0.0,0.0,13.7109,-8.7812,1.0,1.0,DecreaseQuarterPeriod,seated
26.8862,266,-8.34425,0.162861,-9.97286,0.000532632,2.21415,0.066579,0.0,0.0,0.0,0.0,12.3047,-14.0486,1.0,1.0,DecreaseQuarterPeriod,seated
26.9863,267,-1.41785,-0.325723,-8.77535,0.158991,2.27407,0.0604538,0.0,0.0,0.0,0.0,10.1953,-21.0748,1.0,1.0,DecreaseQuarterPeriod,seated
27.0864,268,-0.105381,-0.479004,-10.768,-0.100667,-1.18617,0.123038,0.0,0.0,0.0,0.0,7.20703,-29.8557,1.0,1.0,DecreaseQuarterPeriod,seated
27.1865,269,-2.17468,-0.162861,-10.1357,-0.01012,0.0340885,-0.0133158,0.0,0.0,0.0,0.0,4.04297,-31.6141,1.0,1.0,DecreaseQuarterPeriod,seated
27.2866,270,-0.804727,-0.229922,-10.0016,0.0191748,-0.888431,-0.0178432,0.0,0.0,0.0,0.0,0.527344,-35.1248,1.0,1.0,DecreaseQuarterPeriod,seated
27.3867,271,-1.49449,-0.134121,-10.1261,-0.00639159,-0.509995,0.0556601,0.0,0.0,0.0,0.0,-2.98828,-35.1227,1.0,1.0,DecreaseQuarterPeriod,seated
27.4868,272,-1.61903,-0.383203,-10.471,0.00106526,-0.593619,0.0167779,0.0,0.0,0.0,0.0,-6.32812,-33.3635,1.0,1.0,DecreaseQuarterPeriod,seated
27.5869,273,-1.41785,-0.364043,-10.3848,-0.00346211,-0.562193,-0.0258327,0.0,0.0,0.0,0.0,-9.49219,-31.6108,1.0,1.0,DecreaseQuarterPeriod,seated
27.687,274,-1.39869,-0.383203,-10.0878,0.0119842,-0.437025,-0.00372843,0.0,0.0,0.0,0.0,-11.9531,-24.5864,1.0,1.0,DecreaseQuarterPeriod,seated
27.7871,275,-1.31247,-0.296982,-9.68546,0.00932106,-0.300138,0.0338221,0.0,0.0,0.0,0.0,-13.8867,-19.3176,1.0,1.0,DecreaseQuarterPeriod,seated
27.9106,276,-0.459844,-0.431104,-9.35016,0.0191748,-0.134223,0.0253,0.0,0.0,0.0,0.0,-14.7656,-7.1128,1.0,1.0,DecreaseQuarterPeriod,extended
28.0107,277,-2.29922,-0.574805,-8.30593,0.00372843,-2.72708,-0.0391485,0.0,0.0,0.0,0.0,-14.0625,7.02491,1.0,1.0,DecreaseQuarterPeriod,extended
28.1108,278,-6.36117,-0.316143,-8.19097,-0.0298274,-2.70151,-0.00905475,0.0,0.0,0.0,0.0,-13.5352,5.26984,1.0,1.0,DecreaseQuarterPeriod,extended
28.2109,279,-10.3369,0.555645,-8.93821,0.072438,-0.66579,-0.0205063,0.0,0.0,0.0,0.0,-11.9531,15.8059,1.0,1.0,DecreaseQuarterPeriod,extended
28.311,280,-4.69424,-0.201182,-7.3575,0.056459,0.533431,-0.0324906,0.0,0.0,0.0,0.0,-9.49219,24.5867,1.0,1.0,DecreaseQuarterPeriod,extended
28.4111,281,-6.60067,-0.249082,-7.97063,-0.0282295,0.683367,0.0671117,0.0,0.0,0.0,0.0,-6.15234,33.367,1.0,1.0,DecreaseQuarterPeriod,extended
28.5111,282,-7.15632,-0.287402,-8.45921,-0.0205063,0.676177,0.0812264,0.0,0.0,0.0,0.0,-2.8125,33.3692,1.0,1.0,DecreaseQuarterPeriod,extended
28.6112,283,-6.88808,-0.210762,-8.25803,0.00106526,0.637028,0.0388822,0.0,0.0,0.0,0.0,0.527344,33.3732,1.0,1.0,DecreaseQuarterPeriod,extended
28.7113,284,-6.46655,-0.172441,-7.8844,0.0482032,0.588026,-0.00772317,0.0,0.0,0.0,0.0,4.04297,35.1174,1.0,1.0,DecreaseQuarterPeriod,extended
28.8114,285,-6.20789,-0.0383203,-7.73112,0.0383495,0.539823,0.00532632,0.0,0.0,0.0,0.0,7.38281,33.3652,1.0,1.0,DecreaseQuarterPeriod,extended
28.9115,286,-6.13125,-0.143701,-7.63532,0.00133158,0.484962,0.03036,0.0,0.0,0.0,0.0,10.0195,26.3416,1.0,1.0,DecreaseQuarterPeriod,extended
29.0116,287,-6.01629,-0.229922,-7.46288,-0.0133158,0.408263,0.03542,0.0,0.0,0.0,0.0,12.1289,21.0743,1.0,1.0,DecreaseQuarterPeriod,extended
29.1636,288,-6.75396,-0.536484,-7.89398,0.0585895,0.233293,-0.0695085,0.0,0.0,0.0,0.0,13.8867,11.5645,1.0,1.0,DecreaseQuarterPeriod,seated
29.2637,289,-7.17548,-0.632285,-7.17548,-0.0450074,0.903877,-0.0756338,0.0,0.0,0.0,0.0,13.8867,0.0,1.0,1.0,DecreaseQuarterPeriod,seated
29.3638,290,-5.10618,-0.182021,-7.46288,-0.0407464,2.44398,0.0410127,0.0,0.0,0.0,0.0,13.0078,-8.78132,1.0,1.0,DecreaseQuarterPeriod,seated
29.4639,291,2.91234,-1.23583,-8.44005,0.152333,2.04557,0.107059,0.0,0.0,0.0,0.0,11.7773,-12.2935,1.0,1.0,DecreaseQuarterPeriod,seated
29.564,292,-2.96982,-0.565225,-10.5764,0.0391485,-0.799747,0.0450074,0.0,0.0,0.0,0.0,9.31641,-24.5872,1.0,1.0,DecreaseQuarterPeriod,seated
29.6641,293,-0.900527,-0.249082,-9.92496,0.00266316,0.041279,-0.0535295,0.0,0.0,0.0,0.0,6.32812,-29.8562,1.0,1.0,DecreaseQuarterPeriod,seated
29.7642,294,-1.76273,-0.172441,-10.2028,-0.00106526,-0.822917,-0.0066579,0.0,0.0,0.0,0.0,2.98828,-33.3671,1.0,1.0,DecreaseQuarterPeriod,seated
29.8642,295,-1.36995,-0.258662,-10.2986,-0.0199737,-0.573645,0.0711064,0.0,0.0,0.0,0.0,-0.878906,-38.6479,1.0,1.0,DecreaseQuarterPeriod,seated
29.9643,296,-1.88728,-0.411943,-10.6147,0.000532632,-0.583765,0.02024,0.0,0.0,0.0,0.0,-3.86719,-29.8569,1.0,1.0,DecreaseQuarterPeriod,seated
30.0644,297,-1.69567,-0.344883,-10.3848,0.0066579,-0.602673,-0.0431432,0.0,0.0,0.0,0.0,-7.20703,-33.3679,1.0,1.0,DecreaseQuarterPeriod,seated
30.1645,298,-1.49449,-0.325723,-10.2315,0.0106526,-0.494549,-0.00932106,0.0,0.0,0.0,0.0,-10.0195,-28.0998,1.0,1.0,DecreaseQuarterPeriod,seated
30.2646,299,-1.28373,-0.306563,-9.84832,0.0015979,-0.380566,0.0466053,0.0,0.0,0.0,0.0,-12.1289,-21.0745,1.0,1.0,DecreaseQuarterPeriod,seated
30.3926,300,-1.16877,-0.661025,-9.25436,0.0181095,-0.230363,0.0713727,0.0,0.0,0.0,0.0,-13.8867,-13.729,1.0,1.0,DecreaseQuarterPeriod,extended
30.4927,301,0.124541,-0.603545,-9.56092,0.0167779,-1.64237,-0.164317,0.0,0.0,0.0,0.0,-14.2383,-3.51243,1.0,1.0,DecreaseQuarterPeriod,extended
30.5928,302,-1.99266,0.210762,-8.18139,-0.0500674,-2.41549,0.0737696,0.0,0.0,0.0,0.0,-13.8867,3.51242,1.0,1.0,DecreaseQuarterPeriod,extended
30.6929,303,-7.66406,0.268242,-7.90356,0.0346211,-0.687096,-0.0862864,0.0,0.0,0.0,0.0,-12.6562,12.293,1.0,1.0,DecreaseQuarterPeriod,extended
30.793,304,-5.4798,0.0,-7.52994,-0.0175769,0.630903,-0.0482032,0.0,0.0,0.0,0.0,-10.7227,19.3175,1.0,1.0,DecreaseQuarterPeriod,extended
30.8931,305,-7.52994,-0.440684,-8.17181,-0.03542,0.51905,0.0567253,0.0,0.0,0.0,0.0,-8.26172,24.5868,1.0,1.0,DecreaseQuarterPeriod,extended
30.9932,306,-7.43414,-0.287402,-8.31551,-0.0213053,0.617054,0.0849548,0.0,0.0,0.0,0.0,-5.09766,31.6116,1.0,1.0,DecreaseQuarterPeriod,extended
31.0932,307,-7.07968,-0.220342,-8.08559,-0.00372843,0.601874,0.03542,0.0,0.0,0.0,0.0,-1.75781,33.3808,1.0,1.0,DecreaseQuarterPeriod,extended
31.1933,308,-6.38033,-0.114961,-7.81734,0.0524643,0.573645,0.00292948,0.0,0.0,0.0,0.0,1.75781,35.1243,1.0,1.0,DecreaseQuarterPeriod,extended
31.2934,309,-5.91091,-0.0766406,-7.73112,0.0450074,0.614658,0.00798948,0.0,0.0,0.0,0.0,4.92188,31.6058,1.0,1.0,DecreaseQuarterPeriod,extended
31.3935,310,-5.77679,-0.143701,-7.77902,0.0114516,0.591222,0.0375506,0.0,0.0,0.0,0.0,7.91016,29.8542,1.0,1.0,DecreaseQuarterPeriod,extended
31.4936,311,-6.03545,-0.124541,-7.6449,-0.00479369,0.467917,0.0300937,0.0,0.0,0.0,0.0,10.5469,26.3421,1.0,1.0,DecreaseQuarterPeriod,extended
31.5937,312,-6.12167,-0.210762,-7.58742,0.0231695,0.368315,0.00958738,0.0,0.0,0.0,0.0,12.3047,17.5622,1.0,1.0,DecreaseQuarterPeriod,extended
31.6938,313,-6.32285,-0.191602,-7.61616,0.0300937,0.228766,0.0,0.0,0.0,0.0,0.0,13.1836,8.78095,1.0,1.0,DecreaseQuarterPeriod,extended
31.8214,314,-6.72521,0.0958008,-7.30002,-0.00239685,0.0817591,0.000532632,0.0,0.0,0.0,0.0,13.5352,2.75579,1.0,1.0,DecreaseQuarterPeriod,seated
31.9215,315,-8.59333,-0.287402,-7.597,-0.0127832,0.50387,-0.0487358,0.0,0.0,0.0,0.0,12.4805,-10.5376,1.0,1.0,DecreaseQuarterPeriod,seated
32.0216,316,-3.50631,-0.277822,-11.1033,0.0183758,2.17207,0.0782969,0.0,0.0,0.0,0.0,10.8984,-15.8056,1.0,1.0,DecreaseQuarterPeriod,seated
32.1217,317,0.421523,-0.833467,-8.64123,0.193612,2.17207,0.133691,0.0,0.0,0.0,0.0,8.61328,-22.8295,1.0,1.0,DecreaseQuarterPeriod,seated
32.2217,318,-2.81654,-0.249082,-10.7297,0.00719053,-1.09536,0.120641,0.0,0.0,0.0,0.0,5.80078,-28.0998,1.0,1.0,DecreaseQuarterPeriod,seated
32.3218,319,-0.919688,-0.229922,-10.3465,-0.00452737,0.0167779,-0.0178432,0.0,0.0,0.0,0.0,2.63672,-31.6101,1.0,1.0,DecreaseQuarterPeriod,seated
32.4219,320,-1.11129,-0.210762,-9.94412,0.0322242,-0.877245,-0.0098537,0.0,0.0,0.0,0.0,-1.23047,-38.6371,1.0,1.0,DecreaseQuarterPeriod,seated
32.522,321,-1.43701,-0.124541,-9.87706,0.00932106,-0.461792,0.03542,0.0,0.0,0.0,0.0,-4.21875,-29.8562,1.0,1.0,DecreaseQuarterPeriod,seated
32.6221,322,-1.67651,-0.354463,-10.3177,-0.00772317,-0.52704,0.0306264,0.0,0.0,0.0,0.0,-7.20703,-29.8547,1.0,1.0,DecreaseQuarterPeriod,seated
32.7222,323,-1.50407,-0.450264,-10.0687,-0.00239685,-0.472711,-0.0111853,0.0,0.0,0.0,0.0,-9.84375,-26.3434,1.0,1.0,DecreaseQuarterPeriod,seated
32.8223,324,-1.36037,-0.402363,-10.0495,0.0127832,-0.371511,-0.00772317,0.0,0.0,0.0,0.0,-11.7773,-19.3185,1.0,1.0,DecreaseQuarterPeriod,seated
32.9559,325,-0.967588,0.00958008,-9.77168,0.0154463,-0.198406,0.110521,0.0,0.0,0.0,0.0,-13.5352,-13.1596,1.0,1.0,DecreaseQuarterPeriod,extended
33.056,326,2.213,-1.50407,-7.97063,0.0569916,-1.76141,-0.136088,0.0,0.0,0.0,0.0,-13.7109,-1.75634,1.0,1.0,DecreaseQuarterPeriod,extended
33.1561,327,-3.62127,-0.162861,-8.42089,-0.041279,-2.59472,0.0639159,0.0,0.0,0.0,0.0,-13.3594,3.51235,1.0,1.0,DecreaseQuarterPeriod,extended
33.2561,328,-11.5536,-0.153281,-8.21971,0.071639,-0.287888,-0.0889496,0.0,0.0,0.0,0.0,-11.9531,14.0497,1.0,1.0,DecreaseQuarterPeriod,extended
33.3562,329,-4.54096,-0.373623,-7.39582,0.0812264,0.277768,-0.0237021,0.0,0.0,0.0,0.0,-10.0195,19.3218,1.0,1.0,DecreaseQuarterPeriod,extended
33.4563,330,-6.42823,-0.526904,-7.95147,-0.0167779,0.587227,0.0657801,0.0,0.0,0.0,0.0,-7.55859,24.5883,1.0,1.0,DecreaseQuarterPeriod,extended
33.5564,331,-6.82102,-0.143701,-8.17181,-0.0237021,0.565655,0.0886833,0.0,0.0,0.0,0.0,-4.39453,31.6111,1.0,1.0,DecreaseQuarterPeriod,extended
33.6565,332,-6.61025,-0.287402,-8.08559,0.0154463,0.569384,0.0340885,0.0,0.0,0.0,0.0,-1.23047,31.6126,1.0,1.0,DecreaseQuarterPeriod,extended
33.7566,333,-6.34201,-0.124541,-7.79818,0.0575243,0.561661,-0.0292948,0.0,0.0,0.0,0.0,2.10938,33.3679,1.0,1.0,DecreaseQuarterPeriod,extended
33.8567,334,-6.01629,-0.114961,-7.79818,0.0442085,0.543818,-0.0066579,0.0,0.0,0.0,0.0,5.27344,31.6073,1.0,1.0,DecreaseQuarterPeriod,extended
33.9568,335,-6.28453,-0.105381,-7.75028,-0.000532632,0.514523,0.0343548,0.0,0.0,0.0,0.0,8.08594,28.0994,1.0,1.0,DecreaseQuarterPeriod,extended
34.0569,336,-6.09293,-0.191602,-7.6449,-0.0271642,0.467385,0.0386158,0.0,0.0,0.0,0.0,10.5469,24.5869,1.0,1.0,DecreaseQuarterPeriod,extended
34.157,337,-6.15999,-0.249082,-7.55868,0.0114516,0.320911,0.0146474,0.0,0.0,0.0,0.0,12.1289,15.8064,1.0,1.0,DecreaseQuarterPeriod,extended
34.2771,338,-5.89175,-0.172441,-6.93598,0.0332895,0.178165,-0.00319579,0.0,0.0,0.0,0.0,13.0078,7.31402,1.0,1.0,DecreaseQuarterPeriod,seated
34.3772,339,-8.69871,-0.517324,-7.80776,0.125435,0.95501,0.0316916,0.0,0.0,0.0,0.0,12.6562,-3.5121,1.0,1.0,DecreaseQuarterPeriod,seated
34.4773,340,-5.1445,0.507744,-8.20055,0.0388822,2.44239,0.047138,0.0,0.0,0.0,0.0,11.9531,-7.02585,1.0,1.0,DecreaseQuarterPeriod,seated
34.5774,341,-1.99266,0.0958008,-8.58375,0.100667,2.58859,0.117445,0.0,0.0,0.0,0.0,10.3711,-15.8067,1.0,1.0,DecreaseQuarterPeriod,seated
34.6775,342,-2.18426,-0.239502,-10.6339,-0.0213053,-0.890295,0.147805,0.0,0.0,0.0,0.0,8.26172,-21.0735,1.0,1.0,DecreaseQuarterPeriod,seated
34.7776,343,-1.08255,-0.0958008,-10.0016,0.0197074,0.0537959,-0.0279632,0.0,0.0,0.0,0.0,5.44922,-28.0998,1.0,1.0,DecreaseQuarterPeriod,seated
34.8777,344,-1.27415,-0.162861,-10.2219,0.010919,-0.763795,-0.0338221,0.0,0.0,0.0,0.0,1.93359,-35.1241,1.0,1.0,DecreaseQuarterPeriod,seated
34.9777,345,-1.18793,-0.210762,-10.174,-0.0114516,-0.482565,0.0399474,0.0,0.0,0.0,0.0,-1.23047,-31.6152,1.0,1.0,DecreaseQuarterPeriod,seated
35.0778,346,-1.58071,-0.229922,-10.2986,-0.0138484,-0.536627,0.0223706,0.0,0.0,0.0,0.0,-4.74609,-35.124,1.0,1.0,DecreaseQuarterPeriod,seated
35.1779,347,-1.57113,-0.383203,-10.2315,0.0138484,-0.527839,-0.0258327,0.0,0.0,0.0,0.0,-8.26172,-35.131,1.0,1.0,DecreaseQuarterPeriod,seated
35.278,348,-1.33163,-0.296982,-10.0399,0.00932106,-0.409328,-0.00852212,0.0,0.0,0.0,0.0,-10.3711,-21.0788,1.0,1.0,DecreaseQuarterPeriod,seated
35.378,349,-1.31247,-0.316143,-9.79084,0.00878843,-0.34408,0.0191748,0.0,0.0,0.0,0.0,-11.6016,-12.2963,1.0,1.0,DecreaseQuarterPeriod,seated
35.4781,350,-1.34121,-0.335303,-9.69504,0.0098537,-0.192014,0.03036,0.0,0.0,0.0,0.0,-13.0078,-14.0493,1.0,1.0,DecreaseQuarterPeriod,seated
35.6377,351,-0.661025,-0.584385,-9.51302,0.0300937,-0.0274306,0.0910801,0.0,0.0,0.0,0.0,-13.1836,-1.10192,1.0,1.0,DecreaseQuarterPeriod,extended
35.7378,352,0.871787,-0.134121,-9.16813,0.0703075,-1.71374,-0.112652,0.0,0.0,0.0,0.0,-12.4805,7.02499,1.0,1.0,DecreaseQuarterPeriod,extended
35.8378,353,-5.48939,-0.124541,-9.35974,-0.0266316,-2.49032,0.0636496,0.0,0.0,0.0,0.0,-11.0742,14.0497,1.0,1.0,DecreaseQuarterPeriod,extended
35.9379,354,-8.19097,-0.0766406,-7.73112,0.0511327,-0.576042,-0.0543285,0.0,0.0,0.0,0.0,-8.96484,21.0739,1.0,1.0,DecreaseQuarterPeriod,extended
36.038,355,-5.4798,-0.593965,-8.17181,0.0237021,0.659399,-0.0231695,0.0,0.0,0.0,0.0,-6.15234,28.0994,1.0,1.0,DecreaseQuarterPeriod,extended
36.1381,356,-6.51445,-0.402363,-7.98021,-0.000532632,0.687628,0.071639,0.0,0.0,0.0,0.0,-3.16406,29.8559,1.0,1.0,DecreaseQuarterPeriod,extended
36.2382,357,-6.50487,-0.162861,-8.01853,0.00133158,0.634365,0.0860201,0.0,0.0,0.0,0.0,-0.175781,29.8556,1.0,1.0,DecreaseQuarterPeriod,extended
36.3382,358,-6.91682,-0.287402,-8.26761,0.01518,0.564324,0.0583232,0.0,0.0,0.0,0.0,2.98828,31.6339,1.0,1.0,DecreaseQuarterPeriod,extended
36.4383,359,-6.16957,-0.191602,-7.63532,0.0588559,0.489755,-0.00878843,0.0,0.0,0.0,0.0,6.15234,31.6072,1.0,1.0,DecreaseQuarterPeriod,extended
36.5384,360,-5.69057,-0.0766406,-7.22338,0.0386158,0.430101,-0.00479369,0.0,0.0,0.0,0.0,8.61328,24.5864,1.0,1.0,DecreaseQuarterPeriod,extended
36.6385,361,-5.78637,-0.153281,-7.2617,-0.00772317,0.366185,0.0245011,0.0,0.0,0.0,0.0,10.7227,21.0744,1.0,1.0,DecreaseQuarterPeriod,extended
36.7386,362,-5.99713,-0.191602,-7.48204,-0.00346211,0.288154,0.0346211,0.0,0.0,0.0,0.0,11.9531,12.2923,1.0,1.0,DecreaseQuarterPeriod,extended
36.8558,363,-6.8785,-0.00958008,-6.98388,0.0300937,0.124902,-0.00372843,0.0,0.0,0.0,0.0,12.6562,6.00212,1.0,1.0,DecreaseQuarterPeriod,seated
36.9559,364,-6.96472,0.153281,-7.56826,0.0756338,0.572313,-0.00372843,0.0,0.0,0.0,0.0,12.1289,-5.26851,1.0,1.0,DecreaseQuarterPeriod,seated
37.056,365,-6.19831,0.268242,-7.24254,0.0356864,2.09458,0.0255663,0.0,0.0,0.0,0.0,10.8984,-12.2923,1.0,1.0,DecreaseQuarterPeriod,seated
37.156,366,-0.0670606,-0.306563,-11.3907,0.135289,2.64399,0.0793622,0.0,0.0,0.0,0.0,9.31641,-15.8063,1.0,1.0,DecreaseQuarterPeriod,seated
37.2561,367,-1.32205,-0.364043,-10.0495,-0.0106526,-1.06526,0.133957,0.0,0.0,0.0,0.0,7.03125,-22.8317,1.0,1.0,DecreaseQuarterPeriod,seated
37.3562,368,-0.910107,-0.526904,-9.84832,-0.0215716,0.119842,-0.0223706,0.0,0.0,0.0,0.0,4.39453,-26.3417,1.0,1.0,DecreaseQuarterPeriod,seated
37.4563,369,-1.29331,-0.191602,-9.93454,0.0255663,-0.773116,-0.0524643,0.0,0.0,0.0,0.0,1.23047,-31.6121,1.0,1.0,DecreaseQuarterPeriod,seated
37.5564,370,-1.25499,-0.124541,-9.91538,0.01518,-0.420247,0.0431432,0.0,0.0,0.0,0.0,-1.93359,-31.6114,1.0,1.0,DecreaseQuarterPeriod,seated
37.6565,371,-1.57113,-0.459844,-10.289,0.00426106,-0.535295,0.0487358,0.0,0.0,0.0,0.0,-4.92188,-29.8519,1.0,1.0,DecreaseQuarterPeriod,seated
37.7566,372,-1.43701,-0.459844,-10.2315,0.0114516,-0.507865,-0.00639159,0.0,0.0,0.0,0.0,-7.73438,-28.0994,1.0,1.0,DecreaseQuarterPeriod,seated
37.8567,373,-1.36037,-0.258662,-9.93454,0.0015979,-0.418915,-0.0380832,0.0,0.0,0.0,0.0,-10.0195,-22.8305,1.0,1.0,DecreaseQuarterPeriod,seated
37.9568,374,-1.35079,-0.344883,-9.70462,-0.000532632,-0.289486,0.0245011,0.0,0.0,0.0,0.0,-11.6016,-15.8066,1.0,1.0,DecreaseQuarterPeriod,seated
38.0759,375,-1.41785,-0.191602,-9.24478,0.0,-0.156061,0.0681769,0.0,0.0,0.0,0.0,-12.6562,-8.85666,1.0,1.0,DecreaseQuarterPeriod,extended
38.176,376,0.910107,-0.0670606,-8.89031,0.00426106,-1.68711,-0.108391,0.0,0.0,0.0,0.0,-12.832,-1.75625,1.0,1.0,DecreaseQuarterPeriod,extended
38.2761,377,-4.08111,-0.105381,-8.16223,0.00798948,-2.59046,0.0436758,0.0,0.0,0.0,0.0,-12.1289,7.02439,1.0,1.0,DecreaseQuarterPeriod,extended
38.3762,378,-10.3369,0.0862207,-7.99937,0.0676443,-0.687096,-0.13662,0.0,0.0,0.0,0.0,-10.8984,12.2932,1.0,1.0,DecreaseQuarterPeriod,extended
38.4762,379,-5.29778,-0.287402,-7.75986,0.110255,0.479103,-0.0732369,0.0,0.0,0.0,0.0,-8.96484,19.321,1.0,1.0,DecreaseQuarterPeriod,extended
38.5763,380,-7.20422,-0.287402,-7.5491,-0.0335558,0.667921,0.0641822,0.0,0.0,0.0,0.0,-6.32812,26.3436,1.0,1.0,DecreaseQuarterPeriod,extended
38.6764,381,-7.00304,-0.143701,-7.67364,-0.0420779,0.586694,0.104396,0.0,0.0,0.0,0.0,-3.51562,28.0973,1.0,1.0,DecreaseQuarterPeriod,extended
38.7765,382,-6.70606,-0.287402,-7.7886,-0.00745685,0.535562,0.046339,0.0,0.0,0.0,0.0,-0.351562,31.6097,1.0,1.0,DecreaseQuarterPeriod,extended
38.8766,383,-6.10251,-0.229922,-7.62574,0.056459,0.49668,-0.00905475,0.0,0.0,0.0,0.0,2.8125,31.6121,1.0,1.0,DecreaseQuarterPeriod,extended
38.9767,384,-5.87259,-0.0383203,-7.48204,0.0359527,0.470581,-0.01518,0.0,0.0,0.0,0.0,5.625,28.0968,1.0,1.0,DecreaseQuarterPeriod,extended
39.0768,385,-5.81511,-0.134121,-7.48204,-0.0015979,0.461792,0.0245011,0.0,0.0,0.0,0.0,8.26172,26.344,1.0,1.0,DecreaseQuarterPeriod,extended
39.1769,386,-6.15041,-0.162861,-7.5012,-0.0098537,0.398675,0.0431432,0.0,0.0,0.0,0.0,10.1953,19.3182,1.0,1.0,DecreaseQuarterPeriod,extended
39.277,387,-6.26537,-0.258662,-7.41498,0.00319579,0.302269,0.0234358,0.0,0.0,0.0,0.0,11.4258,12.2936,1.0,1.0,DecreaseQuarterPeriod,extended
39.3897,388,-5.45106,-0.201182,-7.08926,0.0242348,0.170176,-0.0106526,0.0,0.0,0.0,0.0,12.1289,6.23528,1.0,1.0,DecreaseQuarterPeriod,seated
39.4898,389,-6.9743,-0.105381,-7.7886,0.0599211,0.588559,0.00559264,0.0,0.0,0.0,0.0,11.7773,-3.51239,1.0,1.0,DecreaseQuarterPeriod,seated
39.5899,390,-8.04727,0.536484,-7.05094,0.0356864,2.02427,0.0418116,0.0,0.0,0.0,0.0,10.8984,-8.78155,1.0,1.0,DecreaseQuarterPeriod,seated
39.69,391,-2.91234,-0.143701,-9.31184,0.0689759,2.77475,-0.0175769,0.0,0.0,0.0,0.0,9.31641,-15.8059,1.0,1.0,DecreaseQuarterPeriod,seated
39.7901,392,-3.0273,-0.756826,-10.9309,-0.0660464,-0.97232,0.0950749,0.0,0.0,0.0,0.0,7.20703,-21.0745,1.0,1.0,DecreaseQuarterPeriod,seated
39.8902,393,-1.16877,-0.344883,-10.2698,-0.0175769,0.125169,-0.0649811,0.0,0.0,0.0,0.0,4.39453,-28.0982,1.0,1.0,DecreaseQuarterPeriod,seated
39.9902,394,-0.708926,-0.277822,-9.93454,0.0114516,-0.738228,-0.0356864,0.0,0.0,0.0,0.0,1.58203,-28.1168,1.0,1.0,DecreaseQuarterPeriod,seated
40.0903,395,-1.33163,-0.210762,-9.9537,0.0221042,-0.399474,0.077498,0.0,0.0,0.0,0.0,-1.58203,-31.6124,1.0,1.0,DecreaseQuarterPeriod,seated
40.1904,396,-1.52323,-0.134121,-10.2124,0.00585895,-0.499343,0.0271642,0.0,0.0,0.0,0.0,-4.57031,-29.8526,1.0,1.0,DecreaseQuarterPeriod,seated
40.2905,397,-1.34121,-0.373623,-10.0303,-0.00452737,-0.511061,-0.0255663,0.0,0.0,0.0,0.0,-7.20703,-26.3443,1.0,1.0,DecreaseQuarterPeriod,seated
40.3906,398,-1.34121,-0.287402,-9.92496,0.0,-0.414654,-0.0391485,0.0,0.0,0.0,0.0,-9.31641,-21.0757,1.0,1.0,DecreaseQuarterPeriod,seated
40.4907,399,-1.34121,-0.335303,-9.80042,-0.0141148,-0.300671,0.0242348,0.0,0.0,0.0,0.0,-11.0742,-17.5617,1.0,1.0,DecreaseQuarterPeriod,seated
40.5908,400,-1.37953,-0.325723,-9.67588,-0.00133158,-0.175769,0.0266316,0.0,0.0,0.0,0.0,-12.1289,-10.5375,1.0,1.0,DecreaseQuarterPeriod,seated
40.725,401,-0.929268,-0.574805,-10.3082,0.0276969,0.0183758,0.00372843,0.0,0.0,0.0,0.0,-12.4805,-2.61878,1.0,1.0,DecreaseQuarterPeriod,extended
40.8251,402,-0.421523,-0.469424,-5.94923,0.0596548,-1.64903,-0.0857538,0.0,0.0,0.0,0.0,-11.6016,8.78093,1.0,1.0,DecreaseQuarterPeriod,extended
40.9252,403,-4.30146,-0.613125,-8.63165,-0.0633832,-2.50683,0.02024,0.0,0.0,0.0,0.0,-10.1953,14.0497,1.0,1.0,DecreaseQuarterPeriod,extended
41.0253,404,-7.33834,-0.574805,-7.01262,0.0274306,-0.840227,-0.109456,0.0,0.0,0.0,0.0,-8.26172,19.319,1.0,1.0,DecreaseQuarterPeriod,extended
41.1254,405,-4.96248,-0.708926,-7.51078,-0.00266316,0.600543,-0.0940096,0.0,0.0,0.0,0.0,-5.80078,24.5893,1.0,1.0,DecreaseQuarterPeriod,extended
41.2255,406,-7.31918,-0.507744,-8.31551,-0.0130495,0.647148,0.04048,0.0,0.0,0.0,0.0,-3.33984,24.5879,1.0,1.0,DecreaseQuarterPeriod,extended
41.3256,407,-7.19464,0.0958008,-8.52627,-0.0189084,0.560063,0.0700411,0.0,0.0,0.0,0.0,-0.175781,31.6103,1.0,1.0,DecreaseQuarterPeriod,extended
41.4256,408,-6.68689,-0.383203,-8.19097,-0.0098537,0.516121,0.0561927,0.0,0.0,0.0,0.0,2.63672,28.0996,1.0,1.0,DecreaseQuarterPeriod,extended
41.5258,409,-6.20789,-0.0383203,-7.70238,0.0452737,0.455933,0.00133158,0.0,0.0,0.0,0.0,5.625,29.8514,1.0,1.0,DecreaseQuarterPeriod,extended
41.6258,410,-5.89175,-0.162861,-7.4054,0.0322242,0.403469,-0.00772317,0.0,0.0,0.0,0.0,7.91016,22.8301,1.0,1.0,DecreaseQuarterPeriod,extended
41.7259,411,-5.89175,-0.105381,-7.3575,0.00958738,0.351537,0.0231695,0.0,0.0,0.0,0.0,9.84375,19.3183,1.0,1.0,DecreaseQuarterPeriod,extended
41.826,412,-5.89175,-0.229922,-7.39582,-0.00639159,0.264452,0.0263653,0.0,0.0,0.0,0.0,11.0742,12.2937,1.0,1.0,DecreaseQuarterPeriod,extended
41.95,413,-6.41865,0.00958008,-7.24254,0.01518,0.106526,0.000266316,0.0,0.0,0.0,0.0,11.7773,5.67182,1.0,1.0,DecreaseQuarterPeriod,seated
42.0501,414,-7.43414,0.134121,-7.29044,-0.0117179,0.983772,-0.0657801,0.0,0.0,0.0,0.0,11.0742,-7.02493,1.0,1.0,DecreaseQuarterPeriod,seated
42.1502,415,-6.47613,-0.0862207,-9.04359,0.0197074,2.2051,0.0292948,0.0,0.0,0.0,0.0,10.1953,-8.78256,1.0,1.0,DecreaseQuarterPeriod,seated
42.2502,416,3.08479,-0.479004,-8.16223,0.0482032,2.32068,0.0585895,0.0,0.0,0.0,0.0,8.61328,-15.8073,1.0,1.0,DecreaseQuarterPeriod,seated
42.3503,417,-1.59029,-0.325723,-11.3811,-0.0215716,-0.868457,0.129962,0.0,0.0,0.0,0.0,6.67969,-19.3188,1.0,1.0,DecreaseQuarterPeriod,seated
42.4504,418,-1.20709,-0.0479004,-10.471,-0.0066579,0.0553938,-0.0482032,0.0,0.0,0.0,0.0,3.86719,-28.1,1.0,1.0,DecreaseQuarterPeriod,seated
42.5505,419,-1.11129,-0.182021,-9.5705,0.0284958,-0.730505,-0.0420779,0.0,0.0,0.0,0.0,1.05469,-28.1008,1.0,1.0,DecreaseQuarterPeriod,seated
42.6506,420,-1.11129,-0.0287402,-9.7621,0.0,-0.416252,0.0609864,0.0,0.0,0.0,0.0,-1.75781,-28.0987,1.0,1.0,DecreaseQuarterPeriod,seated
42.7507,421,-1.54239,-0.229922,-10.1549,-0.0138484,-0.49162,0.0503337,0.0,0.0,0.0,0.0,-4.74609,-29.8518,1.0,1.0,DecreaseQuarterPeriod,seated
42.8508,422,-1.60945,-0.383203,-10.2315,0.00772317,-0.47351,-0.0098537,0.0,0.0,0.0,0.0,-7.20703,-24.5876,1.0,1.0,DecreaseQuarterPeriod,seated
42.9509,423,-1.50407,-0.325723,-10.1166,0.00958738,-0.385359,-0.0205063,0.0,0.0,0.0,0.0,-9.31641,-21.0732,1.0,1.0,DecreaseQuarterPeriod,seated
43.051,424,-1.47533,-0.354463,-9.8579,-0.00852212,-0.266316,0.0287621,0.0,0.0,0.0,0.0,-10.8984,-15.8056,1.0,1.0,DecreaseQuarterPeriod,seated
43.1626,425,-1.38911,-0.335303,-9.91538,0.00479369,-0.152333,0.0423443,0.0,0.0,0.0,0.0,-11.7773,-7.87339,1.0,1.0,DecreaseQuarterPeriod,extended
43.2627,426,0.114961,-0.469424,-9.36932,0.0237021,-1.14409,-0.104396,0.0,0.0,0.0,0.0,-11.9531,-1.75617,1.0,1.0,DecreaseQuarterPeriod,extended
43.3628,427,-5.64267,-0.0191602,-6.39949,-0.0905475,-2.87275,-0.0460727,0.0,0.0,0.0,0.0,-11.25,7.02503,1.0,1.0,DecreaseQuarterPeriod,extended
43.4629,428,-8.28677,0.335303,-9.14898,0.0636496,-0.559796,-0.0402137,0.0,0.0,0.0,0.0,-10.0195,12.2944,1.0,1.0,DecreaseQuarterPeriod,extended
43.563,429,-4.49306,-0.172441,-7.3096,0.00372843,0.51905,-0.0537959,0.0,0.0,0.0,0.0,-8.26172,17.5624,1.0,1.0,DecreaseQuarterPeriod,extended
43.6631,430,-7.5012,-0.201182,-8.35383,-0.0388822,0.555535,0.0676443,0.0,0.0,0.0,0.0,-5.97656,22.831,1.0,1.0,DecreaseQuarterPeriod,extended
43.7632,431,-7.00304,-0.0958008,-8.35383,-0.0338221,0.417051,0.0692422,0.0,0.0,0.0,0.0,-3.33984,26.3416,1.0,1.0,DecreaseQuarterPeriod,extended
43.8633,432,-6.70606,-0.344883,-8.22929,-0.00532632,0.454602,0.0378169,0.0,0.0,0.0,0.0,-0.527344,28.0984,1.0,1.0,DecreaseQuarterPeriod,extended
43.9634,433,-6.23663,-0.258662,-7.73112,0.0593885,0.489755,-0.00932106,0.0,0.0,0.0,0.0,2.28516,28.0987,1.0,1.0,DecreaseQuarterPeriod,extended
44.0635,434,-5.89175,-0.172441,-7.43414,0.0370179,0.499609,-0.00745685,0.0,0.0,0.0,0.0,5.09766,28.0961,1.0,1.0,DecreaseQuarterPeriod,extended
44.1635,435,-5.72889,-0.0958008,-7.65448,-0.000798948,0.480434,0.0378169,0.0,0.0,0.0,0.0,7.55859,24.5859,1.0,1.0,DecreaseQuarterPeriod,extended
44.2636,436,-6.01629,-0.210762,-7.48204,-0.00772317,0.398942,0.0388822,0.0,0.0,0.0,0.0,9.31641,17.5619,1.0,1.0,DecreaseQuarterPeriod,extended
44.3637,437,-6.09293,-0.229922,-7.5491,0.0189084,0.28629,0.0117179,0.0,0.0,0.0,0.0,10.5469,12.2934,1.0,1.0,DecreaseQuarterPeriod,extended
44.4845,438,-5.18282,-0.191602,-7.05094,0.0319579,0.159523,0.00559264,0.0,0.0,0.0,0.0,11.25,5.82324,1.0,1.0,DecreaseQuarterPeriod,seated
44.5846,439,-7.96105,0.0670606,-7.75986,0.0692422,0.560063,-0.0295611,0.0,0.0,0.0,0.0,10.8984,-3.51204,1.0,1.0,DecreaseQuarterPeriod,seated
44.6847,440,-6.21747,0.134121,-7.73112,0.000798948,2.1766,0.0239685,0.0,0.0,0.0,0.0,10.0195,-8.78059,1.0,1.0,DecreaseQuarterPeriod,seated
44.7848,441,-2.10762,0.182021,-7.6449,0.141946,2.58992,0.072438,0.0,0.0,0.0,0.0,8.61328,-14.0492,1.0,1.0,DecreaseQuarterPeriod,seated
44.8849,442,-0.0574805,-0.689766,-10.3561,-0.0319579,-0.846353,0.142213,0.0,0.0,0.0,0.0,6.67969,-19.3184,1.0,1.0,DecreaseQuarterPeriod,seated
44.985,443,-1.64777,0.0670606,-10.1453,0.010919,0.136088,-0.0388822,0.0,0.0,0.0,0.0,4.04297,-26.3417,1.0,1.0,DecreaseQuarterPeriod,seated
45.085,444,-0.996328,-0.0862207,-9.8579,0.0234358,-0.67591,-0.0189084,0.0,0.0,0.0,0.0,1.23047,-28.0994,1.0,1.0,DecreaseQuarterPeriod,seated
45.1851,445,-1.31247,-0.258662,-9.91538,-0.0119842,-0.373908,0.0543285,0.0,0.0,0.0,0.0,-1.40625,-26.3423,1.0,1.0,DecreaseQuarterPeriod,seated
45.2852,446,-1.55197,-0.239502,-10.1453,0.0141148,-0.518251,0.046339,0.0,0.0,0.0,0.0,-4.04297,-26.3405,1.0,1.0,DecreaseQuarterPeriod,seated
45.3853,447,-1.46575,-0.373623,-10.0974,0.0127832,-0.469249,-0.0114516,0.0,0.0,0.0,0.0,-6.67969,-26.3422,1.0,1.0,DecreaseQuarterPeriod,seated
45.4854,448,-1.43701,-0.306563,-10.0495,0.0111853,-0.380566,-0.00798948,0.0,0.0,0.0,0.0,-8.78906,-21.0733,1.0,1.0,DecreaseQuarterPeriod,seated
45.5855,449,-1.38911,-0.344883,-9.84832,-0.000798948,-0.268979,0.0407464,0.0,0.0,0.0,0.0,-10.3711,-15.8054,1.0,1.0,DecreaseQuarterPeriod,seated
45.7003,450,-0.632285,-0.526904,-9.38848,0.0175769,-0.144077,0.0319579,0.0,0.0,0.0,0.0,-11.4258,-9.18977,1.0,1.0,DecreaseQuarterPeriod,extended
45.8004,451,1.36995,-1.66693,-8.47837,0.0111853,-1.50362,-0.0838896,0.0,0.0,0.0,0.0,-11.4258,0.0,1.0,1.0,DecreaseQuarterPeriod,extended
45.9005,452,-4.48348,-0.526904,-7.597,-0.0641822,-2.74519,-0.0410127,0.0,0.0,0.0,0.0,-11.0742,3.51233,1.0,1.0,DecreaseQuarterPeriod,extended
46.0006,453,-8.92863,0.114961,-7.80776,0.0516653,-1.10761,0.0700411,0.0,0.0,0.0,0.0,-9.84375,12.2936,1.0,1.0,DecreaseQuarterPeriod,extended
46.1007,454,-5.21156,0.0,-7.15632,-0.0098537,0.535295,-0.0969391,0.0,0.0,0.0,0.0,-8.4375,14.0507,1.0,1.0,DecreaseQuarterPeriod,extended
46.2007,455,-7.68322,-0.354463,-8.47837,-0.04048,0.474842,0.0332895,0.0,0.0,0.0,0.0,-6.15234,22.83,1.0,1.0,DecreaseQuarterPeriod,extended
46.3008,456,-7.31918,-0.201182,-8.56459,-0.03036,0.421845,0.0676443,0.0,0.0,0.0,0.0,-3.51562,26.3425,1.0,1.0,DecreaseQuarterPeriod,extended
46.4009,457,-6.88808,-0.335303,-8.32509,-0.00292948,0.442351,0.0407464,0.0,0.0,0.0,0.0,-0.703125,28.0986,1.0,1.0,DecreaseQuarterPeriod,extended
46.501,458,-6.24621,-0.201182,-7.76944,0.0447411,0.459928,-0.00639159,0.0,0.0,0.0,0.0,2.10938,28.0992,1.0,1.0,DecreaseQuarterPeriod,extended
46.6011,459,-5.83427,-0.0862207,-7.29044,0.0458064,0.479369,0.00346211,0.0,0.0,0.0,0.0,4.57031,24.5843,1.0,1.0,DecreaseQuarterPeriod,extended
46.7012,460,-5.74805,-0.0766406,-7.2617,0.00372843,0.454602,0.0271642,0.0,0.0,0.0,0.0,7.03125,24.5859,1.0,1.0,DecreaseQuarterPeriod,extended
46.8013,461,-6.00671,-0.182021,-7.46288,-0.0138484,0.390419,0.0300937,0.0,0.0,0.0,0.0,8.96484,19.3192,1.0,1.0,DecreaseQuarterPeriod,extended
46.9014,462,-6.11209,-0.229922,-7.52036,0.0157127,0.280165,0.0127832,0.0,0.0,0.0,0.0,10.0195,10.5374,1.0,1.0,DecreaseQuarterPeriod,extended
47.044,463,-5.46064,-0.459844,-6.42823,0.00878843,0.148072,-0.0444748,0.0,0.0,0.0,0.0,10.8984,6.16341,1.0,1.0,DecreaseQuarterPeriod,seated
47.1441,464,-6.49529,-0.143701,-6.71563,-0.00106526,0.835434,0.0340885,0.0,0.0,0.0,0.0,10.3711,-5.26888,1.0,1.0,DecreaseQuarterPeriod,seated
47.2442,465,-5.84385,-0.191602,-9.12023,-0.0178432,2.34704,0.0846885,0.0,0.0,0.0,0.0,9.49219,-8.78105,1.0,1.0,DecreaseQuarterPeriod,seated
47.3442,466,1.07297,-0.124541,-9.4268,0.057258,2.08818,-0.00506001,0.0,0.0,0.0,0.0,8.08594,-14.0558,1.0,1.0,DecreaseQuarterPeriod,seated
47.4443,467,-2.47166,-0.718506,-10.0112,-0.01518,-1.01946,0.0822917,0.0,0.0,0.0,0.0,6.15234,-19.3154,1.0,1.0,DecreaseQuarterPeriod,seated
47.5444,468,-1.00591,-0.229922,-9.6184,-0.00719053,0.125435,-0.0295611,0.0,0.0,0.0,0.0,3.51562,-26.3427,1.0,1.0,DecreaseQuarterPeriod,seated
47.6445,469,-1.58071,-0.191602,-9.89622,0.0111853,-0.716124,-0.0258327,0.0,0.0,0.0,0.0,0.878906,-26.3432,1.0,1.0,DecreaseQuarterPeriod,seated
47.7446,470,-1.11129,-0.134121,-10.0591,-0.0271642,-0.345945,0.0713727,0.0,0.0,0.0,0.0,-1.75781,-26.3422,1.0,1.0,DecreaseQuarterPeriod,seated
47.8447,471,-1.83938,-0.488584,-10.3177,-0.0149137,-0.451406,0.0282295,0.0,0.0,0.0,0.0,-4.39453,-26.339,1.0,1.0,DecreaseQuarterPeriod,seated
47.9448,472,-1.72441,-0.306563,-10.2507,0.00745685,-0.456466,-0.0242348,0.0,0.0,0.0,0.0,-6.67969,-22.8305,1.0,1.0,DecreaseQuarterPeriod,seated
48.0449,473,-1.55197,-0.325723,-10.0208,0.00772317,-0.33902,0.00479369,0.0,0.0,0.0,0.0,-9.14062,-24.5872,1.0,1.0,DecreaseQuarterPeriod,seated
48.145,474,-1.28373,-0.296982,-9.7142,0.00639159,-0.235956,0.0316916,0.0,0.0,0.0,0.0,-10.1953,-10.5394,1.0,1.0,DecreaseQuarterPeriod,seated
48.2628,475,-1.14003,-0.354463,-9.69504,0.00852212,-0.125968,0.0266316,0.0,0.0,0.0,0.0,-11.0742,-7.46232,1.0,1.0,DecreaseQuarterPeriod,extended
48.3628,476,2.07888,-0.364043,-8.44005,-0.03036,-1.66474,-0.0878843,0.0,0.0,0.0,0.0,-11.0742,0.0,1.0,1.0,DecreaseQuarterPeriod,extended
48.4629,477,-3.64043,-0.191602,-7.96105,-0.0785633,-2.55823,0.00745685,0.0,0.0,0.0,0.0,-10.5469,5.26818,1.0,1.0,DecreaseQuarterPeriod,extended
48.563,478,-7.55868,0.325723,-8.24845,0.0263653,-1.12359,0.0633832,0.0,0.0,0.0,0.0,-9.31641,12.2932,1.0,1.0,DecreaseQuarterPeriod,extended
48.6631,479,-4.51222,-0.153281,-7.32876,0.0125169,0.574977,-0.0785633,0.0,0.0,0.0,0.0,-7.73438,15.8054,1.0,1.0,DecreaseQuarterPeriod,extended
48.7632,480,-7.17548,-0.182021,-8.33467,-0.0332895,0.498011,0.0383495,0.0,0.0,0.0,0.0,-5.44922,22.8309,1.0,1.0,DecreaseQuarterPeriod,extended
48.8633,481,-6.86892,-0.153281,-8.53585,-0.0205063,0.433563,0.0657801,0.0,0.0,0.0,0.0,-2.98828,24.5869,1.0,1.0,DecreaseQuarterPeriod,extended
48.9634,482,-6.70606,-0.277822,-8.24845,-0.000798948,0.422377,0.0367516,0.0,0.0,0.0,0.0,-0.175781,28.0979,1.0,1.0,DecreaseQuarterPeriod,extended
49.0635,483,-6.25579,-0.143701,-7.73112,0.0319579,0.429834,-0.00292948,0.0,0.0,0.0,0.0,2.46094,26.3433,1.0,1.0,DecreaseQuarterPeriod,extended
49.1636,484,-5.89175,-0.143701,-7.3096,0.0399474,0.435693,-0.00292948,0.0,0.0,0.0,0.0,4.92188,24.5826,1.0,1.0,DecreaseQuarterPeriod,extended
49.2637,485,-5.74805,-0.134121,-7.39582,0.021039,0.418915,0.0324906,0.0,0.0,0.0,0.0,7.03125,21.0734,1.0,1.0,DecreaseQuarterPeriod,extended
49.3638,486,-6.04503,-0.210762,-7.5012,-0.0162453,0.356331,0.0335558,0.0,0.0,0.0,0.0,8.78906,17.5618,1.0,1.0,DecreaseQuarterPeriod,extended
49.4639,487,-6.09293,-0.249082,-7.62574,0.00426106,0.248739,0.00452737,0.0,0.0,0.0,0.0,9.84375,10.5376,1.0,1.0,DecreaseQuarterPeriod,extended
49.5794,488,-6.22705,-0.191602,-7.09884,0.0231695,0.136088,-0.0194411,0.0,0.0,0.0,0.0,10.3711,4.56614,1.0,1.0,DecreaseQuarterPeriod,seated
49.6795,489,-7.84608,0.00958008,-7.49162,0.0972054,0.445813,-0.0508664,0.0,0.0,0.0,0.0,10.0195,-3.51222,1.0,1.0,DecreaseQuarterPeriod,seated
49.7796,490,-7.27128,0.479004,-8.58375,0.00106526,2.33559,0.00213053,0.0,0.0,0.0,0.0,8.96484,-10.5372,1.0,1.0,DecreaseQuarterPeriod,seated
49.8796,491,-3.42967,0.421523,-8.20055,0.198672,1.975,0.061519,0.0,0.0,0.0,0.0,7.73438,-12.2952,1.0,1.0,DecreaseQuarterPeriod,seated
49.9797,492,-1.64777,-0.632285,-11.5344,-0.0567253,-0.720918,0.154463,0.0,0.0,0.0,0.0,5.97656,-17.5638,1.0,1.0,DecreaseQuarterPeriod,seated
50.0798,493,-1.37953,-0.162861,-9.72378,-0.000266316,0.173638,-0.0466053,0.0,0.0,0.0,0.0,3.69141,-22.8312,1.0,1.0,DecreaseQuarterPeriod,seated
50.1799,494,-1.23583,-0.134121,-9.78126,0.0335558,-0.652474,-0.0346211,0.0,0.0,0.0,0.0,1.05469,-26.3434,1.0,1.0,DecreaseQuarterPeriod,seated
50.28,495,-1.19751,-0.105381,-9.73336,0.0119842,-0.315052,0.0428769,0.0,0.0,0.0,0.0,-1.40625,-24.585,1.0,1.0,DecreaseQuarterPeriod,seated
50.3801,496,-1.47533,-0.229922,-10.0782,0.00479369,-0.470847,0.0458064,0.0,0.0,0.0,0.0,-4.04297,-26.3386,1.0,1.0,DecreaseQuarterPeriod,seated
50.4802,497,-1.41785,-0.364043,-10.1549,-0.0015979,-0.435693,-0.0157127,0.0,0.0,0.0,0.0,-6.32812,-22.8304,1.0,1.0,DecreaseQuarterPeriod,seated
50.5803,498,-1.14003,-0.249082,-9.64714,0.0066579,-0.340618,-0.0239685,0.0,0.0,0.0,0.0,-8.4375,-21.0751,1.0,1.0,DecreaseQuarterPeriod,seated
50.6804,499,-1.27415,-0.258662,-9.69504,0.0015979,-0.246875,0.0383495,0.0,0.0,0.0,0.0,-9.66797,-12.2943,1.0,1.0,DecreaseQuarterPeriod,seated
50.8024,500,-1.31247,-0.268242,-9.65672,0.0098537,-0.125701,0.0442085,0.0,0.0,0.0,0.0,-10.5469,-7.20294,1.0,1.0,DecreaseQuarterPeriod,extended
50.9025,501,-0.507744,0.354463,-9.55134,-0.0245011,-1.29589,-0.113983,0.0,0.0,0.0,0.0,-10.7227,-1.75616,1.0,1.0,DecreaseQuarterPeriod,extended
51.0026,502,-5.20198,0.229922,-8.58375,-0.0900148,-2.73826,-0.0266316,0.0,0.0,0.0,0.0,-10.1953,5.26849,1.0,1.0,DecreaseQuarterPeriod,extended
51.1027,503,-6.86892,0.134121,-6.94556,0.0631169,-1.23864,0.0801611,0.0,0.0,0.0,0.0,-8.96484,12.293,1.0,1.0,DecreaseQuarterPeriod,extended
51.2028,504,-5.68099,-0.0766406,-7.56826,0.0239685,0.477505,-0.0905475,0.0,0.0,0.0,0.0,-7.55859,14.0494,1.0,1.0,DecreaseQuarterPeriod,extended
51.3029,505,-7.8365,-0.268242,-8.54543,-0.0335558,0.36219,0.0756338,0.0,0.0,0.0,0.0,-5.44922,21.0739,1.0,1.0,DecreaseQuarterPeriod,extended
51.403,506,-7.19464,-0.239502,-8.48795,-0.0386158,0.345678,0.0700411,0.0,0.0,0.0,0.0,-2.98828,24.5866,1.0,1.0,DecreaseQuarterPeriod,extended
51.5031,507,-6.74438,-0.335303,-8.23887,-0.01012,0.394148,0.0428769,0.0,0.0,0.0,0.0,-0.175781,28.0987,1.0,1.0,DecreaseQuarterPeriod,extended
51.6032,508,-6.15999,-0.210762,-7.70238,0.0452737,0.437025,-0.0181095,0.0,0.0,0.0,0.0,2.28516,24.5868,1.0,1.0,DecreaseQuarterPeriod,extended
51.7033,509,-5.72889,-0.0862207,-7.29044,0.0487358,0.391218,-0.00798948,0.0,0.0,0.0,0.0,4.74609,24.5838,1.0,1.0,DecreaseQuarterPeriod,extended
51.8033,510,-5.87259,-0.0766406,-7.2617,0.00719053,0.449275,0.0287621,0.0,0.0,0.0,0.0,6.67969,19.3192,1.0,1.0,DecreaseQuarterPeriod,extended
51.9034,511,-6.01629,-0.153281,-7.46288,-0.0215716,0.330232,0.0386158,0.0,0.0,0.0,0.0,8.4375,17.5631,1.0,1.0,DecreaseQuarterPeriod,extended
52.0035,512,-6.18873,-0.182021,-7.58742,0.01012,0.243946,0.0114516,0.0,0.0,0.0,0.0,9.49219,10.5381,1.0,1.0,DecreaseQuarterPeriod,extended
52.1209,513,-6.11209,-0.153281,-7.5012,0.0319579,0.140881,0.000266316,0.0,0.0,0.0,0.0,10.0195,4.49324,1.0,1.0,DecreaseQuarterPeriod,seated
52.221,514,-5.73847,-0.00958008,-7.22338,0.0886833,0.578172,-0.0503337,0.0,0.0,0.0,0.0,9.66797,-3.51225,1.0,1.0,DecreaseQuarterPeriod,seated
52.3211,515,-5.26904,-0.134121,-7.94188,0.0492685,2.18353,0.0833569,0.0,0.0,0.0,0.0,8.78906,-8.7813,1.0,1.0,DecreaseQuarterPeriod,seated
52.4212,516,-1.58071,0.0862207,-8.98611,0.227967,2.61735,0.0782969,0.0,0.0,0.0,0.0,7.55859,-12.2935,1.0,1.0,DecreaseQuarterPeriod,seated
52.5212,517,-2.6441,-0.249082,-10.6243,-0.00559264,-0.818922,0.141946,0.0,0.0,0.0,0.0,5.80078,-17.566,1.0,1.0,DecreaseQuarterPeriod,seated
52.6213,518,-0.967588,-0.364043,-9.72378,0.00266316,0.192014,-0.0343548,0.0,0.0,0.0,0.0,3.51562,-22.8298,1.0,1.0,DecreaseQuarterPeriod,seated
52.7214,519,-1.35079,-0.0958008,-9.65672,0.03036,-0.650877,-0.0271642,0.0,0.0,0.0,0.0,0.878906,-26.3423,1.0,1.0,DecreaseQuarterPeriod,seated
52.8215,520,-1.06339,-0.0479004,-9.84832,0.00346211,-0.298008,0.0418116,0.0,0.0,0.0,0.0,-1.40625,-22.8311,1.0,1.0,DecreaseQuarterPeriod,seated
52.9216,521,-1.56155,-0.392783,-10.1357,-0.0127832,-0.453004,0.0378169,0.0,0.0,0.0,0.0,-4.04297,-26.3401,1.0,1.0,DecreaseQuarterPeriod,seated
53.0217,522,-1.26457,-0.383203,-9.93454,0.00772317,-0.425839,-0.0066579,0.0,0.0,0.0,0.0,-5.97656,-19.3199,1.0,1.0,DecreaseQuarterPeriod,seated
53.1218,523,-1.26457,-0.296982,-9.84832,0.00266316,-0.332096,-0.026099,0.0,0.0,0.0,0.0,-7.91016,-19.3179,1.0,1.0,DecreaseQuarterPeriod,seated
53.2219,524,-1.38911,-0.287402,-9.7142,0.00878843,-0.236755,0.0282295,0.0,0.0,0.0,0.0,-9.31641,-14.0494,1.0,1.0,DecreaseQuarterPeriod,seated
53.3484,525,-1.31247,-0.316143,-9.86748,0.00319579,-0.124902,0.0641822,0.0,0.0,0.0,0.0,-10.3711,-8.33732,1.0,1.0,DecreaseQuarterPeriod,extended
53.4485,526,-0.268242,-0.172441,-9.32142,0.0346211,-1.38458,-0.111586,0.0,0.0,0.0,0.0,-10.3711,0.0,1.0,1.0,DecreaseQuarterPeriod,extended
53.5486,527,-4.96248,-0.134121,-7.8844,-0.0503337,-2.8581,-0.0591222,0.0,0.0,0.0,0.0,-9.84375,5.26838,1.0,1.0,DecreaseQuarterPeriod,extended
53.6487,528,-10.7776,0.354463,-9.64714,0.0804275,-1.00907,-0.115581,0.0,0.0,0.0,0.0,-8.78906,10.5369,1.0,1.0,DecreaseQuarterPeriod,extended
53.7488,529,-4.6655,-0.182021,-7.597,0.00772317,0.425041,-0.0343548,0.0,0.0,0.0,0.0,-7.20703,15.8059,1.0,1.0,DecreaseQuarterPeriod,extended
53.8488,530,-6.79228,-0.335303,-8.11433,-0.0460727,0.434894,0.0732369,0.0,0.0,0.0,0.0,-5.09766,21.0745,1.0,1.0,DecreaseQuarterPeriod,extended
53.9489,531,-6.86892,-0.258662,-8.25803,-0.026099,0.418915,0.0759001,0.0,0.0,0.0,0.0,-2.8125,22.8305,1.0,1.0,DecreaseQuarterPeriod,extended
54.049,532,-6.62941,-0.258662,-8.08559,0.0183758,0.406398,0.0423443,0.0,0.0,0.0,0.0,-0.175781,26.3425,1.0,1.0,DecreaseQuarterPeriod,extended
54.1491,533,-6.21747,-0.114961,-7.65448,0.0479369,0.401871,-0.02024,0.0,0.0,0.0,0.0,2.28516,24.5878,1.0,1.0,DecreaseQuarterPeriod,extended
54.2492,534,-5.76721,-0.153281,-7.49162,0.0458064,0.404801,-0.00958738,0.0,0.0,0.0,0.0,4.39453,21.0703,1.0,1.0,DecreaseQuarterPeriod,extended
54.3493,535,-5.65225,-0.105381,-7.17548,0.00932106,0.392017,0.03542,0.0,0.0,0.0,0.0,6.50391,21.0755,1.0,1.0,DecreaseQuarterPeriod,extended
54.4494,536,-5.96839,-0.172441,-7.48204,-0.00878843,0.329966,0.0375506,0.0,0.0,0.0,0.0,8.08594,15.8057,1.0,1.0,DecreaseQuarterPeriod,extended
54.5495,537,-6.15041,-0.229922,-7.58742,0.0178432,0.251136,0.0189084,0.0,0.0,0.0,0.0,9.14062,10.5371,1.0,1.0,DecreaseQuarterPeriod,extended
54.6662,538,-5.32652,-0.239502,-7.04136,0.0298274,0.135289,0.0,0.0,0.0,0.0,0.0,9.66797,4.52051,1.0,1.0,DecreaseQuarterPeriod,seated
54.7662,539,-11.8697,0.459844,-8.73703,0.0162453,0.568851,-0.0668453,0.0,0.0,0.0,0.0,9.31641,-3.51332,1.0,1.0,DecreaseQuarterPeriod,seated
54.8663,540,-4.27272,-0.0670606,-7.76944,-0.02024,2.32441,0.0106526,0.0,0.0,0.0,0.0,8.61328,-7.02518,1.0,1.0,DecreaseQuarterPeriod,seated
54.9664,541,2.24174,-0.929268,-8.01853,0.142213,2.6874,0.0657801,0.0,0.0,0.0,0.0,7.38281,-12.2926,1.0,1.0,DecreaseQuarterPeriod,seated
55.0665,542,-2.92192,-0.641865,-9.56092,-0.0287621,-0.927046,0.148604,0.0,0.0,0.0,0.0,5.625,-17.5626,1.0,1.0,DecreaseQuarterPeriod,seated
55.1666,543,-1.18793,-0.431104,-9.70462,-0.00585895,0.224771,-0.03542,0.0,0.0,0.0,0.0,3.33984,-22.83,1.0,1.0,DecreaseQuarterPeriod,seated
55.2667,544,-1.65735,-0.258662,-10.174,0.00905475,-0.659399,-0.0423443,0.0,0.0,0.0,0.0,0.878906,-24.5866,1.0,1.0,DecreaseQuarterPeriod,seated
55.3668,545,-1.38911,-0.229922,-9.9537,-0.0181095,-0.283627,0.0633832,0.0,0.0,0.0,0.0,-1.58203,-24.5883,1.0,1.0,DecreaseQuarterPeriod,seated
55.4669,546,-1.65735,-0.335303,-10.2219,0.00426106,-0.435693,0.0391485,0.0,0.0,0.0,0.0,-3.69141,-21.0728,1.0,1.0,DecreaseQuarterPeriod,seated
55.567,547,-1.41785,-0.344883,-10.0112,0.015979,-0.403735,-0.00106526,0.0,0.0,0.0,0.0,-5.80078,-21.0738,1.0,1.0,DecreaseQuarterPeriod,seated
55.6671,548,-1.48491,-0.316143,-9.88664,0.0199737,-0.316384,-0.0173105,0.0,0.0,0.0,0.0,-7.73438,-19.3172,1.0,1.0,DecreaseQuarterPeriod,seated
55.7672,549,-1.31247,-0.306563,-9.77168,0.00479369,-0.225037,0.0215716,0.0,0.0,0.0,0.0,-8.96484,-12.2936,1.0,1.0,DecreaseQuarterPeriod,seated
55.8899,550,-0.795147,-0.450264,-9.26394,0.010919,-0.116913,0.0284958,0.0,0.0,0.0,0.0,-9.84375,-7.16174,1.0,1.0,DecreaseQuarterPeriod,extended
55.99,551,2.3567,-1.75315,-8.06643,-0.00239685,-1.51214,-0.147805,0.0,0.0,0.0,0.0,-9.84375,0.0,1.0,1.0,DecreaseQuarterPeriod,extended
56.09,552,-6.12167,0.364043,-8.32509,-0.0402137,-2.81177,0.0399474,0.0,0.0,0.0,0.0,-9.31641,5.26902,1.0,1.0,DecreaseQuarterPeriod,extended
56.1901,553,-7.44372,-0.526904,-8.15265,0.0692422,-0.977913,0.01012,0.0,0.0,0.0,0.0,-8.4375,8.78183,1.0,1.0,DecreaseQuarterPeriod,extended
56.2902,554,-5.03912,-0.383203,-7.89398,0.0479369,0.426372,-0.047138,0.0,0.0,0.0,0.0,-7.03125,14.049,1.0,1.0,DecreaseQuarterPeriod,extended
56.3903,555,-6.32285,-0.517324,-8.05685,-0.0276969,0.466053,0.051399,0.0,0.0,0.0,0.0,-4.92188,21.0762,1.0,1.0,DecreaseQuarterPeriod,extended
56.4904,556,-7.14674,-0.268242,-8.54543,-0.0327569,0.402404,0.0753675,0.0,0.0,0.0,0.0,-2.63672,22.8308,1.0,1.0,DecreaseQuarterPeriod,extended
56.5905,557,-6.7827,-0.316143,-8.25803,0.0154463,0.384827,0.041279,0.0,0.0,0.0,0.0,-0.351562,22.8304,1.0,1.0,DecreaseQuarterPeriod,extended
56.6906,558,-6.21747,-0.277822,-7.71196,0.0617853,0.380566,-0.00639159,0.0,0.0,0.0,0.0,2.10938,24.5868,1.0,1.0,DecreaseQuarterPeriod,extended
56.7907,559,-5.69057,-0.0862207,-7.24254,0.0378169,0.37444,-0.0015979,0.0,0.0,0.0,0.0,4.21875,21.0737,1.0,1.0,DecreaseQuarterPeriod,extended
56.8908,560,-5.67141,-0.0958008,-7.24254,-0.00372843,0.363255,0.0316916,0.0,0.0,0.0,0.0,6.15234,19.3171,1.0,1.0,DecreaseQuarterPeriod,extended
56.9909,561,-6.01629,-0.191602,-7.5012,-0.00878843,0.325971,0.0356864,0.0,0.0,0.0,0.0,7.73438,15.8058,1.0,1.0,DecreaseQuarterPeriod,extended
57.091,562,-6.13125,-0.249082,-7.60658,0.0146474,0.236222,0.00532632,0.0,0.0,0.0,0.0,8.61328,8.78084,1.0,1.0,DecreaseQuarterPeriod,extended
57.2059,563,-5.94923,-0.0479004,-7.31918,0.0306264,0.119043,-0.0130495,0.0,0.0,0.0,0.0,9.31641,6.11877,1.0,1.0,DecreaseQuarterPeriod,seated
57.306,564,-7.97063,-0.105381,-7.49162,0.0474043,0.679372,0.00266316,0.0,0.0,0.0,0.0,8.96484,-3.51257,1.0,1.0,DecreaseQuarterPeriod,seated
57.4061,565,-6.76354,0.498164,-8.32509,-0.00639159,2.31136,0.0439422,0.0,0.0,0.0,0.0,8.08594,-8.78109,1.0,1.0,DecreaseQuarterPeriod,seated
57.5061,566,0.335303,-0.986748,-8.90947,0.0482032,2.50337,0.0761664,0.0,0.0,0.0,0.0,7.03125,-10.5376,1.0,1.0,DecreaseQuarterPeriod,seated
57.6062,567,-1.13045,-0.613125,-10.1261,-0.0173105,-0.884436,0.112918,0.0,0.0,0.0,0.0,5.44922,-15.8066,1.0,1.0,DecreaseQuarterPeriod,seated
57.7063,568,-2.48124,0.114961,-10.1166,-0.00798948,0.230363,-0.0503337,0.0,0.0,0.0,0.0,3.33984,-21.0752,1.0,1.0,DecreaseQuarterPeriod,seated
57.8064,569,-0.268242,-0.153281,-9.8579,0.0181095,-0.641023,-0.0402137,0.0,0.0,0.0,0.0,0.878906,-24.5875,1.0,1.0,DecreaseQuarterPeriod,seated
57.9065,570,-1.18793,-0.201182,-9.7621,-0.00266316,-0.283094,0.0495348,0.0,0.0,0.0,0.0,-1.40625,-22.8326,1.0,1.0,DecreaseQuarterPeriod,seated
58.0066,571,-1.47533,-0.229922,-10.0303,-0.00692422,-0.399474,0.041279,0.0,0.0,0.0,0.0,-3.69141,-22.8288,1.0,1.0,DecreaseQuarterPeriod,seated
58.1067,572,-1.18793,-0.402363,-10.0782,0.00772317,-0.3795,-0.0125169,0.0,0.0,0.0,0.0,-5.625,-19.3188,1.0,1.0,DecreaseQuarterPeriod,seated
58.2068,573,-1.26457,-0.296982,-9.98244,0.00532632,-0.30653,-0.0170442,0.0,0.0,0.0,0.0,-7.38281,-17.5624,1.0,1.0,DecreaseQuarterPeriod,seated
58.3069,574,-1.41785,-0.335303,-9.81,-0.00692422,-0.206661,0.0314253,0.0,0.0,0.0,0.0,-8.61328,-12.2934,1.0,1.0,DecreaseQuarterPeriod,seated
58.4276,575,-1.28373,-0.775986,-9.44596,0.0205063,-0.122239,0.0399474,0.0,0.0,0.0,0.0,-9.49219,-7.27741,1.0,1.0,DecreaseQuarterPeriod,extended
58.5277,576,0.670605,-0.0958008,-8.36341,-0.0516653,-1.73398,-0.108923,0.0,0.0,0.0,0.0,-9.49219,0.0,1.0,1.0,DecreaseQuarterPeriod,extended
58.6278,577,-3.61169,-0.210762,-7.8844,-0.0298274,-2.37075,0.0111853,0.0,0.0,0.0,0.0,-8.96484,5.26852,1.0,1.0,DecreaseQuarterPeriod,extended
58.7279,578,-11.3811,-0.105381,-8.59333,0.0529969,-0.80534,-0.0399474,0.0,0.0,0.0,0.0,-8.08594,8.78068,1.0,1.0,DecreaseQuarterPeriod,extended
58.828,579,-5.51813,-0.479004,-7.53952,0.0450074,0.435693,-0.0620517,0.0,0.0,0.0,0.0,-6.85547,12.2931,1.0,1.0,DecreaseQuarterPeriod,extended
58.9281,580,-7.27128,-0.162861,-8.31551,-0.0292948,0.499609,0.0793622,0.0,0.0,0.0,0.0,-4.92188,19.3176,1.0,1.0,DecreaseQuarterPeriod,extended
59.0282,581,-6.77312,-0.258662,-8.66039,-0.0474043,0.300138,0.0929443,0.0,0.0,0.0,0.0,-2.8125,21.0744,1.0,1.0,DecreaseQuarterPeriod,extended
59.1282,582,-6.61025,-0.296982,-8.16223,-0.0106526,0.386425,0.0431432,0.0,0.0,0.0,0.0,-0.527344,22.8419,1.0,1.0,DecreaseQuarterPeriod,extended
59.2283,583,-6.15999,-0.258662,-7.5491,0.0466053,0.366717,-0.0146474,0.0,0.0,0.0,0.0,1.75781,22.8297,1.0,1.0,DecreaseQuarterPeriod,extended
59.3284,584,-5.81511,-0.153281,-7.23296,0.0426106,0.435427,-0.00745685,0.0,0.0,0.0,0.0,3.86719,21.0708,1.0,1.0,DecreaseQuarterPeriod,extended
59.4285,585,-5.70973,-0.105381,-7.31918,0.00932106,0.345412,0.026099,0.0,0.0,0.0,0.0,5.80078,19.3174,1.0,1.0,DecreaseQuarterPeriod,extended
59.5286,586,-6.05461,-0.162861,-7.55868,-0.01012,0.319047,0.0436758,0.0,0.0,0.0,0.0,7.38281,15.8052,1.0,1.0,DecreaseQuarterPeriod,extended
59.6287,587,-6.23663,-0.258662,-7.58742,-0.00319579,0.21758,0.00745685,0.0,0.0,0.0,0.0,8.26172,8.7807,1.0,1.0,DecreaseQuarterPeriod,extended
59.7442,588,-5.85343,-0.220342,-7.25212,0.0282295,0.13449,-0.00213053,0.0,0.0,0.0,0.0,8.78906,4.56814,1.0,1.0,DecreaseQuarterPeriod,seated
59.8443,589,-7.51078,-0.229922,-7.15632,0.0628506,0.58483,-0.0367516,0.0,0.0,0.0,0.0,8.61328,-1.75606,1.0,1.0,DecreaseQuarterPeriod,seated
59.9443,590,-5.58519,-0.0574805,-7.25212,0.0234358,2.21495,0.100135,0.0,0.0,0.0,0.0,7.91016,-7.02483,1.0,1.0,DecreaseQuarterPeriod,seated
60.0444,591,3.08479,-1.31247,-8.62207,0.168844,2.67861,0.0881506,0.0,0.0,0.0,0.0,6.85547,-10.5374,1.0,1.0,DecreaseQuarterPeriod,seated
60.1445,592,-0.402363,-0.354463,-10.3752,-0.0213053,-0.842358,0.15979,0.0,0.0,0.0,0.0,5.44922,-14.0501,1.0,1.0,DecreaseQuarterPeriod,seated
60.2446,593,-1.80105,0.0287402,-10.0974,-0.00479369,0.259392,-0.0479369,0.0,0.0,0.0,0.0,3.33984,-21.0741,1.0,1.0,DecreaseQuarterPeriod,seated
60.3447,594,-1.06339,-0.172441,-10.0112,0.0229032,-0.614658,-0.0359527,0.0,0.0,0.0,0.0,1.05469,-22.8309,1.0,1.0,DecreaseQuarterPeriod,seated
60.4448,595,-1.47533,-0.239502,-9.65672,0.00506001,-0.279366,0.0609864,0.0,0.0,0.0,0.0,-1.23047,-22.8304,1.0,1.0,DecreaseQuarterPeriod,seated
60.5449,596,-1.60945,-0.191602,-10.0878,-0.00878843,-0.411991,0.046339,0.0,0.0,0.0,0.0,-3.33984,-21.0738,1.0,1.0,DecreaseQuarterPeriod,seated
60.645,597,-1.38911,-0.364043,-9.93454,0.00692422,-0.370446,-0.00133158,0.0,0.0,0.0,0.0,-5.27344,-19.3167,1.0,1.0,DecreaseQuarterPeriod,seated
60.7451,598,-1.38911,-0.258662,-9.9058,0.00905475,-0.296144,-0.0223706,0.0,0.0,0.0,0.0,-7.03125,-17.5629,1.0,1.0,DecreaseQuarterPeriod,seated
60.8452,599,-1.33163,-0.325723,-9.84832,0.00932106,-0.219711,0.0295611,0.0,0.0,0.0,0.0,-8.26172,-12.2936,1.0,1.0,DecreaseQuarterPeriod,seated
60.9598,600,-0.823887,-0.201182,-9.51302,0.0189084,-0.115848,0.046339,0.0,0.0,0.0,0.0,-9.14062,-7.6702,1.0,1.0,DecreaseQuarterPeriod,extended
61.0599,601,-0.0287402,-1.78189,-8.93821,0.00346211,-1.46927,-0.0671117,0.0,0.0,0.0,0.0,-9.14062,0.0,1.0,1.0,DecreaseQuarterPeriod,extended
61.1599,602,-4.97206,-0.153281,-8.77535,-0.04048,-2.71323,0.000532632,0.0,0.0,0.0,0.0,-8.78906,3.51241,1.0,1.0,DecreaseQuarterPeriod,extended
61.26,603,-8.13349,0.00958008,-8.03769,0.0543285,-1.15768,0.0942759,0.0,0.0,0.0,0.0,-7.91016,8.78051,1.0,1.0,DecreaseQuarterPeriod,extended
61.3601,604,-5.21156,-0.574805,-7.5012,0.00772317,0.438889,-0.0790959,0.0,0.0,0.0,0.0,-6.85547,10.537,1.0,1.0,DecreaseQuarterPeriod,extended
61.4602,605,-7.86524,-0.182021,-8.42089,-0.0364853,0.389354,0.0343548,0.0,0.0,0.0,0.0,-5.09766,17.5614,1.0,1.0,DecreaseQuarterPeriod,extended
61.5603,606,-7.2617,-0.258662,-8.55501,-0.0418116,0.315585,0.0689759,0.0,0.0,0.0,0.0,-2.98828,21.0737,1.0,1.0,DecreaseQuarterPeriod,extended
61.6604,607,-6.76354,-0.373623,-8.25803,-0.00452737,0.337156,0.0340885,0.0,0.0,0.0,0.0,-0.703125,22.8294,1.0,1.0,DecreaseQuarterPeriod,extended
61.7605,608,-6.11209,-0.258662,-7.62574,0.0537959,0.356597,-0.00319579,0.0,0.0,0.0,0.0,1.58203,22.8291,1.0,1.0,DecreaseQuarterPeriod,extended
61.8606,609,-5.66183,-0.0958008,-7.2617,0.041279,0.380566,-0.0015979,0.0,0.0,0.0,0.0,3.69141,21.0704,1.0,1.0,DecreaseQuarterPeriod,extended
61.9607,610,-5.61393,-0.114961,-7.15632,0.0,0.369114,0.0245011,0.0,0.0,0.0,0.0,5.44922,17.5611,1.0,1.0,DecreaseQuarterPeriod,extended
62.0608,611,-5.93965,-0.172441,-7.48204,-0.0154463,0.316384,0.0356864,0.0,0.0,0.0,0.0,7.03125,15.805,1.0,1.0,DecreaseQuarterPeriod,extended
62.1609,612,-6.21747,-0.249082,-7.65448,0.00798948,0.234092,0.0199737,0.0,0.0,0.0,0.0,7.91016,8.78155,1.0,1.0,DecreaseQuarterPeriod,extended
62.276,613,-6.64857,-0.0766406,-6.90724,0.0316916,0.125701,-0.00506001,0.0,0.0,0.0,0.0,8.4375,4.58176,1.0,1.0,DecreaseQuarterPeriod,seated
62.3761,614,-6.76354,-0.0766406,-8.59333,0.138484,0.501473,-0.00319579,0.0,0.0,0.0,0.0,8.26172,-1.75619,1.0,1.0,DecreaseQuarterPeriod,seated
62.4762,615,-7.12758,-0.105381,-8.43047,0.0561927,2.36702,0.0503337,0.0,0.0,0.0,0.0,7.55859,-7.02483,1.0,1.0,DecreaseQuarterPeriod,seated
62.5762,616,0.488584,0.910107,-8.99569,0.158458,2.28872,0.100934,0.0,0.0,0.0,0.0,6.67969,-8.78578,1.0,1.0,DecreaseQuarterPeriod,seated
62.6763,617,-1.01549,-0.0670606,-10.2028,0.0215716,-0.837032,0.14168,0.0,0.0,0.0,0.0,5.27344,-14.05,1.0,1.0,DecreaseQuarterPeriod,seated
62.7764,618,-2.66326,0.0862207,-9.98244,0.0324906,0.202667,-0.0183758,0.0,0.0,0.0,0.0,3.33984,-19.3192,1.0,1.0,DecreaseQuarterPeriod,seated
62.8765,619,-0.546064,-0.440684,-9.32142,0.0319579,-0.589358,-0.0503337,0.0,0.0,0.0,0.0,1.23047,-21.0745,1.0,1.0,DecreaseQuarterPeriod,seated
62.9766,620,-1.54239,-0.105381,-9.53218,0.00798948,-0.245543,0.0306264,0.0,0.0,0.0,0.0,-1.23047,-24.5859,1.0,1.0,DecreaseQuarterPeriod,seated
63.0767,621,-1.31247,-0.0766406,-9.91538,0.0218379,-0.373908,0.0660464,0.0,0.0,0.0,0.0,-3.16406,-19.3171,1.0,1.0,DecreaseQuarterPeriod,seated
63.1768,622,-1.11129,-0.402363,-10.0112,0.00585895,-0.373908,0.000532632,0.0,0.0,0.0,0.0,-4.92188,-17.5634,1.0,1.0,DecreaseQuarterPeriod,seated
63.2769,623,-1.15919,-0.277822,-10.0016,0.0111853,-0.298807,-0.0300937,0.0,0.0,0.0,0.0,-6.67969,-17.5624,1.0,1.0,DecreaseQuarterPeriod,seated
63.3769,624,-1.40827,-0.277822,-9.84832,0.00719053,-0.223972,0.02024,0.0,0.0,0.0,0.0,-7.73438,-10.538,1.0,1.0,DecreaseQuarterPeriod,seated
63.477,625,-1.42743,-0.258662,-9.7621,0.00585895,-0.140082,0.046339,0.0,0.0,0.0,0.0,-8.61328,-8.78086,1.0,1.0,DecreaseQuarterPeriod,seated
63.5953,626,-1.06339,-0.191602,-11.6973,0.0098537,-0.0921454,0.0506001,0.0,0.0,0.0,0.0,-8.78906,-1.48682,1.0,1.0,DecreaseQuarterPeriod,extended
63.6954,627,-0.785566,-0.699346,-11.8697,-0.0319579,-1.85809,-0.14461,0.0,0.0,0.0,0.0,-8.4375,3.51248,1.0,1.0,DecreaseQuarterPeriod,extended
63.7954,628,-4.38768,-0.172441,-7.5012,0.0066579,-2.65491,0.0668453,0.0,0.0,0.0,0.0,-7.73438,7.02489,1.0,1.0,DecreaseQuarterPeriod,extended
63.8955,629,-10.3177,-0.124541,-7.98021,0.0551274,-0.506533,-0.12943,0.0,0.0,0.0,0.0,-6.32812,14.0494,1.0,1.0,DecreaseQuarterPeriod,extended
63.9956,630,-5.17324,-0.0766406,-7.5491,0.0929443,0.340352,-0.0604538,0.0,0.0,0.0,0.0,-4.74609,15.8066,1.0,1.0,DecreaseQuarterPeriod,extended
64.0957,631,-7.67364,-0.431104,-8.62207,0.0,0.437557,0.0561927,0.0,0.0,0.0,0.0,-2.98828,17.5621,1.0,1.0,DecreaseQuarterPeriod,extended
64.1958,632,-7.17548,-0.411943,-8.54543,-0.00772317,0.32384,0.0814927,0.0,0.0,0.0,0.0,-0.878906,21.0741,1.0,1.0,DecreaseQuarterPeriod,extended
64.2959,633,-6.42823,-0.258662,-7.63532,0.000798948,0.365386,0.0402137,0.0,0.0,0.0,0.0,1.58203,24.5862,1.0,1.0,DecreaseQuarterPeriod,extended
64.396,634,-5.82469,-0.239502,-7.71196,0.0295611,0.345412,-0.015979,0.0,0.0,0.0,0.0,3.86719,22.8316,1.0,1.0,DecreaseQuarterPeriod,extended
64.4961,635,-5.62351,-0.0766406,-7.80776,0.0364853,0.334493,-0.0173105,0.0,0.0,0.0,0.0,5.09766,12.2964,1.0,1.0,DecreaseQuarterPeriod,extended
64.5961,636,-5.89175,-0.134121,-7.6449,0.00426106,0.242081,0.0287621,0.0,0.0,0.0,0.0,6.67969,15.8065,1.0,1.0,DecreaseQuarterPeriod,extended
64.6962,637,-6.09293,-0.124541,-7.56826,-0.00239685,0.245011,0.03542,0.0,0.0,0.0,0.0,7.55859,8.78218,1.0,1.0,DecreaseQuarterPeriod,extended
64.8158,638,-5.55645,0.124541,-7.38624,0.0111853,0.137419,0.0194411,0.0,0.0,0.0,0.0,8.26172,5.88086,1.0,1.0,DecreaseQuarterPeriod,seated
64.9159,639,-7.2138,0.249082,-6.8306,0.0545948,0.698281,0.01012,0.0,0.0,0.0,0.0,7.91016,-3.51227,1.0,1.0,DecreaseQuarterPeriod,seated
65.016,640,-6.85934,0.258662,-7.5491,-0.000798948,2.57341,0.0631169,0.0,0.0,0.0,0.0,7.20703,-7.02494,1.0,1.0,DecreaseQuarterPeriod,seated
65.1161,641,-1.53281,0.287402,-6.38033,0.0245011,2.51323,0.00639159,0.0,0.0,0.0,0.0,6.50391,-7.02558,1.0,1.0,DecreaseQuarterPeriod,seated
65.2161,642,-2.49082,-0.296982,-11.8122,-0.0378169,-0.813329,0.115581,0.0,0.0,0.0,0.0,5.09766,-14.0495,1.0,1.0,DecreaseQuarterPeriod,seated
65.3162,643,-1.07297,-0.210762,-10.2124,-0.0135821,0.28336,-0.0423443,0.0,0.0,0.0,0.0,3.16406,-19.3191,1.0,1.0,DecreaseQuarterPeriod,seated
65.4163,644,-1.27415,-0.182021,-9.38848,0.0141148,-0.597081,-0.066579,0.0,0.0,0.0,0.0,1.23047,-19.3197,1.0,1.0,DecreaseQuarterPeriod,seated
65.5164,645,-1.11129,-0.0287402,-9.93454,-0.0213053,-0.27324,0.0681769,0.0,0.0,0.0,0.0,-1.23047,-24.5863,1.0,1.0,DecreaseQuarterPeriod,seated
65.6165,646,-1.62861,-0.316143,-10.0591,-0.0189084,-0.361924,0.0391485,0.0,0.0,0.0,0.0,-2.98828,-17.5618,1.0,1.0,DecreaseQuarterPeriod,seated
65.7166,647,-1.56155,-0.325723,-10.0878,0.00932106,-0.351005,-0.0239685,0.0,0.0,0.0,0.0,-4.74609,-17.5618,1.0,1.0,DecreaseQuarterPeriod,seated
65.8167,648,-1.47533,-0.335303,-10.0016,0.0117179,-0.292415,-0.0306264,0.0,0.0,0.0,0.0,-6.32812,-15.806,1.0,1.0,DecreaseQuarterPeriod,seated
65.9168,649,-1.39869,-0.335303,-9.84832,-0.00292948,-0.203199,0.0263653,0.0,0.0,0.0,0.0,-7.55859,-12.2938,1.0,1.0,DecreaseQuarterPeriod,seated
66.0169,650,-1.26457,-0.277822,-9.69504,-0.00106526,-0.11931,0.0402137,0.0,0.0,0.0,0.0,-8.26172,-7.02474,1.0,1.0,DecreaseQuarterPeriod,seated
66.1315,651,-1.35079,0.0479004,-9.68546,0.0114516,-0.026099,0.00479369,0.0,0.0,0.0,0.0,-8.61328,-3.06622,1.0,1.0,DecreaseQuarterPeriod,extended
66.2316,652,1.28373,-1.63819,-8.89989,0.0066579,-1.66421,-0.147805,0.0,0.0,0.0,0.0,-8.26172,3.51232,1.0,1.0,DecreaseQuarterPeriod,extended
66.3317,653,-2.72074,0.775986,-7.52036,-0.0468716,-2.6597,0.026099,0.0,0.0,0.0,0.0,-7.55859,7.02503,1.0,1.0,DecreaseQuarterPeriod,extended
66.4318,654,-6.9743,-0.603545,-7.71196,0.0596548,-0.791492,-0.0569916,0.0,0.0,0.0,0.0,-6.32812,12.2937,1.0,1.0,DecreaseQuarterPeriod,extended
66.5319,655,-4.07153,-0.143701,-7.42456,0.0764327,0.431166,-0.0548611,0.0,0.0,0.0,0.0,-4.74609,15.806,1.0,1.0,DecreaseQuarterPeriod,extended
66.632,656,-7.67364,-0.613125,-8.00895,-0.0178432,0.502805,0.047138,0.0,0.0,0.0,0.0,-2.98828,17.5614,1.0,1.0,DecreaseQuarterPeriod,extended
66.7321,657,-6.93598,-0.153281,-8.12391,-0.00452737,0.416518,0.0860201,0.0,0.0,0.0,0.0,-0.703125,22.8306,1.0,1.0,DecreaseQuarterPeriod,extended
66.8321,658,-6.49529,-0.316143,-7.86524,0.0130495,0.346211,0.0370179,0.0,0.0,0.0,0.0,1.23047,19.3196,1.0,1.0,DecreaseQuarterPeriod,extended
66.9322,659,-6.09293,-0.134121,-7.57784,0.0420779,0.299073,-0.0111853,0.0,0.0,0.0,0.0,3.16406,19.3175,1.0,1.0,DecreaseQuarterPeriod,extended
67.0323,660,-5.73847,-0.105381,-7.5012,0.0359527,0.264718,-0.00852212,0.0,0.0,0.0,0.0,4.92188,17.5631,1.0,1.0,DecreaseQuarterPeriod,extended
67.1324,661,-5.59477,-0.143701,-7.57784,0.000532632,0.24075,0.026099,0.0,0.0,0.0,0.0,6.50391,15.8068,1.0,1.0,DecreaseQuarterPeriod,extended
67.2325,662,-5.95881,-0.220342,-7.52036,-0.0111853,0.204531,0.0215716,0.0,0.0,0.0,0.0,7.38281,8.78231,1.0,1.0,DecreaseQuarterPeriod,extended
67.3591,663,-6.71563,0.0,-7.04136,0.0111853,0.107059,0.00772317,0.0,0.0,0.0,0.0,7.91016,4.16378,1.0,1.0,DecreaseQuarterPeriod,seated
67.4592,664,-8.73703,0.0862207,-7.6928,0.0862864,0.593086,-0.061519,0.0,0.0,0.0,0.0,7.55859,-3.51214,1.0,1.0,DecreaseQuarterPeriod,seated
67.5593,665,-6.70606,0.0287402,-7.01262,0.0431432,2.25437,0.0098537,0.0,0.0,0.0,0.0,6.85547,-7.02461,1.0,1.0,DecreaseQuarterPeriod,seated
67.6594,666,-0.172441,-0.287402,-8.74661,0.185889,2.54039,0.162985,0.0,0.0,0.0,0.0,6.15234,-7.02494,1.0,1.0,DecreaseQuarterPeriod,seated
67.7595,667,-2.42376,-0.210762,-10.883,0.00719053,-0.774447,0.18722,0.0,0.0,0.0,0.0,4.74609,-14.0494,1.0,1.0,DecreaseQuarterPeriod,seated
67.8596,668,-1.26457,-0.249082,-9.84832,0.0,0.316384,-0.0292948,0.0,0.0,0.0,0.0,2.98828,-17.5624,1.0,1.0,DecreaseQuarterPeriod,seated
67.9597,669,-1.44659,-0.134121,-9.62798,0.0215716,-0.573112,-0.0620517,0.0,0.0,0.0,0.0,1.05469,-19.3188,1.0,1.0,DecreaseQuarterPeriod,seated
68.0598,670,-1.18793,-0.162861,-9.6663,0.0117179,-0.250071,0.0532632,0.0,0.0,0.0,0.0,-1.23047,-22.8304,1.0,1.0,DecreaseQuarterPeriod,seated
68.1599,671,-1.57113,-0.306563,-10.0208,-0.00319579,-0.353135,0.0636496,0.0,0.0,0.0,0.0,-2.8125,-15.8055,1.0,1.0,DecreaseQuarterPeriod,seated
68.26,672,-1.52323,-0.373623,-10.0878,0.00719053,-0.340618,-0.00213053,0.0,0.0,0.0,0.0,-4.57031,-17.5619,1.0,1.0,DecreaseQuarterPeriod,seated
68.3601,673,-1.42743,-0.296982,-9.97286,0.0015979,-0.269778,-0.0338221,0.0,0.0,0.0,0.0,-6.15234,-15.8052,1.0,1.0,DecreaseQuarterPeriod,seated
68.4601,674,-1.32205,-0.277822,-9.78126,0.00852212,-0.189617,0.0183758,0.0,0.0,0.0,0.0,-7.20703,-10.5375,1.0,1.0,DecreaseQuarterPeriod,seated
68.5791,675,-1.23583,-0.306563,-9.6663,0.0117179,-0.107592,0.057258,0.0,0.0,0.0,0.0,-7.91016,-5.90905,1.0,1.0,DecreaseQuarterPeriod,extended
68.6792,676,0.555645,0.0479004,-9.46512,-0.00559264,-1.52812,-0.066579,0.0,0.0,0.0,0.0,-8.08594,-1.75606,1.0,1.0,DecreaseQuarterPeriod,extended
68.7793,677,-1.98308,-0.0958008,-7.12758,-0.0535295,-2.70178,-0.021039,0.0,0.0,0.0,0.0,-7.73438,3.51231,1.0,1.0,DecreaseQuarterPeriod,extended
68.8794,678,-9.35016,-0.153281,-8.94779,0.0484695,-0.499343,-0.0740359,0.0,0.0,0.0,0.0,-7.03125,7.02529,1.0,1.0,DecreaseQuarterPeriod,extended
68.9795,679,-5.67141,-0.201182,-7.6449,-0.000266316,0.454069,-0.0942759,0.0,0.0,0.0,0.0,-5.97656,10.5384,1.0,1.0,DecreaseQuarterPeriod,extended
69.0796,680,-7.09884,-0.258662,-8.32509,-0.0367516,0.358728,0.0396811,0.0,0.0,0.0,0.0,-4.39453,15.8064,1.0,1.0,DecreaseQuarterPeriod,extended
69.1797,681,-7.24254,-0.210762,-8.40173,-0.0607201,0.291882,0.0769654,0.0,0.0,0.0,0.0,-2.63672,17.5629,1.0,1.0,DecreaseQuarterPeriod,extended
69.2798,682,-6.61025,-0.277822,-8.01853,-0.00106526,0.297741,0.0378169,0.0,0.0,0.0,0.0,-0.527344,21.0752,1.0,1.0,DecreaseQuarterPeriod,extended
69.3799,683,-6.16957,-0.191602,-7.55868,0.0535295,0.305997,-0.0146474,0.0,0.0,0.0,0.0,1.23047,17.5625,1.0,1.0,DecreaseQuarterPeriod,extended
69.48,684,-5.75763,-0.0479004,-7.25212,0.052198,0.324107,-0.00133158,0.0,0.0,0.0,0.0,2.98828,17.5599,1.0,1.0,DecreaseQuarterPeriod,extended
69.58,685,-5.57561,-0.134121,-7.12758,0.0181095,0.320378,0.0370179,0.0,0.0,0.0,0.0,4.74609,17.5619,1.0,1.0,DecreaseQuarterPeriod,extended
69.6801,686,-5.93007,-0.182021,-7.52994,-0.0130495,0.287355,0.0386158,0.0,0.0,0.0,0.0,5.97656,12.2924,1.0,1.0,DecreaseQuarterPeriod,extended
69.7802,687,-6.10251,-0.229922,-7.70238,-0.0015979,0.211455,0.00878843,0.0,0.0,0.0,0.0,6.85547,8.78222,1.0,1.0,DecreaseQuarterPeriod,extended
69.8991,688,-5.96839,0.0479004,-7.41498,0.0332895,0.159257,-0.0964064,0.0,0.0,0.0,0.0,7.55859,5.91269,1.0,1.0,DecreaseQuarterPeriod,seated
69.9992,689,-7.24254,-0.134121,-7.2138,0.107592,0.679106,-0.0593885,0.0,0.0,0.0,0.0,7.20703,-3.513,1.0,1.0,DecreaseQuarterPeriod,seated
70.0993,690,-5.94923,-0.114961,-7.92272,-0.00479369,2.78034,0.0599211,0.0,0.0,0.0,0.0,6.50391,-7.02508,1.0,1.0,DecreaseQuarterPeriod,seated
70.1994,691,1.17835,-0.210762,-8.50711,0.192547,2.57261,0.0964064,0.0,0.0,0.0,0.0,5.80078,-7.02642,1.0,1.0,DecreaseQuarterPeriod,seated
