7.60555e-05,0,-1.25499,-0.210762,-9.84832,0.00772317,0.0274306,0.0146474,0.0,0.0,0.0,0.0,0.703125,0.0,1.0,1.0,None,seated
0.100187,1,-1.24541,-0.249082,-9.74294,0.0098537,0.0258327,0.0189084,0.0,0.0,0.0,0.0,0.703125,0.0,1.0,1.0,Nothing,seated
0.200288,2,-1.26457,-0.229922,-9.7621,0.00292948,0.0242348,0.0242348,0.0,0.0,0.0,0.0,0.703125,0.0,1.0,1.0,Nothing,seated
0.300398,3,-1.25499,-0.239502,-9.84832,0.00426106,0.0234358,0.0154463,0.0,0.0,0.0,0.0,0.703125,0.0,1.0,1.0,Nothing,seated
0.400504,4,-1.23583,-0.220342,-9.79084,0.0015979,0.0231695,0.0178432,0.0,0.0,0.0,0.0,0.703125,0.0,1.0,1.0,Nothing,seated
0.500606,5,-1.24541,-0.268242,-9.84832,0.00532632,0.0239685,0.0167779,0.0,0.0,0.0,0.0,0.703125,0.0,1.0,1.0,Nothing,seated
0.600712,6,-1.24541,-0.249082,-9.84832,0.00426106,0.0223706,0.0106526,0.0,0.0,0.0,0.0,0.703125,0.0,1.0,1.0,Nothing,seated
0.70082,7,-1.25499,-0.249082,-9.84832,0.00532632,0.0199737,0.015979,0.0,0.0,0.0,0.0,0.703125,0.0,1.0,1.0,Nothing,seated
0.800928,8,-1.24541,-0.287402,-9.84832,-0.000266316,0.0229032,0.0205063,0.0,0.0,0.0,0.0,0.703125,0.0,1.0,1.0,Nothing,seated
0.901036,9,-1.25499,-0.220342,-9.77168,0.00772317,0.0282295,0.0229032,0.0,0.0,0.0,0.0,0.703125,0.0,1.0,1.0,Nothing,seated
1.00115,10,-1.24541,-0.249082,-9.84832,0.00878843,0.0287621,0.021039,0.0,0.0,0.0,0.0,0.703125,0.0,1.0,1.0,Nothing,seated
1.10126,11,-1.22625,-0.239502,-9.84832,0.0111853,0.0237021,0.0157127,0.0,0.0,0.0,0.0,0.703125,0.0,1.0,1.0,Nothing,seated
1.20137,12,-1.21667,-0.229922,-9.7621,0.0,0.0253,0.0173105,0.0,0.0,0.0,0.0,0.703125,0.0,1.0,1.0,Nothing,seated
1.30148,13,-1.25499,-0.239502,-9.84832,0.00852212,0.0218379,0.0178432,0.0,0.0,0.0,0.0,0.703125,0.0,1.0,1.0,Nothing,seated
1.40159,14,-1.24541,-0.249082,-9.77168,0.0117179,0.0239685,0.015979,0.0,0.0,0.0,0.0,0.703125,0.0,1.0,1.0,Nothing,seated
1.5017,15,-1.20709,-0.268242,-9.78126,0.00745685,0.0284958,0.0191748,0.0,0.0,0.0,0.0,0.703125,0.0,1.0,1.0,Nothing,seated
1.60181,16,-1.26457,-0.249082,-9.78126,0.0111853,0.0284958,0.0114516,0.0,0.0,0.0,0.0,0.703125,0.0,1.0,1.0,Nothing,seated
1.70193,17,-1.26457,-0.229922,-9.7621,0.0098537,0.026099,0.0149137,0.0,0.0,0.0,0.0,0.703125,0.0,1.0,1.0,Nothing,seated
1.80204,18,-1.26457,-0.239502,-9.84832,0.00532632,0.0258327,0.01012,0.0,0.0,0.0,0.0,0.703125,0.0,1.0,1.0,Nothing,seated
