7.89165e-05,0,-1.27415,-0.249082,-9.77168,-0.00106526,0.0237021,0.0189084,0.0,0.0,0.0,0.0,0.175781,0.0,1.0,1.0,None,seated
0.100193,1,-1.27415,-0.249082,-9.77168,0.00745685,0.0242348,0.01012,0.0,0.0,0.0,0.0,0.175781,0.0,1.0,1.0,Nothing,seated
0.200308,2,-1.28373,-0.210762,-9.79084,-0.000266316,0.0250337,0.0133158,0.0,0.0,0.0,0.0,0.175781,0.0,1.0,1.0,Nothing,seated
0.300361,3,-1.25499,-0.258662,-9.84832,0.0066579,0.0250337,0.0127832,0.0,0.0,0.0,0.0,0.175781,0.0,1.0,1.0,Nothing,seated
0.400479,4,-1.28373,-0.229922,-9.74294,0.00506001,0.0263653,0.0191748,0.0,0.0,0.0,0.0,0.175781,0.0,1.0,1.0,Nothing,seated
0.500591,5,-1.24541,-0.258662,-9.77168,0.00932106,0.0245011,0.0125169,0.0,0.0,0.0,0.0,0.175781,0.0,1.0,1.0,Nothing,seated
0.600717,6,-1.27415,-0.277822,-9.7621,0.00506001,0.0229032,0.0114516,0.0,0.0,0.0,0.0,0.175781,0.0,1.0,1.0,Nothing,seated
0.700829,7,-1.27415,-0.239502,-9.84832,0.0015979,0.0231695,0.01012,0.0,0.0,0.0,0.0,0.175781,0.0,1.0,1.0,Nothing,seated
0.800947,8,-1.27415,-0.220342,-9.77168,-0.0015979,0.026099,0.0205063,0.0,0.0,0.0,0.0,0.175781,0.0,1.0,1.0,Nothing,seated
0.901069,9,-1.28373,-0.239502,-9.78126,0.00692422,0.0266316,0.0138484,0.0,0.0,0.0,0.0,0.175781,0.0,1.0,1.0,Nothing,seated
1.00118,10,-1.29331,-0.239502,-9.75252,0.00426106,0.0263653,0.0162453,0.0,0.0,0.0,0.0,0.175781,0.0,1.0,1.0,Nothing,seated
1.1013,11,-1.26457,-0.239502,-9.84832,0.00213053,0.0274306,0.0167779,0.0,0.0,0.0,0.0,0.175781,0.0,1.0,1.0,Nothing,seated
1.20141,12,-1.26457,-0.249082,-9.78126,0.00133158,0.0237021,0.0119842,0.0,0.0,0.0,0.0,0.175781,0.0,1.0,1.0,Nothing,seated
1.30152,13,-1.27415,-0.239502,-9.77168,0.00559264,0.0245011,0.0205063,0.0,0.0,0.0,0.0,0.175781,0.0,1.0,1.0,Nothing,seated
1.40163,14,-1.26457,-0.258662,-9.84832,0.0138484,0.0223706,0.015979,0.0,0.0,0.0,0.0,0.175781,0.0,1.0,1.0,Nothing,seated
1.50174,15,-1.24541,-0.229922,-9.77168,0.00452737,0.0215716,0.0175769,0.0,0.0,0.0,0.0,0.175781,0.0,1.0,1.0,Nothing,seated
1.60186,16,-1.24541,-0.201182,-9.7621,0.00106526,0.0215716,0.0223706,0.0,0.0,0.0,0.0,0.175781,0.0,1.0,1.0,Nothing,seated
1.70197,17,-1.29331,-0.268242,-9.74294,-0.000266316,0.0234358,0.0138484,0.0,0.0,0.0,0.0,0.175781,0.0,1.0,1.0,Nothing,seated
1.80209,18,-1.28373,-0.249082,-9.78126,0.00426106,0.0242348,0.0191748,0.0,0.0,0.0,0.0,0.175781,0.0,1.0,1.0,Nothing,seated
1.90219,19,-1.28373,-0.220342,-9.78126,0.0130495,0.0266316,0.0154463,0.0,0.0,0.0,0.0,0.175781,0.0,1.0,1.0,Nothing,seated
2.00229,20,-1.28373,-0.239502,-9.77168,0.00905475,0.0245011,0.015979,0.0,0.0,0.0,0.0,0.175781,0.0,1.0,1.0,Nothing,seated
2.1024,21,-1.24541,-0.229922,-9.78126,0.0125169,0.026099,0.015979,0.0,0.0,0.0,0.0,0.175781,0.0,1.0,1.0,Nothing,seated
2.20251,22,-1.28373,-0.258662,-9.78126,0.01012,0.0245011,0.00692422,0.0,0.0,0.0,0.0,0.175781,0.0,1.0,1.0,Nothing,seated
2.30262,23,-1.26457,-0.220342,-9.84832,0.00932106,0.0231695,0.0170442,0.0,0.0,0.0,0.0,0.175781,0.0,1.0,1.0,Nothing,seated
2.40273,24,-1.25499,-0.249082,-9.78126,0.00372843,0.0282295,0.010919,0.0,0.0,0.0,0.0,0.175781,0.0,1.0,1.0,Nothing,seated
2.50284,25,-1.27415,-0.268242,-9.78126,0.00532632,0.0237021,0.021039,0.0,0.0,0.0,0.0,0.175781,0.0,1.0,1.0,Nothing,seated
2.60295,26,-1.28373,-0.220342,-9.74294,0.00372843,0.0276969,0.0157127,0.0,0.0,0.0,0.0,0.175781,0.0,1.0,1.0,Nothing,seated
2.70306,27,-1.27415,-0.229922,-9.79084,0.00639159,0.0221042,0.01518,0.0,0.0,0.0,0.0,0.175781,0.0,1.0,1.0,Nothing,seated
2.80318,28,-1.26457,-0.249082,-9.80042,0.00772317,0.0221042,0.0162453,0.0,0.0,0.0,0.0,0.175781,0.0,1.0,1.0,Nothing,seated
2.9033,29,-1.26457,-0.229922,-9.78126,0.0098537,0.0245011,0.0133158,0.0,0.0,0.0,0.0,0.175781,0.0,1.0,1.0,Nothing,seated
3.00337,30,-1.25499,-0.229922,-9.78126,0.00559264,0.0282295,0.01518,0.0,0.0,0.0,0.0,0.175781,0.0,1.0,1.0,Nothing,seated
3.10348,31,-1.27415,-0.229922,-9.84832,0.00878843,0.0237021,0.0205063,0.0,0.0,0.0,0.0,0.175781,0.0,1.0,1.0,Nothing,seated
3.20359,32,-1.25499,-0.229922,-9.7621,0.00932106,0.0253,0.0189084,0.0,0.0,0.0,0.0,0.175781,0.0,1.0,1.0,Nothing,seated
3.3037,33,-1.24541,-0.239502,-9.84832,0.00559264,0.0255663,0.0146474,0.0,0.0,0.0,0.0,0.175781,0.0,1.0,1.0,Nothing,seated
3.40382,34,-1.26457,-0.249082,-9.84832,0.00532632,0.0258327,0.0146474,0.0,0.0,0.0,0.0,0.175781,0.0,1.0,1.0,Nothing,seated
3.50392,35,-1.27415,-0.220342,-9.79084,0.0119842,0.0279632,0.0130495,0.0,0.0,0.0,0.0,0.175781,0.0,1.0,1.0,Nothing,seated
3.60403,36,-1.26457,-0.268242,-9.74294,0.00106526,0.0245011,0.0213053,0.0,0.0,0.0,0.0,0.175781,0.0,1.0,1.0,Nothing,seated
3.70415,37,-1.24541,-0.249082,-9.77168,0.0015979,0.0276969,0.0146474,0.0,0.0,0.0,0.0,0.175781,0.0,1.0,1.0,Nothing,seated
3.80426,38,-1.26457,-0.220342,-9.84832,0.00719053,0.0221042,0.0149137,0.0,0.0,0.0,0.0,0.175781,0.0,1.0,1.0,Nothing,seated
3.90436,39,-1.26457,-0.239502,-9.74294,0.00319579,0.0234358,0.015979,0.0,0.0,0.0,0.0,0.175781,0.0,1.0,1.0,Nothing,seated
4.00447,40,-1.26457,-0.229922,-9.77168,0.00239685,0.0250337,0.0189084,0.0,0.0,0.0,0.0,0.175781,0.0,1.0,1.0,Nothing,seated
4.10457,41,-1.25499,-0.229922,-9.78126,0.0066579,0.0239685,0.0133158,0.0,0.0,0.0,0.0,0.175781,0.0,1.0,1.0,Nothing,seated
4.20468,42,-1.29331,-0.239502,-9.84832,0.00639159,0.0234358,0.0157127,0.0,0.0,0.0,0.0,0.175781,0.0,1.0,1.0,Nothing,seated
4.30479,43,-1.30289,-0.268242,-9.7621,0.00878843,0.0242348,0.01012,0.0,0.0,0.0,0.0,0.175781,0.0,1.0,1.0,Nothing,seated
4.4049,44,-1.28373,-0.220342,-9.7621,0.00932106,0.0255663,0.0127832,0.0,0.0,0.0,0.0,0.175781,0.0,1.0,1.0,Nothing,seated
4.50502,45,-1.25499,-0.249082,-9.7621,0.00479369,0.0253,0.0215716,0.0,0.0,0.0,0.0,0.175781,0.0,1.0,1.0,Nothing,seated
4.60512,46,-1.28373,-0.249082,-9.73336,0.0098537,0.0221042,0.0146474,0.0,0.0,0.0,0.0,0.175781,0.0,1.0,1.0,Nothing,seated
4.70523,47,-1.28373,-0.220342,-9.75252,0.00878843,0.0245011,0.0130495,0.0,0.0,0.0,0.0,0.175781,0.0,1.0,1.0,Nothing,seated
4.80535,48,-1.23583,-0.239502,-9.78126,0.00772317,0.0271642,0.0146474,0.0,0.0,0.0,0.0,0.175781,0.0,1.0,1.0,Nothing,seated
4.90547,49,-1.23583,-0.249082,-9.7621,0.0135821,0.0170442,0.0130495,0.0,0.0,0.0,0.0,0.175781,0.0,1.0,1.0,Nothing,seated
5.00558,50,-1.27415,-0.210762,-9.74294,0.0130495,0.026099,0.0154463,0.0,0.0,0.0,0.0,0.175781,0.0,1.0,1.0,Nothing,seated
5.10569,51,-1.30289,-0.210762,-9.77168,0.0146474,0.0266316,0.0149137,0.0,0.0,0.0,0.0,0.175781,0.0,1.0,1.0,Nothing,seated
5.20581,52,-1.26457,-0.210762,-9.80042,0.0098537,0.0306264,0.0175769,0.0,0.0,0.0,0.0,0.175781,0.0,1.0,1.0,Nothing,seated
5.30591,53,-1.22625,-0.287402,-9.84832,0.000532632,0.0239685,0.0141148,0.0,0.0,0.0,0.0,0.175781,0.0,1.0,1.0,Nothing,seated
5.40603,54,-1.25499,-0.239502,-9.7621,0.00346211,0.0258327,0.0154463,0.0,0.0,0.0,0.0,0.175781,0.0,1.0,1.0,Nothing,seated
5.50615,55,-1.26457,-0.258662,-9.84832,0.000798948,0.0234358,0.0167779,0.0,0.0,0.0,0.0,0.175781,0.0,1.0,1.0,Nothing,seated
5.60626,56,-1.25499,-0.258662,-9.7621,0.000798948,0.0271642,0.0149137,0.0,0.0,0.0,0.0,0.175781,0.0,1.0,1.0,Nothing,seated
5.70636,57,-1.27415,-0.229922,-9.84832,0.00372843,0.0266316,0.0173105,0.0,0.0,0.0,0.0,0.175781,0.0,1.0,1.0,Nothing,seated
5.80649,58,-1.23583,-0.258662,-9.84832,0.00719053,0.0234358,0.0205063,0.0,0.0,0.0,0.0,0.175781,0.0,1.0,1.0,Nothing,seated
5.90659,59,-1.29331,-0.249082,-9.84832,0.00506001,0.0250337,0.0178432,0.0,0.0,0.0,0.0,0.175781,0.0,1.0,1.0,Nothing,seated
6.00671,60,-1.26457,-0.249082,-9.7621,0.00772317,0.0229032,0.010919,0.0,0.0,0.0,0.0,0.175781,0.0,1.0,1.0,Nothing,seated
6.10683,61,-1.26457,-0.229922,-9.74294,0.00266316,0.0183758,0.0162453,0.0,0.0,0.0,0.0,0.175781,0.0,1.0,1.0,Nothing,seated
6.20694,62,-1.26457,-0.258662,-9.84832,0.00878843,0.0250337,0.0199737,0.0,0.0,0.0,0.0,0.175781,0.0,1.0,1.0,Nothing,seated
6.30703,63,-1.27415,-0.249082,-9.78126,0.00452737,0.0276969,0.015979,0.0,0.0,0.0,0.0,0.175781,0.0,1.0,1.0,Nothing,seated
6.40713,64,-1.27415,-0.258662,-9.78126,0.00452737,0.0221042,0.0167779,0.0,0.0,0.0,0.0,0.175781,0.0,1.0,1.0,Nothing,seated
6.50724,65,-1.28373,-0.239502,-9.78126,0.0130495,0.0266316,0.0149137,0.0,0.0,0.0,0.0,0.175781,0.0,1.0,1.0,Nothing,seated
6.60736,66,-1.26457,-0.229922,-9.79084,0.00878843,0.0271642,0.0154463,0.0,0.0,0.0,0.0,0.175781,0.0,1.0,1.0,Nothing,seated
6.70747,67,-1.26457,-0.258662,-9.77168,0.00958738,0.0218379,0.0183758,0.0,0.0,0.0,0.0,0.175781,0.0,1.0,1.0,Nothing,seated
6.80758,68,-1.28373,-0.229922,-9.75252,0.00532632,0.0274306,0.0178432,0.0,0.0,0.0,0.0,0.175781,0.0,1.0,1.0,Nothing,seated
6.90767,69,-1.25499,-0.229922,-9.84832,0.00905475,0.0279632,0.0170442,0.0,0.0,0.0,0.0,0.175781,0.0,1.0,1.0,Nothing,seated
7.00778,70,-1.28373,-0.239502,-9.78126,0.00745685,0.0263653,0.0119842,0.0,0.0,0.0,0.0,0.175781,0.0,1.0,1.0,Nothing,seated
7.1079,71,-1.26457,-0.220342,-9.84832,0.00932106,0.0237021,0.0178432,0.0,0.0,0.0,0.0,0.175781,0.0,1.0,1.0,Nothing,seated
7.20801,72,-1.26457,-0.239502,-9.77168,0.0111853,0.0239685,0.0141148,0.0,0.0,0.0,0.0,0.175781,0.0,1.0,1.0,Nothing,seated
7.30813,73,-1.28373,-0.258662,-9.74294,0.00319579,0.0239685,0.0194411,0.0,0.0,0.0,0.0,0.175781,0.0,1.0,1.0,Nothing,seated
7.40824,74,-1.28373,-0.249082,-9.77168,0.0133158,0.0245011,0.0133158,0.0,0.0,0.0,0.0,0.175781,0.0,1.0,1.0,Nothing,seated
7.50835,75,-1.27415,-0.239502,-9.72378,0.0133158,0.0239685,0.0181095,0.0,0.0,0.0,0.0,0.175781,0.0,1.0,1.0,Nothing,seated
7.60847,76,-1.28373,-0.249082,-9.78126,0.00719053,0.0215716,0.0141148,0.0,0.0,0.0,0.0,0.175781,0.0,1.0,1.0,Nothing,seated
7.70857,77,-1.24541,-0.229922,-9.7621,0.00692422,0.0242348,0.0173105,0.0,0.0,0.0,0.0,0.175781,0.0,1.0,1.0,Nothing,seated
7.80869,78,-1.29331,-0.249082,-9.77168,0.00719053,0.0253,0.0162453,0.0,0.0,0.0,0.0,0.175781,0.0,1.0,1.0,Nothing,seated
7.90879,79,-1.29331,-0.229922,-9.7621,0.00719053,0.0229032,0.0114516,0.0,0.0,0.0,0.0,0.175781,0.0,1.0,1.0,Nothing,seated
8.0089,80,-1.27415,-0.220342,-9.7621,0.00878843,0.0279632,0.0167779,0.0,0.0,0.0,0.0,0.175781,0.0,1.0,1.0,Nothing,seated
8.10902,81,-1.26457,-0.229922,-9.77168,0.00133158,0.0239685,0.01518,0.0,0.0,0.0,0.0,0.175781,0.0,1.0,1.0,Nothing,seated
8.20914,82,-1.25499,-0.239502,-9.74294,0.00878843,0.0266316,0.0111853,0.0,0.0,0.0,0.0,0.175781,0.0,1.0,1.0,Nothing,seated
8.30925,83,-1.28373,-0.229922,-9.74294,0.00266316,0.0276969,0.0194411,0.0,0.0,0.0,0.0,0.175781,0.0,1.0,1.0,Nothing,seated
8.40936,84,-1.26457,-0.268242,-9.74294,0.0098537,0.0253,0.0173105,0.0,0.0,0.0,0.0,0.175781,0.0,1.0,1.0,Nothing,seated
8.50947,85,-1.25499,-0.239502,-9.84832,0.00905475,0.0282295,0.0146474,0.0,0.0,0.0,0.0,0.175781,0.0,1.0,1.0,Nothing,seated
8.60959,86,-1.27415,-0.220342,-9.84832,0.00239685,0.0234358,0.0141148,0.0,0.0,0.0,0.0,0.175781,0.0,1.0,1.0,Nothing,seated
8.70971,87,-1.26457,-0.239502,-9.7621,0.00772317,0.0194411,0.0098537,0.0,0.0,0.0,0.0,0.175781,0.0,1.0,1.0,Nothing,seated
8.80983,88,-1.28373,-0.229922,-9.78126,0.0135821,0.0266316,0.0175769,0.0,0.0,0.0,0.0,0.175781,0.0,1.0,1.0,Nothing,seated
8.90994,89,-1.26457,-0.220342,-9.74294,0.0119842,0.0253,0.0181095,0.0,0.0,0.0,0.0,0.175781,0.0,1.0,1.0,Nothing,seated
9.01004,90,-1.29331,-0.220342,-9.77168,0.00506001,0.0263653,0.0205063,0.0,0.0,0.0,0.0,0.175781,0.0,1.0,1.0,Nothing,seated
9.11015,91,-1.27415,-0.229922,-9.7621,0.0066579,0.0213053,0.0178432,0.0,0.0,0.0,0.0,0.175781,0.0,1.0,1.0,Nothing,seated
9.21026,92,-1.27415,-0.258662,-9.84832,0.0138484,0.0276969,0.0181095,0.0,0.0,0.0,0.0,0.175781,0.0,1.0,1.0,Nothing,seated
9.31037,93,-1.22625,-0.220342,-9.84832,0.00905475,0.0239685,0.02024,0.0,0.0,0.0,0.0,0.175781,0.0,1.0,1.0,Nothing,seated
9.41048,94,-1.23583,-0.229922,-9.7621,0.00319579,0.0229032,0.0146474,0.0,0.0,0.0,0.0,0.175781,0.0,1.0,1.0,Nothing,seated
9.51059,95,-1.24541,-0.239502,-9.84832,0.00958738,0.0271642,0.0162453,0.0,0.0,0.0,0.0,0.175781,0.0,1.0,1.0,Nothing,seated
9.6107,96,-1.27415,-0.220342,-9.78126,0.0133158,0.0237021,0.0170442,0.0,0.0,0.0,0.0,0.175781,0.0,1.0,1.0,Nothing,seated
9.71081,97,-1.22625,-0.258662,-9.77168,0.0111853,0.0239685,0.0194411,0.0,0.0,0.0,0.0,0.175781,0.0,1.0,1.0,Nothing,seated
9.81093,98,-1.30289,-0.210762,-9.84832,0.00772317,0.0237021,0.0242348,0.0,0.0,0.0,0.0,0.175781,0.0,1.0,1.0,Nothing,seated
9.91104,99,-1.26457,-0.249082,-9.78126,0.00772317,0.0287621,0.0167779,0.0,0.0,0.0,0.0,0.175781,0.0,1.0,1.0,Nothing,seated
10.0112,100,-1.25499,-0.258662,-9.84832,0.00319579,0.0271642,0.0199737,0.0,0.0,0.0,0.0,0.175781,0.0,1.0,1.0,Nothing,seated
10.1113,101,-1.28373,-0.201182,-9.78126,-0.00745685,0.0215716,0.0149137,0.0,0.0,0.0,0.0,0.175781,0.0,1.0,1.0,Nothing,seated
10.2114,102,-1.26457,-0.239502,-9.77168,0.00292948,0.0271642,0.0173105,0.0,0.0,0.0,0.0,0.175781,0.0,1.0,1.0,Nothing,seated
10.3115,103,-1.26457,-0.239502,-9.78126,0.0066579,0.026099,0.0170442,0.0,0.0,0.0,0.0,0.175781,0.0,1.0,1.0,Nothing,seated
10.4116,104,-1.27415,-0.239502,-9.7621,0.00372843,0.0282295,0.0175769,0.0,0.0,0.0,0.0,0.175781,0.0,1.0,1.0,Nothing,seated
10.5117,105,-1.27415,-0.201182,-9.74294,0.00506001,0.0279632,0.015979,0.0,0.0,0.0,0.0,0.175781,0.0,1.0,1.0,Nothing,seated
10.6118,106,-1.28373,-0.249082,-9.77168,0.00745685,0.0255663,0.0130495,0.0,0.0,0.0,0.0,0.175781,0.0,1.0,1.0,Nothing,seated
10.7119,107,-1.26457,-0.229922,-9.84832,0.00905475,0.0250337,0.0138484,0.0,0.0,0.0,0.0,0.175781,0.0,1.0,1.0,Nothing,seated
10.8121,108,-1.29331,-0.249082,-9.74294,0.00266316,0.0218379,0.0194411,0.0,0.0,0.0,0.0,0.175781,0.0,1.0,1.0,Nothing,seated
10.9122,109,-1.27415,-0.239502,-9.75252,0.0130495,0.0229032,0.0149137,0.0,0.0,0.0,0.0,0.175781,0.0,1.0,1.0,Nothing,seated
11.0123,110,-1.26457,-0.239502,-9.78126,0.00532632,0.026099,0.0173105,0.0,0.0,0.0,0.0,0.175781,0.0,1.0,1.0,Nothing,seated
11.1124,111,-1.26457,-0.249082,-9.78126,0.00772317,0.0253,0.0130495,0.0,0.0,0.0,0.0,0.175781,0.0,1.0,1.0,Nothing,seated
11.2125,112,-1.27415,-0.239502,-9.77168,0.00772317,0.0258327,0.0181095,0.0,0.0,0.0,0.0,0.175781,0.0,1.0,1.0,Nothing,seated
11.3126,113,-1.29331,-0.229922,-9.78126,0.00798948,0.0229032,0.0178432,0.0,0.0,0.0,0.0,0.175781,0.0,1.0,1.0,Nothing,seated
11.4127,114,-1.24541,-0.229922,-9.78126,0.00878843,0.0266316,0.015979,0.0,0.0,0.0,0.0,0.175781,0.0,1.0,1.0,Nothing,seated
11.5128,115,-1.23583,-0.268242,-9.78126,0.00426106,0.0213053,0.015979,0.0,0.0,0.0,0.0,0.175781,0.0,1.0,1.0,Nothing,seated
11.6129,116,-1.28373,-0.229922,-9.84832,0.0015979,0.0237021,0.0162453,0.0,0.0,0.0,0.0,0.175781,0.0,1.0,1.0,Nothing,seated
11.713,117,-1.26457,-0.229922,-9.77168,0.00692422,0.0229032,0.0127832,0.0,0.0,0.0,0.0,0.175781,0.0,1.0,1.0,Nothing,seated
11.8131,118,-1.27415,-0.210762,-9.74294,0.0098537,0.026099,0.015979,0.0,0.0,0.0,0.0,0.175781,0.0,1.0,1.0,Nothing,seated
11.9132,119,-1.24541,-0.229922,-9.84832,0.0130495,0.0250337,0.0189084,0.0,0.0,0.0,0.0,0.175781,0.0,1.0,1.0,Nothing,seated
12.0134,120,-1.26457,-0.229922,-9.7621,0.00639159,0.0255663,0.0149137,0.0,0.0,0.0,0.0,0.175781,0.0,1.0,1.0,Nothing,seated
12.1135,121,-1.23583,-0.258662,-9.7621,0.00292948,0.0239685,0.0133158,0.0,0.0,0.0,0.0,0.175781,0.0,1.0,1.0,Nothing,seated
12.2136,122,-1.25499,-0.229922,-9.7621,0.0098537,0.0250337,0.0133158,0.0,0.0,0.0,0.0,0.175781,0.0,1.0,1.0,Nothing,seated
12.3137,123,-1.24541,-0.210762,-9.7621,0.00772317,0.0237021,0.0127832,0.0,0.0,0.0,0.0,0.175781,0.0,1.0,1.0,Nothing,seated
12.4138,124,-1.25499,-0.239502,-9.75252,0.00772317,0.0231695,0.00932106,0.0,0.0,0.0,0.0,0.175781,0.0,1.0,1.0,Nothing,seated
12.5139,125,-1.28373,-0.249082,-9.74294,0.00506001,0.0282295,0.015979,0.0,0.0,0.0,0.0,0.175781,0.0,1.0,1.0,Nothing,seated
12.614,126,-1.26457,-0.220342,-9.75252,0.00852212,0.0276969,0.0133158,0.0,0.0,0.0,0.0,0.175781,0.0,1.0,1.0,Nothing,seated
12.7141,127,-1.29331,-0.229922,-9.70462,0.00772317,0.0284958,0.0167779,0.0,0.0,0.0,0.0,0.175781,0.0,1.0,1.0,Nothing,seated
12.8142,128,-1.28373,-0.277822,-9.79084,0.00905475,0.0218379,0.02024,0.0,0.0,0.0,0.0,0.175781,0.0,1.0,1.0,Nothing,seated
12.9143,129,-1.26457,-0.229922,-9.7621,0.00852212,0.0229032,0.010919,0.0,0.0,0.0,0.0,0.175781,0.0,1.0,1.0,Nothing,seated
13.0145,130,-1.21667,-0.220342,-9.84832,0.00506001,0.0234358,0.0125169,0.0,0.0,0.0,0.0,0.175781,0.0,1.0,1.0,Nothing,seated
13.1146,131,-1.26457,-0.239502,-9.74294,0.00958738,0.026099,0.0215716,0.0,0.0,0.0,0.0,0.175781,0.0,1.0,1.0,Nothing,seated
13.2147,132,-1.26457,-0.220342,-9.74294,0.010919,0.0255663,0.0149137,0.0,0.0,0.0,0.0,0.175781,0.0,1.0,1.0,Nothing,seated
13.3148,133,-1.32205,-0.249082,-9.77168,-0.000798948,0.0213053,0.0181095,0.0,0.0,0.0,0.0,0.175781,0.0,1.0,1.0,Nothing,seated
13.4149,134,-1.27415,-0.220342,-9.84832,0.00958738,0.0276969,0.0154463,0.0,0.0,0.0,0.0,0.175781,0.0,1.0,1.0,Nothing,seated
13.515,135,-1.26457,-0.258662,-9.7621,0.00479369,0.0191748,0.0114516,0.0,0.0,0.0,0.0,0.175781,0.0,1.0,1.0,Nothing,seated
13.6151,136,-1.28373,-0.249082,-9.7621,0.00719053,0.0234358,0.01518,0.0,0.0,0.0,0.0,0.175781,0.0,1.0,1.0,Nothing,seated
13.7152,137,-1.26457,-0.220342,-9.7621,0.00106526,0.0245011,0.0199737,0.0,0.0,0.0,0.0,0.175781,0.0,1.0,1.0,Nothing,seated
13.8154,138,-1.26457,-0.239502,-9.84832,0.0066579,0.0274306,0.0162453,0.0,0.0,0.0,0.0,0.175781,0.0,1.0,1.0,Nothing,seated
13.9155,139,-1.28373,-0.268242,-9.7621,0.00852212,0.0266316,0.0213053,0.0,0.0,0.0,0.0,0.175781,0.0,1.0,1.0,Nothing,seated
14.0156,140,-1.21667,-0.268242,-9.77168,0.00532632,0.0250337,0.0175769,0.0,0.0,0.0,0.0,0.175781,0.0,1.0,1.0,Nothing,seated
14.1157,141,-1.26457,-0.210762,-9.72378,0.0119842,0.0250337,0.00798948,0.0,0.0,0.0,0.0,0.175781,0.0,1.0,1.0,Nothing,seated
14.2158,142,-1.24541,-0.239502,-9.78126,0.00479369,0.0215716,0.0130495,0.0,0.0,0.0,0.0,0.175781,0.0,1.0,1.0,Nothing,seated
14.3159,143,-1.27415,-0.239502,-9.7621,0.00852212,0.0258327,0.0138484,0.0,0.0,0.0,0.0,0.175781,0.0,1.0,1.0,Nothing,seated
14.416,144,-1.28373,-0.210762,-9.77168,0.0106526,0.021039,0.0242348,0.0,0.0,0.0,0.0,0.175781,0.0,1.0,1.0,Nothing,seated
14.5161,145,-1.29331,-0.210762,-9.74294,0.00479369,0.0245011,0.0194411,0.0,0.0,0.0,0.0,0.175781,0.0,1.0,1.0,Nothing,seated
14.6162,146,-1.28373,-0.239502,-9.84832,0.00585895,0.0239685,0.0205063,0.0,0.0,0.0,0.0,0.175781,0.0,1.0,1.0,Nothing,seated
14.7164,147,-1.24541,-0.239502,-9.73336,-0.000266316,0.0255663,0.0199737,0.0,0.0,0.0,0.0,0.175781,0.0,1.0,1.0,Nothing,seated
14.8165,148,-1.26457,-0.239502,-9.79084,0.00905475,0.0245011,0.01518,0.0,0.0,0.0,0.0,0.175781,0.0,1.0,1.0,Nothing,seated
14.9166,149,-1.29331,-0.249082,-9.74294,0.00719053,0.0279632,0.0175769,0.0,0.0,0.0,0.0,0.175781,0.0,1.0,1.0,Nothing,seated
15.0167,150,-1.26457,-0.220342,-9.75252,0.00585895,0.0178432,0.0119842,0.0,0.0,0.0,0.0,0.175781,0.0,1.0,1.0,Nothing,seated
15.1168,151,-1.28373,-0.239502,-9.84832,0.00346211,0.0221042,0.0119842,0.0,0.0,0.0,0.0,0.175781,0.0,1.0,1.0,Nothing,seated
15.2169,152,-1.27415,-0.249082,-9.73336,0.00878843,0.026099,0.0119842,0.0,0.0,0.0,0.0,0.175781,0.0,1.0,1.0,Nothing,seated
15.317,153,-1.29331,-0.229922,-9.77168,0.00372843,0.0242348,0.0215716,0.0,0.0,0.0,0.0,0.175781,0.0,1.0,1.0,Nothing,seated
15.4171,154,-1.27415,-0.229922,-9.77168,0.00452737,0.0234358,0.0170442,0.0,0.0,0.0,0.0,0.175781,0.0,1.0,1.0,Nothing,seated
15.5173,155,-1.23583,-0.249082,-9.84832,0.00719053,0.0239685,0.0167779,0.0,0.0,0.0,0.0,0.175781,0.0,1.0,1.0,Nothing,seated
15.6174,156,-1.26457,-0.220342,-9.74294,0.0127832,0.0253,0.01518,0.0,0.0,0.0,0.0,0.175781,0.0,1.0,1.0,Nothing,seated
15.7175,157,-1.27415,-0.258662,-9.84832,-0.0015979,0.0221042,0.0181095,0.0,0.0,0.0,0.0,0.175781,0.0,1.0,1.0,Nothing,seated
15.8176,158,-1.26457,-0.239502,-9.84832,0.0130495,0.0250337,0.0175769,0.0,0.0,0.0,0.0,0.175781,0.0,1.0,1.0,Nothing,seated
15.9177,159,-1.23583,-0.258662,-9.84832,0.0119842,0.0213053,0.0119842,0.0,0.0,0.0,0.0,0.175781,0.0,1.0,1.0,Nothing,seated
16.0178,160,-1.29331,-0.249082,-9.78126,-0.000532632,0.0223706,0.0114516,0.0,0.0,0.0,0.0,0.175781,0.0,1.0,1.0,Nothing,seated
16.1179,161,-1.29331,-0.229922,-9.77168,0.00559264,0.0237021,0.0237021,0.0,0.0,0.0,0.0,0.175781,0.0,1.0,1.0,Nothing,seated
16.218,162,-1.28373,-0.229922,-9.75252,0.00639159,0.0242348,0.00958738,0.0,0.0,0.0,0.0,0.175781,0.0,1.0,1.0,Nothing,seated
16.3181,163,-1.24541,-0.229922,-9.75252,0.0117179,0.021039,0.015979,0.0,0.0,0.0,0.0,0.175781,0.0,1.0,1.0,Nothing,seated
16.4182,164,-1.26457,-0.249082,-9.77168,0.00346211,0.0223706,0.0149137,0.0,0.0,0.0,0.0,0.175781,0.0,1.0,1.0,Nothing,seated
16.5184,165,-1.23583,-0.258662,-9.79084,0.0066579,0.0237021,0.0175769,0.0,0.0,0.0,0.0,0.175781,0.0,1.0,1.0,Nothing,seated
16.6185,166,-1.23583,-0.249082,-9.84832,-0.000532632,0.0271642,0.0125169,0.0,0.0,0.0,0.0,0.175781,0.0,1.0,1.0,Nothing,seated
16.7186,167,-1.27415,-0.220342,-9.78126,0.0066579,0.0242348,0.015979,0.0,0.0,0.0,0.0,0.175781,0.0,1.0,1.0,Nothing,seated
16.8187,168,-1.28373,-0.268242,-9.78126,0.00958738,0.0231695,0.0154463,0.0,0.0,0.0,0.0,0.175781,0.0,1.0,1.0,Nothing,seated
16.9188,169,-1.29331,-0.249082,-9.84832,0.00346211,0.0276969,0.0183758,0.0,0.0,0.0,0.0,0.175781,0.0,1.0,1.0,Nothing,seated
17.0189,170,-1.29331,-0.249082,-9.7621,0.00745685,0.0223706,0.0149137,0.0,0.0,0.0,0.0,0.175781,0.0,1.0,1.0,Nothing,seated
17.119,171,-1.24541,-0.249082,-9.77168,0.0111853,0.0221042,0.0111853,0.0,0.0,0.0,0.0,0.175781,0.0,1.0,1.0,Nothing,seated
17.2191,172,-1.27415,-0.258662,-9.77168,0.0098537,0.0253,0.00958738,0.0,0.0,0.0,0.0,0.175781,0.0,1.0,1.0,Nothing,seated
17.3192,173,-1.29331,-0.229922,-9.77168,0.0015979,0.0255663,0.0130495,0.0,0.0,0.0,0.0,0.175781,0.0,1.0,1.0,Nothing,seated
17.4193,174,-1.26457,-0.229922,-9.78126,-0.00452737,0.02024,0.021039,0.0,0.0,0.0,0.0,0.175781,0.0,1.0,1.0,Nothing,seated
17.5194,175,-1.26457,-0.258662,-9.77168,0.00372843,0.0205063,0.0205063,0.0,0.0,0.0,0.0,0.175781,0.0,1.0,1.0,Nothing,seated
17.6195,176,-1.28373,-0.182021,-9.84832,0.00346211,0.0234358,0.01518,0.0,0.0,0.0,0.0,0.175781,0.0,1.0,1.0,Nothing,seated
17.7196,177,-1.27415,-0.229922,-9.78126,0.0114516,0.0242348,0.0135821,0.0,0.0,0.0,0.0,0.175781,0.0,1.0,1.0,Nothing,seated
17.8197,178,-1.29331,-0.220342,-9.79084,0.0111853,0.0271642,0.0167779,0.0,0.0,0.0,0.0,0.175781,0.0,1.0,1.0,Nothing,seated
17.9198,179,-1.29331,-0.239502,-9.78126,0.00506001,0.0255663,0.0133158,0.0,0.0,0.0,0.0,0.175781,0.0,1.0,1.0,Nothing,seated
18.0199,180,-1.23583,-0.210762,-9.73336,0.00452737,0.0250337,0.0181095,0.0,0.0,0.0,0.0,0.175781,0.0,1.0,1.0,Nothing,seated
18.12,181,-1.25499,-0.249082,-9.84832,0.00639159,0.0250337,0.0191748,0.0,0.0,0.0,0.0,0.175781,0.0,1.0,1.0,Nothing,seated
18.2201,182,-1.24541,-0.229922,-9.78126,0.00532632,0.0242348,0.0154463,0.0,0.0,0.0,0.0,0.175781,0.0,1.0,1.0,Nothing,seated
18.3202,183,-1.26457,-0.239502,-9.7621,0.0135821,0.0255663,0.00932106,0.0,0.0,0.0,0.0,0.175781,0.0,1.0,1.0,Nothing,seated
18.4204,184,-1.26457,-0.239502,-9.84832,0.00905475,0.0239685,0.0154463,0.0,0.0,0.0,0.0,0.175781,0.0,1.0,1.0,Nothing,seated
18.5205,185,-1.26457,-0.229922,-9.77168,0.00479369,0.0266316,0.0175769,0.0,0.0,0.0,0.0,0.175781,0.0,1.0,1.0,Nothing,seated
18.6206,186,-1.25499,-0.229922,-9.84832,0.00692422,0.0258327,0.0127832,0.0,0.0,0.0,0.0,0.175781,0.0,1.0,1.0,Nothing,seated
18.7207,187,-1.29331,-0.201182,-9.7621,0.00745685,0.0271642,0.01518,0.0,0.0,0.0,0.0,0.175781,0.0,1.0,1.0,Nothing,seated
18.8208,188,-1.31247,-0.249082,-9.84832,0.0066579,0.0221042,0.01518,0.0,0.0,0.0,0.0,0.175781,0.0,1.0,1.0,Nothing,seated
18.9209,189,-1.29331,-0.229922,-9.84832,0.00559264,0.0237021,0.0175769,0.0,0.0,0.0,0.0,0.175781,0.0,1.0,1.0,Nothing,seated
19.021,190,-1.27415,-0.268242,-9.72378,0.00958738,0.0271642,0.0114516,0.0,0.0,0.0,0.0,0.175781,0.0,1.0,1.0,Nothing,seated
19.1211,191,-1.26457,-0.229922,-9.78126,0.00452737,0.0242348,0.0215716,0.0,0.0,0.0,0.0,0.175781,0.0,1.0,1.0,Nothing,seated
19.2213,192,-1.26457,-0.258662,-9.77168,0.00372843,0.0183758,0.0191748,0.0,0.0,0.0,0.0,0.175781,0.0,1.0,1.0,Nothing,seated
19.3214,193,-1.28373,-0.210762,-9.74294,0.00585895,0.0258327,0.0175769,0.0,0.0,0.0,0.0,0.175781,0.0,1.0,1.0,Nothing,seated
19.4215,194,-1.28373,-0.249082,-9.84832,0.00932106,0.0218379,0.0167779,0.0,0.0,0.0,0.0,0.175781,0.0,1.0,1.0,Nothing,seated
19.5216,195,-1.25499,-0.258662,-9.78126,0.0130495,0.0253,0.0170442,0.0,0.0,0.0,0.0,0.175781,0.0,1.0,1.0,Nothing,seated
19.6217,196,-1.26457,-0.268242,-9.84832,0.00958738,0.0242348,0.0135821,0.0,0.0,0.0,0.0,0.175781,0.0,1.0,1.0,Nothing,seated
19.7218,197,-1.26457,-0.239502,-9.84832,0.0066579,0.0239685,0.015979,0.0,0.0,0.0,0.0,0.175781,0.0,1.0,1.0,Nothing,seated
19.8219,198,-1.24541,-0.229922,-9.78126,0.01012,0.0229032,0.0189084,0.0,0.0,0.0,0.0,0.175781,0.0,1.0,1.0,Nothing,seated
19.922,199,-1.25499,-0.258662,-9.78126,0.0138484,0.0231695,0.0215716,0.0,0.0,0.0,0.0,0.175781,0.0,1.0,1.0,Nothing,seated
20.0221,200,-1.27415,-0.210762,-9.77168,0.00346211,0.0191748,0.0167779,0.0,0.0,0.0,0.0,0.175781,0.0,1.0,1.0,Nothing,seated
20.1223,201,-1.24541,-0.249082,-9.75252,0.00932106,0.02024,0.0141148,0.0,0.0,0.0,0.0,0.175781,0.0,1.0,1.0,Nothing,seated
