8.2016e-05,0,-1.36037,-0.296982,-9.77168,0.0178432,0.02024,0.0127832,0.0,0.0,0.0,0.0,0.0,0.0,1.0,1.0,None,seated
0.100191,1,-1.37953,-0.249082,-9.77168,0.015979,0.0245011,0.0162453,0.0,0.0,0.0,0.0,0.0,0.0,1.0,1.0,Nothing,seated
0.200297,2,-1.37953,-0.287402,-9.75252,0.00798948,0.0239685,0.0234358,0.0,0.0,0.0,0.0,0.0,0.0,1.0,1.0,Nothing,seated
0.300406,3,-1.39869,-0.229922,-9.77168,0.01518,0.015979,0.00852212,0.0,0.0,0.0,0.0,0.0,0.0,1.0,1.0,Nothing,seated
0.400513,4,-1.37953,-0.306563,-9.75252,0.0141148,0.0154463,0.0154463,0.0,0.0,0.0,0.0,0.0,0.0,1.0,1.0,Nothing,seated
0.500621,5,-1.36995,-0.296982,-9.75252,0.00532632,0.0282295,0.0175769,0.0,0.0,0.0,0.0,0.0,0.0,1.0,1.0,Nothing,seated
0.600729,6,-1.41785,-0.258662,-9.7621,0.0098537,0.0234358,0.00772317,0.0,0.0,0.0,0.0,0.0,0.0,1.0,1.0,Nothing,seated
0.700833,7,-1.38911,-0.258662,-9.73336,0.0125169,0.0191748,0.0141148,0.0,0.0,0.0,0.0,0.0,0.0,1.0,1.0,Nothing,seated
0.800937,8,-1.37953,-0.277822,-9.77168,0.00745685,0.0231695,0.0167779,0.0,0.0,0.0,0.0,0.0,0.0,1.0,1.0,Nothing,seated
0.901042,9,-1.35079,-0.258662,-9.78126,0.0119842,0.0245011,0.0133158,0.0,0.0,0.0,0.0,0.0,0.0,1.0,1.0,Nothing,seated
1.00115,10,-1.36037,-0.306563,-9.74294,0.0141148,0.021039,0.0239685,0.0,0.0,0.0,0.0,0.0,0.0,1.0,1.0,Nothing,seated
1.10121,11,-1.37953,-0.249082,-9.7142,0.010919,0.0223706,0.0167779,0.0,0.0,0.0,0.0,0.0,0.0,1.0,1.0,Nothing,seated
1.20132,12,-1.41785,-0.258662,-9.74294,0.010919,0.0258327,0.0183758,0.0,0.0,0.0,0.0,0.0,0.0,1.0,1.0,Nothing,seated
1.30142,13,-1.40827,-0.258662,-9.77168,0.00452737,0.0263653,0.0181095,0.0,0.0,0.0,0.0,0.0,0.0,1.0,1.0,Nothing,seated
1.40153,14,-1.36037,-0.277822,-9.74294,0.00798948,0.0253,0.00692422,0.0,0.0,0.0,0.0,0.0,0.0,1.0,1.0,Nothing,seated
1.50164,15,-1.43701,-0.258662,-9.7621,0.0175769,0.0218379,0.0175769,0.0,0.0,0.0,0.0,0.0,0.0,1.0,1.0,Nothing,seated
1.60175,16,-1.39869,-0.306563,-9.84832,0.00426106,0.0215716,0.0138484,0.0,0.0,0.0,0.0,0.0,0.0,1.0,1.0,Nothing,seated
1.70185,17,-1.37953,-0.258662,-9.78126,0.0130495,0.0282295,0.0170442,0.0,0.0,0.0,0.0,0.0,0.0,1.0,1.0,Nothing,seated
1.80196,18,-1.41785,-0.268242,-9.77168,0.0173105,0.0213053,0.0197074,0.0,0.0,0.0,0.0,0.0,0.0,1.0,1.0,Nothing,seated
1.90207,19,-1.41785,-0.287402,-9.84832,0.0117179,0.0213053,0.0173105,0.0,0.0,0.0,0.0,0.0,0.0,1.0,1.0,Nothing,seated
2.00218,20,-1.36995,-0.268242,-9.75252,0.0106526,0.0213053,0.0149137,0.0,0.0,0.0,0.0,0.0,0.0,1.0,1.0,Nothing,seated
2.10221,21,-1.33163,-0.277822,-9.74294,0.0114516,0.0245011,0.0197074,0.0,0.0,0.0,0.0,0.0,0.0,1.0,1.0,Nothing,seated
2.20232,22,-1.43701,-0.277822,-9.75252,0.0098537,0.0183758,0.0194411,0.0,0.0,0.0,0.0,0.0,0.0,1.0,1.0,Nothing,seated
2.30244,23,-1.41785,-0.258662,-9.74294,-0.00532632,0.0133158,0.0015979,0.0,0.0,0.0,0.0,0.0,0.0,1.0,1.0,Nothing,seated
2.40254,24,-1.42743,-0.239502,-9.80042,0.00719053,0.01012,0.00958738,0.0,0.0,0.0,0.0,0.0,0.0,1.0,1.0,Nothing,seated
2.50265,25,-1.22625,-0.335303,-9.74294,0.00905475,0.0316916,0.0130495,0.0,0.0,0.0,0.0,0.0,0.0,1.0,1.0,Nothing,seated
2.60276,26,-1.14961,-0.249082,-9.84832,0.00692422,0.0338221,0.02024,0.0,0.0,0.0,0.0,0.0,0.0,1.0,1.0,Nothing,seated
2.70287,27,-1.03465,-0.325723,-9.88664,0.0170442,0.0577906,0.0175769,0.0,0.0,0.0,0.0,0.351562,3.5119,1.0,1.0,Nothing,seated
2.80298,28,-0.862207,-0.277822,-9.8579,0.0106526,0.0902812,0.0157127,0.0,0.0,0.0,0.0,0.703125,3.51173,1.0,1.0,Nothing,seated
2.90309,29,-0.613125,-0.191602,-9.84832,0.00266316,0.127832,0.0364853,0.0,0.0,0.0,0.0,1.23047,5.26743,1.0,1.0,Nothing,seated
3.0032,30,-0.565225,-0.354463,-9.8579,0.00852212,0.133957,0.0284958,0.0,0.0,0.0,0.0,1.93359,7.02367,1.0,1.0,Nothing,seated
3.10331,31,-0.670605,-0.364043,-9.89622,0.0279632,0.18509,-0.021039,0.0,0.0,0.0,0.0,2.8125,8.77967,1.0,1.0,Nothing,seated
3.20342,32,-0.747246,-0.277822,-9.93454,-0.00106526,0.193079,0.0213053,0.0,0.0,0.0,0.0,3.69141,8.77957,1.0,1.0,Nothing,seated
3.30353,33,-0.632285,-0.239502,-9.91538,0.000532632,0.20746,0.0527306,0.0,0.0,0.0,0.0,4.74609,10.535,1.0,1.0,Nothing,seated
3.40363,34,-0.699346,-0.325723,-9.8579,0.0066579,0.189617,-0.01518,0.0,0.0,0.0,0.0,5.625,8.77976,1.0,1.0,Nothing,seated
3.50374,35,-0.354463,-0.239502,-9.86748,0.0149137,0.203998,0.0,0.0,0.0,0.0,0.0,6.32812,7.02387,1.0,1.0,Nothing,seated
3.60385,36,-0.431104,-0.249082,-9.89622,0.0125169,0.170176,0.0431432,0.0,0.0,0.0,0.0,7.20703,8.7795,1.0,1.0,Nothing,seated
3.70395,37,-0.191602,-0.0766406,-9.88664,0.00852212,0.170709,0.0524643,0.0,0.0,0.0,0.0,8.08594,8.7802,1.0,1.0,Nothing,seated
3.80406,38,0.114961,-0.316143,-9.89622,0.00292948,0.171241,0.0375506,0.0,0.0,0.0,0.0,8.78906,7.02352,1.0,1.0,Nothing,seated
3.90417,39,0.172441,-0.354463,-9.93454,0.00719053,0.164317,-0.0332895,0.0,0.0,0.0,0.0,9.49219,7.02359,1.0,1.0,Nothing,seated
4.00428,40,0.421523,-0.268242,-10.0016,0.00319579,0.194144,0.0516653,0.0,0.0,0.0,0.0,10.1953,7.02374,1.0,1.0,Nothing,seated
4.10438,41,0.507744,-0.641865,-9.8579,0.0106526,0.150735,0.0545948,0.0,0.0,0.0,0.0,11.0742,8.78005,1.0,1.0,Nothing,seated
4.20448,42,0.593965,-0.488584,-9.88664,0.0205063,0.169111,-0.0569916,0.0,0.0,0.0,0.0,11.6016,5.26784,1.0,1.0,Nothing,seated
4.30459,43,0.574805,-0.364043,-9.84832,0.0111853,0.168045,0.0239685,0.0,0.0,0.0,0.0,12.3047,7.02359,1.0,1.0,Nothing,seated
4.4047,44,0.737666,-0.335303,-9.89622,0.00426106,0.150202,0.0553938,0.0,0.0,0.0,0.0,13.0078,7.02352,1.0,1.0,Nothing,seated
4.50481,45,1.12087,-0.172441,-9.84832,0.0167779,0.183492,-0.00506001,0.0,0.0,0.0,0.0,13.7109,7.02367,1.0,1.0,Nothing,seated
4.60492,46,1.09213,-0.105381,-9.84832,0.01012,0.143811,-0.00213053,0.0,0.0,0.0,0.0,14.4141,7.02375,1.0,1.0,Nothing,seated
4.70503,47,1.31247,-0.105381,-9.9058,0.0117179,0.154197,0.0276969,0.0,0.0,0.0,0.0,15.1172,7.02365,1.0,1.0,Nothing,seated
4.80513,48,1.43701,-0.201182,-9.84832,0.0234358,0.145675,0.0274306,0.0,0.0,0.0,0.0,15.8203,7.02367,1.0,1.0,Nothing,seated
4.90521,49,1.36037,-0.440684,-9.84832,0.0189084,0.13662,-0.0130495,0.0,0.0,0.0,0.0,16.3477,5.26931,1.0,1.0,Nothing,seated
5.00531,50,1.52323,-0.459844,-9.84832,0.00932106,0.157393,-0.0141148,0.0,0.0,0.0,0.0,17.0508,7.02417,1.0,1.0,Nothing,seated
5.10542,51,1.41785,-0.488584,-9.65672,0.00719053,0.146474,0.0450074,0.0,0.0,0.0,0.0,17.5781,5.26774,1.0,1.0,Nothing,seated
5.20553,52,1.61903,-0.526904,-9.70462,0.00772317,0.119576,-0.00585895,0.0,0.0,0.0,0.0,17.9297,3.51179,1.0,1.0,Nothing,seated
5.30564,53,1.99266,-0.277822,-9.84832,0.0167779,0.136088,-0.0300937,0.0,0.0,0.0,0.0,18.2812,3.51184,1.0,1.0,Nothing,seated
5.40575,54,2.08846,-0.172441,-9.84832,0.00133158,0.0966728,0.0740359,0.0,0.0,0.0,0.0,18.8086,5.2675,1.0,1.0,Nothing,seated
5.50586,55,2.22258,-0.191602,-9.7621,0.01012,0.143544,-0.0178432,0.0,0.0,0.0,0.0,19.3359,5.2676,1.0,1.0,Nothing,seated
5.60597,56,2.28964,-0.134121,-9.64714,0.00559264,0.172307,-0.00719053,0.0,0.0,0.0,0.0,19.8633,5.26787,1.0,1.0,Nothing,seated
5.70608,57,2.25132,-0.287402,-9.74294,-0.0015979,0.15686,0.0378169,0.0,0.0,0.0,0.0,20.5664,7.02365,1.0,1.0,Nothing,seated
5.80619,58,2.4525,-0.373623,-9.7142,0.0066579,0.16991,0.0,0.0,0.0,0.0,0.0,21.0938,5.26738,1.0,1.0,Nothing,seated
5.9063,59,2.41418,-0.536484,-9.72378,0.0138484,0.140615,0.00292948,0.0,0.0,0.0,0.0,21.7969,7.02391,1.0,1.0,Nothing,seated
6.0064,60,2.41418,-0.344883,-9.64714,0.00878843,0.143544,0.041279,0.0,0.0,0.0,0.0,22.3242,5.26784,1.0,1.0,Nothing,seated
6.10651,61,2.29922,-0.229922,-9.55134,0.0098537,0.108657,0.0340885,0.0,0.0,0.0,0.0,22.8516,5.2679,1.0,1.0,Nothing,seated
6.20661,62,2.50998,-0.114961,-9.54176,0.0111853,0.0884169,0.00905475,0.0,0.0,0.0,0.0,23.3789,5.26782,1.0,1.0,Nothing,seated
6.30672,63,1.73399,-0.296982,-9.35974,0.0117179,0.0490022,-0.0146474,0.0,0.0,0.0,0.0,23.5547,1.75593,1.0,1.0,Nothing,seated
6.40683,64,1.29331,-0.258662,-9.41722,-0.000532632,-0.1012,0.0338221,0.0,0.0,0.0,0.0,23.3789,-1.75586,1.0,1.0,Nothing,seated
6.50694,65,0.364043,-0.0958008,-9.01485,-0.00106526,-0.137419,0.0367516,0.0,0.0,0.0,0.0,22.1484,-12.2914,1.0,1.0,Nothing,seated
6.60704,66,-1.62861,-0.488584,-9.2352,0.0066579,-0.510528,-0.0114516,0.0,0.0,0.0,0.0,20.0391,-21.0724,1.0,1.0,Nothing,seated
6.70714,67,-1.25499,-0.469424,-9.89622,-0.00639159,-0.576841,-0.0237021,0.0,0.0,0.0,0.0,16.5234,-35.1199,1.0,1.0,Nothing,seated
6.80725,68,-1.63819,-0.402363,-10.4327,-0.0170442,-0.73157,0.046339,0.0,0.0,0.0,0.0,11.9531,-45.6532,1.0,1.0,Nothing,seated
6.90736,69,-1.60945,-0.249082,-10.8926,-0.00506001,-0.882039,0.0380832,0.0,0.0,0.0,0.0,6.50391,-54.4349,1.0,1.0,Nothing,seated
7.00746,70,-1.60945,-0.153281,-11.2374,-0.00266316,-0.962466,-0.00798948,0.0,0.0,0.0,0.0,1.40625,-50.9251,1.0,1.0,Nothing,seated
7.10757,71,-1.61903,-0.105381,-11.2566,0.00585895,-0.990163,0.00719053,0.0,0.0,0.0,0.0,-4.21875,-56.1888,1.0,1.0,Nothing,seated
7.20768,72,-1.57113,-0.0766406,-11.1225,-0.000798948,-0.951015,0.0253,0.0,0.0,0.0,0.0,-9.49219,-52.6773,1.0,1.0,Nothing,seated
7.30779,73,-1.54239,-0.191602,-10.6722,0.0130495,-0.84582,0.010919,0.0,0.0,0.0,0.0,-14.4141,-49.1631,1.0,1.0,Nothing,seated
7.4079,74,-1.46575,-0.268242,-10.1453,0.0111853,-0.694819,-0.0189084,0.0,0.0,0.0,0.0,-18.1055,-36.8734,1.0,1.0,Nothing,seated
7.50801,75,-1.35079,-0.364043,-9.6184,0.00372843,-0.4815,-0.00958738,0.0,0.0,0.0,0.0,-20.918,-28.094,1.0,1.0,Nothing,seated
7.60812,76,-1.27415,-0.210762,-9.17772,0.00639159,-0.267914,0.0218379,0.0,0.0,0.0,0.0,20.2148,410.88,1.0,1.0,Nothing,seated
9.16623,77,-1.33163,-0.229922,-9.2352,0.00213053,-0.311324,0.021039,0.0,0.0,0.0,0.0,19.3359,-0.564084,1.0,1.0,Nothing,seated
9.26633,78,-1.36037,-0.277822,-9.73336,-0.0111853,-0.526241,0.0130495,0.0,0.0,0.0,0.0,16.3477,-29.8524,1.0,1.0,Nothing,seated
9.36644,79,-1.43701,-0.344883,-10.2986,-0.00372843,-0.706537,0.0135821,0.0,0.0,0.0,0.0,12.1289,-42.1405,1.0,1.0,Nothing,seated
9.46655,80,-1.52323,-0.354463,-10.8063,-0.00692422,-0.849016,0.00426106,0.0,0.0,0.0,0.0,7.03125,-50.9198,1.0,1.0,Nothing,seated
9.56666,81,-1.58071,-0.316143,-11.1225,0.00239685,-0.927845,0.0194411,0.0,0.0,0.0,0.0,1.75781,-52.6788,1.0,1.0,Nothing,seated
9.66677,82,-1.59987,-0.296982,-11.2374,0.00559264,-0.958205,0.0181095,0.0,0.0,0.0,0.0,-3.51562,-52.6774,1.0,1.0,Nothing,seated
9.76688,83,-1.60945,-0.258662,-11.0746,-0.00133158,-0.928378,0.00372843,0.0,0.0,0.0,0.0,-8.78906,-52.6759,1.0,1.0,Nothing,seated
9.86699,84,-1.54239,-0.210762,-10.7201,0.0066579,-0.841026,0.00852212,0.0,0.0,0.0,0.0,-13.5352,-47.4088,1.0,1.0,Nothing,seated
9.9671,85,-1.39869,-0.172441,-10.2411,0.0125169,-0.697482,0.00452737,0.0,0.0,0.0,0.0,-17.4023,-38.6309,1.0,1.0,Nothing,seated
10.0672,86,-1.29331,-0.210762,-9.70462,0.0149137,-0.513191,0.0119842,0.0,0.0,0.0,0.0,-20.2148,-28.0945,1.0,1.0,Nothing,seated
10.1673,87,-1.28373,-0.258662,-9.35974,0.0130495,-0.297741,0.02024,0.0,0.0,0.0,0.0,-21.7969,-15.8036,1.0,1.0,Nothing,seated
10.2674,88,-1.21667,-0.373623,-9.12982,0.00932106,-0.0647148,0.0242348,0.0,0.0,0.0,0.0,-21.9727,-1.75584,1.0,1.0,DecreaseParametric,seated
10.3675,89,-1.20709,-0.383203,-9.20646,0.0141148,0.167779,0.0231695,0.0,0.0,0.0,0.0,-21.0938,8.7799,1.0,1.0,DecreaseParametric,seated
10.4676,90,-1.26457,-0.373623,-9.50344,0.0191748,0.392284,0.015979,0.0,0.0,0.0,0.0,-18.8086,22.8271,1.0,1.0,DecreaseParametric,seated
10.5677,91,-1.39869,-0.296982,-10.0016,0.0229032,0.596282,0.0199737,0.0,0.0,0.0,0.0,-15.4688,33.3608,1.0,1.0,DecreaseParametric,seated
10.6679,92,-1.49449,-0.277822,-10.404,0.0213053,0.766458,0.0271642,0.0,0.0,0.0,0.0,-11.0742,43.8989,1.0,1.0,DecreaseParametric,seated
10.768,93,-1.58071,-0.191602,-10.8734,0.0133158,0.891094,0.0266316,0.0,0.0,0.0,0.0,-6.15234,49.1649,1.0,1.0,DecreaseParametric,seated
10.8681,94,-1.62861,-0.210762,-11.1225,0.02024,0.961401,0.0284958,0.0,0.0,0.0,0.0,-0.175781,59.7026,1.0,1.0,DecreaseParametric,seated
10.9682,95,-1.70525,-0.201182,-11.1416,0.0146474,0.982973,0.0197074,0.0,0.0,0.0,0.0,4.74609,49.1719,1.0,1.0,DecreaseParametric,seated
11.0682,96,-1.65735,-0.229922,-10.8351,0.026099,0.941427,0.0114516,0.0,0.0,0.0,0.0,9.84375,50.9529,1.0,1.0,DecreaseParametric,seated
11.1683,97,-1.53281,-0.287402,-10.4998,0.0221042,0.842891,0.0127832,0.0,0.0,0.0,0.0,14.0625,42.146,1.0,1.0,DecreaseParametric,seated
11.2873,98,-1.00591,-0.239502,-9.58008,0.02024,0.67378,0.0189084,0.0,0.0,0.0,0.0,18.2812,35.453,1.0,1.0,DecreaseParametric,raised
11.3874,99,-0.977168,-0.919688,-9.41722,0.0332895,0.619718,0.00372843,0.0,0.0,0.0,0.0,20.918,26.339,1.0,1.0,DecreaseParametric,raised
11.4875,100,-1.18793,0.191602,-9.45554,-0.0279632,0.263387,-0.0596548,0.0,0.0,0.0,0.0,22.1484,12.2914,1.0,1.0,DecreaseParametric,raised
11.5876,101,-1.14003,-0.699346,-8.21013,-0.0197074,0.0356864,0.00639159,0.0,0.0,0.0,0.0,21.9727,-1.75594,1.0,1.0,DecreaseParametric,raised
11.6877,102,-1.22625,-0.0958008,-9.331,0.0194411,0.0229032,-0.00133158,0.0,0.0,0.0,0.0,20.3906,-15.8035,1.0,1.0,DecreaseParametric,raised
11.7878,103,-0.910107,-0.335303,-10.0112,-0.00532632,-0.412524,0.0370179,0.0,0.0,0.0,0.0,17.7539,-26.3384,1.0,1.0,DecreaseParametric,raised
11.8985,104,-1.09213,-0.344883,-10.0591,0.0199737,-0.583232,0.0327569,0.0,0.0,0.0,0.0,13.7109,-36.5215,1.0,1.0,DecreaseParametric,lowered
11.9987,105,-0.967588,-0.0191602,-10.1261,-0.0487358,-1.88525,-0.0319579,0.0,0.0,0.0,0.0,8.26172,-54.432,1.0,1.0,DecreaseParametric,lowered
12.0987,106,-1.90644,-0.699346,-9.02443,0.0141148,-3.2155,-0.0426106,0.0,0.0,0.0,0.0,3.16406,-50.9273,1.0,1.0,DecreaseParametric,lowered
12.1989,107,-6.09293,-0.747246,-8.96695,-0.00905475,-2.90578,-0.0066579,0.0,0.0,0.0,0.0,-2.28516,-54.4345,1.0,1.0,DecreaseParametric,lowered
12.299,108,-9.4268,-0.526904,-9.48428,0.026099,-1.56967,-0.0306264,0.0,0.0,0.0,0.0,-7.91016,-56.1872,1.0,1.0,DecreaseParametric,lowered
12.3991,109,-4.51222,-0.383203,-8.01853,-0.0322242,-0.936634,0.0474043,0.0,0.0,0.0,0.0,-14.2383,-63.217,1.0,1.0,DecreaseParametric,lowered
12.4991,110,-6.71563,-0.325723,-8.23887,-0.0380832,-0.231429,0.00266316,0.0,0.0,0.0,0.0,-21.6211,-73.7682,1.0,1.0,DecreaseParametric,lowered
13.0833,111,-6.12167,-0.325723,-7.75028,0.0119842,0.535562,0.0205063,0.0,0.0,0.0,0.0,-17.2266,7.52304,1.0,1.0,DecreaseParametric,raised
13.1834,112,-6.12167,-1.04423,-7.58742,0.0713727,1.17925,-0.0745685,0.0,0.0,0.0,0.0,-12.1289,50.92,1.0,1.0,DecreaseParametric,raised
13.3224,113,-5.87259,-0.0191602,-9.2831,0.0729706,2.47141,-0.047138,0.0,0.0,0.0,0.0,-6.67969,39.1993,1.0,1.0,DecreaseParametric,lowered
13.4225,114,-1.44659,0.0958008,-8.71787,0.0671117,2.14491,0.0862864,0.0,0.0,0.0,0.0,-1.23047,54.4336,1.0,1.0,DecreaseParametric,lowered
13.5226,115,-2.79738,0.364043,-9.04359,-0.0221042,-1.83039,-0.0276969,0.0,0.0,0.0,0.0,3.69141,49.1664,1.0,1.0,DecreaseParametric,lowered
13.6227,116,-12.4541,-0.0670606,-8.76577,0.01012,-0.1771,0.126234,0.0,0.0,0.0,0.0,8.4375,47.4082,1.0,1.0,DecreaseParametric,lowered
13.7228,117,-5.89175,-0.0479004,-8.38257,0.0897485,0.866859,0.0234358,0.0,0.0,0.0,0.0,12.6562,42.1439,1.0,1.0,DecreaseParametric,lowered
13.823,118,-6.44739,-0.661025,-7.08926,0.0836233,0.799747,0.0782969,0.0,0.0,0.0,0.0,16.3477,36.8743,1.0,1.0,DecreaseParametric,lowered
13.923,119,-6.05461,-0.411943,-6.8306,-0.0386158,0.524376,0.107325,0.0,0.0,0.0,0.0,18.8086,24.5865,1.0,1.0,DecreaseParametric,lowered
14.0231,120,-5.83427,-0.258662,-7.17548,-0.0170442,0.264186,0.0466053,0.0,0.0,0.0,0.0,20.2148,14.048,1.0,1.0,DecreaseParametric,lowered
14.1232,121,-5.78637,-0.162861,-6.9743,0.0314253,0.0130495,-0.0298274,0.0,0.0,0.0,0.0,20.0391,-1.75637,1.0,1.0,DecreaseParametric,lowered
14.239,122,-5.82469,-0.0958008,-7.0222,0.036219,-0.195742,0.00452737,0.0,0.0,0.0,0.0,18.8086,-10.6259,1.0,1.0,DecreaseParametric,raised
14.3391,123,-5.11576,-0.613125,-6.75396,-0.00292948,-0.0881506,0.121706,0.0,0.0,0.0,0.0,16.5234,-22.8255,1.0,1.0,DecreaseParametric,raised
14.4392,124,-7.1659,-0.287402,-7.86524,-0.0495348,0.474309,0.0276969,0.0,0.0,0.0,0.0,13.3594,-31.6083,1.0,1.0,DecreaseParametric,raised
14.5394,125,-6.89766,0.0670606,-9.6663,-0.0237021,1.51667,-0.0625843,0.0,0.0,0.0,0.0,9.49219,-38.631,1.0,1.0,DecreaseParametric,raised
14.6395,126,-0.143701,0.900527,-10.0303,0.00692422,1.78219,0.0127832,0.0,0.0,0.0,0.0,4.74609,-47.4099,1.0,1.0,DecreaseParametric,raised
14.7396,127,0.392783,-0.258662,-11.9559,-0.0577906,-1.02825,0.0308927,0.0,0.0,0.0,0.0,-0.351562,-50.9219,1.0,1.0,DecreaseParametric,raised
14.8397,128,-1.80105,-0.488584,-11.0746,-0.015979,-0.949683,0.0271642,0.0,0.0,0.0,0.0,-5.44922,-50.9225,1.0,1.0,DecreaseParametric,raised
14.9398,129,-0.900527,-0.526904,-10.95,-0.00239685,-0.842358,-0.0146474,0.0,0.0,0.0,0.0,-10.1953,-47.4102,1.0,1.0,DecreaseParametric,raised
15.0399,130,-0.881367,-0.507744,-10.5956,-0.00559264,-0.686829,-0.0215716,0.0,0.0,0.0,0.0,-14.4141,-42.1442,1.0,1.0,DecreaseParametric,raised
15.1585,131,-0.890947,-0.316143,-9.84832,-0.0135821,-0.508397,0.0239685,0.0,0.0,0.0,0.0,-17.9297,-29.6356,1.0,1.0,DecreaseParametric,raised
15.2586,132,-0.938848,-0.258662,-9.55134,0.000798948,-0.310258,0.0308927,0.0,0.0,0.0,0.0,-19.8633,-19.3153,1.0,1.0,DecreaseParametric,raised
15.3587,133,-0.900527,-0.229922,-9.24478,0.0125169,-0.112652,0.00133158,0.0,0.0,0.0,0.0,-20.5664,-7.02397,1.0,1.0,DecreaseParametric,raised
15.4588,134,-0.795147,-0.220342,-9.27352,0.0149137,0.112385,0.00426106,0.0,0.0,0.0,0.0,-20.0391,5.26784,1.0,1.0,DecreaseParametric,raised
15.5589,135,-0.843047,-0.344883,-9.4747,0.00559264,0.327569,0.0141148,0.0,0.0,0.0,0.0,-18.1055,19.3156,1.0,1.0,DecreaseParametric,raised
15.659,136,-0.910107,-0.431104,-9.84832,0.0181095,0.520648,0.0173105,0.0,0.0,0.0,0.0,-15.1172,29.851,1.0,1.0,DecreaseParametric,raised
15.7709,137,-0.938848,-0.440684,-10.5668,0.00932106,0.714792,0.0215716,0.0,0.0,0.0,0.0,-10.8984,37.7191,1.0,1.0,DecreaseParametric,lowered
15.871,138,0.986748,-0.316143,-10.5285,-0.0205063,-0.329699,0.0215716,0.0,0.0,0.0,0.0,-6.15234,47.4105,1.0,1.0,DecreaseParametric,lowered
15.9711,139,-2.50998,-0.162861,-10.0112,0.00745685,-1.33398,0.0170442,0.0,0.0,0.0,0.0,-1.75781,43.9009,1.0,1.0,DecreaseParametric,lowered
16.0712,140,-7.18506,0.153281,-8.78493,0.0221042,-1.01413,0.0300937,0.0,0.0,0.0,0.0,2.98828,47.4074,1.0,1.0,DecreaseParametric,lowered
16.1713,141,-8.48795,0.162861,-9.12023,0.0751011,-0.117712,-0.00346211,0.0,0.0,0.0,0.0,7.55859,45.6561,1.0,1.0,DecreaseParametric,lowered
16.2714,142,-5.0008,0.0479004,-7.8365,0.0655138,0.747816,0.0298274,0.0,0.0,0.0,0.0,11.7773,42.1438,1.0,1.0,DecreaseParametric,lowered
16.3715,143,-6.37075,-0.162861,-7.30002,-0.0119842,0.718255,0.0356864,0.0,0.0,0.0,0.0,15.4688,36.8734,1.0,1.0,DecreaseParametric,lowered
16.5082,144,-5.91091,-0.0574805,-7.01262,0.00479369,0.47857,0.000266316,0.0,0.0,0.0,0.0,18.6328,23.1553,1.0,1.0,DecreaseParametric,raised
16.6083,145,-5.74805,-0.795147,-7.32876,0.061519,0.566454,0.0506001,0.0,0.0,0.0,0.0,19.6875,10.5354,1.0,1.0,DecreaseParametric,raised
16.7084,146,-8.85199,0.0479004,-7.09884,0.00452737,1.16061,-0.00719053,0.0,0.0,0.0,0.0,20.0391,3.51188,1.0,1.0,DecreaseParametric,raised
16.8085,147,-4.22481,-0.440684,-7.23296,-0.000266316,2.37794,-0.0237021,0.0,0.0,0.0,0.0,18.9844,-10.5351,1.0,1.0,DecreaseParametric,raised
16.9086,148,1.00591,0.440684,-8.78493,0.00266316,1.65622,0.0015979,0.0,0.0,0.0,0.0,16.5234,-24.5832,1.0,1.0,DecreaseParametric,raised
17.0087,149,-0.431104,-0.450264,-9.12982,0.0242348,-0.744886,0.0719054,0.0,0.0,0.0,0.0,13.1836,-33.363,1.0,1.0,DecreaseParametric,raised
17.1229,150,-0.814307,-0.546064,-10.6339,-0.0066579,-0.623446,-0.00559264,0.0,0.0,0.0,0.0,8.26172,-43.0968,1.0,1.0,DecreaseParametric,lowered
17.223,151,0.172441,-0.986748,-8.77535,-0.0428769,-1.89803,-0.0474043,0.0,0.0,0.0,0.0,2.63672,-56.1895,1.0,1.0,DecreaseParametric,lowered
17.3231,152,-3.32429,-0.440684,-9.24478,0.0098537,-2.97954,0.01518,0.0,0.0,0.0,0.0,-1.93359,-45.6581,1.0,1.0,DecreaseParametric,lowered
17.4232,153,-6.03545,-0.0479004,-8.74661,-0.0133158,-2.76782,0.0138484,0.0,0.0,0.0,0.0,-7.20703,-52.679,1.0,1.0,DecreaseParametric,lowered
17.5233,154,-8.08559,-0.220342,-8.03769,0.0537959,-1.87407,-0.0162453,0.0,0.0,0.0,0.0,-11.6016,-43.8998,1.0,1.0,DecreaseParametric,lowered
17.6619,155,-6.46655,0.0862207,-8.58375,0.00479369,-0.791225,-0.00745685,0.0,0.0,0.0,0.0,-16.5234,-35.5141,1.0,1.0,DecreaseParametric,raised
17.762,156,-6.81144,0.201182,-7.90356,0.0098537,-0.0367516,0.148072,0.0,0.0,0.0,0.0,-18.8086,-22.8259,1.0,1.0,DecreaseParametric,raised
17.8621,157,-7.1659,-0.364043,-8.14307,-0.0279632,0.913997,0.0234358,0.0,0.0,0.0,0.0,-19.6875,-8.77988,1.0,1.0,DecreaseParametric,raised
17.9622,158,-4.56012,-0.756826,-7.30002,-0.0149137,2.58433,-0.0543285,0.0,0.0,0.0,0.0,-19.5117,1.75602,1.0,1.0,DecreaseParametric,raised
18.0623,159,-1.58071,-0.507744,-8.73703,-0.0173105,2.33586,0.0167779,0.0,0.0,0.0,0.0,-18.2812,12.2913,1.0,1.0,DecreaseParametric,raised
18.1625,160,-0.0383203,-0.479004,-8.57417,0.0173105,0.221575,0.0790959,0.0,0.0,0.0,0.0,-15.9961,22.8272,1.0,1.0,DecreaseParametric,raised
18.2701,161,-1.18793,-0.555645,-10.2507,0.0149137,0.652208,0.051399,0.0,0.0,0.0,0.0,-12.6562,31.024,1.0,1.0,DecreaseParametric,lowered
18.3702,162,-1.78189,-0.517324,-10.1645,-0.04048,-0.445813,-0.0359527,0.0,0.0,0.0,0.0,-8.78906,38.6287,1.0,1.0,DecreaseParametric,lowered
18.4703,163,-3.92783,-0.708926,-9.29268,0.0135821,-1.3156,-0.0737696,0.0,0.0,0.0,0.0,-4.57031,42.1425,1.0,1.0,DecreaseParametric,lowered
18.5704,164,-5.94923,-0.143701,-9.43638,0.0197074,-1.04556,0.0127832,0.0,0.0,0.0,0.0,-0.351562,42.1404,1.0,1.0,DecreaseParametric,lowered
18.6705,165,-10.3848,-0.411943,-8.55501,0.0447411,-0.202667,0.00745685,0.0,0.0,0.0,0.0,4.39453,47.4094,1.0,1.0,DecreaseParametric,lowered
18.7707,166,-5.55645,-0.114961,-7.94188,0.0127832,0.940895,0.0516653,0.0,0.0,0.0,0.0,8.78906,43.8986,1.0,1.0,DecreaseParametric,lowered
18.8708,167,-7.01262,-0.201182,-8.01853,-0.00905475,0.822118,0.0490022,0.0,0.0,0.0,0.0,12.4805,36.8752,1.0,1.0,DecreaseParametric,lowered
18.9709,168,-6.51445,0.00958008,-7.94188,0.0111853,0.590689,0.010919,0.0,0.0,0.0,0.0,15.4688,29.85,1.0,1.0,DecreaseParametric,lowered
19.1138,169,-6.09293,-0.201182,-7.52036,0.00559264,0.365652,-0.00585895,0.0,0.0,0.0,0.0,18.2812,19.6782,1.0,1.0,DecreaseParametric,raised
19.2139,170,-5.20198,-0.593965,-7.5491,0.015979,0.460993,0.0676443,0.0,0.0,0.0,0.0,18.8086,5.26834,1.0,1.0,DecreaseParametric,raised
19.314,171,-6.89766,-0.268242,-7.5012,0.0141148,1.11107,-0.0119842,0.0,0.0,0.0,0.0,18.457,-3.51162,1.0,1.0,DecreaseParametric,raised
19.4141,172,-2.3567,-0.823887,-6.7827,0.0308927,2.32441,0.00772317,0.0,0.0,0.0,0.0,16.875,-15.8034,1.0,1.0,DecreaseParametric,raised
19.5142,173,0.0191602,0.392783,-9.4268,0.0162453,1.60136,-0.0242348,0.0,0.0,0.0,0.0,14.2383,-26.3406,1.0,1.0,DecreaseParametric,raised
19.6143,174,-0.0670606,-0.785566,-9.78126,0.0175769,-0.946487,0.117712,0.0,0.0,0.0,0.0,10.7227,-35.1195,1.0,1.0,DecreaseParametric,raised
19.7144,175,-1.06339,-0.383203,-10.6914,-0.0322242,-0.608,0.0,0.0,0.0,0.0,0.0,6.32812,-43.9013,1.0,1.0,DecreaseParametric,raised
19.8268,176,-0.843047,-0.344883,-10.7393,-0.00506001,-0.845287,0.00559264,0.0,0.0,0.0,0.0,1.23047,-45.3646,1.0,1.0,DecreaseParametric,lowered
19.9269,177,-0.862207,0.249082,-10.5189,-0.061519,-1.75183,0.0327569,0.0,0.0,0.0,0.0,-3.69141,-49.1665,1.0,1.0,DecreaseParametric,lowered
20.027,178,-3.51589,-0.229922,-9.39806,0.000532632,-2.99978,0.0364853,0.0,0.0,0.0,0.0,-8.4375,-47.4102,1.0,1.0,DecreaseParametric,lowered
20.1271,179,-6.30369,-0.718506,-6.84976,0.0391485,-2.12653,-0.000266316,0.0,0.0,0.0,0.0,-13.3594,-49.1658,1.0,1.0,DecreaseParametric,lowered
20.2272,180,-7.12758,-0.296982,-7.91315,0.0482032,-1.62,-0.0612527,0.0,0.0,0.0,0.0,-15.8203,-24.5864,1.0,1.0,DecreaseParametric,lowered
20.3384,181,-5.4798,-0.143701,-8.05685,0.0135821,-0.287089,-0.0255663,0.0,0.0,0.0,0.0,-18.2812,-22.1254,1.0,1.0,DecreaseParametric,raised
20.4385,182,-6.13125,-0.507744,-7.42456,-0.0237021,0.105195,0.112918,0.0,0.0,0.0,0.0,-19.3359,-10.5356,1.0,1.0,DecreaseParametric,raised
20.5386,183,-5.4798,-0.316143,-8.28677,-0.0367516,0.940895,0.0229032,0.0,0.0,0.0,0.0,-18.8086,5.26767,1.0,1.0,DecreaseParametric,raised
20.6388,184,-4.3781,-0.153281,-7.118,0.0745685,2.85331,0.0527306,0.0,0.0,0.0,0.0,-17.0508,17.5594,1.0,1.0,DecreaseParametric,raised
20.7389,185,0.287402,0.756826,-8.84241,-0.0474043,2.86263,-0.0431432,0.0,0.0,0.0,0.0,-14.7656,22.8287,1.0,1.0,DecreaseParametric,raised
20.839,186,0.469424,-0.220342,-9.8579,0.000798948,0.522779,0.0982706,0.0,0.0,0.0,0.0,-11.4258,33.3625,1.0,1.0,DecreaseParametric,raised
20.9525,187,-0.373623,-0.316143,-10.6339,-0.00878843,0.880175,0.0274306,0.0,0.0,0.0,0.0,-7.03125,38.7022,1.0,1.0,DecreaseParametric,lowered
21.0526,188,-1.13045,-0.134121,-10.174,-0.0300937,-0.323041,-0.0484695,0.0,0.0,0.0,0.0,-2.8125,42.1411,1.0,1.0,DecreaseParametric,lowered
21.1527,189,-3.69791,0.0479004,-9.98244,0.0245011,-1.42745,-0.0364853,0.0,0.0,0.0,0.0,1.40625,42.1424,1.0,1.0,DecreaseParametric,lowered
21.2528,190,-4.91458,-0.661025,-7.61616,0.0617853,-0.975516,0.0801611,0.0,0.0,0.0,0.0,5.625,42.1429,1.0,1.0,DecreaseParametric,lowered
21.3529,191,-7.97063,-0.124541,-8.81367,0.0751011,-0.204264,-0.0167779,0.0,0.0,0.0,0.0,9.49219,38.63,1.0,1.0,DecreaseParametric,lowered
21.453,192,-4.5697,0.0862207,-6.7827,0.0146474,0.752876,0.0175769,0.0,0.0,0.0,0.0,12.832,33.3626,1.0,1.0,DecreaseParametric,lowered
21.5613,193,-6.26537,-0.421523,-7.34792,-0.00426106,0.599478,0.0396811,0.0,0.0,0.0,0.0,15.6445,25.9789,1.0,1.0,DecreaseParametric,raised
21.6614,194,-6.62941,-0.354463,-7.04136,0.0380832,0.568851,0.0697748,0.0,0.0,0.0,0.0,17.2266,15.8036,1.0,1.0,DecreaseParametric,raised
21.7615,195,-5.15408,-0.555645,-5.40316,0.0194411,1.19443,-0.0490022,0.0,0.0,0.0,0.0,18.1055,8.77915,1.0,1.0,DecreaseParametric,raised
21.8616,196,-5.01996,-0.0670606,-7.75028,0.0098537,2.34411,-0.0588559,0.0,0.0,0.0,0.0,17.7539,-3.5118,1.0,1.0,DecreaseParametric,raised
21.9617,197,0.670605,-0.00958008,-8.78493,-0.0215716,2.11402,-0.0218379,0.0,0.0,0.0,0.0,16.5234,-12.2917,1.0,1.0,DecreaseParametric,raised
22.0618,198,-0.296982,-0.450264,-9.69504,-0.0431432,-0.497745,0.0375506,0.0,0.0,0.0,0.0,14.0625,-24.5827,1.0,1.0,DecreaseParametric,raised
22.162,199,-1.76273,-0.680186,-10.2028,-0.0162453,-0.517985,-0.0266316,0.0,0.0,0.0,0.0,10.5469,-35.1182,1.0,1.0,DecreaseParametric,raised
22.2702,200,-0.517324,-0.479004,-10.5477,-0.01012,-0.772583,0.00878843,0.0,0.0,0.0,0.0,5.97656,-42.2328,1.0,1.0,DecreaseParametric,lowered
22.3703,201,0.440684,-0.469424,-9.59924,-0.0537959,-1.91242,0.0380832,0.0,0.0,0.0,0.0,1.23047,-47.4107,1.0,1.0,DecreaseParametric,lowered
22.4704,202,-1.89686,-0.0191602,-9.48428,-0.0098537,-2.99339,0.0229032,0.0,0.0,0.0,0.0,-3.33984,-45.654,1.0,1.0,DecreaseParametric,lowered
22.5705,203,-5.48939,-0.229922,-9.46512,0.0125169,-2.52042,0.00932106,0.0,0.0,0.0,0.0,-7.91016,-45.654,1.0,1.0,DecreaseParametric,lowered
22.6706,204,-8.63165,0.268242,-7.75028,0.0780306,-1.50815,-0.0316916,0.0,0.0,0.0,0.0,-11.7773,-38.6304,1.0,1.0,DecreaseParametric,lowered
22.7707,205,-5.01996,0.0766406,-7.2617,0.0567253,-0.535029,0.0,0.0,0.0,0.0,0.0,-14.7656,-29.8499,1.0,1.0,DecreaseParametric,lowered
22.8833,206,-5.63309,-0.0287402,-7.67364,-0.0218379,-0.299606,0.0396811,0.0,0.0,0.0,0.0,-17.4023,-23.4179,1.0,1.0,DecreaseParametric,raised
22.9834,207,-6.58151,-0.517324,-7.98021,-0.0015979,0.0511327,0.0583232,0.0,0.0,0.0,0.0,-18.1055,-7.02384,1.0,1.0,DecreaseParametric,raised
23.0835,208,-7.22338,-0.603545,-8.09517,0.00852212,1.06313,-0.00213053,0.0,0.0,0.0,0.0,-17.9297,1.75598,1.0,1.0,DecreaseParametric,raised
23.1836,209,-3.81287,-0.220342,-7.49162,0.0410127,2.63573,-0.0338221,0.0,0.0,0.0,0.0,-16.5234,14.0478,1.0,1.0,DecreaseParametric,raised
23.2837,210,-1.13045,-0.220342,-10.4519,-0.00692422,2.80937,-0.000798948,0.0,0.0,0.0,0.0,-14.2383,22.827,1.0,1.0,DecreaseParametric,raised
23.3838,211,0.843047,-0.239502,-10.8734,-0.0181095,0.347809,0.0596548,0.0,0.0,0.0,0.0,-11.0742,31.6029,1.0,1.0,DecreaseParametric,raised
23.4948,212,-1.78189,-0.536484,-10.4231,0.00346211,0.857005,0.00213053,0.0,0.0,0.0,0.0,-7.03125,36.4436,1.0,1.0,DecreaseParametric,lowered
23.5949,213,-0.804727,-0.574805,-11.4099,-0.00559264,-0.51905,-0.0545948,0.0,0.0,0.0,0.0,-3.16406,38.6272,1.0,1.0,DecreaseParametric,lowered
23.695,214,-3.48715,-0.459844,-9.58008,-0.00506001,-1.43172,-0.0367516,0.0,0.0,0.0,0.0,0.703125,38.6295,1.0,1.0,DecreaseParametric,lowered
23.7951,215,-6.50487,-0.162861,-9.36932,0.0306264,-0.983772,0.0452737,0.0,0.0,0.0,0.0,4.74609,40.3833,1.0,1.0,DecreaseParametric,lowered
23.8952,216,-7.80776,0.0191602,-8.41131,0.0561927,-0.165915,-0.000266316,0.0,0.0,0.0,0.0,8.4375,36.8758,1.0,1.0,DecreaseParametric,lowered
23.9953,217,-5.36484,0.210762,-7.46288,0.0157127,0.599744,0.010919,0.0,0.0,0.0,0.0,11.7773,33.3639,1.0,1.0,DecreaseParametric,lowered
24.0954,218,-6.46655,-0.373623,-7.63532,-0.00106526,0.539556,0.0149137,0.0,0.0,0.0,0.0,14.4141,26.3385,1.0,1.0,DecreaseParametric,lowered
24.2184,219,-5.70973,-0.162861,-7.2138,-0.00106526,0.274572,0.000532632,0.0,0.0,0.0,0.0,16.5234,17.1518,1.0,1.0,DecreaseParametric,raised
24.3185,220,-5.4798,-0.402363,-7.7407,0.0119842,0.424508,0.0596548,0.0,0.0,0.0,0.0,16.875,3.51263,1.0,1.0,DecreaseParametric,raised
24.4186,221,-6.11209,0.134121,-8.23887,-0.0135821,1.20242,-0.0213053,0.0,0.0,0.0,0.0,16.6992,-1.75592,1.0,1.0,DecreaseParametric,raised
24.5187,222,-3.72665,0.210762,-8.82325,0.0332895,2.31988,0.0253,0.0,0.0,0.0,0.0,15.293,-14.0472,1.0,1.0,DecreaseParametric,raised
24.6188,223,-0.0479004,0.143701,-8.69871,-0.0503337,1.57073,-0.0458064,0.0,0.0,0.0,0.0,13.0078,-22.8272,1.0,1.0,DecreaseParametric,raised
24.7189,224,-0.383203,-0.325723,-9.58008,0.0114516,-0.929177,0.0769654,0.0,0.0,0.0,0.0,9.84375,-31.6076,1.0,1.0,DecreaseParametric,raised
24.8309,225,-0.919688,-0.277822,-10.6626,-0.0194411,-0.512925,0.00585895,0.0,0.0,0.0,0.0,5.27344,-40.8084,1.0,1.0,DecreaseParametric,lowered
24.931,226,-0.0574805,-0.124541,-9.84832,-0.0402137,-1.77873,-0.0378169,0.0,0.0,0.0,0.0,1.05469,-42.1422,1.0,1.0,DecreaseParametric,lowered
25.0311,227,-2.7399,-0.364043,-9.38848,0.0111853,-2.82109,0.00692422,0.0,0.0,0.0,0.0,-3.51562,-45.6533,1.0,1.0,DecreaseParametric,lowered
25.1313,228,-4.63676,-0.450264,-8.95737,-0.00239685,-2.6091,0.0319579,0.0,0.0,0.0,0.0,-7.73438,-42.1419,1.0,1.0,DecreaseParametric,lowered
25.2314,229,-7.4533,-0.201182,-8.35383,0.0548611,-1.77526,-0.0146474,0.0,0.0,0.0,0.0,-11.25,-35.1197,1.0,1.0,DecreaseParametric,lowered
25.3315,230,-4.86668,-0.210762,-7.63532,0.0332895,-0.414122,-0.03542,0.0,0.0,0.0,0.0,-14.4141,-31.6047,1.0,1.0,DecreaseParametric,lowered
25.443,231,-6.09293,-0.162861,-7.81734,-0.00878843,-0.281762,0.02024,0.0,0.0,0.0,0.0,-16.5234,-18.9058,1.0,1.0,DecreaseParametric,raised
25.5432,232,-6.7348,-0.210762,-7.85566,0.0242348,0.114516,0.0857538,0.0,0.0,0.0,0.0,-17.4023,-8.77892,1.0,1.0,DecreaseParametric,raised
25.6432,233,-6.68689,0.249082,-8.15265,0.0133158,1.12172,-0.0343548,0.0,0.0,0.0,0.0,-16.875,5.27067,1.0,1.0,DecreaseParametric,raised
25.7433,234,-4.15775,0.469424,-9.78126,0.0106526,2.77129,0.0135821,0.0,0.0,0.0,0.0,-15.293,15.8034,1.0,1.0,DecreaseParametric,raised
25.8434,235,0.421523,-0.153281,-7.85566,-0.0133158,2.61549,-0.00532632,0.0,0.0,0.0,0.0,-13.1836,21.0734,1.0,1.0,DecreaseParametric,raised
25.9435,236,-0.498164,-0.383203,-9.72378,-0.0173105,0.279099,0.0503337,0.0,0.0,0.0,0.0,-10.3711,28.0941,1.0,1.0,DecreaseParametric,raised
26.0558,237,-1.22625,-0.641865,-10.7009,-0.00772317,0.747283,0.0111853,0.0,0.0,0.0,0.0,-6.32812,36.0073,1.0,1.0,DecreaseParametric,lowered
26.1559,238,-0.938848,-0.795147,-11.4961,-0.0367516,-0.382164,-0.0649811,0.0,0.0,0.0,0.0,-2.63672,36.8739,1.0,1.0,DecreaseParametric,lowered
26.256,239,-5.1924,-0.182021,-9.9058,0.0274306,-1.51853,-0.00346211,0.0,0.0,0.0,0.0,1.05469,36.871,1.0,1.0,DecreaseParametric,lowered
26.3561,240,-6.06419,-0.459844,-8.21013,-0.000798948,-1.09696,0.0458064,0.0,0.0,0.0,0.0,4.92188,38.6309,1.0,1.0,DecreaseParametric,lowered
26.4562,241,-6.81144,-0.172441,-8.63165,0.0636496,-0.388023,0.02024,0.0,0.0,0.0,0.0,8.4375,35.1282,1.0,1.0,DecreaseParametric,lowered
26.5563,242,-6.13125,0.517324,-7.77902,0.0370179,0.721983,0.0130495,0.0,0.0,0.0,0.0,11.4258,29.852,1.0,1.0,DecreaseParametric,lowered
26.6564,243,-6.15999,-0.0766406,-7.3096,-0.0114516,0.486826,0.0271642,0.0,0.0,0.0,0.0,13.8867,24.5841,1.0,1.0,DecreaseParametric,lowered
26.766,244,-5.71931,-0.0670606,-7.06052,0.0098537,0.341684,0.0298274,0.0,0.0,0.0,0.0,15.4688,14.4313,1.0,1.0,DecreaseParametric,raised
26.8662,245,-5.64267,0.105381,-7.17548,0.0442085,0.384294,0.0780306,0.0,0.0,0.0,0.0,15.9961,5.26745,1.0,1.0,DecreaseParametric,raised
26.9662,246,-5.18282,0.229922,-7.24254,0.0237021,1.15768,-0.0402137,0.0,0.0,0.0,0.0,15.8203,-1.75685,1.0,1.0,DecreaseParametric,raised
27.0663,247,-6.11209,0.651445,-8.31551,0.00372843,2.28153,-0.0503337,0.0,0.0,0.0,0.0,14.5898,-12.2919,1.0,1.0,DecreaseParametric,raised
27.1664,248,-0.488584,-0.555645,-9.13939,-0.0300937,1.73052,-0.0276969,0.0,0.0,0.0,0.0,12.4805,-21.0719,1.0,1.0,DecreaseParametric,raised
27.2665,249,-1.09213,-0.680186,-9.46512,-0.000532632,-0.831173,0.051399,0.0,0.0,0.0,0.0,9.49219,-29.8487,1.0,1.0,DecreaseParametric,raised
27.3779,250,-0.910107,-0.565225,-10.6243,-0.00506001,-0.52198,-0.01518,0.0,0.0,0.0,0.0,5.27344,-37.8756,1.0,1.0,DecreaseParametric,lowered
27.478,251,-2.07888,-0.459844,-11.2374,-0.0468716,-1.6975,-0.0367516,0.0,0.0,0.0,0.0,1.05469,-42.139,1.0,1.0,DecreaseParametric,lowered
27.5781,252,-4.92416,0.201182,-9.19688,-0.000798948,-2.94572,-0.00958738,0.0,0.0,0.0,0.0,-3.33984,-43.8987,1.0,1.0,DecreaseParametric,lowered
27.6782,253,-5.4798,0.0,-7.9323,-0.0322242,-2.59525,0.0375506,0.0,0.0,0.0,0.0,-7.38281,-40.4018,1.0,1.0,DecreaseParametric,lowered
27.7783,254,-10.4423,-0.364043,-8.95737,0.0316916,-1.86128,-0.00452737,0.0,0.0,0.0,0.0,-10.7227,-33.3628,1.0,1.0,DecreaseParametric,lowered
27.8784,255,-4.49306,0.431104,-7.68322,0.0452737,-0.527839,-0.0364853,0.0,0.0,0.0,0.0,-13.7109,-29.85,1.0,1.0,DecreaseParametric,lowered
28.0053,256,-5.45106,0.114961,-7.0222,-0.0234358,-0.213852,0.0660464,0.0,0.0,0.0,0.0,-15.8203,-16.6249,1.0,1.0,DecreaseParametric,raised
28.1054,257,-7.70238,-0.364043,-8.12391,0.0340885,0.228233,0.0900148,0.0,0.0,0.0,0.0,-16.5234,-7.02365,1.0,1.0,DecreaseParametric,raised
28.2055,258,-7.597,-0.124541,-7.98021,0.0407464,1.2421,-0.0356864,0.0,0.0,0.0,0.0,-15.9961,5.26749,1.0,1.0,DecreaseParametric,raised
28.3056,259,-6.53361,-0.258662,-7.72154,0.0553938,2.84,-0.0945422,0.0,0.0,0.0,0.0,-14.5898,14.0469,1.0,1.0,DecreaseParametric,raised
28.4058,260,-1.22625,-0.862207,-5.75763,-0.00692422,2.36595,-0.0114516,0.0,0.0,0.0,0.0,-12.3047,22.8269,1.0,1.0,DecreaseParametric,raised
28.5059,261,0.325723,-0.689766,-10.6243,0.0146474,0.177633,0.0833569,0.0,0.0,0.0,0.0,-9.31641,29.8495,1.0,1.0,DecreaseParametric,raised
28.6217,262,-1.07297,-0.498164,-10.5093,0.0170442,0.745152,-0.0125169,0.0,0.0,0.0,0.0,-5.44922,33.392,1.0,1.0,DecreaseParametric,lowered
28.7218,263,-1.37953,-0.316143,-11.659,0.0133158,-0.212254,-0.0588559,0.0,0.0,0.0,0.0,-1.75781,36.8744,1.0,1.0,DecreaseParametric,lowered
28.8219,264,-2.99856,0.114961,-10.1166,0.0551274,-1.48365,-0.0111853,0.0,0.0,0.0,0.0,1.75781,35.1199,1.0,1.0,DecreaseParametric,lowered
28.922,265,-6.02587,-0.756826,-8.77535,0.00905475,-1.24077,0.0418116,0.0,0.0,0.0,0.0,5.44922,36.8753,1.0,1.0,DecreaseParametric,lowered
29.0221,266,-6.68689,-0.364043,-7.66406,0.0396811,-0.473244,0.0322242,0.0,0.0,0.0,0.0,8.4375,29.8531,1.0,1.0,DecreaseParametric,lowered
29.1222,267,-4.36852,0.0574805,-7.30002,0.0356864,0.71639,0.03036,0.0,0.0,0.0,0.0,11.25,28.0929,1.0,1.0,DecreaseParametric,lowered
29.2342,268,-5.95881,-0.258662,-7.30002,-0.00346211,0.499875,0.0149137,0.0,0.0,0.0,0.0,13.5352,20.4095,1.0,1.0,DecreaseParametric,raised
29.3343,269,-5.80553,-0.517324,-7.57784,0.0298274,0.508397,0.0993359,0.0,0.0,0.0,0.0,14.9414,14.0474,1.0,1.0,DecreaseParametric,raised
29.4344,270,-5.69057,-0.162861,-7.36708,0.00772317,1.34463,-0.0380832,0.0,0.0,0.0,0.0,15.4688,5.26749,1.0,1.0,DecreaseParametric,raised
29.5345,271,-5.30736,0.287402,-8.54543,0.0266316,2.4597,0.00852212,0.0,0.0,0.0,0.0,15.1172,-3.5118,1.0,1.0,DecreaseParametric,raised
29.6346,272,-0.335303,-0.766406,-10.7009,-0.0862864,2.01388,-0.0114516,0.0,0.0,0.0,0.0,13.8867,-12.2912,1.0,1.0,DecreaseParametric,raised
29.7347,273,-0.134121,-0.862207,-9.98244,-0.0332895,-0.785366,0.0543285,0.0,0.0,0.0,0.0,11.4258,-24.5826,1.0,1.0,DecreaseParametric,raised
29.8348,274,-1.28373,-0.641865,-10.3561,-0.0327569,-0.373908,-0.0276969,0.0,0.0,0.0,0.0,8.26172,-31.606,1.0,1.0,DecreaseParametric,raised
29.9469,275,-0.871787,-0.239502,-10.3561,-0.00239685,-0.698281,0.00266316,0.0,0.0,0.0,0.0,4.21875,-36.0665,1.0,1.0,DecreaseParametric,lowered
30.047,276,-0.958008,-0.0766406,-9.40764,-0.0652474,-1.80802,0.0338221,0.0,0.0,0.0,0.0,0.351562,-38.6298,1.0,1.0,DecreaseParametric,lowered
30.1471,277,-4.92416,0.584385,-8.89031,0.015979,-2.98061,0.0199737,0.0,0.0,0.0,0.0,-3.69141,-40.385,1.0,1.0,DecreaseParametric,lowered
30.2472,278,-4.426,-0.0670606,-8.49753,0.00133158,-2.40723,0.0245011,0.0,0.0,0.0,0.0,-7.73438,-40.4007,1.0,1.0,DecreaseParametric,lowered
30.3473,279,-6.16957,-0.910107,-8.25803,0.0833569,-1.86581,-0.098537,0.0,0.0,0.0,0.0,-10.8984,-31.6066,1.0,1.0,DecreaseParametric,lowered
30.4588,280,-5.26904,0.498164,-6.75396,0.0138484,-0.396278,-0.0378169,0.0,0.0,0.0,0.0,-13.7109,-25.2288,1.0,1.0,DecreaseParametric,raised
30.5589,281,-6.05461,-0.737666,-8.06643,-0.0253,0.0798948,0.0609864,0.0,0.0,0.0,0.0,-15.1172,-14.0472,1.0,1.0,DecreaseParametric,raised
30.659,282,-6.14083,0.373623,-7.85566,-0.056459,0.968059,0.00852212,0.0,0.0,0.0,0.0,-15.4688,-3.51199,1.0,1.0,DecreaseParametric,raised
30.7591,283,-5.15408,0.0479004,-8.20055,0.0700411,2.64638,0.0127832,0.0,0.0,0.0,0.0,-14.7656,7.02379,1.0,1.0,DecreaseParametric,raised
30.8592,284,0.383203,-0.517324,-9.69504,-0.0884169,2.43466,-0.0687096,0.0,0.0,0.0,0.0,-13.5352,12.2912,1.0,1.0,DecreaseParametric,raised
30.9593,285,0.0191602,-0.613125,-9.67588,-0.000532632,0.0828243,0.0537959,0.0,0.0,0.0,0.0,-11.4258,21.0719,1.0,1.0,DecreaseParametric,raised
31.0707,286,-0.967588,-0.306563,-10.1645,0.00852212,0.627707,0.0428769,0.0,0.0,0.0,0.0,-8.08594,29.9964,1.0,1.0,DecreaseParametric,lowered
31.1708,287,-0.708926,-0.814307,-8.62207,0.00798948,-0.756071,-0.0133158,0.0,0.0,0.0,0.0,-5.09766,29.8536,1.0,1.0,DecreaseParametric,lowered
31.2708,288,-2.38544,-0.402363,-8.68913,0.0231695,-1.52759,-0.0647148,0.0,0.0,0.0,0.0,-2.10938,29.8722,1.0,1.0,DecreaseParametric,lowered
31.3709,289,-4.75172,0.210762,-8.10475,0.0410127,-1.08471,-0.0308927,0.0,0.0,0.0,0.0,1.23047,33.3612,1.0,1.0,DecreaseParametric,lowered
31.471,290,-7.85566,-0.0383203,-8.17181,0.0918791,-0.244478,-0.01012,0.0,0.0,0.0,0.0,4.57031,33.3608,1.0,1.0,DecreaseParametric,lowered
31.5711,291,-4.59844,0.210762,-7.09884,0.0367516,0.507865,0.00506001,0.0,0.0,0.0,0.0,7.91016,33.3628,1.0,1.0,DecreaseParametric,lowered
31.6712,292,-5.79595,-0.153281,-8.12391,-0.0245011,0.543551,0.0348874,0.0,0.0,0.0,0.0,10.7227,28.0962,1.0,1.0,DecreaseParametric,lowered
31.7828,293,-6.70606,-0.0479004,-7.94188,0.00585895,0.437025,0.026099,0.0,0.0,0.0,0.0,12.832,18.9066,1.0,1.0,DecreaseParametric,raised
31.8829,294,-7.08926,-0.670605,-7.66406,0.0537959,0.498277,0.0628506,0.0,0.0,0.0,0.0,14.0625,12.2915,1.0,1.0,DecreaseParametric,raised
31.983,295,-7.14674,0.0766406,-7.52994,0.0239685,1.22319,-0.0106526,0.0,0.0,0.0,0.0,14.7656,7.02364,1.0,1.0,DecreaseParametric,raised
32.0831,296,-4.29188,-0.574805,-7.4533,0.0149137,2.40111,-0.0146474,0.0,0.0,0.0,0.0,14.4141,-3.51185,1.0,1.0,DecreaseParametric,raised
32.1832,297,0.613125,-0.546064,-9.19688,-0.0359527,2.06715,-0.000798948,0.0,0.0,0.0,0.0,13.1836,-12.2926,1.0,1.0,DecreaseParametric,raised
32.2833,298,-0.0574805,-0.421523,-9.51302,-0.00239685,-0.582966,0.0428769,0.0,0.0,0.0,0.0,10.8984,-22.8265,1.0,1.0,DecreaseParametric,raised
32.3834,299,-1.35079,-0.613125,-10.1261,-0.00585895,-0.407996,-0.00692422,0.0,0.0,0.0,0.0,7.91016,-29.8487,1.0,1.0,DecreaseParametric,raised
32.492,300,-0.804727,-0.325723,-10.2411,-0.000532632,-0.625577,0.00346211,0.0,0.0,0.0,0.0,4.39453,-32.3727,1.0,1.0,DecreaseParametric,lowered
32.5922,301,-2.73032,-0.392783,-9.91538,-0.0516653,-1.70682,0.00213053,0.0,0.0,0.0,0.0,0.527344,-38.6287,1.0,1.0,DecreaseParametric,lowered
32.6923,302,-3.07521,-0.0479004,-9.15856,-0.00292948,-2.79632,0.0356864,0.0,0.0,0.0,0.0,-3.33984,-38.631,1.0,1.0,DecreaseParametric,lowered
32.7924,303,-6.36117,-0.498164,-9.08191,0.0015979,-2.47008,0.0245011,0.0,0.0,0.0,0.0,-7.20703,-38.6292,1.0,1.0,DecreaseParametric,lowered
32.8925,304,-7.5012,-0.364043,-7.597,0.0846885,-1.67966,-0.0426106,0.0,0.0,0.0,0.0,-10.1953,-29.8505,1.0,1.0,DecreaseParametric,lowered
33.0019,305,-5.57561,0.526904,-7.17548,0.0098537,-0.394414,0.00639159,0.0,0.0,0.0,0.0,-12.832,-24.0912,1.0,1.0,DecreaseParametric,raised
33.102,306,-7.04136,-0.661025,-8.23887,-0.0332895,0.129163,0.0482032,0.0,0.0,0.0,0.0,-14.4141,-15.8042,1.0,1.0,DecreaseParametric,raised
33.2021,307,-7.85566,-0.134121,-8.44963,-0.0338221,0.901214,-0.0141148,0.0,0.0,0.0,0.0,-14.5898,-1.7561,1.0,1.0,DecreaseParametric,raised
33.3022,308,-2.5004,-0.402363,-7.87482,0.0306264,2.63999,-0.0537959,0.0,0.0,0.0,0.0,-14.2383,3.51276,1.0,1.0,DecreaseParametric,raised
33.4023,309,0.871787,-0.364043,-8.44963,-0.0194411,2.39791,-0.0556601,0.0,0.0,0.0,0.0,-13.0078,12.2915,1.0,1.0,DecreaseParametric,raised
33.5024,310,-0.402363,-0.613125,-9.6184,0.00106526,0.0343548,0.0676443,0.0,0.0,0.0,0.0,-11.0742,19.3152,1.0,1.0,DecreaseParametric,raised
33.6125,311,-0.613125,-0.699346,-9.92496,-0.00239685,0.614924,0.0314253,0.0,0.0,0.0,0.0,-8.26172,25.545,1.0,1.0,DecreaseParametric,lowered
33.7126,312,-2.1651,-1.08255,-9.51302,-0.0423443,-0.816525,-0.04048,0.0,0.0,0.0,0.0,-5.09766,31.6061,1.0,1.0,DecreaseParametric,lowered
33.8127,313,-4.23439,-0.373623,-9.49386,0.0383495,-1.55981,-0.0114516,0.0,0.0,0.0,0.0,-2.28516,28.0955,1.0,1.0,DecreaseParametric,lowered
33.9128,314,-6.70606,-0.0670606,-8.08559,-0.0015979,-1.13025,0.0442085,0.0,0.0,0.0,0.0,0.878906,31.6069,1.0,1.0,DecreaseParametric,lowered
34.013,315,-7.58742,-0.546064,-8.40173,0.0591222,-0.420779,0.0282295,0.0,0.0,0.0,0.0,4.21875,33.3599,1.0,1.0,DecreaseParametric,lowered
34.1131,316,-5.23072,-0.316143,-7.55868,0.0466053,0.734766,0.0364853,0.0,0.0,0.0,0.0,7.20703,29.8507,1.0,1.0,DecreaseParametric,lowered
34.2132,317,-6.64857,0.0,-7.57784,-0.0178432,0.611994,0.0431432,0.0,0.0,0.0,0.0,9.84375,26.3391,1.0,1.0,DecreaseParametric,lowered
34.3133,318,-6.40907,-0.172441,-7.7407,0.0106526,0.405599,0.0119842,0.0,0.0,0.0,0.0,11.7773,19.3146,1.0,1.0,DecreaseParametric,lowered
34.4243,319,-6.20789,-0.172441,-7.39582,0.0170442,0.257261,0.0133158,0.0,0.0,0.0,0.0,13.1836,12.6661,1.0,1.0,DecreaseParametric,raised
34.5244,320,-6.22705,-0.0766406,-7.05094,0.0487358,0.327569,0.0695085,0.0,0.0,0.0,0.0,13.7109,5.26726,1.0,1.0,DecreaseParametric,raised
34.6245,321,-6.7348,0.00958008,-8.01853,0.00532632,1.16993,-0.0279632,0.0,0.0,0.0,0.0,13.5352,-1.75592,1.0,1.0,DecreaseParametric,raised
34.7246,322,-4.13859,-0.507744,-7.08926,0.00239685,2.37101,-0.00292948,0.0,0.0,0.0,0.0,12.4805,-10.5356,1.0,1.0,DecreaseParametric,raised
34.8248,323,0.440684,-0.134121,-8.95737,-0.036219,1.78219,-0.0276969,0.0,0.0,0.0,0.0,10.5469,-19.315,1.0,1.0,DecreaseParametric,raised
34.9249,324,-0.392783,-0.651445,-9.15856,-0.00319579,-0.780839,0.103597,0.0,0.0,0.0,0.0,7.55859,-29.8514,1.0,1.0,DecreaseParametric,raised
35.0614,325,-0.364043,-0.383203,-9.96328,-0.0287621,-0.565922,0.00346211,0.0,0.0,0.0,0.0,3.33984,-30.8915,1.0,1.0,DecreaseParametric,lowered
35.1615,326,-0.785566,-0.249082,-8.67955,0.00346211,-1.75103,-0.0452737,0.0,0.0,0.0,0.0,-0.351562,-36.8747,1.0,1.0,DecreaseParametric,lowered
35.2616,327,-1.35079,-0.239502,-8.12391,0.0266316,-2.69325,0.0263653,0.0,0.0,0.0,0.0,-3.86719,-35.1174,1.0,1.0,DecreaseParametric,lowered
35.3617,328,-5.48939,-0.344883,-8.82325,-0.0197074,-2.63973,0.0308927,0.0,0.0,0.0,0.0,-7.38281,-35.1185,1.0,1.0,DecreaseParametric,lowered
35.4619,329,-6.96472,-0.344883,-8.09517,0.0173105,-1.7473,0.0306264,0.0,0.0,0.0,0.0,-10.1953,-28.0948,1.0,1.0,DecreaseParametric,lowered
35.5733,330,-3.74581,0.134121,-7.85566,0.0239685,-0.415453,-0.0197074,0.0,0.0,0.0,0.0,-12.832,-23.6551,1.0,1.0,DecreaseParametric,raised
35.6734,331,-5.68099,-0.833467,-7.63532,-0.0191748,0.10626,0.0300937,0.0,0.0,0.0,0.0,-13.8867,-10.5366,1.0,1.0,DecreaseParametric,raised
35.7735,332,-7.31918,0.258662,-8.69871,-0.0335558,0.99762,-0.047138,0.0,0.0,0.0,0.0,-14.0625,-1.75591,1.0,1.0,DecreaseParametric,raised
35.8736,333,-4.97206,0.114961,-8.67955,0.0015979,2.60084,-0.00452737,0.0,0.0,0.0,0.0,-13.3594,7.0238,1.0,1.0,DecreaseParametric,raised
35.9737,334,0.526904,-0.0383203,-8.24845,-0.0407464,2.59951,0.00878843,0.0,0.0,0.0,0.0,-11.9531,14.0472,1.0,1.0,DecreaseParametric,raised
36.0739,335,-0.210762,-0.603545,-9.84832,-0.0218379,0.057258,0.087618,0.0,0.0,0.0,0.0,-9.84375,21.0711,1.0,1.0,DecreaseParametric,raised
36.1859,336,-0.900527,-0.402363,-10.3848,-0.0327569,0.676976,0.01012,0.0,0.0,0.0,0.0,-7.20703,23.5261,1.0,1.0,DecreaseParametric,lowered
36.286,337,0.373623,0.239502,-10.5668,0.0066579,-0.684965,-0.0588559,0.0,0.0,0.0,0.0,-4.21875,29.8489,1.0,1.0,DecreaseParametric,lowered
36.3862,338,-3.11353,-0.555645,-9.05317,0.0157127,-1.57446,-0.0300937,0.0,0.0,0.0,0.0,-1.40625,28.0944,1.0,1.0,DecreaseParametric,lowered
36.4862,339,-2.74948,-0.536484,-7.62574,-0.00958738,-1.17339,0.0359527,0.0,0.0,0.0,0.0,1.75781,31.6211,1.0,1.0,DecreaseParametric,lowered
36.5863,340,-7.41498,-0.593965,-8.01853,0.036219,-0.381897,0.0295611,0.0,0.0,0.0,0.0,4.74609,29.8522,1.0,1.0,DecreaseParametric,lowered
36.6864,341,-4.18649,0.421523,-7.12758,0.036219,0.607733,0.0348874,0.0,0.0,0.0,0.0,7.55859,28.0941,1.0,1.0,DecreaseParametric,lowered
36.7865,342,-6.62941,-0.344883,-7.47246,0.0,0.544084,0.0287621,0.0,0.0,0.0,0.0,9.84375,22.8261,1.0,1.0,DecreaseParametric,lowered
36.8988,343,-6.51445,0.143701,-7.62574,0.02024,0.384028,0.0276969,0.0,0.0,0.0,0.0,11.7773,17.2232,1.0,1.0,DecreaseParametric,raised
36.9989,344,-6.43781,-0.277822,-7.05094,0.0221042,0.446612,0.0577906,0.0,0.0,0.0,0.0,12.832,10.5356,1.0,1.0,DecreaseParametric,raised
37.099,345,-7.118,-0.335303,-8.00895,0.00585895,1.08204,-0.00426106,0.0,0.0,0.0,0.0,13.1836,3.51186,1.0,1.0,DecreaseParametric,raised
37.1991,346,-5.25946,-0.143701,-8.32509,0.0133158,2.30017,-0.00719053,0.0,0.0,0.0,0.0,12.832,-3.51172,1.0,1.0,DecreaseParametric,raised
37.2992,347,1.77231,-0.258662,-8.96695,-0.0274306,2.16515,0.0250337,0.0,0.0,0.0,0.0,11.6016,-12.292,1.0,1.0,DecreaseParametric,raised
37.3993,348,0.153281,-0.603545,-9.21604,-0.0324906,-0.479635,0.0197074,0.0,0.0,0.0,0.0,9.49219,-21.0718,1.0,1.0,DecreaseParametric,raised
37.5176,349,-0.890947,-0.699346,-9.97286,-0.0194411,-0.357929,-0.00346211,0.0,0.0,0.0,0.0,6.32812,-26.7663,1.0,1.0,DecreaseParametric,lowered
37.6177,350,0.0383203,-0.507744,-11.7356,-0.0450074,-1.68765,-0.0436758,0.0,0.0,0.0,0.0,2.8125,-35.1169,1.0,1.0,DecreaseParametric,lowered
37.7178,351,-4.86668,0.0670606,-9.88664,-0.0199737,-2.60404,-0.0327569,0.0,0.0,0.0,0.0,-0.878906,-36.8746,1.0,1.0,DecreaseParametric,lowered
37.8179,352,-5.30736,-0.421523,-8.13349,-0.0098537,-2.56915,0.0599211,0.0,0.0,0.0,0.0,-4.21875,-33.3615,1.0,1.0,DecreaseParametric,lowered
37.918,353,-9.81,-0.134121,-8.70829,0.0327569,-1.51241,0.0338221,0.0,0.0,0.0,0.0,-7.38281,-31.6054,1.0,1.0,DecreaseParametric,lowered
38.0181,354,-4.44516,0.0287402,-7.05094,0.0189084,-0.411991,-0.052198,0.0,0.0,0.0,0.0,-10.0195,-26.3391,1.0,1.0,DecreaseParametric,lowered
38.1279,355,-6.17915,-0.143701,-7.85566,-0.00346211,-0.252468,0.0346211,0.0,0.0,0.0,0.0,-12.1289,-19.2061,1.0,1.0,DecreaseParametric,raised
38.228,356,-6.9743,-0.383203,-7.96105,-0.0157127,-0.0197074,0.0732369,0.0,0.0,0.0,0.0,-13.1836,-10.5354,1.0,1.0,DecreaseParametric,raised
38.3282,357,-6.89766,0.105381,-8.53585,0.0157127,0.887099,-0.0282295,0.0,0.0,0.0,0.0,-13.3594,-1.75584,1.0,1.0,DecreaseParametric,raised
38.4283,358,-3.14227,-0.680186,-5.50854,0.0468716,2.47781,0.0548611,0.0,0.0,0.0,0.0,-12.6562,7.02399,1.0,1.0,DecreaseParametric,raised
38.5284,359,2.00224,0.517324,-12.799,-0.00692422,2.61123,0.0370179,0.0,0.0,0.0,0.0,-11.25,14.0473,1.0,1.0,DecreaseParametric,raised
38.6285,360,1.05381,-0.440684,-10.6722,-0.0173105,0.0862864,0.105195,0.0,0.0,0.0,0.0,-9.31641,19.3151,1.0,1.0,DecreaseParametric,raised
38.7473,361,-0.632285,-0.536484,-10.2124,-0.00372843,0.560862,0.0133158,0.0,0.0,0.0,0.0,-6.32812,25.1453,1.0,1.0,DecreaseParametric,lowered
38.8474,362,-1.82021,-0.0766406,-11.9655,-0.0266316,-0.33902,-0.0529969,0.0,0.0,0.0,0.0,-3.69141,26.3378,1.0,1.0,DecreaseParametric,lowered
38.9475,363,-4.19607,0.459844,-9.89622,0.0383495,-1.61308,-0.0383495,0.0,0.0,0.0,0.0,-0.878906,28.0948,1.0,1.0,DecreaseParametric,lowered
39.0476,364,-6.15999,-0.162861,-8.47837,0.0167779,-1.25675,0.0250337,0.0,0.0,0.0,0.0,1.93359,28.0954,1.0,1.0,DecreaseParametric,lowered
39.1478,365,-7.8844,-0.411943,-8.46879,0.0676443,-0.63037,0.00479369,0.0,0.0,0.0,0.0,4.74609,28.0927,1.0,1.0,DecreaseParametric,lowered
39.2479,366,-5.59477,0.488584,-7.597,0.026099,0.599478,0.00133158,0.0,0.0,0.0,0.0,7.55859,28.0957,1.0,1.0,DecreaseParametric,lowered
39.348,367,-6.79228,-0.249082,-7.597,-0.0125169,0.527306,0.0218379,0.0,0.0,0.0,0.0,9.66797,21.0714,1.0,1.0,DecreaseParametric,lowered
39.4578,368,-6.66773,-0.0383203,-7.62574,0.00585895,0.346477,0.0229032,0.0,0.0,0.0,0.0,11.25,14.4028,1.0,1.0,DecreaseParametric,raised
39.5579,369,-6.40907,0.0574805,-7.5491,0.0402137,0.46632,0.0932106,0.0,0.0,0.0,0.0,12.3047,10.5354,1.0,1.0,DecreaseParametric,raised
39.658,370,-7.31918,0.814307,-8.03769,0.00372843,1.24663,0.0098537,0.0,0.0,0.0,0.0,12.6562,3.51182,1.0,1.0,DecreaseParametric,raised
39.7581,371,-2.89318,-0.335303,-8.48795,0.0537959,2.53213,0.0181095,0.0,0.0,0.0,0.0,12.1289,-5.26794,1.0,1.0,DecreaseParametric,raised
39.8582,372,0.220342,-0.364043,-9.11065,-0.0924117,1.81201,-0.0527306,0.0,0.0,0.0,0.0,10.8984,-12.295,1.0,1.0,DecreaseParametric,raised
39.9583,373,0.201182,-0.373623,-10.8542,-0.0125169,-0.656203,0.0569916,0.0,0.0,0.0,0.0,8.78906,-21.0709,1.0,1.0,DecreaseParametric,raised
40.0695,374,-0.996328,-0.402363,-10.2028,-0.00266316,-0.328634,0.0114516,0.0,0.0,0.0,0.0,5.80078,-26.8711,1.0,1.0,DecreaseParametric,lowered
40.1696,375,-0.881367,-0.182021,-10.5381,-0.0553938,-1.4714,-0.0258327,0.0,0.0,0.0,0.0,2.63672,-31.6067,1.0,1.0,DecreaseParametric,lowered
40.2697,376,-4.17691,-1.08255,-8.11433,0.00745685,-2.7356,0.00426106,0.0,0.0,0.0,0.0,-0.878906,-35.1182,1.0,1.0,DecreaseParametric,lowered
40.3699,377,-4.426,-0.517324,-8.80409,0.0154463,-2.42188,0.0487358,0.0,0.0,0.0,0.0,-4.21875,-33.3627,1.0,1.0,DecreaseParametric,lowered
40.47,378,-5.0966,-0.488584,-7.32876,0.071639,-1.70842,-0.0346211,0.0,0.0,0.0,0.0,-7.20703,-29.85,1.0,1.0,DecreaseParametric,lowered
40.5701,379,-5.39358,0.459844,-6.82102,0.0332895,-0.351005,0.00745685,0.0,0.0,0.0,0.0,-9.66797,-24.5821,1.0,1.0,DecreaseParametric,lowered
40.6784,380,-6.15999,-0.0479004,-7.82692,-0.0183758,-0.278833,0.0135821,0.0,0.0,0.0,0.0,-11.6016,-17.8445,1.0,1.0,DecreaseParametric,raised
40.7785,381,-5.17324,-0.0574805,-7.60658,-0.00532632,0.129163,0.0583232,0.0,0.0,0.0,0.0,-12.6562,-10.5348,1.0,1.0,DecreaseParametric,raised
40.8786,382,-7.70238,-0.182021,-7.80776,-0.00639159,1.1156,-0.0548611,0.0,0.0,0.0,0.0,-12.6562,0.0,1.0,1.0,DecreaseParametric,raised
40.9788,383,-4.81878,-0.220342,-7.25212,0.0479369,2.78806,0.0689759,0.0,0.0,0.0,0.0,-11.9531,7.0235,1.0,1.0,DecreaseParametric,raised
41.0789,384,-3.05605,-0.498164,-9.43638,-0.0740359,2.21602,0.0239685,0.0,0.0,0.0,0.0,-10.5469,14.0474,1.0,1.0,DecreaseParametric,raised
41.1845,385,0.0862207,-0.517324,-9.58966,-0.015979,0.00266316,0.0777643,0.0,0.0,0.0,0.0,-8.61328,18.2995,1.0,1.0,DecreaseParametric,lowered
41.2846,386,-1.68609,-0.795147,-10.3369,-0.0183758,-0.62318,0.0189084,0.0,0.0,0.0,0.0,-6.50391,21.0709,1.0,1.0,DecreaseParametric,lowered
41.3847,387,-2.2609,-0.229922,-9.18729,0.0282295,-1.71215,-0.0782969,0.0,0.0,0.0,0.0,-4.21875,22.8268,1.0,1.0,DecreaseParametric,lowered
41.4849,388,-3.76497,-0.526904,-8.90947,0.0447411,-1.26021,-0.0015979,0.0,0.0,0.0,0.0,-1.58203,26.3386,1.0,1.0,DecreaseParametric,lowered
41.585,389,-8.54543,-0.747246,-8.05685,0.0846885,-0.525708,0.0175769,0.0,0.0,0.0,0.0,1.23047,28.0951,1.0,1.0,DecreaseParametric,lowered
41.6851,390,-5.40316,0.172441,-7.13716,-0.00958738,0.589091,0.0447411,0.0,0.0,0.0,0.0,4.39453,31.6064,1.0,1.0,DecreaseParametric,lowered
41.7852,391,-6.09293,-0.258662,-7.53952,-0.0370179,0.578439,0.036219,0.0,0.0,0.0,0.0,6.85547,24.5831,1.0,1.0,DecreaseParametric,lowered
41.8852,392,-6.61025,-0.0574805,-7.86524,0.0114516,0.457797,0.0173105,0.0,0.0,0.0,0.0,8.78906,19.3296,1.0,1.0,DecreaseParametric,lowered
41.9952,393,-6.34201,-0.0670606,-7.3096,0.0263653,0.307329,0.01518,0.0,0.0,0.0,0.0,10.7227,17.581,1.0,1.0,DecreaseParametric,raised
42.0953,394,-6.17915,0.153281,-7.47246,0.0356864,0.394148,0.0751011,0.0,0.0,0.0,0.0,11.6016,8.78034,1.0,1.0,DecreaseParametric,raised
42.1954,395,-9.02443,0.0574805,-7.89398,0.0106526,1.26021,-0.0428769,0.0,0.0,0.0,0.0,12.1289,5.26755,1.0,1.0,DecreaseParametric,raised
42.2955,396,-5.72889,-0.325723,-7.23296,0.0135821,2.44372,0.0138484,0.0,0.0,0.0,0.0,11.6016,-5.26797,1.0,1.0,DecreaseParametric,raised
42.3956,397,-0.593965,-0.392783,-8.66039,-0.0535295,2.17767,-0.0660464,0.0,0.0,0.0,0.0,10.5469,-10.5362,1.0,1.0,DecreaseParametric,raised
42.4957,398,-0.977168,-0.795147,-10.6339,-0.0284958,-0.599744,0.0660464,0.0,0.0,0.0,0.0,8.78906,-17.5597,1.0,1.0,DecreaseParametric,raised
42.5958,399,-1.50407,-0.661025,-9.84832,-0.00719053,-0.301204,-0.00452737,0.0,0.0,0.0,0.0,6.15234,-26.3385,1.0,1.0,DecreaseParametric,raised
42.7141,400,-0.536484,-0.325723,-10.0687,0.0146474,-0.547812,-0.0175769,0.0,0.0,0.0,0.0,2.8125,-28.245,1.0,1.0,DecreaseParametric,lowered
42.8142,401,0.143701,-0.124541,-11.726,-0.0660464,-1.45036,0.0282295,0.0,0.0,0.0,0.0,-0.351562,-31.6006,1.0,1.0,DecreaseParametric,lowered
42.9143,402,-4.51222,-0.124541,-9.56092,0.010919,-2.7609,0.0239685,0.0,0.0,0.0,0.0,-3.69141,-33.3643,1.0,1.0,DecreaseParametric,lowered
43.0144,403,-5.93965,-0.220342,-9.05317,0.0149137,-2.27647,-0.00239685,0.0,0.0,0.0,0.0,-6.85547,-31.6062,1.0,1.0,DecreaseParametric,lowered
43.1145,404,-7.47246,-0.0958008,-8.25803,0.0886833,-1.46527,-0.0157127,0.0,0.0,0.0,0.0,-9.31641,-24.5838,1.0,1.0,DecreaseParametric,lowered
43.2297,405,-5.90133,-0.00958008,-7.597,-0.00772317,-0.393083,-0.03036,0.0,0.0,0.0,0.0,-11.0742,-15.2622,1.0,1.0,DecreaseParametric,raised
43.3298,406,-6.59109,0.0,-9.09149,-0.000532632,0.159257,0.0902812,0.0,0.0,0.0,0.0,-12.1289,-10.5349,1.0,1.0,DecreaseParametric,raised
43.4299,407,-8.66997,0.316143,-9.03401,-0.0178432,1.15208,-0.00479369,0.0,0.0,0.0,0.0,-12.1289,0.0,1.0,1.0,DecreaseParametric,raised
43.53,408,-5.56603,-0.296982,-7.89398,-0.000266316,2.67568,-0.00878843,0.0,0.0,0.0,0.0,-11.4258,7.02352,1.0,1.0,DecreaseParametric,raised
43.6301,409,0.268242,-0.249082,-10.768,-0.0708401,2.33399,0.0127832,0.0,0.0,0.0,0.0,-10.0195,14.0473,1.0,1.0,DecreaseParametric,raised
43.7302,410,-0.0383203,-0.383203,-9.39806,-0.0066579,0.0655138,0.0950749,0.0,0.0,0.0,0.0,-8.26172,17.5597,1.0,1.0,DecreaseParametric,raised
43.8379,411,-1.18793,-0.507744,-10.0112,0.00346211,0.520382,0.03542,0.0,0.0,0.0,0.0,-5.97656,21.2142,1.0,1.0,DecreaseParametric,lowered
43.9381,412,-1.18793,-0.0383203,-9.77168,-0.0367516,-0.573112,-0.0583232,0.0,0.0,0.0,0.0,-3.33984,26.3385,1.0,1.0,DecreaseParametric,lowered
44.0382,413,-3.20933,-0.239502,-9.44596,0.0133158,-1.66448,-0.03542,0.0,0.0,0.0,0.0,-0.878906,24.5831,1.0,1.0,DecreaseParametric,lowered
44.1383,414,-4.46432,-0.593965,-7.99937,0.00932106,-1.39283,0.03036,0.0,0.0,0.0,0.0,1.75781,26.3378,1.0,1.0,DecreaseParametric,lowered
44.2384,415,-8.42089,-0.344883,-8.69871,0.0729706,-0.639691,0.0617853,0.0,0.0,0.0,0.0,4.21875,24.5848,1.0,1.0,DecreaseParametric,lowered
44.3385,416,-5.69057,-0.201182,-7.32876,0.0324906,0.593086,0.0284958,0.0,0.0,0.0,0.0,6.67969,24.583,1.0,1.0,DecreaseParametric,lowered
44.4386,417,-6.24621,-0.344883,-7.63532,-0.0189084,0.510528,0.0300937,0.0,0.0,0.0,0.0,8.78906,21.0706,1.0,1.0,DecreaseParametric,lowered
44.5517,418,-6.63899,-0.124541,-7.24254,0.0133158,0.339553,0.0370179,0.0,0.0,0.0,0.0,10.1953,12.4345,1.0,1.0,DecreaseParametric,raised
44.6518,419,-6.53361,-0.440684,-7.67364,0.0506001,0.407996,0.02024,0.0,0.0,0.0,0.0,11.0742,8.7798,1.0,1.0,DecreaseParametric,raised
44.7519,420,-6.9264,0.364043,-7.597,-0.0119842,1.32998,-0.0306264,0.0,0.0,0.0,0.0,11.4258,3.51189,1.0,1.0,DecreaseParametric,raised
44.852,421,-3.58295,-0.986748,-8.08559,0.0199737,2.43093,0.0577906,0.0,0.0,0.0,0.0,11.0742,-3.51187,1.0,1.0,DecreaseParametric,raised
44.9521,422,1.24541,-0.191602,-8.41131,-0.0596548,2.06848,0.0189084,0.0,0.0,0.0,0.0,9.84375,-12.2913,1.0,1.0,DecreaseParametric,raised
45.0522,423,-0.383203,-0.574805,-9.74294,-0.0066579,-0.678041,0.0756338,0.0,0.0,0.0,0.0,7.91016,-19.3151,1.0,1.0,DecreaseParametric,raised
45.1683,424,-0.919688,-0.431104,-10.3177,-0.0276969,-0.296676,-0.0255663,0.0,0.0,0.0,0.0,5.09766,-24.2247,1.0,1.0,DecreaseParametric,lowered
