7.98702e-05,0,-1.43701,-0.287402,-9.70462,0.0117179,0.0138484,0.00932106,0.0,0.0,0.0,0.0,0.351562,0.0,1.0,1.0,None,seated
0.100189,1,-1.47533,-0.306563,-9.65672,0.0173105,0.0170442,0.0117179,0.0,0.0,0.0,0.0,0.351562,0.0,1.0,1.0,Nothing,seated
0.2003,2,-1.48491,-0.277822,-9.6663,0.0157127,0.0189084,0.0114516,0.0,0.0,0.0,0.0,0.351562,0.0,1.0,1.0,Nothing,seated
0.300396,3,-1.44659,-0.296982,-9.65672,0.0173105,0.0215716,0.0154463,0.0,0.0,0.0,0.0,0.351562,0.0,1.0,1.0,Nothing,seated
0.400496,4,-1.44659,-0.316143,-9.69504,0.0106526,0.0253,0.00932106,0.0,0.0,0.0,0.0,0.351562,0.0,1.0,1.0,Nothing,seated
0.500604,5,-1.46575,-0.277822,-9.65672,0.0194411,0.0245011,0.0167779,0.0,0.0,0.0,0.0,0.527344,1.75592,1.0,1.0,Nothing,seated
0.600692,6,-1.45617,-0.316143,-9.69504,0.0170442,0.0258327,0.0181095,0.0,0.0,0.0,0.0,0.527344,0.0,1.0,1.0,Nothing,seated
0.700804,7,-1.49449,-0.287402,-9.69504,0.0170442,0.0245011,0.00692422,0.0,0.0,0.0,0.0,0.527344,0.0,1.0,1.0,Nothing,seated
0.800908,8,-1.56155,-0.287402,-9.67588,0.0149137,0.0284958,0.0183758,0.0,0.0,0.0,0.0,0.527344,0.0,1.0,1.0,Nothing,seated
0.901009,9,-1.45617,-0.277822,-9.6663,0.00878843,0.0218379,0.00292948,0.0,0.0,0.0,0.0,0.527344,0.0,1.0,1.0,Nothing,seated
1.00111,10,-1.41785,-0.296982,-9.69504,0.0117179,0.0173105,0.00932106,0.0,0.0,0.0,0.0,0.703125,1.75609,1.0,1.0,Nothing,seated
1.10121,11,-1.29331,-0.277822,-9.72378,0.0167779,0.0292948,0.00506001,0.0,0.0,0.0,0.0,0.703125,0.0,1.0,1.0,Nothing,seated
1.20131,12,-1.28373,-0.287402,-9.73336,0.0162453,0.036219,-0.00372843,0.0,0.0,0.0,0.0,0.703125,0.0,1.0,1.0,Nothing,seated
1.30142,13,-1.24541,-0.249082,-9.74294,0.00878843,0.0468716,0.0258327,0.0,0.0,0.0,0.0,0.878906,1.75588,1.0,1.0,Nothing,seated
1.40153,14,-1.22625,-0.249082,-9.70462,0.0154463,0.0577906,0.0258327,0.0,0.0,0.0,0.0,1.23047,3.51194,1.0,1.0,Nothing,seated
1.50163,15,-1.21667,-0.325723,-9.74294,0.0170442,0.0668453,-0.000532632,0.0,0.0,0.0,0.0,1.40625,1.75601,1.0,1.0,Nothing,seated
1.60173,16,-1.25499,-0.306563,-9.72378,0.0194411,0.0719054,-0.00585895,0.0,0.0,0.0,0.0,1.75781,3.51201,1.0,1.0,Nothing,seated
1.70181,17,-1.18793,-0.373623,-9.72378,0.0162453,0.0764327,0.02024,0.0,0.0,0.0,0.0,1.93359,1.75642,1.0,1.0,Nothing,seated
1.80191,18,-1.19751,-0.364043,-9.84832,0.01012,0.0812264,0.0239685,0.0,0.0,0.0,0.0,2.28516,3.51211,1.0,1.0,Nothing,seated
1.90202,19,-1.13045,-0.249082,-9.73336,0.0130495,0.0761664,0.00106526,0.0,0.0,0.0,0.0,2.63672,3.51184,1.0,1.0,Nothing,seated
2.00212,20,-1.07297,-0.258662,-9.75252,0.015979,0.0761664,0.00133158,0.0,0.0,0.0,0.0,2.8125,1.75598,1.0,1.0,Nothing,seated
2.10223,21,-1.01549,-0.258662,-9.79084,0.0135821,0.0782969,0.0125169,0.0,0.0,0.0,0.0,3.16406,3.51176,1.0,1.0,Nothing,seated
2.20234,22,-0.986748,-0.249082,-9.73336,0.0170442,0.0729706,0.0183758,0.0,0.0,0.0,0.0,3.51562,3.51187,1.0,1.0,Nothing,seated
2.30244,23,-0.938848,-0.296982,-9.74294,0.015979,0.0729706,0.000266316,0.0,0.0,0.0,0.0,3.69141,1.75601,1.0,1.0,Nothing,seated
2.40254,24,-0.910107,-0.296982,-9.84832,0.0175769,0.0735032,-0.00213053,0.0,0.0,0.0,0.0,4.04297,3.51204,1.0,1.0,Nothing,seated
2.50265,25,-0.833467,-0.316143,-9.79084,0.00852212,0.0745685,0.00585895,0.0,0.0,0.0,0.0,4.21875,1.75597,1.0,1.0,Nothing,seated
2.60275,26,-0.766406,-0.364043,-9.7621,0.010919,0.0695085,0.00692422,0.0,0.0,0.0,0.0,4.57031,3.51215,1.0,1.0,Nothing,seated
2.70285,27,-0.718506,-0.325723,-9.7621,0.01012,0.0687096,0.00506001,0.0,0.0,0.0,0.0,4.74609,1.75597,1.0,1.0,Nothing,seated
2.80295,28,-0.680186,-0.277822,-9.84832,0.0098537,0.0625843,0.00319579,0.0,0.0,0.0,0.0,4.92188,1.75606,1.0,1.0,Nothing,seated
2.90306,29,-0.603545,-0.239502,-9.74294,0.0215716,0.0713727,0.010919,0.0,0.0,0.0,0.0,5.27344,3.51187,1.0,1.0,Nothing,seated
3.00317,30,-0.565225,-0.296982,-9.7621,0.0138484,0.0737696,-0.00426106,0.0,0.0,0.0,0.0,5.44922,1.75597,1.0,1.0,Nothing,seated
3.10327,31,-0.622705,-0.258662,-9.84832,0.0154463,0.0743022,0.0141148,0.0,0.0,0.0,0.0,5.625,1.75592,1.0,1.0,Nothing,seated
3.20337,32,-0.622705,-0.229922,-9.84832,0.0149137,0.0609864,0.0266316,0.0,0.0,0.0,0.0,5.80078,1.75607,1.0,1.0,Nothing,seated
3.30348,33,-0.728086,-0.325723,-9.73336,0.0154463,0.04048,0.0111853,0.0,0.0,0.0,0.0,5.97656,1.75593,1.0,1.0,Nothing,seated
3.40358,34,-1.31247,-0.306563,-9.5705,0.0135821,0.00639159,0.0548611,0.0,0.0,0.0,0.0,5.97656,0.0,1.0,1.0,Nothing,seated
3.50368,35,-1.29331,-0.373623,-9.60882,-0.000532632,-0.0287621,0.072438,0.0,0.0,0.0,0.0,5.625,-3.51208,1.0,1.0,Nothing,seated
3.6038,36,-1.46575,-0.373623,-9.6663,0.0098537,-0.0854875,-0.00133158,0.0,0.0,0.0,0.0,4.92188,-7.02317,1.0,1.0,Nothing,seated
3.7039,37,-1.43701,-0.268242,-9.65672,0.0170442,-0.146474,-0.0287621,0.0,0.0,0.0,0.0,3.86719,-10.5362,1.0,1.0,Nothing,seated
3.804,38,-1.45617,-0.229922,-9.7142,0.0162453,-0.190416,0.026099,0.0,0.0,0.0,0.0,2.8125,-10.5358,1.0,1.0,Nothing,seated
3.90412,39,-1.43701,-0.239502,-9.75252,0.00372843,-0.214651,0.04048,0.0,0.0,0.0,0.0,1.40625,-14.0461,1.0,1.0,Nothing,seated
4.00421,40,-1.41785,-0.258662,-9.79084,0.010919,-0.233559,0.0,0.0,0.0,0.0,0.0,0.0,-14.0497,1.0,1.0,Nothing,seated
4.10431,41,-1.44659,-0.268242,-9.72378,0.01518,-0.233293,-0.0130495,0.0,0.0,0.0,0.0,-1.23047,-12.2923,1.0,1.0,Nothing,seated
4.20441,42,-1.39869,-0.325723,-9.7621,0.0135821,-0.215183,0.0234358,0.0,0.0,0.0,0.0,-2.46094,-12.2923,1.0,1.0,Nothing,seated
4.30452,43,-1.41785,-0.325723,-9.7621,0.0114516,-0.178165,0.0253,0.0,0.0,0.0,0.0,-3.51562,-10.536,1.0,1.0,Nothing,seated
4.40462,44,-1.41785,-0.344883,-9.69504,0.0178432,-0.129696,0.00239685,0.0,0.0,0.0,0.0,-4.39453,-8.77965,1.0,1.0,Nothing,seated
4.50471,45,-1.36995,-0.325723,-9.68546,0.0106526,-0.077498,-0.00319579,0.0,0.0,0.0,0.0,-4.74609,-3.51247,1.0,1.0,Nothing,seated
4.60482,46,-1.42743,-0.287402,-9.65672,0.0167779,-0.026099,0.0255663,0.0,0.0,0.0,0.0,-4.92188,-1.75599,1.0,1.0,Nothing,seated
4.70493,47,-1.38911,-0.287402,-9.67588,0.0117179,0.0348874,0.0221042,0.0,0.0,0.0,0.0,-4.74609,1.75576,1.0,1.0,Nothing,seated
4.80504,48,-1.40827,-0.229922,-9.70462,0.0170442,0.108657,0.00426106,0.0,0.0,0.0,0.0,-4.04297,7.02396,1.0,1.0,Nothing,seated
4.90512,49,-1.42743,-0.258662,-9.73336,0.015979,0.145675,0.0138484,0.0,0.0,0.0,0.0,-3.51562,5.26886,1.0,1.0,Nothing,seated
5.00523,50,-1.43701,-0.296982,-9.72378,0.0133158,0.202134,0.0189084,0.0,0.0,0.0,0.0,-2.46094,10.5359,1.0,1.0,Nothing,seated
5.10533,51,-1.42743,-0.296982,-9.84832,0.0130495,0.238353,0.00452737,0.0,0.0,0.0,0.0,-1.05469,14.048,1.0,1.0,Nothing,seated
5.20542,52,-1.43701,-0.325723,-9.75252,0.0173105,0.256196,0.0098537,0.0,0.0,0.0,0.0,0.527344,15.8058,1.0,1.0,Nothing,seated
5.30551,53,-1.41785,-0.316143,-9.7621,0.021039,0.261522,0.0167779,0.0,0.0,0.0,0.0,1.40625,8.78124,1.0,1.0,Nothing,seated
5.40562,54,-1.46575,-0.306563,-9.74294,0.0154463,0.255131,0.0223706,0.0,0.0,0.0,0.0,2.8125,14.0476,1.0,1.0,Nothing,seated
5.50572,55,-1.40827,-0.268242,-9.74294,0.0138484,0.238353,0.0119842,0.0,0.0,0.0,0.0,4.04297,12.2917,1.0,1.0,Nothing,seated
5.60583,56,-1.43701,-0.229922,-9.69504,0.0170442,0.204264,0.0146474,0.0,0.0,0.0,0.0,4.92188,8.78011,1.0,1.0,Nothing,seated
5.70593,57,-1.47533,-0.258662,-9.68546,0.0197074,0.157393,0.0141148,0.0,0.0,0.0,0.0,5.625,7.02394,1.0,1.0,Nothing,seated
5.80603,58,-1.37953,-0.277822,-9.65672,0.0162453,0.103064,0.0135821,0.0,0.0,0.0,0.0,5.97656,3.51197,1.0,1.0,Nothing,seated
5.90614,59,-1.44659,-0.296982,-9.6184,0.015979,0.0447411,0.00958738,0.0,0.0,0.0,0.0,5.97656,0.0,1.0,1.0,Nothing,seated
6.00624,60,-1.43701,-0.335303,-9.6184,0.00905475,-0.0178432,0.010919,0.0,0.0,0.0,0.0,5.80078,-1.75599,1.0,1.0,Nothing,seated
6.10634,61,-1.39869,-0.306563,-9.63756,0.00692422,-0.0756338,0.0133158,0.0,0.0,0.0,0.0,5.09766,-7.02429,1.0,1.0,Nothing,seated
6.20645,62,-1.41785,-0.306563,-9.69504,0.015979,-0.132093,0.0111853,0.0,0.0,0.0,0.0,4.39453,-7.02367,1.0,1.0,Nothing,seated
6.30656,63,-1.43701,-0.277822,-9.69504,0.00798948,-0.173638,0.0106526,0.0,0.0,0.0,0.0,3.16406,-12.291,1.0,1.0,Nothing,seated
6.40666,64,-1.44659,-0.306563,-9.73336,0.0119842,-0.20746,0.0173105,0.0,0.0,0.0,0.0,1.93359,-12.2919,1.0,1.0,Nothing,seated
6.50676,65,-1.41785,-0.296982,-9.74294,0.0119842,-0.222907,0.0125169,0.0,0.0,0.0,0.0,0.527344,-14.0484,1.0,1.0,Nothing,seated
6.60686,66,-1.41785,-0.268242,-9.77168,0.01518,-0.226102,0.0106526,0.0,0.0,0.0,0.0,-0.878906,-14.0485,1.0,1.0,Nothing,seated
6.70696,67,-1.43701,-0.268242,-9.74294,0.0130495,-0.212254,0.0135821,0.0,0.0,0.0,0.0,-1.93359,-10.5367,1.0,1.0,Nothing,seated
6.80706,68,-1.42743,-0.316143,-9.74294,0.00852212,-0.18722,0.0119842,0.0,0.0,0.0,0.0,-3.16406,-12.2919,1.0,1.0,Nothing,seated
6.90717,69,-1.43701,-0.344883,-9.73336,0.0119842,-0.154197,0.00692422,0.0,0.0,0.0,0.0,-4.04297,-8.77986,1.0,1.0,Nothing,seated
7.00727,70,-1.42743,-0.325723,-9.6663,0.0135821,-0.087618,0.0141148,0.0,0.0,0.0,0.0,-4.57031,-5.26812,1.0,1.0,Nothing,seated
7.10737,71,-1.42743,-0.296982,-9.69504,0.0125169,-0.0444748,0.0130495,0.0,0.0,0.0,0.0,-4.92188,-3.51215,1.0,1.0,Nothing,seated
7.20748,72,-1.38911,-0.277822,-9.6663,0.0135821,0.0141148,0.0141148,0.0,0.0,0.0,0.0,-4.74609,1.75585,1.0,1.0,Nothing,seated
7.30759,73,-1.42743,-0.277822,-9.69504,0.00905475,0.0900148,0.0098537,0.0,0.0,0.0,0.0,-4.04297,7.02352,1.0,1.0,Nothing,seated
7.40767,74,-1.40827,-0.258662,-9.73336,0.0127832,0.127033,0.0154463,0.0,0.0,0.0,0.0,-3.69141,3.51278,1.0,1.0,Nothing,seated
7.50777,75,-1.39869,-0.277822,-9.7142,0.0149137,0.178165,0.0141148,0.0,0.0,0.0,0.0,-2.8125,8.7802,1.0,1.0,Nothing,seated
7.60781,76,-1.41785,-0.287402,-9.78126,0.0135821,0.219977,0.0170442,0.0,0.0,0.0,0.0,-1.58203,12.2995,1.0,1.0,Nothing,seated
7.70791,77,-1.42743,-0.306563,-9.84832,0.0125169,0.246076,0.0098537,0.0,0.0,0.0,0.0,-0.175781,14.0484,1.0,1.0,Nothing,seated
7.80801,78,-1.42743,-0.325723,-9.74294,0.0181095,0.257528,0.0178432,0.0,0.0,0.0,0.0,0.878906,10.5367,1.0,1.0,Nothing,seated
7.90812,79,-1.43701,-0.296982,-9.84832,0.0141148,0.259126,0.0183758,0.0,0.0,0.0,0.0,2.28516,14.0472,1.0,1.0,Nothing,seated
8.00822,80,-1.41785,-0.296982,-9.70462,0.015979,0.241282,0.0111853,0.0,0.0,0.0,0.0,3.51562,12.2918,1.0,1.0,Nothing,seated
8.10834,81,-1.43701,-0.258662,-9.70462,0.0130495,0.211455,0.0167779,0.0,0.0,0.0,0.0,4.39453,8.77936,1.0,1.0,Nothing,seated
8.20844,82,-1.42743,-0.296982,-9.6663,0.0191748,0.172839,0.0183758,0.0,0.0,0.0,0.0,5.27344,8.77963,1.0,1.0,Nothing,seated
8.30855,83,-1.41785,-0.268242,-9.62798,0.0130495,0.119576,0.0154463,0.0,0.0,0.0,0.0,5.80078,5.26763,1.0,1.0,Nothing,seated
8.40866,84,-1.42743,-0.296982,-9.63756,0.0119842,0.0631169,0.0098537,0.0,0.0,0.0,0.0,5.97656,1.75591,1.0,1.0,Nothing,seated
8.50877,85,-1.42743,-0.296982,-9.64714,0.0111853,0.000266316,0.0114516,0.0,0.0,0.0,0.0,5.80078,-1.7559,1.0,1.0,Nothing,seated
8.60881,86,-1.43701,-0.344883,-9.60882,0.0106526,-0.0556601,0.00852212,0.0,0.0,0.0,0.0,5.44922,-3.51415,1.0,1.0,Nothing,seated
8.70892,87,-1.45617,-0.268242,-9.7142,0.0162453,-0.108923,0.0191748,0.0,0.0,0.0,0.0,4.57031,-8.77971,1.0,1.0,Nothing,seated
8.80902,88,-1.38911,-0.268242,-9.69504,0.0098537,-0.160855,0.0157127,0.0,0.0,0.0,0.0,3.51562,-10.5361,1.0,1.0,Nothing,seated
8.90913,89,-1.43701,-0.277822,-9.73336,0.0117179,-0.191748,0.0114516,0.0,0.0,0.0,0.0,2.46094,-10.5357,1.0,1.0,Nothing,seated
9.00924,90,-1.47533,-0.258662,-9.7621,0.0098537,-0.212254,0.0135821,0.0,0.0,0.0,0.0,1.05469,-14.0468,1.0,1.0,Nothing,seated
9.10934,91,-1.46575,-0.277822,-9.7621,0.00719053,-0.218912,0.00372843,0.0,0.0,0.0,0.0,-0.527344,-15.8041,1.0,1.0,Nothing,seated
9.20943,92,-1.44659,-0.277822,-9.84832,0.00958738,-0.21758,0.010919,0.0,0.0,0.0,0.0,-1.58203,-10.538,1.0,1.0,Nothing,seated
9.30953,93,-1.42743,-0.287402,-9.77168,0.01012,-0.195742,0.00905475,0.0,0.0,0.0,0.0,-2.63672,-10.5356,1.0,1.0,Nothing,seated
9.40964,94,-1.43701,-0.306563,-9.70462,0.01012,-0.161654,0.0106526,0.0,0.0,0.0,0.0,-3.51562,-8.7795,1.0,1.0,Nothing,seated
9.50975,95,-1.41785,-0.296982,-9.70462,0.0119842,-0.118244,0.0117179,0.0,0.0,0.0,0.0,-4.39453,-8.77953,1.0,1.0,Nothing,seated
9.60981,96,-1.42743,-0.296982,-9.65672,0.00798948,-0.0639159,0.0125169,0.0,0.0,0.0,0.0,-4.74609,-3.51343,1.0,1.0,Nothing,seated
9.70992,97,-1.41785,-0.277822,-9.69504,0.0117179,0.00559264,0.0125169,0.0,0.0,0.0,0.0,-4.74609,0.0,1.0,1.0,Nothing,seated
9.81001,98,-1.38911,-0.258662,-9.70462,0.0130495,0.0532632,0.00958738,0.0,0.0,0.0,0.0,-4.57031,1.7563,1.0,1.0,Nothing,seated
9.91012,99,-1.44659,-0.316143,-9.68546,0.00852212,0.115848,0.015979,0.0,0.0,0.0,0.0,-4.04297,5.26744,1.0,1.0,Nothing,seated
10.0102,100,-1.42743,-0.277822,-9.69504,0.0111853,0.160589,0.0181095,0.0,0.0,0.0,0.0,-3.16406,8.77967,1.0,1.0,Nothing,seated
10.1103,101,-1.37953,-0.287402,-9.70462,0.0157127,0.205063,0.0133158,0.0,0.0,0.0,0.0,-2.10938,10.5359,1.0,1.0,Nothing,seated
10.2104,102,-1.42743,-0.287402,-9.78126,0.010919,0.232494,0.0135821,0.0,0.0,0.0,0.0,-0.878906,12.2923,1.0,1.0,Stop,seated
10.3105,103,-1.41785,-0.296982,-9.84832,0.0170442,0.256729,0.010919,0.0,0.0,0.0,0.0,0.703125,15.8053,1.0,1.0,Stop,seated
10.4106,104,-1.45617,-0.287402,-9.74294,0.0181095,0.254066,0.0133158,0.0,0.0,0.0,0.0,1.75781,10.5393,1.0,1.0,Stop,seated
10.5107,105,-1.45617,-0.258662,-9.77168,0.0149137,0.240483,0.0133158,0.0,0.0,0.0,0.0,2.98828,12.2939,1.0,1.0,Stop,seated
10.6108,106,-1.41785,-0.287402,-9.73336,0.0191748,0.219444,0.0189084,0.0,0.0,0.0,0.0,4.21875,12.2937,1.0,1.0,Stop,seated
10.7108,107,-1.44659,-0.258662,-9.70462,0.0149137,0.181095,0.0146474,0.0,0.0,0.0,0.0,4.92188,7.02985,1.0,1.0,Stop,seated
10.8109,108,-1.36037,-0.296982,-9.62798,0.0183758,0.135289,0.0167779,0.0,0.0,0.0,0.0,5.625,7.02496,1.0,1.0,Stop,seated
10.926,109,-1.40827,-0.277822,-9.64714,0.00932106,0.0692422,0.0162453,0.0,0.0,0.0,0.0,5.80078,1.52734,1.0,1.0,Stop,seated
11.0261,110,-1.42743,-0.296982,-9.6663,0.0149137,0.0231695,0.0157127,0.0,0.0,0.0,0.0,5.80078,0.0,1.0,1.0,Stop,seated
11.1262,111,-1.44659,-0.296982,-9.62798,0.00905475,-0.0364853,0.0125169,0.0,0.0,0.0,0.0,5.44922,-3.51232,1.0,1.0,Stop,seated
11.2263,112,-1.43701,-0.287402,-9.62798,0.00585895,-0.101999,0.00852212,0.0,0.0,0.0,0.0,4.57031,-8.78095,1.0,1.0,Stop,seated
11.3263,113,-1.42743,-0.287402,-9.70462,0.00772317,-0.147805,0.00772317,0.0,0.0,0.0,0.0,3.69141,-8.78262,1.0,1.0,Stop,seated
11.4264,114,-1.45617,-0.277822,-9.70462,0.0098537,-0.1771,0.0127832,0.0,0.0,0.0,0.0,2.63672,-10.5373,1.0,1.0,Stop,seated
11.5265,115,-1.39869,-0.287402,-9.78126,0.0106526,-0.2024,0.00932106,0.0,0.0,0.0,0.0,1.40625,-12.2936,1.0,1.0,Stop,seated
11.6266,116,-1.43701,-0.287402,-9.84832,0.0157127,-0.218912,0.00958738,0.0,0.0,0.0,0.0,0.0,-14.0495,1.0,1.0,Stop,seated
11.7267,117,-1.42743,-0.287402,-9.78126,0.0106526,-0.213053,0.0154463,0.0,0.0,0.0,0.0,-1.23047,-12.2936,1.0,1.0,Stop,seated
11.8268,118,-1.42743,-0.287402,-9.74294,0.00905475,-0.195476,0.00878843,0.0,0.0,0.0,0.0,-2.46094,-12.2944,1.0,1.0,Stop,seated
11.9269,119,-1.44659,-0.344883,-9.73336,0.0114516,-0.161388,0.0146474,0.0,0.0,0.0,0.0,-3.33984,-8.78149,1.0,1.0,Stop,seated
12.071,120,-1.26457,0.0191602,-9.84832,0.021039,-0.131294,0.0878843,0.0,0.0,0.0,0.0,-4.39453,-7.31853,1.0,1.0,Stop,extended
12.1711,121,1.01549,-1.20709,-9.58008,0.0785633,-1.53078,-0.18722,0.0,0.0,0.0,0.0,-4.74609,-3.51255,1.0,1.0,Stop,extended
12.2712,122,-4.17691,-0.890947,-7.66406,-0.0553938,-2.53347,0.0567253,0.0,0.0,0.0,0.0,-4.74609,0.0,1.0,1.0,Stop,extended
12.3712,123,-13.1247,-0.0287402,-9.2831,0.0695085,-0.611462,-0.115848,0.0,0.0,0.0,0.0,-4.57031,1.75635,1.0,1.0,Stop,extended
12.4713,124,-4.60802,-0.201182,-7.13716,0.00585895,0.0223706,-0.0117179,0.0,0.0,0.0,0.0,-4.04297,5.26858,1.0,1.0,Stop,extended
12.5714,125,-6.13125,-0.574805,-7.65448,-0.0157127,0.296942,0.0713727,0.0,0.0,0.0,0.0,-3.16406,8.7808,1.0,1.0,Stop,extended
12.6715,126,-6.61025,-0.0862207,-7.20422,-0.0181095,0.208526,0.0737696,0.0,0.0,0.0,0.0,-2.10938,10.5369,1.0,1.0,Stop,extended
12.7716,127,-6.28453,-0.229922,-7.5012,0.00479369,0.249805,0.0245011,0.0,0.0,0.0,0.0,-0.878906,12.2927,1.0,1.0,Stop,extended
12.8717,128,-6.00671,-0.201182,-7.82692,0.0508664,0.188552,-0.0223706,0.0,0.0,0.0,0.0,0.351562,12.2933,1.0,1.0,Stop,extended
12.9718,129,-6.03545,-0.0574805,-7.52994,0.0442085,0.207194,-0.0146474,0.0,0.0,0.0,0.0,1.58203,12.2934,1.0,1.0,Stop,extended
13.0719,130,-5.74805,-0.124541,-7.56826,0.00745685,0.18003,0.0279632,0.0,0.0,0.0,0.0,2.8125,12.2926,1.0,1.0,Stop,extended
13.2085,131,-5.67141,-0.220342,-7.36708,-0.00692422,0.175236,-0.00452737,0.0,0.0,0.0,0.0,4.21875,10.297,1.0,1.0,Stop,seated
13.3086,132,-7.53952,0.0191602,-7.2138,0.0793622,0.836233,-0.02024,0.0,0.0,0.0,0.0,4.74609,5.26857,1.0,1.0,Stop,seated
13.4087,133,-7.19464,0.0958008,-6.10251,0.0711064,2.37155,0.0868191,0.0,0.0,0.0,0.0,5.09766,3.51241,1.0,1.0,Stop,seated
13.5087,134,-0.316143,-1.14961,-9.02443,0.240217,2.69246,0.109722,0.0,0.0,0.0,0.0,5.44922,3.51248,1.0,1.0,Stop,seated
13.6088,135,-2.49082,-0.622705,-11.1991,-0.0117179,-0.620783,0.131826,0.0,0.0,0.0,0.0,5.44922,0.0,1.0,1.0,Stop,seated
13.7089,136,-0.977168,-0.373623,-9.44596,-0.0284958,0.491087,-0.0452737,0.0,0.0,0.0,0.0,4.92188,-5.26874,1.0,1.0,Stop,seated
13.809,137,-1.44659,-0.373623,-9.27352,0.0359527,-0.345945,-0.0410127,0.0,0.0,0.0,0.0,4.21875,-7.02493,1.0,1.0,Stop,seated
13.9091,138,-1.04423,-0.114961,-9.35974,0.0314253,-0.0340885,0.0551274,0.0,0.0,0.0,0.0,3.16406,-10.5373,1.0,1.0,Stop,seated
14.0092,139,-1.48491,-0.296982,-9.84832,0.00452737,-0.184291,0.0383495,0.0,0.0,0.0,0.0,2.10938,-10.5378,1.0,1.0,Stop,seated
14.1093,140,-1.50407,-0.411943,-9.97286,0.0015979,-0.230363,-0.0183758,0.0,0.0,0.0,0.0,0.878906,-12.2933,1.0,1.0,Stop,seated
14.2093,141,-1.49449,-0.344883,-9.91538,0.00772317,-0.219444,-0.0015979,0.0,0.0,0.0,0.0,-0.703125,-15.8061,1.0,1.0,Stop,seated
14.364,142,-1.40827,-0.114961,-10.0399,0.010919,-0.211189,0.0508664,0.0,0.0,0.0,0.0,-2.10938,-9.09271,1.0,1.0,Stop,extended
14.4641,143,0.977168,-1.13045,-8.44005,0.0106526,-1.97873,-0.119842,0.0,0.0,0.0,0.0,-2.98828,-8.78086,1.0,1.0,Stop,extended
14.5642,144,-5.18282,0.306563,-7.3575,-0.0647148,-2.91297,-0.0543285,0.0,0.0,0.0,0.0,-3.86719,-8.78128,1.0,1.0,Stop,extended
14.6643,145,-9.08191,-0.124541,-7.84608,0.04048,-1.14223,-0.0732369,0.0,0.0,0.0,0.0,-4.39453,-5.26841,1.0,1.0,Stop,extended
14.7644,146,-4.44516,-0.565225,-7.52036,0.00798948,0.168045,-0.0772317,0.0,0.0,0.0,0.0,-4.74609,-3.51269,1.0,1.0,Stop,extended
14.8645,147,-6.20789,-0.498164,-7.85566,-0.0279632,0.150735,0.0492685,0.0,0.0,0.0,0.0,-4.57031,1.75617,1.0,1.0,Stop,extended
14.9645,148,-6.61983,-0.268242,-7.9323,-0.0221042,0.102265,0.0759001,0.0,0.0,0.0,0.0,-4.04297,5.26857,1.0,1.0,Stop,extended
15.0646,149,-6.34201,-0.249082,-7.70238,0.0194411,0.0878843,0.0439422,0.0,0.0,0.0,0.0,-3.51562,5.26867,1.0,1.0,Stop,extended
15.1647,150,-5.94923,-0.191602,-7.32876,0.0620517,0.106526,-0.0135821,0.0,0.0,0.0,0.0,-2.63672,8.78084,1.0,1.0,Stop,extended
15.2648,151,-5.89175,-0.0958008,-7.39582,0.0423443,0.156328,-0.0015979,0.0,0.0,0.0,0.0,-1.58203,10.5368,1.0,1.0,Stop,extended
15.3649,152,-5.97797,-0.162861,-7.5012,0.0,0.221042,0.015979,0.0,0.0,0.0,0.0,-0.351562,12.2938,1.0,1.0,Stop,extended
15.4902,153,-6.86892,-0.210762,-7.49162,-0.0125169,0.21039,0.0284958,0.0,0.0,0.0,0.0,1.40625,14.0285,1.0,1.0,Stop,seated
15.5903,154,-7.71196,-0.114961,-7.48204,0.104662,0.757669,0.0170442,0.0,0.0,0.0,0.0,2.28516,8.78155,1.0,1.0,Stop,seated
15.6904,155,-7.32876,0.622705,-8.87115,0.0793622,2.49405,0.0511327,0.0,0.0,0.0,0.0,3.33984,10.5373,1.0,1.0,Stop,seated
15.7905,156,0.201182,-0.574805,-7.85566,0.112918,3.02269,0.0508664,0.0,0.0,0.0,0.0,4.39453,10.5373,1.0,1.0,Stop,seated
15.8906,157,-1.93518,-0.392783,-10.4614,-0.0402137,-0.476706,0.131028,0.0,0.0,0.0,0.0,5.09766,7.02456,1.0,1.0,Stop,seated
15.9907,158,-0.938848,-0.258662,-9.2831,-0.00319579,0.621049,0.0066579,0.0,0.0,0.0,0.0,5.27344,1.75621,1.0,1.0,Stop,seated
16.0908,159,-1.15919,-0.134121,-9.16813,0.03542,-0.235956,-0.0527306,0.0,0.0,0.0,0.0,5.27344,0.0,1.0,1.0,Stop,seated
16.1909,160,-0.948428,-0.0383203,-9.43638,0.0098537,0.103597,0.0367516,0.0,0.0,0.0,0.0,5.09766,-1.75619,1.0,1.0,Stop,seated
16.2909,161,-1.62861,-0.354463,-9.84832,-0.00452737,-0.0918791,0.0516653,0.0,0.0,0.0,0.0,4.57031,-5.26844,1.0,1.0,Stop,seated
16.391,162,-1.64777,-0.364043,-9.8579,0.01518,-0.160855,-0.00106526,0.0,0.0,0.0,0.0,3.69141,-8.78099,1.0,1.0,Stop,seated
16.4911,163,-1.48491,-0.277822,-9.84832,0.0130495,-0.175236,-0.0149137,0.0,0.0,0.0,0.0,2.8125,-8.78132,1.0,1.0,Stop,seated
16.606,164,-1.53281,-0.0479004,-10.0687,0.00292948,-0.209591,0.0490022,0.0,0.0,0.0,0.0,1.58203,-10.7134,1.0,1.0,Stop,extended
16.7061,165,1.63819,-0.584385,-9.18729,0.0258327,-2.03306,-0.128098,0.0,0.0,0.0,0.0,0.351562,-12.2934,1.0,1.0,Stop,extended
16.8062,166,-6.49529,-0.555645,-7.09884,-0.0242348,-3.02162,-0.0178432,0.0,0.0,0.0,0.0,-0.878906,-12.2934,1.0,1.0,Stop,extended
16.9063,167,-8.92863,0.699346,-9.58966,0.0591222,-1.06207,-0.0902812,0.0,0.0,0.0,0.0,-1.93359,-10.5369,1.0,1.0,Stop,extended
17.0064,168,-4.21523,-0.536484,-7.43414,0.0239685,-0.0199737,-0.0447411,0.0,0.0,0.0,0.0,-2.98828,-10.5371,1.0,1.0,Stop,extended
17.1064,169,-7.41498,-0.411943,-7.85566,-0.0468716,0.0332895,0.0671117,0.0,0.0,0.0,0.0,-3.86719,-8.78095,1.0,1.0,Stop,extended
17.2065,170,-7.03178,-0.268242,-7.95147,-0.0418116,-0.0300937,0.0836233,0.0,0.0,0.0,0.0,-4.21875,-3.5123,1.0,1.0,Stop,extended
17.3066,171,-6.43781,-0.296982,-7.70238,0.00639159,-0.0697748,0.0316916,0.0,0.0,0.0,0.0,-4.39453,-1.75611,1.0,1.0,Stop,extended
17.4067,172,-5.91091,-0.201182,-7.30002,0.0583232,-0.0450074,-0.021039,0.0,0.0,0.0,0.0,-4.39453,0.0,1.0,1.0,Stop,extended
17.5068,173,-5.51813,-0.124541,-7.3575,0.0428769,0.0146474,-0.0157127,0.0,0.0,0.0,0.0,-4.04297,3.51267,1.0,1.0,Stop,extended
17.6069,174,-5.58519,-0.124541,-7.4533,0.0130495,0.0993359,0.0213053,0.0,0.0,0.0,0.0,-3.51562,5.26871,1.0,1.0,Stop,extended
17.721,175,-6.21747,-0.258662,-7.4054,-0.0167779,0.184024,0.03036,0.0,0.0,0.0,0.0,-2.46094,9.24541,1.0,1.0,Stop,seated
17.8211,176,-7.48204,-0.124541,-7.49162,0.0553938,0.77205,0.0223706,0.0,0.0,0.0,0.0,-1.58203,8.78088,1.0,1.0,Stop,seated
17.9212,177,-5.59477,0.325723,-7.09884,0.0759001,2.49006,0.0503337,0.0,0.0,0.0,0.0,-0.351562,12.2935,1.0,1.0,Stop,seated
18.0213,178,3.33387,-0.881367,-8.74661,0.102798,3.11324,0.0346211,0.0,0.0,0.0,0.0,0.878906,12.2933,1.0,1.0,Stop,seated
18.1213,179,-1.84896,-0.191602,-10.0112,-0.026099,-0.242081,0.11931,0.0,0.0,0.0,0.0,2.28516,14.0495,1.0,1.0,Stop,seated
18.2214,180,-1.13045,-0.306563,-9.7142,-0.0135821,0.704939,-0.0175769,0.0,0.0,0.0,0.0,3.33984,10.5372,1.0,1.0,Stop,seated
18.3215,181,-1.16877,-0.210762,-9.55134,0.0410127,-0.0221042,-0.0420779,0.0,0.0,0.0,0.0,4.04297,7.02467,1.0,1.0,Stop,seated
18.4216,182,-1.00591,-0.210762,-9.40764,0.0250337,0.235956,0.0367516,0.0,0.0,0.0,0.0,4.74609,7.02467,1.0,1.0,Stop,seated
18.5217,183,-1.39869,-0.172441,-9.58966,0.00639159,0.0753675,0.0548611,0.0,0.0,0.0,0.0,5.27344,5.26854,1.0,1.0,Stop,seated
18.6218,184,-1.36037,-0.373623,-9.6663,0.0066579,0.00452737,-0.00506001,0.0,0.0,0.0,0.0,5.44922,1.7563,1.0,1.0,Stop,seated
18.7219,185,-1.47533,-0.287402,-9.70462,0.015979,-0.0292948,-0.00239685,0.0,0.0,0.0,0.0,5.09766,-3.51254,1.0,1.0,Stop,seated
18.8735,186,-1.34121,-0.153281,-10.8063,0.00532632,-0.140082,0.0729706,0.0,0.0,0.0,0.0,4.39453,-4.63877,1.0,1.0,Stop,extended
18.9736,187,0.105381,-0.890947,-8.94779,0.0167779,-1.79604,-0.112918,0.0,0.0,0.0,0.0,3.51562,-8.78084,1.0,1.0,Stop,extended
19.0736,188,-4.21523,-0.450264,-7.597,-0.00213053,-2.90231,0.0468716,0.0,0.0,0.0,0.0,2.46094,-10.5384,1.0,1.0,Stop,extended
19.1737,189,-9.16813,-0.737666,-8.16223,0.0378169,-1.18058,-0.111586,0.0,0.0,0.0,0.0,1.23047,-12.2929,1.0,1.0,Stop,extended
19.2738,190,-4.30146,-0.440684,-7.17548,0.0396811,-0.0588559,-0.0553938,0.0,0.0,0.0,0.0,0.0,-12.2966,1.0,1.0,Stop,extended
19.3739,191,-6.66773,-0.182021,-7.1659,-0.00532632,0.0162453,0.0697748,0.0,0.0,0.0,0.0,-1.23047,-12.2938,1.0,1.0,Stop,extended
19.474,192,-6.84018,-0.296982,-8.08559,-0.0175769,-0.12943,0.0894822,0.0,0.0,0.0,0.0,-2.28516,-10.5368,1.0,1.0,Stop,extended
19.5741,193,-6.25579,-0.210762,-7.65448,0.0117179,-0.206661,0.0386158,0.0,0.0,0.0,0.0,-3.16406,-8.78051,1.0,1.0,Stop,extended
19.6742,194,-5.69057,-0.191602,-7.2617,0.0460727,-0.195476,-0.0258327,0.0,0.0,0.0,0.0,-3.86719,-7.02488,1.0,1.0,Stop,extended
19.7743,195,-5.48939,-0.0383203,-7.32876,0.0306264,-0.134756,-0.0205063,0.0,0.0,0.0,0.0,-4.39453,-5.26849,1.0,1.0,Stop,extended
19.8744,196,-5.65225,-0.201182,-7.43414,-0.00559264,-0.0292948,0.0173105,0.0,0.0,0.0,0.0,-4.57031,-1.75623,1.0,1.0,Stop,extended
19.9935,197,-6.04503,-0.296982,-7.2617,-0.0199737,0.0332895,0.0348874,0.0,0.0,0.0,0.0,-4.39453,1.47578,1.0,1.0,Stop,seated
20.0936,198,-9.04359,-0.172441,-8.41131,0.092678,0.774714,-0.0420779,0.0,0.0,0.0,0.0,-4.04297,3.51233,1.0,1.0,Stop,seated
20.1937,199,-7.7886,0.153281,-7.70238,0.0817591,2.54199,-0.00878843,0.0,0.0,0.0,0.0,-3.33984,7.02486,1.0,1.0,Stop,seated
20.2938,200,-0.450264,-0.728086,-9.01485,0.234358,2.8107,0.0790959,0.0,0.0,0.0,0.0,-2.28516,10.5371,1.0,1.0,Stop,seated
20.3938,201,-2.692,-0.565225,-10.3465,-0.0950749,-0.294812,0.132359,0.0,0.0,0.0,0.0,-1.05469,12.2992,1.0,1.0,Stop,seated
20.4939,202,-1.54239,-0.411943,-9.84832,-0.0271642,0.654605,-0.0426106,0.0,0.0,0.0,0.0,0.351562,14.0497,1.0,1.0,Stop,seated
20.594,203,-1.50407,-0.325723,-9.46512,0.041279,0.00292948,-0.0418116,0.0,0.0,0.0,0.0,1.23047,8.78266,1.0,1.0,Stop,seated
20.694,204,-1.67651,-0.344883,-9.59924,0.00506001,0.317715,0.0436758,0.0,0.0,0.0,0.0,2.46094,12.2934,1.0,1.0,Stop,seated
20.7941,205,-1.63819,-0.364043,-9.78126,0.01518,0.215183,0.0484695,0.0,0.0,0.0,0.0,3.51562,10.5374,1.0,1.0,Stop,seated
20.8942,206,-1.32205,-0.229922,-9.7142,0.010919,0.151268,-0.00452737,0.0,0.0,0.0,0.0,4.39453,8.78141,1.0,1.0,Stop,seated
20.9943,207,-1.28373,-0.306563,-9.60882,0.0178432,0.110255,-0.0194411,0.0,0.0,0.0,0.0,4.92188,5.26849,1.0,1.0,Stop,seated
21.1101,208,-0.948428,-0.459844,-9.5705,0.0114516,0.0545948,0.0348874,0.0,0.0,0.0,0.0,5.44922,4.55534,1.0,1.0,Stop,extended
21.2102,209,0.536484,-2.29922,-9.09149,-0.0460727,-1.26287,-0.149403,0.0,0.0,0.0,0.0,5.44922,0.0,1.0,1.0,Stop,extended
21.3103,210,-4.86668,-0.479004,-8.21013,-0.0125169,-2.64558,0.046339,0.0,0.0,0.0,0.0,4.92188,-5.26823,1.0,1.0,Stop,extended
21.4103,211,-9.2352,-0.708926,-8.40173,0.061519,-1.55848,-0.0428769,0.0,0.0,0.0,0.0,4.39453,-5.27011,1.0,1.0,Stop,extended
21.5104,212,-4.60802,0.0191602,-7.3096,0.0495348,0.124103,-0.120908,0.0,0.0,0.0,0.0,3.51562,-8.78099,1.0,1.0,Stop,extended
21.6105,213,-6.80186,-0.373623,-7.70238,-0.0386158,-0.0838896,0.0338221,0.0,0.0,0.0,0.0,2.46094,-10.537,1.0,1.0,Stop,extended
21.7106,214,-6.8306,-0.258662,-8.04727,-0.0306264,-0.226901,0.0945422,0.0,0.0,0.0,0.0,1.40625,-10.5372,1.0,1.0,Stop,extended
21.8107,215,-6.35159,-0.306563,-7.67364,-0.000532632,-0.291882,0.0484695,0.0,0.0,0.0,0.0,0.175781,-12.2932,1.0,1.0,Stop,extended
21.9108,216,-6.06419,-0.201182,-7.4533,0.0474043,-0.272708,-0.0242348,0.0,0.0,0.0,0.0,-1.05469,-12.2946,1.0,1.0,Stop,extended
22.0109,217,-5.46064,-0.134121,-7.08926,0.046339,-0.209058,-0.0346211,0.0,0.0,0.0,0.0,-2.28516,-12.2927,1.0,1.0,Stop,extended
22.111,218,-5.64267,-0.105381,-7.22338,0.00559264,-0.132093,0.00852212,0.0,0.0,0.0,0.0,-3.16406,-8.78097,1.0,1.0,Stop,extended
22.2257,219,-6.39949,-0.182021,-7.36708,-0.0154463,-0.117445,0.0324906,0.0,0.0,0.0,0.0,-3.86719,-6.12823,1.0,1.0,Stop,seated
22.3258,220,-7.41498,0.517324,-7.24254,0.0450074,0.610663,0.0213053,0.0,0.0,0.0,0.0,-4.57031,-7.02551,1.0,1.0,Stop,seated
22.4259,221,-5.07744,-0.0191602,-7.71196,0.0511327,2.37341,0.0420779,0.0,0.0,0.0,0.0,-4.74609,-1.75633,1.0,1.0,Stop,seated
22.526,222,1.94476,-0.900527,-10.404,0.0894822,2.76729,0.0175769,0.0,0.0,0.0,0.0,-4.39453,3.5124,1.0,1.0,Stop,seated
22.6261,223,-2.6441,-0.785566,-9.92496,-0.0287621,-0.544883,0.103331,0.0,0.0,0.0,0.0,-3.86719,5.26859,1.0,1.0,Stop,seated
22.7262,224,-1.01549,-0.0383203,-9.63756,-0.0170442,0.699346,-0.015979,0.0,0.0,0.0,0.0,-3.33984,5.26853,1.0,1.0,Stop,seated
22.8263,225,-1.43701,-0.364043,-9.56092,0.0338221,-0.0769654,-0.0154463,0.0,0.0,0.0,0.0,-2.28516,10.5373,1.0,1.0,Stop,seated
22.9263,226,-1.05381,-0.134121,-9.53218,0.0114516,0.31159,0.0420779,0.0,0.0,0.0,0.0,-1.23047,10.5385,1.0,1.0,Stop,seated
23.0264,227,-1.66693,-0.316143,-9.91538,0.01012,0.232228,0.0386158,0.0,0.0,0.0,0.0,0.175781,14.0488,1.0,1.0,Stop,seated
23.1265,228,-1.40827,-0.364043,-9.7621,0.0117179,0.201069,0.00106526,0.0,0.0,0.0,0.0,1.23047,10.5382,1.0,1.0,Stop,seated
23.2266,229,-1.42743,-0.335303,-9.7621,0.0119842,0.208526,-0.0146474,0.0,0.0,0.0,0.0,2.46094,12.2933,1.0,1.0,Stop,seated
23.3549,230,-1.39869,-0.249082,-10.0112,0.00479369,0.184024,0.0444748,0.0,0.0,0.0,0.0,3.69141,9.5947,1.0,1.0,Stop,extended
23.455,231,0.871787,-1.9256,-8.89989,0.0167779,-1.35688,-0.143012,0.0,0.0,0.0,0.0,4.74609,10.5362,1.0,1.0,Stop,extended
23.555,232,-2.5004,-0.0383203,-7.31918,0.00745685,-2.59658,0.0583232,0.0,0.0,0.0,0.0,5.09766,3.5125,1.0,1.0,Stop,extended
23.6551,233,-6.19831,-0.977168,-6.62941,0.0854875,-1.13264,-0.0636496,0.0,0.0,0.0,0.0,5.44922,3.5124,1.0,1.0,Stop,extended
23.7552,234,-4.33978,0.162861,-7.32876,0.0436758,0.275637,-0.0545948,0.0,0.0,0.0,0.0,5.27344,-1.75616,1.0,1.0,Stop,extended
