7.89165e-05,0,0.0,0.0,0.0,0.0,0.0,0.0,0.0,0.0,0.0,0.0,0.175781,0.0,1.0,1.0,None,seated
0.100214,1,0.0,0.0,0.0,0.0,0.0,0.0,0.0,0.0,0.0,0.0,0.175781,0.0,1.0,1.0,Nothing,seated
0.200349,2,0.0,0.0,0.0,0.0,0.0,0.0,0.0,0.0,0.0,0.0,0.175781,0.0,1.0,1.0,Nothing,seated
0.300485,3,0.0,0.0,0.0,0.0,0.0,0.0,0.0,0.0,0.0,0.0,0.175781,0.0,1.0,1.0,Nothing,seated
0.400623,4,0.0,0.0,0.0,0.0,0.0,0.0,0.0,0.0,0.0,0.0,0.175781,0.0,1.0,1.0,Nothing,seated
0.500756,5,0.0,0.0,0.0,0.0,0.0,0.0,0.0,0.0,0.0,0.0,0.175781,0.0,1.0,1.0,Nothing,seated
0.60089,6,0.0,0.0,0.0,0.0,0.0,0.0,0.0,0.0,0.0,0.0,0.175781,0.0,1.0,1.0,Nothing,seated
0.70103,7,0.0,0.0,0.0,0.0,0.0,0.0,0.0,0.0,0.0,0.0,0.175781,0.0,1.0,1.0,Nothing,seated
0.801165,8,0.0,0.0,0.0,0.0,0.0,0.0,0.0,0.0,0.0,0.0,0.175781,0.0,1.0,1.0,Nothing,seated
0.901306,9,0.0,0.0,0.0,0.0,0.0,0.0,0.0,0.0,0.0,0.0,0.175781,0.0,1.0,1.0,Nothing,seated
1.00144,10,0.0,0.0,0.0,0.0,0.0,0.0,0.0,0.0,0.0,0.0,0.175781,0.0,1.0,1.0,Nothing,seated
1.10157,11,0.0,0.0,0.0,0.0,0.0,0.0,0.0,0.0,0.0,0.0,0.175781,0.0,1.0,1.0,Nothing,seated
1.20171,12,0.0,0.0,0.0,0.0,0.0,0.0,0.0,0.0,0.0,0.0,0.175781,0.0,1.0,1.0,Nothing,seated
1.30184,13,0.0,0.0,0.0,0.0,0.0,0.0,0.0,0.0,0.0,0.0,0.175781,0.0,1.0,1.0,Nothing,seated
1.40198,14,0.0,0.0,0.0,0.0,0.0,0.0,0.0,0.0,0.0,0.0,0.175781,0.0,1.0,1.0,Nothing,seated
1.50212,15,0.0,0.0,0.0,0.0,0.0,0.0,0.0,0.0,0.0,0.0,0.175781,0.0,1.0,1.0,Nothing,seated
1.60225,16,0.0,0.0,0.0,0.0,0.0,0.0,0.0,0.0,0.0,0.0,0.175781,0.0,1.0,1.0,Nothing,seated
1.70239,17,0.0,0.0,0.0,0.0,0.0,0.0,0.0,0.0,0.0,0.0,0.175781,0.0,1.0,1.0,Nothing,seated
1.80252,18,0.0,0.0,0.0,0.0,0.0,0.0,0.0,0.0,0.0,0.0,0.175781,0.0,1.0,1.0,Nothing,seated
1.90266,19,0.0,0.0,0.0,0.0,0.0,0.0,0.0,0.0,0.0,0.0,0.175781,0.0,1.0,1.0,Nothing,seated
2.00272,20,0.0,0.0,0.0,0.0,0.0,0.0,0.0,0.0,0.0,0.0,0.175781,0.0,1.0,1.0,Nothing,seated
2.10285,21,0.0,0.0,0.0,0.0,0.0,0.0,0.0,0.0,0.0,0.0,0.175781,0.0,1.0,1.0,Nothing,seated
2.20299,22,0.0,0.0,0.0,0.0,0.0,0.0,0.0,0.0,0.0,0.0,0.175781,0.0,1.0,1.0,Nothing,seated
2.30312,23,0.0,0.0,0.0,0.0,0.0,0.0,0.0,0.0,0.0,0.0,0.175781,0.0,1.0,1.0,Nothing,seated
2.40326,24,0.0,0.0,0.0,0.0,0.0,0.0,0.0,0.0,0.0,0.0,0.175781,0.0,1.0,1.0,Nothing,seated
2.50339,25,0.0,0.0,0.0,0.0,0.0,0.0,0.0,0.0,0.0,0.0,0.175781,0.0,1.0,1.0,Nothing,seated
2.60353,26,0.0,0.0,0.0,0.0,0.0,0.0,0.0,0.0,0.0,0.0,0.175781,0.0,1.0,1.0,Nothing,seated
2.70366,27,0.0,0.0,0.0,0.0,0.0,0.0,0.0,0.0,0.0,0.0,0.175781,0.0,1.0,1.0,Nothing,seated
2.80372,28,0.0,0.0,0.0,0.0,0.0,0.0,0.0,0.0,0.0,0.0,0.175781,0.0,1.0,1.0,Nothing,seated
2.90387,29,0.0,0.0,0.0,0.0,0.0,0.0,0.0,0.0,0.0,0.0,0.175781,0.0,1.0,1.0,Nothing,seated
3.004,30,0.0,0.0,0.0,0.0,0.0,0.0,0.0,0.0,0.0,0.0,0.175781,0.0,1.0,1.0,Nothing,seated
3.10414,31,0.0,0.0,0.0,0.0,0.0,0.0,0.0,0.0,0.0,0.0,0.175781,0.0,1.0,1.0,Nothing,seated
3.20428,32,0.0,0.0,0.0,0.0,0.0,0.0,0.0,0.0,0.0,0.0,0.175781,0.0,1.0,1.0,Nothing,seated
3.30442,33,0.0,0.0,0.0,0.0,0.0,0.0,0.0,0.0,0.0,0.0,0.175781,0.0,1.0,1.0,Nothing,seated
3.40455,34,0.0,0.0,0.0,0.0,0.0,0.0,0.0,0.0,0.0,0.0,0.175781,0.0,1.0,1.0,Nothing,seated
3.50469,35,0.0,0.0,0.0,0.0,0.0,0.0,0.0,0.0,0.0,0.0,0.175781,0.0,1.0,1.0,Nothing,seated
3.60482,36,0.0,0.0,0.0,0.0,0.0,0.0,0.0,0.0,0.0,0.0,0.175781,0.0,1.0,1.0,Nothing,seated
3.70495,37,0.0,0.0,0.0,0.0,0.0,0.0,0.0,0.0,0.0,0.0,0.175781,0.0,1.0,1.0,Nothing,seated
3.80509,38,0.0,0.0,0.0,0.0,0.0,0.0,0.0,0.0,0.0,0.0,0.175781,0.0,1.0,1.0,Nothing,seated
3.90523,39,0.0,0.0,0.0,0.0,0.0,0.0,0.0,0.0,0.0,0.0,0.175781,0.0,1.0,1.0,Nothing,seated
4.00536,40,0.0,0.0,0.0,0.0,0.0,0.0,0.0,0.0,0.0,0.0,0.175781,0.0,1.0,1.0,Nothing,seated
4.1055,41,0.0,0.0,0.0,0.0,0.0,0.0,0.0,0.0,0.0,0.0,0.175781,0.0,1.0,1.0,Nothing,seated
4.20563,42,0.0,0.0,0.0,0.0,0.0,0.0,0.0,0.0,0.0,0.0,0.175781,0.0,1.0,1.0,Nothing,seated
4.30572,43,0.0,0.0,0.0,0.0,0.0,0.0,0.0,0.0,0.0,0.0,0.175781,0.0,1.0,1.0,Nothing,seated
4.40586,44,0.0,0.0,0.0,0.0,0.0,0.0,0.0,0.0,0.0,0.0,0.175781,0.0,1.0,1.0,Nothing,seated
4.50599,45,0.0,0.0,0.0,0.0,0.0,0.0,0.0,0.0,0.0,0.0,0.175781,0.0,1.0,1.0,Nothing,seated
4.60613,46,0.0,0.0,0.0,0.0,0.0,0.0,0.0,0.0,0.0,0.0,0.175781,0.0,1.0,1.0,Nothing,seated
4.70626,47,0.0,0.0,0.0,0.0,0.0,0.0,0.0,0.0,0.0,0.0,0.175781,0.0,1.0,1.0,Nothing,seated
4.8064,48,0.0,0.0,0.0,0.0,0.0,0.0,0.0,0.0,0.0,0.0,0.175781,0.0,1.0,1.0,Nothing,seated
4.90654,49,0.0,0.0,0.0,0.0,0.0,0.0,0.0,0.0,0.0,0.0,0.175781,0.0,1.0,1.0,Nothing,seated
5.00667,50,0.0,0.0,0.0,0.0,0.0,0.0,0.0,0.0,0.0,0.0,0.175781,0.0,1.0,1.0,Nothing,seated
5.10673,51,0.0,0.0,0.0,0.0,0.0,0.0,0.0,0.0,0.0,0.0,0.175781,0.0,1.0,1.0,Nothing,seated
5.20686,52,0.0,0.0,0.0,0.0,0.0,0.0,0.0,0.0,0.0,0.0,0.175781,0.0,1.0,1.0,Nothing,seated
5.307,53,0.0,0.0,0.0,0.0,0.0,0.0,0.0,0.0,0.0,0.0,0.175781,0.0,1.0,1.0,Nothing,seated
5.40713,54,0.0,0.0,0.0,0.0,0.0,0.0,0.0,0.0,0.0,0.0,0.175781,0.0,1.0,1.0,Nothing,seated
5.50727,55,0.0,0.0,0.0,0.0,0.0,0.0,0.0,0.0,0.0,0.0,0.175781,0.0,1.0,1.0,Nothing,seated
5.6074,56,0.0,0.0,0.0,0.0,0.0,0.0,0.0,0.0,0.0,0.0,0.175781,0.0,1.0,1.0,Nothing,seated
5.70753,57,0.0,0.0,0.0,0.0,0.0,0.0,0.0,0.0,0.0,0.0,0.175781,0.0,1.0,1.0,Nothing,seated
5.80767,58,0.0,0.0,0.0,0.0,0.0,0.0,0.0,0.0,0.0,0.0,0.175781,0.0,1.0,1.0,Nothing,seated
5.9078,59,0.0,0.0,0.0,0.0,0.0,0.0,0.0,0.0,0.0,0.0,0.175781,0.0,1.0,1.0,Nothing,seated
6.00794,60,0.0,0.0,0.0,0.0,0.0,0.0,0.0,0.0,0.0,0.0,0.175781,0.0,1.0,1.0,Nothing,seated
6.10807,61,0.0,0.0,0.0,0.0,0.0,0.0,0.0,0.0,0.0,0.0,0.175781,0.0,1.0,1.0,Nothing,seated
6.2082,62,0.0,0.0,0.0,0.0,0.0,0.0,0.0,0.0,0.0,0.0,0.175781,0.0,1.0,1.0,Nothing,seated
6.30833,63,0.0,0.0,0.0,0.0,0.0,0.0,0.0,0.0,0.0,0.0,0.175781,0.0,1.0,1.0,Nothing,seated
6.40847,64,0.0,0.0,0.0,0.0,0.0,0.0,0.0,0.0,0.0,0.0,0.175781,0.0,1.0,1.0,Nothing,seated
6.5086,65,0.0,0.0,0.0,0.0,0.0,0.0,0.0,0.0,0.0,0.0,0.175781,0.0,1.0,1.0,Nothing,seated
6.60873,66,0.0,0.0,0.0,0.0,0.0,0.0,0.0,0.0,0.0,0.0,0.175781,0.0,1.0,1.0,Nothing,seated
6.70886,67,0.0,0.0,0.0,0.0,0.0,0.0,0.0,0.0,0.0,0.0,0.175781,0.0,1.0,1.0,Nothing,seated
6.80899,68,0.0,0.0,0.0,0.0,0.0,0.0,0.0,0.0,0.0,0.0,0.175781,0.0,1.0,1.0,Nothing,seated
6.90913,69,0.0,0.0,0.0,0.0,0.0,0.0,0.0,0.0,0.0,0.0,0.175781,0.0,1.0,1.0,Nothing,seated
7.00927,70,0.0,0.0,0.0,0.0,0.0,0.0,0.0,0.0,0.0,0.0,0.175781,0.0,1.0,1.0,Nothing,seated
7.10941,71,0.0,0.0,0.0,0.0,0.0,0.0,0.0,0.0,0.0,0.0,0.175781,0.0,1.0,1.0,Nothing,seated
7.20954,72,0.0,0.0,0.0,0.0,0.0,0.0,0.0,0.0,0.0,0.0,0.175781,0.0,1.0,1.0,Nothing,seated
7.30968,73,0.0,0.0,0.0,0.0,0.0,0.0,0.0,0.0,0.0,0.0,0.175781,0.0,1.0,1.0,Nothing,seated
7.40981,74,0.0,0.0,0.0,0.0,0.0,0.0,0.0,0.0,0.0,0.0,0.175781,0.0,1.0,1.0,Nothing,seated
7.50995,75,0.0,0.0,0.0,0.0,0.0,0.0,0.0,0.0,0.0,0.0,0.175781,0.0,1.0,1.0,Nothing,seated
7.61008,76,0.0,0.0,0.0,0.0,0.0,0.0,0.0,0.0,0.0,0.0,0.175781,0.0,1.0,1.0,Nothing,seated
7.71022,77,0.0,0.0,0.0,0.0,0.0,0.0,0.0,0.0,0.0,0.0,0.175781,0.0,1.0,1.0,Nothing,seated
7.81035,78,0.0,0.0,0.0,0.0,0.0,0.0,0.0,0.0,0.0,0.0,0.175781,0.0,1.0,1.0,Nothing,seated
7.91048,79,0.0,0.0,0.0,0.0,0.0,0.0,0.0,0.0,0.0,0.0,0.175781,0.0,1.0,1.0,Nothing,seated
8.01062,80,0.0,0.0,0.0,0.0,0.0,0.0,0.0,0.0,0.0,0.0,0.175781,0.0,1.0,1.0,Nothing,seated
8.11072,81,0.0,0.0,0.0,0.0,0.0,0.0,0.0,0.0,0.0,0.0,0.175781,0.0,1.0,1.0,Nothing,seated
8.21085,82,0.0,0.0,0.0,0.0,0.0,0.0,0.0,0.0,0.0,0.0,0.175781,0.0,1.0,1.0,Nothing,seated
8.31098,83,0.0,0.0,0.0,0.0,0.0,0.0,0.0,0.0,0.0,0.0,0.175781,0.0,1.0,1.0,Nothing,seated
8.41111,84,0.0,0.0,0.0,0.0,0.0,0.0,0.0,0.0,0.0,0.0,0.175781,0.0,1.0,1.0,Nothing,seated
8.51125,85,0.0,0.0,0.0,0.0,0.0,0.0,0.0,0.0,0.0,0.0,0.175781,0.0,1.0,1.0,Nothing,seated
8.61138,86,0.0,0.0,0.0,0.0,0.0,0.0,0.0,0.0,0.0,0.0,0.175781,0.0,1.0,1.0,Nothing,seated
8.71152,87,0.0,0.0,0.0,0.0,0.0,0.0,0.0,0.0,0.0,0.0,0.175781,0.0,1.0,1.0,Nothing,seated
8.81165,88,0.0,0.0,0.0,0.0,0.0,0.0,0.0,0.0,0.0,0.0,0.175781,0.0,1.0,1.0,Nothing,seated
8.91173,89,0.0,0.0,0.0,0.0,0.0,0.0,0.0,0.0,0.0,0.0,0.175781,0.0,1.0,1.0,Nothing,seated
9.01186,90,0.0,0.0,0.0,0.0,0.0,0.0,0.0,0.0,0.0,0.0,0.175781,0.0,1.0,1.0,Nothing,seated
9.11199,91,0.0,0.0,0.0,0.0,0.0,0.0,0.0,0.0,0.0,0.0,0.175781,0.0,1.0,1.0,Nothing,seated
9.21213,92,0.0,0.0,0.0,0.0,0.0,0.0,0.0,0.0,0.0,0.0,0.175781,0.0,1.0,1.0,Nothing,seated
9.31226,93,0.0,0.0,0.0,0.0,0.0,0.0,0.0,0.0,0.0,0.0,0.175781,0.0,1.0,1.0,Nothing,seated
9.41239,94,0.0,0.0,0.0,0.0,0.0,0.0,0.0,0.0,0.0,0.0,0.175781,0.0,1.0,1.0,Nothing,seated
9.51253,95,0.0,0.0,0.0,0.0,0.0,0.0,0.0,0.0,0.0,0.0,0.175781,0.0,1.0,1.0,Nothing,seated
9.61266,96,0.0,0.0,0.0,0.0,0.0,0.0,0.0,0.0,0.0,0.0,0.175781,0.0,1.0,1.0,Nothing,seated
9.71279,97,0.0,0.0,0.0,0.0,0.0,0.0,0.0,0.0,0.0,0.0,0.175781,0.0,1.0,1.0,Nothing,seated
9.81293,98,0.0,0.0,0.0,0.0,0.0,0.0,0.0,0.0,0.0,0.0,0.175781,0.0,1.0,1.0,Nothing,seated
9.91306,99,0.0,0.0,0.0,0.0,0.0,0.0,0.0,0.0,0.0,0.0,0.175781,0.0,1.0,1.0,Nothing,seated
10.0132,100,0.0,0.0,0.0,0.0,0.0,0.0,0.0,0.0,0.0,0.0,0.175781,0.0,1.0,1.0,Nothing,seated
10.1133,101,0.0,0.0,0.0,0.0,0.0,0.0,0.0,0.0,0.0,0.0,0.175781,0.0,1.0,1.0,Nothing,seated
10.2135,102,0.0,0.0,0.0,0.0,0.0,0.0,0.0,0.0,0.0,0.0,0.175781,0.0,1.0,1.0,Nothing,seated
10.3136,103,0.0,0.0,0.0,0.0,0.0,0.0,0.0,0.0,0.0,0.0,0.175781,0.0,1.0,1.0,Nothing,seated
10.4137,104,0.0,0.0,0.0,0.0,0.0,0.0,0.0,0.0,0.0,0.0,0.175781,0.0,1.0,1.0,Nothing,seated
10.5139,105,0.0,0.0,0.0,0.0,0.0,0.0,0.0,0.0,0.0,0.0,0.175781,0.0,1.0,1.0,Nothing,seated
10.614,106,0.0,0.0,0.0,0.0,0.0,0.0,0.0,0.0,0.0,0.0,0.175781,0.0,1.0,1.0,Nothing,seated
10.7141,107,0.0,0.0,0.0,0.0,0.0,0.0,0.0,0.0,0.0,0.0,0.175781,0.0,1.0,1.0,Nothing,seated
10.8143,108,0.0,0.0,0.0,0.0,0.0,0.0,0.0,0.0,0.0,0.0,0.175781,0.0,1.0,1.0,Nothing,seated
10.9144,109,0.0,0.0,0.0,0.0,0.0,0.0,0.0,0.0,0.0,0.0,0.175781,0.0,1.0,1.0,Nothing,seated
11.0145,110,0.0,0.0,0.0,0.0,0.0,0.0,0.0,0.0,0.0,0.0,0.175781,0.0,1.0,1.0,Nothing,seated
11.1147,111,0.0,0.0,0.0,0.0,0.0,0.0,0.0,0.0,0.0,0.0,0.175781,0.0,1.0,1.0,Nothing,seated
11.2148,112,0.0,0.0,0.0,0.0,0.0,0.0,0.0,0.0,0.0,0.0,0.175781,0.0,1.0,1.0,Nothing,seated
11.3149,113,0.0,0.0,0.0,0.0,0.0,0.0,0.0,0.0,0.0,0.0,0.175781,0.0,1.0,1.0,Nothing,seated
11.4151,114,0.0,0.0,0.0,0.0,0.0,0.0,0.0,0.0,0.0,0.0,0.175781,0.0,1.0,1.0,Nothing,seated
11.5152,115,0.0,0.0,0.0,0.0,0.0,0.0,0.0,0.0,0.0,0.0,0.175781,0.0,1.0,1.0,Nothing,seated
11.6153,116,0.0,0.0,0.0,0.0,0.0,0.0,0.0,0.0,0.0,0.0,0.175781,0.0,1.0,1.0,Nothing,seated
11.7155,117,0.0,0.0,0.0,0.0,0.0,0.0,0.0,0.0,0.0,0.0,0.175781,0.0,1.0,1.0,Nothing,seated
11.8156,118,0.0,0.0,0.0,0.0,0.0,0.0,0.0,0.0,0.0,0.0,0.175781,0.0,1.0,1.0,Nothing,seated
11.9157,119,0.0,0.0,0.0,0.0,0.0,0.0,0.0,0.0,0.0,0.0,0.175781,0.0,1.0,1.0,Nothing,seated
12.0159,120,0.0,0.0,0.0,0.0,0.0,0.0,0.0,0.0,0.0,0.0,0.175781,0.0,1.0,1.0,Nothing,seated
12.116,121,0.0,0.0,0.0,0.0,0.0,0.0,0.0,0.0,0.0,0.0,0.175781,0.0,1.0,1.0,Nothing,seated
12.2162,122,0.0,0.0,0.0,0.0,0.0,0.0,0.0,0.0,0.0,0.0,0.175781,0.0,1.0,1.0,Nothing,seated
12.3163,123,0.0,0.0,0.0,0.0,0.0,0.0,0.0,0.0,0.0,0.0,0.175781,0.0,1.0,1.0,Nothing,seated
12.4164,124,0.0,0.0,0.0,0.0,0.0,0.0,0.0,0.0,0.0,0.0,0.175781,0.0,1.0,1.0,Nothing,seated
12.5166,125,0.0,0.0,0.0,0.0,0.0,0.0,0.0,0.0,0.0,0.0,0.175781,0.0,1.0,1.0,Nothing,seated
12.6167,126,0.0,0.0,0.0,0.0,0.0,0.0,0.0,0.0,0.0,0.0,0.175781,0.0,1.0,1.0,Nothing,seated
12.7168,127,0.0,0.0,0.0,0.0,0.0,0.0,0.0,0.0,0.0,0.0,0.175781,0.0,1.0,1.0,Nothing,seated
12.817,128,0.0,0.0,0.0,0.0,0.0,0.0,0.0,0.0,0.0,0.0,0.175781,0.0,1.0,1.0,Nothing,seated
12.9171,129,0.0,0.0,0.0,0.0,0.0,0.0,0.0,0.0,0.0,0.0,0.175781,0.0,1.0,1.0,Nothing,seated
13.0172,130,0.0,0.0,0.0,0.0,0.0,0.0,0.0,0.0,0.0,0.0,0.175781,0.0,1.0,1.0,Nothing,seated
13.1174,131,0.0,0.0,0.0,0.0,0.0,0.0,0.0,0.0,0.0,0.0,0.175781,0.0,1.0,1.0,Nothing,seated
13.2175,132,0.0,0.0,0.0,0.0,0.0,0.0,0.0,0.0,0.0,0.0,0.175781,0.0,1.0,1.0,Nothing,seated
13.3176,133,0.0,0.0,0.0,0.0,0.0,0.0,0.0,0.0,0.0,0.0,0.175781,0.0,1.0,1.0,Nothing,seated
13.4178,134,0.0,0.0,0.0,0.0,0.0,0.0,0.0,0.0,0.0,0.0,0.175781,0.0,1.0,1.0,Nothing,seated
13.5179,135,0.0,0.0,0.0,0.0,0.0,0.0,0.0,0.0,0.0,0.0,0.175781,0.0,1.0,1.0,Nothing,seated
13.618,136,0.0,0.0,0.0,0.0,0.0,0.0,0.0,0.0,0.0,0.0,0.175781,0.0,1.0,1.0,Nothing,seated
13.7182,137,0.0,0.0,0.0,0.0,0.0,0.0,0.0,0.0,0.0,0.0,0.175781,0.0,1.0,1.0,Nothing,seated
13.8183,138,0.0,0.0,0.0,0.0,0.0,0.0,0.0,0.0,0.0,0.0,0.175781,0.0,1.0,1.0,Nothing,seated
13.9185,139,0.0,0.0,0.0,0.0,0.0,0.0,0.0,0.0,0.0,0.0,0.175781,0.0,1.0,1.0,Nothing,seated
14.0186,140,0.0,0.0,0.0,0.0,0.0,0.0,0.0,0.0,0.0,0.0,0.175781,0.0,1.0,1.0,Nothing,seated
14.1187,141,0.0,0.0,0.0,0.0,0.0,0.0,0.0,0.0,0.0,0.0,0.175781,0.0,1.0,1.0,Nothing,seated
14.2189,142,0.0,0.0,0.0,0.0,0.0,0.0,0.0,0.0,0.0,0.0,0.175781,0.0,1.0,1.0,Nothing,seated
14.319,143,0.0,0.0,0.0,0.0,0.0,0.0,0.0,0.0,0.0,0.0,0.175781,0.0,1.0,1.0,Nothing,seated
14.4191,144,0.0,0.0,0.0,0.0,0.0,0.0,0.0,0.0,0.0,0.0,0.175781,0.0,1.0,1.0,Nothing,seated
14.5193,145,0.0,0.0,0.0,0.0,0.0,0.0,0.0,0.0,0.0,0.0,0.175781,0.0,1.0,1.0,Nothing,seated
14.6194,146,0.0,0.0,0.0,0.0,0.0,0.0,0.0,0.0,0.0,0.0,0.175781,0.0,1.0,1.0,Nothing,seated
14.7195,147,0.0,0.0,0.0,0.0,0.0,0.0,0.0,0.0,0.0,0.0,0.175781,0.0,1.0,1.0,Nothing,seated
14.8197,148,0.0,0.0,0.0,0.0,0.0,0.0,0.0,0.0,0.0,0.0,0.175781,0.0,1.0,1.0,Nothing,seated
14.9197,149,0.0,0.0,0.0,0.0,0.0,0.0,0.0,0.0,0.0,0.0,0.175781,0.0,1.0,1.0,Nothing,seated
15.0199,150,0.0,0.0,0.0,0.0,0.0,0.0,0.0,0.0,0.0,0.0,0.175781,0.0,1.0,1.0,Nothing,seated
15.12,151,0.0,0.0,0.0,0.0,0.0,0.0,0.0,0.0,0.0,0.0,0.175781,0.0,1.0,1.0,Nothing,seated
15.2201,152,0.0,0.0,0.0,0.0,0.0,0.0,0.0,0.0,0.0,0.0,0.175781,0.0,1.0,1.0,Nothing,seated
15.3203,153,0.0,0.0,0.0,0.0,0.0,0.0,0.0,0.0,0.0,0.0,0.175781,0.0,1.0,1.0,Nothing,seated
15.4204,154,0.0,0.0,0.0,0.0,0.0,0.0,0.0,0.0,0.0,0.0,0.175781,0.0,1.0,1.0,Nothing,seated
15.5205,155,0.0,0.0,0.0,0.0,0.0,0.0,0.0,0.0,0.0,0.0,0.175781,0.0,1.0,1.0,Nothing,seated
15.6207,156,0.0,0.0,0.0,0.0,0.0,0.0,0.0,0.0,0.0,0.0,0.175781,0.0,1.0,1.0,Nothing,seated
15.7208,157,0.0,0.0,0.0,0.0,0.0,0.0,0.0,0.0,0.0,0.0,0.175781,0.0,1.0,1.0,Nothing,seated
15.8209,158,0.0,0.0,0.0,0.0,0.0,0.0,0.0,0.0,0.0,0.0,0.175781,0.0,1.0,1.0,Nothing,seated
15.9211,159,0.0,0.0,0.0,0.0,0.0,0.0,0.0,0.0,0.0,0.0,0.175781,0.0,1.0,1.0,Nothing,seated
16.0212,160,0.0,0.0,0.0,0.0,0.0,0.0,0.0,0.0,0.0,0.0,0.175781,0.0,1.0,1.0,Nothing,seated
16.1213,161,0.0,0.0,0.0,0.0,0.0,0.0,0.0,0.0,0.0,0.0,0.175781,0.0,1.0,1.0,Nothing,seated
16.2215,162,0.0,0.0,0.0,0.0,0.0,0.0,0.0,0.0,0.0,0.0,0.175781,0.0,1.0,1.0,Nothing,seated
16.3216,163,0.0,0.0,0.0,0.0,0.0,0.0,0.0,0.0,0.0,0.0,0.175781,0.0,1.0,1.0,Nothing,seated
16.4217,164,0.0,0.0,0.0,0.0,0.0,0.0,0.0,0.0,0.0,0.0,0.175781,0.0,1.0,1.0,Nothing,seated
16.5219,165,0.0,0.0,0.0,0.0,0.0,0.0,0.0,0.0,0.0,0.0,0.175781,0.0,1.0,1.0,Nothing,seated
16.622,166,0.0,0.0,0.0,0.0,0.0,0.0,0.0,0.0,0.0,0.0,0.175781,0.0,1.0,1.0,Nothing,seated
16.7221,167,0.0,0.0,0.0,0.0,0.0,0.0,0.0,0.0,0.0,0.0,0.175781,0.0,1.0,1.0,Nothing,seated
16.8223,168,0.0,0.0,0.0,0.0,0.0,0.0,0.0,0.0,0.0,0.0,0.175781,0.0,1.0,1.0,Nothing,seated
16.9224,169,0.0,0.0,0.0,0.0,0.0,0.0,0.0,0.0,0.0,0.0,0.175781,0.0,1.0,1.0,Nothing,seated
17.0225,170,0.0,0.0,0.0,0.0,0.0,0.0,0.0,0.0,0.0,0.0,0.175781,0.0,1.0,1.0,Nothing,seated
17.1227,171,0.0,0.0,0.0,0.0,0.0,0.0,0.0,0.0,0.0,0.0,0.175781,0.0,1.0,1.0,Nothing,seated
17.2228,172,0.0,0.0,0.0,0.0,0.0,0.0,0.0,0.0,0.0,0.0,0.175781,0.0,1.0,1.0,Nothing,seated
17.323,173,0.0,0.0,0.0,0.0,0.0,0.0,0.0,0.0,0.0,0.0,0.175781,0.0,1.0,1.0,Nothing,seated
17.4231,174,0.0,0.0,0.0,0.0,0.0,0.0,0.0,0.0,0.0,0.0,0.175781,0.0,1.0,1.0,Nothing,seated
17.5232,175,0.0,0.0,0.0,0.0,0.0,0.0,0.0,0.0,0.0,0.0,0.175781,0.0,1.0,1.0,Nothing,seated
17.6234,176,0.0,0.0,0.0,0.0,0.0,0.0,0.0,0.0,0.0,0.0,0.175781,0.0,1.0,1.0,Nothing,seated
17.7235,177,0.0,0.0,0.0,0.0,0.0,0.0,0.0,0.0,0.0,0.0,0.175781,0.0,1.0,1.0,Nothing,seated
17.8236,178,0.0,0.0,0.0,0.0,0.0,0.0,0.0,0.0,0.0,0.0,0.175781,0.0,1.0,1.0,Nothing,seated
17.9237,179,0.0,0.0,0.0,0.0,0.0,0.0,0.0,0.0,0.0,0.0,0.175781,0.0,1.0,1.0,Nothing,seated
18.0239,180,0.0,0.0,0.0,0.0,0.0,0.0,0.0,0.0,0.0,0.0,0.175781,0.0,1.0,1.0,Nothing,seated
18.124,181,0.0,0.0,0.0,0.0,0.0,0.0,0.0,0.0,0.0,0.0,0.175781,0.0,1.0,1.0,Nothing,seated
18.2241,182,0.0,0.0,0.0,0.0,0.0,0.0,0.0,0.0,0.0,0.0,0.175781,0.0,1.0,1.0,Nothing,seated
18.3243,183,0.0,0.0,0.0,0.0,0.0,0.0,0.0,0.0,0.0,0.0,0.175781,0.0,1.0,1.0,Nothing,seated
18.4244,184,0.0,0.0,0.0,0.0,0.0,0.0,0.0,0.0,0.0,0.0,0.175781,0.0,1.0,1.0,Nothing,seated
18.5245,185,0.0,0.0,0.0,0.0,0.0,0.0,0.0,0.0,0.0,0.0,0.175781,0.0,1.0,1.0,Nothing,seated
18.6247,186,0.0,0.0,0.0,0.0,0.0,0.0,0.0,0.0,0.0,0.0,0.175781,0.0,1.0,1.0,Nothing,seated
18.7248,187,0.0,0.0,0.0,0.0,0.0,0.0,0.0,0.0,0.0,0.0,0.175781,0.0,1.0,1.0,Nothing,seated
18.8249,188,0.0,0.0,0.0,0.0,0.0,0.0,0.0,0.0,0.0,0.0,0.175781,0.0,1.0,1.0,Nothing,seated
18.9251,189,0.0,0.0,0.0,0.0,0.0,0.0,0.0,0.0,0.0,0.0,0.175781,0.0,1.0,1.0,Nothing,seated
19.0252,190,0.0,0.0,0.0,0.0,0.0,0.0,0.0,0.0,0.0,0.0,0.175781,0.0,1.0,1.0,Nothing,seated
19.1253,191,0.0,0.0,0.0,0.0,0.0,0.0,0.0,0.0,0.0,0.0,0.175781,0.0,1.0,1.0,Nothing,seated
19.2255,192,0.0,0.0,0.0,0.0,0.0,0.0,0.0,0.0,0.0,0.0,0.175781,0.0,1.0,1.0,Nothing,seated
19.3256,193,0.0,0.0,0.0,0.0,0.0,0.0,0.0,0.0,0.0,0.0,0.175781,0.0,1.0,1.0,Nothing,seated
19.4257,194,0.0,0.0,0.0,0.0,0.0,0.0,0.0,0.0,0.0,0.0,0.175781,0.0,1.0,1.0,Nothing,seated
19.5259,195,0.0,0.0,0.0,0.0,0.0,0.0,0.0,0.0,0.0,0.0,0.175781,0.0,1.0,1.0,Nothing,seated
19.626,196,0.0,0.0,0.0,0.0,0.0,0.0,0.0,0.0,0.0,0.0,0.175781,0.0,1.0,1.0,Nothing,seated
19.7261,197,0.0,0.0,0.0,0.0,0.0,0.0,0.0,0.0,0.0,0.0,0.175781,0.0,1.0,1.0,Nothing,seated
19.8263,198,0.0,0.0,0.0,0.0,0.0,0.0,0.0,0.0,0.0,0.0,0.175781,0.0,1.0,1.0,Nothing,seated
19.9264,199,0.0,0.0,0.0,0.0,0.0,0.0,0.0,0.0,0.0,0.0,0.175781,0.0,1.0,1.0,Nothing,seated
20.0265,200,0.0,0.0,0.0,0.0,0.0,0.0,0.0,0.0,0.0,0.0,0.175781,0.0,1.0,1.0,Nothing,seated
20.1267,201,0.0,0.0,0.0,0.0,0.0,0.0,0.0,0.0,0.0,0.0,0.175781,0.0,1.0,1.0,Nothing,seated
20.2268,202,0.0,0.0,0.0,0.0,0.0,0.0,0.0,0.0,0.0,0.0,0.175781,0.0,1.0,1.0,Nothing,seated
