1549980574.37, 1, 1, 1, 1, 1, 1, 1, 1, 1, 1, 1
1549980574.47, 1, 1, 1, 1, 1, 1, 1, 1, 1, 1, 1
1549980574.57, 1, 1, 1, 1, 1, 1, 1, 1, 1, 1, 1
1549980574.67, 1, 1, 1, 1, 1, 1, 1, 1, 1, 1, 1
1549980574.77, 1, 1, 1, 1, 1, 1, 1, 1, 1, 1, 1
1549980574.87, 1, 1, 1, 1, 1, 1, 1, 1, 1, 1, 1
1549980574.97, 1, 1, 1, 1, 1, 1, 1, 1, 1, 1, 1
1549980575.07, 1, 1, 1, 1, 1, 1, 1, 1, 1, 1, 1
1549980575.17, 1, 1, 1, 1, 1, 1, 1, 1, 1, 1, 1
1549980575.27, 1, 1, 1, 1, 1, 1, 1, 1, 1, 1, 1
1549980575.37, 1, 1, 1, 1, 1, 1, 1, 1, 1, 1, 1
1549980575.47, 1, 1, 1, 1, 1, 1, 1, 1, 1, 1, 1
1549980575.57, 1, 1, 1, 1, 1, 1, 1, 1, 1, 1, 1
1549980575.67, 1, 1, 1, 1, 1, 1, 1, 1, 1, 1, 1
1549980575.77, 1, 1, 1, 1, 1, 1, 1, 1, 1, 1, 1
1549980575.87, 1, 1, 1, 1, 1, 1, 1, 1, 1, 1, 1
1549980575.97, 1, 1, 1, 1, 1, 1, 1, 1, 1, 1, 1
1549980576.07, 1, 1, 1, 1, 1, 1, 1, 1, 1, 1, 1
1549980576.17, 1, 1, 1, 1, 1, 1, 1, 1, 1, 1, 1
1549980576.27, 1, 1, 1, 1, 1, 1, 1, 1, 1, 1, 1
1549980576.37, 1, 1, 1, 1, 1, 1, 1, 1, 1, 1, 1
1549980576.47, 1, 1, 1, 1, 1, 1, 1, 1, 1, 1, 1
1549980576.57, 1, 1, 1, 1, 1, 1, 1, 1, 1, 1, 1
1549980576.67, 1, 1, 1, 1, 1, 1, 1, 1, 1, 1, 1
1549980576.77, 1, 1, 1, 1, 1, 1, 1, 1, 1, 1, 1
1549980576.87, 1, 1, 1, 1, 1, 1, 1, 1, 1, 1, 1
1549980576.97, 1, 1, 1, 1, 1, 1, 1, 1, 1, 1, 1
1549980577.07, 1, 1, 1, 1, 1, 1, 1, 1, 1, 1, 1
1549980577.17, 1, 1, 1, 1, 1, 1, 1, 1, 1, 1, 1
1549980577.27, 1, 1, 1, 1, 1, 1, 1, 1, 1, 1, 1
1549980577.37, 1, 1, 1, 1, 1, 1, 1, 1, 1, 1, 1
1549980577.47, 1, 1, 1, 1, 1, 1, 1, 1, 1, 1, 1
1549980577.57, 1, 1, 1, 1, 1, 1, 1, 1, 1, 1, 1
1549980577.67, 1, 1, 1, 1, 1, 1, 1, 1, 1, 1, 1
1549980577.77, 1, 1, 1, 1, 1, 1, 1, 1, 1, 1, 1
1549980577.87, 1, 1, 1, 1, 1, 1, 1, 1, 1, 1, 1
1549980577.97, 1, 1, 1, 1, 1, 1, 1, 1, 1, 1, 1
1549980578.07, 1, 1, 1, 1, 1, 1, 1, 1, 1, 1, 1
1549980578.17, 1, 1, 1, 1, 1, 1, 1, 1, 1, 1, 1
1549980578.27, 1, 1, 1, 1, 1, 1, 1, 1, 1, 1, 1
1549980578.37, 1, 1, 1, 1, 1, 1, 1, 1, 1, 1, 1
1549980578.47, 1, 1, 1, 1, 1, 1, 1, 1, 1, 1, 1
1549980578.57, 1, 1, 1, 1, 1, 1, 1, 1, 1, 1, 1
1549980578.67, 1, 1, 1, 1, 1, 1, 1, 1, 1, 1, 1
1549980578.77, 1, 1, 1, 1, 1, 1, 1, 1, 1, 1, 1
1549980578.87, 1, 1, 1, 1, 1, 1, 1, 1, 1, 1, 1
1549980578.97, 1, 1, 1, 1, 1, 1, 1, 1, 1, 1, 1
1549980579.07, 1, 1, 1, 1, 1, 1, 1, 1, 1, 1, 1
1549980579.17, 1, 1, 1, 1, 1, 1, 1, 1, 1, 1, 1
1549980579.27, 1, 1, 1, 1, 1, 1, 1, 1, 1, 1, 1
