1549989807.12, -1.96391606331, -0.603544950485, -10.0878229141, 0.0114515926689, -0.509995341301, -0.187752857804, None, None
1549989807.22, -1.68609380722, -0.5364844203, -10.0207624435, -0.0146473860368, -0.519582748413, -0.0860201045871, None, None
1549989807.32, -1.68609380722, -0.747246146202, -9.96328163147, -0.0617853403091, -0.463922679424, 0.134489640594, None, None
1549989807.42, -1.66693365574, -0.862207055092, -9.848320961, -0.047137953341, -0.410126805305, 0.149935975671, None, None
1549989807.52, -1.68609380722, -0.833466827869, -9.71420001984, -0.0157126504928, -0.311323523521, -0.0213052891195, None, None
1549989807.62, -1.68609380722, -0.593964874744, -9.58965873718, 0.021571604535, -0.197073921561, -0.104395918548, None, None
1549989807.72, -1.61903321743, -0.450263679028, -9.5513381958, -0.00985369645059, -0.0740358829498, 0.0487358495593, None, None
1549989807.82, -1.68609380722, -0.402363300323, -9.54175853729, -0.00798948295414, 0.0583232305944, 0.111852772534, None, None
1549989807.92, -1.68609380722, -0.507744133472, -9.57049846649, 0.0154463350773, 0.180029690266, 0.0479369014502, None, None
1549989808.02, -1.71483409405, -0.603544950485, -9.70461940765, 0.0410126820207, 0.298540353775, -0.061519023031, None, None
1549989808.12, -1.76273441315, -0.622705101967, -9.78126049042, 0.0516653247178, 0.379766792059, -0.0308926701546, None, None
1549989808.22, -1.78189456463, -0.756826221943, -9.94412136078, 0.0407463647425, 0.476705849171, 0.0636495500803, None, None
1549989808.32, -1.84895515442, -0.785566449165, -10.0399227142, 0.0234358180314, 0.51505535841, 0.0639158636332, None, None
1549989808.42, -1.80105471611, -0.775986373425, -10.0686626434, 0.0543284863234, 0.54648065567, -0.0306263528764, None, None
1549989808.52, -1.82021486759, -0.613125026226, -10.0207624435, 0.0516653247178, 0.539556443691, -0.0450074225664, None, None
1549989808.62, -1.80105471611, -0.517324268818, -9.89622116089, 0.0412789992988, 0.512924849987, 0.0367516241968, None, None
1549989808.72, -1.73399424553, -0.488584011793, -9.78126049042, 0.0245010815561, 0.426904737949, 0.063116915524, None, None
1549989808.82, -1.76273441315, -0.54606449604, -9.61839866638, 0.0303600374609, 0.332362502813, -0.00772316753864, None, None
1549989808.92, -1.68609380722, -0.593964874744, -9.51301765442, 0.0380832031369, 0.234358176589, -0.0346210934222, None, None
1549989809.02, -1.6573536396, -0.651445329189, -9.37889671326, 0.0229031853378, 0.11504855752, 0.0271642431617, None, None
1549989809.12, -1.68609380722, -0.737666070461, -9.35973644257, -0.0109189609066, -0.0402137339115, 0.0628506019711, None, None
1549989809.22, -1.69567394257, -0.747246146202, -9.46511745453, -0.00958738010377, -0.135821223259, 0.0258326623589, None, None
1549989809.32, -1.7052539587, -0.689765632153, -9.57049846649, -0.00292947725393, -0.27883297205, -0.0159789659083, None, None
1549989809.42, -1.73399424553, -0.593964874744, -9.848320961, -0.0242347661406, -0.365385711193, 0.0221042372286, None, None
1549989809.52, -1.78189456463, -0.555644571781, -9.93454170227, -0.0458063706756, -0.427703678608, 0.0636495500803, None, None
1549989809.62, -1.82979500294, -0.54606449604, -10.0399227142, -0.0346210934222, -0.475107938051, 0.0319579318166, None, None
1549989809.72, -1.81063485146, -0.593964874744, -10.0303421021, -0.033289514482, -0.488956391811, -0.0114515926689, None, None
1549989809.82, -1.77231454849, -0.632285177708, -10.0399227142, -0.0367516241968, -0.475107938051, 0.0162452831864, None, None
1549989809.92, -1.73399424553, -0.708925783634, -9.93454170227, -0.0322242490947, -0.431698411703, 0.0460726879537, None, None
1549989810.02, -1.71483409405, -0.747246146202, -9.848320961, -0.0191747602075, -0.360059380531, 0.032756883651, None, None
1549989810.12, -1.7052539587, -0.699345707893, -9.65671920776, -0.0130494898185, -0.256462424994, -0.0109189609066, None, None
1549989810.22, -1.6573536396, -0.641865253448, -9.54175853729, -0.00452737417072, -0.127299100161, -0.00532632227987, None, None
1549989810.33, -1.64777350426, -0.574804723263, -9.53217792511, -0.00239684502594, -0.00213052891195, 0.0375505723059, None, None
1549989810.43, -1.68609380722, -0.526904344559, -9.57049846649, 0.00506000593305, 0.13688647747, 0.0362189933658, None, None
1549989810.53, -1.67651379108, -0.584384799004, -9.64713954926, 0.0125168571249, 0.268979281187, 0.0042610578239, None, None
1549989810.63, -1.74357426167, -0.613125026226, -9.75251960754, 0.033822145313, 0.35473304987, 0.000266316113994, None, None
1549989810.73, -1.72441411018, -0.632285177708, -9.88664150238, 0.0383495204151, 0.446345806122, 0.0205063410103, None, None
1549989810.83, -1.74357426167, -0.72808599472, -9.95370197296, 0.028229508549, 0.491619557142, 0.0343547798693, None, None
1549989810.93, -1.80105471611, -0.72808599472, -10.0399227142, 0.0479369014502, 0.535029053688, 0.00559263862669, None, None
1549989811.03, -1.84895515442, -0.651445329189, -10.0111818314, 0.042610578239, 0.535827994347, -0.00292947725393, None, None
1549989811.13, -1.83937501907, -0.613125026226, -9.95370197296, 0.0423442609608, 0.511859595776, 0.00905474834144, None, None
1549989811.23, -1.76273441315, -0.565224647522, -9.848320961, 0.0276968758553, 0.44261738658, 0.0314253009856, None, None
1549989811.33, -1.74357426167, -0.565224647522, -9.62797927856, 0.0258326623589, 0.370445728302, 0.00692421896383, None, None
1549989811.43, -1.74357426167, -0.593964874744, -9.49385738373, 0.0359526760876, 0.24660871923, -0.00106526445597, None, None
1549989811.53, -1.68609380722, -0.670605480671, -9.43637752533, 0.0175768639892, 0.15419703722, 0.0197073929012, None, None
1549989811.63, -1.67651379108, -0.66102540493, -9.35973644257, 0.00452737417072, 0.00692421896383, 0.0340884625912, None, None
1549989811.73, -1.67651379108, -0.680185556412, -9.46511745453, -0.0119842253625, -0.120108567178, 0.0133158061653, None, None
1549989811.83, -1.7052539587, -0.680185556412, -9.5513381958, -0.0202400237322, -0.246076092124, 0.0197073929012, None, None
1549989811.93, -1.72441411018, -0.641865253448, -9.70461940765, -0.0253000315279, -0.335291981697, 0.0255663469434, None, None
1549989812.03, -1.75315439701, -0.555644571781, -9.89622116089, -0.0279631912708, -0.407996296883, 0.0303600374609, None, None
1549989812.13, -1.80105471611, -0.565224647522, -9.98244190216, -0.0370179414749, -0.453536331654, 0.0231695026159, None, None
1549989812.23, -1.82021486759, -0.565224647522, -10.0399227142, -0.0303600374609, -0.474841624498, 0.00479369005188, None, None
1549989812.33, -1.78189456463, -0.622705101967, -10.0495023727, -0.0340884625912, -0.477504789829, 0.0322242490947, None, None
1549989812.43, -1.76273441315, -0.680185556412, -9.94412136078, -0.0388821512461, -0.443416327238, 0.0367516241968, None, None
1549989812.53, -1.72441411018, -0.708925783634, -9.848320961, -0.019441075623, -0.37470677495, 0.0266316123307, None, None
1549989812.63, -1.67651379108, -0.66102540493, -9.69503974915, -0.00985369645059, -0.270577162504, 0.00985369645059, None, None
1549989812.73, -1.64777350426, -0.622705101967, -9.58965873718, -0.0135821215808, -0.165115997195, 0.0170442312956, None, None
1549989812.83, -1.6573536396, -0.593964874744, -9.51301765442, 0.00479369005188, -0.0641821846366, 0.0258326623589, None, None
1549989812.93, -1.6573536396, -0.593964874744, -9.51301765442, 0.00346210948192, 0.0878843143582, 0.0191747602075, None, None
1549989813.03, -1.67651379108, -0.603544950485, -9.58965873718, 0.00692421896383, 0.19867181778, 0.0133158061653, None, None
1549989813.13, -1.7052539587, -0.584384799004, -9.69503974915, 0.0319579318166, 0.298007726669, 0.00932106375694, None, None
1549989813.23, -1.73399424553, -0.622705101967, -9.848320961, 0.0340884625912, 0.389886796474, 0.0223705545068, None, None
1549989813.33, -1.75315439701, -0.66102540493, -9.92496109009, 0.0460726879537, 0.462857395411, 0.0205063410103, None, None
1549989813.43, -1.78189456463, -0.680185556412, -10.0399227142, 0.032756883651, 0.513723790646, 0.00985369645059, None, None
1549989813.53, -1.82021486759, -0.641865253448, -10.0111818314, 0.0423442609608, 0.529969096184, 0.000266316113994, None, None
1549989813.63, -1.80105471611, -0.603544950485, -9.95370197296, 0.0308926701546, 0.511859595776, 0.0146473860368, None, None
1549989813.73, -1.80105471611, -0.603544950485, -9.85790061951, 0.0378168895841, 0.468982666731, 0.0154463350773, None, None
1549989813.83, -1.74357426167, -0.593964874744, -9.70461940765, 0.0303600374609, 0.399474173784, 0.0146473860368, None, None
1549989813.93, -1.73399424553, -0.603544950485, -9.57049846649, 0.0202400237322, 0.304931938648, 0.00319579336792, None, None
1549989814.03, -1.69567394257, -0.632285177708, -9.45553779602, 0.0231695026159, 0.195742338896, 0.0127831725404, None, None
1549989814.13, -1.67651379108, -0.641865253448, -9.41721725464, -0.00106526445597, 0.0721716657281, 0.021038973704, None, None
1549989814.23, -1.68609380722, -0.689765632153, -9.41721725464, 0.00213052891195, -0.0402137339115, 0.0146473860368, None, None
1549989814.33, -1.6573536396, -0.641865253448, -9.51301765442, -0.0119842253625, -0.171773895621, 0.0271642431617, None, None
1549989814.44, -1.74357426167, -0.603544950485, -9.73335933685, -0.0202400237322, -0.273240327835, 0.0308926701546, None, None
1549989814.54, -1.76273441315, -0.584384799004, -9.848320961, -0.0380832031369, -0.376837313175, 0.0364853069186, None, None
1549989814.64, -1.75315439701, -0.622705101967, -9.91538143158, -0.0335558317602, -0.426638424397, 0.0170442312956, None, None
1549989814.74, -1.80105471611, -0.632285177708, -10.0111818314, -0.0340884625912, -0.463390052319, 0.0218379218131, None, None
1549989814.84, -1.81063485146, -0.632285177708, -10.0495023727, -0.0362189933658, -0.478836387396, 0.0298274047673, None, None
1549989814.94, -1.75315439701, -0.66102540493, -10.0303421021, -0.0386158376932, -0.45486792922, 0.0298274047673, None, None
1549989815.04, -1.76273441315, -0.670605480671, -9.89622116089, -0.021571604535, -0.402137339115, 0.019441075623, None, None
1549989815.14, -1.72441411018, -0.670605480671, -9.74293994904, -0.0239684507251, -0.326503545046, 0.0117179090157, None, None
1549989815.24, -1.68609380722, -0.632285177708, -9.58965873718, -0.00559263862669, -0.202932879329, 0.0266316123307, None, None
1549989815.34, -1.6573536396, -0.632285177708, -9.53217792511, -0.0127831725404, -0.106260128319, 0.0117179090157, None, None
1549989815.44, -1.62861335278, -0.593964874744, -9.54175853729, 0.00958738010377, 0.0157126504928, 0.0199737083167, None, None
1549989815.54, -1.6573536396, -0.593964874744, -9.54175853729, 0.0223705545068, 0.137419119477, 0.00745685119182, None, None
1549989815.64, -1.71483409405, -0.622705101967, -9.70461940765, 0.0306263528764, 0.276968747377, 0.00932106375694, None, None
1549989815.74, -1.72441411018, -0.670605480671, -9.76210021973, 0.0348874107003, 0.34940674901, 0.0106526445597, None, None
1549989815.84, -1.74357426167, -0.689765632153, -9.91538143158, 0.0308926701546, 0.442084759474, 0.0111852772534, None, None
1549989815.94, -1.81063485146, -0.670605480671, -9.96328163147, 0.0308926701546, 0.480966895819, 0.0146473860368, None, None
1549989816.04, -1.82021486759, -0.651445329189, -10.0111818314, 0.0396810993552, 0.516653239727, 0.0127831725404, None, None
1549989816.14, -1.82021486759, -0.613125026226, -9.96328163147, 0.0423442609608, 0.512125909328, 0.0135821215808, None, None
1549989816.24, -1.78189456463, -0.603544950485, -9.89622116089, 0.0380832031369, 0.488956391811, 0.00852211564779, None, None
1549989816.34, -1.77231454849, -0.593964874744, -9.76210021973, 0.0295610893518, 0.419714182615, 0.00772316753864, None, None
1549989816.44, -1.74357426167, -0.632285177708, -9.61839866638, 0.0239684507251, 0.321177244186, 0.0101200118661, None, None
1549989816.54, -1.67651379108, -0.632285177708, -9.47469806671, 0.0276968758553, 0.236755028367, 0.00665790308267, None, None
1549989816.64, -1.71483409405, -0.66102540493, -9.43637752533, 0.0109189609066, 0.0894822180271, 0.0242347661406, None, None
1549989816.74, -1.63819348812, -0.651445329189, -9.46511745453, 0.00452737417072, -0.00133158056997, 0.0199737083167, None, None
1549989816.84, -1.66693365574, -0.632285177708, -9.44595718384, -0.00692421896383, -0.145674914122, 0.0218379218131, None, None
1549989816.94, -1.72441411018, -0.603544950485, -9.63755893707, -0.0205063410103, -0.231961339712, 0.0258326623589, None, None
1549989817.04, -1.73399424553, -0.613125026226, -9.75251960754, -0.0303600374609, -0.33555829525, 0.019441075623, None, None
