1549989059.03, 0.0, 0.0, 0.0, -0.0879120879121, 0.0
1549989059.13, 0.0879120879121, 0.0, 0.0, -0.0879120879121, 0.3515625
1549989059.23, 0.0879120879121, 0.0, 0.0, -0.0879120879121, 1.7578125
1549989059.33, 0.0879120879121, 0.0, 0.0, -0.0879120879121, 4.04296875
1549989059.43, 0.175824175824, 0.0, 0.0, -0.0879120879121, 6.85546875
1549989059.53, 0.0879120879121, 0.0, 0.0, 0.0, 9.84375
1549989059.63, 0.0879120879121, 0.0, 0.0, -0.0879120879121, 13.88671875
1549989059.73, 0.0879120879121, 0.0, 0.0, 0.0, 17.578125
1549989059.83, 0.0879120879121, 0.0, 0.0, 0.0, 15.8203125
1549989059.93, 0.0879120879121, 0.0, 0.0, 0.0, 24.609375
1549989060.03, 0.175824175824, 0.0, 0.0, 0.0, 27.24609375
1549989060.13, 0.263736263736, 0.0, 0.0, 0.0, 28.828125
1549989060.23, 0.263736263736, 0.0, 0.0, 0.0, 30.05859375
1549989060.33, 0.263736263736, 0.0, 0.0, 0.0, 30.234375
1549989060.43, 0.263736263736, 0.0, 0.0, 0.0, 30.05859375
1549989060.53, 0.263736263736, 0.0, 0.0, 0.0, 31.640625
1549989060.63, 0.175824175824, 0.0, 0.0, 0.0, 25.48828125
1549989060.73, 0.0879120879121, 0.0, 0.0, 0.0, 22.5
1549989060.83, 0.0879120879121, 0.0, 0.0, 0.0, 19.16015625
1549989060.93, 0.0, 0.0, 0.0, 0.0, 15.99609375
1549989061.03, 0.0, 0.0, 0.0, 0.0, 11.77734375
1549989061.13, 0.0879120879121, 0.0, 0.0, -0.0879120879121, 8.26171875
1549989061.23, 0.0879120879121, 0.0, 0.0, 0.0, 9.140625
1549989061.33, 0.0879120879121, 0.0, 0.0, -0.0879120879121, 11.77734375
1549989061.43, 0.0879120879121, 0.0, 0.0, -0.0879120879121, 1.23046875
1549989061.53, 0.0, 0.0, 0.0, -0.0879120879121, 0.52734375
1549989061.63, 0.0879120879121, 0.0, 0.0, -0.0879120879121, 0.52734375
1549989061.73, 0.0879120879121, 0.0, 0.0, -0.0879120879121, 1.40625
1549989061.83, 0.0879120879121, 0.0, 0.0, -0.0879120879121, 3.33984375
1549989061.93, 0.0879120879121, 0.0, 0.0, -0.0879120879121, 5.625
1549989062.03, 0.0879120879121, 0.0, 0.0, -0.0879120879121, 8.96484375
1549989062.13, 0.0879120879121, 0.0, 0.0, -0.0879120879121, 12.48046875
1549989062.23, 0.0879120879121, 0.0, 0.0, -0.0879120879121, 15.99609375
1549989062.33, 0.0879120879121, 0.0, 0.0, 0.0, 17.40234375
1549989062.43, 0.0879120879121, 0.0, 0.0, -0.0879120879121, 14.0625
1549989062.53, 0.175824175824, 0.0, 0.0, 0.0, 25.83984375
1549989062.63, 0.175824175824, 0.0, 0.0, 0.0, 27.94921875
1549989062.73, 0.175824175824, 0.0, 0.0, 0.0, 29.35546875
1549989062.83, 0.175824175824, 0.0, 0.0, 0.0, 30.05859375
1549989062.93, 0.263736263736, 0.0, 0.0, 0.0, 29.8828125
1549989063.03, 0.263736263736, 0.0, 0.0, 0.0, 30.9375
1549989063.13, 0.175824175824, 0.0, 0.0, 0.0, 33.046875
1549989063.23, 0.175824175824, 0.0, 0.0, -0.0879120879121, 23.73046875
1549989063.33, 0.0879120879121, 0.0, 0.0, 0.0, 20.56640625
1549989063.43, 0.0, 0.0, 0.0, 0.0, 17.05078125
1549989063.53, 0.0, 0.0, 0.0, 0.0, 13.359375
1549989063.63, 0.0, 0.0, 0.0, -0.0879120879121, 9.84375
1549989063.73, 0.0879120879121, 0.0, 0.0, -0.0879120879121, 7.734375
1549989063.83, 0.0879120879121, 0.0, 0.0, -0.0879120879121, 10.546875
1549989063.93, 0.0879120879121, 0.0, 0.0, -0.0879120879121, 12.48046875
1549989064.04, 0.0879120879121, 0.0, 0.0, -0.0879120879121, 0.87890625
1549989064.14, 0.0879120879121, 0.0, 0.0, -0.0879120879121, 0.703125
1549989064.24, 0.0879120879121, 0.0, 0.0, -0.0879120879121, 1.23046875
1549989064.34, 0.0879120879121, 0.0, 0.0, -0.0879120879121, 2.63671875
1549989064.44, 0.0879120879121, 0.0, 0.0, -0.0879120879121, 4.921875
1549989064.54, 0.0879120879121, 0.0, 0.0, -0.0879120879121, 7.734375
1549989064.64, 0.0879120879121, 0.0, 0.0, -0.0879120879121, 9.31640625
1549989064.74, 0.0879120879121, 0.0, 0.0, -0.0879120879121, 14.58984375
1549989064.84, 0.0879120879121, 0.0, 0.0, -0.0879120879121, 18.10546875
1549989064.94, 0.0879120879121, 0.0, 0.0, 0.0, 15.8203125
1549989065.04, 0.0879120879121, 0.0, 0.0, -0.0879120879121, 24.43359375
1549989065.14, 0.175824175824, 0.0, 0.0, 0.0, 26.71875
1549989065.24, 0.175824175824, 0.0, 0.0, 0.0, 28.65234375
1549989065.34, 0.175824175824, 0.0, 0.0, 0.0, 29.53125
1549989065.44, 0.263736263736, 0.0, 0.0, 0.0, 29.53125
1549989065.54, 0.175824175824, 0.0, 0.0, 0.0, 28.828125
1549989065.64, 0.263736263736, 0.0, 0.0, 0.0, 27.24609375
1549989065.74, 0.175824175824, 0.0, 0.0, -0.0879120879121, 24.78515625
1549989065.84, 0.0879120879121, 0.0, 0.0, 0.0, 21.796875
1549989065.94, 0.0, 0.0, 0.0, -0.0879120879121, 18.45703125
1549989066.04, 0.0, 0.0, 0.0, -0.0879120879121, 14.94140625
1549989066.14, 0.0, 0.0, 0.0, -0.0879120879121, 11.42578125
1549989066.24, 0.0, 0.0, 0.0, -0.0879120879121, 8.26171875
1549989066.34, 0.0879120879121, 0.0, 0.0, -0.0879120879121, 9.140625
1549989066.44, 0.0879120879121, 0.0, 0.0, -0.0879120879121, 11.25
1549989066.54, 0.0879120879121, 0.0, 0.0, -0.0879120879121, 1.58203125
1549989066.64, 0.0879120879121, 0.0, 0.0, -0.0879120879121, 0.87890625
1549989066.74, 0.0879120879121, 0.0, 0.0, -0.0879120879121, 1.23046875
1549989066.84, 0.0879120879121, 0.0, 0.0, -0.0879120879121, 2.109375
1549989066.94, 0.0879120879121, 0.0, 0.0, -0.0879120879121, 4.04296875
1549989067.04, 0.0879120879121, 0.0, 0.0, -0.0879120879121, 6.328125
1549989067.14, 0.175824175824, 0.0, 0.0, -0.0879120879121, 9.66796875
1549989067.24, 0.0879120879121, 0.0, 0.0, -0.0879120879121, 12.83203125
1549989067.34, 0.0879120879121, 0.0, 0.0, -0.0879120879121, 16.5234375
1549989067.44, 0.0879120879121, 0.0, 0.0, -0.0879120879121, 17.2265625
1549989067.54, 0.0879120879121, 0.0, 0.0, -0.0879120879121, 14.0625
1549989067.64, 0.0879120879121, 0.0, 0.0, 0.0, 25.6640625
1549989067.74, 0.175824175824, 0.0, 0.0, 0.0, 27.7734375
1549989067.84, 0.263736263736, 0.0, 0.0, 0.0, 28.828125
1549989067.94, 0.263736263736, 0.0, 0.0, 0.0, 29.35546875
1549989068.04, 0.263736263736, 0.0, 0.0, 0.0, 29.00390625
1549989068.14, 0.263736263736, 0.0, 0.0, 0.0, 27.94921875
1549989068.24, 0.175824175824, 0.0, 0.0, 0.0, 25.83984375
1549989068.34, 0.175824175824, 0.0, 0.0, 0.0, 23.02734375
1549989068.44, 0.0879120879121, 0.0, 0.0, -0.0879120879121, 19.86328125
1549989068.54, 0.0879120879121, 0.0, 0.0, 0.0, 16.69921875
1549989068.64, 0.0879120879121, 0.0, 0.0, -0.0879120879121, 13.18359375
1549989068.74, 0.0879120879121, 0.0, 0.0, 0.0, 9.66796875
1549989068.84, 0.0879120879121, 0.0, 0.0, -0.0879120879121, 7.734375
1549989068.94, 0.0879120879121, 0.0, 0.0, -0.0879120879121, 10.37109375
