1549989011.66, 0.0, 0.0, 0.0, -0.0879120879121, 0.0
1549989011.76, -0.0879120879121, 0.0, 0.0, 0.0, 0.0
1549989011.86, 0.0, 0.0, 0.0, -0.0879120879121, 0.0
1549989011.96, 0.0879120879121, 0.0, 0.0, -0.0879120879121, 0.0
1549989012.06, 0.0879120879121, 0.0, 0.0, -0.0879120879121, 0.0
1549989012.16, -0.351648351648, 0.175824175824, 0.0879120879121, 2.54945054945, 1.0546875
1549989012.26, -6.85714285714, -0.263736263736, 0.175824175824, 0.175824175824, 2.4609375
1549989012.36, -9.40659340659, -0.175824175824, 0.175824175824, -1.67032967033, -7.03125
1549989012.46, -10.9010989011, -0.175824175824, 0.263736263736, -2.02197802198, -8.7890625
1549989012.56, -10.021978022, -0.175824175824, 0.527472527473, -0.175824175824, -10.8984375
1549989012.66, -8.52747252747, -0.175824175824, 0.527472527473, 0.0879120879121, -14.23828125
1549989012.76, -9.14285714286, -0.263736263736, 0.527472527473, 0.351648351648, -17.2265625
1549989012.86, -8.43956043956, -0.263736263736, 0.527472527473, -0.0879120879121, -20.390625
1549989012.96, -7.73626373626, -0.263736263736, 0.527472527473, -0.0879120879121, -22.67578125
1549989013.06, -6.94505494505, -0.263736263736, 0.527472527473, -0.0879120879121, -22.8515625
1549989013.16, -7.47252747253, -0.263736263736, 0.527472527473, -0.0879120879121, -21.09375
1549989013.26, -8.61538461538, -0.351648351648, 0.527472527473, 0.0879120879121, -19.86328125
1549989013.36, -9.40659340659, -0.351648351648, 0.43956043956, 0.0, -19.51171875
1549989013.46, -9.40659340659, -0.43956043956, 0.43956043956, -0.0879120879121, -20.0390625
1549989013.56, -8.87912087912, -0.351648351648, 0.43956043956, -0.0879120879121, -21.4453125
1549989013.66, -8.43956043956, -0.43956043956, 0.43956043956, 0.0, -22.8515625
1549989013.76, -8.08791208791, -0.351648351648, 0.43956043956, 0.0, -22.32421875
1549989013.86, -7.73626373626, -0.351648351648, 0.527472527473, -0.0879120879121, -22.5
1549989013.97, -7.56043956044, -0.351648351648, 0.527472527473, -0.0879120879121, -16.5234375
1549989014.07, -8.08791208791, -0.351648351648, 0.43956043956, 0.0, -13.7109375
1549989014.17, -8.87912087912, -0.351648351648, 0.43956043956, 0.0, -14.23828125
1549989014.27, -9.23076923077, -0.351648351648, 0.43956043956, 0.0, -16.875
1549989014.37, -9.05494505495, -0.351648351648, 0.43956043956, -0.0879120879121, -6.15234375
1549989014.47, -8.7032967033, -0.351648351648, 0.43956043956, -0.0879120879121, -5.09765625
1549989014.57, -8.35164835165, -0.351648351648, 0.527472527473, 0.0, -4.21875
1549989014.67, -7.91208791209, -0.351648351648, 0.527472527473, 0.0, -3.8671875
1549989014.77, -7.64835164835, -0.351648351648, 0.527472527473, -0.0879120879121, -4.5703125
1549989014.87, -7.82417582418, -0.351648351648, 0.527472527473, 0.0, -5.9765625
1549989014.97, -8.43956043956, -0.351648351648, 0.43956043956, 0.0, -7.91015625
1549989015.07, -8.96703296703, -0.351648351648, 0.43956043956, 0.0, -10.1953125
1549989015.17, -9.14285714286, -0.351648351648, 0.527472527473, -0.0879120879121, -13.0078125
1549989015.27, -9.05494505495, -0.351648351648, 0.43956043956, -0.0879120879121, -16.171875
1549989015.37, -8.7032967033, -0.351648351648, 0.43956043956, -0.0879120879121, -18.984375
1549989015.47, -8.35164835165, -0.351648351648, 0.43956043956, -0.0879120879121, -21.796875
1549989015.57, -8.0, -0.351648351648, 0.527472527473, -0.0879120879121, -23.5546875
1549989015.67, -7.91208791209, -0.351648351648, 0.43956043956, -0.0879120879121, -21.97265625
1549989015.77, -8.26373626374, -0.351648351648, 0.43956043956, -0.0879120879121, -20.56640625
1549989015.87, -8.7032967033, -0.351648351648, 0.43956043956, 0.0, -19.86328125
1549989015.97, -8.87912087912, -0.351648351648, 0.43956043956, 0.0, -20.0390625
1549989016.07, -8.87912087912, -0.351648351648, 0.43956043956, 0.0, -20.91796875
1549989016.17, -8.79120879121, -0.351648351648, 0.43956043956, 0.0, -22.5
1549989016.27, -8.43956043956, -0.351648351648, 0.43956043956, 0.0, -23.02734375
1549989016.37, -8.17582417582, -0.351648351648, 0.43956043956, -0.0879120879121, -21.4453125
1549989016.47, -8.0, -0.351648351648, 0.527472527473, -0.0879120879121, -18.6328125
1549989016.57, -8.17582417582, -0.351648351648, 0.527472527473, -0.0879120879121, -14.94140625
1549989016.67, -8.43956043956, -0.351648351648, 0.43956043956, 0.0, -13.0078125
1549989016.77, -8.79120879121, -0.351648351648, 0.43956043956, 0.0, -15.64453125
1549989016.87, -8.79120879121, -0.351648351648, 0.527472527473, -0.0879120879121, -7.20703125
1549989016.97, -8.7032967033, -0.351648351648, 0.43956043956, 0.0, -5.625
1549989017.07, -8.43956043956, -0.351648351648, 0.43956043956, 0.0, -4.5703125
1549989017.17, -8.26373626374, -0.351648351648, 0.43956043956, 0.0, -4.21875
1549989017.27, -8.0, -0.351648351648, 0.43956043956, 0.0, -4.5703125
1549989017.37, -8.0, -0.351648351648, 0.43956043956, 0.0, -5.625
1549989017.47, -8.35164835165, -0.351648351648, 0.527472527473, 0.0, -7.20703125
1549989017.57, -8.61538461538, -0.351648351648, 0.43956043956, 0.0, -9.4921875
1549989017.67, -8.79120879121, -0.351648351648, 0.43956043956, 0.0, -12.12890625
1549989017.77, -8.79120879121, -0.351648351648, 0.43956043956, -0.0879120879121, -14.94140625
1549989017.87, -8.61538461538, -0.351648351648, 0.43956043956, -0.0879120879121, -17.75390625
1549989017.97, -8.43956043956, -0.351648351648, 0.43956043956, -0.0879120879121, -20.56640625
1549989018.07, -8.26373626374, -0.351648351648, 0.43956043956, -0.0879120879121, -22.8515625
1549989018.17, -8.26373626374, -0.351648351648, 0.43956043956, -0.0879120879121, -22.67578125
1549989018.27, -8.35164835165, -0.351648351648, 0.43956043956, -0.0879120879121, -21.26953125
1549989018.37, -8.52747252747, -0.351648351648, 0.43956043956, 0.0, -20.21484375
1549989018.47, -8.7032967033, -0.351648351648, 0.43956043956, 0.0, -20.0390625
1549989018.57, -8.79120879121, -0.351648351648, 0.43956043956, 0.0, -20.7421875
1549989018.67, -8.61538461538, -0.351648351648, 0.43956043956, 0.0, -21.97265625
1549989018.77, -8.43956043956, -0.351648351648, 0.43956043956, -0.0879120879121, -23.73046875
1549989018.87, -8.26373626374, -0.351648351648, 0.43956043956, -0.0879120879121, -21.4453125
1549989018.97, -8.17582417582, -0.351648351648, 0.527472527473, -0.0879120879121, -18.6328125
1549989019.07, -8.26373626374, -0.351648351648, 0.43956043956, -0.0879120879121, -15.8203125
1549989019.17, -8.43956043956, -0.351648351648, 0.43956043956, 0.0, -13.0078125
1549989019.27, -8.61538461538, -0.351648351648, 0.43956043956, 0.0, -14.4140625
1549989019.37, -8.7032967033, -0.351648351648, 0.43956043956, 0.0, -17.05078125
1549989019.47, -8.52747252747, -0.351648351648, 0.527472527473, 0.0, -6.50390625
1549989019.57, -8.43956043956, -0.351648351648, 0.527472527473, 0.0, -5.09765625
1549989019.67, -8.35164835165, -0.351648351648, 0.43956043956, 0.0, -4.39453125
1549989019.77, -8.17582417582, -0.351648351648, 0.43956043956, -0.0879120879121, -4.5703125
1549989019.87, -8.26373626374, -0.351648351648, 0.527472527473, -0.0879120879121, -5.2734375
1549989019.97, -8.43956043956, -0.351648351648, 0.43956043956, -0.0879120879121, -6.6796875
1549989020.07, -8.52747252747, -0.351648351648, 0.43956043956, 0.0, -8.61328125
1549989020.17, -8.61538461538, -0.351648351648, 0.43956043956, 0.0, -10.8984375
1549989020.27, -8.61538461538, -0.351648351648, 0.43956043956, -0.0879120879121, -13.7109375
1549989020.37, -8.52747252747, -0.351648351648, 0.43956043956, -0.0879120879121, -16.5234375
1549989020.47, -8.43956043956, -0.351648351648, 0.43956043956, 0.0, -19.3359375
1549989020.57, -8.35164835165, -0.351648351648, 0.43956043956, -0.0879120879121, -21.97265625
1549989020.67, -8.35164835165, -0.351648351648, 0.43956043956, -0.0879120879121, -23.5546875
1549989020.77, -8.43956043956, -0.351648351648, 0.43956043956, 0.0, -21.97265625
1549989020.87, -8.61538461538, -0.351648351648, 0.43956043956, 0.0, -20.7421875
1549989020.97, -8.61538461538, -0.351648351648, 0.43956043956, -0.0879120879121, -20.56640625
1549989021.07, -8.61538461538, -0.351648351648, 0.43956043956, -0.0879120879121, -20.56640625
1549989021.17, -8.52747252747, -0.351648351648, 0.43956043956, -0.0879120879121, -21.4453125
1549989021.27, -8.43956043956, -0.351648351648, 0.527472527473, -0.0879120879121, -23.37890625
1549989021.37, -8.35164835165, -0.351648351648, 0.527472527473, -0.0879120879121, -22.32421875
1549989021.47, -8.35164835165, -0.351648351648, 0.43956043956, -0.0879120879121, -22.1484375
1549989021.57, -8.43956043956, -0.351648351648, 0.43956043956, -0.0879120879121, -17.2265625
