1549982372.58, -6.09292984009, 0.0479003936052, -7.54910182953, 0.0101200118661, 0.0157126504928, 0.0109189609066, None, None
1549982372.69, -6.11209011078, 0.0, -7.51078176498, 0.0181094966829, 0.0175768639892, 0.0149137023836, None, None
1549982372.79, -6.0737695694, 0.0191601570696, -7.53952169418, 0.00905474834144, 0.0162452831864, 0.00639158673584, None, None
1549982372.89, -6.09292984009, 0.0479003936052, -7.52036142349, 0.0135821215808, 0.0159789659083, 0.00878843199462, None, None
1549982372.99, -6.11209011078, 0.0479003936052, -7.53952169418, 0.0127831725404, 0.0197073929012, 0.0111852772534, None, None
1549982373.09, -6.09292984009, 0.00958007853478, -7.51078176498, 0.0205063410103, 0.0167779158801, 0.0130494898185, None, None
1549982373.19, -6.11209011078, 0.028740234673, -7.52036142349, 0.0130494898185, 0.0178431794047, 0.0119842253625, None, None
1549982373.29, -6.10250997543, 0.0191601570696, -7.52036142349, 0.0125168571249, 0.0197073929012, 0.0114515926689, None, None
1549982373.39, -6.10250997543, 0.0191601570696, -7.51078176498, 0.0205063410103, 0.0154463350773, 0.0119842253625, None, None
1549982373.49, -6.05460977554, 0.0191601570696, -7.51078176498, 0.0197073929012, 0.0191747602075, 0.0135821215808, None, None
1549982373.59, -6.11209011078, 0.00958007853478, -7.52036142349, 0.0162452831864, 0.0191747602075, 0.0133158061653, None, None
1549982373.69, -6.0737695694, 0.0479003936052, -7.54910182953, 0.0167779158801, 0.0159789659083, 0.0133158061653, None, None
1549982373.79, -6.11209011078, 0.0383203141391, -7.50120162964, 0.0175768639892, 0.019441075623, 0.0173105467111, None, None
1549982373.89, -6.09292984009, 0.0, -7.52036142349, 0.0154463350773, 0.0159789659083, 0.0119842253625, None, None
1549982373.99, -6.12167024612, -0.0383203141391, -7.51078176498, 0.0138484379277, 0.019441075623, 0.0125168571249, None, None
1549982374.09, -6.0737695694, -0.0383203141391, -7.54910182953, 0.0133158061653, 0.0181094966829, 0.0133158061653, None, None
1549982374.19, -6.12167024612, -0.0191601570696, -7.54910182953, 0.0135821215808, 0.0181094966829, 0.0151800187305, None, None
1549982374.29, -6.10250997543, 0.0191601570696, -7.50120162964, 0.0151800187305, 0.0181094966829, 0.00852211564779, None, None
1549982374.39, -6.12167024612, 0.0479003936052, -7.52036142349, 0.00878843199462, 0.0197073929012, 0.0117179090157, None, None
1549982374.49, -6.10250997543, 0.0191601570696, -7.54910182953, 0.0162452831864, 0.0162452831864, 0.0106526445597, None, None
1549982374.59, -6.11209011078, 0.00958007853478, -7.52036142349, 0.0151800187305, 0.019441075623, 0.0101200118661, None, None
1549982374.69, -6.10250997543, 0.0191601570696, -7.50120162964, 0.0109189609066, 0.0197073929012, 0.00985369645059, None, None
1549982374.79, -6.09292984009, -0.00958007853478, -7.52036142349, 0.0109189609066, 0.0146473860368, 0.0111852772534, None, None
1549982374.89, -6.11209011078, 0.0, -7.52994155884, 0.0135821215808, 0.019441075623, 0.0141147542745, None, None
1549982374.99, -6.12167024612, 0.0, -7.53952169418, 0.0173105467111, 0.0162452831864, 0.00932106375694, None, None
1549982375.09, -6.12167024612, 0.00958007853478, -7.55868196487, 0.0154463350773, 0.0170442312956, 0.0146473860368, None, None
1549982375.19, -6.09292984009, 0.057480469346, -7.52994155884, 0.0149137023836, 0.0178431794047, 0.0117179090157, None, None
1549982375.29, -6.10250997543, 0.00958007853478, -7.46288108826, 0.0162452831864, 0.0173105467111, 0.00985369645059, None, None
1549982375.39, -6.10250997543, 0.028740234673, -7.52994155884, 0.0114515926689, 0.018908444792, 0.0114515926689, None, None
1549982375.49, -6.09292984009, 0.0479003936052, -7.52036142349, 0.0109189609066, 0.0130494898185, 0.00665790308267, None, None
1549982375.59, -6.08334970474, 0.0479003936052, -7.52036142349, 0.0117179090157, 0.0173105467111, 0.00772316753864, None, None
1549982375.69, -6.0737695694, 0.00958007853478, -7.51078176498, 0.0157126504928, 0.0191747602075, 0.0114515926689, None, None
1549982375.79, -6.06418991089, 0.0, -7.49162149429, 0.0141147542745, 0.0162452831864, 0.0109189609066, None, None
1549982375.89, -6.10250997543, 0.00958007853478, -7.50120162964, 0.0101200118661, 0.0199737083167, 0.0127831725404, None, None
1549982375.99, -6.13125038147, 0.00958007853478, -7.52036142349, 0.0202400237322, 0.0167779158801, 0.0159789659083, None, None
1549982376.09, -6.11209011078, 0.0479003936052, -7.50120162964, 0.0101200118661, 0.0154463350773, 0.0149137023836, None, None
1549982376.19, -6.10250997543, 0.0479003936052, -7.52036142349, 0.00932106375694, 0.0151800187305, 0.00958738010377, None, None
1549982376.29, -6.10250997543, 0.00958007853478, -7.52036142349, 0.0117179090157, 0.0154463350773, 0.0146473860368, None, None
1549982376.39, -6.11209011078, 0.0479003936052, -7.51078176498, 0.00985369645059, 0.0197073929012, 0.0125168571249, None, None
1549982376.49, -6.13125038147, 0.0, -7.53952169418, 0.0109189609066, 0.0173105467111, 0.0101200118661, None, None
1549982376.59, -6.09292984009, 0.00958007853478, -7.52036142349, 0.0178431794047, 0.0151800187305, 0.0159789659083, None, None
1549982376.69, -6.09292984009, -0.0191601570696, -7.52036142349, 0.0111852772534, 0.0157126504928, 0.00772316753864, None, None
1549982376.79, -6.10250997543, 0.00958007853478, -7.51078176498, 0.0114515926689, 0.0183758120984, 0.0119842253625, None, None
1549982376.89, -6.11209011078, 0.0479003936052, -7.50120162964, 0.0141147542745, 0.0175768639892, 0.0117179090157, None, None
1549982377.0, -6.09292984009, 0.0479003936052, -7.50120162964, 0.0133158061653, 0.0202400237322, 0.00772316753864, None, None
1549982377.1, -6.09292984009, 0.028740234673, -7.54910182953, 0.0133158061653, 0.0175768639892, 0.0138484379277, None, None
1549982377.2, -6.12167024612, 0.00958007853478, -7.52036142349, 0.0130494898185, 0.0202400237322, 0.0109189609066, None, None
1549982377.3, -6.02586936951, 0.00958007853478, -7.52994155884, 0.0162452831864, 0.0157126504928, 0.0111852772534, None, None
1549982377.4, -6.13125038147, 0.0191601570696, -7.49162149429, 0.0109189609066, 0.0197073929012, 0.0138484379277, None, None
1549982377.5, -6.09292984009, 0.0191601570696, -7.52036142349, 0.0127831725404, 0.0175768639892, 0.0146473860368, None, None
