1549980556.9, 1, 1, 1, 1, 1, 1, 1, 1, 1, 1, 1
1549980557.0, 1, 1, 1, 1, 1, 1, 1, 1, 1, 1, 1
1549980557.1, 1, 1, 1, 1, 1, 1, 1, 1, 1, 1, 1
1549980557.2, 1, 1, 1, 1, 1, 1, 1, 1, 1, 1, 1
1549980557.3, 1, 1, 1, 1, 1, 1, 1, 1, 1, 1, 1
1549980557.4, 1, 1, 1, 1, 1, 1, 1, 1, 1, 1, 1
1549980557.5, 1, 1, 1, 1, 1, 1, 1, 1, 1, 1, 1
1549980557.6, 1, 1, 1, 1, 1, 1, 1, 1, 1, 1, 1
1549980557.7, 1, 1, 1, 1, 1, 1, 1, 1, 1, 1, 1
1549980557.8, 1, 1, 1, 1, 1, 1, 1, 1, 1, 1, 1
1549980557.9, 1, 1, 1, 1, 1, 1, 1, 1, 1, 1, 1
1549980558.0, 1, 1, 1, 1, 1, 1, 1, 1, 1, 1, 1
1549980558.1, 1, 1, 1, 1, 1, 1, 1, 1, 1, 1, 1
1549980558.2, 1, 1, 1, 1, 1, 1, 1, 1, 1, 1, 1
1549980558.3, 1, 1, 1, 1, 1, 1, 1, 1, 1, 1, 1
1549980558.4, 1, 1, 1, 1, 1, 1, 1, 1, 1, 1, 1
1549980558.5, 1, 1, 1, 1, 1, 1, 1, 1, 1, 1, 1
1549980558.6, 1, 1, 1, 1, 1, 1, 1, 1, 1, 1, 1
1549980558.7, 1, 1, 1, 1, 1, 1, 1, 1, 1, 1, 1
1549980558.8, 1, 1, 1, 1, 1, 1, 1, 1, 1, 1, 1
1549980558.9, 1, 1, 1, 1, 1, 1, 1, 1, 1, 1, 1
1549980559.0, 1, 1, 1, 1, 1, 1, 1, 1, 1, 1, 1
1549980559.1, 1, 1, 1, 1, 1, 1, 1, 1, 1, 1, 1
1549980559.2, 1, 1, 1, 1, 1, 1, 1, 1, 1, 1, 1
1549980559.3, 1, 1, 1, 1, 1, 1, 1, 1, 1, 1, 1
1549980559.4, 1, 1, 1, 1, 1, 1, 1, 1, 1, 1, 1
1549980559.5, 1, 1, 1, 1, 1, 1, 1, 1, 1, 1, 1
1549980559.6, 1, 1, 1, 1, 1, 1, 1, 1, 1, 1, 1
1549980559.7, 1, 1, 1, 1, 1, 1, 1, 1, 1, 1, 1
1549980559.8, 1, 1, 1, 1, 1, 1, 1, 1, 1, 1, 1
1549980559.9, 1, 1, 1, 1, 1, 1, 1, 1, 1, 1, 1
1549980560.0, 1, 1, 1, 1, 1, 1, 1, 1, 1, 1, 1
1549980560.1, 1, 1, 1, 1, 1, 1, 1, 1, 1, 1, 1
1549980560.2, 1, 1, 1, 1, 1, 1, 1, 1, 1, 1, 1
1549980560.3, 1, 1, 1, 1, 1, 1, 1, 1, 1, 1, 1
1549980560.4, 1, 1, 1, 1, 1, 1, 1, 1, 1, 1, 1
1549980560.5, 1, 1, 1, 1, 1, 1, 1, 1, 1, 1, 1
1549980560.6, 1, 1, 1, 1, 1, 1, 1, 1, 1, 1, 1
1549980560.7, 1, 1, 1, 1, 1, 1, 1, 1, 1, 1, 1
1549980560.8, 1, 1, 1, 1, 1, 1, 1, 1, 1, 1, 1
1549980560.9, 1, 1, 1, 1, 1, 1, 1, 1, 1, 1, 1
1549980561.0, 1, 1, 1, 1, 1, 1, 1, 1, 1, 1, 1
1549980561.1, 1, 1, 1, 1, 1, 1, 1, 1, 1, 1, 1
1549980561.2, 1, 1, 1, 1, 1, 1, 1, 1, 1, 1, 1
1549980561.3, 1, 1, 1, 1, 1, 1, 1, 1, 1, 1, 1
1549980561.4, 1, 1, 1, 1, 1, 1, 1, 1, 1, 1, 1
1549980561.5, 1, 1, 1, 1, 1, 1, 1, 1, 1, 1, 1
1549980561.6, 1, 1, 1, 1, 1, 1, 1, 1, 1, 1, 1
1549980561.7, 1, 1, 1, 1, 1, 1, 1, 1, 1, 1, 1
1549980561.8, 1, 1, 1, 1, 1, 1, 1, 1, 1, 1, 1
