1549980295.01, 1, 1, 1, 1, 1, 1, 1, 1, 1, 1, 1
1549980295.11, 1, 1, 1, 1, 1, 1, 1, 1, 1, 1, 1
1549980295.21, 1, 1, 1, 1, 1, 1, 1, 1, 1, 1, 1
1549980295.31, 1, 1, 1, 1, 1, 1, 1, 1, 1, 1, 1
1549980295.41, 1, 1, 1, 1, 1, 1, 1, 1, 1, 1, 1
1549980295.51, 1, 1, 1, 1, 1, 1, 1, 1, 1, 1, 1
1549980295.61, 1, 1, 1, 1, 1, 1, 1, 1, 1, 1, 1
1549980295.71, 1, 1, 1, 1, 1, 1, 1, 1, 1, 1, 1
1549980295.81, 1, 1, 1, 1, 1, 1, 1, 1, 1, 1, 1
1549980295.91, 1, 1, 1, 1, 1, 1, 1, 1, 1, 1, 1
1549980296.01, 1, 1, 1, 1, 1, 1, 1, 1, 1, 1, 1
1549980296.11, 1, 1, 1, 1, 1, 1, 1, 1, 1, 1, 1
1549980296.21, 1, 1, 1, 1, 1, 1, 1, 1, 1, 1, 1
1549980296.31, 1, 1, 1, 1, 1, 1, 1, 1, 1, 1, 1
1549980296.41, 1, 1, 1, 1, 1, 1, 1, 1, 1, 1, 1
1549980296.51, 1, 1, 1, 1, 1, 1, 1, 1, 1, 1, 1
1549980296.61, 1, 1, 1, 1, 1, 1, 1, 1, 1, 1, 1
1549980296.71, 1, 1, 1, 1, 1, 1, 1, 1, 1, 1, 1
1549980296.81, 1, 1, 1, 1, 1, 1, 1, 1, 1, 1, 1
1549980296.91, 1, 1, 1, 1, 1, 1, 1, 1, 1, 1, 1
1549980297.01, 1, 1, 1, 1, 1, 1, 1, 1, 1, 1, 1
1549980297.11, 1, 1, 1, 1, 1, 1, 1, 1, 1, 1, 1
1549980297.21, 1, 1, 1, 1, 1, 1, 1, 1, 1, 1, 1
1549980297.32, 1, 1, 1, 1, 1, 1, 1, 1, 1, 1, 1
1549980297.42, 1, 1, 1, 1, 1, 1, 1, 1, 1, 1, 1
1549980297.52, 1, 1, 1, 1, 1, 1, 1, 1, 1, 1, 1
1549980297.62, 1, 1, 1, 1, 1, 1, 1, 1, 1, 1, 1
1549980297.72, 1, 1, 1, 1, 1, 1, 1, 1, 1, 1, 1
1549980297.82, 1, 1, 1, 1, 1, 1, 1, 1, 1, 1, 1
1549980297.92, 1, 1, 1, 1, 1, 1, 1, 1, 1, 1, 1
1549980298.02, 1, 1, 1, 1, 1, 1, 1, 1, 1, 1, 1
1549980298.12, 1, 1, 1, 1, 1, 1, 1, 1, 1, 1, 1
1549980298.22, 1, 1, 1, 1, 1, 1, 1, 1, 1, 1, 1
1549980298.32, 1, 1, 1, 1, 1, 1, 1, 1, 1, 1, 1
1549980298.42, 1, 1, 1, 1, 1, 1, 1, 1, 1, 1, 1
1549980298.52, 1, 1, 1, 1, 1, 1, 1, 1, 1, 1, 1
1549980298.62, 1, 1, 1, 1, 1, 1, 1, 1, 1, 1, 1
1549980298.72, 1, 1, 1, 1, 1, 1, 1, 1, 1, 1, 1
1549980298.82, 1, 1, 1, 1, 1, 1, 1, 1, 1, 1, 1
1549980298.92, 1, 1, 1, 1, 1, 1, 1, 1, 1, 1, 1
1549980299.02, 1, 1, 1, 1, 1, 1, 1, 1, 1, 1, 1
1549980299.12, 1, 1, 1, 1, 1, 1, 1, 1, 1, 1, 1
1549980299.22, 1, 1, 1, 1, 1, 1, 1, 1, 1, 1, 1
1549980299.32, 1, 1, 1, 1, 1, 1, 1, 1, 1, 1, 1
1549980299.42, 1, 1, 1, 1, 1, 1, 1, 1, 1, 1, 1
1549980299.52, 1, 1, 1, 1, 1, 1, 1, 1, 1, 1, 1
1549980299.62, 1, 1, 1, 1, 1, 1, 1, 1, 1, 1, 1
1549980299.72, 1, 1, 1, 1, 1, 1, 1, 1, 1, 1, 1
1549980299.82, 1, 1, 1, 1, 1, 1, 1, 1, 1, 1, 1
1549980299.92, 1, 1, 1, 1, 1, 1, 1, 1, 1, 1, 1
