0.000334978,0,0.0,0.0,0.0,0.0,0.0,0.0,0.0,0.0,0.0,0.0,1.05469,0.0,0.00674,0.13537,None,seated
0.0504198,1,0.0,0.0,0.0,0.0,0.0,0.0,0.0,0.0,0.0,0.0,1.40625,7.01934,0.00674,0.13537,Nothing,seated
0.100508,2,0.0,0.0,0.0,0.0,0.0,0.0,0.0,0.0,0.0,0.0,1.93359,10.5283,0.00674,0.13537,Nothing,seated
0.150591,3,0.0,0.0,0.0,0.0,0.0,0.0,0.0,0.0,0.0,0.0,2.46094,10.5294,0.00674,0.13537,Nothing,seated
0.200681,4,0.0,0.0,0.0,0.0,0.0,0.0,0.0,0.0,0.0,0.0,2.98828,10.5279,0.00674,0.13537,Nothing,seated
0.250763,5,0.0,0.0,0.0,0.0,0.0,0.0,0.0,0.0,0.0,0.0,3.69141,14.0395,0.00674,0.13537,Nothing,seated
0.300848,6,0.0,0.0,0.0,0.0,0.0,0.0,0.0,0.0,0.0,0.0,4.39453,14.0386,0.00674,0.13537,Nothing,seated
0.350931,7,0.0,0.0,0.0,0.0,0.0,0.0,0.0,0.0,0.0,0.0,5.09766,14.0392,0.00674,0.13537,Nothing,seated
0.401014,8,0.0,0.0,0.0,0.0,0.0,0.0,0.0,0.0,0.0,0.0,5.80078,14.0392,0.00674,0.13537,Nothing,seated
0.451094,9,0.0,0.0,0.0,0.0,0.0,0.0,0.0,0.0,0.0,0.0,6.50391,14.04,0.00674,0.13537,Nothing,seated
0.501176,10,0.0,0.0,0.0,0.0,0.0,0.0,0.0,0.0,0.0,0.0,7.20703,14.0395,0.00674,0.13537,Nothing,seated
0.551261,11,0.0,0.0,0.0,0.0,0.0,0.0,0.0,0.0,0.0,0.0,7.73438,10.529,0.00674,0.13537,Nothing,seated
0.601342,12,0.0,0.0,0.0,0.0,0.0,0.0,0.0,0.0,0.0,0.0,8.26172,10.5298,0.00674,0.13537,Nothing,seated
0.651428,13,0.0,0.0,0.0,0.0,0.0,0.0,0.0,0.0,0.0,0.0,8.61328,7.01917,0.00674,0.13537,Nothing,seated
0.701513,14,0.0,0.0,0.0,0.0,0.0,0.0,0.0,0.0,0.0,0.0,8.96484,7.01934,0.00674,0.13537,Nothing,seated
0.751594,15,0.0,0.0,0.0,0.0,0.0,0.0,0.0,0.0,0.0,0.0,9.14062,3.50994,0.00674,0.13537,Nothing,seated
0.801679,16,0.0,0.0,0.0,0.0,0.0,0.0,0.0,0.0,0.0,0.0,9.14062,0.0,0.00674,0.13537,Nothing,seated
0.851764,17,0.0,0.0,0.0,0.0,0.0,0.0,0.0,0.0,0.0,0.0,9.14062,0.0,0.00674,0.13537,Nothing,seated
0.901845,18,0.0,0.0,0.0,0.0,0.0,0.0,0.0,0.0,0.0,0.0,8.78906,-7.01988,0.00674,0.13537,Nothing,seated
0.951931,19,0.0,0.0,0.0,0.0,0.0,0.0,0.0,0.0,0.0,0.0,8.4375,-7.01917,0.00674,0.13537,Nothing,seated
1.00201,20,0.0,0.0,0.0,0.0,0.0,0.0,0.0,0.0,0.0,0.0,8.08594,-7.01961,0.00674,0.13537,Nothing,seated
1.0521,21,0.0,0.0,0.0,0.0,0.0,0.0,0.0,0.0,0.0,0.0,7.38281,-14.0389,0.00674,0.13537,Nothing,seated
1.10218,22,0.0,0.0,0.0,0.0,0.0,0.0,0.0,0.0,0.0,0.0,6.67969,-14.0403,0.00674,0.13537,Nothing,seated
1.15226,23,0.0,0.0,0.0,0.0,0.0,0.0,0.0,0.0,0.0,0.0,5.97656,-14.0378,0.00674,0.13537,Nothing,seated
1.20235,24,0.0,0.0,0.0,0.0,0.0,0.0,0.0,0.0,0.0,0.0,4.92188,-21.0575,0.00674,0.13537,Nothing,seated
1.25244,25,0.0,0.0,0.0,0.0,0.0,0.0,0.0,0.0,0.0,0.0,4.04297,-17.5483,0.00674,0.13537,Nothing,seated
1.30252,26,0.0,0.0,0.0,0.0,0.0,0.0,0.0,0.0,0.0,0.0,2.98828,-21.0579,0.00674,0.13537,Nothing,seated
1.3526,27,0.0,0.0,0.0,0.0,0.0,0.0,0.0,0.0,0.0,0.0,1.93359,-21.0601,0.00674,0.13537,Nothing,seated
1.40269,28,0.0,0.0,0.0,0.0,0.0,0.0,0.0,0.0,0.0,0.0,0.878906,-21.0571,0.00674,0.13537,Nothing,seated
1.45278,29,0.0,0.0,0.0,0.0,0.0,0.0,0.0,0.0,0.0,0.0,-0.175781,-21.057,0.00674,0.13537,Nothing,seated
1.50285,30,0.0,0.0,0.0,0.0,0.0,0.0,0.0,0.0,0.0,0.0,-1.40625,-24.5711,0.00674,0.13537,Nothing,seated
1.55294,31,0.0,0.0,0.0,0.0,0.0,0.0,0.0,0.0,0.0,0.0,-2.46094,-21.0567,0.00674,0.13537,Nothing,seated
1.60302,32,0.0,0.0,0.0,0.0,0.0,0.0,0.0,0.0,0.0,0.0,-3.33984,-17.5504,0.00674,0.13537,Nothing,seated
1.6531,33,0.0,0.0,0.0,0.0,0.0,0.0,0.0,0.0,0.0,0.0,-4.39453,-21.0592,0.00674,0.13537,Nothing,seated
1.70318,34,0.0,0.0,0.0,0.0,0.0,0.0,0.0,0.0,0.0,0.0,-5.27344,-17.5514,0.00674,0.13537,Nothing,seated
1.75326,35,0.0,0.0,0.0,0.0,0.0,0.0,0.0,0.0,0.0,0.0,-5.97656,-14.0398,0.00674,0.13537,Nothing,seated
1.80334,36,0.0,0.0,0.0,0.0,0.0,0.0,0.0,0.0,0.0,0.0,-6.67969,-14.0398,0.00674,0.13537,Nothing,seated
1.85343,37,0.0,0.0,0.0,0.0,0.0,0.0,0.0,0.0,0.0,0.0,-7.38281,-14.0386,0.00674,0.13537,Nothing,seated
1.9035,38,0.0,0.0,0.0,0.0,0.0,0.0,0.0,0.0,0.0,0.0,-7.73438,-7.02031,0.00674,0.13537,Nothing,seated
1.95458,39,0.0,0.0,0.0,0.0,0.0,0.0,0.0,0.0,0.0,0.0,-8.08594,-6.88352,0.00674,0.13537,Nothing,seated
2.00466,40,0.0,0.0,0.0,0.0,0.0,0.0,0.0,0.0,0.0,0.0,-8.4375,-7.01921,0.00674,0.13537,Nothing,seated
2.05474,41,0.0,0.0,0.0,0.0,0.0,0.0,0.0,0.0,0.0,0.0,-8.4375,0.0,0.00674,0.13537,Nothing,seated
2.10482,42,0.0,0.0,0.0,0.0,0.0,0.0,0.0,0.0,0.0,0.0,-8.4375,0.0,0.00674,0.13537,Nothing,seated
2.15491,43,0.0,0.0,0.0,0.0,0.0,0.0,0.0,0.0,0.0,0.0,-8.26172,3.5096,0.00674,0.13537,Nothing,seated
2.20499,44,0.0,0.0,0.0,0.0,0.0,0.0,0.0,0.0,0.0,0.0,-7.91016,7.01944,0.00674,0.13537,Nothing,seated
2.25507,45,0.0,0.0,0.0,0.0,0.0,0.0,0.0,0.0,0.0,0.0,-7.55859,7.02044,0.00674,0.13537,Nothing,seated
2.30514,46,0.0,0.0,0.0,0.0,0.0,0.0,0.0,0.0,0.0,0.0,-7.03125,10.5307,0.00674,0.13537,Nothing,seated
2.35523,47,0.0,0.0,0.0,0.0,0.0,0.0,0.0,0.0,0.0,0.0,-6.32812,14.0395,0.00674,0.13537,Nothing,seated
2.40531,48,0.0,0.0,0.0,0.0,0.0,0.0,0.0,0.0,0.0,0.0,-5.625,14.0398,0.00674,0.13537,Nothing,seated
2.45539,49,0.0,0.0,0.0,0.0,0.0,0.0,0.0,0.0,0.0,0.0,-4.74609,17.5489,0.00674,0.13537,Nothing,seated
2.50548,50,0.0,0.0,0.0,0.0,0.0,0.0,0.0,0.0,0.0,0.0,-3.86719,17.5479,0.00674,0.13537,Nothing,seated
2.55556,51,0.0,0.0,0.0,0.0,0.0,0.0,0.0,0.0,0.0,0.0,-2.8125,21.0571,0.00674,0.13537,Nothing,seated
2.60564,52,0.0,0.0,0.0,0.0,0.0,0.0,0.0,0.0,0.0,0.0,-1.75781,21.0601,0.00674,0.13537,Nothing,seated
2.65573,53,0.0,0.0,0.0,0.0,0.0,0.0,0.0,0.0,0.0,0.0,-0.703125,21.0591,0.00674,0.13537,Nothing,seated
2.7058,54,0.0,0.0,0.0,0.0,0.0,0.0,0.0,0.0,0.0,0.0,0.351562,21.0626,0.00674,0.13537,Nothing,seated
2.75588,55,0.0,0.0,0.0,0.0,0.0,0.0,0.0,0.0,0.0,0.0,1.40625,21.0579,0.00674,0.13537,Nothing,seated
2.80596,56,0.0,0.0,0.0,0.0,0.0,0.0,0.0,0.0,0.0,0.0,2.46094,21.0605,0.00674,0.13537,Nothing,seated
2.85604,57,0.0,0.0,0.0,0.0,0.0,0.0,0.0,0.0,0.0,0.0,3.51562,21.06,0.00674,0.13537,Nothing,seated
2.90612,58,0.0,0.0,0.0,0.0,0.0,0.0,0.0,0.0,0.0,0.0,4.57031,21.0596,0.00674,0.13537,Nothing,seated
2.9562,59,0.0,0.0,0.0,0.0,0.0,0.0,0.0,0.0,0.0,0.0,5.44922,17.5514,0.00674,0.13537,Nothing,seated
3.00628,60,0.0,0.0,0.0,0.0,0.0,0.0,0.0,0.0,0.0,0.0,6.32812,17.5497,0.00674,0.13537,Nothing,seated
3.05636,61,0.0,0.0,0.0,0.0,0.0,0.0,0.0,0.0,0.0,0.0,7.03125,14.0398,0.00674,0.13537,Nothing,seated
3.10644,62,0.0,0.0,0.0,0.0,0.0,0.0,0.0,0.0,0.0,0.0,7.55859,10.5311,0.00674,0.13537,Nothing,seated
3.15652,63,0.0,0.0,0.0,0.0,0.0,0.0,0.0,0.0,0.0,0.0,8.08594,10.5301,0.00674,0.13537,Nothing,seated
3.20659,64,0.0,0.0,0.0,0.0,0.0,0.0,0.0,0.0,0.0,0.0,8.4375,7.02098,0.00674,0.13537,Nothing,seated
3.25668,65,0.0,0.0,0.0,0.0,0.0,0.0,0.0,0.0,0.0,0.0,8.78906,7.01917,0.00674,0.13537,Nothing,seated
3.30676,66,0.0,0.0,0.0,0.0,0.0,0.0,0.0,0.0,0.0,0.0,8.96484,3.50974,0.00674,0.13537,Nothing,seated
3.35684,67,0.0,0.0,0.0,0.0,0.0,0.0,0.0,0.0,0.0,0.0,8.96484,0.0,0.00674,0.13537,Nothing,seated
3.40692,68,0.0,0.0,0.0,0.0,0.0,0.0,0.0,0.0,0.0,0.0,8.78906,-3.50967,0.00674,0.13537,Nothing,seated
3.45701,69,0.0,0.0,0.0,0.0,0.0,0.0,0.0,0.0,0.0,0.0,8.61328,-3.50979,0.00674,0.13537,Nothing,seated
3.50709,70,0.0,0.0,0.0,0.0,0.0,0.0,0.0,0.0,0.0,0.0,8.26172,-7.01947,0.00674,0.13537,Nothing,seated
3.55717,71,0.0,0.0,0.0,0.0,0.0,0.0,0.0,0.0,0.0,0.0,7.73438,-10.53,0.00674,0.13537,Nothing,seated
3.60725,72,0.0,0.0,0.0,0.0,0.0,0.0,0.0,0.0,0.0,0.0,7.03125,-14.0406,0.00674,0.13537,Nothing,seated
3.65732,73,0.0,0.0,0.0,0.0,0.0,0.0,0.0,0.0,0.0,0.0,6.32812,-14.0412,0.00674,0.13537,Nothing,seated
3.7074,74,0.0,0.0,0.0,0.0,0.0,0.0,0.0,0.0,0.0,0.0,5.625,-14.0398,0.00674,0.13537,Nothing,seated
3.75748,75,0.0,0.0,0.0,0.0,0.0,0.0,0.0,0.0,0.0,0.0,4.74609,-17.55,0.00674,0.13537,Nothing,seated
3.80755,76,0.0,0.0,0.0,0.0,0.0,0.0,0.0,0.0,0.0,0.0,3.69141,-21.0642,0.00674,0.13537,Nothing,seated
3.85764,77,0.0,0.0,0.0,0.0,0.0,0.0,0.0,0.0,0.0,0.0,2.8125,-17.5497,0.00674,0.13537,Nothing,seated
3.90772,78,0.0,0.0,0.0,0.0,0.0,0.0,0.0,0.0,0.0,0.0,1.75781,-21.0596,0.00674,0.13537,Nothing,seated
3.9578,79,0.0,0.0,0.0,0.0,0.0,0.0,0.0,0.0,0.0,0.0,0.703125,-21.0592,0.00674,0.13537,Nothing,seated
4.00788,80,0.0,0.0,0.0,0.0,0.0,0.0,0.0,0.0,0.0,0.0,-0.351562,-21.0596,0.00674,0.13537,Nothing,seated
4.05797,81,0.0,0.0,0.0,0.0,0.0,0.0,0.0,0.0,0.0,0.0,-1.40625,-21.0568,0.00674,0.13537,Nothing,seated
4.10805,82,0.0,0.0,0.0,0.0,0.0,0.0,0.0,0.0,0.0,0.0,-2.46094,-21.0605,0.00674,0.13537,Nothing,seated
4.15813,83,0.0,0.0,0.0,0.0,0.0,0.0,0.0,0.0,0.0,0.0,-3.51562,-21.0596,0.00674,0.13537,Nothing,seated
4.20821,84,0.0,0.0,0.0,0.0,0.0,0.0,0.0,0.0,0.0,0.0,-4.39453,-17.5493,0.00674,0.13537,Nothing,seated
4.25829,85,0.0,0.0,0.0,0.0,0.0,0.0,0.0,0.0,0.0,0.0,-5.27344,-17.5497,0.00674,0.13537,Nothing,seated
4.30837,86,0.0,0.0,0.0,0.0,0.0,0.0,0.0,0.0,0.0,0.0,-5.97656,-14.0396,0.00674,0.13537,Nothing,seated
4.35846,87,0.0,0.0,0.0,0.0,0.0,0.0,0.0,0.0,0.0,0.0,-6.67969,-14.0387,0.00674,0.13537,Nothing,seated
4.40854,88,0.0,0.0,0.0,0.0,0.0,0.0,0.0,0.0,0.0,0.0,-7.20703,-10.5291,0.00674,0.13537,Nothing,seated
4.45862,89,0.0,0.0,0.0,0.0,0.0,0.0,0.0,0.0,0.0,0.0,-7.73438,-10.5294,0.00674,0.13537,Nothing,seated
4.5087,90,0.0,0.0,0.0,0.0,0.0,0.0,0.0,0.0,0.0,0.0,-8.08594,-7.02014,0.00674,0.13537,Nothing,seated
4.5588,91,0.0,0.0,0.0,0.0,0.0,0.0,0.0,0.0,0.0,0.0,-8.26172,-3.50912,0.00674,0.13537,Nothing,seated
4.60888,92,0.0,0.0,0.0,0.0,0.0,0.0,0.0,0.0,0.0,0.0,-8.26172,0.0,0.00674,0.13537,Nothing,seated
4.65897,93,0.0,0.0,0.0,0.0,0.0,0.0,0.0,0.0,0.0,0.0,-8.26172,0.0,0.00674,0.13537,Nothing,seated
4.70905,94,0.0,0.0,0.0,0.0,0.0,0.0,0.0,0.0,0.0,0.0,-8.08594,3.50987,0.00674,0.13537,Nothing,seated
4.75913,95,0.0,0.0,0.0,0.0,0.0,0.0,0.0,0.0,0.0,0.0,-7.73438,7.01978,0.00674,0.13537,Nothing,seated
4.80922,96,0.0,0.0,0.0,0.0,0.0,0.0,0.0,0.0,0.0,0.0,-7.20703,10.5288,0.00674,0.13537,Nothing,seated
4.8593,97,0.0,0.0,0.0,0.0,0.0,0.0,0.0,0.0,0.0,0.0,-6.67969,10.53,0.00674,0.13537,Nothing,seated
4.90938,98,0.0,0.0,0.0,0.0,0.0,0.0,0.0,0.0,0.0,0.0,-5.97656,14.0394,0.00674,0.13537,Nothing,seated
4.95947,99,0.0,0.0,0.0,0.0,0.0,0.0,0.0,0.0,0.0,0.0,-5.27344,14.0381,0.00674,0.13537,Nothing,seated
5.00955,100,0.0,0.0,0.0,0.0,0.0,0.0,0.0,0.0,0.0,0.0,-4.39453,17.5504,0.00674,0.13537,Nothing,seated
5.05963,101,0.0,0.0,0.0,0.0,0.0,0.0,0.0,0.0,0.0,0.0,-3.51562,17.5505,0.00674,0.13537,Nothing,seated
5.10971,102,0.0,0.0,0.0,0.0,0.0,0.0,0.0,0.0,0.0,0.0,-2.63672,17.5499,0.00674,0.13537,Nothing,seated
5.15979,103,0.0,0.0,0.0,0.0,0.0,0.0,0.0,0.0,0.0,0.0,-1.58203,21.0592,0.00674,0.13537,Nothing,seated
5.20987,104,0.0,0.0,0.0,0.0,0.0,0.0,0.0,0.0,0.0,0.0,-0.527344,21.0588,0.00674,0.13537,Nothing,seated
5.25996,105,0.0,0.0,0.0,0.0,0.0,0.0,0.0,0.0,0.0,0.0,0.527344,21.0577,0.00674,0.13537,Nothing,seated
5.31005,106,0.0,0.0,0.0,0.0,0.0,0.0,0.0,0.0,0.0,0.0,1.58203,21.0554,0.00674,0.13537,Nothing,seated
5.36013,107,0.0,0.0,0.0,0.0,0.0,0.0,0.0,0.0,0.0,0.0,2.63672,21.058,0.00674,0.13537,Nothing,seated
5.41022,108,0.0,0.0,0.0,0.0,0.0,0.0,0.0,0.0,0.0,0.0,3.51562,17.5487,0.00674,0.13537,Nothing,seated
5.46031,109,0.0,0.0,0.0,0.0,0.0,0.0,0.0,0.0,0.0,0.0,4.57031,21.0556,0.00674,0.13537,Nothing,seated
5.5104,110,0.0,0.0,0.0,0.0,0.0,0.0,0.0,0.0,0.0,0.0,5.44922,17.548,0.00674,0.13537,Nothing,seated
5.56048,111,0.0,0.0,0.0,0.0,0.0,0.0,0.0,0.0,0.0,0.0,6.32812,17.5487,0.00674,0.13537,Nothing,seated
5.61056,112,0.0,0.0,0.0,0.0,0.0,0.0,0.0,0.0,0.0,0.0,7.03125,14.0404,0.00674,0.13537,Nothing,seated
5.66064,113,0.0,0.0,0.0,0.0,0.0,0.0,0.0,0.0,0.0,0.0,7.55859,10.5289,0.00674,0.13537,Nothing,seated
5.71072,114,0.0,0.0,0.0,0.0,0.0,0.0,0.0,0.0,0.0,0.0,8.08594,10.5296,0.00674,0.13537,Nothing,seated
5.76081,115,0.0,0.0,0.0,0.0,0.0,0.0,0.0,0.0,0.0,0.0,8.4375,7.01931,0.00674,0.13537,Nothing,seated
5.81089,116,0.0,0.0,0.0,0.0,0.0,0.0,0.0,0.0,0.0,0.0,8.61328,3.51016,0.00674,0.13537,Nothing,seated
5.86097,117,0.0,0.0,0.0,0.0,0.0,0.0,0.0,0.0,0.0,0.0,8.78906,3.50979,0.00674,0.13537,Nothing,seated
5.91105,118,0.0,0.0,0.0,0.0,0.0,0.0,0.0,0.0,0.0,0.0,8.78906,0.0,0.00674,0.13537,Nothing,seated
5.96113,119,0.0,0.0,0.0,0.0,0.0,0.0,0.0,0.0,0.0,0.0,8.61328,-3.50959,0.00674,0.13537,Nothing,seated
6.01121,120,0.0,0.0,0.0,0.0,0.0,0.0,0.0,0.0,0.0,0.0,8.4375,-3.51002,0.00674,0.13537,Nothing,seated
6.06129,121,0.0,0.0,0.0,0.0,0.0,0.0,0.0,0.0,0.0,0.0,7.91016,-10.5302,0.00674,0.13537,Nothing,seated
6.11138,122,0.0,0.0,0.0,0.0,0.0,0.0,0.0,0.0,0.0,0.0,7.38281,-10.5283,0.00674,0.13537,Nothing,seated
6.16147,123,0.0,0.0,0.0,0.0,0.0,0.0,0.0,0.0,0.0,0.0,6.85547,-10.5273,0.00674,0.13537,Nothing,seated
6.21156,124,0.0,0.0,0.0,0.0,0.0,0.0,0.0,0.0,0.0,0.0,6.15234,-14.0386,0.00674,0.13537,Nothing,seated
6.26164,125,0.0,0.0,0.0,0.0,0.0,0.0,0.0,0.0,0.0,0.0,5.27344,-17.55,0.00674,0.13537,Nothing,seated
6.31172,126,0.0,0.0,0.0,0.0,0.0,0.0,0.0,0.0,0.0,0.0,4.39453,-17.5486,0.00674,0.13537,Nothing,seated
6.3618,127,0.0,0.0,0.0,0.0,0.0,0.0,0.0,0.0,0.0,0.0,3.51562,-17.55,0.00674,0.13537,Nothing,seated
6.41189,128,0.0,0.0,0.0,0.0,0.0,0.0,0.0,0.0,0.0,0.0,2.46094,-21.0584,0.00674,0.13537,Nothing,seated
6.46197,129,0.0,0.0,0.0,0.0,0.0,0.0,0.0,0.0,0.0,0.0,1.40625,-21.0602,0.00674,0.13537,Nothing,seated
6.51205,130,0.0,0.0,0.0,0.0,0.0,0.0,0.0,0.0,0.0,0.0,0.351562,-21.0582,0.00674,0.13537,Nothing,seated
6.56213,131,0.0,0.0,0.0,0.0,0.0,0.0,0.0,0.0,0.0,0.0,-0.703125,-21.0587,0.00674,0.13537,Nothing,seated
6.61222,132,0.0,0.0,0.0,0.0,0.0,0.0,0.0,0.0,0.0,0.0,-1.58203,-17.5468,0.00674,0.13537,Nothing,seated
6.6623,133,0.0,0.0,0.0,0.0,0.0,0.0,0.0,0.0,0.0,0.0,-2.63672,-21.0591,0.00674,0.13537,Nothing,seated
6.71239,134,0.0,0.0,0.0,0.0,0.0,0.0,0.0,0.0,0.0,0.0,-3.51562,-17.5476,0.00674,0.13537,Nothing,seated
6.76249,135,0.0,0.0,0.0,0.0,0.0,0.0,0.0,0.0,0.0,0.0,-4.57031,-21.0529,0.00674,0.13537,Nothing,seated
6.81257,136,0.0,0.0,0.0,0.0,0.0,0.0,0.0,0.0,0.0,0.0,-5.27344,-14.0389,0.00674,0.13537,Nothing,seated
6.86265,137,0.0,0.0,0.0,0.0,0.0,0.0,0.0,0.0,0.0,0.0,-5.97656,-14.0398,0.00674,0.13537,Nothing,seated
6.91273,138,0.0,0.0,0.0,0.0,0.0,0.0,0.0,0.0,0.0,0.0,-6.67969,-14.0394,0.00674,0.13537,Nothing,seated
6.96282,139,0.0,0.0,0.0,0.0,0.0,0.0,0.0,0.0,0.0,0.0,-7.20703,-10.5286,0.00674,0.13537,Nothing,seated
7.01291,140,0.0,0.0,0.0,0.0,0.0,0.0,0.0,0.0,0.0,0.0,-7.55859,-7.01877,0.00674,0.13537,Nothing,seated
7.063,141,0.0,0.0,0.0,0.0,0.0,0.0,0.0,0.0,0.0,0.0,-7.91016,-7.01931,0.00674,0.13537,Nothing,seated
7.11308,142,0.0,0.0,0.0,0.0,0.0,0.0,0.0,0.0,0.0,0.0,-8.08594,-3.5098,0.00674,0.13537,Nothing,seated
7.16316,143,0.0,0.0,0.0,0.0,0.0,0.0,0.0,0.0,0.0,0.0,-8.08594,0.0,0.00674,0.13537,Nothing,seated
7.21325,144,0.0,0.0,0.0,0.0,0.0,0.0,0.0,0.0,0.0,0.0,-8.08594,0.0,0.00674,0.13537,Nothing,seated
7.26334,145,0.0,0.0,0.0,0.0,0.0,0.0,0.0,0.0,0.0,0.0,-7.73438,7.01854,0.00674,0.13537,Nothing,seated
7.31342,146,0.0,0.0,0.0,0.0,0.0,0.0,0.0,0.0,0.0,0.0,-7.55859,3.50987,0.00674,0.13537,Nothing,seated
7.3635,147,0.0,0.0,0.0,0.0,0.0,0.0,0.0,0.0,0.0,0.0,-7.03125,10.5312,0.00674,0.13537,Nothing,seated
7.41358,148,0.0,0.0,0.0,0.0,0.0,0.0,0.0,0.0,0.0,0.0,-6.50391,10.5288,0.00674,0.13537,Nothing,seated
7.46368,149,0.0,0.0,0.0,0.0,0.0,0.0,0.0,0.0,0.0,0.0,-5.80078,14.0361,0.00674,0.13537,Nothing,seated
7.51376,150,0.0,0.0,0.0,0.0,0.0,0.0,0.0,0.0,0.0,0.0,-5.09766,14.0398,0.00674,0.13537,Nothing,seated
7.56385,151,0.0,0.0,0.0,0.0,0.0,0.0,0.0,0.0,0.0,0.0,-4.21875,17.5468,0.00674,0.13537,Nothing,seated
7.61393,152,0.0,0.0,0.0,0.0,0.0,0.0,0.0,0.0,0.0,0.0,-3.33984,17.5493,0.00674,0.13537,Nothing,seated
7.66401,153,0.0,0.0,0.0,0.0,0.0,0.0,0.0,0.0,0.0,0.0,-2.28516,21.06,0.00674,0.13537,Nothing,seated
7.71409,154,0.0,0.0,0.0,0.0,0.0,0.0,0.0,0.0,0.0,0.0,-1.40625,17.5494,0.00674,0.13537,Nothing,seated
7.76417,155,0.0,0.0,0.0,0.0,0.0,0.0,0.0,0.0,0.0,0.0,-0.351562,21.0592,0.00674,0.13537,Nothing,seated
7.81426,156,0.0,0.0,0.0,0.0,0.0,0.0,0.0,0.0,0.0,0.0,0.703125,21.057,0.00674,0.13537,Nothing,seated
7.86435,157,0.0,0.0,0.0,0.0,0.0,0.0,0.0,0.0,0.0,0.0,1.75781,21.0565,0.00674,0.13537,Nothing,seated
7.91444,158,0.0,0.0,0.0,0.0,0.0,0.0,0.0,0.0,0.0,0.0,2.8125,21.055,0.00674,0.13537,Nothing,seated
7.96448,159,0.0,0.0,0.0,0.0,0.0,0.0,0.0,0.0,0.0,0.0,3.69141,17.5632,0.00674,0.13537,Nothing,seated
8.01456,160,0.0,0.0,0.0,0.0,0.0,0.0,0.0,0.0,0.0,0.0,4.57031,17.5489,0.00674,0.13537,Nothing,seated
8.06465,161,0.0,0.0,0.0,0.0,0.0,0.0,0.0,0.0,0.0,0.0,5.44922,17.5478,0.00674,0.13537,Nothing,seated
8.11474,162,0.0,0.0,0.0,0.0,0.0,0.0,0.0,0.0,0.0,0.0,6.32812,17.5485,0.00674,0.13537,Nothing,seated
8.16482,163,0.0,0.0,0.0,0.0,0.0,0.0,0.0,0.0,0.0,0.0,6.85547,10.5296,0.00674,0.13537,Nothing,seated
8.2149,164,0.0,0.0,0.0,0.0,0.0,0.0,0.0,0.0,0.0,0.0,7.55859,14.038,0.00674,0.13537,Nothing,seated
8.26499,165,0.0,0.0,0.0,0.0,0.0,0.0,0.0,0.0,0.0,0.0,7.91016,7.01931,0.00674,0.13537,Nothing,seated
8.31507,166,0.0,0.0,0.0,0.0,0.0,0.0,0.0,0.0,0.0,0.0,8.26172,7.01944,0.00674,0.13537,Nothing,seated
8.36516,167,0.0,0.0,0.0,0.0,0.0,0.0,0.0,0.0,0.0,0.0,8.4375,3.5098,0.00674,0.13537,Nothing,seated
8.41524,168,0.0,0.0,0.0,0.0,0.0,0.0,0.0,0.0,0.0,0.0,8.61328,3.50982,0.00674,0.13537,Nothing,seated
8.46532,169,0.0,0.0,0.0,0.0,0.0,0.0,0.0,0.0,0.0,0.0,8.61328,0.0,0.00674,0.13537,Nothing,seated
8.5154,170,0.0,0.0,0.0,0.0,0.0,0.0,0.0,0.0,0.0,0.0,8.4375,-3.51012,0.00674,0.13537,Nothing,seated
8.56549,171,0.0,0.0,0.0,0.0,0.0,0.0,0.0,0.0,0.0,0.0,8.08594,-7.01851,0.00674,0.13537,Nothing,seated
8.61558,172,0.0,0.0,0.0,0.0,0.0,0.0,0.0,0.0,0.0,0.0,7.73438,-7.01904,0.00674,0.13537,Nothing,seated
8.66565,173,0.0,0.0,0.0,0.0,0.0,0.0,0.0,0.0,0.0,0.0,7.20703,-10.5304,0.00674,0.13537,Nothing,seated
8.71574,174,0.0,0.0,0.0,0.0,0.0,0.0,0.0,0.0,0.0,0.0,6.67969,-10.5297,0.00674,0.13537,Nothing,seated
8.76582,175,0.0,0.0,0.0,0.0,0.0,0.0,0.0,0.0,0.0,0.0,5.97656,-14.0402,0.00674,0.13537,Nothing,seated
8.8159,176,0.0,0.0,0.0,0.0,0.0,0.0,0.0,0.0,0.0,0.0,5.09766,-17.5489,0.00674,0.13537,Nothing,seated
8.86598,177,0.0,0.0,0.0,0.0,0.0,0.0,0.0,0.0,0.0,0.0,4.21875,-17.549,0.00674,0.13537,Nothing,seated
8.91606,178,0.0,0.0,0.0,0.0,0.0,0.0,0.0,0.0,0.0,0.0,3.33984,-17.5494,0.00674,0.13537,Nothing,seated
8.96615,179,0.0,0.0,0.0,0.0,0.0,0.0,0.0,0.0,0.0,0.0,2.28516,-21.0581,0.00674,0.13537,Nothing,seated
9.01623,180,0.0,0.0,0.0,0.0,0.0,0.0,0.0,0.0,0.0,0.0,1.23047,-21.0585,0.00674,0.13537,Nothing,seated
9.06631,181,0.0,0.0,0.0,0.0,0.0,0.0,0.0,0.0,0.0,0.0,0.175781,-21.0595,0.00674,0.13537,Nothing,seated
9.11639,182,0.0,0.0,0.0,0.0,0.0,0.0,0.0,0.0,0.0,0.0,-0.703125,-17.5504,0.00674,0.13537,Nothing,seated
9.16648,183,0.0,0.0,0.0,0.0,0.0,0.0,0.0,0.0,0.0,0.0,-1.75781,-21.0576,0.00674,0.13537,Nothing,seated
9.21656,184,0.0,0.0,0.0,0.0,0.0,0.0,0.0,0.0,0.0,0.0,-2.8125,-21.0605,0.00674,0.13537,Nothing,seated
9.26664,185,0.0,0.0,0.0,0.0,0.0,0.0,0.0,0.0,0.0,0.0,-3.69141,-17.5496,0.00674,0.13537,Nothing,seated
9.31672,186,0.0,0.0,0.0,0.0,0.0,0.0,0.0,0.0,0.0,0.0,-4.57031,-17.5489,0.00674,0.13537,Nothing,seated
9.3668,187,0.0,0.0,0.0,0.0,0.0,0.0,0.0,0.0,0.0,0.0,-5.27344,-14.0398,0.00674,0.13537,Nothing,seated
9.41689,188,0.0,0.0,0.0,0.0,0.0,0.0,0.0,0.0,0.0,0.0,-5.97656,-14.0387,0.00674,0.13537,Nothing,seated
9.46697,189,0.0,0.0,0.0,0.0,0.0,0.0,0.0,0.0,0.0,0.0,-6.67969,-14.0402,0.00674,0.13537,Nothing,seated
9.51705,190,0.0,0.0,0.0,0.0,0.0,0.0,0.0,0.0,0.0,0.0,-7.20703,-10.5302,0.00674,0.13537,Nothing,seated
9.56713,191,0.0,0.0,0.0,0.0,0.0,0.0,0.0,0.0,0.0,0.0,-7.55859,-7.01988,0.00674,0.13537,Nothing,seated
9.61721,192,0.0,0.0,0.0,0.0,0.0,0.0,0.0,0.0,0.0,0.0,-7.73438,-3.50982,0.00674,0.13537,Nothing,seated
9.66729,193,0.0,0.0,0.0,0.0,0.0,0.0,0.0,0.0,0.0,0.0,-7.91016,-3.5099,0.00674,0.13537,Nothing,seated
9.71738,194,0.0,0.0,0.0,0.0,0.0,0.0,0.0,0.0,0.0,0.0,-7.91016,0.0,0.00674,0.13537,Nothing,seated
9.76747,195,0.0,0.0,0.0,0.0,0.0,0.0,0.0,0.0,0.0,0.0,-7.91016,0.0,0.00674,0.13537,Nothing,seated
9.81755,196,0.0,0.0,0.0,0.0,0.0,0.0,0.0,0.0,0.0,0.0,-7.55859,7.02008,0.00674,0.13537,Nothing,seated
9.86763,197,0.0,0.0,0.0,0.0,0.0,0.0,0.0,0.0,0.0,0.0,-7.20703,7.01984,0.00674,0.13537,Nothing,seated
9.91771,198,0.0,0.0,0.0,0.0,0.0,0.0,0.0,0.0,0.0,0.0,-6.85547,7.01988,0.00674,0.13537,Nothing,seated
9.96779,199,0.0,0.0,0.0,0.0,0.0,0.0,0.0,0.0,0.0,0.0,-6.32812,10.5301,0.00674,0.13537,Nothing,seated
10.0179,200,0.0,0.0,0.0,0.0,0.0,0.0,0.0,0.0,0.0,0.0,-5.625,14.0385,0.00674,0.13537,Nothing,seated
10.068,201,0.0,0.0,0.0,0.0,0.0,0.0,0.0,0.0,0.0,0.0,-4.92188,14.04,0.00674,0.13537,Nothing,seated
10.2045,202,0.0,0.0,0.0,0.0,0.0,0.0,0.0,0.0,0.0,0.0,-2.28516,19.3067,0.00674,0.13537,StoppingVariableSpeed,seated
10.2546,203,0.0,0.0,0.0,0.0,0.0,0.0,0.0,0.0,0.0,0.0,-1.40625,17.5483,0.00674,0.13537,StoppingVariableSpeed,seated
10.3047,204,0.0,0.0,0.0,0.0,0.0,0.0,0.0,0.0,0.0,0.0,-0.351562,21.0584,0.00674,0.13537,StoppingVariableSpeed,seated
10.3548,205,0.0,0.0,0.0,0.0,0.0,0.0,0.0,0.0,0.0,0.0,0.703125,21.0613,0.00674,0.13537,StoppingVariableSpeed,seated
10.4049,206,0.0,0.0,0.0,0.0,0.0,0.0,0.0,0.0,0.0,0.0,1.58203,17.5481,0.00674,0.13537,StoppingVariableSpeed,seated
10.4549,207,0.0,0.0,0.0,0.0,0.0,0.0,0.0,0.0,0.0,0.0,2.63672,21.0586,0.00674,0.13537,StoppingVariableSpeed,seated
10.505,208,0.0,0.0,0.0,0.0,0.0,0.0,0.0,0.0,0.0,0.0,3.51562,17.5496,0.00674,0.13537,StoppingVariableSpeed,seated
10.5551,209,0.0,0.0,0.0,0.0,0.0,0.0,0.0,0.0,0.0,0.0,4.57031,21.0579,0.00674,0.13537,StoppingVariableSpeed,seated
10.6052,210,0.0,0.0,0.0,0.0,0.0,0.0,0.0,0.0,0.0,0.0,5.27344,14.0392,0.00674,0.13537,StoppingVariableSpeed,seated
10.6553,211,0.0,0.0,0.0,0.0,0.0,0.0,0.0,0.0,0.0,0.0,6.15234,17.5494,0.00674,0.13537,StoppingVariableSpeed,seated
10.7054,212,0.0,0.0,0.0,0.0,0.0,0.0,0.0,0.0,0.0,0.0,6.67969,10.5293,0.00674,0.13537,StoppingVariableSpeed,seated
10.7554,213,0.0,0.0,0.0,0.0,0.0,0.0,0.0,0.0,0.0,0.0,7.38281,14.0391,0.00674,0.13537,StoppingVariableSpeed,seated
10.8055,214,0.0,0.0,0.0,0.0,0.0,0.0,0.0,0.0,0.0,0.0,7.73438,7.01944,0.00674,0.13537,StoppingVariableSpeed,seated
10.8556,215,0.0,0.0,0.0,0.0,0.0,0.0,0.0,0.0,0.0,0.0,8.08594,7.01974,0.00674,0.13537,StoppingVariableSpeed,seated
10.9057,216,0.0,0.0,0.0,0.0,0.0,0.0,0.0,0.0,0.0,0.0,8.26172,3.5098,0.00674,0.13537,StoppingVariableSpeed,seated
10.9558,217,0.0,0.0,0.0,0.0,0.0,0.0,0.0,0.0,0.0,0.0,8.4375,3.50947,0.00674,0.13537,StoppingVariableSpeed,seated
11.0059,218,0.0,0.0,0.0,0.0,0.0,0.0,0.0,0.0,0.0,0.0,8.4375,0.0,0.00674,0.13537,StoppingVariableSpeed,seated
11.0559,219,0.0,0.0,0.0,0.0,0.0,0.0,0.0,0.0,0.0,0.0,8.26172,-3.50985,0.00674,0.13537,StoppingVariableSpeed,seated
11.106,220,0.0,0.0,0.0,0.0,0.0,0.0,0.0,0.0,0.0,0.0,8.08594,-3.50952,0.00674,0.13537,StoppingVariableSpeed,seated
11.1561,221,0.0,0.0,0.0,0.0,0.0,0.0,0.0,0.0,0.0,0.0,7.55859,-10.5304,0.00674,0.13537,StoppingVariableSpeed,seated
11.2062,222,0.0,0.0,0.0,0.0,0.0,0.0,0.0,0.0,0.0,0.0,7.20703,-7.01978,0.00674,0.13537,StoppingVariableSpeed,seated
11.3168,223,0.0,0.0,0.0,0.0,0.0,0.0,0.0,0.0,0.0,0.0,5.625,-14.3084,0.0188,0.1476,StoppingVariableSpeed,extended
11.3668,224,0.0,0.0,0.0,0.0,0.0,0.0,0.0,0.0,0.0,0.0,4.74609,-17.5489,0.0188,0.1476,StoppingVariableSpeed,extended
11.4169,225,0.0,0.0,0.0,0.0,0.0,0.0,0.0,0.0,0.0,0.0,4.04297,-14.0392,0.0188,0.1476,StoppingVariableSpeed,extended
11.467,226,0.0,0.0,0.0,0.0,0.0,0.0,0.0,0.0,0.0,0.0,3.16406,-17.5489,0.0188,0.1476,StoppingVariableSpeed,extended
11.5171,227,0.0,0.0,0.0,0.0,0.0,0.0,0.0,0.0,0.0,0.0,2.10938,-21.0592,0.0188,0.1476,StoppingVariableSpeed,extended
11.5672,228,0.0,0.0,0.0,0.0,0.0,0.0,0.0,0.0,0.0,0.0,1.05469,-21.061,0.0188,0.1476,StoppingVariableSpeed,extended
11.6172,229,0.0,0.0,0.0,0.0,0.0,0.0,0.0,0.0,0.0,0.0,0.175781,-17.5506,0.0188,0.1476,StoppingVariableSpeed,extended
11.6673,230,0.0,0.0,0.0,0.0,0.0,0.0,0.0,0.0,0.0,0.0,-0.878906,-21.0617,0.0188,0.1476,StoppingVariableSpeed,extended
11.7174,231,0.0,0.0,0.0,0.0,0.0,0.0,0.0,0.0,0.0,0.0,-2.10938,-24.5689,0.0188,0.1476,StoppingVariableSpeed,extended
11.7675,232,0.0,0.0,0.0,0.0,0.0,0.0,0.0,0.0,0.0,0.0,-2.8125,-14.0389,0.0188,0.1476,StoppingVariableSpeed,extended
11.8176,233,0.0,0.0,0.0,0.0,0.0,0.0,0.0,0.0,0.0,0.0,-3.86719,-21.0608,0.0188,0.1476,StoppingVariableSpeed,extended
11.8676,234,0.0,0.0,0.0,0.0,0.0,0.0,0.0,0.0,0.0,0.0,-4.74609,-17.5498,0.0188,0.1476,StoppingVariableSpeed,extended
11.9177,235,0.0,0.0,0.0,0.0,0.0,0.0,0.0,0.0,0.0,0.0,-5.44922,-14.0383,0.0188,0.1476,StoppingVariableSpeed,extended
11.9678,236,0.0,0.0,0.0,0.0,0.0,0.0,0.0,0.0,0.0,0.0,-6.15234,-14.0402,0.0188,0.1476,StoppingVariableSpeed,extended
12.0179,237,0.0,0.0,0.0,0.0,0.0,0.0,0.0,0.0,0.0,0.0,-6.67969,-10.5305,0.0188,0.1476,StoppingVariableSpeed,extended
12.068,238,0.0,0.0,0.0,0.0,0.0,0.0,0.0,0.0,0.0,0.0,-7.20703,-10.5297,0.0188,0.1476,StoppingVariableSpeed,extended
12.118,239,0.0,0.0,0.0,0.0,0.0,0.0,0.0,0.0,0.0,0.0,-7.55859,-7.02011,0.0188,0.1476,StoppingVariableSpeed,extended
12.1681,240,0.0,0.0,0.0,0.0,0.0,0.0,0.0,0.0,0.0,0.0,-7.91016,-7.02031,0.0188,0.1476,StoppingVariableSpeed,extended
12.2182,241,0.0,0.0,0.0,0.0,0.0,0.0,0.0,0.0,0.0,0.0,-8.08594,-3.50997,0.0188,0.1476,StoppingVariableSpeed,extended
12.2683,242,0.0,0.0,0.0,0.0,0.0,0.0,0.0,0.0,0.0,0.0,-8.08594,0.0,0.0188,0.1476,StoppingVariableSpeed,extended
12.3184,243,0.0,0.0,0.0,0.0,0.0,0.0,0.0,0.0,0.0,0.0,-7.91016,3.50994,0.0188,0.1476,StoppingVariableSpeed,extended
12.4128,244,0.0,0.0,0.0,0.0,0.0,0.0,0.0,0.0,0.0,0.0,-7.38281,5.58231,0.00674,0.13537,StoppingVariableSpeed,seated
12.4629,245,0.0,0.0,0.0,0.0,0.0,0.0,0.0,0.0,0.0,0.0,-6.85547,10.5293,0.00674,0.13537,StoppingVariableSpeed,seated
12.513,246,0.0,0.0,0.0,0.0,0.0,0.0,0.0,0.0,0.0,0.0,-6.32812,10.5299,0.00674,0.13537,StoppingVariableSpeed,seated
12.5631,247,0.0,0.0,0.0,0.0,0.0,0.0,0.0,0.0,0.0,0.0,-5.80078,10.5287,0.00674,0.13537,StoppingVariableSpeed,seated
12.6132,248,0.0,0.0,0.0,0.0,0.0,0.0,0.0,0.0,0.0,0.0,-5.09766,14.0377,0.00674,0.13537,StoppingVariableSpeed,seated
12.6632,249,0.0,0.0,0.0,0.0,0.0,0.0,0.0,0.0,0.0,0.0,-4.21875,17.5509,0.00674,0.13537,StoppingVariableSpeed,seated
12.7133,250,0.0,0.0,0.0,0.0,0.0,0.0,0.0,0.0,0.0,0.0,-3.33984,17.5484,0.00674,0.13537,StoppingVariableSpeed,seated
12.7634,251,0.0,0.0,0.0,0.0,0.0,0.0,0.0,0.0,0.0,0.0,-2.46094,17.549,0.00674,0.13537,StoppingVariableSpeed,seated
12.8135,252,0.0,0.0,0.0,0.0,0.0,0.0,0.0,0.0,0.0,0.0,-1.40625,21.0593,0.00674,0.13537,StoppingVariableSpeed,seated
12.8636,253,0.0,0.0,0.0,0.0,0.0,0.0,0.0,0.0,0.0,0.0,-0.351562,21.0594,0.00674,0.13537,StoppingVariableSpeed,seated
12.9137,254,0.0,0.0,0.0,0.0,0.0,0.0,0.0,0.0,0.0,0.0,0.703125,21.0578,0.00674,0.13537,StoppingVariableSpeed,seated
12.9638,255,0.0,0.0,0.0,0.0,0.0,0.0,0.0,0.0,0.0,0.0,1.75781,21.0562,0.00674,0.13537,StoppingVariableSpeed,seated
13.0138,256,0.0,0.0,0.0,0.0,0.0,0.0,0.0,0.0,0.0,0.0,2.63672,17.5499,0.00674,0.13537,StoppingVariableSpeed,seated
13.0639,257,0.0,0.0,0.0,0.0,0.0,0.0,0.0,0.0,0.0,0.0,3.69141,21.0588,0.00674,0.13537,StoppingVariableSpeed,seated
13.114,258,0.0,0.0,0.0,0.0,0.0,0.0,0.0,0.0,0.0,0.0,4.57031,17.5491,0.00674,0.13537,StoppingVariableSpeed,seated
13.1641,259,0.0,0.0,0.0,0.0,0.0,0.0,0.0,0.0,0.0,0.0,5.27344,14.0407,0.00674,0.13537,StoppingVariableSpeed,seated
13.2142,260,0.0,0.0,0.0,0.0,0.0,0.0,0.0,0.0,0.0,0.0,6.15234,17.5486,0.00674,0.13537,StoppingVariableSpeed,seated
13.2642,261,0.0,0.0,0.0,0.0,0.0,0.0,0.0,0.0,0.0,0.0,6.67969,10.5294,0.00674,0.13537,StoppingVariableSpeed,seated
13.3143,262,0.0,0.0,0.0,0.0,0.0,0.0,0.0,0.0,0.0,0.0,7.38281,14.0395,0.00674,0.13537,StoppingVariableSpeed,seated
13.3644,263,0.0,0.0,0.0,0.0,0.0,0.0,0.0,0.0,0.0,0.0,7.73438,7.01964,0.00674,0.13537,StoppingVariableSpeed,seated
13.4145,264,0.0,0.0,0.0,0.0,0.0,0.0,0.0,0.0,0.0,0.0,8.08594,7.02078,0.00674,0.13537,StoppingVariableSpeed,seated
13.4646,265,0.0,0.0,0.0,0.0,0.0,0.0,0.0,0.0,0.0,0.0,8.26172,3.50987,0.00674,0.13537,StoppingVariableSpeed,seated
13.563,266,0.0,0.0,0.0,0.0,0.0,0.0,0.0,0.0,0.0,0.0,8.4375,1.78542,0.0188,0.1476,StoppingVariableSpeed,extended
13.6131,267,0.0,0.0,0.0,0.0,0.0,0.0,0.0,0.0,0.0,0.0,8.08594,-7.01971,0.0188,0.1476,StoppingVariableSpeed,extended
13.6632,268,0.0,0.0,0.0,0.0,0.0,0.0,0.0,0.0,0.0,0.0,7.91016,-3.51,0.0188,0.1476,StoppingVariableSpeed,extended
13.7133,269,0.0,0.0,0.0,0.0,0.0,0.0,0.0,0.0,0.0,0.0,7.55859,-7.01951,0.0188,0.1476,StoppingVariableSpeed,extended
13.7633,270,0.0,0.0,0.0,0.0,0.0,0.0,0.0,0.0,0.0,0.0,7.03125,-10.5297,0.0188,0.1476,StoppingVariableSpeed,extended
13.8134,271,0.0,0.0,0.0,0.0,0.0,0.0,0.0,0.0,0.0,0.0,6.32812,-14.04,0.0188,0.1476,StoppingVariableSpeed,extended
13.8635,272,0.0,0.0,0.0,0.0,0.0,0.0,0.0,0.0,0.0,0.0,5.80078,-10.53,0.0188,0.1476,StoppingVariableSpeed,extended
13.9136,273,0.0,0.0,0.0,0.0,0.0,0.0,0.0,0.0,0.0,0.0,4.92188,-17.5494,0.0188,0.1476,StoppingVariableSpeed,extended
13.9637,274,0.0,0.0,0.0,0.0,0.0,0.0,0.0,0.0,0.0,0.0,4.21875,-14.0382,0.0188,0.1476,StoppingVariableSpeed,extended
14.0138,275,0.0,0.0,0.0,0.0,0.0,0.0,0.0,0.0,0.0,0.0,3.16406,-21.0577,0.0188,0.1476,StoppingVariableSpeed,extended
14.0638,276,0.0,0.0,0.0,0.0,0.0,0.0,0.0,0.0,0.0,0.0,2.10938,-21.059,0.0188,0.1476,StoppingVariableSpeed,extended
14.1139,277,0.0,0.0,0.0,0.0,0.0,0.0,0.0,0.0,0.0,0.0,1.23047,-17.5489,0.0188,0.1476,StoppingVariableSpeed,extended
14.164,278,0.0,0.0,0.0,0.0,0.0,0.0,0.0,0.0,0.0,0.0,0.175781,-21.0596,0.0188,0.1476,StoppingVariableSpeed,extended
14.2141,279,0.0,0.0,0.0,0.0,0.0,0.0,0.0,0.0,0.0,0.0,-0.878906,-21.0597,0.0188,0.1476,StoppingVariableSpeed,extended
14.2642,280,0.0,0.0,0.0,0.0,0.0,0.0,0.0,0.0,0.0,0.0,-1.75781,-17.5481,0.0188,0.1476,StoppingVariableSpeed,extended
14.3143,281,0.0,0.0,0.0,0.0,0.0,0.0,0.0,0.0,0.0,0.0,-2.8125,-21.0582,0.0188,0.1476,StoppingVariableSpeed,extended
14.3643,282,0.0,0.0,0.0,0.0,0.0,0.0,0.0,0.0,0.0,0.0,-3.69141,-17.5468,0.0188,0.1476,StoppingVariableSpeed,extended
14.4144,283,0.0,0.0,0.0,0.0,0.0,0.0,0.0,0.0,0.0,0.0,-4.57031,-17.5474,0.0188,0.1476,StoppingVariableSpeed,extended
14.4645,284,0.0,0.0,0.0,0.0,0.0,0.0,0.0,0.0,0.0,0.0,-5.44922,-17.5601,0.0188,0.1476,StoppingVariableSpeed,extended
14.5146,285,0.0,0.0,0.0,0.0,0.0,0.0,0.0,0.0,0.0,0.0,-6.15234,-14.0396,0.0188,0.1476,StoppingVariableSpeed,extended
14.5647,286,0.0,0.0,0.0,0.0,0.0,0.0,0.0,0.0,0.0,0.0,-6.67969,-10.5291,0.0188,0.1476,StoppingVariableSpeed,extended
14.6638,287,0.0,0.0,0.0,0.0,0.0,0.0,0.0,0.0,0.0,0.0,-7.73438,-10.633,0.00674,0.13537,StoppingVariableSpeed,seated
14.7139,288,0.0,0.0,0.0,0.0,0.0,0.0,0.0,0.0,0.0,0.0,-7.73438,0.0,0.00674,0.13537,StoppingVariableSpeed,seated
14.764,289,0.0,0.0,0.0,0.0,0.0,0.0,0.0,0.0,0.0,0.0,-8.08594,-7.02008,0.00674,0.13537,StoppingVariableSpeed,seated
14.8141,290,0.0,0.0,0.0,0.0,0.0,0.0,0.0,0.0,0.0,0.0,-8.08594,0.0,0.00674,0.13537,StoppingVariableSpeed,seated
14.8642,291,0.0,0.0,0.0,0.0,0.0,0.0,0.0,0.0,0.0,0.0,-8.08594,0.0,0.00674,0.13537,StoppingVariableSpeed,seated
14.9143,292,0.0,0.0,0.0,0.0,0.0,0.0,0.0,0.0,0.0,0.0,-7.73438,7.01954,0.00674,0.13537,StoppingVariableSpeed,seated
14.9644,293,0.0,0.0,0.0,0.0,0.0,0.0,0.0,0.0,0.0,0.0,-7.38281,7.01887,0.00674,0.13537,StoppingVariableSpeed,seated
15.0144,294,0.0,0.0,0.0,0.0,0.0,0.0,0.0,0.0,0.0,0.0,-7.03125,7.01958,0.00674,0.13537,StoppingVariableSpeed,seated
15.0645,295,0.0,0.0,0.0,0.0,0.0,0.0,0.0,0.0,0.0,0.0,-6.50391,10.5296,0.00674,0.13537,StoppingVariableSpeed,seated
15.1146,296,0.0,0.0,0.0,0.0,0.0,0.0,0.0,0.0,0.0,0.0,-5.80078,14.0404,0.00674,0.13537,StoppingVariableSpeed,seated
15.1647,297,0.0,0.0,0.0,0.0,0.0,0.0,0.0,0.0,0.0,0.0,-4.92188,17.5495,0.00674,0.13537,StoppingVariableSpeed,seated
15.2148,298,0.0,0.0,0.0,0.0,0.0,0.0,0.0,0.0,0.0,0.0,-4.21875,14.0385,0.00674,0.13537,StoppingVariableSpeed,seated
15.2648,299,0.0,0.0,0.0,0.0,0.0,0.0,0.0,0.0,0.0,0.0,-3.16406,21.0579,0.00674,0.13537,StoppingVariableSpeed,seated
15.3149,300,0.0,0.0,0.0,0.0,0.0,0.0,0.0,0.0,0.0,0.0,-2.28516,17.5489,0.00674,0.13537,StoppingVariableSpeed,seated
15.365,301,0.0,0.0,0.0,0.0,0.0,0.0,0.0,0.0,0.0,0.0,-1.40625,17.55,0.00674,0.13537,StoppingVariableSpeed,seated
15.4151,302,0.0,0.0,0.0,0.0,0.0,0.0,0.0,0.0,0.0,0.0,-0.351562,21.0572,0.00674,0.13537,StoppingVariableSpeed,seated
15.4652,303,0.0,0.0,0.0,0.0,0.0,0.0,0.0,0.0,0.0,0.0,0.703125,21.0593,0.00674,0.13537,StoppingVariableSpeed,seated
15.5153,304,0.0,0.0,0.0,0.0,0.0,0.0,0.0,0.0,0.0,0.0,1.75781,21.0607,0.00674,0.13537,StoppingVariableSpeed,seated
15.5653,305,0.0,0.0,0.0,0.0,0.0,0.0,0.0,0.0,0.0,0.0,2.8125,21.0592,0.00674,0.13537,StoppingVariableSpeed,seated
15.6154,306,0.0,0.0,0.0,0.0,0.0,0.0,0.0,0.0,0.0,0.0,3.69141,17.5476,0.00674,0.13537,StoppingVariableSpeed,seated
15.6655,307,0.0,0.0,0.0,0.0,0.0,0.0,0.0,0.0,0.0,0.0,4.57031,17.5585,0.00674,0.13537,StoppingVariableSpeed,seated
15.7618,308,0.0,0.0,0.0,0.0,0.0,0.0,0.0,0.0,0.0,0.0,6.15234,16.419,0.0188,0.1476,StoppingVariableSpeed,extended
15.8119,309,0.0,0.0,0.0,0.0,0.0,0.0,0.0,0.0,0.0,0.0,6.67969,10.529,0.0188,0.1476,StoppingVariableSpeed,extended
15.862,310,0.0,0.0,0.0,0.0,0.0,0.0,0.0,0.0,0.0,0.0,7.38281,14.0392,0.0188,0.1476,StoppingVariableSpeed,extended
15.9121,311,0.0,0.0,0.0,0.0,0.0,0.0,0.0,0.0,0.0,0.0,7.73438,7.01964,0.0188,0.1476,StoppingVariableSpeed,extended
15.9622,312,0.0,0.0,0.0,0.0,0.0,0.0,0.0,0.0,0.0,0.0,8.08594,7.01968,0.0188,0.1476,StoppingVariableSpeed,extended
16.0123,313,0.0,0.0,0.0,0.0,0.0,0.0,0.0,0.0,0.0,0.0,8.26172,3.50985,0.0188,0.1476,StoppingVariableSpeed,extended
16.0623,314,0.0,0.0,0.0,0.0,0.0,0.0,0.0,0.0,0.0,0.0,8.4375,3.50972,0.0188,0.1476,StoppingVariableSpeed,extended
16.1124,315,0.0,0.0,0.0,0.0,0.0,0.0,0.0,0.0,0.0,0.0,8.4375,0.0,0.0188,0.1476,StoppingVariableSpeed,extended
16.1625,316,0.0,0.0,0.0,0.0,0.0,0.0,0.0,0.0,0.0,0.0,8.26172,-3.50974,0.0188,0.1476,StoppingVariableSpeed,extended
16.2126,317,0.0,0.0,0.0,0.0,0.0,0.0,0.0,0.0,0.0,0.0,8.08594,-3.50989,0.0188,0.1476,StoppingVariableSpeed,extended
16.2627,318,0.0,0.0,0.0,0.0,0.0,0.0,0.0,0.0,0.0,0.0,7.55859,-10.5289,0.0188,0.1476,StoppingVariableSpeed,extended
16.3128,319,0.0,0.0,0.0,0.0,0.0,0.0,0.0,0.0,0.0,0.0,7.03125,-10.5293,0.0188,0.1476,StoppingVariableSpeed,extended
16.3628,320,0.0,0.0,0.0,0.0,0.0,0.0,0.0,0.0,0.0,0.0,6.50391,-10.5294,0.0188,0.1476,StoppingVariableSpeed,extended
16.4129,321,0.0,0.0,0.0,0.0,0.0,0.0,0.0,0.0,0.0,0.0,5.80078,-14.0386,0.0188,0.1476,StoppingVariableSpeed,extended
16.463,322,0.0,0.0,0.0,0.0,0.0,0.0,0.0,0.0,0.0,0.0,4.92188,-17.5501,0.0188,0.1476,StoppingVariableSpeed,extended
16.5131,323,0.0,0.0,0.0,0.0,0.0,0.0,0.0,0.0,0.0,0.0,4.04297,-17.5488,0.0188,0.1476,StoppingVariableSpeed,extended
16.5632,324,0.0,0.0,0.0,0.0,0.0,0.0,0.0,0.0,0.0,0.0,3.16406,-17.5499,0.0188,0.1476,StoppingVariableSpeed,extended
16.6132,325,0.0,0.0,0.0,0.0,0.0,0.0,0.0,0.0,0.0,0.0,2.10938,-21.0595,0.0188,0.1476,StoppingVariableSpeed,extended
16.6633,326,0.0,0.0,0.0,0.0,0.0,0.0,0.0,0.0,0.0,0.0,1.23047,-17.5487,0.0188,0.1476,StoppingVariableSpeed,extended
16.7134,327,0.0,0.0,0.0,0.0,0.0,0.0,0.0,0.0,0.0,0.0,0.175781,-21.0601,0.0188,0.1476,StoppingVariableSpeed,extended
16.7635,328,0.0,0.0,0.0,0.0,0.0,0.0,0.0,0.0,0.0,0.0,-0.878906,-21.0582,0.0188,0.1476,StoppingVariableSpeed,extended
16.8136,329,0.0,0.0,0.0,0.0,0.0,0.0,0.0,0.0,0.0,0.0,-1.93359,-21.0607,0.0188,0.1476,StoppingVariableSpeed,extended
16.9117,330,0.0,0.0,0.0,0.0,0.0,0.0,0.0,0.0,0.0,0.0,-3.86719,-19.713,0.00674,0.13537,StoppingVariableSpeed,seated
16.9617,331,0.0,0.0,0.0,0.0,0.0,0.0,0.0,0.0,0.0,0.0,-4.74609,-17.5484,0.00674,0.13537,StoppingVariableSpeed,seated
17.0118,332,0.0,0.0,0.0,0.0,0.0,0.0,0.0,0.0,0.0,0.0,-5.44922,-14.0402,0.00674,0.13537,StoppingVariableSpeed,seated
17.0619,333,0.0,0.0,0.0,0.0,0.0,0.0,0.0,0.0,0.0,0.0,-6.15234,-14.0397,0.00674,0.13537,StoppingVariableSpeed,seated
17.112,334,0.0,0.0,0.0,0.0,0.0,0.0,0.0,0.0,0.0,0.0,-6.85547,-14.0395,0.00674,0.13537,StoppingVariableSpeed,seated
17.1621,335,0.0,0.0,0.0,0.0,0.0,0.0,0.0,0.0,0.0,0.0,-7.38281,-10.5295,0.00674,0.13537,StoppingVariableSpeed,seated
17.2121,336,0.0,0.0,0.0,0.0,0.0,0.0,0.0,0.0,0.0,0.0,-7.73438,-7.02051,0.00674,0.13537,StoppingVariableSpeed,seated
17.2622,337,0.0,0.0,0.0,0.0,0.0,0.0,0.0,0.0,0.0,0.0,-8.08594,-7.01984,0.00674,0.13537,StoppingVariableSpeed,seated
17.3123,338,0.0,0.0,0.0,0.0,0.0,0.0,0.0,0.0,0.0,0.0,-8.08594,0.0,0.00674,0.13537,StoppingVariableSpeed,seated
17.3624,339,0.0,0.0,0.0,0.0,0.0,0.0,0.0,0.0,0.0,0.0,-8.26172,-3.50982,0.00674,0.13537,StoppingVariableSpeed,seated
17.4125,340,0.0,0.0,0.0,0.0,0.0,0.0,0.0,0.0,0.0,0.0,-8.08594,3.5092,0.00674,0.13537,StoppingVariableSpeed,seated
17.4626,341,0.0,0.0,0.0,0.0,0.0,0.0,0.0,0.0,0.0,0.0,-7.91016,3.51002,0.00674,0.13537,StoppingVariableSpeed,seated
17.5126,342,0.0,0.0,0.0,0.0,0.0,0.0,0.0,0.0,0.0,0.0,-7.55859,7.02011,0.00674,0.13537,StoppingVariableSpeed,seated
17.5627,343,0.0,0.0,0.0,0.0,0.0,0.0,0.0,0.0,0.0,0.0,-7.03125,10.5302,0.00674,0.13537,StoppingVariableSpeed,seated
17.6128,344,0.0,0.0,0.0,0.0,0.0,0.0,0.0,0.0,0.0,0.0,-6.50391,10.5299,0.00674,0.13537,StoppingVariableSpeed,seated
17.6629,345,0.0,0.0,0.0,0.0,0.0,0.0,0.0,0.0,0.0,0.0,-5.97656,10.5297,0.00674,0.13537,StoppingVariableSpeed,seated
17.713,346,0.0,0.0,0.0,0.0,0.0,0.0,0.0,0.0,0.0,0.0,-5.09766,17.5489,0.00674,0.13537,StoppingVariableSpeed,seated
17.7631,347,0.0,0.0,0.0,0.0,0.0,0.0,0.0,0.0,0.0,0.0,-4.21875,17.5489,0.00674,0.13537,StoppingVariableSpeed,seated
17.8131,348,0.0,0.0,0.0,0.0,0.0,0.0,0.0,0.0,0.0,0.0,-3.33984,17.5487,0.00674,0.13537,StoppingVariableSpeed,seated
17.8632,349,0.0,0.0,0.0,0.0,0.0,0.0,0.0,0.0,0.0,0.0,-2.28516,21.0593,0.00674,0.13537,StoppingVariableSpeed,seated
17.9133,350,0.0,0.0,0.0,0.0,0.0,0.0,0.0,0.0,0.0,0.0,-1.40625,17.5499,0.00674,0.13537,StoppingVariableSpeed,seated
17.9634,351,0.0,0.0,0.0,0.0,0.0,0.0,0.0,0.0,0.0,0.0,-0.351562,21.0608,0.00674,0.13537,StoppingVariableSpeed,seated
18.0607,352,0.0,0.0,0.0,0.0,0.0,0.0,0.0,0.0,0.0,0.0,1.75781,21.6831,0.0188,0.1476,StoppingVariableSpeed,extended
18.1107,353,0.0,0.0,0.0,0.0,0.0,0.0,0.0,0.0,0.0,0.0,2.63672,17.5468,0.0188,0.1476,StoppingVariableSpeed,extended
18.1608,354,0.0,0.0,0.0,0.0,0.0,0.0,0.0,0.0,0.0,0.0,3.51562,17.5492,0.0188,0.1476,StoppingVariableSpeed,extended
18.2109,355,0.0,0.0,0.0,0.0,0.0,0.0,0.0,0.0,0.0,0.0,4.57031,21.0595,0.0188,0.1476,StoppingVariableSpeed,extended
18.261,356,0.0,0.0,0.0,0.0,0.0,0.0,0.0,0.0,0.0,0.0,5.44922,17.5493,0.0188,0.1476,StoppingVariableSpeed,extended
18.3111,357,0.0,0.0,0.0,0.0,0.0,0.0,0.0,0.0,0.0,0.0,6.15234,14.0392,0.0188,0.1476,StoppingVariableSpeed,extended
18.3612,358,0.0,0.0,0.0,0.0,0.0,0.0,0.0,0.0,0.0,0.0,6.85547,14.0393,0.0188,0.1476,StoppingVariableSpeed,extended
18.4112,359,0.0,0.0,0.0,0.0,0.0,0.0,0.0,0.0,0.0,0.0,7.38281,10.5293,0.0188,0.1476,StoppingVariableSpeed,extended
18.4613,360,0.0,0.0,0.0,0.0,0.0,0.0,0.0,0.0,0.0,0.0,7.91016,10.5293,0.0188,0.1476,StoppingVariableSpeed,extended
18.5114,361,0.0,0.0,0.0,0.0,0.0,0.0,0.0,0.0,0.0,0.0,8.26172,7.01984,0.0188,0.1476,StoppingVariableSpeed,extended
18.5615,362,0.0,0.0,0.0,0.0,0.0,0.0,0.0,0.0,0.0,0.0,8.4375,3.50979,0.0188,0.1476,StoppingVariableSpeed,extended
18.6116,363,0.0,0.0,0.0,0.0,0.0,0.0,0.0,0.0,0.0,0.0,8.61328,3.50987,0.0188,0.1476,StoppingVariableSpeed,extended
18.6617,364,0.0,0.0,0.0,0.0,0.0,0.0,0.0,0.0,0.0,0.0,8.61328,0.0,0.0188,0.1476,StoppingVariableSpeed,extended
18.7117,365,0.0,0.0,0.0,0.0,0.0,0.0,0.0,0.0,0.0,0.0,8.4375,-3.50984,0.0188,0.1476,StoppingVariableSpeed,extended
18.7618,366,0.0,0.0,0.0,0.0,0.0,0.0,0.0,0.0,0.0,0.0,8.26172,-3.50985,0.0188,0.1476,StoppingVariableSpeed,extended
18.8119,367,0.0,0.0,0.0,0.0,0.0,0.0,0.0,0.0,0.0,0.0,7.73438,-10.53,0.0188,0.1476,StoppingVariableSpeed,extended
18.862,368,0.0,0.0,0.0,0.0,0.0,0.0,0.0,0.0,0.0,0.0,7.38281,-7.01978,0.0188,0.1476,StoppingVariableSpeed,extended
18.9121,369,0.0,0.0,0.0,0.0,0.0,0.0,0.0,0.0,0.0,0.0,6.67969,-14.0394,0.0188,0.1476,StoppingVariableSpeed,extended
18.9621,370,0.0,0.0,0.0,0.0,0.0,0.0,0.0,0.0,0.0,0.0,5.97656,-14.0402,0.0188,0.1476,StoppingVariableSpeed,extended
19.0122,371,0.0,0.0,0.0,0.0,0.0,0.0,0.0,0.0,0.0,0.0,5.27344,-14.0392,0.0188,0.1476,StoppingVariableSpeed,extended
19.0623,372,0.0,0.0,0.0,0.0,0.0,0.0,0.0,0.0,0.0,0.0,4.39453,-17.549,0.0188,0.1476,StoppingVariableSpeed,extended
19.1124,373,0.0,0.0,0.0,0.0,0.0,0.0,0.0,0.0,0.0,0.0,3.51562,-17.5498,0.0188,0.1476,StoppingVariableSpeed,extended
19.2428,374,0.0,0.0,0.0,0.0,0.0,0.0,0.0,0.0,0.0,0.0,0.878906,-20.2258,0.00674,0.13537,StoppingVariableSpeed,seated
19.2928,375,0.0,0.0,0.0,0.0,0.0,0.0,0.0,0.0,0.0,0.0,-0.175781,-21.0583,0.00674,0.13537,StoppingVariableSpeed,seated
19.3429,376,0.0,0.0,0.0,0.0,0.0,0.0,0.0,0.0,0.0,0.0,-1.05469,-17.5487,0.00674,0.13537,StoppingVariableSpeed,seated
19.393,377,0.0,0.0,0.0,0.0,0.0,0.0,0.0,0.0,0.0,0.0,-2.10938,-21.0568,0.00674,0.13537,StoppingVariableSpeed,seated
19.4431,378,0.0,0.0,0.0,0.0,0.0,0.0,0.0,0.0,0.0,0.0,-3.16406,-21.058,0.00674,0.13537,StoppingVariableSpeed,seated
19.4932,379,0.0,0.0,0.0,0.0,0.0,0.0,0.0,0.0,0.0,0.0,-4.04297,-17.5499,0.00674,0.13537,StoppingVariableSpeed,seated
19.5433,380,0.0,0.0,0.0,0.0,0.0,0.0,0.0,0.0,0.0,0.0,-4.92188,-17.5503,0.00674,0.13537,StoppingVariableSpeed,seated
19.5933,381,0.0,0.0,0.0,0.0,0.0,0.0,0.0,0.0,0.0,0.0,-5.625,-14.0392,0.00674,0.13537,StoppingVariableSpeed,seated
19.6434,382,0.0,0.0,0.0,0.0,0.0,0.0,0.0,0.0,0.0,0.0,-6.32812,-14.0395,0.00674,0.13537,StoppingVariableSpeed,seated
19.6935,383,0.0,0.0,0.0,0.0,0.0,0.0,0.0,0.0,0.0,0.0,-6.85547,-10.5328,0.00674,0.13537,StoppingVariableSpeed,seated
19.7436,384,0.0,0.0,0.0,0.0,0.0,0.0,0.0,0.0,0.0,0.0,-7.20703,-7.01937,0.00674,0.13537,StoppingVariableSpeed,seated
19.7936,385,0.0,0.0,0.0,0.0,0.0,0.0,0.0,0.0,0.0,0.0,-7.55859,-7.02021,0.00674,0.13537,StoppingVariableSpeed,seated
19.8437,386,0.0,0.0,0.0,0.0,0.0,0.0,0.0,0.0,0.0,0.0,-7.73438,-3.50992,0.00674,0.13537,StoppingVariableSpeed,seated
19.8938,387,0.0,0.0,0.0,0.0,0.0,0.0,0.0,0.0,0.0,0.0,-7.91016,-3.50987,0.00674,0.13537,StoppingVariableSpeed,seated
19.9439,388,0.0,0.0,0.0,0.0,0.0,0.0,0.0,0.0,0.0,0.0,-7.73438,3.50989,0.00674,0.13537,StoppingVariableSpeed,seated
19.994,389,0.0,0.0,0.0,0.0,0.0,0.0,0.0,0.0,0.0,0.0,-7.73438,0.0,0.00674,0.13537,StoppingVariableSpeed,seated
20.0441,390,0.0,0.0,0.0,0.0,0.0,0.0,0.0,0.0,0.0,0.0,-7.38281,7.01971,0.00674,0.13537,StoppingVariableSpeed,seated
20.0941,391,0.0,0.0,0.0,0.0,0.0,0.0,0.0,0.0,0.0,0.0,-7.03125,7.02001,0.00674,0.13537,StoppingVariableSpeed,seated
20.1442,392,0.0,0.0,0.0,0.0,0.0,0.0,0.0,0.0,0.0,0.0,-6.50391,10.5297,0.00674,0.13537,StoppingVariableSpeed,seated
20.1943,393,0.0,0.0,0.0,0.0,0.0,0.0,0.0,0.0,0.0,0.0,-5.80078,14.0394,0.00674,0.13537,StoppingVariableSpeed,seated
20.2444,394,0.0,0.0,0.0,0.0,0.0,0.0,0.0,0.0,0.0,0.0,-5.09766,14.0388,0.00674,0.13537,StoppingVariableSpeed,seated
20.3374,395,0.0,0.0,0.0,0.0,0.0,0.0,0.0,0.0,0.0,0.0,-3.51562,17.0081,0.0188,0.1476,StoppingVariableSpeed,extended
20.3875,396,0.0,0.0,0.0,0.0,0.0,0.0,0.0,0.0,0.0,0.0,-2.8125,14.0385,0.0188,0.1476,StoppingVariableSpeed,extended
20.4376,397,0.0,0.0,0.0,0.0,0.0,0.0,0.0,0.0,0.0,0.0,-1.75781,21.0598,0.0188,0.1476,StoppingVariableSpeed,extended
20.4877,398,0.0,0.0,0.0,0.0,0.0,0.0,0.0,0.0,0.0,0.0,-0.703125,21.0586,0.0188,0.1476,StoppingVariableSpeed,extended
20.5377,399,0.0,0.0,0.0,0.0,0.0,0.0,0.0,0.0,0.0,0.0,0.175781,17.5489,0.0188,0.1476,StoppingVariableSpeed,extended
20.5878,400,0.0,0.0,0.0,0.0,0.0,0.0,0.0,0.0,0.0,0.0,1.23047,21.0588,0.0188,0.1476,StoppingVariableSpeed,extended
20.6379,401,0.0,0.0,0.0,0.0,0.0,0.0,0.0,0.0,0.0,0.0,2.10938,17.5498,0.0188,0.1476,StoppingVariableSpeed,extended
20.688,402,0.0,0.0,0.0,0.0,0.0,0.0,0.0,0.0,0.0,0.0,3.16406,21.0594,0.0188,0.1476,StoppingVariableSpeed,extended
20.7381,403,0.0,0.0,0.0,0.0,0.0,0.0,0.0,0.0,0.0,0.0,4.04297,17.5471,0.0188,0.1476,StoppingVariableSpeed,extended
20.7882,404,0.0,0.0,0.0,0.0,0.0,0.0,0.0,0.0,0.0,0.0,4.92188,17.5474,0.0188,0.1476,StoppingVariableSpeed,extended
20.8382,405,0.0,0.0,0.0,0.0,0.0,0.0,0.0,0.0,0.0,0.0,5.625,14.0396,0.0188,0.1476,StoppingVariableSpeed,extended
20.8883,406,0.0,0.0,0.0,0.0,0.0,0.0,0.0,0.0,0.0,0.0,6.32812,14.0385,0.0188,0.1476,StoppingVariableSpeed,extended
20.9384,407,0.0,0.0,0.0,0.0,0.0,0.0,0.0,0.0,0.0,0.0,6.85547,10.5306,0.0188,0.1476,StoppingVariableSpeed,extended
20.9885,408,0.0,0.0,0.0,0.0,0.0,0.0,0.0,0.0,0.0,0.0,7.38281,10.529,0.0188,0.1476,StoppingVariableSpeed,extended
21.0386,409,0.0,0.0,0.0,0.0,0.0,0.0,0.0,0.0,0.0,0.0,7.73438,7.01978,0.0188,0.1476,StoppingVariableSpeed,extended
21.0886,410,0.0,0.0,0.0,0.0,0.0,0.0,0.0,0.0,0.0,0.0,7.91016,3.51005,0.0188,0.1476,StoppingVariableSpeed,extended
21.1387,411,0.0,0.0,0.0,0.0,0.0,0.0,0.0,0.0,0.0,0.0,8.08594,3.50979,0.0188,0.1476,StoppingVariableSpeed,extended
21.1888,412,0.0,0.0,0.0,0.0,0.0,0.0,0.0,0.0,0.0,0.0,8.08594,0.0,0.0188,0.1476,StoppingVariableSpeed,extended
21.2389,413,0.0,0.0,0.0,0.0,0.0,0.0,0.0,0.0,0.0,0.0,8.08594,0.0,0.0188,0.1476,StoppingVariableSpeed,extended
21.289,414,0.0,0.0,0.0,0.0,0.0,0.0,0.0,0.0,0.0,0.0,7.73438,-7.01968,0.0188,0.1476,StoppingVariableSpeed,extended
21.3391,415,0.0,0.0,0.0,0.0,0.0,0.0,0.0,0.0,0.0,0.0,7.38281,-7.01968,0.0188,0.1476,StoppingVariableSpeed,extended
21.3891,416,0.0,0.0,0.0,0.0,0.0,0.0,0.0,0.0,0.0,0.0,7.03125,-7.01931,0.0188,0.1476,StoppingVariableSpeed,extended
21.4919,417,0.0,0.0,0.0,0.0,0.0,0.0,0.0,0.0,0.0,0.0,5.80078,-11.9806,0.00674,0.13537,StoppingVariableSpeed,seated
21.5419,418,0.0,0.0,0.0,0.0,0.0,0.0,0.0,0.0,0.0,0.0,5.09766,-14.0394,0.00674,0.13537,StoppingVariableSpeed,seated
21.592,419,0.0,0.0,0.0,0.0,0.0,0.0,0.0,0.0,0.0,0.0,4.21875,-17.5494,0.00674,0.13537,StoppingVariableSpeed,seated
21.6421,420,0.0,0.0,0.0,0.0,0.0,0.0,0.0,0.0,0.0,0.0,3.33984,-17.5488,0.00674,0.13537,StoppingVariableSpeed,seated
21.6922,421,0.0,0.0,0.0,0.0,0.0,0.0,0.0,0.0,0.0,0.0,2.28516,-21.0594,0.00674,0.13537,StoppingVariableSpeed,seated
21.7423,422,0.0,0.0,0.0,0.0,0.0,0.0,0.0,0.0,0.0,0.0,1.40625,-17.5506,0.00674,0.13537,StoppingVariableSpeed,seated
21.7923,423,0.0,0.0,0.0,0.0,0.0,0.0,0.0,0.0,0.0,0.0,0.351562,-21.0592,0.00674,0.13537,StoppingVariableSpeed,seated
21.8424,424,0.0,0.0,0.0,0.0,0.0,0.0,0.0,0.0,0.0,0.0,-0.527344,-17.5509,0.00674,0.13537,StoppingVariableSpeed,seated
21.8925,425,0.0,0.0,0.0,0.0,0.0,0.0,0.0,0.0,0.0,0.0,-1.58203,-21.0662,0.00674,0.13537,StoppingVariableSpeed,seated
21.9426,426,0.0,0.0,0.0,0.0,0.0,0.0,0.0,0.0,0.0,0.0,-2.46094,-17.5482,0.00674,0.13537,StoppingVariableSpeed,seated
21.9927,427,0.0,0.0,0.0,0.0,0.0,0.0,0.0,0.0,0.0,0.0,-3.51562,-21.0595,0.00674,0.13537,StoppingVariableSpeed,seated
22.0427,428,0.0,0.0,0.0,0.0,0.0,0.0,0.0,0.0,0.0,0.0,-4.21875,-14.0389,0.00674,0.13537,StoppingVariableSpeed,seated
22.0928,429,0.0,0.0,0.0,0.0,0.0,0.0,0.0,0.0,0.0,0.0,-4.92188,-14.037,0.00674,0.13537,StoppingVariableSpeed,seated
22.1429,430,0.0,0.0,0.0,0.0,0.0,0.0,0.0,0.0,0.0,0.0,-5.625,-14.0395,0.00674,0.13537,StoppingVariableSpeed,seated
22.193,431,0.0,0.0,0.0,0.0,0.0,0.0,0.0,0.0,0.0,0.0,-6.32812,-14.0398,0.00674,0.13537,StoppingVariableSpeed,seated
22.2431,432,0.0,0.0,0.0,0.0,0.0,0.0,0.0,0.0,0.0,0.0,-6.67969,-7.02024,0.00674,0.13537,StoppingVariableSpeed,seated
22.2931,433,0.0,0.0,0.0,0.0,0.0,0.0,0.0,0.0,0.0,0.0,-7.20703,-10.5292,0.00674,0.13537,StoppingVariableSpeed,seated
22.3432,434,0.0,0.0,0.0,0.0,0.0,0.0,0.0,0.0,0.0,0.0,-7.55859,-7.01947,0.00674,0.13537,StoppingVariableSpeed,seated
22.3933,435,0.0,0.0,0.0,0.0,0.0,0.0,0.0,0.0,0.0,0.0,-7.73438,-3.5094,0.00674,0.13537,StoppingVariableSpeed,seated
22.4434,436,0.0,0.0,0.0,0.0,0.0,0.0,0.0,0.0,0.0,0.0,-7.73438,0.0,0.00674,0.13537,StoppingVariableSpeed,seated
22.4935,437,0.0,0.0,0.0,0.0,0.0,0.0,0.0,0.0,0.0,0.0,-7.55859,3.50949,0.00674,0.13537,StoppingVariableSpeed,seated
22.5953,438,0.0,0.0,0.0,0.0,0.0,0.0,0.0,0.0,0.0,0.0,-7.03125,5.18088,0.0188,0.1476,StoppingVariableSpeed,extended
22.6454,439,0.0,0.0,0.0,0.0,0.0,0.0,0.0,0.0,0.0,0.0,-6.67969,7.01934,0.0188,0.1476,StoppingVariableSpeed,extended
22.6954,440,0.0,0.0,0.0,0.0,0.0,0.0,0.0,0.0,0.0,0.0,-6.15234,10.5297,0.0188,0.1476,StoppingVariableSpeed,extended
22.7455,441,0.0,0.0,0.0,0.0,0.0,0.0,0.0,0.0,0.0,0.0,-5.625,10.5387,0.0188,0.1476,StoppingVariableSpeed,extended
22.7956,442,0.0,0.0,0.0,0.0,0.0,0.0,0.0,0.0,0.0,0.0,-4.92188,14.0375,0.0188,0.1476,StoppingVariableSpeed,extended
22.8456,443,0.0,0.0,0.0,0.0,0.0,0.0,0.0,0.0,0.0,0.0,-4.04297,17.5503,0.0188,0.1476,StoppingVariableSpeed,extended
22.8957,444,0.0,0.0,0.0,0.0,0.0,0.0,0.0,0.0,0.0,0.0,-3.16406,17.549,0.0188,0.1476,StoppingVariableSpeed,extended
22.9458,445,0.0,0.0,0.0,0.0,0.0,0.0,0.0,0.0,0.0,0.0,-2.10938,21.0593,0.0188,0.1476,StoppingVariableSpeed,extended
22.9959,446,0.0,0.0,0.0,0.0,0.0,0.0,0.0,0.0,0.0,0.0,-1.40625,14.0379,0.0188,0.1476,StoppingVariableSpeed,extended
23.046,447,0.0,0.0,0.0,0.0,0.0,0.0,0.0,0.0,0.0,0.0,-0.351562,21.0585,0.0188,0.1476,StoppingVariableSpeed,extended
23.0961,448,0.0,0.0,0.0,0.0,0.0,0.0,0.0,0.0,0.0,0.0,0.703125,21.0586,0.0188,0.1476,StoppingVariableSpeed,extended
23.1461,449,0.0,0.0,0.0,0.0,0.0,0.0,0.0,0.0,0.0,0.0,1.58203,17.5489,0.0188,0.1476,StoppingVariableSpeed,extended
23.1962,450,0.0,0.0,0.0,0.0,0.0,0.0,0.0,0.0,0.0,0.0,2.46094,17.5489,0.0188,0.1476,StoppingVariableSpeed,extended
23.2463,451,0.0,0.0,0.0,0.0,0.0,0.0,0.0,0.0,0.0,0.0,3.33984,17.5494,0.0188,0.1476,StoppingVariableSpeed,extended
23.2964,452,0.0,0.0,0.0,0.0,0.0,0.0,0.0,0.0,0.0,0.0,4.21875,17.5494,0.0188,0.1476,StoppingVariableSpeed,extended
23.3465,453,0.0,0.0,0.0,0.0,0.0,0.0,0.0,0.0,0.0,0.0,5.09766,17.5471,0.0188,0.1476,StoppingVariableSpeed,extended
23.3966,454,0.0,0.0,0.0,0.0,0.0,0.0,0.0,0.0,0.0,0.0,5.80078,14.0396,0.0188,0.1476,StoppingVariableSpeed,extended
23.4466,455,0.0,0.0,0.0,0.0,0.0,0.0,0.0,0.0,0.0,0.0,6.32812,10.5295,0.0188,0.1476,StoppingVariableSpeed,extended
23.4967,456,0.0,0.0,0.0,0.0,0.0,0.0,0.0,0.0,0.0,0.0,6.85547,10.5296,0.0188,0.1476,StoppingVariableSpeed,extended
23.5468,457,0.0,0.0,0.0,0.0,0.0,0.0,0.0,0.0,0.0,0.0,7.38281,10.529,0.0188,0.1476,StoppingVariableSpeed,extended
23.5969,458,0.0,0.0,0.0,0.0,0.0,0.0,0.0,0.0,0.0,0.0,7.55859,3.50995,0.0188,0.1476,StoppingVariableSpeed,extended
23.6959,459,0.0,0.0,0.0,0.0,0.0,0.0,0.0,0.0,0.0,0.0,7.91016,3.55068,0.00674,0.13537,StoppingVariableSpeed,seated
23.746,460,0.0,0.0,0.0,0.0,0.0,0.0,0.0,0.0,0.0,0.0,7.91016,0.0,0.00674,0.13537,StoppingVariableSpeed,seated
23.7961,461,0.0,0.0,0.0,0.0,0.0,0.0,0.0,0.0,0.0,0.0,7.73438,-3.50985,0.00674,0.13537,StoppingVariableSpeed,seated
23.8462,462,0.0,0.0,0.0,0.0,0.0,0.0,0.0,0.0,0.0,0.0,7.38281,-7.01974,0.00674,0.13537,StoppingVariableSpeed,seated
23.8962,463,0.0,0.0,0.0,0.0,0.0,0.0,0.0,0.0,0.0,0.0,7.03125,-7.01934,0.00674,0.13537,StoppingVariableSpeed,seated
23.9463,464,0.0,0.0,0.0,0.0,0.0,0.0,0.0,0.0,0.0,0.0,6.50391,-10.5291,0.00674,0.13537,StoppingVariableSpeed,seated
23.9964,465,0.0,0.0,0.0,0.0,0.0,0.0,0.0,0.0,0.0,0.0,5.97656,-10.5295,0.00674,0.13537,StoppingVariableSpeed,seated
24.0465,466,0.0,0.0,0.0,0.0,0.0,0.0,0.0,0.0,0.0,0.0,5.27344,-14.0424,0.00674,0.13537,StoppingVariableSpeed,seated
24.0966,467,0.0,0.0,0.0,0.0,0.0,0.0,0.0,0.0,0.0,0.0,4.57031,-14.0398,0.00674,0.13537,StoppingVariableSpeed,seated
24.1466,468,0.0,0.0,0.0,0.0,0.0,0.0,0.0,0.0,0.0,0.0,3.86719,-14.0396,0.00674,0.13537,StoppingVariableSpeed,seated
24.1967,469,0.0,0.0,0.0,0.0,0.0,0.0,0.0,0.0,0.0,0.0,2.8125,-21.0587,0.00674,0.13537,StoppingVariableSpeed,seated
24.2468,470,0.0,0.0,0.0,0.0,0.0,0.0,0.0,0.0,0.0,0.0,2.10938,-14.0395,0.00674,0.13537,StoppingVariableSpeed,seated
24.2969,471,0.0,0.0,0.0,0.0,0.0,0.0,0.0,0.0,0.0,0.0,1.05469,-21.0597,0.00674,0.13537,StoppingVariableSpeed,seated
24.3469,472,0.0,0.0,0.0,0.0,0.0,0.0,0.0,0.0,0.0,0.0,0.175781,-17.5579,0.00674,0.13537,StoppingVariableSpeed,seated
24.397,473,0.0,0.0,0.0,0.0,0.0,0.0,0.0,0.0,0.0,0.0,-0.703125,-17.5493,0.00674,0.13537,StoppingVariableSpeed,seated
24.4471,474,0.0,0.0,0.0,0.0,0.0,0.0,0.0,0.0,0.0,0.0,-1.75781,-21.0583,0.00674,0.13537,StoppingVariableSpeed,seated
24.4972,475,0.0,0.0,0.0,0.0,0.0,0.0,0.0,0.0,0.0,0.0,-2.63672,-17.5494,0.00674,0.13537,StoppingVariableSpeed,seated
24.5473,476,0.0,0.0,0.0,0.0,0.0,0.0,0.0,0.0,0.0,0.0,-3.51562,-17.5481,0.00674,0.13537,StoppingVariableSpeed,seated
24.5974,477,0.0,0.0,0.0,0.0,0.0,0.0,0.0,0.0,0.0,0.0,-4.21875,-14.0394,0.00674,0.13537,StoppingVariableSpeed,seated
24.6474,478,0.0,0.0,0.0,0.0,0.0,0.0,0.0,0.0,0.0,0.0,-4.92188,-14.0396,0.00674,0.13537,StoppingVariableSpeed,seated
24.6975,479,0.0,0.0,0.0,0.0,0.0,0.0,0.0,0.0,0.0,0.0,-5.625,-14.0509,0.00674,0.13537,StoppingVariableSpeed,seated
24.7989,480,0.0,0.0,0.0,0.0,0.0,0.0,0.0,0.0,0.0,0.0,-6.67969,-10.399,0.0188,0.1476,StoppingVariableSpeed,extended
24.849,481,0.0,0.0,0.0,0.0,0.0,0.0,0.0,0.0,0.0,0.0,-7.03125,-7.01964,0.0188,0.1476,StoppingVariableSpeed,extended
24.8991,482,0.0,0.0,0.0,0.0,0.0,0.0,0.0,0.0,0.0,0.0,-7.20703,-3.5097,0.0188,0.1476,StoppingVariableSpeed,extended
24.9492,483,0.0,0.0,0.0,0.0,0.0,0.0,0.0,0.0,0.0,0.0,-7.38281,-3.50984,0.0188,0.1476,StoppingVariableSpeed,extended
24.9992,484,0.0,0.0,0.0,0.0,0.0,0.0,0.0,0.0,0.0,0.0,-7.38281,0.0,0.0188,0.1476,StoppingVariableSpeed,extended
25.0493,485,0.0,0.0,0.0,0.0,0.0,0.0,0.0,0.0,0.0,0.0,-7.38281,0.0,0.0188,0.1476,StoppingVariableSpeed,extended
25.0994,486,0.0,0.0,0.0,0.0,0.0,0.0,0.0,0.0,0.0,0.0,-7.03125,7.01968,0.0188,0.1476,StoppingVariableSpeed,extended
25.1495,487,0.0,0.0,0.0,0.0,0.0,0.0,0.0,0.0,0.0,0.0,-6.67969,7.01968,0.0188,0.1476,StoppingVariableSpeed,extended
25.1996,488,0.0,0.0,0.0,0.0,0.0,0.0,0.0,0.0,0.0,0.0,-6.15234,10.531,0.0188,0.1476,StoppingVariableSpeed,extended
25.2496,489,0.0,0.0,0.0,0.0,0.0,0.0,0.0,0.0,0.0,0.0,-5.625,10.5291,0.0188,0.1476,StoppingVariableSpeed,extended
25.2997,490,0.0,0.0,0.0,0.0,0.0,0.0,0.0,0.0,0.0,0.0,-5.09766,10.5297,0.0188,0.1476,StoppingVariableSpeed,extended
25.3498,491,0.0,0.0,0.0,0.0,0.0,0.0,0.0,0.0,0.0,0.0,-4.39453,14.0394,0.0188,0.1476,StoppingVariableSpeed,extended
25.3999,492,0.0,0.0,0.0,0.0,0.0,0.0,0.0,0.0,0.0,0.0,-3.69141,14.0394,0.0188,0.1476,StoppingVariableSpeed,extended
25.45,493,0.0,0.0,0.0,0.0,0.0,0.0,0.0,0.0,0.0,0.0,-2.8125,17.5511,0.0188,0.1476,StoppingVariableSpeed,extended
25.5,494,0.0,0.0,0.0,0.0,0.0,0.0,0.0,0.0,0.0,0.0,-2.10938,14.0402,0.0188,0.1476,StoppingVariableSpeed,extended
25.5501,495,0.0,0.0,0.0,0.0,0.0,0.0,0.0,0.0,0.0,0.0,-1.05469,21.0599,0.0188,0.1476,StoppingVariableSpeed,extended
25.6002,496,0.0,0.0,0.0,0.0,0.0,0.0,0.0,0.0,0.0,0.0,-0.175781,17.5508,0.0188,0.1476,StoppingVariableSpeed,extended
25.6503,497,0.0,0.0,0.0,0.0,0.0,0.0,0.0,0.0,0.0,0.0,0.703125,17.5505,0.0188,0.1476,StoppingVariableSpeed,extended
25.7004,498,0.0,0.0,0.0,0.0,0.0,0.0,0.0,0.0,0.0,0.0,1.75781,21.0616,0.0188,0.1476,StoppingVariableSpeed,extended
25.7504,499,0.0,0.0,0.0,0.0,0.0,0.0,0.0,0.0,0.0,0.0,2.63672,17.5494,0.0188,0.1476,StoppingVariableSpeed,extended
25.8005,500,0.0,0.0,0.0,0.0,0.0,0.0,0.0,0.0,0.0,0.0,3.51562,17.5499,0.0188,0.1476,StoppingVariableSpeed,extended
25.9051,501,0.0,0.0,0.0,0.0,0.0,0.0,0.0,0.0,0.0,0.0,4.92188,13.4405,0.00674,0.13537,StoppingVariableSpeed,seated
25.9552,502,0.0,0.0,0.0,0.0,0.0,0.0,0.0,0.0,0.0,0.0,5.625,14.0394,0.00674,0.13537,StoppingVariableSpeed,seated
26.0053,503,0.0,0.0,0.0,0.0,0.0,0.0,0.0,0.0,0.0,0.0,6.32812,14.04,0.00674,0.13537,StoppingVariableSpeed,seated
26.0554,504,0.0,0.0,0.0,0.0,0.0,0.0,0.0,0.0,0.0,0.0,6.67969,7.01974,0.00674,0.13537,StoppingVariableSpeed,seated
26.1055,505,0.0,0.0,0.0,0.0,0.0,0.0,0.0,0.0,0.0,0.0,7.03125,7.01907,0.00674,0.13537,StoppingVariableSpeed,seated
26.1556,506,0.0,0.0,0.0,0.0,0.0,0.0,0.0,0.0,0.0,0.0,7.38281,7.02004,0.00674,0.13537,StoppingVariableSpeed,seated
26.2056,507,0.0,0.0,0.0,0.0,0.0,0.0,0.0,0.0,0.0,0.0,7.55859,3.50977,0.00674,0.13537,StoppingVariableSpeed,seated
26.2557,508,0.0,0.0,0.0,0.0,0.0,0.0,0.0,0.0,0.0,0.0,7.55859,0.0,0.00674,0.13537,StoppingVariableSpeed,seated
26.3058,509,0.0,0.0,0.0,0.0,0.0,0.0,0.0,0.0,0.0,0.0,7.38281,-3.50979,0.00674,0.13537,StoppingVariableSpeed,seated
26.3559,510,0.0,0.0,0.0,0.0,0.0,0.0,0.0,0.0,0.0,0.0,7.38281,0.0,0.00674,0.13537,StoppingVariableSpeed,seated
26.406,511,0.0,0.0,0.0,0.0,0.0,0.0,0.0,0.0,0.0,0.0,7.03125,-7.01964,0.00674,0.13537,StoppingVariableSpeed,seated
26.4561,512,0.0,0.0,0.0,0.0,0.0,0.0,0.0,0.0,0.0,0.0,6.67969,-7.01981,0.00674,0.13537,StoppingVariableSpeed,seated
26.5061,513,0.0,0.0,0.0,0.0,0.0,0.0,0.0,0.0,0.0,0.0,6.15234,-10.5298,0.00674,0.13537,StoppingVariableSpeed,seated
26.5562,514,0.0,0.0,0.0,0.0,0.0,0.0,0.0,0.0,0.0,0.0,5.625,-10.5298,0.00674,0.13537,StoppingVariableSpeed,seated
26.6063,515,0.0,0.0,0.0,0.0,0.0,0.0,0.0,0.0,0.0,0.0,4.92188,-14.0396,0.00674,0.13537,StoppingVariableSpeed,seated
26.6564,516,0.0,0.0,0.0,0.0,0.0,0.0,0.0,0.0,0.0,0.0,4.21875,-14.0391,0.00674,0.13537,StoppingVariableSpeed,seated
26.7065,517,0.0,0.0,0.0,0.0,0.0,0.0,0.0,0.0,0.0,0.0,3.33984,-17.5464,0.00674,0.13537,StoppingVariableSpeed,seated
26.7566,518,0.0,0.0,0.0,0.0,0.0,0.0,0.0,0.0,0.0,0.0,2.46094,-17.5502,0.00674,0.13537,StoppingVariableSpeed,seated
26.8066,519,0.0,0.0,0.0,0.0,0.0,0.0,0.0,0.0,0.0,0.0,1.75781,-14.0397,0.00674,0.13537,StoppingVariableSpeed,seated
26.8567,520,0.0,0.0,0.0,0.0,0.0,0.0,0.0,0.0,0.0,0.0,0.703125,-21.0588,0.00674,0.13537,StoppingVariableSpeed,seated
26.9068,521,0.0,0.0,0.0,0.0,0.0,0.0,0.0,0.0,0.0,0.0,-0.175781,-17.5494,0.00674,0.13537,StoppingVariableSpeed,seated
27.0182,522,0.0,0.0,0.0,0.0,0.0,0.0,0.0,0.0,0.0,0.0,-2.10938,-17.3635,0.0188,0.1476,StoppingVariableSpeed,extended
27.0682,523,0.0,0.0,0.0,0.0,0.0,0.0,0.0,0.0,0.0,0.0,-2.98828,-17.5504,0.0188,0.1476,StoppingVariableSpeed,extended
27.1183,524,0.0,0.0,0.0,0.0,0.0,0.0,0.0,0.0,0.0,0.0,-3.69141,-14.0393,0.0188,0.1476,StoppingVariableSpeed,extended
27.1684,525,0.0,0.0,0.0,0.0,0.0,0.0,0.0,0.0,0.0,0.0,-4.39453,-14.0394,0.0188,0.1476,StoppingVariableSpeed,extended
27.2185,526,0.0,0.0,0.0,0.0,0.0,0.0,0.0,0.0,0.0,0.0,-5.09766,-14.0388,0.0188,0.1476,StoppingVariableSpeed,extended
27.2686,527,0.0,0.0,0.0,0.0,0.0,0.0,0.0,0.0,0.0,0.0,-5.625,-10.5292,0.0188,0.1476,StoppingVariableSpeed,extended
27.3186,528,0.0,0.0,0.0,0.0,0.0,0.0,0.0,0.0,0.0,0.0,-6.15234,-10.5311,0.0188,0.1476,StoppingVariableSpeed,extended
27.3687,529,0.0,0.0,0.0,0.0,0.0,0.0,0.0,0.0,0.0,0.0,-6.50391,-7.01994,0.0188,0.1476,StoppingVariableSpeed,extended
27.4188,530,0.0,0.0,0.0,0.0,0.0,0.0,0.0,0.0,0.0,0.0,-6.67969,-3.50984,0.0188,0.1476,StoppingVariableSpeed,extended
27.4689,531,0.0,0.0,0.0,0.0,0.0,0.0,0.0,0.0,0.0,0.0,-6.85547,-3.50985,0.0188,0.1476,StoppingVariableSpeed,extended
27.519,532,0.0,0.0,0.0,0.0,0.0,0.0,0.0,0.0,0.0,0.0,-7.03125,-3.50987,0.0188,0.1476,StoppingVariableSpeed,extended
27.5691,533,0.0,0.0,0.0,0.0,0.0,0.0,0.0,0.0,0.0,0.0,-6.85547,3.50989,0.0188,0.1476,StoppingVariableSpeed,extended
27.6191,534,0.0,0.0,0.0,0.0,0.0,0.0,0.0,0.0,0.0,0.0,-6.67969,3.50977,0.0188,0.1476,StoppingVariableSpeed,extended
27.6692,535,0.0,0.0,0.0,0.0,0.0,0.0,0.0,0.0,0.0,0.0,-6.50391,3.50977,0.0188,0.1476,StoppingVariableSpeed,extended
27.7193,536,0.0,0.0,0.0,0.0,0.0,0.0,0.0,0.0,0.0,0.0,-5.97656,10.5294,0.0188,0.1476,StoppingVariableSpeed,extended
27.7694,537,0.0,0.0,0.0,0.0,0.0,0.0,0.0,0.0,0.0,0.0,-5.625,7.02001,0.0188,0.1476,StoppingVariableSpeed,extended
27.8195,538,0.0,0.0,0.0,0.0,0.0,0.0,0.0,0.0,0.0,0.0,-5.09766,10.5293,0.0188,0.1476,StoppingVariableSpeed,extended
27.8696,539,0.0,0.0,0.0,0.0,0.0,0.0,0.0,0.0,0.0,0.0,-4.39453,14.0399,0.0188,0.1476,StoppingVariableSpeed,extended
27.9196,540,0.0,0.0,0.0,0.0,0.0,0.0,0.0,0.0,0.0,0.0,-3.69141,14.0397,0.0188,0.1476,StoppingVariableSpeed,extended
27.9697,541,0.0,0.0,0.0,0.0,0.0,0.0,0.0,0.0,0.0,0.0,-2.8125,17.549,0.0188,0.1476,StoppingVariableSpeed,extended
28.0198,542,0.0,0.0,0.0,0.0,0.0,0.0,0.0,0.0,0.0,0.0,-2.10938,14.0398,0.0188,0.1476,StoppingVariableSpeed,extended
28.1124,543,0.0,0.0,0.0,0.0,0.0,0.0,0.0,0.0,0.0,0.0,-0.351562,18.9805,0.00674,0.13537,StoppingVariableSpeed,seated
28.1625,544,0.0,0.0,0.0,0.0,0.0,0.0,0.0,0.0,0.0,0.0,0.351562,14.042,0.00674,0.13537,StoppingVariableSpeed,seated
28.2126,545,0.0,0.0,0.0,0.0,0.0,0.0,0.0,0.0,0.0,0.0,1.40625,21.0594,0.00674,0.13537,StoppingVariableSpeed,seated
28.2626,546,0.0,0.0,0.0,0.0,0.0,0.0,0.0,0.0,0.0,0.0,2.10938,14.0397,0.00674,0.13537,StoppingVariableSpeed,seated
28.3127,547,0.0,0.0,0.0,0.0,0.0,0.0,0.0,0.0,0.0,0.0,2.98828,17.55,0.00674,0.13537,StoppingVariableSpeed,seated
28.3628,548,0.0,0.0,0.0,0.0,0.0,0.0,0.0,0.0,0.0,0.0,3.86719,17.5491,0.00674,0.13537,StoppingVariableSpeed,seated
28.4129,549,0.0,0.0,0.0,0.0,0.0,0.0,0.0,0.0,0.0,0.0,4.57031,14.039,0.00674,0.13537,StoppingVariableSpeed,seated
28.463,550,0.0,0.0,0.0,0.0,0.0,0.0,0.0,0.0,0.0,0.0,5.27344,14.0391,0.00674,0.13537,StoppingVariableSpeed,seated
28.5131,551,0.0,0.0,0.0,0.0,0.0,0.0,0.0,0.0,0.0,0.0,5.97656,14.0406,0.00674,0.13537,StoppingVariableSpeed,seated
28.5631,552,0.0,0.0,0.0,0.0,0.0,0.0,0.0,0.0,0.0,0.0,6.32812,7.01921,0.00674,0.13537,StoppingVariableSpeed,seated
28.6132,553,0.0,0.0,0.0,0.0,0.0,0.0,0.0,0.0,0.0,0.0,6.85547,10.5299,0.00674,0.13537,StoppingVariableSpeed,seated
28.6633,554,0.0,0.0,0.0,0.0,0.0,0.0,0.0,0.0,0.0,0.0,7.20703,7.01968,0.00674,0.13537,StoppingVariableSpeed,seated
28.7134,555,0.0,0.0,0.0,0.0,0.0,0.0,0.0,0.0,0.0,0.0,7.38281,3.51012,0.00674,0.13537,StoppingVariableSpeed,seated
28.7635,556,0.0,0.0,0.0,0.0,0.0,0.0,0.0,0.0,0.0,0.0,7.55859,3.5093,0.00674,0.13537,StoppingVariableSpeed,seated
28.8135,557,0.0,0.0,0.0,0.0,0.0,0.0,0.0,0.0,0.0,0.0,7.55859,0.0,0.00674,0.13537,StoppingVariableSpeed,seated
28.8636,558,0.0,0.0,0.0,0.0,0.0,0.0,0.0,0.0,0.0,0.0,7.38281,-3.51024,0.00674,0.13537,StoppingVariableSpeed,seated
28.9137,559,0.0,0.0,0.0,0.0,0.0,0.0,0.0,0.0,0.0,0.0,7.20703,-3.50977,0.00674,0.13537,StoppingVariableSpeed,seated
28.9638,560,0.0,0.0,0.0,0.0,0.0,0.0,0.0,0.0,0.0,0.0,6.85547,-7.02001,0.00674,0.13537,StoppingVariableSpeed,seated
29.0139,561,0.0,0.0,0.0,0.0,0.0,0.0,0.0,0.0,0.0,0.0,6.32812,-10.5297,0.00674,0.13537,StoppingVariableSpeed,seated
29.064,562,0.0,0.0,0.0,0.0,0.0,0.0,0.0,0.0,0.0,0.0,5.97656,-7.01937,0.00674,0.13537,StoppingVariableSpeed,seated
29.114,563,0.0,0.0,0.0,0.0,0.0,0.0,0.0,0.0,0.0,0.0,5.27344,-14.0391,0.00674,0.13537,StoppingVariableSpeed,seated
29.1641,564,0.0,0.0,0.0,0.0,0.0,0.0,0.0,0.0,0.0,0.0,4.57031,-14.0383,0.00674,0.13537,StoppingVariableSpeed,seated
29.26,565,0.0,0.0,0.0,0.0,0.0,0.0,0.0,0.0,0.0,0.0,3.16406,-14.6629,0.0188,0.1476,StoppingVariableSpeed,extended
29.3101,566,0.0,0.0,0.0,0.0,0.0,0.0,0.0,0.0,0.0,0.0,2.28516,-17.5489,0.0188,0.1476,StoppingVariableSpeed,extended
29.3602,567,0.0,0.0,0.0,0.0,0.0,0.0,0.0,0.0,0.0,0.0,1.40625,-17.549,0.0188,0.1476,StoppingVariableSpeed,extended
29.4103,568,0.0,0.0,0.0,0.0,0.0,0.0,0.0,0.0,0.0,0.0,0.527344,-17.5484,0.0188,0.1476,StoppingVariableSpeed,extended
29.4604,569,0.0,0.0,0.0,0.0,0.0,0.0,0.0,0.0,0.0,0.0,-0.351562,-17.5488,0.0188,0.1476,StoppingVariableSpeed,extended
29.5104,570,0.0,0.0,0.0,0.0,0.0,0.0,0.0,0.0,0.0,0.0,-1.23047,-17.5509,0.0188,0.1476,StoppingVariableSpeed,extended
29.5605,571,0.0,0.0,0.0,0.0,0.0,0.0,0.0,0.0,0.0,0.0,-2.10938,-17.55,0.0188,0.1476,StoppingVariableSpeed,extended
29.6106,572,0.0,0.0,0.0,0.0,0.0,0.0,0.0,0.0,0.0,0.0,-2.8125,-14.0401,0.0188,0.1476,StoppingVariableSpeed,extended
29.6607,573,0.0,0.0,0.0,0.0,0.0,0.0,0.0,0.0,0.0,0.0,-3.69141,-17.5495,0.0188,0.1476,StoppingVariableSpeed,extended
29.7108,574,0.0,0.0,0.0,0.0,0.0,0.0,0.0,0.0,0.0,0.0,-4.39453,-14.0389,0.0188,0.1476,StoppingVariableSpeed,extended
29.7608,575,0.0,0.0,0.0,0.0,0.0,0.0,0.0,0.0,0.0,0.0,-4.92188,-10.5292,0.0188,0.1476,StoppingVariableSpeed,extended
29.8109,576,0.0,0.0,0.0,0.0,0.0,0.0,0.0,0.0,0.0,0.0,-5.625,-14.0375,0.0188,0.1476,StoppingVariableSpeed,extended
29.861,577,0.0,0.0,0.0,0.0,0.0,0.0,0.0,0.0,0.0,0.0,-6.15234,-10.5296,0.0188,0.1476,StoppingVariableSpeed,extended
29.9111,578,0.0,0.0,0.0,0.0,0.0,0.0,0.0,0.0,0.0,0.0,-6.50391,-7.01964,0.0188,0.1476,StoppingVariableSpeed,extended
29.9612,579,0.0,0.0,0.0,0.0,0.0,0.0,0.0,0.0,0.0,0.0,-6.85547,-7.02048,0.0188,0.1476,StoppingVariableSpeed,extended
30.0113,580,0.0,0.0,0.0,0.0,0.0,0.0,0.0,0.0,0.0,0.0,-7.03125,-3.50985,0.0188,0.1476,StoppingVariableSpeed,extended
30.0613,581,0.0,0.0,0.0,0.0,0.0,0.0,0.0,0.0,0.0,0.0,-7.03125,0.0,0.0188,0.1476,StoppingVariableSpeed,extended
30.1114,582,0.0,0.0,0.0,0.0,0.0,0.0,0.0,0.0,0.0,0.0,-7.03125,0.0,0.0188,0.1476,StoppingVariableSpeed,extended
30.1615,583,0.0,0.0,0.0,0.0,0.0,0.0,0.0,0.0,0.0,0.0,-6.85547,3.51005,0.0188,0.1476,StoppingVariableSpeed,extended
30.2116,584,0.0,0.0,0.0,0.0,0.0,0.0,0.0,0.0,0.0,0.0,-6.50391,7.01988,0.0188,0.1476,StoppingVariableSpeed,extended
30.2617,585,0.0,0.0,0.0,0.0,0.0,0.0,0.0,0.0,0.0,0.0,-6.15234,7.01877,0.0188,0.1476,StoppingVariableSpeed,extended
30.3118,586,0.0,0.0,0.0,0.0,0.0,0.0,0.0,0.0,0.0,0.0,-5.80078,7.01988,0.0188,0.1476,StoppingVariableSpeed,extended
30.4956,587,0.0,0.0,0.0,0.0,0.0,0.0,0.0,0.0,0.0,0.0,-3.33984,13.3894,0.00674,0.13537,StoppingVariableSpeed,seated
30.5456,588,0.0,0.0,0.0,0.0,0.0,0.0,0.0,0.0,0.0,0.0,-2.63672,14.0384,0.00674,0.13537,StoppingVariableSpeed,seated
30.5957,589,0.0,0.0,0.0,0.0,0.0,0.0,0.0,0.0,0.0,0.0,-1.93359,14.0396,0.00674,0.13537,StoppingVariableSpeed,seated
30.6458,590,0.0,0.0,0.0,0.0,0.0,0.0,0.0,0.0,0.0,0.0,-1.05469,17.5492,0.00674,0.13537,StoppingVariableSpeed,seated
30.6959,591,0.0,0.0,0.0,0.0,0.0,0.0,0.0,0.0,0.0,0.0,-0.175781,17.5489,0.00674,0.13537,StoppingVariableSpeed,seated
30.746,592,0.0,0.0,0.0,0.0,0.0,0.0,0.0,0.0,0.0,0.0,0.703125,17.5504,0.00674,0.13537,StoppingVariableSpeed,seated
30.796,593,0.0,0.0,0.0,0.0,0.0,0.0,0.0,0.0,0.0,0.0,1.58203,17.5494,0.00674,0.13537,StoppingVariableSpeed,seated
30.8461,594,0.0,0.0,0.0,0.0,0.0,0.0,0.0,0.0,0.0,0.0,2.46094,17.5488,0.00674,0.13537,StoppingVariableSpeed,seated
30.8962,595,0.0,0.0,0.0,0.0,0.0,0.0,0.0,0.0,0.0,0.0,3.33984,17.5485,0.00674,0.13537,StoppingVariableSpeed,seated
30.9463,596,0.0,0.0,0.0,0.0,0.0,0.0,0.0,0.0,0.0,0.0,4.04297,14.0394,0.00674,0.13537,StoppingVariableSpeed,seated
30.9964,597,0.0,0.0,0.0,0.0,0.0,0.0,0.0,0.0,0.0,0.0,4.74609,14.0403,0.00674,0.13537,StoppingVariableSpeed,seated
31.0465,598,0.0,0.0,0.0,0.0,0.0,0.0,0.0,0.0,0.0,0.0,5.44922,14.0378,0.00674,0.13537,StoppingVariableSpeed,seated
31.0965,599,0.0,0.0,0.0,0.0,0.0,0.0,0.0,0.0,0.0,0.0,5.97656,10.5294,0.00674,0.13537,StoppingVariableSpeed,seated
31.1466,600,0.0,0.0,0.0,0.0,0.0,0.0,0.0,0.0,0.0,0.0,6.50391,10.5297,0.00674,0.13537,StoppingVariableSpeed,seated
31.1967,601,0.0,0.0,0.0,0.0,0.0,0.0,0.0,0.0,0.0,0.0,6.85547,7.01968,0.00674,0.13537,StoppingVariableSpeed,seated
31.2468,602,0.0,0.0,0.0,0.0,0.0,0.0,0.0,0.0,0.0,0.0,7.20703,7.01954,0.00674,0.13537,StoppingVariableSpeed,seated
31.2969,603,0.0,0.0,0.0,0.0,0.0,0.0,0.0,0.0,0.0,0.0,7.38281,3.50972,0.00674,0.13537,StoppingVariableSpeed,seated
31.347,604,0.0,0.0,0.0,0.0,0.0,0.0,0.0,0.0,0.0,0.0,7.38281,0.0,0.00674,0.13537,StoppingVariableSpeed,seated
31.397,605,0.0,0.0,0.0,0.0,0.0,0.0,0.0,0.0,0.0,0.0,7.38281,0.0,0.00674,0.13537,StoppingVariableSpeed,seated
31.4471,606,0.0,0.0,0.0,0.0,0.0,0.0,0.0,0.0,0.0,0.0,7.20703,-3.50982,0.00674,0.13537,StoppingVariableSpeed,seated
31.5429,607,0.0,0.0,0.0,0.0,0.0,0.0,0.0,0.0,0.0,0.0,6.50391,-7.34469,0.0188,0.1476,StoppingVariableSpeed,extended
31.5929,608,0.0,0.0,0.0,0.0,0.0,0.0,0.0,0.0,0.0,0.0,5.97656,-10.5292,0.0188,0.1476,StoppingVariableSpeed,extended
31.643,609,0.0,0.0,0.0,0.0,0.0,0.0,0.0,0.0,0.0,0.0,5.625,-7.01924,0.0188,0.1476,StoppingVariableSpeed,extended
31.6931,610,0.0,0.0,0.0,0.0,0.0,0.0,0.0,0.0,0.0,0.0,4.92188,-14.0402,0.0188,0.1476,StoppingVariableSpeed,extended
31.7432,611,0.0,0.0,0.0,0.0,0.0,0.0,0.0,0.0,0.0,0.0,4.21875,-14.0383,0.0188,0.1476,StoppingVariableSpeed,extended
31.7933,612,0.0,0.0,0.0,0.0,0.0,0.0,0.0,0.0,0.0,0.0,3.51562,-14.0397,0.0188,0.1476,StoppingVariableSpeed,extended
31.8434,613,0.0,0.0,0.0,0.0,0.0,0.0,0.0,0.0,0.0,0.0,2.63672,-17.55,0.0188,0.1476,StoppingVariableSpeed,extended
31.8934,614,0.0,0.0,0.0,0.0,0.0,0.0,0.0,0.0,0.0,0.0,1.93359,-14.0387,0.0188,0.1476,StoppingVariableSpeed,extended
31.9435,615,0.0,0.0,0.0,0.0,0.0,0.0,0.0,0.0,0.0,0.0,1.05469,-17.5505,0.0188,0.1476,StoppingVariableSpeed,extended
31.9936,616,0.0,0.0,0.0,0.0,0.0,0.0,0.0,0.0,0.0,0.0,0.175781,-17.5496,0.0188,0.1476,StoppingVariableSpeed,extended
32.0437,617,0.0,0.0,0.0,0.0,0.0,0.0,0.0,0.0,0.0,0.0,-0.703125,-17.5497,0.0188,0.1476,StoppingVariableSpeed,extended
32.0938,618,0.0,0.0,0.0,0.0,0.0,0.0,0.0,0.0,0.0,0.0,-1.75781,-21.0593,0.0188,0.1476,StoppingVariableSpeed,extended
32.1438,619,0.0,0.0,0.0,0.0,0.0,0.0,0.0,0.0,0.0,0.0,-2.46094,-14.041,0.0188,0.1476,StoppingVariableSpeed,extended
32.1939,620,0.0,0.0,0.0,0.0,0.0,0.0,0.0,0.0,0.0,0.0,-3.33984,-17.5497,0.0188,0.1476,StoppingVariableSpeed,extended
32.244,621,0.0,0.0,0.0,0.0,0.0,0.0,0.0,0.0,0.0,0.0,-4.04297,-14.0387,0.0188,0.1476,StoppingVariableSpeed,extended
32.2941,622,0.0,0.0,0.0,0.0,0.0,0.0,0.0,0.0,0.0,0.0,-4.74609,-14.0396,0.0188,0.1476,StoppingVariableSpeed,extended
32.3442,623,0.0,0.0,0.0,0.0,0.0,0.0,0.0,0.0,0.0,0.0,-5.27344,-10.5296,0.0188,0.1476,StoppingVariableSpeed,extended
32.3943,624,0.0,0.0,0.0,0.0,0.0,0.0,0.0,0.0,0.0,0.0,-5.80078,-10.5288,0.0188,0.1476,StoppingVariableSpeed,extended
32.4443,625,0.0,0.0,0.0,0.0,0.0,0.0,0.0,0.0,0.0,0.0,-6.32812,-10.5302,0.0188,0.1476,StoppingVariableSpeed,extended
32.4944,626,0.0,0.0,0.0,0.0,0.0,0.0,0.0,0.0,0.0,0.0,-6.67969,-7.02004,0.0188,0.1476,StoppingVariableSpeed,extended
32.5445,627,0.0,0.0,0.0,0.0,0.0,0.0,0.0,0.0,0.0,0.0,-6.85547,-3.51076,0.0188,0.1476,StoppingVariableSpeed,extended
32.5946,628,0.0,0.0,0.0,0.0,0.0,0.0,0.0,0.0,0.0,0.0,-7.03125,-3.50997,0.0188,0.1476,StoppingVariableSpeed,extended
32.6874,629,0.0,0.0,0.0,0.0,0.0,0.0,0.0,0.0,0.0,0.0,-6.85547,1.89323,0.00674,0.13537,StoppingVariableSpeed,seated
32.7375,630,0.0,0.0,0.0,0.0,0.0,0.0,0.0,0.0,0.0,0.0,-6.67969,3.5097,0.00674,0.13537,StoppingVariableSpeed,seated
32.7876,631,0.0,0.0,0.0,0.0,0.0,0.0,0.0,0.0,0.0,0.0,-6.50391,3.50972,0.00674,0.13537,StoppingVariableSpeed,seated
32.8377,632,0.0,0.0,0.0,0.0,0.0,0.0,0.0,0.0,0.0,0.0,-5.97656,10.53,0.00674,0.13537,StoppingVariableSpeed,seated
32.8877,633,0.0,0.0,0.0,0.0,0.0,0.0,0.0,0.0,0.0,0.0,-5.625,7.01964,0.00674,0.13537,StoppingVariableSpeed,seated
32.9378,634,0.0,0.0,0.0,0.0,0.0,0.0,0.0,0.0,0.0,0.0,-5.09766,10.5295,0.00674,0.13537,StoppingVariableSpeed,seated
32.9879,635,0.0,0.0,0.0,0.0,0.0,0.0,0.0,0.0,0.0,0.0,-4.39453,14.0388,0.00674,0.13537,StoppingVariableSpeed,seated
33.038,636,0.0,0.0,0.0,0.0,0.0,0.0,0.0,0.0,0.0,0.0,-3.69141,14.038,0.00674,0.13537,StoppingVariableSpeed,seated
33.0881,637,0.0,0.0,0.0,0.0,0.0,0.0,0.0,0.0,0.0,0.0,-2.98828,14.0386,0.00674,0.13537,StoppingVariableSpeed,seated
33.1382,638,0.0,0.0,0.0,0.0,0.0,0.0,0.0,0.0,0.0,0.0,-1.93359,21.0595,0.00674,0.13537,StoppingVariableSpeed,seated
33.1882,639,0.0,0.0,0.0,0.0,0.0,0.0,0.0,0.0,0.0,0.0,-1.05469,17.549,0.00674,0.13537,StoppingVariableSpeed,seated
33.2383,640,0.0,0.0,0.0,0.0,0.0,0.0,0.0,0.0,0.0,0.0,-0.351562,14.0387,0.00674,0.13537,StoppingVariableSpeed,seated
33.2884,641,0.0,0.0,0.0,0.0,0.0,0.0,0.0,0.0,0.0,0.0,0.703125,21.0602,0.00674,0.13537,StoppingVariableSpeed,seated
33.3385,642,0.0,0.0,0.0,0.0,0.0,0.0,0.0,0.0,0.0,0.0,1.58203,17.55,0.00674,0.13537,StoppingVariableSpeed,seated
33.3886,643,0.0,0.0,0.0,0.0,0.0,0.0,0.0,0.0,0.0,0.0,2.46094,17.5484,0.00674,0.13537,StoppingVariableSpeed,seated
33.4386,644,0.0,0.0,0.0,0.0,0.0,0.0,0.0,0.0,0.0,0.0,3.16406,14.0407,0.00674,0.13537,StoppingVariableSpeed,seated
33.4887,645,0.0,0.0,0.0,0.0,0.0,0.0,0.0,0.0,0.0,0.0,4.04297,17.5475,0.00674,0.13537,StoppingVariableSpeed,seated
33.5388,646,0.0,0.0,0.0,0.0,0.0,0.0,0.0,0.0,0.0,0.0,4.57031,10.53,0.00674,0.13537,StoppingVariableSpeed,seated
33.5889,647,0.0,0.0,0.0,0.0,0.0,0.0,0.0,0.0,0.0,0.0,5.27344,14.0398,0.00674,0.13537,StoppingVariableSpeed,seated
33.639,648,0.0,0.0,0.0,0.0,0.0,0.0,0.0,0.0,0.0,0.0,5.97656,14.0385,0.00674,0.13537,StoppingVariableSpeed,seated
33.6891,649,0.0,0.0,0.0,0.0,0.0,0.0,0.0,0.0,0.0,0.0,6.32812,7.01991,0.00674,0.13537,StoppingVariableSpeed,seated
33.7391,650,0.0,0.0,0.0,0.0,0.0,0.0,0.0,0.0,0.0,0.0,6.85547,10.5287,0.00674,0.13537,StoppingVariableSpeed,seated
33.8864,651,0.0,0.0,0.0,0.0,0.0,0.0,0.0,0.0,0.0,0.0,7.38281,3.58064,0.0188,0.1476,StoppingVariableSpeed,extended
33.9365,652,0.0,0.0,0.0,0.0,0.0,0.0,0.0,0.0,0.0,0.0,7.38281,0.0,0.0188,0.1476,StoppingVariableSpeed,extended
33.9866,653,0.0,0.0,0.0,0.0,0.0,0.0,0.0,0.0,0.0,0.0,7.20703,-3.51,0.0188,0.1476,StoppingVariableSpeed,extended
34.0367,654,0.0,0.0,0.0,0.0,0.0,0.0,0.0,0.0,0.0,0.0,7.03125,-3.5098,0.0188,0.1476,StoppingVariableSpeed,extended
34.0867,655,0.0,0.0,0.0,0.0,0.0,0.0,0.0,0.0,0.0,0.0,6.67969,-7.01964,0.0188,0.1476,StoppingVariableSpeed,extended
34.1368,656,0.0,0.0,0.0,0.0,0.0,0.0,0.0,0.0,0.0,0.0,6.15234,-10.5293,0.0188,0.1476,StoppingVariableSpeed,extended
34.1869,657,0.0,0.0,0.0,0.0,0.0,0.0,0.0,0.0,0.0,0.0,5.80078,-7.01998,0.0188,0.1476,StoppingVariableSpeed,extended
34.237,658,0.0,0.0,0.0,0.0,0.0,0.0,0.0,0.0,0.0,0.0,5.27344,-10.5296,0.0188,0.1476,StoppingVariableSpeed,extended
34.2871,659,0.0,0.0,0.0,0.0,0.0,0.0,0.0,0.0,0.0,0.0,4.39453,-17.5501,0.0188,0.1476,StoppingVariableSpeed,extended
34.3372,660,0.0,0.0,0.0,0.0,0.0,0.0,0.0,0.0,0.0,0.0,3.51562,-17.5484,0.0188,0.1476,StoppingVariableSpeed,extended
34.3872,661,0.0,0.0,0.0,0.0,0.0,0.0,0.0,0.0,0.0,0.0,2.8125,-14.0379,0.0188,0.1476,StoppingVariableSpeed,extended
34.4373,662,0.0,0.0,0.0,0.0,0.0,0.0,0.0,0.0,0.0,0.0,1.93359,-17.5499,0.0188,0.1476,StoppingVariableSpeed,extended
34.4874,663,0.0,0.0,0.0,0.0,0.0,0.0,0.0,0.0,0.0,0.0,1.05469,-17.5486,0.0188,0.1476,StoppingVariableSpeed,extended
34.5375,664,0.0,0.0,0.0,0.0,0.0,0.0,0.0,0.0,0.0,0.0,0.175781,-17.5473,0.0188,0.1476,StoppingVariableSpeed,extended
34.5876,665,0.0,0.0,0.0,0.0,0.0,0.0,0.0,0.0,0.0,0.0,-0.703125,-17.548,0.0188,0.1476,StoppingVariableSpeed,extended
34.6376,666,0.0,0.0,0.0,0.0,0.0,0.0,0.0,0.0,0.0,0.0,-1.58203,-17.5525,0.0188,0.1476,StoppingVariableSpeed,extended
34.6877,667,0.0,0.0,0.0,0.0,0.0,0.0,0.0,0.0,0.0,0.0,-2.46094,-17.5496,0.0188,0.1476,StoppingVariableSpeed,extended
34.7378,668,0.0,0.0,0.0,0.0,0.0,0.0,0.0,0.0,0.0,0.0,-3.16406,-14.04,0.0188,0.1476,StoppingVariableSpeed,extended
34.7879,669,0.0,0.0,0.0,0.0,0.0,0.0,0.0,0.0,0.0,0.0,-3.86719,-14.039,0.0188,0.1476,StoppingVariableSpeed,extended
34.838,670,0.0,0.0,0.0,0.0,0.0,0.0,0.0,0.0,0.0,0.0,-4.57031,-14.0387,0.0188,0.1476,StoppingVariableSpeed,extended
34.8881,671,0.0,0.0,0.0,0.0,0.0,0.0,0.0,0.0,0.0,0.0,-5.27344,-14.0383,0.0188,0.1476,StoppingVariableSpeed,extended
34.9858,672,0.0,0.0,0.0,0.0,0.0,0.0,0.0,0.0,0.0,0.0,-6.32812,-10.7909,0.00674,0.13537,StoppingVariableSpeed,seated
35.0359,673,0.0,0.0,0.0,0.0,0.0,0.0,0.0,0.0,0.0,0.0,-6.50391,-3.50979,0.00674,0.13537,StoppingVariableSpeed,seated
35.086,674,0.0,0.0,0.0,0.0,0.0,0.0,0.0,0.0,0.0,0.0,-6.85547,-7.02001,0.00674,0.13537,StoppingVariableSpeed,seated
35.1361,675,0.0,0.0,0.0,0.0,0.0,0.0,0.0,0.0,0.0,0.0,-7.03125,-3.5096,0.00674,0.13537,StoppingVariableSpeed,seated
35.1861,676,0.0,0.0,0.0,0.0,0.0,0.0,0.0,0.0,0.0,0.0,-7.03125,0.0,0.00674,0.13537,StoppingVariableSpeed,seated
35.2362,677,0.0,0.0,0.0,0.0,0.0,0.0,0.0,0.0,0.0,0.0,-7.03125,0.0,0.00674,0.13537,StoppingVariableSpeed,seated
35.2863,678,0.0,0.0,0.0,0.0,0.0,0.0,0.0,0.0,0.0,0.0,-6.85547,3.50947,0.00674,0.13537,StoppingVariableSpeed,seated
35.3364,679,0.0,0.0,0.0,0.0,0.0,0.0,0.0,0.0,0.0,0.0,-6.50391,7.01907,0.00674,0.13537,StoppingVariableSpeed,seated
35.3865,680,0.0,0.0,0.0,0.0,0.0,0.0,0.0,0.0,0.0,0.0,-6.15234,7.01881,0.00674,0.13537,StoppingVariableSpeed,seated
