1.550164382342900038e+09 2.051704749464988708e-02 -7.401458621025085449e-01 -2.717830419540405273e+00 -4.793690051883459091e-03 2.237055450677871704e-02 2.609897963702678680e-02 -8.791208791208790507e-02 0.000000000000000000e+00 0.000000000000000000e+00 0.000000000000000000e+00 0.000000000000000000e+00 -1.000000000000000000e+00
1.550164382442971945e+09 2.243488654494285583e-02 -7.372695803642272949e-01 -2.715913057327270508e+00 -1.331580569967627525e-03 2.929477207362651825e-02 1.518001873046159744e-02 -8.791208791208790507e-02 0.000000000000000000e+00 0.000000000000000000e+00 0.000000000000000000e+00 0.000000000000000000e+00 -1.000000000000000000e+00
1.550164382543047905e+09 2.243488654494285583e-02 -7.386118769645690918e-01 -2.714379072189331055e+00 4.261057823896408081e-03 2.663161233067512512e-02 2.157160453498363495e-02 -8.791208791208790507e-02 -8.791208791208790507e-02 0.000000000000000000e+00 0.000000000000000000e+00 0.000000000000000000e+00 -1.000000000000000000e+00
1.550164382643119097e+09 2.147596701979637146e-02 -7.332431674003601074e-01 -2.712845087051391602e+00 9.054748341441154480e-03 3.036003746092319489e-02 1.784317940473556519e-02 -8.791208791208790507e-02 -8.791208791208790507e-02 0.000000000000000000e+00 0.000000000000000000e+00 0.000000000000000000e+00 -1.000000000000000000e+00
1.550164382743190050e+09 1.955860480666160583e-02 -7.376529574394226074e-01 -2.711311101913452148e+00 -3.195793367922306061e-03 2.290318533778190613e-02 1.970739290118217468e-02 -8.791208791208790507e-02 0.000000000000000000e+00 0.000000000000000000e+00 0.000000000000000000e+00 0.000000000000000000e+00 -1.000000000000000000e+00
1.550164382843260050e+09 2.147596701979637146e-02 -7.376529574394226074e-01 -2.709201812744140625e+00 7.989483419805765152e-04 2.556634694337844849e-02 1.677791588008403778e-02 -8.791208791208790507e-02 -8.791208791208790507e-02 0.000000000000000000e+00 0.000000000000000000e+00 0.000000000000000000e+00 -1.000000000000000000e+00
1.550164382943331957e+09 2.051704749464988708e-02 -7.389952540397644043e-01 -2.707284450531005859e+00 9.054748341441154480e-03 2.822950854897499084e-02 1.304948981851339340e-02 -8.791208791208790507e-02 -8.791208791208790507e-02 0.000000000000000000e+00 0.000000000000000000e+00 0.000000000000000000e+00 -1.000000000000000000e+00
1.550164383043395042e+09 2.243488654494285583e-02 -7.389952540397644043e-01 -2.705942153930664062e+00 7.190534844994544983e-03 3.462109342217445374e-02 1.704423129558563232e-02 0.000000000000000000e+00 0.000000000000000000e+00 0.000000000000000000e+00 0.000000000000000000e+00 0.000000000000000000e+00 -1.000000000000000000e+00
1.550164383143465996e+09 2.243488654494285583e-02 -7.388035655021667480e-01 -2.704216480255126953e+00 7.190534844994544983e-03 2.663161233067512512e-02 1.464738603681325912e-02 -8.791208791208790507e-02 0.000000000000000000e+00 0.000000000000000000e+00 0.000000000000000000e+00 0.000000000000000000e+00 -1.000000000000000000e+00
1.550164383243535042e+09 1.859968528151512146e-02 -7.363111376762390137e-01 -2.702298879623413086e+00 -1.065264455974102020e-03 2.583266235888004303e-02 2.157160453498363495e-02 -8.791208791208790507e-02 0.000000000000000000e+00 0.000000000000000000e+00 0.000000000000000000e+00 0.000000000000000000e+00 -1.000000000000000000e+00
1.550164383343600035e+09 2.147596701979637146e-02 -7.359272837638854980e-01 -2.700189828872680664e+00 -2.663161139935255051e-03 2.716424316167831421e-02 2.237055450677871704e-02 0.000000000000000000e+00 0.000000000000000000e+00 0.000000000000000000e+00 0.000000000000000000e+00 0.000000000000000000e+00 -1.000000000000000000e+00
1.550164383443669081e+09 2.243488654494285583e-02 -7.380368113517761230e-01 -2.698463916778564453e+00 1.331580569967627525e-03 2.636529505252838135e-02 1.917476020753383636e-02 -8.791208791208790507e-02 0.000000000000000000e+00 0.000000000000000000e+00 0.000000000000000000e+00 0.000000000000000000e+00 -1.000000000000000000e+00
1.550164383543740034e+09 2.147596701979637146e-02 -7.351605296134948730e-01 -2.696354866027832031e+00 1.597896683961153030e-03 2.583266235888004303e-02 2.237055450677871704e-02 -8.791208791208790507e-02 -8.791208791208790507e-02 0.000000000000000000e+00 0.000000000000000000e+00 0.000000000000000000e+00 -1.000000000000000000e+00
1.550164383643816948e+09 2.147596701979637146e-02 -7.386118769645690918e-01 -2.694053888320922852e+00 -4.527374170720577240e-03 2.716424316167831421e-02 2.343581803143024445e-02 -8.791208791208790507e-02 0.000000000000000000e+00 0.000000000000000000e+00 0.000000000000000000e+00 0.000000000000000000e+00 -1.000000000000000000e+00
1.550164383743886948e+09 2.147596701979637146e-02 -7.374612689018249512e-01 -2.692136287689208984e+00 3.462109481915831566e-03 2.796319127082824707e-02 1.624528318643569946e-02 -8.791208791208790507e-02 0.000000000000000000e+00 0.000000000000000000e+00 0.000000000000000000e+00 0.000000000000000000e+00 -1.000000000000000000e+00
1.550164383843959093e+09 1.955860480666160583e-02 -7.322842478752136230e-01 -2.689835309982299805e+00 -1.065264455974102020e-03 2.503371424973011017e-02 2.316950261592864990e-02 -8.791208791208790507e-02 -8.791208791208790507e-02 0.000000000000000000e+00 0.000000000000000000e+00 0.000000000000000000e+00 -1.000000000000000000e+00
1.550164383944031000e+09 2.147596701979637146e-02 -7.340099215507507324e-01 -2.687534332275390625e+00 5.326322279870510101e-04 2.636529505252838135e-02 1.944107562303543091e-02 -8.791208791208790507e-02 0.000000000000000000e+00 0.000000000000000000e+00 0.000000000000000000e+00 0.000000000000000000e+00 -1.000000000000000000e+00
1.550164384044095993e+09 2.243488654494285583e-02 -7.407209277153015137e-01 -2.686000347137451172e+00 1.597896683961153030e-03 2.237055450677871704e-02 2.130528911948204041e-02 -8.791208791208790507e-02 0.000000000000000000e+00 0.000000000000000000e+00 0.000000000000000000e+00 0.000000000000000000e+00 -1.000000000000000000e+00
1.550164384144165993e+09 1.859968528151512146e-02 -7.361189723014831543e-01 -2.684082984924316406e+00 3.462109481915831566e-03 2.396845072507858276e-02 1.624528318643569946e-02 -8.791208791208790507e-02 0.000000000000000000e+00 0.000000000000000000e+00 0.000000000000000000e+00 0.000000000000000000e+00 -1.000000000000000000e+00
1.550164384244237900e+09 2.243488654494285583e-02 -7.388035655021667480e-01 -2.682165384292602539e+00 8.522115647792816162e-03 2.876213937997817993e-02 1.198422536253929138e-02 0.000000000000000000e+00 -8.791208791208790507e-02 0.000000000000000000e+00 0.000000000000000000e+00 0.000000000000000000e+00 -1.000000000000000000e+00
1.550164384344309092e+09 1.955860480666160583e-02 -7.351605296134948730e-01 -2.680248022079467773e+00 5.858954507857561111e-03 2.876213937997817993e-02 1.704423129558563232e-02 0.000000000000000000e+00 0.000000000000000000e+00 0.000000000000000000e+00 0.000000000000000000e+00 0.000000000000000000e+00 -1.000000000000000000e+00
1.550164384444377899e+09 2.147596701979637146e-02 -7.363111376762390137e-01 -2.678522348403930664e+00 -7.989483419805765152e-04 2.237055450677871704e-02 2.237055450677871704e-02 -8.791208791208790507e-02 0.000000000000000000e+00 0.000000000000000000e+00 0.000000000000000000e+00 0.000000000000000000e+00 -1.000000000000000000e+00
1.550164384544450045e+09 1.955860480666160583e-02 -7.389952540397644043e-01 -2.676796436309814453e+00 2.396845025941729546e-03 3.169161826372146606e-02 1.597896590828895569e-02 0.000000000000000000e+00 0.000000000000000000e+00 0.000000000000000000e+00 8.791208791208790507e-02 0.000000000000000000e+00 -1.000000000000000000e+00
1.550164384644526958e+09 2.243488654494285583e-02 -7.386118769645690918e-01 -2.675070762634277344e+00 2.663161139935255051e-03 2.556634694337844849e-02 1.731054671108722687e-02 -8.791208791208790507e-02 0.000000000000000000e+00 0.000000000000000000e+00 0.000000000000000000e+00 0.000000000000000000e+00 -1.000000000000000000e+00
1.550164384744596958e+09 1.764124259352684021e-02 -7.388035655021667480e-01 -2.673153400421142578e+00 -6.924218963831663132e-03 2.530003152787685394e-02 2.050634101033210754e-02 -8.791208791208790507e-02 0.000000000000000000e+00 0.000000000000000000e+00 0.000000000000000000e+00 0.000000000000000000e+00 -1.000000000000000000e+00
1.550164384844669104e+09 2.147596701979637146e-02 -7.363111376762390137e-01 -2.671619415283203125e+00 -5.326322279870510101e-04 2.210423722863197327e-02 2.450108155608177185e-02 -8.791208791208790507e-02 -8.791208791208790507e-02 0.000000000000000000e+00 0.000000000000000000e+00 0.000000000000000000e+00 -1.000000000000000000e+00
1.550164384944736004e+09 2.147596701979637146e-02 -7.353522181510925293e-01 -2.669701814651489258e+00 1.012001186609268188e-02 3.169161826372146606e-02 1.304948981851339340e-02 -8.791208791208790507e-02 0.000000000000000000e+00 0.000000000000000000e+00 0.000000000000000000e+00 0.000000000000000000e+00 -1.000000000000000000e+00
1.550164385044804096e+09 2.339332923293113708e-02 -7.361189723014831543e-01 -2.668359756469726562e+00 -3.462109481915831566e-03 2.450108155608177185e-02 1.544633507728576660e-02 -8.791208791208790507e-02 0.000000000000000000e+00 0.000000000000000000e+00 0.000000000000000000e+00 0.000000000000000000e+00 -1.000000000000000000e+00
1.550164385144876957e+09 2.147596701979637146e-02 -7.340099215507507324e-01 -2.666442155838012695e+00 8.522115647792816162e-03 3.009372018277645111e-02 1.784317940473556519e-02 -8.791208791208790507e-02 -8.791208791208790507e-02 0.000000000000000000e+00 0.000000000000000000e+00 0.000000000000000000e+00 -1.000000000000000000e+00
1.550164385244946957e+09 1.955860480666160583e-02 -7.388035655021667480e-01 -2.664908170700073242e+00 -3.462109481915831566e-03 2.103897370398044586e-02 2.450108155608177185e-02 -8.791208791208790507e-02 0.000000000000000000e+00 0.000000000000000000e+00 0.000000000000000000e+00 0.000000000000000000e+00 -1.000000000000000000e+00
1.550164385345019102e+09 1.859968528151512146e-02 -7.374612689018249512e-01 -2.662798881530761719e+00 2.929477253928780556e-03 2.583266235888004303e-02 2.183792181313037872e-02 -8.791208791208790507e-02 0.000000000000000000e+00 0.000000000000000000e+00 0.000000000000000000e+00 0.000000000000000000e+00 -1.000000000000000000e+00
1.550164385445094109e+09 1.859968528151512146e-02 -7.376529574394226074e-01 -2.660881519317626953e+00 -2.396845025941729546e-03 2.530003152787685394e-02 2.024002373218536377e-02 -8.791208791208790507e-02 0.000000000000000000e+00 0.000000000000000000e+00 0.000000000000000000e+00 0.000000000000000000e+00 -1.000000000000000000e+00
1.550164385545166969e+09 2.147596701979637146e-02 -7.363111376762390137e-01 -2.658963918685913086e+00 -3.195793367922306061e-03 2.796319127082824707e-02 1.944107562303543091e-02 -8.791208791208790507e-02 0.000000000000000000e+00 0.000000000000000000e+00 0.000000000000000000e+00 0.000000000000000000e+00 -1.000000000000000000e+00
1.550164385645239115e+09 2.243488654494285583e-02 -7.455145716667175293e-01 -2.657429933547973633e+00 -5.060005933046340942e-03 2.343581803143024445e-02 1.704423129558563232e-02 0.000000000000000000e+00 0.000000000000000000e+00 0.000000000000000000e+00 0.000000000000000000e+00 0.000000000000000000e+00 -1.000000000000000000e+00
1.550164385745304108e+09 1.572340354323387146e-02 -7.487747073173522949e-01 -2.656087875366210938e+00 7.190534844994544983e-03 2.663161233067512512e-02 7.456851191818714142e-03 0.000000000000000000e+00 -8.791208791208790507e-02 0.000000000000000000e+00 8.791208791208790507e-02 0.000000000000000000e+00 -1.000000000000000000e+00
1.550164385845375061e+09 1.955860480666160583e-02 -7.505003809928894043e-01 -2.654937267303466797e+00 1.491370238363742828e-02 2.290318533778190613e-02 6.657903082668781281e-03 0.000000000000000000e+00 0.000000000000000000e+00 0.000000000000000000e+00 8.791208791208790507e-02 -1.757812500000000000e-01 -1.000000000000000000e+00
1.550164385945446968e+09 2.224272117018699646e-02 -7.648813128471374512e-01 -2.654170274734497070e+00 1.065264455974102020e-03 1.784317940473556519e-02 2.157160453498363495e-02 -1.758241758241758101e-01 0.000000000000000000e+00 0.000000000000000000e+00 8.791208791208790507e-02 -1.757812500000000000e-01 -1.000000000000000000e+00
1.550164386045516014e+09 1.476496085524559021e-02 -8.059155344963073730e-01 -2.652061223983764648e+00 1.757686398923397064e-02 -2.663161139935255051e-03 2.929477253928780556e-03 -3.516483516483516203e-01 0.000000000000000000e+00 -8.791208791208790507e-02 8.791208791208790507e-02 -8.789062500000000000e-01 -1.000000000000000000e+00
1.550164386145592928e+09 2.090090140700340271e-02 -8.360196948051452637e-01 -2.654361963272094727e+00 5.246427282691001892e-02 -5.885586142539978027e-02 -3.462109342217445374e-02 -1.758241758241758101e-01 8.791208791208790507e-02 -1.758241758241758101e-01 -8.791208791208791062e-01 -1.582031250000000000e+00 -1.000000000000000000e+00
1.550164386245666027e+09 3.278892859816551208e-02 -8.507840037345886230e-01 -2.656279563903808594e+00 1.518001873046159744e-02 -1.153148785233497620e-01 7.989483419805765152e-04 -1.758241758241758101e-01 8.791208791208790507e-02 -1.758241758241758101e-01 -9.670329670329670391e-01 -2.636718750000000000e+00 -1.000000000000000000e+00
1.550164386345735073e+09 3.087156638503074646e-02 -8.624808192253112793e-01 -2.653019905090332031e+00 -3.994741663336753845e-02 -1.741707324981689453e-01 5.512743443250656128e-02 -1.758241758241758101e-01 1.758241758241758101e-01 -1.758241758241758101e-01 -9.670329670329670391e-01 -3.691406250000000000e+00 -1.000000000000000000e+00
1.550164386445805073e+09 1.572340354323387146e-02 -8.252817988395690918e-01 -2.647267341613769531e+00 -9.054748341441154480e-03 -1.922802329063415527e-01 3.542004153132438660e-02 -8.791208791208790507e-02 1.758241758241758101e-01 -1.758241758241758101e-01 -9.670329670329670391e-01 -4.921875000000000000e+00 -1.000000000000000000e+00
1.550164386545881987e+09 2.626961097121238708e-02 -7.949854731559753418e-01 -2.645925283432006836e+00 8.788431994616985321e-03 -2.101234197616577148e-01 -3.462109481915831566e-03 8.791208791208790507e-02 8.791208791208790507e-02 -1.758241758241758101e-01 -9.670329670329670391e-01 -5.976562500000000000e+00 -1.000000000000000000e+00
1.550164386645953894e+09 1.744907721877098083e-02 -7.900001406669616699e-01 -2.644199371337890625e+00 -1.198422536253929138e-02 -1.749696880578994751e-01 3.621899336576461792e-02 3.516483516483516203e-01 8.791208791208790507e-02 -8.791208791208790507e-02 -5.274725274725274859e-01 -6.855468750000000000e+00 -1.000000000000000000e+00
1.550164386746025085e+09 1.706570014357566833e-02 -7.487747073173522949e-01 -2.638830423355102539e+00 -3.355583176016807556e-02 -9.427590668201446533e-02 6.072007492184638977e-02 3.516483516483516203e-01 0.000000000000000000e+00 -8.791208791208790507e-02 0.000000000000000000e+00 -7.207031250000000000e+00 -1.000000000000000000e+00
1.550164386846096039e+09 1.438110694289207458e-02 -7.355439066886901855e-01 -2.634228467941284180e+00 -2.663161139935255051e-04 -4.420847445726394653e-02 2.183792181313037872e-02 8.791208791208790507e-02 0.000000000000000000e+00 -8.791208791208790507e-02 0.000000000000000000e+00 -7.207031250000000000e+00 -1.000000000000000000e+00
1.550164386946162939e+09 2.435224875807762146e-02 -7.418715357780456543e-01 -2.634228467941284180e+00 3.701794147491455078e-02 4.101268202066421509e-02 -1.358212158083915710e-02 -8.791208791208790507e-02 0.000000000000000000e+00 -8.791208791208790507e-02 8.791208791208790507e-02 -7.031250000000000000e+00 -1.000000000000000000e+00
1.550164387046235085e+09 2.626961097121238708e-02 -7.324759364128112793e-01 -2.634995460510253906e+00 2.130528911948204041e-02 1.254348903894424438e-01 -2.663161139935255051e-03 -1.758241758241758101e-01 0.000000000000000000e+00 -8.791208791208790507e-02 8.791208791208790507e-02 -6.328125000000000000e+00 -1.000000000000000000e+00
1.550164387146306992e+09 2.972095832228660583e-02 -7.297913432121276855e-01 -2.633653402328491211e+00 -9.054748341441154480e-03 2.050634026527404785e-01 3.435477986931800842e-02 -2.637362637362637430e-01 0.000000000000000000e+00 -8.791208791208790507e-02 0.000000000000000000e+00 -4.921875000000000000e+00 -1.000000000000000000e+00
1.550164387246377945e+09 2.626961097121238708e-02 -7.127258181571960449e-01 -2.628859758377075195e+00 -3.435477986931800842e-02 2.609897851943969727e-01 5.858954414725303650e-02 -2.637362637362637430e-01 0.000000000000000000e+00 -8.791208791208790507e-02 0.000000000000000000e+00 -3.515625000000000000e+00 -1.000000000000000000e+00
1.550164387346450090e+09 1.744907721877098083e-02 -7.464734911918640137e-01 -2.624641180038452148e+00 1.597896683961153030e-03 3.249056637287139893e-01 1.917476020753383636e-02 -8.791208791208790507e-02 8.791208791208790507e-02 -8.791208791208790507e-02 0.000000000000000000e+00 -1.933593750000000000e+00 -1.000000000000000000e+00
1.550164387446521997e+09 1.764124259352684021e-02 -7.483908534049987793e-01 -2.623298883438110352e+00 2.103897370398044586e-02 3.486077785491943359e-01 2.929477253928780556e-03 0.000000000000000000e+00 0.000000000000000000e+00 -8.791208791208790507e-02 0.000000000000000000e+00 0.000000000000000000e+00 -1.000000000000000000e+00
1.550164387546595097e+09 2.147596701979637146e-02 -7.529928088188171387e-01 -2.622915506362915039e+00 1.358212158083915710e-02 3.584614992141723633e-01 1.384843792766332626e-02 0.000000000000000000e+00 0.000000000000000000e+00 -8.791208791208790507e-02 0.000000000000000000e+00 1.933593750000000000e+00 -1.000000000000000000e+00
1.550164387646665096e+09 2.147596701979637146e-02 -7.531849741935729980e-01 -2.620039224624633789e+00 -1.464738603681325912e-02 3.467435836791992188e-01 4.101268202066421509e-02 0.000000000000000000e+00 0.000000000000000000e+00 -8.791208791208790507e-02 0.000000000000000000e+00 3.515625000000000000e+00 -1.000000000000000000e+00
1.550164387746736050e+09 1.418941840529441833e-02 -7.512671351432800293e-01 -2.615437269210815430e+00 -1.331580616533756256e-02 3.169161677360534668e-01 3.968109935522079468e-02 -8.791208791208790507e-02 0.000000000000000000e+00 -8.791208791208790507e-02 0.000000000000000000e+00 2.460937500000000000e+00 -1.000000000000000000e+00
1.550164387846807957e+09 1.783293113112449646e-02 -7.334348559379577637e-01 -2.612560987472534180e+00 3.728425595909357071e-03 2.644518911838531494e-01 1.997370831668376923e-02 -1.758241758241758101e-01 0.000000000000000000e+00 -8.791208791208790507e-02 0.000000000000000000e+00 1.230468750000000000e+00 -1.000000000000000000e+00
1.550164387946875095e+09 2.032535895705223083e-02 -7.115756869316101074e-01 -2.611602306365966797e+00 2.822950854897499084e-02 2.149171084165573120e-01 -7.989483419805765152e-04 -2.637362637362637430e-01 0.000000000000000000e+00 -8.791208791208790507e-02 0.000000000000000000e+00 5.273437500000000000e-01 -1.000000000000000000e+00
1.550164388046946049e+09 2.243488654494285583e-02 -7.017962336540222168e-01 -2.610260248184204102e+00 2.130528911948204041e-03 1.446096450090408325e-01 1.784317940473556519e-02 -2.637362637362637430e-01 0.000000000000000000e+00 -8.791208791208790507e-02 8.791208791208790507e-02 0.000000000000000000e+00 -1.000000000000000000e+00
1.550164388147013903e+09 2.320164069533348083e-02 -6.991116404533386230e-01 -2.607959270477294922e+00 -4.527374170720577240e-03 6.311691552400588989e-02 3.542004153132438660e-02 -1.758241758241758101e-01 0.000000000000000000e+00 -8.791208791208790507e-02 0.000000000000000000e+00 0.000000000000000000e+00 -1.000000000000000000e+00
1.550164388247090101e+09 2.166765555739402771e-02 -7.033302187919616699e-01 -2.604699373245239258e+00 2.396845025941729546e-03 -1.784317940473556519e-02 1.704423129558563232e-02 0.000000000000000000e+00 0.000000000000000000e+00 -8.791208791208790507e-02 0.000000000000000000e+00 7.031250000000000000e-01 -1.000000000000000000e+00
1.550164388347157955e+09 2.128427848219871521e-02 -7.156020998954772949e-01 -2.603165388107299805e+00 2.130528911948204041e-03 -1.105211898684501648e-01 5.060005933046340942e-03 8.791208791208790507e-02 0.000000000000000000e+00 -8.791208791208790507e-02 0.000000000000000000e+00 1.757812500000000000e+00 -1.000000000000000000e+00
1.550164388447227955e+09 2.128427848219871521e-02 -7.428304553031921387e-01 -2.602973699569702148e+00 1.837581209838390350e-02 -1.605886220932006836e-01 0.000000000000000000e+00 8.791208791208790507e-02 0.000000000000000000e+00 0.000000000000000000e+00 0.000000000000000000e+00 2.812500000000000000e+00 -1.000000000000000000e+00
1.550164388547298908e+09 1.955860480666160583e-02 -7.499248385429382324e-01 -2.601631402969360352e+00 -2.663161139935255051e-03 -2.231729030609130859e-01 2.024002373218536377e-02 -8.791208791208790507e-02 0.000000000000000000e+00 -8.791208791208790507e-02 0.000000000000000000e+00 2.988281250000000000e+00 -1.000000000000000000e+00
1.550164388647371054e+09 1.821630820631980896e-02 -7.704421877861022949e-01 -2.599330425262451172e+00 -1.384843792766332626e-02 -2.647182047367095947e-01 2.716424316167831421e-02 -1.758241758241758101e-01 0.000000000000000000e+00 -8.791208791208790507e-02 0.000000000000000000e+00 1.230468750000000000e+00 -1.000000000000000000e+00
1.550164388747441053e+09 1.955860480666160583e-02 -7.489663958549499512e-01 -2.597413063049316406e+00 1.731054671108722687e-02 -2.913498282432556152e-01 6.657903082668781281e-03 -2.637362637362637430e-01 0.000000000000000000e+00 -8.791208791208790507e-02 0.000000000000000000e+00 -5.273437500000000000e-01 -1.000000000000000000e+00
1.550164388847513914e+09 1.859968528151512146e-02 -7.495414614677429199e-01 -2.597413063049316406e+00 1.411475427448749542e-02 -2.996056377887725830e-01 -2.663161139935255051e-04 -2.637362637362637430e-01 0.000000000000000000e+00 -8.791208791208790507e-02 0.000000000000000000e+00 -2.285156250000000000e+00 -1.000000000000000000e+00
1.550164388947585106e+09 2.626961097121238708e-02 -7.505003809928894043e-01 -2.597221374511718750e+00 2.396845025941729546e-03 -2.836266756057739258e-01 1.065264455974102020e-02 -1.758241758241758101e-01 0.000000000000000000e+00 -8.791208791208790507e-02 0.000000000000000000e+00 -4.042968750000000000e+00 -1.000000000000000000e+00
1.550164389047602892e+09 2.147596701979637146e-02 -7.495414614677429199e-01 -2.595303773880004883e+00 -1.544633507728576660e-02 -2.585929334163665771e-01 2.743056043982505798e-02 -8.791208791208790507e-02 0.000000000000000000e+00 -8.791208791208790507e-02 0.000000000000000000e+00 -5.449218750000000000e+00 -1.000000000000000000e+00
1.550164389147667885e+09 1.859968528151512146e-02 -7.518426775932312012e-01 -2.593194484710693359e+00 -6.924218963831663132e-03 -1.992044597864151001e-01 2.769687585532665253e-02 8.791208791208790507e-02 0.000000000000000000e+00 -8.791208791208790507e-02 0.000000000000000000e+00 -6.328125000000000000e+00 -1.000000000000000000e+00
1.550164389247737885e+09 1.783293113112449646e-02 -7.393786311149597168e-01 -2.591660499572753906e+00 9.054748341441154480e-03 -1.318264752626419067e-01 4.261057823896408081e-03 8.791208791208790507e-02 0.000000000000000000e+00 -8.791208791208790507e-02 0.000000000000000000e+00 -7.031250000000000000e+00 -1.000000000000000000e+00
1.550164389347807884e+09 1.898306235671043396e-02 -7.468568682670593262e-01 -2.590701818466186523e+00 1.997370831668376923e-02 -5.352953821420669556e-02 3.728425595909357071e-03 8.791208791208790507e-02 0.000000000000000000e+00 -8.791208791208790507e-02 0.000000000000000000e+00 -7.207031250000000000e+00 -1.000000000000000000e+00
1.550164389447879076e+09 1.975029334425926208e-02 -7.458984255790710449e-01 -2.589167833328247070e+00 -3.462109481915831566e-03 1.837581209838390350e-02 1.997370831668376923e-02 0.000000000000000000e+00 0.000000000000000000e+00 -8.791208791208790507e-02 0.000000000000000000e+00 -7.031250000000000000e+00 -1.000000000000000000e+00
1.550164389547950983e+09 1.955860480666160583e-02 -7.386118769645690918e-01 -2.586675167083740234e+00 -9.853696450591087341e-03 9.374327212572097778e-02 2.796319127082824707e-02 -1.758241758241758101e-01 0.000000000000000000e+00 -8.791208791208790507e-02 0.000000000000000000e+00 -6.503906250000000000e+00 -1.000000000000000000e+00
1.550164389648021936e+09 1.898306235671043396e-02 -7.282573580741882324e-01 -2.583990812301635742e+00 -4.261057823896408081e-03 1.528654545545578003e-01 2.716424316167831421e-02 -1.758241758241758101e-01 0.000000000000000000e+00 -8.791208791208790507e-02 0.000000000000000000e+00 -5.625000000000000000e+00 -1.000000000000000000e+00
1.550164389748097897e+09 2.032535895705223083e-02 -7.119590640068054199e-01 -2.581881523132324219e+00 -7.989483419805765152e-04 2.386192381381988525e-01 1.890844479203224182e-02 -1.758241758241758101e-01 0.000000000000000000e+00 -8.791208791208790507e-02 0.000000000000000000e+00 -5.097656250000000000e+00 -1.000000000000000000e+00
1.550164389848172903e+09 2.339332923293113708e-02 -7.499248385429382324e-01 -2.580347537994384766e+00 1.278317254036664963e-02 2.934803664684295654e-01 1.677791588008403778e-02 -8.791208791208790507e-02 0.000000000000000000e+00 -8.791208791208790507e-02 0.000000000000000000e+00 -2.460937500000000000e+00 -1.000000000000000000e+00
1.550164389948245049e+09 2.243488654494285583e-02 -7.420632243156433105e-01 -2.578238248825073242e+00 -4.793690051883459091e-03 3.296993374824523926e-01 3.169161826372146606e-02 0.000000000000000000e+00 0.000000000000000000e+00 -8.791208791208790507e-02 0.000000000000000000e+00 -7.031250000000000000e-01 -1.000000000000000000e+00
1.550164390048321009e+09 2.051704749464988708e-02 -7.506920695304870605e-01 -2.574594974517822266e+00 -8.788431994616985321e-03 3.454119861125946045e-01 3.621899336576461792e-02 0.000000000000000000e+00 0.000000000000000000e+00 -8.791208791208790507e-02 0.000000000000000000e+00 1.230468750000000000e+00 -1.000000000000000000e+00
1.550164390148387909e+09 1.764124259352684021e-02 -7.470490336418151855e-01 -2.571143627166748047e+00 -5.060005933046340942e-03 3.475425243377685547e-01 2.396845072507858276e-02 0.000000000000000000e+00 0.000000000000000000e+00 -8.791208791208790507e-02 0.000000000000000000e+00 2.812500000000000000e+00 -1.000000000000000000e+00
1.550164390248460054e+09 1.764124259352684021e-02 -7.453228831291198730e-01 -2.569226026535034180e+00 4.527374170720577240e-03 3.273025155067443848e-01 1.757686398923397064e-02 -8.791208791208790507e-02 0.000000000000000000e+00 -8.791208791208790507e-02 0.000000000000000000e+00 2.988281250000000000e+00 -1.000000000000000000e+00
1.550164390348531008e+09 2.626961097121238708e-02 -7.453228831291198730e-01 -2.566925287246704102e+00 5.858954507857561111e-03 2.924150824546813965e-01 1.837581209838390350e-02 -1.758241758241758101e-01 0.000000000000000000e+00 -8.791208791208790507e-02 0.000000000000000000e+00 1.933593750000000000e+00 -1.000000000000000000e+00
1.550164390448601961e+09 1.975029334425926208e-02 -7.257649302482604980e-01 -2.564432382583618164e+00 -1.597896683961153030e-03 2.426139861345291138e-01 2.530003152787685394e-02 -2.637362637362637430e-01 0.000000000000000000e+00 -8.791208791208790507e-02 0.000000000000000000e+00 1.230468750000000000e+00 -1.000000000000000000e+00
1.550164390548671961e+09 2.626961097121238708e-02 -7.345854640007019043e-01 -2.561748027801513672e+00 1.597896683961153030e-03 1.659149378538131714e-01 2.210423722863197327e-02 -1.758241758241758101e-01 0.000000000000000000e+00 0.000000000000000000e+00 0.000000000000000000e+00 1.757812500000000000e-01 -1.000000000000000000e+00
1.550164390648736000e+09 2.511900290846824646e-02 -7.226969599723815918e-01 -2.559447050094604492e+00 3.728425595909357071e-03 8.841694891452789307e-02 1.597896590828895569e-02 -1.758241758241758101e-01 0.000000000000000000e+00 -8.791208791208790507e-02 0.000000000000000000e+00 1.757812500000000000e-01 -1.000000000000000000e+00
1.550164390748809099e+09 2.492731437087059021e-02 -7.192456126213073730e-01 -2.558296442031860352e+00 1.065264455974102020e-02 2.876213937997817993e-02 8.788431994616985321e-03 0.000000000000000000e+00 0.000000000000000000e+00 -8.791208791208790507e-02 0.000000000000000000e+00 5.273437500000000000e-01 -1.000000000000000000e+00
1.550164390848886013e+09 2.435224875807762146e-02 -7.230803370475769043e-01 -2.556379079818725586e+00 -4.793690051883459091e-03 -7.563377916812896729e-02 2.769687585532665253e-02 0.000000000000000000e+00 0.000000000000000000e+00 -8.791208791208790507e-02 0.000000000000000000e+00 1.230468750000000000e+00 -1.000000000000000000e+00
1.550164390948951960e+09 2.262657508254051208e-02 -7.336265444755554199e-01 -2.553886413574218750e+00 8.522115647792816162e-03 -1.499359756708145142e-01 1.518001873046159744e-02 0.000000000000000000e+00 0.000000000000000000e+00 -8.791208791208790507e-02 0.000000000000000000e+00 2.812500000000000000e+00 -1.000000000000000000e+00
1.550164391049020052e+09 1.898306235671043396e-02 -7.449395060539245605e-01 -2.552352428436279297e+00 5.326322279870510101e-03 -1.866875886917114258e-01 1.358212158083915710e-02 0.000000000000000000e+00 0.000000000000000000e+00 0.000000000000000000e+00 0.000000000000000000e+00 3.691406250000000000e+00 -1.000000000000000000e+00
1.550164391149091005e+09 1.955860480666160583e-02 -7.633473277091979980e-01 -2.551777124404907227e+00 5.592638626694679260e-03 -2.436792403459548950e-01 2.929477253928780556e-03 -1.758241758241758101e-01 8.791208791208790507e-02 -8.791208791208790507e-02 0.000000000000000000e+00 1.933593750000000000e+00 -1.000000000000000000e+00
1.550164391249161005e+09 2.243488654494285583e-02 -7.481991648674011230e-01 -2.551010131835937500e+00 4.527374170720577240e-03 -2.711097896099090576e-01 7.989482954144477844e-03 -1.758241758241758101e-01 0.000000000000000000e+00 -8.791208791208790507e-02 0.000000000000000000e+00 1.757812500000000000e-01 -1.000000000000000000e+00
1.550164391349232912e+09 1.955860480666160583e-02 -7.485825419425964355e-01 -2.549859523773193359e+00 -7.190534844994544983e-03 -2.942793071269989014e-01 1.411475427448749542e-02 -1.758241758241758101e-01 0.000000000000000000e+00 -8.791208791208790507e-02 0.000000000000000000e+00 -1.933593750000000000e+00 -1.000000000000000000e+00
1.550164391449299097e+09 2.243488654494285583e-02 -7.495414614677429199e-01 -2.548900842666625977e+00 3.195793367922306061e-03 -2.913498282432556152e-01 1.358212158083915710e-02 -1.758241758241758101e-01 0.000000000000000000e+00 -8.791208791208790507e-02 0.000000000000000000e+00 -3.515625000000000000e+00 -1.000000000000000000e+00
1.550164391549375057e+09 2.166765555739402771e-02 -7.516505122184753418e-01 -2.547750473022460938e+00 1.358212158083915710e-02 -2.583266198635101318e-01 1.597896683961153030e-03 -8.791208791208790507e-02 0.000000000000000000e+00 -8.791208791208790507e-02 0.000000000000000000e+00 -4.746093750000000000e+00 -1.000000000000000000e+00
1.550164391649446964e+09 1.764124259352684021e-02 -7.439810633659362793e-01 -2.546791791915893555e+00 -2.663161139935255051e-04 -2.292981743812561035e-01 1.278317254036664963e-02 0.000000000000000000e+00 8.791208791208790507e-02 -8.791208791208790507e-02 0.000000000000000000e+00 -5.800781250000000000e+00 -1.000000000000000000e+00
1.550164391749516964e+09 1.840799674391746521e-02 -7.593204379081726074e-01 -2.545641183853149414e+00 7.723167538642883301e-03 -1.637844145298004150e-01 1.464738603681325912e-02 0.000000000000000000e+00 0.000000000000000000e+00 -8.791208791208790507e-02 0.000000000000000000e+00 -6.855468750000000000e+00 -1.000000000000000000e+00
1.550164391849592924e+09 1.898306235671043396e-02 -7.658402323722839355e-01 -2.544490814208984375e+00 3.462109481915831566e-03 -1.027980223298072815e-01 1.571265049278736115e-02 0.000000000000000000e+00 0.000000000000000000e+00 0.000000000000000000e+00 0.000000000000000000e+00 -7.207031250000000000e+00 -1.000000000000000000e+00
1.550164391949661970e+09 1.936691626906394958e-02 -7.637307047843933105e-01 -2.542764902114868164e+00 -4.261057823896408081e-03 -2.663161233067512512e-02 1.145159266889095306e-02 -8.791208791208790507e-02 0.000000000000000000e+00 -8.791208791208790507e-02 0.000000000000000000e+00 -7.207031250000000000e+00 -1.000000000000000000e+00
1.550164392049730062e+09 1.994198188185691833e-02 -7.549106478691101074e-01 -2.540847539901733398e+00 -5.060005933046340942e-03 6.524744629859924316e-02 2.929477207362651825e-02 -1.758241758241758101e-01 0.000000000000000000e+00 -8.791208791208790507e-02 0.000000000000000000e+00 -6.679687500000000000e+00 -1.000000000000000000e+00
1.550164392149799109e+09 1.994198188185691833e-02 -7.428304553031921387e-01 -2.538354873657226562e+00 -3.195793367922306061e-03 1.326254308223724365e-01 2.396845072507858276e-02 -1.758241758241758101e-01 0.000000000000000000e+00 -8.791208791208790507e-02 0.000000000000000000e+00 -5.800781250000000000e+00 -1.000000000000000000e+00
1.550164392249875069e+09 2.051704749464988708e-02 -7.272989153861999512e-01 -2.536437273025512695e+00 6.924218963831663132e-03 2.031991928815841675e-01 2.822950854897499084e-02 -1.758241758241758101e-01 0.000000000000000000e+00 -8.791208791208790507e-02 0.000000000000000000e+00 -4.746093750000000000e+00 -1.000000000000000000e+00
1.550164392349946022e+09 2.070921286940574646e-02 -7.106167674064636230e-01 -2.533369302749633789e+00 -3.195793367922306061e-03 2.665824294090270996e-01 3.062635287642478943e-02 -8.791208791208790507e-02 0.000000000000000000e+00 -8.791208791208790507e-02 0.000000000000000000e+00 -2.988281250000000000e+00 -1.000000000000000000e+00
1.550164392450016975e+09 1.955860480666160583e-02 -7.510754466056823730e-01 -2.531260013580322266e+00 -7.456851191818714142e-03 3.059972226619720459e-01 2.716424316167831421e-02 -8.791208791208790507e-02 0.000000000000000000e+00 -8.791208791208790507e-02 0.000000000000000000e+00 -2.285156250000000000e+00 -1.000000000000000000e+00
1.550164392550086975e+09 2.147596701979637146e-02 -7.505003809928894043e-01 -2.528192043304443359e+00 -7.190534844994544983e-03 3.310309350490570068e-01 3.275688365101814270e-02 0.000000000000000000e+00 0.000000000000000000e+00 -8.791208791208790507e-02 0.000000000000000000e+00 3.515625000000000000e-01 -1.000000000000000000e+00
1.550164392650156975e+09 1.955860480666160583e-02 -7.510754466056823730e-01 -2.525891304016113281e+00 4.261057823896408081e-03 3.478088378906250000e-01 2.050634101033210754e-02 -8.791208791208790507e-02 0.000000000000000000e+00 -8.791208791208790507e-02 0.000000000000000000e+00 2.109375000000000000e+00 -1.000000000000000000e+00
1.550164392750226021e+09 1.764124259352684021e-02 -7.480074763298034668e-01 -2.523590326309204102e+00 0.000000000000000000e+00 3.400856852531433105e-01 3.036003746092319489e-02 -8.791208791208790507e-02 0.000000000000000000e+00 -8.791208791208790507e-02 0.000000000000000000e+00 3.691406250000000000e+00 -1.000000000000000000e+00
1.550164392850296021e+09 2.320164069533348083e-02 -7.418715357780456543e-01 -2.520714044570922852e+00 -9.587380103766918182e-03 3.073287904262542725e-01 3.089267015457153320e-02 -1.758241758241758101e-01 0.000000000000000000e+00 -8.791208791208790507e-02 0.000000000000000000e+00 2.285156250000000000e+00 -1.000000000000000000e+00
1.550164392950366974e+09 2.147596701979637146e-02 -7.315174937248229980e-01 -2.518413066864013672e+00 5.060005933046340942e-03 2.631203234195709229e-01 2.503371424973011017e-02 -1.758241758241758101e-01 0.000000000000000000e+00 -8.791208791208790507e-02 8.791208791208790507e-02 1.230468750000000000e+00 -1.000000000000000000e+00
1.550164393050436974e+09 2.147596701979637146e-02 -7.134930491447448730e-01 -2.516112089157104492e+00 3.195793367922306061e-03 2.010686695575714111e-01 2.316950261592864990e-02 -1.758241758241758101e-01 0.000000000000000000e+00 -8.791208791208790507e-02 0.000000000000000000e+00 5.273437500000000000e-01 -1.000000000000000000e+00
1.550164393150502920e+09 2.147596701979637146e-02 -7.037140727043151855e-01 -2.513619422912597656e+00 6.657903082668781281e-03 1.312938481569290161e-01 1.784317940473556519e-02 -8.791208791208790507e-02 0.000000000000000000e+00 -8.791208791208790507e-02 0.000000000000000000e+00 1.757812500000000000e-01 -1.000000000000000000e+00
1.550164393250580072e+09 2.166765555739402771e-02 -7.017962336540222168e-01 -2.511893510818481445e+00 5.326322279870510101e-03 5.432848632335662842e-02 1.331580616533756256e-02 -8.791208791208790507e-02 0.000000000000000000e+00 0.000000000000000000e+00 0.000000000000000000e+00 3.515625000000000000e-01 -1.000000000000000000e+00
1.550164393350651026e+09 2.166765555739402771e-02 -7.067820429801940918e-01 -2.510167837142944336e+00 -1.597896683961153030e-03 -2.183792181313037872e-02 1.810949668288230896e-02 0.000000000000000000e+00 0.000000000000000000e+00 -8.791208791208790507e-02 0.000000000000000000e+00 1.054687500000000000e+00 -1.000000000000000000e+00
1.550164393450720072e+09 2.147596701979637146e-02 -7.194373011589050293e-01 -2.508058547973632812e+00 2.663161139935255051e-04 -1.251685768365859985e-01 1.012001186609268188e-02 0.000000000000000000e+00 0.000000000000000000e+00 -8.791208791208790507e-02 0.000000000000000000e+00 2.109375000000000000e+00 -1.000000000000000000e+00
1.550164393550786972e+09 2.090090140700340271e-02 -7.418715357780456543e-01 -2.507099866867065430e+00 1.065264455974102020e-03 -1.701759994029998779e-01 1.890844479203224182e-02 -8.791208791208790507e-02 0.000000000000000000e+00 -8.791208791208790507e-02 0.000000000000000000e+00 3.339843750000000000e+00 -1.000000000000000000e+00
1.550164393650856018e+09 1.955860480666160583e-02 -7.481991648674011230e-01 -2.505757570266723633e+00 -5.326322279870510101e-03 -2.255697548389434814e-01 1.890844479203224182e-02 -1.758241758241758101e-01 0.000000000000000000e+00 -8.791208791208790507e-02 0.000000000000000000e+00 2.812500000000000000e+00 -1.000000000000000000e+00
1.550164393750924110e+09 2.051704749464988708e-02 -7.485825419425964355e-01 -2.504031896591186523e+00 5.858954507857561111e-03 -2.604571580886840820e-01 9.853696450591087341e-03 -1.758241758241758101e-01 0.000000000000000000e+00 -8.791208791208790507e-02 0.000000000000000000e+00 1.054687500000000000e+00 -1.000000000000000000e+00
1.550164393850996017e+09 2.147596701979637146e-02 -7.487747073173522949e-01 -2.502689838409423828e+00 5.326322279870510101e-04 -2.902845740318298340e-01 9.587380103766918182e-03 -1.758241758241758101e-01 0.000000000000000000e+00 -8.791208791208790507e-02 0.000000000000000000e+00 -8.789062500000000000e-01 -1.000000000000000000e+00
1.550164393951066971e+09 2.147596701979637146e-02 -7.493497729301452637e-01 -2.501730918884277344e+00 -7.989483419805765152e-04 -2.886866629123687744e-01 1.198422536253929138e-02 -1.758241758241758101e-01 0.000000000000000000e+00 -8.791208791208790507e-02 0.000000000000000000e+00 -2.636718750000000000e+00 -1.000000000000000000e+00
1.550164394051145077e+09 2.339332923293113708e-02 -7.481991648674011230e-01 -2.500580549240112305e+00 -2.663161139935255051e-04 -2.796319127082824707e-01 1.757686398923397064e-02 -8.791208791208790507e-02 8.791208791208790507e-02 -8.791208791208790507e-02 0.000000000000000000e+00 -4.218750000000000000e+00 -1.000000000000000000e+00
1.550164394151212931e+09 2.070921286940574646e-02 -7.497331500053405762e-01 -2.499238252639770508e+00 4.793690051883459091e-03 -2.394181936979293823e-01 1.304948981851339340e-02 0.000000000000000000e+00 0.000000000000000000e+00 -8.791208791208790507e-02 0.000000000000000000e+00 -5.449218750000000000e+00 -1.000000000000000000e+00
1.550164394251285076e+09 1.955860480666160583e-02 -7.435972094535827637e-01 -2.497895956039428711e+00 2.929477253928780556e-03 -1.885518133640289307e-01 1.597896590828895569e-02 0.000000000000000000e+00 0.000000000000000000e+00 -8.791208791208790507e-02 0.000000000000000000e+00 -6.328125000000000000e+00 -1.000000000000000000e+00
1.550164394351356030e+09 1.859968528151512146e-02 -7.393786311149597168e-01 -2.496361970901489258e+00 3.462109481915831566e-03 -1.198422536253929138e-01 7.190534844994544983e-03 0.000000000000000000e+00 0.000000000000000000e+00 -8.791208791208790507e-02 0.000000000000000000e+00 -7.031250000000000000e+00 -1.000000000000000000e+00
1.550164394451432943e+09 1.840799674391746521e-02 -7.455145716667175293e-01 -2.494444608688354492e+00 2.396845025941729546e-03 -4.713795334100723267e-02 1.917476020753383636e-02 -8.791208791208790507e-02 8.791208791208790507e-02 -8.791208791208790507e-02 0.000000000000000000e+00 -7.207031250000000000e+00 -1.000000000000000000e+00
1.550164394551502943e+09 1.859968528151512146e-02 -7.435972094535827637e-01 -2.492527008056640625e+00 -9.321063756942749023e-03 2.290318533778190613e-02 2.716424316167831421e-02 -8.791208791208790507e-02 8.791208791208790507e-02 -8.791208791208790507e-02 0.000000000000000000e+00 -7.031250000000000000e+00 -1.000000000000000000e+00
1.550164394651572943e+09 1.898306235671043396e-02 -7.355439066886901855e-01 -2.490226030349731445e+00 -6.657903082668781281e-03 9.773801267147064209e-02 3.089267015457153320e-02 -8.791208791208790507e-02 0.000000000000000000e+00 -8.791208791208790507e-02 0.000000000000000000e+00 -6.152343750000000000e+00 -1.000000000000000000e+00
1.550164394751610041e+09 1.975029334425926208e-02 -7.234637141227722168e-01 -2.487733364105224609e+00 7.723167538642883301e-03 1.747033745050430298e-01 2.530003152787685394e-02 -1.758241758241758101e-01 0.000000000000000000e+00 -8.791208791208790507e-02 0.000000000000000000e+00 -5.097656250000000000e+00 -1.000000000000000000e+00
1.550164394851677895e+09 2.070921286940574646e-02 -7.086994051933288574e-01 -2.486007690429687500e+00 4.793690051883459091e-03 2.396845072507858276e-01 1.731054671108722687e-02 -8.791208791208790507e-02 0.000000000000000000e+00 -8.791208791208790507e-02 0.000000000000000000e+00 -3.691406250000000000e+00 -1.000000000000000000e+00
1.550164394951746941e+09 2.032535895705223083e-02 -7.378451228141784668e-01 -2.483706712722778320e+00 -1.491370238363742828e-02 2.884203493595123291e-01 3.275688365101814270e-02 -8.791208791208790507e-02 0.000000000000000000e+00 -8.791208791208790507e-02 0.000000000000000000e+00 -2.109375000000000000e+00 -1.000000000000000000e+00
1.550164395051822901e+09 1.764124259352684021e-02 -7.468568682670593262e-01 -2.480830430984497070e+00 -4.527374170720577240e-03 3.281014561653137207e-01 2.396845072507858276e-02 0.000000000000000000e+00 0.000000000000000000e+00 -8.791208791208790507e-02 0.000000000000000000e+00 -1.757812500000000000e-01 -1.000000000000000000e+00
1.550164395151894093e+09 1.955860480666160583e-02 -7.518426775932312012e-01 -2.478146076202392578e+00 -6.391586735844612122e-03 3.403519988059997559e-01 2.876213937997817993e-02 -8.791208791208790507e-02 0.000000000000000000e+00 -8.791208791208790507e-02 0.000000000000000000e+00 1.933593750000000000e+00 -1.000000000000000000e+00
1.550164395251966000e+09 2.051704749464988708e-02 -7.526094317436218262e-01 -2.475461483001708984e+00 3.195793367922306061e-03 3.379551470279693604e-01 2.716424316167831421e-02 -8.791208791208790507e-02 0.000000000000000000e+00 -8.791208791208790507e-02 0.000000000000000000e+00 3.164062500000000000e+00 -1.000000000000000000e+00
1.550164395352032900e+09 2.051704749464988708e-02 -7.445561289787292480e-01 -2.473352432250976562e+00 6.657903082668781281e-03 3.198456466197967529e-01 2.316950261592864990e-02 -1.758241758241758101e-01 0.000000000000000000e+00 -8.791208791208790507e-02 0.000000000000000000e+00 2.812500000000000000e+00 -1.000000000000000000e+00
1.550164395452097893e+09 2.243488654494285583e-02 -7.389952540397644043e-01 -2.471434831619262695e+00 -7.989483419805765152e-04 2.759034931659698486e-01 3.009372018277645111e-02 -1.758241758241758101e-01 0.000000000000000000e+00 -8.791208791208790507e-02 0.000000000000000000e+00 1.582031250000000000e+00 -1.000000000000000000e+00
1.550164395552170992e+09 2.339332923293113708e-02 -7.370778918266296387e-01 -2.468750476837158203e+00 -7.989483419805765152e-04 2.218413203954696655e-01 2.636529505252838135e-02 -1.758241758241758101e-01 0.000000000000000000e+00 -8.791208791208790507e-02 0.000000000000000000e+00 1.230468750000000000e+00 -1.000000000000000000e+00
1.550164395652247906e+09 2.358501777052879333e-02 -7.190534472465515137e-01 -2.466832876205444336e+00 -2.929477253928780556e-03 1.494033336639404297e-01 2.636529505252838135e-02 -8.791208791208790507e-02 0.000000000000000000e+00 -8.791208791208790507e-02 0.000000000000000000e+00 5.273437500000000000e-01 -1.000000000000000000e+00
1.550164395752319098e+09 2.243488654494285583e-02 -7.111918330192565918e-01 -2.464340209960937500e+00 -1.331580569967627525e-03 7.962851971387863159e-02 1.917476020753383636e-02 -8.791208791208790507e-02 0.000000000000000000e+00 -8.791208791208790507e-02 0.000000000000000000e+00 3.515625000000000000e-01 -1.000000000000000000e+00
1.550164395852390051e+09 2.147596701979637146e-02 -7.288329005241394043e-01 -2.462806224822998047e+00 7.989483419805765152e-04 3.462109481915831566e-03 1.837581209838390350e-02 0.000000000000000000e+00 0.000000000000000000e+00 -8.791208791208790507e-02 0.000000000000000000e+00 7.031250000000000000e-01 -1.000000000000000000e+00
1.550164395952460051e+09 2.128427848219871521e-02 -7.317091822624206543e-01 -2.461272239685058594e+00 1.065264455974102020e-03 -6.684534251689910889e-02 1.571265049278736115e-02 -8.791208791208790507e-02 0.000000000000000000e+00 -8.791208791208790507e-02 0.000000000000000000e+00 1.406250000000000000e+00 -1.000000000000000000e+00
1.550164396052534103e+09 1.994198188185691833e-02 -7.405292391777038574e-01 -2.459354877471923828e+00 5.060005933046340942e-03 -1.424791216850280762e-01 1.278317254036664963e-02 -8.791208791208790507e-02 0.000000000000000000e+00 -8.791208791208790507e-02 0.000000000000000000e+00 2.812500000000000000e+00 -1.000000000000000000e+00
1.550164396152607918e+09 2.147596701979637146e-02 -7.481991648674011230e-01 -2.458204269409179688e+00 7.190534844994544983e-03 -1.957423388957977295e-01 9.853696450591087341e-03 -8.791208791208790507e-02 0.000000000000000000e+00 -8.791208791208790507e-02 0.000000000000000000e+00 3.339843750000000000e+00 -1.000000000000000000e+00
1.550164396252676010e+09 2.243488654494285583e-02 -7.480074763298034668e-01 -2.457053899765014648e+00 1.278317254036664963e-02 -2.439455538988113403e-01 6.391586735844612122e-03 -8.791208791208790507e-02 0.000000000000000000e+00 -8.791208791208790507e-02 0.000000000000000000e+00 1.582031250000000000e+00 -1.000000000000000000e+00
1.550164396352742910e+09 2.243488654494285583e-02 -7.487747073173522949e-01 -2.455711603164672852e+00 3.195793367922306061e-03 -2.700445353984832764e-01 1.518001873046159744e-02 -1.758241758241758101e-01 0.000000000000000000e+00 -8.791208791208790507e-02 0.000000000000000000e+00 -1.757812500000000000e-01 -1.000000000000000000e+00
1.550164396452811003e+09 2.147596701979637146e-02 -7.457067370414733887e-01 -2.454177618026733398e+00 -1.597896683961153030e-03 -2.905508875846862793e-01 2.183792181313037872e-02 -1.758241758241758101e-01 0.000000000000000000e+00 -8.791208791208790507e-02 0.000000000000000000e+00 -1.933593750000000000e+00 -1.000000000000000000e+00
1.550164396552882910e+09 1.955860480666160583e-02 -7.518426775932312012e-01 -2.452835321426391602e+00 5.858954507857561111e-03 -2.801645398139953613e-01 1.411475427448749542e-02 -8.791208791208790507e-02 0.000000000000000000e+00 0.000000000000000000e+00 0.000000000000000000e+00 -3.515625000000000000e+00 -1.000000000000000000e+00
1.550164396652951956e+09 2.262657508254051208e-02 -7.412964701652526855e-01 -2.451684951782226562e+00 -4.527374170720577240e-03 -2.394181936979293823e-01 5.592638626694679260e-03 0.000000000000000000e+00 0.000000000000000000e+00 -8.791208791208790507e-02 0.000000000000000000e+00 -5.800781250000000000e+00 -1.000000000000000000e+00
1.550164396813081026e+09 1.879137381911277771e-02 -7.418715357780456543e-01 -2.450150966644287109e+00 2.663161139935255051e-04 -1.688444167375564575e-01 1.384843792766332626e-02 0.000000000000000000e+00 0.000000000000000000e+00 -8.791208791208790507e-02 0.000000000000000000e+00 -6.503906250000000000e+00 -1.000000000000000000e+00
1.550164396913151026e+09 1.898306235671043396e-02 -7.531849741935729980e-01 -2.448425054550170898e+00 -5.326322279870510101e-04 -1.067927628755569458e-01 1.784317940473556519e-02 -8.791208791208790507e-02 0.000000000000000000e+00 -8.791208791208790507e-02 0.000000000000000000e+00 -7.031250000000000000e+00 -1.000000000000000000e+00
1.550164397013217926e+09 1.898306235671043396e-02 -7.554857134819030762e-01 -2.446316003799438477e+00 2.396845025941729546e-03 -3.142530098557472229e-02 1.145159266889095306e-02 -8.791208791208790507e-02 0.000000000000000000e+00 -8.791208791208790507e-02 0.000000000000000000e+00 -7.031250000000000000e+00 -1.000000000000000000e+00
1.550164397113290071e+09 2.032535895705223083e-02 -7.499248385429382324e-01 -2.445165395736694336e+00 1.012001186609268188e-02 4.447479173541069031e-02 1.944107562303543091e-02 -8.791208791208790507e-02 0.000000000000000000e+00 -8.791208791208790507e-02 0.000000000000000000e+00 -6.679687500000000000e+00 -1.000000000000000000e+00
1.550164397213365078e+09 1.955860480666160583e-02 -7.322842478752136230e-01 -2.442864418029785156e+00 1.597896683961153030e-03 1.227717325091362000e-01 2.290318533778190613e-02 -8.791208791208790507e-02 0.000000000000000000e+00 -8.791208791208790507e-02 0.000000000000000000e+00 -5.800781250000000000e+00 -1.000000000000000000e+00
1.550164397313436985e+09 2.013367041945457458e-02 -7.202040553092956543e-01 -2.440755367279052734e+00 1.597896683961153030e-03 1.962749809026718140e-01 1.810949668288230896e-02 -8.791208791208790507e-02 0.000000000000000000e+00 -8.791208791208790507e-02 0.000000000000000000e+00 -4.746093750000000000e+00 -1.000000000000000000e+00
