1.550164327795557022e+09 1.955860480666160583e-02 -7.363111376762390137e-01 2.555612087249755859e+00 -4.261057823896408081e-03 2.210423722863197327e-02 2.530003152787685394e-02 0.000000000000000000e+00 8.791208791208790507e-02 0.000000000000000000e+00 0.000000000000000000e+00 0.000000000000000000e+00 -1.000000000000000000e+00
1.550164327895627975e+09 1.955860480666160583e-02 -7.365028262138366699e-01 2.557913064956665039e+00 -6.391586735844612122e-03 2.237055450677871704e-02 2.503371424973011017e-02 0.000000000000000000e+00 8.791208791208790507e-02 0.000000000000000000e+00 0.000000000000000000e+00 0.000000000000000000e+00 -1.000000000000000000e+00
1.550164327995697021e+09 1.955860480666160583e-02 -7.389952540397644043e-01 2.559830427169799805e+00 5.592638626694679260e-03 2.609897963702678680e-02 1.784317940473556519e-02 0.000000000000000000e+00 8.791208791208790507e-02 0.000000000000000000e+00 0.000000000000000000e+00 0.000000000000000000e+00 -1.000000000000000000e+00
1.550164328095766068e+09 2.243488654494285583e-02 -7.338182330131530762e-01 2.561748027801513672e+00 -4.261057823896408081e-03 2.663161233067512512e-02 2.316950261592864990e-02 8.791208791208790507e-02 8.791208791208790507e-02 0.000000000000000000e+00 0.000000000000000000e+00 0.000000000000000000e+00 -1.000000000000000000e+00
1.550164328195835114e+09 2.243488654494285583e-02 -7.363111376762390137e-01 2.563473701477050781e+00 1.065264455974102020e-03 2.956108935177326202e-02 8.788431994616985321e-03 0.000000000000000000e+00 8.791208791208790507e-02 0.000000000000000000e+00 0.000000000000000000e+00 0.000000000000000000e+00 -1.000000000000000000e+00
1.550164328295906067e+09 1.955860480666160583e-02 -7.389952540397644043e-01 2.564815998077392578e+00 8.788431994616985321e-03 2.503371424973011017e-02 1.518001873046159744e-02 8.791208791208790507e-02 0.000000000000000000e+00 0.000000000000000000e+00 0.000000000000000000e+00 0.000000000000000000e+00 -1.000000000000000000e+00
1.550164328395977020e+09 1.955860480666160583e-02 -7.351605296134948730e-01 2.566733360290527344e+00 2.663161139935255051e-03 2.609897963702678680e-02 2.024002373218536377e-02 0.000000000000000000e+00 8.791208791208790507e-02 0.000000000000000000e+00 0.000000000000000000e+00 0.000000000000000000e+00 -1.000000000000000000e+00
1.550164328496049881e+09 1.764124259352684021e-02 -7.376529574394226074e-01 2.569034337997436523e+00 -7.989483419805765152e-04 2.743056043982505798e-02 1.544633507728576660e-02 0.000000000000000000e+00 8.791208791208790507e-02 0.000000000000000000e+00 0.000000000000000000e+00 0.000000000000000000e+00 -1.000000000000000000e+00
1.550164328596121073e+09 2.243488654494285583e-02 -7.416798472404479980e-01 2.570568323135375977e+00 7.190534844994544983e-03 2.423476614058017731e-02 1.464738603681325912e-02 0.000000000000000000e+00 0.000000000000000000e+00 0.000000000000000000e+00 0.000000000000000000e+00 0.000000000000000000e+00 -1.000000000000000000e+00
1.550164328696192026e+09 1.955860480666160583e-02 -7.376529574394226074e-01 2.572102308273315430e+00 2.663161139935255051e-03 3.142530098557472229e-02 1.677791588008403778e-02 0.000000000000000000e+00 8.791208791208790507e-02 0.000000000000000000e+00 0.000000000000000000e+00 0.000000000000000000e+00 -1.000000000000000000e+00
1.550164328796258926e+09 1.955860480666160583e-02 -7.405292391777038574e-01 2.573827981948852539e+00 -3.462109481915831566e-03 2.343581803143024445e-02 1.384843792766332626e-02 0.000000000000000000e+00 0.000000000000000000e+00 0.000000000000000000e+00 0.000000000000000000e+00 0.000000000000000000e+00 -1.000000000000000000e+00
1.550164328896328926e+09 1.955860480666160583e-02 -7.386118769645690918e-01 2.575745582580566406e+00 7.989483419805765152e-04 2.929477207362651825e-02 1.810949668288230896e-02 0.000000000000000000e+00 0.000000000000000000e+00 0.000000000000000000e+00 0.000000000000000000e+00 0.000000000000000000e+00 -1.000000000000000000e+00
1.550164328996397018e+09 2.243488654494285583e-02 -7.363111376762390137e-01 2.577662944793701172e+00 -4.527374170720577240e-03 2.503371424973011017e-02 1.518001873046159744e-02 0.000000000000000000e+00 8.791208791208790507e-02 0.000000000000000000e+00 0.000000000000000000e+00 0.000000000000000000e+00 -1.000000000000000000e+00
1.550164329096465111e+09 2.147596701979637146e-02 -7.351605296134948730e-01 2.579772233963012695e+00 -2.663161139935255051e-03 2.103897370398044586e-02 2.130528911948204041e-02 0.000000000000000000e+00 8.791208791208790507e-02 0.000000000000000000e+00 0.000000000000000000e+00 0.000000000000000000e+00 -1.000000000000000000e+00
1.550164329196531057e+09 2.147596701979637146e-02 -7.388035655021667480e-01 2.582073211669921875e+00 -6.924218963831663132e-03 2.024002373218536377e-02 2.503371424973011017e-02 0.000000000000000000e+00 0.000000000000000000e+00 0.000000000000000000e+00 0.000000000000000000e+00 0.000000000000000000e+00 -1.000000000000000000e+00
1.550164329296605110e+09 2.339332923293113708e-02 -7.376529574394226074e-01 2.584182500839233398e+00 7.456851191818714142e-03 2.450108155608177185e-02 1.544633507728576660e-02 0.000000000000000000e+00 8.791208791208790507e-02 0.000000000000000000e+00 0.000000000000000000e+00 0.000000000000000000e+00 -1.000000000000000000e+00
1.550164329429060936e+09 2.051704749464988708e-02 -7.386118769645690918e-01 2.586483478546142578e+00 -5.858954507857561111e-03 2.583266235888004303e-02 2.370213344693183899e-02 0.000000000000000000e+00 8.791208791208790507e-02 0.000000000000000000e+00 0.000000000000000000e+00 0.000000000000000000e+00 -1.000000000000000000e+00
1.550164329529130936e+09 2.147596701979637146e-02 -7.351605296134948730e-01 2.588017463684082031e+00 9.054748341441154480e-03 3.142530098557472229e-02 1.544633507728576660e-02 0.000000000000000000e+00 0.000000000000000000e+00 0.000000000000000000e+00 0.000000000000000000e+00 0.000000000000000000e+00 -1.000000000000000000e+00
1.550164329629199982e+09 2.051704749464988708e-02 -7.357355952262878418e-01 2.590126514434814453e+00 -7.989483419805765152e-04 2.530003152787685394e-02 2.024002373218536377e-02 0.000000000000000000e+00 8.791208791208790507e-02 0.000000000000000000e+00 0.000000000000000000e+00 0.000000000000000000e+00 -1.000000000000000000e+00
1.550164329729269028e+09 1.955860480666160583e-02 -7.363111376762390137e-01 2.592044115066528320e+00 2.929477253928780556e-03 2.849582396447658539e-02 1.837581209838390350e-02 8.791208791208790507e-02 0.000000000000000000e+00 0.000000000000000000e+00 0.000000000000000000e+00 0.000000000000000000e+00 -1.000000000000000000e+00
1.550164329829340935e+09 2.243488654494285583e-02 -7.363111376762390137e-01 2.593769788742065430e+00 5.326322279870510101e-03 2.849582396447658539e-02 1.784317940473556519e-02 8.791208791208790507e-02 8.791208791208790507e-02 0.000000000000000000e+00 0.000000000000000000e+00 0.000000000000000000e+00 -1.000000000000000000e+00
1.550164329929419041e+09 2.051704749464988708e-02 -7.388035655021667480e-01 2.595495462417602539e+00 2.130528911948204041e-03 2.769687585532665253e-02 1.784317940473556519e-02 0.000000000000000000e+00 8.791208791208790507e-02 0.000000000000000000e+00 0.000000000000000000e+00 0.000000000000000000e+00 -1.000000000000000000e+00
1.550164330029489994e+09 2.243488654494285583e-02 -7.334348559379577637e-01 2.596837759017944336e+00 -2.929477253928780556e-03 2.982740476727485657e-02 1.384843792766332626e-02 0.000000000000000000e+00 8.791208791208790507e-02 0.000000000000000000e+00 0.000000000000000000e+00 0.000000000000000000e+00 -1.000000000000000000e+00
1.550164330129559994e+09 1.764124259352684021e-02 -7.372695803642272949e-01 2.599138736724853516e+00 2.929477253928780556e-03 3.089267015457153320e-02 1.198422536253929138e-02 0.000000000000000000e+00 8.791208791208790507e-02 0.000000000000000000e+00 0.000000000000000000e+00 0.000000000000000000e+00 -1.000000000000000000e+00
1.550164330229600906e+09 2.147596701979637146e-02 -7.380368113517761230e-01 2.601056337356567383e+00 9.054748341441154480e-03 2.822950854897499084e-02 1.890844479203224182e-02 8.791208791208790507e-02 8.791208791208790507e-02 0.000000000000000000e+00 0.000000000000000000e+00 0.000000000000000000e+00 -1.000000000000000000e+00
1.550164330329670906e+09 2.243488654494285583e-02 -7.326676249504089355e-01 2.602782011032104492e+00 2.663161139935255051e-03 2.636529505252838135e-02 2.210423722863197327e-02 0.000000000000000000e+00 0.000000000000000000e+00 0.000000000000000000e+00 0.000000000000000000e+00 0.000000000000000000e+00 -1.000000000000000000e+00
1.550164330429740906e+09 2.051704749464988708e-02 -7.342016100883483887e-01 2.605274677276611328e+00 2.929477253928780556e-03 2.290318533778190613e-02 2.769687585532665253e-02 0.000000000000000000e+00 8.791208791208790507e-02 0.000000000000000000e+00 0.000000000000000000e+00 0.000000000000000000e+00 -1.000000000000000000e+00
1.550164330529808044e+09 2.051704749464988708e-02 -7.349688410758972168e-01 2.607383966445922852e+00 5.326322279870510101e-04 2.663161233067512512e-02 1.677791588008403778e-02 8.791208791208790507e-02 8.791208791208790507e-02 0.000000000000000000e+00 0.000000000000000000e+00 0.000000000000000000e+00 -1.000000000000000000e+00
1.550164330629875898e+09 2.051704749464988708e-02 -7.376529574394226074e-01 2.609301328659057617e+00 7.190534844994544983e-03 3.062635287642478943e-02 1.304948981851339340e-02 8.791208791208790507e-02 8.791208791208790507e-02 0.000000000000000000e+00 0.000000000000000000e+00 0.000000000000000000e+00 -1.000000000000000000e+00
1.550164330729945898e+09 1.859968528151512146e-02 -7.353522181510925293e-01 2.611218929290771484e+00 -9.054748341441154480e-03 2.583266235888004303e-02 1.890844479203224182e-02 0.000000000000000000e+00 0.000000000000000000e+00 0.000000000000000000e+00 0.000000000000000000e+00 0.000000000000000000e+00 -1.000000000000000000e+00
1.550164330830017090e+09 2.147596701979637146e-02 -7.351605296134948730e-01 2.612944602966308594e+00 -2.663161139935255051e-04 2.876213937997817993e-02 2.157160453498363495e-02 0.000000000000000000e+00 8.791208791208790507e-02 0.000000000000000000e+00 0.000000000000000000e+00 0.000000000000000000e+00 -1.000000000000000000e+00
1.550164330930090904e+09 1.955860480666160583e-02 -7.388035655021667480e-01 2.614670276641845703e+00 3.462109481915831566e-03 2.290318533778190613e-02 1.091896090656518936e-02 8.791208791208790507e-02 0.000000000000000000e+00 0.000000000000000000e+00 0.000000000000000000e+00 0.000000000000000000e+00 -1.000000000000000000e+00
1.550164331030164003e+09 1.955860480666160583e-02 -7.347771525382995605e-01 2.616395950317382812e+00 3.728425595909357071e-03 3.009372018277645111e-02 1.810949668288230896e-02 8.791208791208790507e-02 0.000000000000000000e+00 0.000000000000000000e+00 0.000000000000000000e+00 0.000000000000000000e+00 -1.000000000000000000e+00
1.550164331130234957e+09 2.339332923293113708e-02 -7.388035655021667480e-01 2.618505239486694336e+00 -8.788431994616985321e-03 1.890844479203224182e-02 2.636529505252838135e-02 8.791208791208790507e-02 0.000000000000000000e+00 0.000000000000000000e+00 0.000000000000000000e+00 0.000000000000000000e+00 -1.000000000000000000e+00
1.550164331230300903e+09 1.955860480666160583e-02 -7.326676249504089355e-01 2.620422840118408203e+00 1.065264455974102020e-03 2.237055450677871704e-02 2.396845072507858276e-02 0.000000000000000000e+00 8.791208791208790507e-02 0.000000000000000000e+00 0.000000000000000000e+00 0.000000000000000000e+00 -1.000000000000000000e+00
1.550164331330368996e+09 2.051704749464988708e-02 -7.380368113517761230e-01 2.622531890869140625e+00 4.527374170720577240e-03 2.822950854897499084e-02 1.731054671108722687e-02 0.000000000000000000e+00 0.000000000000000000e+00 0.000000000000000000e+00 0.000000000000000000e+00 0.000000000000000000e+00 -1.000000000000000000e+00
1.550164331430435896e+09 2.051704749464988708e-02 -7.365028262138366699e-01 2.624257802963256836e+00 4.261057823896408081e-03 2.609897963702678680e-02 1.810949668288230896e-02 0.000000000000000000e+00 0.000000000000000000e+00 0.000000000000000000e+00 0.000000000000000000e+00 0.000000000000000000e+00 -1.000000000000000000e+00
1.550164331530502081e+09 2.147596701979637146e-02 -7.412964701652526855e-01 2.625408172607421875e+00 7.989482954144477844e-03 2.876213937997817993e-02 1.944107562303543091e-02 0.000000000000000000e+00 8.791208791208790507e-02 0.000000000000000000e+00 0.000000000000000000e+00 0.000000000000000000e+00 -1.000000000000000000e+00
1.550164331630570889e+09 1.955860480666160583e-02 -7.353522181510925293e-01 2.626750469207763672e+00 2.663161139935255051e-03 2.796319127082824707e-02 1.757686398923397064e-02 8.791208791208790507e-02 8.791208791208790507e-02 0.000000000000000000e+00 0.000000000000000000e+00 0.000000000000000000e+00 -1.000000000000000000e+00
1.550164331730600119e+09 2.147596701979637146e-02 -7.353522181510925293e-01 2.628284454345703125e+00 9.587380103766918182e-03 2.849582396447658539e-02 1.198422536253929138e-02 8.791208791208790507e-02 8.791208791208790507e-02 0.000000000000000000e+00 0.000000000000000000e+00 0.000000000000000000e+00 -1.000000000000000000e+00
1.550164331830668926e+09 1.859968528151512146e-02 -7.363111376762390137e-01 2.630010128021240234e+00 -6.924218963831663132e-03 2.450108155608177185e-02 2.316950261592864990e-02 0.000000000000000000e+00 8.791208791208790507e-02 0.000000000000000000e+00 0.000000000000000000e+00 0.000000000000000000e+00 -1.000000000000000000e+00
1.550164331930738926e+09 2.243488654494285583e-02 -7.388035655021667480e-01 2.632119417190551758e+00 -2.663161139935255051e-03 2.609897963702678680e-02 2.290318533778190613e-02 0.000000000000000000e+00 8.791208791208790507e-02 0.000000000000000000e+00 0.000000000000000000e+00 0.000000000000000000e+00 -1.000000000000000000e+00
1.550164332030811071e+09 2.339332923293113708e-02 -7.328593134880065918e-01 2.633845090866088867e+00 7.723167538642883301e-03 2.663161233067512512e-02 1.917476020753383636e-02 0.000000000000000000e+00 8.791208791208790507e-02 0.000000000000000000e+00 0.000000000000000000e+00 0.000000000000000000e+00 -1.000000000000000000e+00
1.550164332130878925e+09 2.147596701979637146e-02 -7.338182330131530762e-01 2.636146068572998047e+00 -5.060005933046340942e-03 2.609897963702678680e-02 2.210423722863197327e-02 0.000000000000000000e+00 0.000000000000000000e+00 0.000000000000000000e+00 0.000000000000000000e+00 0.000000000000000000e+00 -1.000000000000000000e+00
1.550164332230950117e+09 1.955860480666160583e-02 -7.388035655021667480e-01 2.637871742248535156e+00 4.261057823896408081e-03 3.169161826372146606e-02 9.054748341441154480e-03 0.000000000000000000e+00 8.791208791208790507e-02 0.000000000000000000e+00 0.000000000000000000e+00 0.000000000000000000e+00 -1.000000000000000000e+00
1.550164332331022024e+09 1.764124259352684021e-02 -7.389952540397644043e-01 2.639405727386474609e+00 1.597896683961153030e-03 2.876213937997817993e-02 1.171790901571512222e-02 0.000000000000000000e+00 0.000000000000000000e+00 0.000000000000000000e+00 0.000000000000000000e+00 0.000000000000000000e+00 -1.000000000000000000e+00
1.550164332431092024e+09 2.147596701979637146e-02 -7.389952540397644043e-01 2.641131401062011719e+00 5.326322279870510101e-04 2.769687585532665253e-02 1.784317940473556519e-02 0.000000000000000000e+00 8.791208791208790507e-02 0.000000000000000000e+00 0.000000000000000000e+00 0.000000000000000000e+00 -1.000000000000000000e+00
1.550164332531166077e+09 2.147596701979637146e-02 -7.338182330131530762e-01 2.643240690231323242e+00 0.000000000000000000e+00 2.849582396447658539e-02 1.597896590828895569e-02 0.000000000000000000e+00 0.000000000000000000e+00 0.000000000000000000e+00 0.000000000000000000e+00 0.000000000000000000e+00 -1.000000000000000000e+00
1.550164332631237030e+09 1.955860480666160583e-02 -7.340099215507507324e-01 2.645158290863037109e+00 1.171790901571512222e-02 3.328951448202133179e-02 1.198422536253929138e-02 8.791208791208790507e-02 8.791208791208790507e-02 0.000000000000000000e+00 0.000000000000000000e+00 0.000000000000000000e+00 -1.000000000000000000e+00
1.550164332731308937e+09 2.243488654494285583e-02 -7.363111376762390137e-01 2.646692276000976562e+00 9.587380103766918182e-03 3.462109342217445374e-02 1.411475427448749542e-02 0.000000000000000000e+00 8.791208791208790507e-02 0.000000000000000000e+00 0.000000000000000000e+00 0.000000000000000000e+00 -1.000000000000000000e+00
1.550164332831381083e+09 1.955860480666160583e-02 -7.365028262138366699e-01 2.648417949676513672e+00 1.012001186609268188e-02 3.568635880947113037e-02 1.198422536253929138e-02 0.000000000000000000e+00 8.791208791208790507e-02 0.000000000000000000e+00 0.000000000000000000e+00 0.000000000000000000e+00 -1.000000000000000000e+00
1.550164332931448936e+09 1.764124259352684021e-02 -7.353522181510925293e-01 2.650143623352050781e+00 -2.929477253928780556e-03 2.609897963702678680e-02 2.503371424973011017e-02 0.000000000000000000e+00 0.000000000000000000e+00 0.000000000000000000e+00 0.000000000000000000e+00 0.000000000000000000e+00 -1.000000000000000000e+00
1.550164333046101093e+09 2.243488654494285583e-02 -7.409130930900573730e-01 2.656662940979003906e+00 3.195793367922306061e-03 3.328951448202133179e-02 1.278317254036664963e-02 8.791208791208790507e-02 8.791208791208790507e-02 0.000000000000000000e+00 0.000000000000000000e+00 0.000000000000000000e+00 -1.000000000000000000e+00
1.550164333356076956e+09 2.243488654494285583e-02 -7.388035655021667480e-01 2.658005237579345703e+00 7.723167538642883301e-03 2.849582396447658539e-02 1.411475427448749542e-02 0.000000000000000000e+00 0.000000000000000000e+00 0.000000000000000000e+00 0.000000000000000000e+00 0.000000000000000000e+00 -1.000000000000000000e+00
1.550164333456151962e+09 1.955860480666160583e-02 -7.326676249504089355e-01 2.659539222717285156e+00 1.065264455974102020e-03 2.556634694337844849e-02 1.810949668288230896e-02 0.000000000000000000e+00 0.000000000000000000e+00 0.000000000000000000e+00 0.000000000000000000e+00 0.000000000000000000e+00 -1.000000000000000000e+00
1.550164333556221962e+09 2.243488654494285583e-02 -7.349688410758972168e-01 2.667592763900756836e+00 -3.728425595909357071e-03 2.290318533778190613e-02 2.183792181313037872e-02 0.000000000000000000e+00 8.791208791208790507e-02 0.000000000000000000e+00 0.000000000000000000e+00 0.000000000000000000e+00 -1.000000000000000000e+00
1.550164333935074091e+09 2.051704749464988708e-02 -7.349688410758972168e-01 2.669126749038696289e+00 4.527374170720577240e-03 1.997370831668376923e-02 2.769687585532665253e-02 0.000000000000000000e+00 8.791208791208790507e-02 0.000000000000000000e+00 0.000000000000000000e+00 0.000000000000000000e+00 -1.000000000000000000e+00
1.550164334121078014e+09 2.051704749464988708e-02 -7.359272837638854980e-01 2.672769784927368164e+00 -6.391586735844612122e-03 2.450108155608177185e-02 2.157160453498363495e-02 0.000000000000000000e+00 8.791208791208790507e-02 0.000000000000000000e+00 0.000000000000000000e+00 0.000000000000000000e+00 -1.000000000000000000e+00
1.550164334221148014e+09 2.339332923293113708e-02 -7.363111376762390137e-01 2.674687385559082031e+00 1.065264455974102020e-03 2.556634694337844849e-02 2.024002373218536377e-02 0.000000000000000000e+00 8.791208791208790507e-02 0.000000000000000000e+00 0.000000000000000000e+00 0.000000000000000000e+00 -1.000000000000000000e+00
1.550164334321225882e+09 2.051704749464988708e-02 -7.372695803642272949e-01 2.681590318679809570e+00 4.793690051883459091e-03 3.036003746092319489e-02 1.677791588008403778e-02 0.000000000000000000e+00 8.791208791208790507e-02 0.000000000000000000e+00 0.000000000000000000e+00 0.000000000000000000e+00 -1.000000000000000000e+00
1.550164334707065105e+09 2.051704749464988708e-02 -7.399541735649108887e-01 2.682932376861572266e+00 0.000000000000000000e+00 2.876213937997817993e-02 1.784317940473556519e-02 0.000000000000000000e+00 8.791208791208790507e-02 0.000000000000000000e+00 0.000000000000000000e+00 0.000000000000000000e+00 -1.000000000000000000e+00
1.550164334807137012e+09 2.051704749464988708e-02 -7.332431674003601074e-01 2.685041666030883789e+00 7.190534844994544983e-03 2.609897963702678680e-02 1.677791588008403778e-02 0.000000000000000000e+00 8.791208791208790507e-02 0.000000000000000000e+00 0.000000000000000000e+00 0.000000000000000000e+00 -1.000000000000000000e+00
1.550164334916064024e+09 2.147596701979637146e-02 -7.330510020256042480e-01 2.686383962631225586e+00 2.663161139935255051e-04 2.769687585532665253e-02 1.837581209838390350e-02 8.791208791208790507e-02 8.791208791208790507e-02 0.000000000000000000e+00 0.000000000000000000e+00 0.000000000000000000e+00 -1.000000000000000000e+00
1.550164335016141891e+09 2.435224875807762146e-02 -7.389952540397644043e-01 2.687917947769165039e+00 3.728425595909357071e-03 2.769687585532665253e-02 1.518001873046159744e-02 0.000000000000000000e+00 8.791208791208790507e-02 0.000000000000000000e+00 0.000000000000000000e+00 0.000000000000000000e+00 -1.000000000000000000e+00
1.550164335116214037e+09 1.955860480666160583e-02 -7.363111376762390137e-01 2.695396184921264648e+00 2.396845025941729546e-03 3.195793181657791138e-02 1.518001873046159744e-02 8.791208791208790507e-02 8.791208791208790507e-02 0.000000000000000000e+00 0.000000000000000000e+00 0.000000000000000000e+00 -1.000000000000000000e+00
1.550164335519077063e+09 2.051704749464988708e-02 -7.372695803642272949e-01 2.696929931640625000e+00 5.326322279870510101e-03 2.769687585532665253e-02 1.757686398923397064e-02 0.000000000000000000e+00 8.791208791208790507e-02 0.000000000000000000e+00 0.000000000000000000e+00 0.000000000000000000e+00 -1.000000000000000000e+00
1.550164335619151115e+09 2.051704749464988708e-02 -7.376529574394226074e-01 2.698655843734741211e+00 6.657903082668781281e-03 3.089267015457153320e-02 1.491370238363742828e-02 0.000000000000000000e+00 8.791208791208790507e-02 0.000000000000000000e+00 0.000000000000000000e+00 0.000000000000000000e+00 -1.000000000000000000e+00
1.550164335719222069e+09 2.051704749464988708e-02 -7.349688410758972168e-01 2.700381517410278320e+00 5.060005933046340942e-03 2.503371424973011017e-02 1.704423129558563232e-02 0.000000000000000000e+00 8.791208791208790507e-02 0.000000000000000000e+00 0.000000000000000000e+00 0.000000000000000000e+00 -1.000000000000000000e+00
1.550164335819288015e+09 2.339332923293113708e-02 -7.351605296134948730e-01 2.702298879623413086e+00 3.462109481915831566e-03 2.716424316167831421e-02 2.130528911948204041e-02 8.791208791208790507e-02 8.791208791208790507e-02 0.000000000000000000e+00 0.000000000000000000e+00 0.000000000000000000e+00 -1.000000000000000000e+00
1.550164335919358015e+09 2.243488654494285583e-02 -7.326676249504089355e-01 2.704216480255126953e+00 -3.462109481915831566e-03 2.636529505252838135e-02 1.597896590828895569e-02 0.000000000000000000e+00 0.000000000000000000e+00 0.000000000000000000e+00 0.000000000000000000e+00 0.000000000000000000e+00 -1.000000000000000000e+00
1.550164336019432068e+09 1.764124259352684021e-02 -7.376529574394226074e-01 2.705942153930664062e+00 2.663161139935255051e-04 2.503371424973011017e-02 1.997370831668376923e-02 0.000000000000000000e+00 8.791208791208790507e-02 0.000000000000000000e+00 0.000000000000000000e+00 0.000000000000000000e+00 -1.000000000000000000e+00
1.550164336119509935e+09 1.859968528151512146e-02 -7.393786311149597168e-01 2.707859754562377930e+00 -2.663161139935255051e-03 2.636529505252838135e-02 2.157160453498363495e-02 0.000000000000000000e+00 8.791208791208790507e-02 0.000000000000000000e+00 0.000000000000000000e+00 0.000000000000000000e+00 -1.000000000000000000e+00
1.550164336219580889e+09 2.339332923293113708e-02 -7.349688410758972168e-01 2.709968805313110352e+00 -3.195793367922306061e-03 2.663161233067512512e-02 1.890844479203224182e-02 0.000000000000000000e+00 8.791208791208790507e-02 0.000000000000000000e+00 0.000000000000000000e+00 0.000000000000000000e+00 -1.000000000000000000e+00
1.550164336319607019e+09 2.147596701979637146e-02 -7.336265444755554199e-01 2.711502790451049805e+00 2.663161139935255051e-03 2.929477207362651825e-02 1.970739290118217468e-02 8.791208791208790507e-02 8.791208791208790507e-02 0.000000000000000000e+00 0.000000000000000000e+00 0.000000000000000000e+00 -1.000000000000000000e+00
1.550164336419676065e+09 1.764124259352684021e-02 -7.359272837638854980e-01 2.713612079620361328e+00 -4.793690051883459091e-03 2.157160453498363495e-02 2.024002373218536377e-02 0.000000000000000000e+00 8.791208791208790507e-02 0.000000000000000000e+00 0.000000000000000000e+00 0.000000000000000000e+00 -1.000000000000000000e+00
1.550164336519742966e+09 2.051704749464988708e-02 -7.384201884269714355e-01 2.715529680252075195e+00 7.190534844994544983e-03 2.583266235888004303e-02 1.917476020753383636e-02 0.000000000000000000e+00 0.000000000000000000e+00 0.000000000000000000e+00 0.000000000000000000e+00 0.000000000000000000e+00 -1.000000000000000000e+00
1.550164336619817019e+09 2.339332923293113708e-02 -7.393786311149597168e-01 2.717255353927612305e+00 7.989483419805765152e-04 3.275688365101814270e-02 1.837581209838390350e-02 0.000000000000000000e+00 8.791208791208790507e-02 0.000000000000000000e+00 0.000000000000000000e+00 0.000000000000000000e+00 -1.000000000000000000e+00
1.550164336719883919e+09 1.955860480666160583e-02 -7.340099215507507324e-01 2.719172716140747070e+00 5.858954507857561111e-03 2.929477207362651825e-02 2.396845072507858276e-02 0.000000000000000000e+00 8.791208791208790507e-02 0.000000000000000000e+00 0.000000000000000000e+00 0.000000000000000000e+00 -1.000000000000000000e+00
1.550164336819956064e+09 2.147596701979637146e-02 -7.340099215507507324e-01 2.721090316772460938e+00 -7.989483419805765152e-04 2.556634694337844849e-02 2.530003152787685394e-02 0.000000000000000000e+00 8.791208791208790507e-02 0.000000000000000000e+00 0.000000000000000000e+00 0.000000000000000000e+00 -1.000000000000000000e+00
1.550164336920027971e+09 2.147596701979637146e-02 -7.380368113517761230e-01 2.723391294479370117e+00 1.065264455974102020e-03 2.503371424973011017e-02 2.450108155608177185e-02 0.000000000000000000e+00 0.000000000000000000e+00 0.000000000000000000e+00 0.000000000000000000e+00 0.000000000000000000e+00 -1.000000000000000000e+00
1.550164337020098925e+09 2.339332923293113708e-02 -7.340099215507507324e-01 2.725116968154907227e+00 -1.065264455974102020e-03 3.089267015457153320e-02 2.050634101033210754e-02 8.791208791208790507e-02 8.791208791208790507e-02 0.000000000000000000e+00 0.000000000000000000e+00 0.000000000000000000e+00 -1.000000000000000000e+00
1.550164337120172024e+09 2.243488654494285583e-02 -7.374612689018249512e-01 2.727226257324218750e+00 -2.663161139935255051e-04 2.796319127082824707e-02 2.103897370398044586e-02 0.000000000000000000e+00 8.791208791208790507e-02 0.000000000000000000e+00 0.000000000000000000e+00 0.000000000000000000e+00 -1.000000000000000000e+00
1.550164337220246077e+09 2.243488654494285583e-02 -7.349688410758972168e-01 2.729335308074951172e+00 1.065264455974102020e-03 2.876213937997817993e-02 1.784317940473556519e-02 0.000000000000000000e+00 8.791208791208790507e-02 0.000000000000000000e+00 0.000000000000000000e+00 0.000000000000000000e+00 -1.000000000000000000e+00
1.550164337320317030e+09 1.955860480666160583e-02 -7.376529574394226074e-01 2.730677604675292969e+00 1.331580569967627525e-03 2.956108935177326202e-02 1.784317940473556519e-02 8.791208791208790507e-02 8.791208791208790507e-02 0.000000000000000000e+00 0.000000000000000000e+00 0.000000000000000000e+00 -1.000000000000000000e+00
1.550164337420388937e+09 1.764124259352684021e-02 -7.361189723014831543e-01 2.732786893844604492e+00 -7.190534844994544983e-03 2.663161233067512512e-02 2.183792181313037872e-02 0.000000000000000000e+00 0.000000000000000000e+00 0.000000000000000000e+00 0.000000000000000000e+00 0.000000000000000000e+00 -1.000000000000000000e+00
1.550164337520459890e+09 2.147596701979637146e-02 -7.357355952262878418e-01 2.734704256057739258e+00 -5.326322279870510101e-04 2.982740476727485657e-02 1.757686398923397064e-02 0.000000000000000000e+00 8.791208791208790507e-02 0.000000000000000000e+00 0.000000000000000000e+00 0.000000000000000000e+00 -1.000000000000000000e+00
1.550164337620532036e+09 2.051704749464988708e-02 -7.365028262138366699e-01 2.736621856689453125e+00 -2.929477253928780556e-03 2.530003152787685394e-02 2.370213344693183899e-02 0.000000000000000000e+00 8.791208791208790507e-02 0.000000000000000000e+00 0.000000000000000000e+00 0.000000000000000000e+00 -1.000000000000000000e+00
1.550164337720603943e+09 2.243488654494285583e-02 -7.388035655021667480e-01 2.738539218902587891e+00 2.929477253928780556e-03 2.956108935177326202e-02 1.624528318643569946e-02 0.000000000000000000e+00 0.000000000000000000e+00 0.000000000000000000e+00 0.000000000000000000e+00 0.000000000000000000e+00 -1.000000000000000000e+00
1.550164337820672989e+09 2.339332923293113708e-02 -7.397624850273132324e-01 2.740264892578125000e+00 4.261057823896408081e-03 2.583266235888004303e-02 1.731054671108722687e-02 0.000000000000000000e+00 8.791208791208790507e-02 0.000000000000000000e+00 0.000000000000000000e+00 0.000000000000000000e+00 -1.000000000000000000e+00
1.550164337920737028e+09 1.955860480666160583e-02 -7.359272837638854980e-01 2.741607189178466797e+00 8.788431994616985321e-03 2.849582396447658539e-02 9.321063756942749023e-03 0.000000000000000000e+00 8.791208791208790507e-02 0.000000000000000000e+00 0.000000000000000000e+00 0.000000000000000000e+00 -1.000000000000000000e+00
1.550164338020808935e+09 2.147596701979637146e-02 -7.403375506401062012e-01 2.742949485778808594e+00 -2.130528911948204041e-03 3.009372018277645111e-02 2.396845072507858276e-02 0.000000000000000000e+00 0.000000000000000000e+00 0.000000000000000000e+00 0.000000000000000000e+00 0.000000000000000000e+00 -1.000000000000000000e+00
1.550164338120882034e+09 2.147596701979637146e-02 -7.324759364128112793e-01 2.745058774948120117e+00 4.261057823896408081e-03 2.556634694337844849e-02 1.970739290118217468e-02 0.000000000000000000e+00 8.791208791208790507e-02 0.000000000000000000e+00 0.000000000000000000e+00 0.000000000000000000e+00 -1.000000000000000000e+00
1.550164338220948935e+09 2.339332923293113708e-02 -7.389952540397644043e-01 2.746976137161254883e+00 2.929477253928780556e-03 2.796319127082824707e-02 1.571265049278736115e-02 0.000000000000000000e+00 8.791208791208790507e-02 0.000000000000000000e+00 0.000000000000000000e+00 0.000000000000000000e+00 -1.000000000000000000e+00
1.550164338321019888e+09 1.955860480666160583e-02 -7.353522181510925293e-01 2.749085426330566406e+00 -3.195793367922306061e-03 2.609897963702678680e-02 1.997370831668376923e-02 0.000000000000000000e+00 8.791208791208790507e-02 0.000000000000000000e+00 0.000000000000000000e+00 0.000000000000000000e+00 -1.000000000000000000e+00
1.550164338421091080e+09 1.955860480666160583e-02 -7.315174937248229980e-01 2.750619411468505859e+00 6.924218963831663132e-03 3.195793181657791138e-02 1.065264455974102020e-02 0.000000000000000000e+00 0.000000000000000000e+00 0.000000000000000000e+00 0.000000000000000000e+00 0.000000000000000000e+00 -1.000000000000000000e+00
1.550164338521168947e+09 2.147596701979637146e-02 -7.349688410758972168e-01 2.751769781112670898e+00 9.054748341441154480e-03 3.142530098557472229e-02 1.731054671108722687e-02 0.000000000000000000e+00 8.791208791208790507e-02 0.000000000000000000e+00 0.000000000000000000e+00 0.000000000000000000e+00 -1.000000000000000000e+00
1.550164338621236086e+09 1.955860480666160583e-02 -7.389952540397644043e-01 2.753687381744384766e+00 -2.663161139935255051e-03 3.382214531302452087e-02 1.837581209838390350e-02 0.000000000000000000e+00 8.791208791208790507e-02 0.000000000000000000e+00 0.000000000000000000e+00 0.000000000000000000e+00 -1.000000000000000000e+00
1.550164338721307039e+09 1.764124259352684021e-02 -7.349688410758972168e-01 2.755604743957519531e+00 -2.663161139935255051e-04 2.929477207362651825e-02 1.784317940473556519e-02 0.000000000000000000e+00 8.791208791208790507e-02 0.000000000000000000e+00 0.000000000000000000e+00 0.000000000000000000e+00 -1.000000000000000000e+00
1.550164338823060989e+09 1.955860480666160583e-02 -7.384201884269714355e-01 2.757522344589233398e+00 -1.065264455974102020e-03 2.636529505252838135e-02 2.290318533778190613e-02 0.000000000000000000e+00 8.791208791208790507e-02 0.000000000000000000e+00 0.000000000000000000e+00 0.000000000000000000e+00 -1.000000000000000000e+00
1.550164338923130989e+09 1.859968528151512146e-02 -7.393786311149597168e-01 2.759439706802368164e+00 -4.793690051883459091e-03 2.210423722863197327e-02 2.210423722863197327e-02 0.000000000000000000e+00 8.791208791208790507e-02 0.000000000000000000e+00 0.000000000000000000e+00 0.000000000000000000e+00 -1.000000000000000000e+00
1.550164339023204088e+09 1.955860480666160583e-02 -7.340099215507507324e-01 2.761357307434082031e+00 -2.663161139935255051e-04 2.316950261592864990e-02 2.130528911948204041e-02 0.000000000000000000e+00 8.791208791208790507e-02 0.000000000000000000e+00 0.000000000000000000e+00 0.000000000000000000e+00 -1.000000000000000000e+00
1.550164339123276949e+09 2.147596701979637146e-02 -7.374612689018249512e-01 2.763466358184814453e+00 3.728425595909357071e-03 2.796319127082824707e-02 1.677791588008403778e-02 0.000000000000000000e+00 8.791208791208790507e-02 0.000000000000000000e+00 0.000000000000000000e+00 0.000000000000000000e+00 -1.000000000000000000e+00
1.550164339223344088e+09 2.147596701979637146e-02 -7.372695803642272949e-01 2.765192270278930664e+00 6.924218963831663132e-03 2.876213937997817993e-02 1.518001873046159744e-02 0.000000000000000000e+00 8.791208791208790507e-02 0.000000000000000000e+00 0.000000000000000000e+00 0.000000000000000000e+00 -1.000000000000000000e+00
1.550164339323415041e+09 2.243488654494285583e-02 -7.361189723014831543e-01 2.767109632492065430e+00 5.326322279870510101e-04 2.743056043982505798e-02 1.810949668288230896e-02 0.000000000000000000e+00 8.791208791208790507e-02 0.000000000000000000e+00 0.000000000000000000e+00 0.000000000000000000e+00 -1.000000000000000000e+00
1.550164339423486948e+09 2.051704749464988708e-02 -7.365028262138366699e-01 2.769027233123779297e+00 3.728425595909357071e-03 2.982740476727485657e-02 2.183792181313037872e-02 8.791208791208790507e-02 8.791208791208790507e-02 0.000000000000000000e+00 0.000000000000000000e+00 0.000000000000000000e+00 -1.000000000000000000e+00
1.550164339523556948e+09 2.051704749464988708e-02 -7.388035655021667480e-01 2.770752906799316406e+00 -2.396845025941729546e-03 2.556634694337844849e-02 2.370213344693183899e-02 0.000000000000000000e+00 8.791208791208790507e-02 0.000000000000000000e+00 0.000000000000000000e+00 0.000000000000000000e+00 -1.000000000000000000e+00
1.550164339623605967e+09 2.051704749464988708e-02 -7.412964701652526855e-01 2.772862195968627930e+00 -2.929477253928780556e-03 2.530003152787685394e-02 2.556634694337844849e-02 0.000000000000000000e+00 0.000000000000000000e+00 0.000000000000000000e+00 0.000000000000000000e+00 0.000000000000000000e+00 -1.000000000000000000e+00
1.550164339723678112e+09 2.147596701979637146e-02 -7.340099215507507324e-01 2.774587869644165039e+00 -5.326322279870510101e-03 2.556634694337844849e-02 1.917476020753383636e-02 8.791208791208790507e-02 8.791208791208790507e-02 0.000000000000000000e+00 0.000000000000000000e+00 0.000000000000000000e+00 -1.000000000000000000e+00
1.550164339823748112e+09 1.955860480666160583e-02 -7.351605296134948730e-01 2.776505231857299805e+00 4.261057823896408081e-03 2.982740476727485657e-02 2.050634101033210754e-02 0.000000000000000000e+00 8.791208791208790507e-02 0.000000000000000000e+00 0.000000000000000000e+00 0.000000000000000000e+00 -1.000000000000000000e+00
1.550164339923814058e+09 2.339332923293113708e-02 -7.363111376762390137e-01 2.778998136520385742e+00 -2.663161139935255051e-03 2.556634694337844849e-02 1.837581209838390350e-02 8.791208791208790507e-02 0.000000000000000000e+00 0.000000000000000000e+00 0.000000000000000000e+00 0.000000000000000000e+00 -1.000000000000000000e+00
1.550164340023883104e+09 2.051704749464988708e-02 -7.399541735649108887e-01 2.780532121658325195e+00 9.853696450591087341e-03 3.222424909472465515e-02 1.890844479203224182e-02 0.000000000000000000e+00 8.791208791208790507e-02 0.000000000000000000e+00 0.000000000000000000e+00 0.000000000000000000e+00 -1.000000000000000000e+00
1.550164340123954058e+09 1.955860480666160583e-02 -7.393786311149597168e-01 2.782065868377685547e+00 3.462109481915831566e-03 2.556634694337844849e-02 1.890844479203224182e-02 8.791208791208790507e-02 0.000000000000000000e+00 0.000000000000000000e+00 0.000000000000000000e+00 0.000000000000000000e+00 -1.000000000000000000e+00
1.550164340224024057e+09 1.859968528151512146e-02 -7.338182330131530762e-01 2.784366846084594727e+00 4.527374170720577240e-03 3.089267015457153320e-02 1.624528318643569946e-02 0.000000000000000000e+00 8.791208791208790507e-02 0.000000000000000000e+00 0.000000000000000000e+00 0.000000000000000000e+00 -1.000000000000000000e+00
1.550164340324095011e+09 1.955860480666160583e-02 -7.363111376762390137e-01 2.785900831222534180e+00 9.321063756942749023e-03 2.929477207362651825e-02 2.769687585532665253e-02 0.000000000000000000e+00 8.791208791208790507e-02 0.000000000000000000e+00 0.000000000000000000e+00 0.000000000000000000e+00 -1.000000000000000000e+00
1.550164340424165010e+09 2.147596701979637146e-02 -7.332431674003601074e-01 2.788393735885620117e+00 -7.190534844994544983e-03 2.343581803143024445e-02 1.890844479203224182e-02 8.791208791208790507e-02 0.000000000000000000e+00 0.000000000000000000e+00 0.000000000000000000e+00 0.000000000000000000e+00 -1.000000000000000000e+00
1.550164340524235964e+09 2.147596701979637146e-02 -7.365028262138366699e-01 2.790119409561157227e+00 2.663161139935255051e-04 2.822950854897499084e-02 1.810949668288230896e-02 8.791208791208790507e-02 8.791208791208790507e-02 0.000000000000000000e+00 0.000000000000000000e+00 0.000000000000000000e+00 -1.000000000000000000e+00
1.550164340624304056e+09 2.051704749464988708e-02 -7.342016100883483887e-01 2.792036771774291992e+00 8.788431994616985321e-03 3.089267015457153320e-02 1.571265049278736115e-02 0.000000000000000000e+00 8.791208791208790507e-02 0.000000000000000000e+00 0.000000000000000000e+00 0.000000000000000000e+00 -1.000000000000000000e+00
1.550164340724374056e+09 1.859968528151512146e-02 -7.340099215507507324e-01 2.793762683868408203e+00 2.663161139935255051e-03 2.636529505252838135e-02 1.997370831668376923e-02 0.000000000000000000e+00 8.791208791208790507e-02 0.000000000000000000e+00 0.000000000000000000e+00 0.000000000000000000e+00 -1.000000000000000000e+00
1.550164340824440956e+09 2.243488654494285583e-02 -7.338182330131530762e-01 2.795488357543945312e+00 2.663161139935255051e-03 2.583266235888004303e-02 2.290318533778190613e-02 0.000000000000000000e+00 8.791208791208790507e-02 0.000000000000000000e+00 0.000000000000000000e+00 0.000000000000000000e+00 -1.000000000000000000e+00
1.550164340924511909e+09 1.955860480666160583e-02 -7.349688410758972168e-01 2.797597646713256836e+00 -2.130528911948204041e-03 2.822950854897499084e-02 1.970739290118217468e-02 0.000000000000000000e+00 8.791208791208790507e-02 0.000000000000000000e+00 0.000000000000000000e+00 0.000000000000000000e+00 -1.000000000000000000e+00
1.550164341024583101e+09 2.243488654494285583e-02 -7.355439066886901855e-01 2.799515008926391602e+00 1.065264455974102020e-03 2.556634694337844849e-02 1.944107562303543091e-02 0.000000000000000000e+00 8.791208791208790507e-02 0.000000000000000000e+00 0.000000000000000000e+00 0.000000000000000000e+00 -1.000000000000000000e+00
1.550164341124604940e+09 2.051704749464988708e-02 -7.349688410758972168e-01 2.801432609558105469e+00 1.331580569967627525e-03 2.796319127082824707e-02 2.183792181313037872e-02 0.000000000000000000e+00 0.000000000000000000e+00 0.000000000000000000e+00 0.000000000000000000e+00 0.000000000000000000e+00 -1.000000000000000000e+00
1.550164341224672079e+09 2.147596701979637146e-02 -7.340099215507507324e-01 2.802966356277465820e+00 2.663161139935255051e-03 2.237055450677871704e-02 1.944107562303543091e-02 8.791208791208790507e-02 8.791208791208790507e-02 0.000000000000000000e+00 0.000000000000000000e+00 0.000000000000000000e+00 -1.000000000000000000e+00
1.550164341324743032e+09 2.147596701979637146e-02 -7.338182330131530762e-01 2.805267333984375000e+00 4.261057823896408081e-03 2.450108155608177185e-02 2.183792181313037872e-02 8.791208791208790507e-02 0.000000000000000000e+00 0.000000000000000000e+00 0.000000000000000000e+00 0.000000000000000000e+00 -1.000000000000000000e+00
1.550164341424813032e+09 2.051704749464988708e-02 -7.376529574394226074e-01 2.807184934616088867e+00 5.592638626694679260e-03 2.396845072507858276e-02 2.237055450677871704e-02 0.000000000000000000e+00 0.000000000000000000e+00 0.000000000000000000e+00 0.000000000000000000e+00 0.000000000000000000e+00 -1.000000000000000000e+00
1.550164341524883032e+09 2.147596701979637146e-02 -7.363111376762390137e-01 2.809102296829223633e+00 -5.060005933046340942e-03 2.663161233067512512e-02 2.290318533778190613e-02 0.000000000000000000e+00 0.000000000000000000e+00 0.000000000000000000e+00 0.000000000000000000e+00 0.000000000000000000e+00 -1.000000000000000000e+00
1.550164341624954939e+09 1.955860480666160583e-02 -7.349688410758972168e-01 2.811211585998535156e+00 6.657903082668781281e-03 3.089267015457153320e-02 1.518001873046159744e-02 0.000000000000000000e+00 8.791208791208790507e-02 0.000000000000000000e+00 0.000000000000000000e+00 0.000000000000000000e+00 -1.000000000000000000e+00
1.550164341725024939e+09 2.243488654494285583e-02 -7.340099215507507324e-01 2.813129186630249023e+00 3.728425595909357071e-03 2.849582396447658539e-02 1.278317254036664963e-02 0.000000000000000000e+00 0.000000000000000000e+00 0.000000000000000000e+00 0.000000000000000000e+00 0.000000000000000000e+00 -1.000000000000000000e+00
1.550164341825095892e+09 2.147596701979637146e-02 -7.386118769645690918e-01 2.814854860305786133e+00 -9.587380103766918182e-03 1.890844479203224182e-02 2.743056043982505798e-02 0.000000000000000000e+00 8.791208791208790507e-02 0.000000000000000000e+00 0.000000000000000000e+00 0.000000000000000000e+00 -1.000000000000000000e+00
1.550164341925165892e+09 1.955860480666160583e-02 -7.363111376762390137e-01 2.816964149475097656e+00 -1.065264455974102020e-03 2.183792181313037872e-02 2.396845072507858276e-02 0.000000000000000000e+00 8.791208791208790507e-02 0.000000000000000000e+00 0.000000000000000000e+00 0.000000000000000000e+00 -1.000000000000000000e+00
1.550164342025234938e+09 1.955860480666160583e-02 -7.376529574394226074e-01 2.818881511688232422e+00 4.793690051883459091e-03 2.956108935177326202e-02 1.464738603681325912e-02 8.791208791208790507e-02 0.000000000000000000e+00 0.000000000000000000e+00 0.000000000000000000e+00 0.000000000000000000e+00 -1.000000000000000000e+00
1.550164342125307083e+09 2.051704749464988708e-02 -7.365028262138366699e-01 2.821374177932739258e+00 3.462109481915831566e-03 3.089267015457153320e-02 1.810949668288230896e-02 8.791208791208790507e-02 0.000000000000000000e+00 0.000000000000000000e+00 0.000000000000000000e+00 0.000000000000000000e+00 -1.000000000000000000e+00
1.550164342256062984e+09 1.955860480666160583e-02 -7.399541735649108887e-01 2.823291778564453125e+00 -5.326322279870510101e-03 2.743056043982505798e-02 2.183792181313037872e-02 0.000000000000000000e+00 0.000000000000000000e+00 0.000000000000000000e+00 0.000000000000000000e+00 0.000000000000000000e+00 -1.000000000000000000e+00
1.550164342356133938e+09 2.147596701979637146e-02 -7.412964701652526855e-01 2.825400829315185547e+00 -1.597896683961153030e-03 2.530003152787685394e-02 1.970739290118217468e-02 0.000000000000000000e+00 8.791208791208790507e-02 0.000000000000000000e+00 0.000000000000000000e+00 0.000000000000000000e+00 -1.000000000000000000e+00
1.550164342456203938e+09 2.051704749464988708e-02 -7.388035655021667480e-01 2.827701807022094727e+00 0.000000000000000000e+00 2.530003152787685394e-02 2.423476614058017731e-02 0.000000000000000000e+00 8.791208791208790507e-02 0.000000000000000000e+00 0.000000000000000000e+00 0.000000000000000000e+00 -1.000000000000000000e+00
1.550164342556246042e+09 1.955860480666160583e-02 -7.361189723014831543e-01 2.829619407653808594e+00 7.190534844994544983e-03 2.849582396447658539e-02 1.677791588008403778e-02 0.000000000000000000e+00 8.791208791208790507e-02 0.000000000000000000e+00 0.000000000000000000e+00 0.000000000000000000e+00 -1.000000000000000000e+00
1.550164342656317949e+09 1.764124259352684021e-02 -7.384201884269714355e-01 2.831153392791748047e+00 -4.793690051883459091e-03 2.636529505252838135e-02 2.290318533778190613e-02 0.000000000000000000e+00 8.791208791208790507e-02 0.000000000000000000e+00 0.000000000000000000e+00 0.000000000000000000e+00 -1.000000000000000000e+00
1.550164342756388903e+09 1.764124259352684021e-02 -7.363111376762390137e-01 2.833454370498657227e+00 2.663161139935255051e-04 3.009372018277645111e-02 9.587380103766918182e-03 8.791208791208790507e-02 8.791208791208790507e-02 0.000000000000000000e+00 0.000000000000000000e+00 0.000000000000000000e+00 -1.000000000000000000e+00
1.550164342856458902e+09 2.243488654494285583e-02 -7.376529574394226074e-01 2.834988355636596680e+00 -2.396845025941729546e-03 2.609897963702678680e-02 1.731054671108722687e-02 0.000000000000000000e+00 0.000000000000000000e+00 0.000000000000000000e+00 0.000000000000000000e+00 0.000000000000000000e+00 -1.000000000000000000e+00
1.550164342956536055e+09 2.147596701979637146e-02 -7.359272837638854980e-01 2.836905717849731445e+00 2.396845025941729546e-03 2.609897963702678680e-02 2.583266235888004303e-02 0.000000000000000000e+00 8.791208791208790507e-02 0.000000000000000000e+00 0.000000000000000000e+00 0.000000000000000000e+00 -1.000000000000000000e+00
1.550164343056608915e+09 2.147596701979637146e-02 -7.315174937248229980e-01 2.838823318481445312e+00 5.326322279870510101e-04 2.370213344693183899e-02 2.183792181313037872e-02 8.791208791208790507e-02 0.000000000000000000e+00 0.000000000000000000e+00 0.000000000000000000e+00 0.000000000000000000e+00 -1.000000000000000000e+00
1.550164343156682014e+09 1.955860480666160583e-02 -7.359272837638854980e-01 2.840548992156982422e+00 7.989483419805765152e-04 2.556634694337844849e-02 1.278317254036664963e-02 0.000000000000000000e+00 8.791208791208790507e-02 0.000000000000000000e+00 0.000000000000000000e+00 0.000000000000000000e+00 -1.000000000000000000e+00
1.550164343256751060e+09 2.051704749464988708e-02 -7.359272837638854980e-01 2.842466592788696289e+00 -2.396845025941729546e-03 2.583266235888004303e-02 1.731054671108722687e-02 0.000000000000000000e+00 8.791208791208790507e-02 0.000000000000000000e+00 0.000000000000000000e+00 0.000000000000000000e+00 -1.000000000000000000e+00
1.550164343356825113e+09 2.051704749464988708e-02 -7.365028262138366699e-01 2.844192266464233398e+00 5.326322279870510101e-04 2.343581803143024445e-02 1.810949668288230896e-02 0.000000000000000000e+00 8.791208791208790507e-02 0.000000000000000000e+00 0.000000000000000000e+00 0.000000000000000000e+00 -1.000000000000000000e+00
1.550164343456897020e+09 2.147596701979637146e-02 -7.363111376762390137e-01 2.846109628677368164e+00 2.396845025941729546e-03 2.423476614058017731e-02 2.343581803143024445e-02 8.791208791208790507e-02 8.791208791208790507e-02 0.000000000000000000e+00 0.000000000000000000e+00 0.000000000000000000e+00 -1.000000000000000000e+00
1.550164343556963921e+09 1.859968528151512146e-02 -7.340099215507507324e-01 2.848027229309082031e+00 7.989482954144477844e-03 2.663161233067512512e-02 1.624528318643569946e-02 0.000000000000000000e+00 8.791208791208790507e-02 0.000000000000000000e+00 0.000000000000000000e+00 0.000000000000000000e+00 -1.000000000000000000e+00
1.550164343657032013e+09 2.051704749464988708e-02 -7.422549128532409668e-01 2.849752902984619141e+00 -2.663161139935255051e-03 2.183792181313037872e-02 2.450108155608177185e-02 8.791208791208790507e-02 8.791208791208790507e-02 0.000000000000000000e+00 0.000000000000000000e+00 0.000000000000000000e+00 -1.000000000000000000e+00
1.550164343757103920e+09 2.147596701979637146e-02 -7.374612689018249512e-01 2.851670265197753906e+00 1.331580569967627525e-03 2.370213344693183899e-02 2.050634101033210754e-02 0.000000000000000000e+00 8.791208791208790507e-02 0.000000000000000000e+00 0.000000000000000000e+00 0.000000000000000000e+00 -1.000000000000000000e+00
1.550164343857175112e+09 1.955860480666160583e-02 -7.365028262138366699e-01 2.853396177291870117e+00 -2.663161139935255051e-04 2.822950854897499084e-02 2.290318533778190613e-02 0.000000000000000000e+00 0.000000000000000000e+00 0.000000000000000000e+00 0.000000000000000000e+00 0.000000000000000000e+00 -1.000000000000000000e+00
1.550164343957247019e+09 1.955860480666160583e-02 -7.326676249504089355e-01 2.855313539505004883e+00 1.597896683961153030e-03 2.849582396447658539e-02 1.944107562303543091e-02 8.791208791208790507e-02 0.000000000000000000e+00 0.000000000000000000e+00 0.000000000000000000e+00 0.000000000000000000e+00 -1.000000000000000000e+00
