0.000908852,0,0.0,0.0,0.0,0.0,0.0,0.0,0.0,0.0,0.0,0.0,0.351562,0.0,0.00674,0.13537,None,seated
0.100131,1,0.0,0.0,0.0,0.0,0.0,0.0,0.0,0.0,0.0,0.0,0.351562,0.0,0.00674,0.13537,Neural,seated
0.20223,2,0.0,0.0,0.0,0.0,0.0,0.0,0.0,0.0,0.0,0.0,0.351562,0.0,0.0188,0.1476,Neural,extended
0.296486,3,0.0,0.0,0.0,0.0,0.0,0.0,0.0,0.0,0.0,0.0,0.351562,0.0,0.0188,0.1476,Neural,extended
0.39758,4,0.0,0.0,0.0,0.0,0.0,0.0,0.0,0.0,0.0,0.0,0.0,-3.47758,0.0188,0.1476,Neural,extended
0.500103,5,0.0,0.0,0.0,0.0,0.0,0.0,0.0,0.0,0.0,0.0,0.175781,1.71455,0.00674,0.13537,Neural,seated
0.597583,6,0.0,0.0,0.0,0.0,0.0,0.0,0.0,0.0,0.0,0.0,0.351562,1.80325,0.00674,0.13537,Neural,seated
0.696605,7,0.0,0.0,0.0,0.0,0.0,0.0,0.0,0.0,0.0,0.0,0.351562,0.0,0.00674,0.13537,Neural,seated
0.799146,8,0.0,0.0,0.0,0.0,0.0,0.0,0.0,0.0,0.0,0.0,0.175781,-1.71425,0.00674,0.13537,Neural,seated
0.901235,9,0.0,0.0,0.0,0.0,0.0,0.0,0.0,0.0,0.0,0.0,0.0,-1.72184,0.0188,0.1476,Neural,extended
0.997866,10,0.0,0.0,0.0,0.0,0.0,0.0,0.0,0.0,0.0,0.0,0.0,0.0,0.0188,0.1476,Neural,extended
1.09261,11,0.0,0.0,0.0,0.0,0.0,0.0,0.0,0.0,0.0,0.0,0.0,0.0,0.0188,0.1476,Neural,extended
1.19437,12,0.0,0.0,0.0,0.0,0.0,0.0,0.0,0.0,0.0,0.0,0.0,0.0,0.0188,0.1476,Neural,extended
1.29999,13,0.0,0.0,0.0,0.0,0.0,0.0,0.0,0.0,0.0,0.0,0.351562,3.32859,0.0188,0.1476,Neural,extended
1.44123,14,0.0,0.0,0.0,0.0,0.0,0.0,0.0,0.0,0.0,0.0,0.0,-2.48901,0.00674,0.13537,Neural,seated
1.54111,15,0.0,0.0,0.0,0.0,0.0,0.0,0.0,0.0,0.0,0.0,-0.175781,-1.76005,0.0188,0.1476,Neural,extended
1.63411,16,0.0,0.0,0.0,0.0,0.0,0.0,0.0,0.0,0.0,0.0,-0.175781,0.0,0.0188,0.1476,Neural,extended
1.79252,17,0.0,0.0,0.0,0.0,0.0,0.0,0.0,0.0,0.0,0.0,0.0,1.10967,0.0188,0.1476,Neural,extended
1.91399,18,0.0,0.0,0.0,0.0,0.0,0.0,0.0,0.0,0.0,0.0,0.0,0.0,0.00674,0.13537,Neural,seated
2.01338,19,0.0,0.0,0.0,0.0,0.0,0.0,0.0,0.0,0.0,0.0,0.0,0.0,0.00674,0.13537,Neural,seated
2.10874,20,0.0,0.0,0.0,0.0,0.0,0.0,0.0,0.0,0.0,0.0,0.0,0.0,0.00674,0.13537,Neural,seated
2.20886,21,0.0,0.0,0.0,0.0,0.0,0.0,0.0,0.0,0.0,0.0,0.0,0.0,0.00674,0.13537,Neural,seated
2.30699,22,0.0,0.0,0.0,0.0,0.0,0.0,0.0,0.0,0.0,0.0,0.0,0.0,0.00674,0.13537,Neural,seated
2.40686,23,0.0,0.0,0.0,0.0,0.0,0.0,0.0,0.0,0.0,0.0,0.175781,1.76008,0.00674,0.13537,Neural,seated
2.50011,24,0.0,0.0,0.0,0.0,0.0,0.0,0.0,0.0,0.0,0.0,0.351562,1.88509,0.00674,0.13537,Neural,seated
2.59711,25,0.0,0.0,0.0,0.0,0.0,0.0,0.0,0.0,0.0,0.0,0.175781,-1.81214,0.00674,0.13537,Neural,seated
2.69801,26,0.0,0.0,0.0,0.0,0.0,0.0,0.0,0.0,0.0,0.0,0.175781,0.0,0.0188,0.1476,Neural,extended
2.79386,27,0.0,0.0,0.0,0.0,0.0,0.0,0.0,0.0,0.0,0.0,0.175781,0.0,0.0188,0.1476,Neural,extended
2.89098,28,0.0,0.0,0.0,0.0,0.0,0.0,0.0,0.0,0.0,0.0,0.0,-1.80994,0.0188,0.1476,Neural,extended
2.99011,29,0.0,0.0,0.0,0.0,0.0,0.0,0.0,0.0,0.0,0.0,0.351562,3.54641,0.0188,0.1476,Neural,extended
3.14086,30,0.0,0.0,0.0,0.0,0.0,0.0,0.0,0.0,0.0,0.0,0.527344,1.16605,0.00674,0.13537,Neural,seated
3.23511,31,0.0,0.0,0.0,0.0,0.0,0.0,0.0,0.0,0.0,0.0,0.175781,-3.73018,0.00674,0.13537,Neural,seated
3.33298,32,0.0,0.0,0.0,0.0,0.0,0.0,0.0,0.0,0.0,0.0,0.351562,1.79605,0.0188,0.1476,Neural,extended
3.43724,33,0.0,0.0,0.0,0.0,0.0,0.0,0.0,0.0,0.0,0.0,0.527344,1.68607,0.00674,0.13537,Neural,seated
3.53524,34,0.0,0.0,0.0,0.0,0.0,0.0,0.0,0.0,0.0,0.0,0.175781,-3.58745,0.00674,0.13537,Neural,seated
3.63337,35,0.0,0.0,0.0,0.0,0.0,0.0,0.0,0.0,0.0,0.0,0.175781,0.0,0.0188,0.1476,Neural,extended
3.72488,36,0.0,0.0,0.0,0.0,0.0,0.0,0.0,0.0,0.0,0.0,0.175781,0.0,0.0188,0.1476,Neural,extended
3.82253,37,0.0,0.0,0.0,0.0,0.0,0.0,0.0,0.0,0.0,0.0,0.0,-1.80017,0.0188,0.1476,Neural,extended
3.91258,38,0.0,0.0,0.0,0.0,0.0,0.0,0.0,0.0,0.0,0.0,0.351562,3.90369,0.0188,0.1476,Neural,extended
4.045,39,0.0,0.0,0.0,0.0,0.0,0.0,0.0,0.0,0.0,0.0,0.351562,0.0,0.00674,0.13537,Neural,seated
4.14958,40,0.0,0.0,0.0,0.0,0.0,0.0,0.0,0.0,0.0,0.0,0.0,-3.36138,0.00674,0.13537,Neural,seated
4.24399,41,0.0,0.0,0.0,0.0,0.0,0.0,0.0,0.0,0.0,0.0,0.0,0.0,0.0188,0.1476,Neural,extended
4.33774,42,0.0,0.0,0.0,0.0,0.0,0.0,0.0,0.0,0.0,0.0,0.175781,1.87499,0.0188,0.1476,Neural,extended
4.43773,43,0.0,0.0,0.0,0.0,0.0,0.0,0.0,0.0,0.0,0.0,-0.175781,-3.5158,0.00674,0.13537,Neural,seated
4.53685,44,0.0,0.0,0.0,0.0,0.0,0.0,0.0,0.0,0.0,0.0,0.175781,3.54676,0.0188,0.1476,Neural,extended
4.63349,45,0.0,0.0,0.0,0.0,0.0,0.0,0.0,0.0,0.0,0.0,0.0,-1.81902,0.00674,0.13537,Neural,seated
4.75576,46,0.0,0.0,0.0,0.0,0.0,0.0,0.0,0.0,0.0,0.0,-0.175781,-1.43768,0.0188,0.1476,Neural,extended
4.85599,47,0.0,0.0,0.0,0.0,0.0,0.0,0.0,0.0,0.0,0.0,0.175781,3.50742,0.0188,0.1476,Neural,extended
4.98174,48,0.0,0.0,0.0,0.0,0.0,0.0,0.0,0.0,0.0,0.0,-0.175781,-2.79561,0.00674,0.13537,Neural,seated
5.07749,49,0.0,0.0,0.0,0.0,0.0,0.0,0.0,0.0,0.0,0.0,0.0,1.83595,0.0188,0.1476,Neural,extended
5.17559,50,0.0,0.0,0.0,0.0,0.0,0.0,0.0,0.0,0.0,0.0,0.0,0.0,0.00674,0.13537,Neural,seated
5.26958,51,0.0,0.0,0.0,0.0,0.0,0.0,0.0,0.0,0.0,0.0,0.0,0.0,0.00674,0.13537,Neural,seated
5.36274,52,0.0,0.0,0.0,0.0,0.0,0.0,0.0,0.0,0.0,0.0,0.175781,1.88697,0.00674,0.13537,Neural,seated
5.46458,53,0.0,0.0,0.0,0.0,0.0,0.0,0.0,0.0,0.0,0.0,0.175781,0.0,0.00674,0.13537,Neural,seated
5.5645,54,0.0,0.0,0.0,0.0,0.0,0.0,0.0,0.0,0.0,0.0,0.175781,0.0,0.00674,0.13537,Neural,seated
5.67901,55,0.0,0.0,0.0,0.0,0.0,0.0,0.0,0.0,0.0,0.0,0.175781,0.0,0.00674,0.13537,Neural,seated
5.77486,56,0.0,0.0,0.0,0.0,0.0,0.0,0.0,0.0,0.0,0.0,0.351562,1.83386,0.0188,0.1476,Neural,extended
5.87951,57,0.0,0.0,0.0,0.0,0.0,0.0,0.0,0.0,0.0,0.0,0.351562,0.0,0.00674,0.13537,Neural,seated
