0.000349998,0,0.0,0.0,0.0,0.0,0.0,0.0,0.0,0.0,0.0,0.0,0.0,0.0,0.00674,0.13537,None,seated
0.050432,1,0.0,0.0,0.0,0.0,0.0,0.0,0.0,0.0,0.0,0.0,0.0,0.0,0.00674,0.13537,Nothing,seated
0.100515,2,0.0,0.0,0.0,0.0,0.0,0.0,0.0,0.0,0.0,0.0,0.0,0.0,0.00674,0.13537,Nothing,seated
0.150598,3,0.0,0.0,0.0,0.0,0.0,0.0,0.0,0.0,0.0,0.0,0.0,0.0,0.00674,0.13537,Nothing,seated
0.200679,4,0.0,0.0,0.0,0.0,0.0,0.0,0.0,0.0,0.0,0.0,0.0,0.0,0.00674,0.13537,Nothing,seated
0.250765,5,0.0,0.0,0.0,0.0,0.0,0.0,0.0,0.0,0.0,0.0,0.0,0.0,0.00674,0.13537,Nothing,seated
0.300847,6,0.0,0.0,0.0,0.0,0.0,0.0,0.0,0.0,0.0,0.0,0.0,0.0,0.00674,0.13537,Nothing,seated
0.350929,7,0.0,0.0,0.0,0.0,0.0,0.0,0.0,0.0,0.0,0.0,0.0,0.0,0.00674,0.13537,Nothing,seated
0.401017,8,0.0,0.0,0.0,0.0,0.0,0.0,0.0,0.0,0.0,0.0,0.0,0.0,0.00674,0.13537,Nothing,seated
0.451103,9,0.0,0.0,0.0,0.0,0.0,0.0,0.0,0.0,0.0,0.0,0.0,0.0,0.00674,0.13537,Nothing,seated
0.501187,10,0.0,0.0,0.0,0.0,0.0,0.0,0.0,0.0,0.0,0.0,0.0,0.0,0.00674,0.13537,Nothing,seated
0.551269,11,0.0,0.0,0.0,0.0,0.0,0.0,0.0,0.0,0.0,0.0,0.0,0.0,0.00674,0.13537,Nothing,seated
0.601343,12,0.0,0.0,0.0,0.0,0.0,0.0,0.0,0.0,0.0,0.0,0.0,0.0,0.00674,0.13537,Nothing,seated
0.651421,13,0.0,0.0,0.0,0.0,0.0,0.0,0.0,0.0,0.0,0.0,0.0,0.0,0.00674,0.13537,Nothing,seated
0.701502,14,0.0,0.0,0.0,0.0,0.0,0.0,0.0,0.0,0.0,0.0,-0.175781,-3.50994,0.00674,0.13537,Nothing,seated
0.751584,15,0.0,0.0,0.0,0.0,0.0,0.0,0.0,0.0,0.0,0.0,-0.175781,0.0,0.00674,0.13537,Nothing,seated
0.801666,16,0.0,0.0,0.0,0.0,0.0,0.0,0.0,0.0,0.0,0.0,-0.175781,0.0,0.00674,0.13537,Nothing,seated
0.851756,17,0.0,0.0,0.0,0.0,0.0,0.0,0.0,0.0,0.0,0.0,-0.351562,-3.50932,0.00674,0.13537,Nothing,seated
0.901837,18,0.0,0.0,0.0,0.0,0.0,0.0,0.0,0.0,0.0,0.0,-0.351562,0.0,0.00674,0.13537,Nothing,seated
0.951923,19,0.0,0.0,0.0,0.0,0.0,0.0,0.0,0.0,0.0,0.0,-0.527344,-3.50959,0.00674,0.13537,Nothing,seated
1.002,20,0.0,0.0,0.0,0.0,0.0,0.0,0.0,0.0,0.0,0.0,-0.878906,-7.01974,0.00674,0.13537,Nothing,seated
1.05209,21,0.0,0.0,0.0,0.0,0.0,0.0,0.0,0.0,0.0,0.0,-1.05469,-3.50987,0.00674,0.13537,Nothing,seated
1.10217,22,0.0,0.0,0.0,0.0,0.0,0.0,0.0,0.0,0.0,0.0,-1.40625,-7.02001,0.00674,0.13537,Nothing,seated
1.15225,23,0.0,0.0,0.0,0.0,0.0,0.0,0.0,0.0,0.0,0.0,-1.93359,-10.5296,0.00674,0.13537,Nothing,seated
1.20233,24,0.0,0.0,0.0,0.0,0.0,0.0,0.0,0.0,0.0,0.0,-2.46094,-10.5294,0.00674,0.13537,Nothing,seated
1.25241,25,0.0,0.0,0.0,0.0,0.0,0.0,0.0,0.0,0.0,0.0,-2.8125,-7.02004,0.00674,0.13537,Nothing,seated
1.30249,26,0.0,0.0,0.0,0.0,0.0,0.0,0.0,0.0,0.0,0.0,-2.98828,-3.50985,0.00674,0.13537,Nothing,seated
1.35257,27,0.0,0.0,0.0,0.0,0.0,0.0,0.0,0.0,0.0,0.0,-3.33984,-7.01991,0.00674,0.13537,Nothing,seated
1.40266,28,0.0,0.0,0.0,0.0,0.0,0.0,0.0,0.0,0.0,0.0,-3.51562,-3.50985,0.00674,0.13537,Nothing,seated
1.45274,29,0.0,0.0,0.0,0.0,0.0,0.0,0.0,0.0,0.0,0.0,-3.86719,-7.01934,0.00674,0.13537,Nothing,seated
1.50282,30,0.0,0.0,0.0,0.0,0.0,0.0,0.0,0.0,0.0,0.0,-4.04297,-3.50987,0.00674,0.13537,Nothing,seated
1.55291,31,0.0,0.0,0.0,0.0,0.0,0.0,0.0,0.0,0.0,0.0,-4.39453,-7.01971,0.00674,0.13537,Nothing,seated
1.60298,32,0.0,0.0,0.0,0.0,0.0,0.0,0.0,0.0,0.0,0.0,-4.39453,0.0,0.00674,0.13537,Nothing,seated
1.65307,33,0.0,0.0,0.0,0.0,0.0,0.0,0.0,0.0,0.0,0.0,-4.39453,0.0,0.00674,0.13537,Nothing,seated
1.70315,34,0.0,0.0,0.0,0.0,0.0,0.0,0.0,0.0,0.0,0.0,-4.21875,3.51007,0.00674,0.13537,Nothing,seated
1.75322,35,0.0,0.0,0.0,0.0,0.0,0.0,0.0,0.0,0.0,0.0,-4.04297,3.51002,0.00674,0.13537,Nothing,seated
1.80331,36,0.0,0.0,0.0,0.0,0.0,0.0,0.0,0.0,0.0,0.0,-3.86719,3.5093,0.00674,0.13537,Nothing,seated
1.8534,37,0.0,0.0,0.0,0.0,0.0,0.0,0.0,0.0,0.0,0.0,-3.51562,7.01944,0.00674,0.13537,Nothing,seated
1.90348,38,0.0,0.0,0.0,0.0,0.0,0.0,0.0,0.0,0.0,0.0,-3.16406,7.01988,0.00674,0.13537,Nothing,seated
1.95356,39,0.0,0.0,0.0,0.0,0.0,0.0,0.0,0.0,0.0,0.0,-2.98828,3.50987,0.00674,0.13537,Nothing,seated
2.00364,40,0.0,0.0,0.0,0.0,0.0,0.0,0.0,0.0,0.0,0.0,-2.46094,10.5298,0.00674,0.13537,Nothing,seated
2.05372,41,0.0,0.0,0.0,0.0,0.0,0.0,0.0,0.0,0.0,0.0,-2.10938,7.01988,0.00674,0.13537,Nothing,seated
2.10381,42,0.0,0.0,0.0,0.0,0.0,0.0,0.0,0.0,0.0,0.0,-1.58203,10.5294,0.00674,0.13537,Nothing,seated
2.15389,43,0.0,0.0,0.0,0.0,0.0,0.0,0.0,0.0,0.0,0.0,-1.05469,10.5296,0.00674,0.13537,Nothing,seated
2.20398,44,0.0,0.0,0.0,0.0,0.0,0.0,0.0,0.0,0.0,0.0,-0.527344,10.5286,0.00674,0.13537,Nothing,seated
2.25406,45,0.0,0.0,0.0,0.0,0.0,0.0,0.0,0.0,0.0,0.0,0.0,10.5298,0.00674,0.13537,Nothing,seated
2.30414,46,0.0,0.0,0.0,0.0,0.0,0.0,0.0,0.0,0.0,0.0,0.527344,10.5292,0.00674,0.13537,Nothing,seated
2.35422,47,0.0,0.0,0.0,0.0,0.0,0.0,0.0,0.0,0.0,0.0,1.05469,10.5296,0.00674,0.13537,Nothing,seated
2.40431,48,0.0,0.0,0.0,0.0,0.0,0.0,0.0,0.0,0.0,0.0,1.40625,7.01847,0.00674,0.13537,Nothing,seated
2.4544,49,0.0,0.0,0.0,0.0,0.0,0.0,0.0,0.0,0.0,0.0,1.93359,10.5294,0.00674,0.13537,Nothing,seated
2.50447,50,0.0,0.0,0.0,0.0,0.0,0.0,0.0,0.0,0.0,0.0,2.46094,10.5305,0.00674,0.13537,Nothing,seated
2.55456,51,0.0,0.0,0.0,0.0,0.0,0.0,0.0,0.0,0.0,0.0,2.8125,7.01974,0.00674,0.13537,Nothing,seated
2.60465,52,0.0,0.0,0.0,0.0,0.0,0.0,0.0,0.0,0.0,0.0,3.16406,7.01874,0.00674,0.13537,Nothing,seated
2.65473,53,0.0,0.0,0.0,0.0,0.0,0.0,0.0,0.0,0.0,0.0,3.51562,7.01947,0.00674,0.13537,Nothing,seated
2.70481,54,0.0,0.0,0.0,0.0,0.0,0.0,0.0,0.0,0.0,0.0,3.69141,3.50979,0.00674,0.13537,Nothing,seated
2.7549,55,0.0,0.0,0.0,0.0,0.0,0.0,0.0,0.0,0.0,0.0,3.86719,3.50974,0.00674,0.13537,Nothing,seated
2.80498,56,0.0,0.0,0.0,0.0,0.0,0.0,0.0,0.0,0.0,0.0,4.04297,3.50987,0.00674,0.13537,Nothing,seated
2.85506,57,0.0,0.0,0.0,0.0,0.0,0.0,0.0,0.0,0.0,0.0,4.04297,0.0,0.00674,0.13537,Nothing,seated
2.90514,58,0.0,0.0,0.0,0.0,0.0,0.0,0.0,0.0,0.0,0.0,4.21875,3.5098,0.00674,0.13537,Nothing,seated
2.95523,59,0.0,0.0,0.0,0.0,0.0,0.0,0.0,0.0,0.0,0.0,4.04297,-3.5098,0.00674,0.13537,Nothing,seated
3.00532,60,0.0,0.0,0.0,0.0,0.0,0.0,0.0,0.0,0.0,0.0,4.04297,0.0,0.00674,0.13537,Nothing,seated
3.05539,61,0.0,0.0,0.0,0.0,0.0,0.0,0.0,0.0,0.0,0.0,3.86719,-3.51009,0.00674,0.13537,Nothing,seated
3.10548,62,0.0,0.0,0.0,0.0,0.0,0.0,0.0,0.0,0.0,0.0,3.51562,-7.01974,0.00674,0.13537,Nothing,seated
3.15556,63,0.0,0.0,0.0,0.0,0.0,0.0,0.0,0.0,0.0,0.0,3.16406,-7.01988,0.00674,0.13537,Nothing,seated
3.20564,64,0.0,0.0,0.0,0.0,0.0,0.0,0.0,0.0,0.0,0.0,2.8125,-7.01988,0.00674,0.13537,Nothing,seated
3.25572,65,0.0,0.0,0.0,0.0,0.0,0.0,0.0,0.0,0.0,0.0,2.46094,-7.02014,0.00674,0.13537,Nothing,seated
3.30581,66,0.0,0.0,0.0,0.0,0.0,0.0,0.0,0.0,0.0,0.0,2.10938,-7.01891,0.00674,0.13537,Nothing,seated
3.35589,67,0.0,0.0,0.0,0.0,0.0,0.0,0.0,0.0,0.0,0.0,1.58203,-10.5298,0.00674,0.13537,Nothing,seated
3.40597,68,0.0,0.0,0.0,0.0,0.0,0.0,0.0,0.0,0.0,0.0,1.05469,-10.5294,0.00674,0.13537,Nothing,seated
3.45605,69,0.0,0.0,0.0,0.0,0.0,0.0,0.0,0.0,0.0,0.0,0.527344,-10.529,0.00674,0.13537,Nothing,seated
3.50614,70,0.0,0.0,0.0,0.0,0.0,0.0,0.0,0.0,0.0,0.0,0.0,-10.5294,0.00674,0.13537,Nothing,seated
3.55622,71,0.0,0.0,0.0,0.0,0.0,0.0,0.0,0.0,0.0,0.0,-0.527344,-10.5292,0.00674,0.13537,Nothing,seated
3.60632,72,0.0,0.0,0.0,0.0,0.0,0.0,0.0,0.0,0.0,0.0,-1.05469,-10.5267,0.00674,0.13537,Nothing,seated
3.65639,73,0.0,0.0,0.0,0.0,0.0,0.0,0.0,0.0,0.0,0.0,-1.40625,-7.02044,0.00674,0.13537,Nothing,seated
3.70647,74,0.0,0.0,0.0,0.0,0.0,0.0,0.0,0.0,0.0,0.0,-1.93359,-10.5307,0.00674,0.13537,Nothing,seated
3.75655,75,0.0,0.0,0.0,0.0,0.0,0.0,0.0,0.0,0.0,0.0,-2.46094,-10.5294,0.00674,0.13537,Nothing,seated
3.80663,76,0.0,0.0,0.0,0.0,0.0,0.0,0.0,0.0,0.0,0.0,-2.8125,-7.02001,0.00674,0.13537,Nothing,seated
3.85671,77,0.0,0.0,0.0,0.0,0.0,0.0,0.0,0.0,0.0,0.0,-3.16406,-7.02014,0.00674,0.13537,Nothing,seated
3.90679,78,0.0,0.0,0.0,0.0,0.0,0.0,0.0,0.0,0.0,0.0,-3.51562,-7.02044,0.00674,0.13537,Nothing,seated
3.95687,79,0.0,0.0,0.0,0.0,0.0,0.0,0.0,0.0,0.0,0.0,-3.69141,-3.50987,0.00674,0.13537,Nothing,seated
4.00696,80,0.0,0.0,0.0,0.0,0.0,0.0,0.0,0.0,0.0,0.0,-3.86719,-3.50987,0.00674,0.13537,Nothing,seated
4.05704,81,0.0,0.0,0.0,0.0,0.0,0.0,0.0,0.0,0.0,0.0,-4.04297,-3.50974,0.00674,0.13537,Nothing,seated
4.10712,82,0.0,0.0,0.0,0.0,0.0,0.0,0.0,0.0,0.0,0.0,-4.21875,-3.50975,0.00674,0.13537,Nothing,seated
4.1572,83,0.0,0.0,0.0,0.0,0.0,0.0,0.0,0.0,0.0,0.0,-4.21875,0.0,0.00674,0.13537,Nothing,seated
4.20728,84,0.0,0.0,0.0,0.0,0.0,0.0,0.0,0.0,0.0,0.0,-4.21875,0.0,0.00674,0.13537,Nothing,seated
4.25736,85,0.0,0.0,0.0,0.0,0.0,0.0,0.0,0.0,0.0,0.0,-4.04297,3.50972,0.00674,0.13537,Nothing,seated
4.30744,86,0.0,0.0,0.0,0.0,0.0,0.0,0.0,0.0,0.0,0.0,-3.86719,3.51,0.00674,0.13537,Nothing,seated
4.35752,87,0.0,0.0,0.0,0.0,0.0,0.0,0.0,0.0,0.0,0.0,-3.69141,3.50985,0.00674,0.13537,Nothing,seated
4.4076,88,0.0,0.0,0.0,0.0,0.0,0.0,0.0,0.0,0.0,0.0,-3.51562,3.51,0.00674,0.13537,Nothing,seated
4.45768,89,0.0,0.0,0.0,0.0,0.0,0.0,0.0,0.0,0.0,0.0,-3.16406,7.01991,0.00674,0.13537,Nothing,seated
4.50776,90,0.0,0.0,0.0,0.0,0.0,0.0,0.0,0.0,0.0,0.0,-2.8125,7.01988,0.00674,0.13537,Nothing,seated
4.55785,91,0.0,0.0,0.0,0.0,0.0,0.0,0.0,0.0,0.0,0.0,-2.46094,7.01917,0.00674,0.13537,Nothing,seated
4.60794,92,0.0,0.0,0.0,0.0,0.0,0.0,0.0,0.0,0.0,0.0,-1.93359,10.529,0.00674,0.13537,Nothing,seated
4.65801,93,0.0,0.0,0.0,0.0,0.0,0.0,0.0,0.0,0.0,0.0,-1.40625,10.5305,0.00674,0.13537,Nothing,seated
4.7081,94,0.0,0.0,0.0,0.0,0.0,0.0,0.0,0.0,0.0,0.0,-0.878906,10.5296,0.00674,0.13537,Nothing,seated
4.75818,95,0.0,0.0,0.0,0.0,0.0,0.0,0.0,0.0,0.0,0.0,-0.351562,10.5296,0.00674,0.13537,Nothing,seated
4.80826,96,0.0,0.0,0.0,0.0,0.0,0.0,0.0,0.0,0.0,0.0,0.175781,10.5292,0.00674,0.13537,Nothing,seated
4.85833,97,0.0,0.0,0.0,0.0,0.0,0.0,0.0,0.0,0.0,0.0,0.703125,10.5317,0.00674,0.13537,Nothing,seated
4.90841,98,0.0,0.0,0.0,0.0,0.0,0.0,0.0,0.0,0.0,0.0,1.05469,7.02011,0.00674,0.13537,Nothing,seated
4.95849,99,0.0,0.0,0.0,0.0,0.0,0.0,0.0,0.0,0.0,0.0,1.58203,10.53,0.00674,0.13537,Nothing,seated
5.00857,100,0.0,0.0,0.0,0.0,0.0,0.0,0.0,0.0,0.0,0.0,2.10938,10.5299,0.00674,0.13537,Nothing,seated
5.05865,101,0.0,0.0,0.0,0.0,0.0,0.0,0.0,0.0,0.0,0.0,2.46094,7.01988,0.00674,0.13537,Nothing,seated
5.10874,102,0.0,0.0,0.0,0.0,0.0,0.0,0.0,0.0,0.0,0.0,2.8125,7.01984,0.00674,0.13537,Nothing,seated
5.15882,103,0.0,0.0,0.0,0.0,0.0,0.0,0.0,0.0,0.0,0.0,3.16406,7.01934,0.00674,0.13537,Nothing,seated
5.2089,104,0.0,0.0,0.0,0.0,0.0,0.0,0.0,0.0,0.0,0.0,3.51562,7.01978,0.00674,0.13537,Nothing,seated
5.25898,105,0.0,0.0,0.0,0.0,0.0,0.0,0.0,0.0,0.0,0.0,3.69141,3.51021,0.00674,0.13537,Nothing,seated
5.30906,106,0.0,0.0,0.0,0.0,0.0,0.0,0.0,0.0,0.0,0.0,3.86719,3.50965,0.00674,0.13537,Nothing,seated
5.35915,107,0.0,0.0,0.0,0.0,0.0,0.0,0.0,0.0,0.0,0.0,4.04297,3.51,0.00674,0.13537,Nothing,seated
5.40923,108,0.0,0.0,0.0,0.0,0.0,0.0,0.0,0.0,0.0,0.0,4.04297,0.0,0.00674,0.13537,Nothing,seated
5.45932,109,0.0,0.0,0.0,0.0,0.0,0.0,0.0,0.0,0.0,0.0,4.04297,0.0,0.00674,0.13537,Nothing,seated
5.5094,110,0.0,0.0,0.0,0.0,0.0,0.0,0.0,0.0,0.0,0.0,4.04297,0.0,0.00674,0.13537,Nothing,seated
5.55948,111,0.0,0.0,0.0,0.0,0.0,0.0,0.0,0.0,0.0,0.0,3.86719,-3.50989,0.00674,0.13537,Nothing,seated
5.60956,112,0.0,0.0,0.0,0.0,0.0,0.0,0.0,0.0,0.0,0.0,3.69141,-3.51016,0.00674,0.13537,Nothing,seated
5.65964,113,0.0,0.0,0.0,0.0,0.0,0.0,0.0,0.0,0.0,0.0,3.33984,-7.01988,0.00674,0.13537,Nothing,seated
5.70972,114,0.0,0.0,0.0,0.0,0.0,0.0,0.0,0.0,0.0,0.0,3.16406,-3.50995,0.00674,0.13537,Nothing,seated
5.75981,115,0.0,0.0,0.0,0.0,0.0,0.0,0.0,0.0,0.0,0.0,2.8125,-7.01974,0.00674,0.13537,Nothing,seated
5.80989,116,0.0,0.0,0.0,0.0,0.0,0.0,0.0,0.0,0.0,0.0,2.28516,-10.5293,0.00674,0.13537,Nothing,seated
5.85997,117,0.0,0.0,0.0,0.0,0.0,0.0,0.0,0.0,0.0,0.0,1.93359,-7.01944,0.00674,0.13537,Nothing,seated
5.91006,118,0.0,0.0,0.0,0.0,0.0,0.0,0.0,0.0,0.0,0.0,1.40625,-10.5296,0.00674,0.13537,Nothing,seated
5.96014,119,0.0,0.0,0.0,0.0,0.0,0.0,0.0,0.0,0.0,0.0,0.878906,-10.5286,0.00674,0.13537,Nothing,seated
6.01022,120,0.0,0.0,0.0,0.0,0.0,0.0,0.0,0.0,0.0,0.0,0.351562,-10.5305,0.00674,0.13537,Nothing,seated
6.06031,121,0.0,0.0,0.0,0.0,0.0,0.0,0.0,0.0,0.0,0.0,0.0,-7.01847,0.00674,0.13537,Nothing,seated
6.11039,122,0.0,0.0,0.0,0.0,0.0,0.0,0.0,0.0,0.0,0.0,-0.527344,-10.5301,0.00674,0.13537,Nothing,seated
6.16047,123,0.0,0.0,0.0,0.0,0.0,0.0,0.0,0.0,0.0,0.0,-1.05469,-10.5302,0.00674,0.13537,Nothing,seated
6.21056,124,0.0,0.0,0.0,0.0,0.0,0.0,0.0,0.0,0.0,0.0,-1.58203,-10.529,0.00674,0.13537,Nothing,seated
6.26064,125,0.0,0.0,0.0,0.0,0.0,0.0,0.0,0.0,0.0,0.0,-1.93359,-7.02004,0.00674,0.13537,Nothing,seated
6.31072,126,0.0,0.0,0.0,0.0,0.0,0.0,0.0,0.0,0.0,0.0,-2.46094,-10.5286,0.00674,0.13537,Nothing,seated
6.3608,127,0.0,0.0,0.0,0.0,0.0,0.0,0.0,0.0,0.0,0.0,-2.8125,-7.01988,0.00674,0.13537,Nothing,seated
6.41088,128,0.0,0.0,0.0,0.0,0.0,0.0,0.0,0.0,0.0,0.0,-3.16406,-7.01984,0.00674,0.13537,Nothing,seated
6.46097,129,0.0,0.0,0.0,0.0,0.0,0.0,0.0,0.0,0.0,0.0,-3.51562,-7.01958,0.00674,0.13537,Nothing,seated
6.51105,130,0.0,0.0,0.0,0.0,0.0,0.0,0.0,0.0,0.0,0.0,-3.69141,-3.5098,0.00674,0.13537,Nothing,seated
6.56113,131,0.0,0.0,0.0,0.0,0.0,0.0,0.0,0.0,0.0,0.0,-3.86719,-3.51017,0.00674,0.13537,Nothing,seated
6.61121,132,0.0,0.0,0.0,0.0,0.0,0.0,0.0,0.0,0.0,0.0,-4.04297,-3.50992,0.00674,0.13537,Nothing,seated
6.66129,133,0.0,0.0,0.0,0.0,0.0,0.0,0.0,0.0,0.0,0.0,-4.04297,0.0,0.00674,0.13537,Nothing,seated
6.71134,134,0.0,0.0,0.0,0.0,0.0,0.0,0.0,0.0,0.0,0.0,-4.21875,-3.5124,0.00674,0.13537,Nothing,seated
6.76142,135,0.0,0.0,0.0,0.0,0.0,0.0,0.0,0.0,0.0,0.0,-4.04297,3.50995,0.00674,0.13537,Nothing,seated
6.8115,136,0.0,0.0,0.0,0.0,0.0,0.0,0.0,0.0,0.0,0.0,-4.04297,0.0,0.00674,0.13537,Nothing,seated
6.86158,137,0.0,0.0,0.0,0.0,0.0,0.0,0.0,0.0,0.0,0.0,-3.86719,3.5097,0.00674,0.13537,Nothing,seated
6.91167,138,0.0,0.0,0.0,0.0,0.0,0.0,0.0,0.0,0.0,0.0,-3.51562,7.01887,0.00674,0.13537,Nothing,seated
6.96176,139,0.0,0.0,0.0,0.0,0.0,0.0,0.0,0.0,0.0,0.0,-3.33984,3.50944,0.00674,0.13537,Nothing,seated
7.01184,140,0.0,0.0,0.0,0.0,0.0,0.0,0.0,0.0,0.0,0.0,-2.98828,7.01954,0.00674,0.13537,Nothing,seated
7.06193,141,0.0,0.0,0.0,0.0,0.0,0.0,0.0,0.0,0.0,0.0,-2.63672,7.01931,0.00674,0.13537,Nothing,seated
7.11201,142,0.0,0.0,0.0,0.0,0.0,0.0,0.0,0.0,0.0,0.0,-2.10938,10.5296,0.00674,0.13537,Nothing,seated
7.16209,143,0.0,0.0,0.0,0.0,0.0,0.0,0.0,0.0,0.0,0.0,-1.75781,7.01961,0.00674,0.13537,Nothing,seated
7.21217,144,0.0,0.0,0.0,0.0,0.0,0.0,0.0,0.0,0.0,0.0,-1.23047,10.5301,0.00674,0.13537,Nothing,seated
7.26225,145,0.0,0.0,0.0,0.0,0.0,0.0,0.0,0.0,0.0,0.0,-0.703125,10.5294,0.00674,0.13537,Nothing,seated
7.31234,146,0.0,0.0,0.0,0.0,0.0,0.0,0.0,0.0,0.0,0.0,-0.351562,7.01971,0.00674,0.13537,Nothing,seated
7.36241,147,0.0,0.0,0.0,0.0,0.0,0.0,0.0,0.0,0.0,0.0,0.175781,10.5311,0.00674,0.13537,Nothing,seated
7.41249,148,0.0,0.0,0.0,0.0,0.0,0.0,0.0,0.0,0.0,0.0,0.703125,10.53,0.00674,0.13537,Nothing,seated
7.46258,149,0.0,0.0,0.0,0.0,0.0,0.0,0.0,0.0,0.0,0.0,1.23047,10.529,0.00674,0.13537,Nothing,seated
7.51266,150,0.0,0.0,0.0,0.0,0.0,0.0,0.0,0.0,0.0,0.0,1.75781,10.5296,0.00674,0.13537,Nothing,seated
7.56274,151,0.0,0.0,0.0,0.0,0.0,0.0,0.0,0.0,0.0,0.0,2.10938,7.02031,0.00674,0.13537,Nothing,seated
7.61282,152,0.0,0.0,0.0,0.0,0.0,0.0,0.0,0.0,0.0,0.0,2.46094,7.01974,0.00674,0.13537,Nothing,seated
7.6629,153,0.0,0.0,0.0,0.0,0.0,0.0,0.0,0.0,0.0,0.0,2.8125,7.02028,0.00674,0.13537,Nothing,seated
7.71298,154,0.0,0.0,0.0,0.0,0.0,0.0,0.0,0.0,0.0,0.0,3.16406,7.01921,0.00674,0.13537,Nothing,seated
7.76306,155,0.0,0.0,0.0,0.0,0.0,0.0,0.0,0.0,0.0,0.0,3.51562,7.01978,0.00674,0.13537,Nothing,seated
7.81315,156,0.0,0.0,0.0,0.0,0.0,0.0,0.0,0.0,0.0,0.0,3.69141,3.50994,0.00674,0.13537,Nothing,seated
7.86323,157,0.0,0.0,0.0,0.0,0.0,0.0,0.0,0.0,0.0,0.0,3.86719,3.50957,0.00674,0.13537,Nothing,seated
7.91332,158,0.0,0.0,0.0,0.0,0.0,0.0,0.0,0.0,0.0,0.0,3.86719,0.0,0.00674,0.13537,Nothing,seated
7.9634,159,0.0,0.0,0.0,0.0,0.0,0.0,0.0,0.0,0.0,0.0,4.04297,3.51014,0.00674,0.13537,Nothing,seated
8.01348,160,0.0,0.0,0.0,0.0,0.0,0.0,0.0,0.0,0.0,0.0,3.86719,-3.51009,0.00674,0.13537,Nothing,seated
8.06356,161,0.0,0.0,0.0,0.0,0.0,0.0,0.0,0.0,0.0,0.0,3.86719,0.0,0.00674,0.13537,Nothing,seated
8.11365,162,0.0,0.0,0.0,0.0,0.0,0.0,0.0,0.0,0.0,0.0,3.69141,-3.50975,0.00674,0.13537,StoppingVariableSpeed,seated
8.16372,163,0.0,0.0,0.0,0.0,0.0,0.0,0.0,0.0,0.0,0.0,3.51562,-3.51069,0.00674,0.13537,StoppingVariableSpeed,seated
8.21379,164,0.0,0.0,0.0,0.0,0.0,0.0,0.0,0.0,0.0,0.0,3.16406,-7.02148,0.00674,0.13537,StoppingVariableSpeed,seated
8.26385,165,0.0,0.0,0.0,0.0,0.0,0.0,0.0,0.0,0.0,0.0,2.98828,-3.51072,0.00674,0.13537,StoppingVariableSpeed,seated
8.31393,166,0.0,0.0,0.0,0.0,0.0,0.0,0.0,0.0,0.0,0.0,2.63672,-7.02058,0.00674,0.13537,StoppingVariableSpeed,seated
8.364,167,0.0,0.0,0.0,0.0,0.0,0.0,0.0,0.0,0.0,0.0,2.28516,-7.02191,0.00674,0.13537,StoppingVariableSpeed,seated
8.41406,168,0.0,0.0,0.0,0.0,0.0,0.0,0.0,0.0,0.0,0.0,1.75781,-10.5331,0.00674,0.13537,StoppingVariableSpeed,seated
8.46413,169,0.0,0.0,0.0,0.0,0.0,0.0,0.0,0.0,0.0,0.0,1.23047,-10.532,0.00674,0.13537,StoppingVariableSpeed,seated
8.5142,170,0.0,0.0,0.0,0.0,0.0,0.0,0.0,0.0,0.0,0.0,0.878906,-7.02131,0.00674,0.13537,StoppingVariableSpeed,seated
8.56427,171,0.0,0.0,0.0,0.0,0.0,0.0,0.0,0.0,0.0,0.0,0.351562,-10.5319,0.00674,0.13537,StoppingVariableSpeed,seated
8.61435,172,0.0,0.0,0.0,0.0,0.0,0.0,0.0,0.0,0.0,0.0,-0.175781,-10.5319,0.00674,0.13537,StoppingVariableSpeed,seated
8.66442,173,0.0,0.0,0.0,0.0,0.0,0.0,0.0,0.0,0.0,0.0,-0.703125,-10.5318,0.00674,0.13537,StoppingVariableSpeed,seated
8.71449,174,0.0,0.0,0.0,0.0,0.0,0.0,0.0,0.0,0.0,0.0,-1.23047,-10.5312,0.00674,0.13537,StoppingVariableSpeed,seated
8.76456,175,0.0,0.0,0.0,0.0,0.0,0.0,0.0,0.0,0.0,0.0,-1.58203,-7.02141,0.00674,0.13537,StoppingVariableSpeed,seated
8.81463,176,0.0,0.0,0.0,0.0,0.0,0.0,0.0,0.0,0.0,0.0,-2.10938,-10.5323,0.00674,0.13537,StoppingVariableSpeed,seated
8.8647,177,0.0,0.0,0.0,0.0,0.0,0.0,0.0,0.0,0.0,0.0,-2.46094,-7.02165,0.00674,0.13537,StoppingVariableSpeed,seated
8.91477,178,0.0,0.0,0.0,0.0,0.0,0.0,0.0,0.0,0.0,0.0,-2.8125,-7.02135,0.00674,0.13537,StoppingVariableSpeed,seated
8.96484,179,0.0,0.0,0.0,0.0,0.0,0.0,0.0,0.0,0.0,0.0,-3.16406,-7.02145,0.00674,0.13537,StoppingVariableSpeed,seated
9.01491,180,0.0,0.0,0.0,0.0,0.0,0.0,0.0,0.0,0.0,0.0,-3.51562,-7.02128,0.00674,0.13537,StoppingVariableSpeed,seated
9.06498,181,0.0,0.0,0.0,0.0,0.0,0.0,0.0,0.0,0.0,0.0,-3.69141,-3.51062,0.00674,0.13537,StoppingVariableSpeed,seated
9.11505,182,0.0,0.0,0.0,0.0,0.0,0.0,0.0,0.0,0.0,0.0,-3.86719,-3.51074,0.00674,0.13537,StoppingVariableSpeed,seated
9.16512,183,0.0,0.0,0.0,0.0,0.0,0.0,0.0,0.0,0.0,0.0,-4.04297,-3.51059,0.00674,0.13537,StoppingVariableSpeed,seated
9.21519,184,0.0,0.0,0.0,0.0,0.0,0.0,0.0,0.0,0.0,0.0,-4.04297,0.0,0.00674,0.13537,StoppingVariableSpeed,seated
9.45166,185,0.0,0.0,0.0,0.0,0.0,0.0,0.0,0.0,0.0,0.0,-3.51562,2.23003,0.00674,0.13537,StoppingVariableSpeed,seated
9.50174,186,0.0,0.0,0.0,0.0,0.0,0.0,0.0,0.0,0.0,0.0,-3.33984,3.51057,0.00674,0.13537,StoppingVariableSpeed,seated
9.55181,187,0.0,0.0,0.0,0.0,0.0,0.0,0.0,0.0,0.0,0.0,-2.98828,7.02151,0.00674,0.13537,StoppingVariableSpeed,seated
9.60187,188,0.0,0.0,0.0,0.0,0.0,0.0,0.0,0.0,0.0,0.0,-2.63672,7.02178,0.00674,0.13537,StoppingVariableSpeed,seated
9.65195,189,0.0,0.0,0.0,0.0,0.0,0.0,0.0,0.0,0.0,0.0,-2.10938,10.5314,0.00674,0.13537,StoppingVariableSpeed,seated
9.70202,190,0.0,0.0,0.0,0.0,0.0,0.0,0.0,0.0,0.0,0.0,-1.75781,7.02145,0.00674,0.13537,StoppingVariableSpeed,seated
9.75208,191,0.0,0.0,0.0,0.0,0.0,0.0,0.0,0.0,0.0,0.0,-1.23047,10.533,0.00674,0.13537,StoppingVariableSpeed,seated
9.80215,192,0.0,0.0,0.0,0.0,0.0,0.0,0.0,0.0,0.0,0.0,-0.703125,10.5321,0.00674,0.13537,StoppingVariableSpeed,seated
9.85222,193,0.0,0.0,0.0,0.0,0.0,0.0,0.0,0.0,0.0,0.0,-0.351562,7.02138,0.00674,0.13537,StoppingVariableSpeed,seated
9.90229,194,0.0,0.0,0.0,0.0,0.0,0.0,0.0,0.0,0.0,0.0,0.175781,10.532,0.00674,0.13537,StoppingVariableSpeed,seated
9.95233,195,0.0,0.0,0.0,0.0,0.0,0.0,0.0,0.0,0.0,0.0,0.703125,10.5391,0.00674,0.13537,StoppingVariableSpeed,seated
10.0024,196,0.0,0.0,0.0,0.0,0.0,0.0,0.0,0.0,0.0,0.0,1.23047,10.5325,0.00674,0.13537,StoppingVariableSpeed,seated
10.0525,197,0.0,0.0,0.0,0.0,0.0,0.0,0.0,0.0,0.0,0.0,1.58203,7.02151,0.00674,0.13537,StoppingVariableSpeed,seated
10.1025,198,0.0,0.0,0.0,0.0,0.0,0.0,0.0,0.0,0.0,0.0,2.10938,10.5333,0.00674,0.13537,StoppingVariableSpeed,seated
10.1526,199,0.0,0.0,0.0,0.0,0.0,0.0,0.0,0.0,0.0,0.0,2.46094,7.02038,0.00674,0.13537,StoppingVariableSpeed,seated
10.2027,200,0.0,0.0,0.0,0.0,0.0,0.0,0.0,0.0,0.0,0.0,2.8125,7.02155,0.00674,0.13537,StoppingVariableSpeed,seated
10.2528,201,0.0,0.0,0.0,0.0,0.0,0.0,0.0,0.0,0.0,0.0,3.16406,7.02041,0.00674,0.13537,StoppingVariableSpeed,seated
10.3028,202,0.0,0.0,0.0,0.0,0.0,0.0,0.0,0.0,0.0,0.0,3.33984,3.51066,0.00674,0.13537,StoppingVariableSpeed,seated
10.3529,203,0.0,0.0,0.0,0.0,0.0,0.0,0.0,0.0,0.0,0.0,3.69141,7.02198,0.00674,0.13537,StoppingVariableSpeed,seated
10.403,204,0.0,0.0,0.0,0.0,0.0,0.0,0.0,0.0,0.0,0.0,3.69141,0.0,0.00674,0.13537,StoppingVariableSpeed,seated
10.453,205,0.0,0.0,0.0,0.0,0.0,0.0,0.0,0.0,0.0,0.0,3.86719,3.51049,0.00674,0.13537,StoppingVariableSpeed,seated
10.5031,206,0.0,0.0,0.0,0.0,0.0,0.0,0.0,0.0,0.0,0.0,3.86719,0.0,0.00674,0.13537,StoppingVariableSpeed,seated
10.5532,207,0.0,0.0,0.0,0.0,0.0,0.0,0.0,0.0,0.0,0.0,3.86719,0.0,0.00674,0.13537,StoppingVariableSpeed,seated
10.6032,208,0.0,0.0,0.0,0.0,0.0,0.0,0.0,0.0,0.0,0.0,3.86719,0.0,0.00674,0.13537,StoppingVariableSpeed,seated
10.6533,209,0.0,0.0,0.0,0.0,0.0,0.0,0.0,0.0,0.0,0.0,3.69141,-3.51029,0.00674,0.13537,StoppingVariableSpeed,seated
10.7034,210,0.0,0.0,0.0,0.0,0.0,0.0,0.0,0.0,0.0,0.0,3.51562,-3.51124,0.00674,0.13537,StoppingVariableSpeed,seated
10.7534,211,0.0,0.0,0.0,0.0,0.0,0.0,0.0,0.0,0.0,0.0,3.16406,-7.02181,0.00674,0.13537,StoppingVariableSpeed,seated
10.8035,212,0.0,0.0,0.0,0.0,0.0,0.0,0.0,0.0,0.0,0.0,2.8125,-7.02195,0.00674,0.13537,StoppingVariableSpeed,seated
10.8536,213,0.0,0.0,0.0,0.0,0.0,0.0,0.0,0.0,0.0,0.0,2.46094,-7.02138,0.00674,0.13537,StoppingVariableSpeed,seated
10.9037,214,0.0,0.0,0.0,0.0,0.0,0.0,0.0,0.0,0.0,0.0,2.10938,-7.02148,0.00674,0.13537,StoppingVariableSpeed,seated
10.9537,215,0.0,0.0,0.0,0.0,0.0,0.0,0.0,0.0,0.0,0.0,1.75781,-7.02158,0.00674,0.13537,StoppingVariableSpeed,seated
11.0038,216,0.0,0.0,0.0,0.0,0.0,0.0,0.0,0.0,0.0,0.0,1.23047,-10.5319,0.00674,0.13537,StoppingVariableSpeed,seated
11.0539,217,0.0,0.0,0.0,0.0,0.0,0.0,0.0,0.0,0.0,0.0,0.878906,-7.02155,0.00674,0.13537,StoppingVariableSpeed,seated
11.1039,218,0.0,0.0,0.0,0.0,0.0,0.0,0.0,0.0,0.0,0.0,0.351562,-10.5323,0.00674,0.13537,StoppingVariableSpeed,seated
11.154,219,0.0,0.0,0.0,0.0,0.0,0.0,0.0,0.0,0.0,0.0,-0.175781,-10.5316,0.00674,0.13537,StoppingVariableSpeed,seated
11.2041,220,0.0,0.0,0.0,0.0,0.0,0.0,0.0,0.0,0.0,0.0,-0.703125,-10.5332,0.00674,0.13537,StoppingVariableSpeed,seated
11.2541,221,0.0,0.0,0.0,0.0,0.0,0.0,0.0,0.0,0.0,0.0,-1.05469,-7.02074,0.00674,0.13537,StoppingVariableSpeed,seated
11.3042,222,0.0,0.0,0.0,0.0,0.0,0.0,0.0,0.0,0.0,0.0,-1.58203,-10.5319,0.00674,0.13537,StoppingVariableSpeed,seated
11.3543,223,0.0,0.0,0.0,0.0,0.0,0.0,0.0,0.0,0.0,0.0,-2.10938,-10.5323,0.00674,0.13537,StoppingVariableSpeed,seated
11.4043,224,0.0,0.0,0.0,0.0,0.0,0.0,0.0,0.0,0.0,0.0,-2.46094,-7.02539,0.00674,0.13537,StoppingVariableSpeed,seated
11.4544,225,0.0,0.0,0.0,0.0,0.0,0.0,0.0,0.0,0.0,0.0,-2.8125,-7.02138,0.00674,0.13537,StoppingVariableSpeed,seated
11.5045,226,0.0,0.0,0.0,0.0,0.0,0.0,0.0,0.0,0.0,0.0,-3.16406,-7.02148,0.00674,0.13537,StoppingVariableSpeed,seated
11.5545,227,0.0,0.0,0.0,0.0,0.0,0.0,0.0,0.0,0.0,0.0,-3.33984,-3.51087,0.00674,0.13537,StoppingVariableSpeed,seated
11.6046,228,0.0,0.0,0.0,0.0,0.0,0.0,0.0,0.0,0.0,0.0,-3.69141,-7.02158,0.00674,0.13537,StoppingVariableSpeed,seated
11.6547,229,0.0,0.0,0.0,0.0,0.0,0.0,0.0,0.0,0.0,0.0,-3.86719,-3.51029,0.00674,0.13537,StoppingVariableSpeed,seated
11.7047,230,0.0,0.0,0.0,0.0,0.0,0.0,0.0,0.0,0.0,0.0,-3.86719,0.0,0.00674,0.13537,StoppingVariableSpeed,seated
11.7548,231,0.0,0.0,0.0,0.0,0.0,0.0,0.0,0.0,0.0,0.0,-4.04297,-3.51066,0.00674,0.13537,StoppingVariableSpeed,seated
11.87,232,0.0,0.0,0.0,0.0,0.0,0.0,0.0,0.0,0.0,0.0,-3.86719,1.5256,0.0188,0.1476,StoppingVariableSpeed,extended
11.9201,233,0.0,0.0,0.0,0.0,0.0,0.0,0.0,0.0,0.0,0.0,-3.86719,0.0,0.0188,0.1476,StoppingVariableSpeed,extended
11.9702,234,0.0,0.0,0.0,0.0,0.0,0.0,0.0,0.0,0.0,0.0,-3.51562,7.02161,0.0188,0.1476,StoppingVariableSpeed,extended
12.0203,235,0.0,0.0,0.0,0.0,0.0,0.0,0.0,0.0,0.0,0.0,-3.33984,3.51031,0.0188,0.1476,StoppingVariableSpeed,extended
12.0703,236,0.0,0.0,0.0,0.0,0.0,0.0,0.0,0.0,0.0,0.0,-3.16406,3.51084,0.0188,0.1476,StoppingVariableSpeed,extended
12.1204,237,0.0,0.0,0.0,0.0,0.0,0.0,0.0,0.0,0.0,0.0,-2.8125,7.02168,0.0188,0.1476,StoppingVariableSpeed,extended
12.1705,238,0.0,0.0,0.0,0.0,0.0,0.0,0.0,0.0,0.0,0.0,-2.46094,7.02138,0.0188,0.1476,StoppingVariableSpeed,extended
12.2205,239,0.0,0.0,0.0,0.0,0.0,0.0,0.0,0.0,0.0,0.0,-1.93359,10.5324,0.0188,0.1476,StoppingVariableSpeed,extended
12.2706,240,0.0,0.0,0.0,0.0,0.0,0.0,0.0,0.0,0.0,0.0,-1.58203,7.02131,0.0188,0.1476,StoppingVariableSpeed,extended
12.3207,241,0.0,0.0,0.0,0.0,0.0,0.0,0.0,0.0,0.0,0.0,-1.05469,10.5324,0.0188,0.1476,StoppingVariableSpeed,extended
12.3708,242,0.0,0.0,0.0,0.0,0.0,0.0,0.0,0.0,0.0,0.0,-0.527344,10.5313,0.0188,0.1476,StoppingVariableSpeed,extended
12.4208,243,0.0,0.0,0.0,0.0,0.0,0.0,0.0,0.0,0.0,0.0,-0.175781,7.02091,0.0188,0.1476,StoppingVariableSpeed,extended
12.4709,244,0.0,0.0,0.0,0.0,0.0,0.0,0.0,0.0,0.0,0.0,0.351562,10.5319,0.0188,0.1476,StoppingVariableSpeed,extended
12.521,245,0.0,0.0,0.0,0.0,0.0,0.0,0.0,0.0,0.0,0.0,0.878906,10.5319,0.0188,0.1476,StoppingVariableSpeed,extended
12.571,246,0.0,0.0,0.0,0.0,0.0,0.0,0.0,0.0,0.0,0.0,1.23047,7.02151,0.0188,0.1476,StoppingVariableSpeed,extended
12.6211,247,0.0,0.0,0.0,0.0,0.0,0.0,0.0,0.0,0.0,0.0,1.75781,10.5324,0.0188,0.1476,StoppingVariableSpeed,extended
12.6712,248,0.0,0.0,0.0,0.0,0.0,0.0,0.0,0.0,0.0,0.0,2.10938,7.02061,0.0188,0.1476,StoppingVariableSpeed,extended
12.7212,249,0.0,0.0,0.0,0.0,0.0,0.0,0.0,0.0,0.0,0.0,2.46094,7.02141,0.0188,0.1476,StoppingVariableSpeed,extended
12.7713,250,0.0,0.0,0.0,0.0,0.0,0.0,0.0,0.0,0.0,0.0,2.8125,7.01998,0.0188,0.1476,StoppingVariableSpeed,extended
12.8214,251,0.0,0.0,0.0,0.0,0.0,0.0,0.0,0.0,0.0,0.0,2.98828,3.51092,0.0188,0.1476,StoppingVariableSpeed,extended
12.8715,252,0.0,0.0,0.0,0.0,0.0,0.0,0.0,0.0,0.0,0.0,3.16406,3.51099,0.0188,0.1476,StoppingVariableSpeed,extended
12.9215,253,0.0,0.0,0.0,0.0,0.0,0.0,0.0,0.0,0.0,0.0,3.33984,3.51077,0.0188,0.1476,StoppingVariableSpeed,extended
12.9716,254,0.0,0.0,0.0,0.0,0.0,0.0,0.0,0.0,0.0,0.0,3.51562,3.51076,0.0188,0.1476,StoppingVariableSpeed,extended
13.0217,255,0.0,0.0,0.0,0.0,0.0,0.0,0.0,0.0,0.0,0.0,3.51562,0.0,0.0188,0.1476,StoppingVariableSpeed,extended
13.0717,256,0.0,0.0,0.0,0.0,0.0,0.0,0.0,0.0,0.0,0.0,3.51562,0.0,0.0188,0.1476,StoppingVariableSpeed,extended
13.1218,257,0.0,0.0,0.0,0.0,0.0,0.0,0.0,0.0,0.0,0.0,3.51562,0.0,0.0188,0.1476,StoppingVariableSpeed,extended
13.1719,258,0.0,0.0,0.0,0.0,0.0,0.0,0.0,0.0,0.0,0.0,3.33984,-3.51051,0.0188,0.1476,StoppingVariableSpeed,extended
13.222,259,0.0,0.0,0.0,0.0,0.0,0.0,0.0,0.0,0.0,0.0,3.16406,-3.51034,0.0188,0.1476,StoppingVariableSpeed,extended
13.272,260,0.0,0.0,0.0,0.0,0.0,0.0,0.0,0.0,0.0,0.0,2.98828,-3.51072,0.0188,0.1476,StoppingVariableSpeed,extended
13.3221,261,0.0,0.0,0.0,0.0,0.0,0.0,0.0,0.0,0.0,0.0,2.63672,-7.02155,0.0188,0.1476,StoppingVariableSpeed,extended
13.3722,262,0.0,0.0,0.0,0.0,0.0,0.0,0.0,0.0,0.0,0.0,2.28516,-7.02111,0.0188,0.1476,StoppingVariableSpeed,extended
13.4222,263,0.0,0.0,0.0,0.0,0.0,0.0,0.0,0.0,0.0,0.0,1.93359,-7.02151,0.0188,0.1476,StoppingVariableSpeed,extended
13.4723,264,0.0,0.0,0.0,0.0,0.0,0.0,0.0,0.0,0.0,0.0,1.58203,-7.02078,0.0188,0.1476,StoppingVariableSpeed,extended
13.5224,265,0.0,0.0,0.0,0.0,0.0,0.0,0.0,0.0,0.0,0.0,1.05469,-10.533,0.0188,0.1476,StoppingVariableSpeed,extended
13.5724,266,0.0,0.0,0.0,0.0,0.0,0.0,0.0,0.0,0.0,0.0,0.703125,-7.02198,0.0188,0.1476,StoppingVariableSpeed,extended
13.6225,267,0.0,0.0,0.0,0.0,0.0,0.0,0.0,0.0,0.0,0.0,0.175781,-10.5315,0.0188,0.1476,StoppingVariableSpeed,extended
13.6726,268,0.0,0.0,0.0,0.0,0.0,0.0,0.0,0.0,0.0,0.0,-0.351562,-10.5321,0.0188,0.1476,StoppingVariableSpeed,extended
13.7227,269,0.0,0.0,0.0,0.0,0.0,0.0,0.0,0.0,0.0,0.0,-0.703125,-7.02135,0.0188,0.1476,StoppingVariableSpeed,extended
13.7727,270,0.0,0.0,0.0,0.0,0.0,0.0,0.0,0.0,0.0,0.0,-1.23047,-10.5328,0.0188,0.1476,StoppingVariableSpeed,extended
13.8228,271,0.0,0.0,0.0,0.0,0.0,0.0,0.0,0.0,0.0,0.0,-1.75781,-10.5311,0.0188,0.1476,StoppingVariableSpeed,extended
13.8729,272,0.0,0.0,0.0,0.0,0.0,0.0,0.0,0.0,0.0,0.0,-2.10938,-7.02138,0.0188,0.1476,StoppingVariableSpeed,extended
13.9229,273,0.0,0.0,0.0,0.0,0.0,0.0,0.0,0.0,0.0,0.0,-2.46094,-7.02218,0.0188,0.1476,StoppingVariableSpeed,extended
13.973,274,0.0,0.0,0.0,0.0,0.0,0.0,0.0,0.0,0.0,0.0,-2.8125,-7.02178,0.0188,0.1476,StoppingVariableSpeed,extended
14.0231,275,0.0,0.0,0.0,0.0,0.0,0.0,0.0,0.0,0.0,0.0,-3.16406,-7.02191,0.0188,0.1476,StoppingVariableSpeed,extended
14.0731,276,0.0,0.0,0.0,0.0,0.0,0.0,0.0,0.0,0.0,0.0,-3.51562,-7.02135,0.0188,0.1476,StoppingVariableSpeed,extended
14.1232,277,0.0,0.0,0.0,0.0,0.0,0.0,0.0,0.0,0.0,0.0,-3.86719,-7.02074,0.0188,0.1476,StoppingVariableSpeed,extended
14.1733,278,0.0,0.0,0.0,0.0,0.0,0.0,0.0,0.0,0.0,0.0,-3.86719,0.0,0.0188,0.1476,StoppingVariableSpeed,extended
14.2234,279,0.0,0.0,0.0,0.0,0.0,0.0,0.0,0.0,0.0,0.0,-4.04297,-3.51087,0.0188,0.1476,StoppingVariableSpeed,extended
14.2734,280,0.0,0.0,0.0,0.0,0.0,0.0,0.0,0.0,0.0,0.0,-4.21875,-3.51092,0.0188,0.1476,StoppingVariableSpeed,extended
14.3685,281,0.0,0.0,0.0,0.0,0.0,0.0,0.0,0.0,0.0,0.0,-4.04297,1.84796,0.00674,0.13537,StoppingVariableSpeed,seated
14.4186,282,0.0,0.0,0.0,0.0,0.0,0.0,0.0,0.0,0.0,0.0,-4.04297,0.0,0.00674,0.13537,StoppingVariableSpeed,seated
14.4687,283,0.0,0.0,0.0,0.0,0.0,0.0,0.0,0.0,0.0,0.0,-3.86719,3.51036,0.00674,0.13537,StoppingVariableSpeed,seated
14.5188,284,0.0,0.0,0.0,0.0,0.0,0.0,0.0,0.0,0.0,0.0,-3.69141,3.51019,0.00674,0.13537,StoppingVariableSpeed,seated
14.5688,285,0.0,0.0,0.0,0.0,0.0,0.0,0.0,0.0,0.0,0.0,-3.33984,7.02101,0.00674,0.13537,StoppingVariableSpeed,seated
14.6189,286,0.0,0.0,0.0,0.0,0.0,0.0,0.0,0.0,0.0,0.0,-3.16406,3.51124,0.00674,0.13537,StoppingVariableSpeed,seated
14.669,287,0.0,0.0,0.0,0.0,0.0,0.0,0.0,0.0,0.0,0.0,-2.8125,7.02155,0.00674,0.13537,StoppingVariableSpeed,seated
14.719,288,0.0,0.0,0.0,0.0,0.0,0.0,0.0,0.0,0.0,0.0,-2.46094,7.02138,0.00674,0.13537,StoppingVariableSpeed,seated
14.7691,289,0.0,0.0,0.0,0.0,0.0,0.0,0.0,0.0,0.0,0.0,-1.93359,10.5322,0.00674,0.13537,StoppingVariableSpeed,seated
14.8192,290,0.0,0.0,0.0,0.0,0.0,0.0,0.0,0.0,0.0,0.0,-1.40625,10.532,0.00674,0.13537,StoppingVariableSpeed,seated
14.8693,291,0.0,0.0,0.0,0.0,0.0,0.0,0.0,0.0,0.0,0.0,-1.05469,7.02145,0.00674,0.13537,StoppingVariableSpeed,seated
14.9193,292,0.0,0.0,0.0,0.0,0.0,0.0,0.0,0.0,0.0,0.0,-0.527344,10.5332,0.00674,0.13537,StoppingVariableSpeed,seated
14.9694,293,0.0,0.0,0.0,0.0,0.0,0.0,0.0,0.0,0.0,0.0,0.0,10.5328,0.00674,0.13537,StoppingVariableSpeed,seated
15.0195,294,0.0,0.0,0.0,0.0,0.0,0.0,0.0,0.0,0.0,0.0,0.527344,10.533,0.00674,0.13537,StoppingVariableSpeed,seated
15.0695,295,0.0,0.0,0.0,0.0,0.0,0.0,0.0,0.0,0.0,0.0,1.05469,10.5319,0.00674,0.13537,StoppingVariableSpeed,seated
15.1196,296,0.0,0.0,0.0,0.0,0.0,0.0,0.0,0.0,0.0,0.0,1.40625,7.02054,0.00674,0.13537,StoppingVariableSpeed,seated
15.1697,297,0.0,0.0,0.0,0.0,0.0,0.0,0.0,0.0,0.0,0.0,1.93359,10.5322,0.00674,0.13537,StoppingVariableSpeed,seated
15.2197,298,0.0,0.0,0.0,0.0,0.0,0.0,0.0,0.0,0.0,0.0,2.28516,7.02141,0.00674,0.13537,StoppingVariableSpeed,seated
15.2698,299,0.0,0.0,0.0,0.0,0.0,0.0,0.0,0.0,0.0,0.0,2.63672,7.02151,0.00674,0.13537,StoppingVariableSpeed,seated
15.3199,300,0.0,0.0,0.0,0.0,0.0,0.0,0.0,0.0,0.0,0.0,2.98828,7.02138,0.00674,0.13537,StoppingVariableSpeed,seated
15.37,301,0.0,0.0,0.0,0.0,0.0,0.0,0.0,0.0,0.0,0.0,3.16406,3.51061,0.00674,0.13537,StoppingVariableSpeed,seated
15.42,302,0.0,0.0,0.0,0.0,0.0,0.0,0.0,0.0,0.0,0.0,3.51562,7.02202,0.00674,0.13537,StoppingVariableSpeed,seated
15.4701,303,0.0,0.0,0.0,0.0,0.0,0.0,0.0,0.0,0.0,0.0,3.51562,0.0,0.00674,0.13537,StoppingVariableSpeed,seated
15.5202,304,0.0,0.0,0.0,0.0,0.0,0.0,0.0,0.0,0.0,0.0,3.69141,3.51069,0.00674,0.13537,StoppingVariableSpeed,seated
15.5702,305,0.0,0.0,0.0,0.0,0.0,0.0,0.0,0.0,0.0,0.0,3.69141,0.0,0.00674,0.13537,StoppingVariableSpeed,seated
15.6203,306,0.0,0.0,0.0,0.0,0.0,0.0,0.0,0.0,0.0,0.0,3.69141,0.0,0.00674,0.13537,StoppingVariableSpeed,seated
15.6703,307,0.0,0.0,0.0,0.0,0.0,0.0,0.0,0.0,0.0,0.0,3.69141,0.0,0.00674,0.13537,StoppingVariableSpeed,seated
15.7204,308,0.0,0.0,0.0,0.0,0.0,0.0,0.0,0.0,0.0,0.0,3.51562,-3.51086,0.00674,0.13537,StoppingVariableSpeed,seated
15.7705,309,0.0,0.0,0.0,0.0,0.0,0.0,0.0,0.0,0.0,0.0,3.51562,0.0,0.00674,0.13537,StoppingVariableSpeed,seated
15.8205,310,0.0,0.0,0.0,0.0,0.0,0.0,0.0,0.0,0.0,0.0,3.16406,-7.02198,0.00674,0.13537,StoppingVariableSpeed,seated
15.8706,311,0.0,0.0,0.0,0.0,0.0,0.0,0.0,0.0,0.0,0.0,2.98828,-3.51077,0.00674,0.13537,StoppingVariableSpeed,seated
15.9207,312,0.0,0.0,0.0,0.0,0.0,0.0,0.0,0.0,0.0,0.0,2.63672,-7.02138,0.00674,0.13537,StoppingVariableSpeed,seated
15.9707,313,0.0,0.0,0.0,0.0,0.0,0.0,0.0,0.0,0.0,0.0,2.28516,-7.02108,0.00674,0.13537,StoppingVariableSpeed,seated
16.0208,314,0.0,0.0,0.0,0.0,0.0,0.0,0.0,0.0,0.0,0.0,1.75781,-10.5322,0.00674,0.13537,StoppingVariableSpeed,seated
16.0709,315,0.0,0.0,0.0,0.0,0.0,0.0,0.0,0.0,0.0,0.0,1.40625,-7.02158,0.00674,0.13537,StoppingVariableSpeed,seated
16.121,316,0.0,0.0,0.0,0.0,0.0,0.0,0.0,0.0,0.0,0.0,0.878906,-10.5319,0.00674,0.13537,StoppingVariableSpeed,seated
16.171,317,0.0,0.0,0.0,0.0,0.0,0.0,0.0,0.0,0.0,0.0,0.527344,-7.02151,0.00674,0.13537,StoppingVariableSpeed,seated
16.2211,318,0.0,0.0,0.0,0.0,0.0,0.0,0.0,0.0,0.0,0.0,0.0,-10.5308,0.00674,0.13537,StoppingVariableSpeed,seated
16.2712,319,0.0,0.0,0.0,0.0,0.0,0.0,0.0,0.0,0.0,0.0,-0.527344,-10.5321,0.00674,0.13537,StoppingVariableSpeed,seated
16.3212,320,0.0,0.0,0.0,0.0,0.0,0.0,0.0,0.0,0.0,0.0,-0.878906,-7.02165,0.00674,0.13537,StoppingVariableSpeed,seated
16.3713,321,0.0,0.0,0.0,0.0,0.0,0.0,0.0,0.0,0.0,0.0,-1.40625,-10.5306,0.00674,0.13537,StoppingVariableSpeed,seated
16.4214,322,0.0,0.0,0.0,0.0,0.0,0.0,0.0,0.0,0.0,0.0,-1.75781,-7.02101,0.00674,0.13537,StoppingVariableSpeed,seated
16.4715,323,0.0,0.0,0.0,0.0,0.0,0.0,0.0,0.0,0.0,0.0,-2.28516,-10.5327,0.00674,0.13537,StoppingVariableSpeed,seated
16.5215,324,0.0,0.0,0.0,0.0,0.0,0.0,0.0,0.0,0.0,0.0,-2.63672,-7.02038,0.00674,0.13537,StoppingVariableSpeed,seated
16.5716,325,0.0,0.0,0.0,0.0,0.0,0.0,0.0,0.0,0.0,0.0,-2.98828,-7.02088,0.00674,0.13537,StoppingVariableSpeed,seated
16.6217,326,0.0,0.0,0.0,0.0,0.0,0.0,0.0,0.0,0.0,0.0,-3.16406,-3.51082,0.00674,0.13537,StoppingVariableSpeed,seated
16.6718,327,0.0,0.0,0.0,0.0,0.0,0.0,0.0,0.0,0.0,0.0,-3.51562,-7.02051,0.00674,0.13537,StoppingVariableSpeed,seated
16.7218,328,0.0,0.0,0.0,0.0,0.0,0.0,0.0,0.0,0.0,0.0,-3.69141,-3.51086,0.00674,0.13537,StoppingVariableSpeed,seated
16.7719,329,0.0,0.0,0.0,0.0,0.0,0.0,0.0,0.0,0.0,0.0,-3.86719,-3.51077,0.00674,0.13537,StoppingVariableSpeed,seated
16.822,330,0.0,0.0,0.0,0.0,0.0,0.0,0.0,0.0,0.0,0.0,-3.86719,0.0,0.00674,0.13537,StoppingVariableSpeed,seated
16.9525,331,0.0,0.0,0.0,0.0,0.0,0.0,0.0,0.0,0.0,0.0,-3.86719,0.0,0.0188,0.1476,StoppingVariableSpeed,extended
17.0026,332,0.0,0.0,0.0,0.0,0.0,0.0,0.0,0.0,0.0,0.0,-3.69141,3.51059,0.0188,0.1476,StoppingVariableSpeed,extended
17.0527,333,0.0,0.0,0.0,0.0,0.0,0.0,0.0,0.0,0.0,0.0,-3.51562,3.51071,0.0188,0.1476,StoppingVariableSpeed,extended
17.1028,334,0.0,0.0,0.0,0.0,0.0,0.0,0.0,0.0,0.0,0.0,-3.33984,3.51027,0.0188,0.1476,StoppingVariableSpeed,extended
17.1528,335,0.0,0.0,0.0,0.0,0.0,0.0,0.0,0.0,0.0,0.0,-2.98828,7.02135,0.0188,0.1476,StoppingVariableSpeed,extended
17.2029,336,0.0,0.0,0.0,0.0,0.0,0.0,0.0,0.0,0.0,0.0,-2.63672,7.02088,0.0188,0.1476,StoppingVariableSpeed,extended
17.253,337,0.0,0.0,0.0,0.0,0.0,0.0,0.0,0.0,0.0,0.0,-2.46094,3.51091,0.0188,0.1476,StoppingVariableSpeed,extended
17.303,338,0.0,0.0,0.0,0.0,0.0,0.0,0.0,0.0,0.0,0.0,-1.93359,10.5325,0.0188,0.1476,StoppingVariableSpeed,extended
17.3531,339,0.0,0.0,0.0,0.0,0.0,0.0,0.0,0.0,0.0,0.0,-1.58203,7.02151,0.0188,0.1476,StoppingVariableSpeed,extended
17.4032,340,0.0,0.0,0.0,0.0,0.0,0.0,0.0,0.0,0.0,0.0,-1.05469,10.5324,0.0188,0.1476,StoppingVariableSpeed,extended
17.4532,341,0.0,0.0,0.0,0.0,0.0,0.0,0.0,0.0,0.0,0.0,-0.527344,10.5322,0.0188,0.1476,StoppingVariableSpeed,extended
17.5033,342,0.0,0.0,0.0,0.0,0.0,0.0,0.0,0.0,0.0,0.0,-0.175781,7.01961,0.0188,0.1476,StoppingVariableSpeed,extended
17.5534,343,0.0,0.0,0.0,0.0,0.0,0.0,0.0,0.0,0.0,0.0,0.351562,10.5328,0.0188,0.1476,StoppingVariableSpeed,extended
17.6035,344,0.0,0.0,0.0,0.0,0.0,0.0,0.0,0.0,0.0,0.0,0.703125,7.02118,0.0188,0.1476,StoppingVariableSpeed,extended
17.6535,345,0.0,0.0,0.0,0.0,0.0,0.0,0.0,0.0,0.0,0.0,1.23047,10.5332,0.0188,0.1476,StoppingVariableSpeed,extended
17.7036,346,0.0,0.0,0.0,0.0,0.0,0.0,0.0,0.0,0.0,0.0,1.58203,7.02115,0.0188,0.1476,StoppingVariableSpeed,extended
17.7537,347,0.0,0.0,0.0,0.0,0.0,0.0,0.0,0.0,0.0,0.0,1.93359,7.02068,0.0188,0.1476,StoppingVariableSpeed,extended
17.8037,348,0.0,0.0,0.0,0.0,0.0,0.0,0.0,0.0,0.0,0.0,2.28516,7.02175,0.0188,0.1476,StoppingVariableSpeed,extended
17.8538,349,0.0,0.0,0.0,0.0,0.0,0.0,0.0,0.0,0.0,0.0,2.63672,7.02145,0.0188,0.1476,StoppingVariableSpeed,extended
17.9039,350,0.0,0.0,0.0,0.0,0.0,0.0,0.0,0.0,0.0,0.0,2.98828,7.02168,0.0188,0.1476,StoppingVariableSpeed,extended
17.954,351,0.0,0.0,0.0,0.0,0.0,0.0,0.0,0.0,0.0,0.0,3.16406,3.51062,0.0188,0.1476,StoppingVariableSpeed,extended
18.004,352,0.0,0.0,0.0,0.0,0.0,0.0,0.0,0.0,0.0,0.0,3.16406,0.0,0.0188,0.1476,StoppingVariableSpeed,extended
18.0541,353,0.0,0.0,0.0,0.0,0.0,0.0,0.0,0.0,0.0,0.0,3.33984,3.51089,0.0188,0.1476,StoppingVariableSpeed,extended
18.1042,354,0.0,0.0,0.0,0.0,0.0,0.0,0.0,0.0,0.0,0.0,3.51562,3.51074,0.0188,0.1476,StoppingVariableSpeed,extended
18.1542,355,0.0,0.0,0.0,0.0,0.0,0.0,0.0,0.0,0.0,0.0,3.51562,0.0,0.0188,0.1476,StoppingVariableSpeed,extended
18.2043,356,0.0,0.0,0.0,0.0,0.0,0.0,0.0,0.0,0.0,0.0,3.33984,-3.51057,0.0188,0.1476,StoppingVariableSpeed,extended
18.2543,357,0.0,0.0,0.0,0.0,0.0,0.0,0.0,0.0,0.0,0.0,3.16406,-3.51434,0.0188,0.1476,StoppingVariableSpeed,extended
18.3044,358,0.0,0.0,0.0,0.0,0.0,0.0,0.0,0.0,0.0,0.0,2.98828,-3.51086,0.0188,0.1476,StoppingVariableSpeed,extended
18.3545,359,0.0,0.0,0.0,0.0,0.0,0.0,0.0,0.0,0.0,0.0,2.8125,-3.51086,0.0188,0.1476,StoppingVariableSpeed,extended
18.4045,360,0.0,0.0,0.0,0.0,0.0,0.0,0.0,0.0,0.0,0.0,2.63672,-3.51112,0.0188,0.1476,StoppingVariableSpeed,extended
18.4546,361,0.0,0.0,0.0,0.0,0.0,0.0,0.0,0.0,0.0,0.0,2.28516,-7.02115,0.0188,0.1476,StoppingVariableSpeed,extended
18.5047,362,0.0,0.0,0.0,0.0,0.0,0.0,0.0,0.0,0.0,0.0,1.93359,-7.02151,0.0188,0.1476,StoppingVariableSpeed,extended
18.5547,363,0.0,0.0,0.0,0.0,0.0,0.0,0.0,0.0,0.0,0.0,1.58203,-7.02178,0.0188,0.1476,StoppingVariableSpeed,extended
18.6048,364,0.0,0.0,0.0,0.0,0.0,0.0,0.0,0.0,0.0,0.0,1.05469,-10.5322,0.0188,0.1476,StoppingVariableSpeed,extended
18.6549,365,0.0,0.0,0.0,0.0,0.0,0.0,0.0,0.0,0.0,0.0,0.703125,-7.02131,0.0188,0.1476,StoppingVariableSpeed,extended
18.7049,366,0.0,0.0,0.0,0.0,0.0,0.0,0.0,0.0,0.0,0.0,0.175781,-10.5323,0.0188,0.1476,StoppingVariableSpeed,extended
18.755,367,0.0,0.0,0.0,0.0,0.0,0.0,0.0,0.0,0.0,0.0,-0.351562,-10.5323,0.0188,0.1476,StoppingVariableSpeed,extended
18.8051,368,0.0,0.0,0.0,0.0,0.0,0.0,0.0,0.0,0.0,0.0,-0.703125,-7.02151,0.0188,0.1476,StoppingVariableSpeed,extended
18.8551,369,0.0,0.0,0.0,0.0,0.0,0.0,0.0,0.0,0.0,0.0,-1.23047,-10.5328,0.0188,0.1476,StoppingVariableSpeed,extended
18.9052,370,0.0,0.0,0.0,0.0,0.0,0.0,0.0,0.0,0.0,0.0,-1.58203,-7.02161,0.0188,0.1476,StoppingVariableSpeed,extended
18.9553,371,0.0,0.0,0.0,0.0,0.0,0.0,0.0,0.0,0.0,0.0,-2.10938,-10.5305,0.0188,0.1476,StoppingVariableSpeed,extended
19.0053,372,0.0,0.0,0.0,0.0,0.0,0.0,0.0,0.0,0.0,0.0,-2.46094,-7.026,0.0188,0.1476,StoppingVariableSpeed,extended
19.0554,373,0.0,0.0,0.0,0.0,0.0,0.0,0.0,0.0,0.0,0.0,-2.8125,-7.02158,0.0188,0.1476,StoppingVariableSpeed,extended
19.1055,374,0.0,0.0,0.0,0.0,0.0,0.0,0.0,0.0,0.0,0.0,-3.16406,-7.02141,0.0188,0.1476,StoppingVariableSpeed,extended
19.1555,375,0.0,0.0,0.0,0.0,0.0,0.0,0.0,0.0,0.0,0.0,-3.33984,-3.51069,0.0188,0.1476,StoppingVariableSpeed,extended
19.2056,376,0.0,0.0,0.0,0.0,0.0,0.0,0.0,0.0,0.0,0.0,-3.69141,-7.02178,0.0188,0.1476,StoppingVariableSpeed,extended
19.2557,377,0.0,0.0,0.0,0.0,0.0,0.0,0.0,0.0,0.0,0.0,-3.86719,-3.51081,0.0188,0.1476,StoppingVariableSpeed,extended
19.3057,378,0.0,0.0,0.0,0.0,0.0,0.0,0.0,0.0,0.0,0.0,-3.86719,0.0,0.0188,0.1476,StoppingVariableSpeed,extended
19.3558,379,0.0,0.0,0.0,0.0,0.0,0.0,0.0,0.0,0.0,0.0,-4.04297,-3.51064,0.0188,0.1476,StoppingVariableSpeed,extended
19.4526,380,0.0,0.0,0.0,0.0,0.0,0.0,0.0,0.0,0.0,0.0,-4.04297,0.0,0.00674,0.13537,StoppingVariableSpeed,seated
19.5027,381,0.0,0.0,0.0,0.0,0.0,0.0,0.0,0.0,0.0,0.0,-3.86719,3.51059,0.00674,0.13537,StoppingVariableSpeed,seated
19.5528,382,0.0,0.0,0.0,0.0,0.0,0.0,0.0,0.0,0.0,0.0,-3.69141,3.51029,0.00674,0.13537,StoppingVariableSpeed,seated
19.6029,383,0.0,0.0,0.0,0.0,0.0,0.0,0.0,0.0,0.0,0.0,-3.51562,3.51076,0.00674,0.13537,StoppingVariableSpeed,seated
19.6529,384,0.0,0.0,0.0,0.0,0.0,0.0,0.0,0.0,0.0,0.0,-3.33984,3.51074,0.00674,0.13537,StoppingVariableSpeed,seated
19.703,385,0.0,0.0,0.0,0.0,0.0,0.0,0.0,0.0,0.0,0.0,-2.98828,7.02145,0.00674,0.13537,StoppingVariableSpeed,seated
19.7531,386,0.0,0.0,0.0,0.0,0.0,0.0,0.0,0.0,0.0,0.0,-2.63672,7.02155,0.00674,0.13537,StoppingVariableSpeed,seated
19.8031,387,0.0,0.0,0.0,0.0,0.0,0.0,0.0,0.0,0.0,0.0,-2.28516,7.02155,0.00674,0.13537,StoppingVariableSpeed,seated
19.8532,388,0.0,0.0,0.0,0.0,0.0,0.0,0.0,0.0,0.0,0.0,-1.75781,10.5333,0.00674,0.13537,StoppingVariableSpeed,seated
19.9033,389,0.0,0.0,0.0,0.0,0.0,0.0,0.0,0.0,0.0,0.0,-1.40625,7.02165,0.00674,0.13537,StoppingVariableSpeed,seated
19.9533,390,0.0,0.0,0.0,0.0,0.0,0.0,0.0,0.0,0.0,0.0,-0.878906,10.5323,0.00674,0.13537,StoppingVariableSpeed,seated
20.0034,391,0.0,0.0,0.0,0.0,0.0,0.0,0.0,0.0,0.0,0.0,-0.527344,7.02175,0.00674,0.13537,StoppingVariableSpeed,seated
20.0535,392,0.0,0.0,0.0,0.0,0.0,0.0,0.0,0.0,0.0,0.0,0.0,10.532,0.00674,0.13537,StoppingVariableSpeed,seated
20.1036,393,0.0,0.0,0.0,0.0,0.0,0.0,0.0,0.0,0.0,0.0,0.527344,10.5317,0.00674,0.13537,StoppingVariableSpeed,seated
20.1536,394,0.0,0.0,0.0,0.0,0.0,0.0,0.0,0.0,0.0,0.0,1.05469,10.5321,0.00674,0.13537,StoppingVariableSpeed,seated
20.2037,395,0.0,0.0,0.0,0.0,0.0,0.0,0.0,0.0,0.0,0.0,1.40625,7.02125,0.00674,0.13537,StoppingVariableSpeed,seated
20.2538,396,0.0,0.0,0.0,0.0,0.0,0.0,0.0,0.0,0.0,0.0,1.75781,7.02148,0.00674,0.13537,StoppingVariableSpeed,seated
20.3038,397,0.0,0.0,0.0,0.0,0.0,0.0,0.0,0.0,0.0,0.0,2.28516,10.5326,0.00674,0.13537,StoppingVariableSpeed,seated
20.3539,398,0.0,0.0,0.0,0.0,0.0,0.0,0.0,0.0,0.0,0.0,2.63672,7.02101,0.00674,0.13537,StoppingVariableSpeed,seated
20.404,399,0.0,0.0,0.0,0.0,0.0,0.0,0.0,0.0,0.0,0.0,2.8125,3.51082,0.00674,0.13537,StoppingVariableSpeed,seated
20.454,400,0.0,0.0,0.0,0.0,0.0,0.0,0.0,0.0,0.0,0.0,3.16406,7.02081,0.00674,0.13537,StoppingVariableSpeed,seated
20.5041,401,0.0,0.0,0.0,0.0,0.0,0.0,0.0,0.0,0.0,0.0,3.33984,3.51072,0.00674,0.13537,StoppingVariableSpeed,seated
20.5542,402,0.0,0.0,0.0,0.0,0.0,0.0,0.0,0.0,0.0,0.0,3.51562,3.51029,0.00674,0.13537,StoppingVariableSpeed,seated
20.6043,403,0.0,0.0,0.0,0.0,0.0,0.0,0.0,0.0,0.0,0.0,3.51562,0.0,0.00674,0.13537,StoppingVariableSpeed,seated
20.6543,404,0.0,0.0,0.0,0.0,0.0,0.0,0.0,0.0,0.0,0.0,3.69141,3.51094,0.00674,0.13537,StoppingVariableSpeed,seated
20.7044,405,0.0,0.0,0.0,0.0,0.0,0.0,0.0,0.0,0.0,0.0,3.69141,0.0,0.00674,0.13537,StoppingVariableSpeed,seated
20.7545,406,0.0,0.0,0.0,0.0,0.0,0.0,0.0,0.0,0.0,0.0,3.51562,-3.51099,0.00674,0.13537,StoppingVariableSpeed,seated
20.8045,407,0.0,0.0,0.0,0.0,0.0,0.0,0.0,0.0,0.0,0.0,3.51562,0.0,0.00674,0.13537,StoppingVariableSpeed,seated
20.8546,408,0.0,0.0,0.0,0.0,0.0,0.0,0.0,0.0,0.0,0.0,3.33984,-3.51029,0.00674,0.13537,StoppingVariableSpeed,seated
20.9047,409,0.0,0.0,0.0,0.0,0.0,0.0,0.0,0.0,0.0,0.0,3.16406,-3.51069,0.00674,0.13537,StoppingVariableSpeed,seated
20.9547,410,0.0,0.0,0.0,0.0,0.0,0.0,0.0,0.0,0.0,0.0,2.8125,-7.02135,0.00674,0.13537,StoppingVariableSpeed,seated
21.0048,411,0.0,0.0,0.0,0.0,0.0,0.0,0.0,0.0,0.0,0.0,2.46094,-7.02145,0.00674,0.13537,StoppingVariableSpeed,seated
21.0549,412,0.0,0.0,0.0,0.0,0.0,0.0,0.0,0.0,0.0,0.0,2.10938,-7.02128,0.00674,0.13537,StoppingVariableSpeed,seated
21.105,413,0.0,0.0,0.0,0.0,0.0,0.0,0.0,0.0,0.0,0.0,1.75781,-7.02151,0.00674,0.13537,StoppingVariableSpeed,seated
21.155,414,0.0,0.0,0.0,0.0,0.0,0.0,0.0,0.0,0.0,0.0,1.40625,-7.02151,0.00674,0.13537,StoppingVariableSpeed,seated
21.2051,415,0.0,0.0,0.0,0.0,0.0,0.0,0.0,0.0,0.0,0.0,0.878906,-10.5322,0.00674,0.13537,StoppingVariableSpeed,seated
21.2552,416,0.0,0.0,0.0,0.0,0.0,0.0,0.0,0.0,0.0,0.0,0.351562,-10.5324,0.00674,0.13537,StoppingVariableSpeed,seated
21.3052,417,0.0,0.0,0.0,0.0,0.0,0.0,0.0,0.0,0.0,0.0,0.0,-7.02155,0.00674,0.13537,StoppingVariableSpeed,seated
21.3553,418,0.0,0.0,0.0,0.0,0.0,0.0,0.0,0.0,0.0,0.0,-0.527344,-10.5325,0.00674,0.13537,StoppingVariableSpeed,seated
21.4053,419,0.0,0.0,0.0,0.0,0.0,0.0,0.0,0.0,0.0,0.0,-0.878906,-7.02881,0.00674,0.13537,StoppingVariableSpeed,seated
21.4554,420,0.0,0.0,0.0,0.0,0.0,0.0,0.0,0.0,0.0,0.0,-1.40625,-10.5319,0.00674,0.13537,StoppingVariableSpeed,seated
21.5055,421,0.0,0.0,0.0,0.0,0.0,0.0,0.0,0.0,0.0,0.0,-1.75781,-7.02111,0.00674,0.13537,StoppingVariableSpeed,seated
21.5555,422,0.0,0.0,0.0,0.0,0.0,0.0,0.0,0.0,0.0,0.0,-2.10938,-7.02165,0.00674,0.13537,StoppingVariableSpeed,seated
21.6056,423,0.0,0.0,0.0,0.0,0.0,0.0,0.0,0.0,0.0,0.0,-2.46094,-7.02135,0.00674,0.13537,StoppingVariableSpeed,seated
21.6557,424,0.0,0.0,0.0,0.0,0.0,0.0,0.0,0.0,0.0,0.0,-2.8125,-7.02131,0.00674,0.13537,StoppingVariableSpeed,seated
21.7057,425,0.0,0.0,0.0,0.0,0.0,0.0,0.0,0.0,0.0,0.0,-3.16406,-7.02128,0.00674,0.13537,StoppingVariableSpeed,seated
21.7558,426,0.0,0.0,0.0,0.0,0.0,0.0,0.0,0.0,0.0,0.0,-3.33984,-3.51076,0.00674,0.13537,StoppingVariableSpeed,seated
21.8059,427,0.0,0.0,0.0,0.0,0.0,0.0,0.0,0.0,0.0,0.0,-3.51562,-3.51067,0.00674,0.13537,StoppingVariableSpeed,seated
21.856,428,0.0,0.0,0.0,0.0,0.0,0.0,0.0,0.0,0.0,0.0,-3.69141,-3.51032,0.00674,0.13537,StoppingVariableSpeed,seated
21.955,429,0.0,0.0,0.0,0.0,0.0,0.0,0.0,0.0,0.0,0.0,-3.69141,0.0,0.0188,0.1476,StoppingVariableSpeed,extended
22.0051,430,0.0,0.0,0.0,0.0,0.0,0.0,0.0,0.0,0.0,0.0,-3.69141,0.0,0.0188,0.1476,StoppingVariableSpeed,extended
22.0552,431,0.0,0.0,0.0,0.0,0.0,0.0,0.0,0.0,0.0,0.0,-3.69141,0.0,0.0188,0.1476,StoppingVariableSpeed,extended
22.1053,432,0.0,0.0,0.0,0.0,0.0,0.0,0.0,0.0,0.0,0.0,-3.51562,3.51066,0.0188,0.1476,StoppingVariableSpeed,extended
22.1553,433,0.0,0.0,0.0,0.0,0.0,0.0,0.0,0.0,0.0,0.0,-3.33984,3.51092,0.0188,0.1476,StoppingVariableSpeed,extended
22.2054,434,0.0,0.0,0.0,0.0,0.0,0.0,0.0,0.0,0.0,0.0,-3.16406,3.51099,0.0188,0.1476,StoppingVariableSpeed,extended
22.2555,435,0.0,0.0,0.0,0.0,0.0,0.0,0.0,0.0,0.0,0.0,-2.8125,7.02168,0.0188,0.1476,StoppingVariableSpeed,extended
22.3055,436,0.0,0.0,0.0,0.0,0.0,0.0,0.0,0.0,0.0,0.0,-2.46094,7.02111,0.0188,0.1476,StoppingVariableSpeed,extended
22.3556,437,0.0,0.0,0.0,0.0,0.0,0.0,0.0,0.0,0.0,0.0,-2.10938,7.02108,0.0188,0.1476,StoppingVariableSpeed,extended
22.4057,438,0.0,0.0,0.0,0.0,0.0,0.0,0.0,0.0,0.0,0.0,-1.75781,7.02158,0.0188,0.1476,StoppingVariableSpeed,extended
22.4557,439,0.0,0.0,0.0,0.0,0.0,0.0,0.0,0.0,0.0,0.0,-1.40625,7.02171,0.0188,0.1476,StoppingVariableSpeed,extended
22.5058,440,0.0,0.0,0.0,0.0,0.0,0.0,0.0,0.0,0.0,0.0,-0.878906,10.5315,0.0188,0.1476,StoppingVariableSpeed,extended
22.5559,441,0.0,0.0,0.0,0.0,0.0,0.0,0.0,0.0,0.0,0.0,-0.351562,10.5341,0.0188,0.1476,StoppingVariableSpeed,extended
22.6059,442,0.0,0.0,0.0,0.0,0.0,0.0,0.0,0.0,0.0,0.0,0.0,7.02155,0.0188,0.1476,StoppingVariableSpeed,extended
22.656,443,0.0,0.0,0.0,0.0,0.0,0.0,0.0,0.0,0.0,0.0,0.351562,7.02165,0.0188,0.1476,StoppingVariableSpeed,extended
22.7061,444,0.0,0.0,0.0,0.0,0.0,0.0,0.0,0.0,0.0,0.0,0.878906,10.5318,0.0188,0.1476,StoppingVariableSpeed,extended
22.7562,445,0.0,0.0,0.0,0.0,0.0,0.0,0.0,0.0,0.0,0.0,1.23047,7.02145,0.0188,0.1476,StoppingVariableSpeed,extended
22.8062,446,0.0,0.0,0.0,0.0,0.0,0.0,0.0,0.0,0.0,0.0,1.75781,10.5307,0.0188,0.1476,StoppingVariableSpeed,extended
22.8563,447,0.0,0.0,0.0,0.0,0.0,0.0,0.0,0.0,0.0,0.0,2.10938,7.02205,0.0188,0.1476,StoppingVariableSpeed,extended
22.9064,448,0.0,0.0,0.0,0.0,0.0,0.0,0.0,0.0,0.0,0.0,2.28516,3.51096,0.0188,0.1476,StoppingVariableSpeed,extended
22.9564,449,0.0,0.0,0.0,0.0,0.0,0.0,0.0,0.0,0.0,0.0,2.63672,7.02148,0.0188,0.1476,StoppingVariableSpeed,extended
23.0065,450,0.0,0.0,0.0,0.0,0.0,0.0,0.0,0.0,0.0,0.0,2.8125,3.51087,0.0188,0.1476,StoppingVariableSpeed,extended
23.0566,451,0.0,0.0,0.0,0.0,0.0,0.0,0.0,0.0,0.0,0.0,2.98828,3.51072,0.0188,0.1476,StoppingVariableSpeed,extended
23.1066,452,0.0,0.0,0.0,0.0,0.0,0.0,0.0,0.0,0.0,0.0,3.16406,3.51077,0.0188,0.1476,StoppingVariableSpeed,extended
23.1567,453,0.0,0.0,0.0,0.0,0.0,0.0,0.0,0.0,0.0,0.0,3.16406,0.0,0.0188,0.1476,StoppingVariableSpeed,extended
23.2068,454,0.0,0.0,0.0,0.0,0.0,0.0,0.0,0.0,0.0,0.0,3.33984,3.51032,0.0188,0.1476,StoppingVariableSpeed,extended
23.2569,455,0.0,0.0,0.0,0.0,0.0,0.0,0.0,0.0,0.0,0.0,3.16406,-3.51084,0.0188,0.1476,StoppingVariableSpeed,extended
23.3069,456,0.0,0.0,0.0,0.0,0.0,0.0,0.0,0.0,0.0,0.0,3.16406,0.0,0.0188,0.1476,StoppingVariableSpeed,extended
23.357,457,0.0,0.0,0.0,0.0,0.0,0.0,0.0,0.0,0.0,0.0,2.98828,-3.51032,0.0188,0.1476,StoppingVariableSpeed,extended
23.4071,458,0.0,0.0,0.0,0.0,0.0,0.0,0.0,0.0,0.0,0.0,2.8125,-3.51036,0.0188,0.1476,StoppingVariableSpeed,extended
23.4572,459,0.0,0.0,0.0,0.0,0.0,0.0,0.0,0.0,0.0,0.0,2.63672,-3.51076,0.0188,0.1476,StoppingVariableSpeed,extended
23.5072,460,0.0,0.0,0.0,0.0,0.0,0.0,0.0,0.0,0.0,0.0,2.28516,-7.02161,0.0188,0.1476,StoppingVariableSpeed,extended
23.5573,461,0.0,0.0,0.0,0.0,0.0,0.0,0.0,0.0,0.0,0.0,2.10938,-3.51072,0.0188,0.1476,StoppingVariableSpeed,extended
23.6073,462,0.0,0.0,0.0,0.0,0.0,0.0,0.0,0.0,0.0,0.0,1.75781,-7.02633,0.0188,0.1476,StoppingVariableSpeed,extended
23.6574,463,0.0,0.0,0.0,0.0,0.0,0.0,0.0,0.0,0.0,0.0,1.23047,-10.5329,0.0188,0.1476,StoppingVariableSpeed,extended
23.7075,464,0.0,0.0,0.0,0.0,0.0,0.0,0.0,0.0,0.0,0.0,0.878906,-7.02165,0.0188,0.1476,StoppingVariableSpeed,extended
23.7575,465,0.0,0.0,0.0,0.0,0.0,0.0,0.0,0.0,0.0,0.0,0.351562,-10.5327,0.0188,0.1476,StoppingVariableSpeed,extended
23.8076,466,0.0,0.0,0.0,0.0,0.0,0.0,0.0,0.0,0.0,0.0,0.0,-7.02148,0.0188,0.1476,StoppingVariableSpeed,extended
23.8577,467,0.0,0.0,0.0,0.0,0.0,0.0,0.0,0.0,0.0,0.0,-0.527344,-10.5332,0.0188,0.1476,StoppingVariableSpeed,extended
23.9077,468,0.0,0.0,0.0,0.0,0.0,0.0,0.0,0.0,0.0,0.0,-0.878906,-7.02105,0.0188,0.1476,StoppingVariableSpeed,extended
23.9578,469,0.0,0.0,0.0,0.0,0.0,0.0,0.0,0.0,0.0,0.0,-1.40625,-10.533,0.0188,0.1476,StoppingVariableSpeed,extended
24.0079,470,0.0,0.0,0.0,0.0,0.0,0.0,0.0,0.0,0.0,0.0,-1.75781,-7.02115,0.0188,0.1476,StoppingVariableSpeed,extended
24.0579,471,0.0,0.0,0.0,0.0,0.0,0.0,0.0,0.0,0.0,0.0,-2.10938,-7.02138,0.0188,0.1476,StoppingVariableSpeed,extended
24.108,472,0.0,0.0,0.0,0.0,0.0,0.0,0.0,0.0,0.0,0.0,-2.46094,-7.02161,0.0188,0.1476,StoppingVariableSpeed,extended
24.1581,473,0.0,0.0,0.0,0.0,0.0,0.0,0.0,0.0,0.0,0.0,-2.8125,-7.02105,0.0188,0.1476,StoppingVariableSpeed,extended
24.2082,474,0.0,0.0,0.0,0.0,0.0,0.0,0.0,0.0,0.0,0.0,-3.16406,-7.02031,0.0188,0.1476,StoppingVariableSpeed,extended
24.2582,475,0.0,0.0,0.0,0.0,0.0,0.0,0.0,0.0,0.0,0.0,-3.33984,-3.51076,0.0188,0.1476,StoppingVariableSpeed,extended
24.3083,476,0.0,0.0,0.0,0.0,0.0,0.0,0.0,0.0,0.0,0.0,-3.51562,-3.51081,0.0188,0.1476,StoppingVariableSpeed,extended
24.3583,477,0.0,0.0,0.0,0.0,0.0,0.0,0.0,0.0,0.0,0.0,-3.69141,-3.51353,0.0188,0.1476,StoppingVariableSpeed,extended
24.4633,478,0.0,0.0,0.0,0.0,0.0,0.0,0.0,0.0,0.0,0.0,-3.86719,-1.67433,0.00674,0.13537,StoppingVariableSpeed,seated
24.5134,479,0.0,0.0,0.0,0.0,0.0,0.0,0.0,0.0,0.0,0.0,-3.86719,0.0,0.00674,0.13537,StoppingVariableSpeed,seated
24.5634,480,0.0,0.0,0.0,0.0,0.0,0.0,0.0,0.0,0.0,0.0,-3.86719,0.0,0.00674,0.13537,StoppingVariableSpeed,seated
24.6135,481,0.0,0.0,0.0,0.0,0.0,0.0,0.0,0.0,0.0,0.0,-3.69141,3.51056,0.00674,0.13537,StoppingVariableSpeed,seated
24.6636,482,0.0,0.0,0.0,0.0,0.0,0.0,0.0,0.0,0.0,0.0,-3.51562,3.51034,0.00674,0.13537,StoppingVariableSpeed,seated
24.7137,483,0.0,0.0,0.0,0.0,0.0,0.0,0.0,0.0,0.0,0.0,-3.33984,3.51044,0.00674,0.13537,StoppingVariableSpeed,seated
24.7637,484,0.0,0.0,0.0,0.0,0.0,0.0,0.0,0.0,0.0,0.0,-2.98828,7.02155,0.00674,0.13537,StoppingVariableSpeed,seated
24.8138,485,0.0,0.0,0.0,0.0,0.0,0.0,0.0,0.0,0.0,0.0,-2.63672,7.02165,0.00674,0.13537,StoppingVariableSpeed,seated
24.8639,486,0.0,0.0,0.0,0.0,0.0,0.0,0.0,0.0,0.0,0.0,-2.46094,3.51074,0.00674,0.13537,StoppingVariableSpeed,seated
24.914,487,0.0,0.0,0.0,0.0,0.0,0.0,0.0,0.0,0.0,0.0,-1.93359,10.5312,0.00674,0.13537,StoppingVariableSpeed,seated
24.964,488,0.0,0.0,0.0,0.0,0.0,0.0,0.0,0.0,0.0,0.0,-1.58203,7.02155,0.00674,0.13537,StoppingVariableSpeed,seated
25.0141,489,0.0,0.0,0.0,0.0,0.0,0.0,0.0,0.0,0.0,0.0,-1.05469,10.5321,0.00674,0.13537,StoppingVariableSpeed,seated
25.0642,490,0.0,0.0,0.0,0.0,0.0,0.0,0.0,0.0,0.0,0.0,-0.703125,7.02051,0.00674,0.13537,StoppingVariableSpeed,seated
25.1142,491,0.0,0.0,0.0,0.0,0.0,0.0,0.0,0.0,0.0,0.0,-0.175781,10.5317,0.00674,0.13537,StoppingVariableSpeed,seated
25.1643,492,0.0,0.0,0.0,0.0,0.0,0.0,0.0,0.0,0.0,0.0,0.351562,10.5304,0.00674,0.13537,StoppingVariableSpeed,seated
25.2144,493,0.0,0.0,0.0,0.0,0.0,0.0,0.0,0.0,0.0,0.0,0.703125,7.02175,0.00674,0.13537,StoppingVariableSpeed,seated
25.2645,494,0.0,0.0,0.0,0.0,0.0,0.0,0.0,0.0,0.0,0.0,1.23047,10.5322,0.00674,0.13537,StoppingVariableSpeed,seated
25.3145,495,0.0,0.0,0.0,0.0,0.0,0.0,0.0,0.0,0.0,0.0,1.58203,7.02128,0.00674,0.13537,StoppingVariableSpeed,seated
25.3646,496,0.0,0.0,0.0,0.0,0.0,0.0,0.0,0.0,0.0,0.0,1.93359,7.02081,0.00674,0.13537,StoppingVariableSpeed,seated
25.4147,497,0.0,0.0,0.0,0.0,0.0,0.0,0.0,0.0,0.0,0.0,2.28516,7.02021,0.00674,0.13537,StoppingVariableSpeed,seated
25.4647,498,0.0,0.0,0.0,0.0,0.0,0.0,0.0,0.0,0.0,0.0,2.63672,7.02151,0.00674,0.13537,StoppingVariableSpeed,seated
25.5148,499,0.0,0.0,0.0,0.0,0.0,0.0,0.0,0.0,0.0,0.0,2.8125,3.51067,0.00674,0.13537,StoppingVariableSpeed,seated
25.5649,500,0.0,0.0,0.0,0.0,0.0,0.0,0.0,0.0,0.0,0.0,3.16406,7.02145,0.00674,0.13537,StoppingVariableSpeed,seated
25.615,501,0.0,0.0,0.0,0.0,0.0,0.0,0.0,0.0,0.0,0.0,3.33984,3.51079,0.00674,0.13537,StoppingVariableSpeed,seated
25.665,502,0.0,0.0,0.0,0.0,0.0,0.0,0.0,0.0,0.0,0.0,3.51562,3.51077,0.00674,0.13537,StoppingVariableSpeed,seated
25.7151,503,0.0,0.0,0.0,0.0,0.0,0.0,0.0,0.0,0.0,0.0,3.51562,0.0,0.00674,0.13537,StoppingVariableSpeed,seated
25.7652,504,0.0,0.0,0.0,0.0,0.0,0.0,0.0,0.0,0.0,0.0,3.51562,0.0,0.00674,0.13537,StoppingVariableSpeed,seated
25.8152,505,0.0,0.0,0.0,0.0,0.0,0.0,0.0,0.0,0.0,0.0,3.51562,0.0,0.00674,0.13537,StoppingVariableSpeed,seated
25.8653,506,0.0,0.0,0.0,0.0,0.0,0.0,0.0,0.0,0.0,0.0,3.51562,0.0,0.00674,0.13537,StoppingVariableSpeed,seated
25.9153,507,0.0,0.0,0.0,0.0,0.0,0.0,0.0,0.0,0.0,0.0,3.16406,-7.02858,0.00674,0.13537,StoppingVariableSpeed,seated
25.9654,508,0.0,0.0,0.0,0.0,0.0,0.0,0.0,0.0,0.0,0.0,3.16406,0.0,0.00674,0.13537,StoppingVariableSpeed,seated
26.0155,509,0.0,0.0,0.0,0.0,0.0,0.0,0.0,0.0,0.0,0.0,2.8125,-7.02171,0.00674,0.13537,StoppingVariableSpeed,seated
26.0655,510,0.0,0.0,0.0,0.0,0.0,0.0,0.0,0.0,0.0,0.0,2.63672,-3.51071,0.00674,0.13537,StoppingVariableSpeed,seated
26.1156,511,0.0,0.0,0.0,0.0,0.0,0.0,0.0,0.0,0.0,0.0,2.28516,-7.02141,0.00674,0.13537,StoppingVariableSpeed,seated
26.1657,512,0.0,0.0,0.0,0.0,0.0,0.0,0.0,0.0,0.0,0.0,1.93359,-7.02151,0.00674,0.13537,StoppingVariableSpeed,seated
26.2157,513,0.0,0.0,0.0,0.0,0.0,0.0,0.0,0.0,0.0,0.0,1.40625,-10.5324,0.00674,0.13537,StoppingVariableSpeed,seated
26.2658,514,0.0,0.0,0.0,0.0,0.0,0.0,0.0,0.0,0.0,0.0,1.05469,-7.02118,0.00674,0.13537,StoppingVariableSpeed,seated
26.3159,515,0.0,0.0,0.0,0.0,0.0,0.0,0.0,0.0,0.0,0.0,0.703125,-7.02145,0.00674,0.13537,StoppingVariableSpeed,seated
26.3659,516,0.0,0.0,0.0,0.0,0.0,0.0,0.0,0.0,0.0,0.0,0.175781,-10.5321,0.00674,0.13537,StoppingVariableSpeed,seated
26.416,517,0.0,0.0,0.0,0.0,0.0,0.0,0.0,0.0,0.0,0.0,-0.175781,-7.02195,0.00674,0.13537,StoppingVariableSpeed,seated
26.4661,518,0.0,0.0,0.0,0.0,0.0,0.0,0.0,0.0,0.0,0.0,-0.703125,-10.531,0.00674,0.13537,StoppingVariableSpeed,seated
26.5162,519,0.0,0.0,0.0,0.0,0.0,0.0,0.0,0.0,0.0,0.0,-1.05469,-7.02061,0.00674,0.13537,StoppingVariableSpeed,seated
26.5663,520,0.0,0.0,0.0,0.0,0.0,0.0,0.0,0.0,0.0,0.0,-1.58203,-10.5273,0.00674,0.13537,StoppingVariableSpeed,seated
26.6163,521,0.0,0.0,0.0,0.0,0.0,0.0,0.0,0.0,0.0,0.0,-1.93359,-7.02148,0.00674,0.13537,StoppingVariableSpeed,seated
26.6664,522,0.0,0.0,0.0,0.0,0.0,0.0,0.0,0.0,0.0,0.0,-2.28516,-7.02175,0.00674,0.13537,StoppingVariableSpeed,seated
26.7165,523,0.0,0.0,0.0,0.0,0.0,0.0,0.0,0.0,0.0,0.0,-2.63672,-7.02202,0.00674,0.13537,StoppingVariableSpeed,seated
26.7665,524,0.0,0.0,0.0,0.0,0.0,0.0,0.0,0.0,0.0,0.0,-2.8125,-3.51086,0.00674,0.13537,StoppingVariableSpeed,seated
26.8166,525,0.0,0.0,0.0,0.0,0.0,0.0,0.0,0.0,0.0,0.0,-3.16406,-7.02115,0.00674,0.13537,StoppingVariableSpeed,seated
26.8667,526,0.0,0.0,0.0,0.0,0.0,0.0,0.0,0.0,0.0,0.0,-3.33984,-3.51069,0.00674,0.13537,StoppingVariableSpeed,seated
26.9683,527,0.0,0.0,0.0,0.0,0.0,0.0,0.0,0.0,0.0,0.0,-3.51562,-1.72941,0.0188,0.1476,StoppingVariableSpeed,extended
27.0184,528,0.0,0.0,0.0,0.0,0.0,0.0,0.0,0.0,0.0,0.0,-3.69141,-3.51079,0.0188,0.1476,StoppingVariableSpeed,extended
27.0685,529,0.0,0.0,0.0,0.0,0.0,0.0,0.0,0.0,0.0,0.0,-3.51562,3.51079,0.0188,0.1476,StoppingVariableSpeed,extended
27.1185,530,0.0,0.0,0.0,0.0,0.0,0.0,0.0,0.0,0.0,0.0,-3.51562,0.0,0.0188,0.1476,StoppingVariableSpeed,extended
27.1686,531,0.0,0.0,0.0,0.0,0.0,0.0,0.0,0.0,0.0,0.0,-3.51562,0.0,0.0188,0.1476,StoppingVariableSpeed,extended
27.2187,532,0.0,0.0,0.0,0.0,0.0,0.0,0.0,0.0,0.0,0.0,-3.33984,3.51074,0.0188,0.1476,StoppingVariableSpeed,extended
27.2687,533,0.0,0.0,0.0,0.0,0.0,0.0,0.0,0.0,0.0,0.0,-3.16406,3.51087,0.0188,0.1476,StoppingVariableSpeed,extended
27.3188,534,0.0,0.0,0.0,0.0,0.0,0.0,0.0,0.0,0.0,0.0,-2.8125,7.02158,0.0188,0.1476,StoppingVariableSpeed,extended
27.3689,535,0.0,0.0,0.0,0.0,0.0,0.0,0.0,0.0,0.0,0.0,-2.63672,3.51071,0.0188,0.1476,StoppingVariableSpeed,extended
27.4189,536,0.0,0.0,0.0,0.0,0.0,0.0,0.0,0.0,0.0,0.0,-2.28516,7.02081,0.0188,0.1476,StoppingVariableSpeed,extended
27.469,537,0.0,0.0,0.0,0.0,0.0,0.0,0.0,0.0,0.0,0.0,-1.93359,7.02148,0.0188,0.1476,StoppingVariableSpeed,extended
27.5191,538,0.0,0.0,0.0,0.0,0.0,0.0,0.0,0.0,0.0,0.0,-1.40625,10.5326,0.0188,0.1476,StoppingVariableSpeed,extended
27.5692,539,0.0,0.0,0.0,0.0,0.0,0.0,0.0,0.0,0.0,0.0,-1.05469,7.02145,0.0188,0.1476,StoppingVariableSpeed,extended
27.6192,540,0.0,0.0,0.0,0.0,0.0,0.0,0.0,0.0,0.0,0.0,-0.527344,10.5321,0.0188,0.1476,StoppingVariableSpeed,extended
27.6693,541,0.0,0.0,0.0,0.0,0.0,0.0,0.0,0.0,0.0,0.0,-0.175781,7.02081,0.0188,0.1476,StoppingVariableSpeed,extended
27.7194,542,0.0,0.0,0.0,0.0,0.0,0.0,0.0,0.0,0.0,0.0,0.175781,7.02148,0.0188,0.1476,StoppingVariableSpeed,extended
27.7694,543,0.0,0.0,0.0,0.0,0.0,0.0,0.0,0.0,0.0,0.0,0.703125,10.5328,0.0188,0.1476,StoppingVariableSpeed,extended
27.8195,544,0.0,0.0,0.0,0.0,0.0,0.0,0.0,0.0,0.0,0.0,1.05469,7.02171,0.0188,0.1476,StoppingVariableSpeed,extended
27.8696,545,0.0,0.0,0.0,0.0,0.0,0.0,0.0,0.0,0.0,0.0,1.40625,7.02071,0.0188,0.1476,StoppingVariableSpeed,extended
27.9196,546,0.0,0.0,0.0,0.0,0.0,0.0,0.0,0.0,0.0,0.0,1.75781,7.02095,0.0188,0.1476,StoppingVariableSpeed,extended
27.9697,547,0.0,0.0,0.0,0.0,0.0,0.0,0.0,0.0,0.0,0.0,2.10938,7.02158,0.0188,0.1476,StoppingVariableSpeed,extended
28.0198,548,0.0,0.0,0.0,0.0,0.0,0.0,0.0,0.0,0.0,0.0,2.46094,7.02198,0.0188,0.1476,StoppingVariableSpeed,extended
28.0699,549,0.0,0.0,0.0,0.0,0.0,0.0,0.0,0.0,0.0,0.0,2.63672,3.51077,0.0188,0.1476,StoppingVariableSpeed,extended
28.1199,550,0.0,0.0,0.0,0.0,0.0,0.0,0.0,0.0,0.0,0.0,2.8125,3.51027,0.0188,0.1476,StoppingVariableSpeed,extended
28.17,551,0.0,0.0,0.0,0.0,0.0,0.0,0.0,0.0,0.0,0.0,2.98828,3.51066,0.0188,0.1476,StoppingVariableSpeed,extended
28.2201,552,0.0,0.0,0.0,0.0,0.0,0.0,0.0,0.0,0.0,0.0,3.16406,3.51079,0.0188,0.1476,StoppingVariableSpeed,extended
28.2701,553,0.0,0.0,0.0,0.0,0.0,0.0,0.0,0.0,0.0,0.0,3.16406,0.0,0.0188,0.1476,StoppingVariableSpeed,extended
28.3202,554,0.0,0.0,0.0,0.0,0.0,0.0,0.0,0.0,0.0,0.0,3.16406,0.0,0.0188,0.1476,StoppingVariableSpeed,extended
28.3703,555,0.0,0.0,0.0,0.0,0.0,0.0,0.0,0.0,0.0,0.0,3.16406,0.0,0.0188,0.1476,StoppingVariableSpeed,extended
28.4203,556,0.0,0.0,0.0,0.0,0.0,0.0,0.0,0.0,0.0,0.0,2.98828,-3.51268,0.0188,0.1476,StoppingVariableSpeed,extended
28.4704,557,0.0,0.0,0.0,0.0,0.0,0.0,0.0,0.0,0.0,0.0,2.8125,-3.51081,0.0188,0.1476,StoppingVariableSpeed,extended
28.5205,558,0.0,0.0,0.0,0.0,0.0,0.0,0.0,0.0,0.0,0.0,2.63672,-3.51086,0.0188,0.1476,StoppingVariableSpeed,extended
28.5705,559,0.0,0.0,0.0,0.0,0.0,0.0,0.0,0.0,0.0,0.0,2.46094,-3.51044,0.0188,0.1476,StoppingVariableSpeed,extended
28.6206,560,0.0,0.0,0.0,0.0,0.0,0.0,0.0,0.0,0.0,0.0,2.10938,-7.02125,0.0188,0.1476,StoppingVariableSpeed,extended
28.6707,561,0.0,0.0,0.0,0.0,0.0,0.0,0.0,0.0,0.0,0.0,1.75781,-7.02148,0.0188,0.1476,StoppingVariableSpeed,extended
28.7207,562,0.0,0.0,0.0,0.0,0.0,0.0,0.0,0.0,0.0,0.0,1.40625,-7.02131,0.0188,0.1476,StoppingVariableSpeed,extended
28.7708,563,0.0,0.0,0.0,0.0,0.0,0.0,0.0,0.0,0.0,0.0,1.05469,-7.02084,0.0188,0.1476,StoppingVariableSpeed,extended
28.8209,564,0.0,0.0,0.0,0.0,0.0,0.0,0.0,0.0,0.0,0.0,0.527344,-10.532,0.0188,0.1476,StoppingVariableSpeed,extended
28.871,565,0.0,0.0,0.0,0.0,0.0,0.0,0.0,0.0,0.0,0.0,0.175781,-7.02135,0.0188,0.1476,StoppingVariableSpeed,extended
28.921,566,0.0,0.0,0.0,0.0,0.0,0.0,0.0,0.0,0.0,0.0,-0.351562,-10.5322,0.0188,0.1476,StoppingVariableSpeed,extended
28.9711,567,0.0,0.0,0.0,0.0,0.0,0.0,0.0,0.0,0.0,0.0,-0.703125,-7.02115,0.0188,0.1476,StoppingVariableSpeed,extended
29.0212,568,0.0,0.0,0.0,0.0,0.0,0.0,0.0,0.0,0.0,0.0,-1.05469,-7.02181,0.0188,0.1476,StoppingVariableSpeed,extended
29.0712,569,0.0,0.0,0.0,0.0,0.0,0.0,0.0,0.0,0.0,0.0,-1.58203,-10.5327,0.0188,0.1476,StoppingVariableSpeed,extended
29.1213,570,0.0,0.0,0.0,0.0,0.0,0.0,0.0,0.0,0.0,0.0,-1.93359,-7.02135,0.0188,0.1476,StoppingVariableSpeed,extended
29.1714,571,0.0,0.0,0.0,0.0,0.0,0.0,0.0,0.0,0.0,0.0,-2.28516,-7.02161,0.0188,0.1476,StoppingVariableSpeed,extended
29.2214,572,0.0,0.0,0.0,0.0,0.0,0.0,0.0,0.0,0.0,0.0,-2.63672,-7.02158,0.0188,0.1476,StoppingVariableSpeed,extended
29.2715,573,0.0,0.0,0.0,0.0,0.0,0.0,0.0,0.0,0.0,0.0,-2.98828,-7.02115,0.0188,0.1476,StoppingVariableSpeed,extended
29.3216,574,0.0,0.0,0.0,0.0,0.0,0.0,0.0,0.0,0.0,0.0,-3.16406,-3.51069,0.0188,0.1476,StoppingVariableSpeed,extended
29.3717,575,0.0,0.0,0.0,0.0,0.0,0.0,0.0,0.0,0.0,0.0,-3.33984,-3.51067,0.0188,0.1476,StoppingVariableSpeed,extended
29.4577,576,0.0,0.0,0.0,0.0,0.0,0.0,0.0,0.0,0.0,0.0,-3.69141,-4.08805,0.00674,0.13537,StoppingVariableSpeed,seated
29.5077,577,0.0,0.0,0.0,0.0,0.0,0.0,0.0,0.0,0.0,0.0,-3.69141,0.0,0.00674,0.13537,StoppingVariableSpeed,seated
29.5578,578,0.0,0.0,0.0,0.0,0.0,0.0,0.0,0.0,0.0,0.0,-3.86719,-3.51076,0.00674,0.13537,StoppingVariableSpeed,seated
29.6079,579,0.0,0.0,0.0,0.0,0.0,0.0,0.0,0.0,0.0,0.0,-3.69141,3.51067,0.00674,0.13537,StoppingVariableSpeed,seated
29.6579,580,0.0,0.0,0.0,0.0,0.0,0.0,0.0,0.0,0.0,0.0,-3.69141,0.0,0.00674,0.13537,StoppingVariableSpeed,seated
29.708,581,0.0,0.0,0.0,0.0,0.0,0.0,0.0,0.0,0.0,0.0,-3.51562,3.51066,0.00674,0.13537,StoppingVariableSpeed,seated
29.7581,582,0.0,0.0,0.0,0.0,0.0,0.0,0.0,0.0,0.0,0.0,-3.33984,3.51071,0.00674,0.13537,StoppingVariableSpeed,seated
29.8081,583,0.0,0.0,0.0,0.0,0.0,0.0,0.0,0.0,0.0,0.0,-3.16406,3.51077,0.00674,0.13537,StoppingVariableSpeed,seated
29.8582,584,0.0,0.0,0.0,0.0,0.0,0.0,0.0,0.0,0.0,0.0,-2.8125,7.02151,0.00674,0.13537,StoppingVariableSpeed,seated
29.9083,585,0.0,0.0,0.0,0.0,0.0,0.0,0.0,0.0,0.0,0.0,-2.46094,7.02148,0.00674,0.13537,StoppingVariableSpeed,seated
29.9584,586,0.0,0.0,0.0,0.0,0.0,0.0,0.0,0.0,0.0,0.0,-2.10938,7.02048,0.00674,0.13537,StoppingVariableSpeed,seated
30.0084,587,0.0,0.0,0.0,0.0,0.0,0.0,0.0,0.0,0.0,0.0,-1.75781,7.02208,0.00674,0.13537,StoppingVariableSpeed,seated
30.0585,588,0.0,0.0,0.0,0.0,0.0,0.0,0.0,0.0,0.0,0.0,-1.40625,7.0274,0.00674,0.13537,StoppingVariableSpeed,seated
30.1085,589,0.0,0.0,0.0,0.0,0.0,0.0,0.0,0.0,0.0,0.0,-0.878906,10.5318,0.00674,0.13537,StoppingVariableSpeed,seated
30.1586,590,0.0,0.0,0.0,0.0,0.0,0.0,0.0,0.0,0.0,0.0,-0.527344,7.02131,0.00674,0.13537,StoppingVariableSpeed,seated
30.2087,591,0.0,0.0,0.0,0.0,0.0,0.0,0.0,0.0,0.0,0.0,0.0,10.5319,0.00674,0.13537,StoppingVariableSpeed,seated
30.2587,592,0.0,0.0,0.0,0.0,0.0,0.0,0.0,0.0,0.0,0.0,0.351562,7.02068,0.00674,0.13537,StoppingVariableSpeed,seated
30.3088,593,0.0,0.0,0.0,0.0,0.0,0.0,0.0,0.0,0.0,0.0,0.878906,10.5324,0.00674,0.13537,StoppingVariableSpeed,seated
30.3589,594,0.0,0.0,0.0,0.0,0.0,0.0,0.0,0.0,0.0,0.0,1.23047,7.02158,0.00674,0.13537,StoppingVariableSpeed,seated
30.409,595,0.0,0.0,0.0,0.0,0.0,0.0,0.0,0.0,0.0,0.0,1.58203,7.02131,0.00674,0.13537,StoppingVariableSpeed,seated
30.459,596,0.0,0.0,0.0,0.0,0.0,0.0,0.0,0.0,0.0,0.0,1.93359,7.02125,0.00674,0.13537,StoppingVariableSpeed,seated
30.5091,597,0.0,0.0,0.0,0.0,0.0,0.0,0.0,0.0,0.0,0.0,2.28516,7.02178,0.00674,0.13537,StoppingVariableSpeed,seated
30.5592,598,0.0,0.0,0.0,0.0,0.0,0.0,0.0,0.0,0.0,0.0,2.63672,7.02148,0.00674,0.13537,StoppingVariableSpeed,seated
30.6092,599,0.0,0.0,0.0,0.0,0.0,0.0,0.0,0.0,0.0,0.0,2.8125,3.51087,0.00674,0.13537,StoppingVariableSpeed,seated
30.6593,600,0.0,0.0,0.0,0.0,0.0,0.0,0.0,0.0,0.0,0.0,3.16406,7.02048,0.00674,0.13537,StoppingVariableSpeed,seated
30.7093,601,0.0,0.0,0.0,0.0,0.0,0.0,0.0,0.0,0.0,0.0,3.16406,0.0,0.00674,0.13537,StoppingVariableSpeed,seated
30.7594,602,0.0,0.0,0.0,0.0,0.0,0.0,0.0,0.0,0.0,0.0,3.33984,3.51067,0.00674,0.13537,StoppingVariableSpeed,seated
30.8095,603,0.0,0.0,0.0,0.0,0.0,0.0,0.0,0.0,0.0,0.0,3.33984,0.0,0.00674,0.13537,StoppingVariableSpeed,seated
30.8595,604,0.0,0.0,0.0,0.0,0.0,0.0,0.0,0.0,0.0,0.0,3.33984,0.0,0.00674,0.13537,StoppingVariableSpeed,seated
30.9096,605,0.0,0.0,0.0,0.0,0.0,0.0,0.0,0.0,0.0,0.0,3.33984,0.0,0.00674,0.13537,StoppingVariableSpeed,seated
30.9597,606,0.0,0.0,0.0,0.0,0.0,0.0,0.0,0.0,0.0,0.0,3.16406,-3.51069,0.00674,0.13537,StoppingVariableSpeed,seated
31.0098,607,0.0,0.0,0.0,0.0,0.0,0.0,0.0,0.0,0.0,0.0,3.16406,0.0,0.00674,0.13537,StoppingVariableSpeed,seated
31.0598,608,0.0,0.0,0.0,0.0,0.0,0.0,0.0,0.0,0.0,0.0,2.98828,-3.51101,0.00674,0.13537,StoppingVariableSpeed,seated
31.1099,609,0.0,0.0,0.0,0.0,0.0,0.0,0.0,0.0,0.0,0.0,2.63672,-7.02131,0.00674,0.13537,StoppingVariableSpeed,seated
31.16,610,0.0,0.0,0.0,0.0,0.0,0.0,0.0,0.0,0.0,0.0,2.46094,-3.51064,0.00674,0.13537,StoppingVariableSpeed,seated
31.21,611,0.0,0.0,0.0,0.0,0.0,0.0,0.0,0.0,0.0,0.0,2.10938,-7.02168,0.00674,0.13537,StoppingVariableSpeed,seated
31.2601,612,0.0,0.0,0.0,0.0,0.0,0.0,0.0,0.0,0.0,0.0,1.75781,-7.02138,0.00674,0.13537,StoppingVariableSpeed,seated
31.3102,613,0.0,0.0,0.0,0.0,0.0,0.0,0.0,0.0,0.0,0.0,1.40625,-7.02135,0.00674,0.13537,StoppingVariableSpeed,seated
31.3602,614,0.0,0.0,0.0,0.0,0.0,0.0,0.0,0.0,0.0,0.0,0.878906,-10.5322,0.00674,0.13537,StoppingVariableSpeed,seated
31.4103,615,0.0,0.0,0.0,0.0,0.0,0.0,0.0,0.0,0.0,0.0,0.527344,-7.02145,0.00674,0.13537,StoppingVariableSpeed,seated
31.4604,616,0.0,0.0,0.0,0.0,0.0,0.0,0.0,0.0,0.0,0.0,0.0,-10.5319,0.00674,0.13537,StoppingVariableSpeed,seated
31.5104,617,0.0,0.0,0.0,0.0,0.0,0.0,0.0,0.0,0.0,0.0,-0.351562,-7.02178,0.00674,0.13537,StoppingVariableSpeed,seated
31.5605,618,0.0,0.0,0.0,0.0,0.0,0.0,0.0,0.0,0.0,0.0,-0.703125,-7.02218,0.00674,0.13537,StoppingVariableSpeed,seated
31.6106,619,0.0,0.0,0.0,0.0,0.0,0.0,0.0,0.0,0.0,0.0,-1.23047,-10.5318,0.00674,0.13537,StoppingVariableSpeed,seated
31.6607,620,0.0,0.0,0.0,0.0,0.0,0.0,0.0,0.0,0.0,0.0,-1.58203,-7.02148,0.00674,0.13537,StoppingVariableSpeed,seated
31.7107,621,0.0,0.0,0.0,0.0,0.0,0.0,0.0,0.0,0.0,0.0,-1.93359,-7.02158,0.00674,0.13537,StoppingVariableSpeed,seated
31.7608,622,0.0,0.0,0.0,0.0,0.0,0.0,0.0,0.0,0.0,0.0,-2.28516,-7.02155,0.00674,0.13537,StoppingVariableSpeed,seated
31.8109,623,0.0,0.0,0.0,0.0,0.0,0.0,0.0,0.0,0.0,0.0,-2.63672,-7.02151,0.00674,0.13537,StoppingVariableSpeed,seated
31.8609,624,0.0,0.0,0.0,0.0,0.0,0.0,0.0,0.0,0.0,0.0,-2.8125,-3.51076,0.00674,0.13537,StoppingVariableSpeed,seated
31.911,625,0.0,0.0,0.0,0.0,0.0,0.0,0.0,0.0,0.0,0.0,-3.16406,-7.02148,0.00674,0.13537,StoppingVariableSpeed,seated
32.2788,626,0.0,0.0,0.0,0.0,0.0,0.0,0.0,0.0,0.0,0.0,-3.33984,-0.477916,0.0188,0.1476,StoppingVariableSpeed,extended
32.3289,627,0.0,0.0,0.0,0.0,0.0,0.0,0.0,0.0,0.0,0.0,-3.16406,3.51067,0.0188,0.1476,StoppingVariableSpeed,extended
32.379,628,0.0,0.0,0.0,0.0,0.0,0.0,0.0,0.0,0.0,0.0,-2.8125,7.02158,0.0188,0.1476,StoppingVariableSpeed,extended
32.429,629,0.0,0.0,0.0,0.0,0.0,0.0,0.0,0.0,0.0,0.0,-2.63672,3.51072,0.0188,0.1476,StoppingVariableSpeed,extended
32.4791,630,0.0,0.0,0.0,0.0,0.0,0.0,0.0,0.0,0.0,0.0,-2.28516,7.02181,0.0188,0.1476,StoppingVariableSpeed,extended
32.5292,631,0.0,0.0,0.0,0.0,0.0,0.0,0.0,0.0,0.0,0.0,-1.93359,7.02165,0.0188,0.1476,StoppingVariableSpeed,extended
32.5792,632,0.0,0.0,0.0,0.0,0.0,0.0,0.0,0.0,0.0,0.0,-1.58203,7.02138,0.0188,0.1476,StoppingVariableSpeed,extended
32.6293,633,0.0,0.0,0.0,0.0,0.0,0.0,0.0,0.0,0.0,0.0,-1.23047,7.02161,0.0188,0.1476,StoppingVariableSpeed,extended
32.6793,634,0.0,0.0,0.0,0.0,0.0,0.0,0.0,0.0,0.0,0.0,-0.703125,10.5419,0.0188,0.1476,StoppingVariableSpeed,extended
32.7294,635,0.0,0.0,0.0,0.0,0.0,0.0,0.0,0.0,0.0,0.0,-0.351562,7.02161,0.0188,0.1476,StoppingVariableSpeed,extended
32.7795,636,0.0,0.0,0.0,0.0,0.0,0.0,0.0,0.0,0.0,0.0,0.0,7.02105,0.0188,0.1476,StoppingVariableSpeed,extended
32.8295,637,0.0,0.0,0.0,0.0,0.0,0.0,0.0,0.0,0.0,0.0,0.351562,7.02128,0.0188,0.1476,StoppingVariableSpeed,extended
32.8796,638,0.0,0.0,0.0,0.0,0.0,0.0,0.0,0.0,0.0,0.0,0.878906,10.5327,0.0188,0.1476,StoppingVariableSpeed,extended
32.9297,639,0.0,0.0,0.0,0.0,0.0,0.0,0.0,0.0,0.0,0.0,1.23047,7.02165,0.0188,0.1476,StoppingVariableSpeed,extended
32.9797,640,0.0,0.0,0.0,0.0,0.0,0.0,0.0,0.0,0.0,0.0,1.58203,7.02135,0.0188,0.1476,StoppingVariableSpeed,extended
33.0298,641,0.0,0.0,0.0,0.0,0.0,0.0,0.0,0.0,0.0,0.0,1.93359,7.02171,0.0188,0.1476,StoppingVariableSpeed,extended
33.0799,642,0.0,0.0,0.0,0.0,0.0,0.0,0.0,0.0,0.0,0.0,2.28516,7.02171,0.0188,0.1476,StoppingVariableSpeed,extended
33.13,643,0.0,0.0,0.0,0.0,0.0,0.0,0.0,0.0,0.0,0.0,2.46094,3.51036,0.0188,0.1476,StoppingVariableSpeed,extended
33.18,644,0.0,0.0,0.0,0.0,0.0,0.0,0.0,0.0,0.0,0.0,2.63672,3.51082,0.0188,0.1476,StoppingVariableSpeed,extended
33.2301,645,0.0,0.0,0.0,0.0,0.0,0.0,0.0,0.0,0.0,0.0,2.8125,3.51067,0.0188,0.1476,StoppingVariableSpeed,extended
33.2802,646,0.0,0.0,0.0,0.0,0.0,0.0,0.0,0.0,0.0,0.0,2.98828,3.51066,0.0188,0.1476,StoppingVariableSpeed,extended
33.3302,647,0.0,0.0,0.0,0.0,0.0,0.0,0.0,0.0,0.0,0.0,3.16406,3.51077,0.0188,0.1476,StoppingVariableSpeed,extended
33.3803,648,0.0,0.0,0.0,0.0,0.0,0.0,0.0,0.0,0.0,0.0,3.16406,0.0,0.0188,0.1476,StoppingVariableSpeed,extended
33.4304,649,0.0,0.0,0.0,0.0,0.0,0.0,0.0,0.0,0.0,0.0,3.16406,0.0,0.0188,0.1476,StoppingVariableSpeed,extended
33.4804,650,0.0,0.0,0.0,0.0,0.0,0.0,0.0,0.0,0.0,0.0,2.98828,-3.51067,0.0188,0.1476,StoppingVariableSpeed,extended
33.5305,651,0.0,0.0,0.0,0.0,0.0,0.0,0.0,0.0,0.0,0.0,2.8125,-3.51072,0.0188,0.1476,StoppingVariableSpeed,extended
33.5806,652,0.0,0.0,0.0,0.0,0.0,0.0,0.0,0.0,0.0,0.0,2.63672,-3.51064,0.0188,0.1476,StoppingVariableSpeed,extended
33.6307,653,0.0,0.0,0.0,0.0,0.0,0.0,0.0,0.0,0.0,0.0,2.46094,-3.51069,0.0188,0.1476,StoppingVariableSpeed,extended
33.6807,654,0.0,0.0,0.0,0.0,0.0,0.0,0.0,0.0,0.0,0.0,2.10938,-7.02135,0.0188,0.1476,StoppingVariableSpeed,extended
33.7308,655,0.0,0.0,0.0,0.0,0.0,0.0,0.0,0.0,0.0,0.0,1.75781,-7.02158,0.0188,0.1476,StoppingVariableSpeed,extended
33.7809,656,0.0,0.0,0.0,0.0,0.0,0.0,0.0,0.0,0.0,0.0,1.58203,-3.51064,0.0188,0.1476,StoppingVariableSpeed,extended
33.8309,657,0.0,0.0,0.0,0.0,0.0,0.0,0.0,0.0,0.0,0.0,1.05469,-10.5319,0.0188,0.1476,StoppingVariableSpeed,extended
33.881,658,0.0,0.0,0.0,0.0,0.0,0.0,0.0,0.0,0.0,0.0,0.703125,-7.02161,0.0188,0.1476,StoppingVariableSpeed,extended
33.9311,659,0.0,0.0,0.0,0.0,0.0,0.0,0.0,0.0,0.0,0.0,0.351562,-7.02051,0.0188,0.1476,StoppingVariableSpeed,extended
33.9812,660,0.0,0.0,0.0,0.0,0.0,0.0,0.0,0.0,0.0,0.0,0.0,-7.02141,0.0188,0.1476,StoppingVariableSpeed,extended
34.0312,661,0.0,0.0,0.0,0.0,0.0,0.0,0.0,0.0,0.0,0.0,-0.527344,-10.5331,0.0188,0.1476,StoppingVariableSpeed,extended
34.0813,662,0.0,0.0,0.0,0.0,0.0,0.0,0.0,0.0,0.0,0.0,-0.878906,-7.02125,0.0188,0.1476,StoppingVariableSpeed,extended
34.1313,663,0.0,0.0,0.0,0.0,0.0,0.0,0.0,0.0,0.0,0.0,-1.40625,-10.5391,0.0188,0.1476,StoppingVariableSpeed,extended
34.1814,664,0.0,0.0,0.0,0.0,0.0,0.0,0.0,0.0,0.0,0.0,-1.75781,-7.02125,0.0188,0.1476,StoppingVariableSpeed,extended
34.2315,665,0.0,0.0,0.0,0.0,0.0,0.0,0.0,0.0,0.0,0.0,-2.10938,-7.02178,0.0188,0.1476,StoppingVariableSpeed,extended
34.2815,666,0.0,0.0,0.0,0.0,0.0,0.0,0.0,0.0,0.0,0.0,-2.46094,-7.02175,0.0188,0.1476,StoppingVariableSpeed,extended
34.3316,667,0.0,0.0,0.0,0.0,0.0,0.0,0.0,0.0,0.0,0.0,-2.8125,-7.02131,0.0188,0.1476,StoppingVariableSpeed,extended
34.3817,668,0.0,0.0,0.0,0.0,0.0,0.0,0.0,0.0,0.0,0.0,-2.98828,-3.51071,0.0188,0.1476,StoppingVariableSpeed,extended
34.4317,669,0.0,0.0,0.0,0.0,0.0,0.0,0.0,0.0,0.0,0.0,-3.16406,-3.51076,0.0188,0.1476,StoppingVariableSpeed,extended
34.5403,670,0.0,0.0,0.0,0.0,0.0,0.0,0.0,0.0,0.0,0.0,-3.51562,-3.23793,0.00674,0.13537,StoppingVariableSpeed,seated
34.5904,671,0.0,0.0,0.0,0.0,0.0,0.0,0.0,0.0,0.0,0.0,-3.69141,-3.51081,0.00674,0.13537,StoppingVariableSpeed,seated
34.6405,672,0.0,0.0,0.0,0.0,0.0,0.0,0.0,0.0,0.0,0.0,-3.69141,0.0,0.00674,0.13537,StoppingVariableSpeed,seated
34.6905,673,0.0,0.0,0.0,0.0,0.0,0.0,0.0,0.0,0.0,0.0,-3.69141,0.0,0.00674,0.13537,StoppingVariableSpeed,seated
34.7406,674,0.0,0.0,0.0,0.0,0.0,0.0,0.0,0.0,0.0,0.0,-3.51562,3.51064,0.00674,0.13537,StoppingVariableSpeed,seated
34.7907,675,0.0,0.0,0.0,0.0,0.0,0.0,0.0,0.0,0.0,0.0,-3.51562,0.0,0.00674,0.13537,StoppingVariableSpeed,seated
34.8407,676,0.0,0.0,0.0,0.0,0.0,0.0,0.0,0.0,0.0,0.0,-3.33984,3.51109,0.00674,0.13537,StoppingVariableSpeed,seated
34.8908,677,0.0,0.0,0.0,0.0,0.0,0.0,0.0,0.0,0.0,0.0,-3.16406,3.51032,0.00674,0.13537,StoppingVariableSpeed,seated
34.9409,678,0.0,0.0,0.0,0.0,0.0,0.0,0.0,0.0,0.0,0.0,-2.8125,7.02141,0.00674,0.13537,StoppingVariableSpeed,seated
34.991,679,0.0,0.0,0.0,0.0,0.0,0.0,0.0,0.0,0.0,0.0,-2.46094,7.02081,0.00674,0.13537,StoppingVariableSpeed,seated
35.041,680,0.0,0.0,0.0,0.0,0.0,0.0,0.0,0.0,0.0,0.0,-2.10938,7.02131,0.00674,0.13537,StoppingVariableSpeed,seated
35.0911,681,0.0,0.0,0.0,0.0,0.0,0.0,0.0,0.0,0.0,0.0,-1.75781,7.02058,0.00674,0.13537,StoppingVariableSpeed,seated
35.1412,682,0.0,0.0,0.0,0.0,0.0,0.0,0.0,0.0,0.0,0.0,-1.40625,7.02161,0.00674,0.13537,StoppingVariableSpeed,seated
35.1912,683,0.0,0.0,0.0,0.0,0.0,0.0,0.0,0.0,0.0,0.0,-0.878906,10.5318,0.00674,0.13537,StoppingVariableSpeed,seated
35.2413,684,0.0,0.0,0.0,0.0,0.0,0.0,0.0,0.0,0.0,0.0,-0.527344,7.02074,0.00674,0.13537,StoppingVariableSpeed,seated
35.2914,685,0.0,0.0,0.0,0.0,0.0,0.0,0.0,0.0,0.0,0.0,0.0,10.5329,0.00674,0.13537,StoppingVariableSpeed,seated
35.3415,686,0.0,0.0,0.0,0.0,0.0,0.0,0.0,0.0,0.0,0.0,0.351562,7.02148,0.00674,0.13537,StoppingVariableSpeed,seated
35.3915,687,0.0,0.0,0.0,0.0,0.0,0.0,0.0,0.0,0.0,0.0,0.878906,10.5316,0.00674,0.13537,StoppingVariableSpeed,seated
35.4416,688,0.0,0.0,0.0,0.0,0.0,0.0,0.0,0.0,0.0,0.0,1.23047,7.02131,0.00674,0.13537,StoppingVariableSpeed,seated
35.4917,689,0.0,0.0,0.0,0.0,0.0,0.0,0.0,0.0,0.0,0.0,1.58203,7.02168,0.00674,0.13537,StoppingVariableSpeed,seated
35.5417,690,0.0,0.0,0.0,0.0,0.0,0.0,0.0,0.0,0.0,0.0,1.93359,7.02138,0.00674,0.13537,StoppingVariableSpeed,seated
35.5918,691,0.0,0.0,0.0,0.0,0.0,0.0,0.0,0.0,0.0,0.0,2.28516,7.02161,0.00674,0.13537,StoppingVariableSpeed,seated
35.6419,692,0.0,0.0,0.0,0.0,0.0,0.0,0.0,0.0,0.0,0.0,2.46094,3.51059,0.00674,0.13537,StoppingVariableSpeed,seated
35.692,693,0.0,0.0,0.0,0.0,0.0,0.0,0.0,0.0,0.0,0.0,2.8125,7.02058,0.00674,0.13537,StoppingVariableSpeed,seated
35.742,694,0.0,0.0,0.0,0.0,0.0,0.0,0.0,0.0,0.0,0.0,2.98828,3.51061,0.00674,0.13537,StoppingVariableSpeed,seated
35.7921,695,0.0,0.0,0.0,0.0,0.0,0.0,0.0,0.0,0.0,0.0,3.16406,3.51074,0.00674,0.13537,StoppingVariableSpeed,seated
35.8422,696,0.0,0.0,0.0,0.0,0.0,0.0,0.0,0.0,0.0,0.0,3.16406,0.0,0.00674,0.13537,StoppingVariableSpeed,seated
35.8922,697,0.0,0.0,0.0,0.0,0.0,0.0,0.0,0.0,0.0,0.0,3.33984,3.51084,0.00674,0.13537,StoppingVariableSpeed,seated
35.9423,698,0.0,0.0,0.0,0.0,0.0,0.0,0.0,0.0,0.0,0.0,3.33984,0.0,0.00674,0.13537,StoppingVariableSpeed,seated
35.9924,699,0.0,0.0,0.0,0.0,0.0,0.0,0.0,0.0,0.0,0.0,3.33984,0.0,0.00674,0.13537,StoppingVariableSpeed,seated
36.0424,700,0.0,0.0,0.0,0.0,0.0,0.0,0.0,0.0,0.0,0.0,3.16406,-3.51081,0.00674,0.13537,StoppingVariableSpeed,seated
36.0925,701,0.0,0.0,0.0,0.0,0.0,0.0,0.0,0.0,0.0,0.0,3.16406,0.0,0.00674,0.13537,StoppingVariableSpeed,seated
36.1426,702,0.0,0.0,0.0,0.0,0.0,0.0,0.0,0.0,0.0,0.0,2.8125,-7.02145,0.00674,0.13537,StoppingVariableSpeed,seated
36.1926,703,0.0,0.0,0.0,0.0,0.0,0.0,0.0,0.0,0.0,0.0,2.63672,-3.51066,0.00674,0.13537,StoppingVariableSpeed,seated
36.2427,704,0.0,0.0,0.0,0.0,0.0,0.0,0.0,0.0,0.0,0.0,2.28516,-7.02071,0.00674,0.13537,StoppingVariableSpeed,seated
36.2928,705,0.0,0.0,0.0,0.0,0.0,0.0,0.0,0.0,0.0,0.0,2.10938,-3.51096,0.00674,0.13537,StoppingVariableSpeed,seated
36.3429,706,0.0,0.0,0.0,0.0,0.0,0.0,0.0,0.0,0.0,0.0,1.75781,-7.02188,0.00674,0.13537,StoppingVariableSpeed,seated
36.3929,707,0.0,0.0,0.0,0.0,0.0,0.0,0.0,0.0,0.0,0.0,1.40625,-7.02158,0.00674,0.13537,StoppingVariableSpeed,seated
36.443,708,0.0,0.0,0.0,0.0,0.0,0.0,0.0,0.0,0.0,0.0,0.878906,-10.5317,0.00674,0.13537,StoppingVariableSpeed,seated
36.4931,709,0.0,0.0,0.0,0.0,0.0,0.0,0.0,0.0,0.0,0.0,0.527344,-7.02141,0.00674,0.13537,StoppingVariableSpeed,seated
36.5431,710,0.0,0.0,0.0,0.0,0.0,0.0,0.0,0.0,0.0,0.0,0.0,-10.5325,0.00674,0.13537,StoppingVariableSpeed,seated
36.5932,711,0.0,0.0,0.0,0.0,0.0,0.0,0.0,0.0,0.0,0.0,-0.351562,-7.02121,0.00674,0.13537,StoppingVariableSpeed,seated
36.6433,712,0.0,0.0,0.0,0.0,0.0,0.0,0.0,0.0,0.0,0.0,-0.703125,-7.02145,0.00674,0.13537,StoppingVariableSpeed,seated
36.6933,713,0.0,0.0,0.0,0.0,0.0,0.0,0.0,0.0,0.0,0.0,-1.23047,-10.5326,0.00674,0.13537,StoppingVariableSpeed,seated
36.7434,714,0.0,0.0,0.0,0.0,0.0,0.0,0.0,0.0,0.0,0.0,-1.58203,-7.02171,0.00674,0.13537,StoppingVariableSpeed,seated
36.7935,715,0.0,0.0,0.0,0.0,0.0,0.0,0.0,0.0,0.0,0.0,-1.93359,-7.02168,0.00674,0.13537,StoppingVariableSpeed,seated
36.8436,716,0.0,0.0,0.0,0.0,0.0,0.0,0.0,0.0,0.0,0.0,-2.28516,-7.02054,0.00674,0.13537,StoppingVariableSpeed,seated
36.8936,717,0.0,0.0,0.0,0.0,0.0,0.0,0.0,0.0,0.0,0.0,-2.46094,-3.51087,0.00674,0.13537,StoppingVariableSpeed,seated
36.9437,718,0.0,0.0,0.0,0.0,0.0,0.0,0.0,0.0,0.0,0.0,-2.8125,-7.02131,0.00674,0.13537,StoppingVariableSpeed,seated
37.0894,719,0.0,0.0,0.0,0.0,0.0,0.0,0.0,0.0,0.0,0.0,-3.33984,-3.61821,0.0188,0.1476,StoppingVariableSpeed,extended
37.1395,720,0.0,0.0,0.0,0.0,0.0,0.0,0.0,0.0,0.0,0.0,-3.33984,0.0,0.0188,0.1476,StoppingVariableSpeed,extended
37.1896,721,0.0,0.0,0.0,0.0,0.0,0.0,0.0,0.0,0.0,0.0,-3.33984,0.0,0.0188,0.1476,StoppingVariableSpeed,extended
37.2397,722,0.0,0.0,0.0,0.0,0.0,0.0,0.0,0.0,0.0,0.0,-3.51562,-3.51047,0.0188,0.1476,StoppingVariableSpeed,extended
37.2897,723,0.0,0.0,0.0,0.0,0.0,0.0,0.0,0.0,0.0,0.0,-3.33984,3.51061,0.0188,0.1476,StoppingVariableSpeed,extended
37.3398,724,0.0,0.0,0.0,0.0,0.0,0.0,0.0,0.0,0.0,0.0,-3.33984,0.0,0.0188,0.1476,StoppingVariableSpeed,extended
37.3899,725,0.0,0.0,0.0,0.0,0.0,0.0,0.0,0.0,0.0,0.0,-3.16406,3.51092,0.0188,0.1476,StoppingVariableSpeed,extended
37.4399,726,0.0,0.0,0.0,0.0,0.0,0.0,0.0,0.0,0.0,0.0,-2.98828,3.51057,0.0188,0.1476,StoppingVariableSpeed,extended
37.49,727,0.0,0.0,0.0,0.0,0.0,0.0,0.0,0.0,0.0,0.0,-2.63672,7.02138,0.0188,0.1476,StoppingVariableSpeed,extended
37.5401,728,0.0,0.0,0.0,0.0,0.0,0.0,0.0,0.0,0.0,0.0,-2.46094,3.51081,0.0188,0.1476,StoppingVariableSpeed,extended
37.5901,729,0.0,0.0,0.0,0.0,0.0,0.0,0.0,0.0,0.0,0.0,-2.10938,7.02145,0.0188,0.1476,StoppingVariableSpeed,extended
37.6402,730,0.0,0.0,0.0,0.0,0.0,0.0,0.0,0.0,0.0,0.0,-1.75781,7.02171,0.0188,0.1476,StoppingVariableSpeed,extended
37.6903,731,0.0,0.0,0.0,0.0,0.0,0.0,0.0,0.0,0.0,0.0,-1.40625,7.02168,0.0188,0.1476,StoppingVariableSpeed,extended
37.7403,732,0.0,0.0,0.0,0.0,0.0,0.0,0.0,0.0,0.0,0.0,-1.05469,7.0256,0.0188,0.1476,StoppingVariableSpeed,extended
37.7904,733,0.0,0.0,0.0,0.0,0.0,0.0,0.0,0.0,0.0,0.0,-0.527344,10.5328,0.0188,0.1476,StoppingVariableSpeed,extended
37.8405,734,0.0,0.0,0.0,0.0,0.0,0.0,0.0,0.0,0.0,0.0,-0.175781,7.02141,0.0188,0.1476,StoppingVariableSpeed,extended
37.8905,735,0.0,0.0,0.0,0.0,0.0,0.0,0.0,0.0,0.0,0.0,0.351562,10.5329,0.0188,0.1476,StoppingVariableSpeed,extended
37.9406,736,0.0,0.0,0.0,0.0,0.0,0.0,0.0,0.0,0.0,0.0,0.703125,7.02135,0.0188,0.1476,StoppingVariableSpeed,extended
37.9907,737,0.0,0.0,0.0,0.0,0.0,0.0,0.0,0.0,0.0,0.0,1.05469,7.02175,0.0188,0.1476,StoppingVariableSpeed,extended
38.0407,738,0.0,0.0,0.0,0.0,0.0,0.0,0.0,0.0,0.0,0.0,1.40625,7.02171,0.0188,0.1476,StoppingVariableSpeed,extended
38.0908,739,0.0,0.0,0.0,0.0,0.0,0.0,0.0,0.0,0.0,0.0,1.75781,7.02071,0.0188,0.1476,StoppingVariableSpeed,extended
