0.000335932,0,0.0,0.0,0.0,0.0,0.0,0.0,0.0,0.0,0.0,0.0,-0.175781,0.0,0.00674,0.13537,None,seated
0.0504181,1,0.0,0.0,0.0,0.0,0.0,0.0,0.0,0.0,0.0,0.0,-0.175781,0.0,0.00674,0.13537,Nothing,seated
0.100497,2,0.0,0.0,0.0,0.0,0.0,0.0,0.0,0.0,0.0,0.0,-0.175781,0.0,0.00674,0.13537,Nothing,seated
0.150578,3,0.0,0.0,0.0,0.0,0.0,0.0,0.0,0.0,0.0,0.0,-0.175781,0.0,0.00674,0.13537,Nothing,seated
0.200659,4,0.0,0.0,0.0,0.0,0.0,0.0,0.0,0.0,0.0,0.0,-0.175781,0.0,0.00674,0.13537,Nothing,seated
0.250741,5,0.0,0.0,0.0,0.0,0.0,0.0,0.0,0.0,0.0,0.0,-0.175781,0.0,0.00674,0.13537,Nothing,seated
0.300824,6,0.0,0.0,0.0,0.0,0.0,0.0,0.0,0.0,0.0,0.0,-0.175781,0.0,0.00674,0.13537,Nothing,seated
0.350904,7,0.0,0.0,0.0,0.0,0.0,0.0,0.0,0.0,0.0,0.0,-0.175781,0.0,0.00674,0.13537,Nothing,seated
0.400987,8,0.0,0.0,0.0,0.0,0.0,0.0,0.0,0.0,0.0,0.0,-0.175781,0.0,0.00674,0.13537,Nothing,seated
0.451068,9,0.0,0.0,0.0,0.0,0.0,0.0,0.0,0.0,0.0,0.0,-0.175781,0.0,0.00674,0.13537,Nothing,seated
0.501149,10,0.0,0.0,0.0,0.0,0.0,0.0,0.0,0.0,0.0,0.0,-0.175781,0.0,0.00674,0.13537,Nothing,seated
0.551235,11,0.0,0.0,0.0,0.0,0.0,0.0,0.0,0.0,0.0,0.0,-0.175781,0.0,0.00674,0.13537,Nothing,seated
0.601315,12,0.0,0.0,0.0,0.0,0.0,0.0,0.0,0.0,0.0,0.0,-0.351562,-3.51,0.00674,0.13537,Nothing,seated
0.651396,13,0.0,0.0,0.0,0.0,0.0,0.0,0.0,0.0,0.0,0.0,-0.351562,0.0,0.00674,0.13537,Nothing,seated
0.701477,14,0.0,0.0,0.0,0.0,0.0,0.0,0.0,0.0,0.0,0.0,-0.351562,0.0,0.00674,0.13537,Nothing,seated
0.751561,15,0.0,0.0,0.0,0.0,0.0,0.0,0.0,0.0,0.0,0.0,-0.527344,-3.50974,0.00674,0.13537,Nothing,seated
0.801641,16,0.0,0.0,0.0,0.0,0.0,0.0,0.0,0.0,0.0,0.0,-0.703125,-3.51,0.00674,0.13537,Nothing,seated
0.851722,17,0.0,0.0,0.0,0.0,0.0,0.0,0.0,0.0,0.0,0.0,-0.703125,0.0,0.00674,0.13537,Nothing,seated
0.901786,18,0.0,0.0,0.0,0.0,0.0,0.0,0.0,0.0,0.0,0.0,-0.878906,-3.51112,0.00674,0.13537,Nothing,seated
0.951867,19,0.0,0.0,0.0,0.0,0.0,0.0,0.0,0.0,0.0,0.0,-0.878906,0.0,0.00674,0.13537,Nothing,seated
1.00195,20,0.0,0.0,0.0,0.0,0.0,0.0,0.0,0.0,0.0,0.0,-1.05469,-3.51002,0.00674,0.13537,Nothing,seated
1.05203,21,0.0,0.0,0.0,0.0,0.0,0.0,0.0,0.0,0.0,0.0,-1.23047,-3.51,0.00674,0.13537,Nothing,seated
1.10211,22,0.0,0.0,0.0,0.0,0.0,0.0,0.0,0.0,0.0,0.0,-1.23047,0.0,0.00674,0.13537,Nothing,seated
1.1522,23,0.0,0.0,0.0,0.0,0.0,0.0,0.0,0.0,0.0,0.0,-1.40625,-3.5098,0.00674,0.13537,Nothing,seated
1.20228,24,0.0,0.0,0.0,0.0,0.0,0.0,0.0,0.0,0.0,0.0,-1.40625,0.0,0.00674,0.13537,Nothing,seated
1.25236,25,0.0,0.0,0.0,0.0,0.0,0.0,0.0,0.0,0.0,0.0,-1.58203,-3.50994,0.00674,0.13537,Nothing,seated
1.30244,26,0.0,0.0,0.0,0.0,0.0,0.0,0.0,0.0,0.0,0.0,-1.75781,-3.50987,0.00674,0.13537,Nothing,seated
1.35252,27,0.0,0.0,0.0,0.0,0.0,0.0,0.0,0.0,0.0,0.0,-1.75781,0.0,0.00674,0.13537,Nothing,seated
1.40261,28,0.0,0.0,0.0,0.0,0.0,0.0,0.0,0.0,0.0,0.0,-1.93359,-3.5098,0.00674,0.13537,Nothing,seated
1.45269,29,0.0,0.0,0.0,0.0,0.0,0.0,0.0,0.0,0.0,0.0,-1.93359,0.0,0.00674,0.13537,Nothing,seated
1.50277,30,0.0,0.0,0.0,0.0,0.0,0.0,0.0,0.0,0.0,0.0,-2.10938,-3.5098,0.00674,0.13537,Nothing,seated
1.55286,31,0.0,0.0,0.0,0.0,0.0,0.0,0.0,0.0,0.0,0.0,-2.10938,0.0,0.00674,0.13537,Nothing,seated
1.60294,32,0.0,0.0,0.0,0.0,0.0,0.0,0.0,0.0,0.0,0.0,-2.28516,-3.51,0.00674,0.13537,Nothing,seated
1.65301,33,0.0,0.0,0.0,0.0,0.0,0.0,0.0,0.0,0.0,0.0,-2.46094,-3.51016,0.00674,0.13537,Nothing,seated
1.7031,34,0.0,0.0,0.0,0.0,0.0,0.0,0.0,0.0,0.0,0.0,-2.46094,0.0,0.00674,0.13537,Nothing,seated
1.75318,35,0.0,0.0,0.0,0.0,0.0,0.0,0.0,0.0,0.0,0.0,-2.46094,0.0,0.00674,0.13537,Nothing,seated
1.80327,36,0.0,0.0,0.0,0.0,0.0,0.0,0.0,0.0,0.0,0.0,-2.63672,-3.50972,0.00674,0.13537,Nothing,seated
1.85335,37,0.0,0.0,0.0,0.0,0.0,0.0,0.0,0.0,0.0,0.0,-2.63672,0.0,0.00674,0.13537,Nothing,seated
1.90343,38,0.0,0.0,0.0,0.0,0.0,0.0,0.0,0.0,0.0,0.0,-2.8125,-3.50959,0.00674,0.13537,Nothing,seated
1.95352,39,0.0,0.0,0.0,0.0,0.0,0.0,0.0,0.0,0.0,0.0,-2.8125,0.0,0.00674,0.13537,Nothing,seated
2.0036,40,0.0,0.0,0.0,0.0,0.0,0.0,0.0,0.0,0.0,0.0,-2.8125,0.0,0.00674,0.13537,Nothing,seated
2.05368,41,0.0,0.0,0.0,0.0,0.0,0.0,0.0,0.0,0.0,0.0,-2.98828,-3.50994,0.00674,0.13537,Nothing,seated
2.10376,42,0.0,0.0,0.0,0.0,0.0,0.0,0.0,0.0,0.0,0.0,-2.98828,0.0,0.00674,0.13537,Nothing,seated
2.15383,43,0.0,0.0,0.0,0.0,0.0,0.0,0.0,0.0,0.0,0.0,-2.98828,0.0,0.00674,0.13537,Nothing,seated
2.20391,44,0.0,0.0,0.0,0.0,0.0,0.0,0.0,0.0,0.0,0.0,-3.16406,-3.51016,0.00674,0.13537,Nothing,seated
2.25399,45,0.0,0.0,0.0,0.0,0.0,0.0,0.0,0.0,0.0,0.0,-3.16406,0.0,0.00674,0.13537,Nothing,seated
2.30408,46,0.0,0.0,0.0,0.0,0.0,0.0,0.0,0.0,0.0,0.0,-3.16406,0.0,0.00674,0.13537,Nothing,seated
2.35416,47,0.0,0.0,0.0,0.0,0.0,0.0,0.0,0.0,0.0,0.0,-3.33984,-3.50937,0.00674,0.13537,Nothing,seated
2.40425,48,0.0,0.0,0.0,0.0,0.0,0.0,0.0,0.0,0.0,0.0,-3.33984,0.0,0.00674,0.13537,Nothing,seated
2.45433,49,0.0,0.0,0.0,0.0,0.0,0.0,0.0,0.0,0.0,0.0,-3.51562,-3.50987,0.00674,0.13537,Nothing,seated
2.50442,50,0.0,0.0,0.0,0.0,0.0,0.0,0.0,0.0,0.0,0.0,-3.51562,0.0,0.00674,0.13537,Nothing,seated
2.5545,51,0.0,0.0,0.0,0.0,0.0,0.0,0.0,0.0,0.0,0.0,-3.51562,0.0,0.00674,0.13537,Nothing,seated
2.60458,52,0.0,0.0,0.0,0.0,0.0,0.0,0.0,0.0,0.0,0.0,-3.69141,-3.50994,0.00674,0.13537,Nothing,seated
2.65466,53,0.0,0.0,0.0,0.0,0.0,0.0,0.0,0.0,0.0,0.0,-3.86719,-3.50987,0.00674,0.13537,Nothing,seated
2.70474,54,0.0,0.0,0.0,0.0,0.0,0.0,0.0,0.0,0.0,0.0,-3.86719,0.0,0.00674,0.13537,Nothing,seated
2.75478,55,0.0,0.0,0.0,0.0,0.0,0.0,0.0,0.0,0.0,0.0,-4.04297,-3.5129,0.00674,0.13537,Nothing,seated
2.80486,56,0.0,0.0,0.0,0.0,0.0,0.0,0.0,0.0,0.0,0.0,-4.04297,0.0,0.00674,0.13537,Nothing,seated
2.85494,57,0.0,0.0,0.0,0.0,0.0,0.0,0.0,0.0,0.0,0.0,-4.21875,-3.51036,0.00674,0.13537,Nothing,seated
2.90502,58,0.0,0.0,0.0,0.0,0.0,0.0,0.0,0.0,0.0,0.0,-4.21875,0.0,0.00674,0.13537,Nothing,seated
2.9551,59,0.0,0.0,0.0,0.0,0.0,0.0,0.0,0.0,0.0,0.0,-4.39453,-3.50994,0.00674,0.13537,Nothing,seated
3.00518,60,0.0,0.0,0.0,0.0,0.0,0.0,0.0,0.0,0.0,0.0,-4.57031,-3.50994,0.00674,0.13537,Nothing,seated
3.05526,61,0.0,0.0,0.0,0.0,0.0,0.0,0.0,0.0,0.0,0.0,-4.39453,3.51021,0.00674,0.13537,Nothing,seated
3.10534,62,0.0,0.0,0.0,0.0,0.0,0.0,0.0,0.0,0.0,0.0,-4.39453,0.0,0.00674,0.13537,Nothing,seated
3.15542,63,0.0,0.0,0.0,0.0,0.0,0.0,0.0,0.0,0.0,0.0,-4.21875,3.51,0.00674,0.13537,Nothing,seated
3.2055,64,0.0,0.0,0.0,0.0,0.0,0.0,0.0,0.0,0.0,0.0,-4.04297,3.50994,0.00674,0.13537,Nothing,seated
3.25558,65,0.0,0.0,0.0,0.0,0.0,0.0,0.0,0.0,0.0,0.0,-3.69141,7.02001,0.00674,0.13537,Nothing,seated
3.30566,66,0.0,0.0,0.0,0.0,0.0,0.0,0.0,0.0,0.0,0.0,-3.33984,7.01974,0.00674,0.13537,Nothing,seated
3.35575,67,0.0,0.0,0.0,0.0,0.0,0.0,0.0,0.0,0.0,0.0,-2.98828,7.01961,0.00674,0.13537,Nothing,seated
3.40578,68,0.0,0.0,0.0,0.0,0.0,0.0,0.0,0.0,0.0,0.0,-2.63672,7.02603,0.00674,0.13537,Nothing,seated
3.45586,69,0.0,0.0,0.0,0.0,0.0,0.0,0.0,0.0,0.0,0.0,-2.10938,10.5303,0.00674,0.13537,Nothing,seated
3.50594,70,0.0,0.0,0.0,0.0,0.0,0.0,0.0,0.0,0.0,0.0,-1.58203,10.5296,0.00674,0.13537,Nothing,seated
3.55603,71,0.0,0.0,0.0,0.0,0.0,0.0,0.0,0.0,0.0,0.0,-1.05469,10.529,0.00674,0.13537,Nothing,seated
3.60611,72,0.0,0.0,0.0,0.0,0.0,0.0,0.0,0.0,0.0,0.0,-0.527344,10.5294,0.00674,0.13537,Nothing,seated
3.65619,73,0.0,0.0,0.0,0.0,0.0,0.0,0.0,0.0,0.0,0.0,0.0,10.5298,0.00674,0.13537,Nothing,seated
3.70628,74,0.0,0.0,0.0,0.0,0.0,0.0,0.0,0.0,0.0,0.0,0.527344,10.5294,0.00674,0.13537,Nothing,seated
3.75636,75,0.0,0.0,0.0,0.0,0.0,0.0,0.0,0.0,0.0,0.0,1.05469,10.5296,0.00674,0.13537,Nothing,seated
3.80644,76,0.0,0.0,0.0,0.0,0.0,0.0,0.0,0.0,0.0,0.0,1.58203,10.5296,0.00674,0.13537,Nothing,seated
3.85652,77,0.0,0.0,0.0,0.0,0.0,0.0,0.0,0.0,0.0,0.0,2.10938,10.5296,0.00674,0.13537,Nothing,seated
3.90661,78,0.0,0.0,0.0,0.0,0.0,0.0,0.0,0.0,0.0,0.0,2.46094,7.01947,0.00674,0.13537,Nothing,seated
3.95669,79,0.0,0.0,0.0,0.0,0.0,0.0,0.0,0.0,0.0,0.0,2.98828,10.5296,0.00674,0.13537,Nothing,seated
4.00678,80,0.0,0.0,0.0,0.0,0.0,0.0,0.0,0.0,0.0,0.0,3.33984,7.01891,0.00674,0.13537,Nothing,seated
4.05686,81,0.0,0.0,0.0,0.0,0.0,0.0,0.0,0.0,0.0,0.0,3.69141,7.01998,0.00674,0.13537,Nothing,seated
4.10694,82,0.0,0.0,0.0,0.0,0.0,0.0,0.0,0.0,0.0,0.0,3.86719,3.51002,0.00674,0.13537,Nothing,seated
4.15702,83,0.0,0.0,0.0,0.0,0.0,0.0,0.0,0.0,0.0,0.0,4.04297,3.50994,0.00674,0.13537,Nothing,seated
4.2071,84,0.0,0.0,0.0,0.0,0.0,0.0,0.0,0.0,0.0,0.0,4.21875,3.50999,0.00674,0.13537,Nothing,seated
4.25718,85,0.0,0.0,0.0,0.0,0.0,0.0,0.0,0.0,0.0,0.0,4.21875,0.0,0.00674,0.13537,Nothing,seated
4.30726,86,0.0,0.0,0.0,0.0,0.0,0.0,0.0,0.0,0.0,0.0,4.21875,0.0,0.00674,0.13537,Nothing,seated
4.35734,87,0.0,0.0,0.0,0.0,0.0,0.0,0.0,0.0,0.0,0.0,4.21875,0.0,0.00674,0.13537,Nothing,seated
4.40742,88,0.0,0.0,0.0,0.0,0.0,0.0,0.0,0.0,0.0,0.0,4.21875,0.0,0.00674,0.13537,Nothing,seated
4.4575,89,0.0,0.0,0.0,0.0,0.0,0.0,0.0,0.0,0.0,0.0,3.86719,-7.01991,0.00674,0.13537,Nothing,seated
4.50758,90,0.0,0.0,0.0,0.0,0.0,0.0,0.0,0.0,0.0,0.0,3.69141,-3.5098,0.00674,0.13537,Nothing,seated
4.55766,91,0.0,0.0,0.0,0.0,0.0,0.0,0.0,0.0,0.0,0.0,3.33984,-7.01971,0.00674,0.13537,Nothing,seated
4.60775,92,0.0,0.0,0.0,0.0,0.0,0.0,0.0,0.0,0.0,0.0,2.98828,-7.01958,0.00674,0.13537,Nothing,seated
4.65778,93,0.0,0.0,0.0,0.0,0.0,0.0,0.0,0.0,0.0,0.0,2.63672,-7.02606,0.00674,0.13537,Nothing,seated
4.70786,94,0.0,0.0,0.0,0.0,0.0,0.0,0.0,0.0,0.0,0.0,2.10938,-10.5311,0.00674,0.13537,Nothing,seated
4.75793,95,0.0,0.0,0.0,0.0,0.0,0.0,0.0,0.0,0.0,0.0,1.75781,-7.02071,0.00674,0.13537,Nothing,seated
4.80801,96,0.0,0.0,0.0,0.0,0.0,0.0,0.0,0.0,0.0,0.0,1.23047,-10.5303,0.00674,0.13537,Nothing,seated
4.85809,97,0.0,0.0,0.0,0.0,0.0,0.0,0.0,0.0,0.0,0.0,0.703125,-10.5302,0.00674,0.13537,Nothing,seated
4.90818,98,0.0,0.0,0.0,0.0,0.0,0.0,0.0,0.0,0.0,0.0,0.175781,-10.529,0.00674,0.13537,Nothing,seated
4.95826,99,0.0,0.0,0.0,0.0,0.0,0.0,0.0,0.0,0.0,0.0,-0.527344,-14.0402,0.00674,0.13537,Nothing,seated
5.00834,100,0.0,0.0,0.0,0.0,0.0,0.0,0.0,0.0,0.0,0.0,-1.05469,-10.5296,0.00674,0.13537,Nothing,seated
5.05842,101,0.0,0.0,0.0,0.0,0.0,0.0,0.0,0.0,0.0,0.0,-1.40625,-7.01988,0.00674,0.13537,Nothing,seated
5.1085,102,0.0,0.0,0.0,0.0,0.0,0.0,0.0,0.0,0.0,0.0,-1.93359,-10.5294,0.00674,0.13537,Nothing,seated
5.15859,103,0.0,0.0,0.0,0.0,0.0,0.0,0.0,0.0,0.0,0.0,-2.46094,-10.5291,0.00674,0.13537,Nothing,seated
5.20867,104,0.0,0.0,0.0,0.0,0.0,0.0,0.0,0.0,0.0,0.0,-2.8125,-7.01971,0.00674,0.13537,Nothing,seated
5.25875,105,0.0,0.0,0.0,0.0,0.0,0.0,0.0,0.0,0.0,0.0,-3.33984,-10.5307,0.00674,0.13537,Nothing,seated
5.30878,106,0.0,0.0,0.0,0.0,0.0,0.0,0.0,0.0,0.0,0.0,-3.51562,-3.51338,0.00674,0.13537,Nothing,seated
5.35886,107,0.0,0.0,0.0,0.0,0.0,0.0,0.0,0.0,0.0,0.0,-3.86719,-7.01998,0.00674,0.13537,Nothing,seated
5.40894,108,0.0,0.0,0.0,0.0,0.0,0.0,0.0,0.0,0.0,0.0,-4.04297,-3.51016,0.00674,0.13537,Nothing,seated
5.45901,109,0.0,0.0,0.0,0.0,0.0,0.0,0.0,0.0,0.0,0.0,-4.21875,-3.51029,0.00674,0.13537,Nothing,seated
5.50909,110,0.0,0.0,0.0,0.0,0.0,0.0,0.0,0.0,0.0,0.0,-4.39453,-3.51007,0.00674,0.13537,Nothing,seated
5.55918,111,0.0,0.0,0.0,0.0,0.0,0.0,0.0,0.0,0.0,0.0,-4.39453,0.0,0.00674,0.13537,Nothing,seated
5.60926,112,0.0,0.0,0.0,0.0,0.0,0.0,0.0,0.0,0.0,0.0,-4.39453,0.0,0.00674,0.13537,Nothing,seated
5.65934,113,0.0,0.0,0.0,0.0,0.0,0.0,0.0,0.0,0.0,0.0,-4.21875,3.50994,0.00674,0.13537,Nothing,seated
5.70943,114,0.0,0.0,0.0,0.0,0.0,0.0,0.0,0.0,0.0,0.0,-4.04297,3.50977,0.00674,0.13537,Nothing,seated
5.75951,115,0.0,0.0,0.0,0.0,0.0,0.0,0.0,0.0,0.0,0.0,-3.86719,3.50979,0.00674,0.13537,Nothing,seated
5.80959,116,0.0,0.0,0.0,0.0,0.0,0.0,0.0,0.0,0.0,0.0,-3.51562,7.02058,0.00674,0.13537,Nothing,seated
5.85966,117,0.0,0.0,0.0,0.0,0.0,0.0,0.0,0.0,0.0,0.0,-3.16406,7.02018,0.00674,0.13537,Nothing,seated
5.90975,118,0.0,0.0,0.0,0.0,0.0,0.0,0.0,0.0,0.0,0.0,-2.8125,7.01988,0.00674,0.13537,Nothing,seated
5.95978,119,0.0,0.0,0.0,0.0,0.0,0.0,0.0,0.0,0.0,0.0,-2.46094,7.02593,0.00674,0.13537,Nothing,seated
6.00987,120,0.0,0.0,0.0,0.0,0.0,0.0,0.0,0.0,0.0,0.0,-1.93359,10.5296,0.00674,0.13537,Nothing,seated
6.05995,121,0.0,0.0,0.0,0.0,0.0,0.0,0.0,0.0,0.0,0.0,-1.40625,10.5302,0.00674,0.13537,Nothing,seated
6.11003,122,0.0,0.0,0.0,0.0,0.0,0.0,0.0,0.0,0.0,0.0,-1.05469,7.01974,0.00674,0.13537,Nothing,seated
6.16011,123,0.0,0.0,0.0,0.0,0.0,0.0,0.0,0.0,0.0,0.0,-0.351562,14.0393,0.00674,0.13537,Nothing,seated
6.21019,124,0.0,0.0,0.0,0.0,0.0,0.0,0.0,0.0,0.0,0.0,0.175781,10.53,0.00674,0.13537,Nothing,seated
6.26026,125,0.0,0.0,0.0,0.0,0.0,0.0,0.0,0.0,0.0,0.0,0.703125,10.5313,0.00674,0.13537,Nothing,seated
6.31034,126,0.0,0.0,0.0,0.0,0.0,0.0,0.0,0.0,0.0,0.0,1.23047,10.5298,0.00674,0.13537,Nothing,seated
6.36042,127,0.0,0.0,0.0,0.0,0.0,0.0,0.0,0.0,0.0,0.0,1.75781,10.531,0.00674,0.13537,Nothing,seated
6.4105,128,0.0,0.0,0.0,0.0,0.0,0.0,0.0,0.0,0.0,0.0,2.10938,7.02018,0.00674,0.13537,Nothing,seated
6.46058,129,0.0,0.0,0.0,0.0,0.0,0.0,0.0,0.0,0.0,0.0,2.63672,10.529,0.00674,0.13537,Nothing,seated
6.51067,130,0.0,0.0,0.0,0.0,0.0,0.0,0.0,0.0,0.0,0.0,2.98828,7.01968,0.00674,0.13537,Nothing,seated
6.56076,131,0.0,0.0,0.0,0.0,0.0,0.0,0.0,0.0,0.0,0.0,3.33984,7.0179,0.00674,0.13537,Nothing,seated
6.61084,132,0.0,0.0,0.0,0.0,0.0,0.0,0.0,0.0,0.0,0.0,3.69141,7.02001,0.00674,0.13537,Nothing,seated
6.66092,133,0.0,0.0,0.0,0.0,0.0,0.0,0.0,0.0,0.0,0.0,3.86719,3.51007,0.00674,0.13537,Nothing,seated
6.711,134,0.0,0.0,0.0,0.0,0.0,0.0,0.0,0.0,0.0,0.0,4.04297,3.51009,0.00674,0.13537,Nothing,seated
6.76108,135,0.0,0.0,0.0,0.0,0.0,0.0,0.0,0.0,0.0,0.0,4.21875,3.51007,0.00674,0.13537,Nothing,seated
6.81116,136,0.0,0.0,0.0,0.0,0.0,0.0,0.0,0.0,0.0,0.0,4.21875,0.0,0.00674,0.13537,Nothing,seated
6.86124,137,0.0,0.0,0.0,0.0,0.0,0.0,0.0,0.0,0.0,0.0,4.21875,0.0,0.00674,0.13537,Nothing,seated
6.91132,138,0.0,0.0,0.0,0.0,0.0,0.0,0.0,0.0,0.0,0.0,4.21875,0.0,0.00674,0.13537,Nothing,seated
6.9614,139,0.0,0.0,0.0,0.0,0.0,0.0,0.0,0.0,0.0,0.0,4.04297,-3.51029,0.00674,0.13537,Nothing,seated
7.01148,140,0.0,0.0,0.0,0.0,0.0,0.0,0.0,0.0,0.0,0.0,3.86719,-3.50987,0.00674,0.13537,Nothing,seated
7.06157,141,0.0,0.0,0.0,0.0,0.0,0.0,0.0,0.0,0.0,0.0,3.51562,-7.01961,0.00674,0.13537,Nothing,seated
7.11165,142,0.0,0.0,0.0,0.0,0.0,0.0,0.0,0.0,0.0,0.0,3.16406,-7.02008,0.00674,0.13537,Nothing,seated
7.16173,143,0.0,0.0,0.0,0.0,0.0,0.0,0.0,0.0,0.0,0.0,2.8125,-7.01901,0.00674,0.13537,Nothing,seated
7.21178,144,0.0,0.0,0.0,0.0,0.0,0.0,0.0,0.0,0.0,0.0,2.46094,-7.02419,0.00674,0.13537,Nothing,seated
7.26186,145,0.0,0.0,0.0,0.0,0.0,0.0,0.0,0.0,0.0,0.0,1.93359,-10.5298,0.00674,0.13537,Nothing,seated
7.31194,146,0.0,0.0,0.0,0.0,0.0,0.0,0.0,0.0,0.0,0.0,1.58203,-7.02024,0.00674,0.13537,Nothing,seated
7.36203,147,0.0,0.0,0.0,0.0,0.0,0.0,0.0,0.0,0.0,0.0,1.05469,-10.5292,0.00674,0.13537,Nothing,seated
7.41211,148,0.0,0.0,0.0,0.0,0.0,0.0,0.0,0.0,0.0,0.0,0.527344,-10.5299,0.00674,0.13537,Nothing,seated
7.46218,149,0.0,0.0,0.0,0.0,0.0,0.0,0.0,0.0,0.0,0.0,0.0,-10.5307,0.00674,0.13537,Nothing,seated
7.51227,150,0.0,0.0,0.0,0.0,0.0,0.0,0.0,0.0,0.0,0.0,-0.527344,-10.5286,0.00674,0.13537,Nothing,seated
7.56236,151,0.0,0.0,0.0,0.0,0.0,0.0,0.0,0.0,0.0,0.0,-1.05469,-10.5288,0.00674,0.13537,Nothing,seated
7.61244,152,0.0,0.0,0.0,0.0,0.0,0.0,0.0,0.0,0.0,0.0,-1.58203,-10.5296,0.00674,0.13537,Nothing,seated
7.66253,153,0.0,0.0,0.0,0.0,0.0,0.0,0.0,0.0,0.0,0.0,-2.10938,-10.5286,0.00674,0.13537,Nothing,seated
7.7126,154,0.0,0.0,0.0,0.0,0.0,0.0,0.0,0.0,0.0,0.0,-2.46094,-7.02044,0.00674,0.13537,Nothing,seated
7.76268,155,0.0,0.0,0.0,0.0,0.0,0.0,0.0,0.0,0.0,0.0,-2.98828,-10.5303,0.00674,0.13537,Nothing,seated
7.81277,156,0.0,0.0,0.0,0.0,0.0,0.0,0.0,0.0,0.0,0.0,-3.33984,-7.01847,0.00674,0.13537,Nothing,seated
7.86285,157,0.0,0.0,0.0,0.0,0.0,0.0,0.0,0.0,0.0,0.0,-3.69141,-7.02054,0.00674,0.13537,Nothing,seated
7.91293,158,0.0,0.0,0.0,0.0,0.0,0.0,0.0,0.0,0.0,0.0,-3.86719,-3.50995,0.00674,0.13537,Nothing,seated
7.96301,159,0.0,0.0,0.0,0.0,0.0,0.0,0.0,0.0,0.0,0.0,-4.04297,-3.51007,0.00674,0.13537,Nothing,seated
8.01309,160,0.0,0.0,0.0,0.0,0.0,0.0,0.0,0.0,0.0,0.0,-4.21875,-3.50979,0.00674,0.13537,Nothing,seated
8.06318,161,0.0,0.0,0.0,0.0,0.0,0.0,0.0,0.0,0.0,0.0,-4.21875,0.0,0.00674,0.13537,Nothing,seated
8.16542,162,0.0,0.0,0.0,0.0,0.0,0.0,0.0,0.0,0.0,0.0,-4.21875,0.0,0.00674,0.13537,StoppingVariableSpeed,seated
8.2155,163,0.0,0.0,0.0,0.0,0.0,0.0,0.0,0.0,0.0,0.0,-4.21875,0.0,0.00674,0.13537,StoppingVariableSpeed,seated
8.26556,164,0.0,0.0,0.0,0.0,0.0,0.0,0.0,0.0,0.0,0.0,-3.86719,7.02158,0.00674,0.13537,StoppingVariableSpeed,seated
8.31564,165,0.0,0.0,0.0,0.0,0.0,0.0,0.0,0.0,0.0,0.0,-3.69141,3.51064,0.00674,0.13537,StoppingVariableSpeed,seated
8.36571,166,0.0,0.0,0.0,0.0,0.0,0.0,0.0,0.0,0.0,0.0,-3.33984,7.02151,0.00674,0.13537,StoppingVariableSpeed,seated
8.41578,167,0.0,0.0,0.0,0.0,0.0,0.0,0.0,0.0,0.0,0.0,-3.16406,3.51054,0.00674,0.13537,StoppingVariableSpeed,seated
8.46585,168,0.0,0.0,0.0,0.0,0.0,0.0,0.0,0.0,0.0,0.0,-2.63672,10.5326,0.00674,0.13537,StoppingVariableSpeed,seated
8.51591,169,0.0,0.0,0.0,0.0,0.0,0.0,0.0,0.0,0.0,0.0,-2.28516,7.02158,0.00674,0.13537,StoppingVariableSpeed,seated
8.56598,170,0.0,0.0,0.0,0.0,0.0,0.0,0.0,0.0,0.0,0.0,-1.75781,10.5336,0.00674,0.13537,StoppingVariableSpeed,seated
8.61605,171,0.0,0.0,0.0,0.0,0.0,0.0,0.0,0.0,0.0,0.0,-1.23047,10.5309,0.00674,0.13537,StoppingVariableSpeed,seated
8.66612,172,0.0,0.0,0.0,0.0,0.0,0.0,0.0,0.0,0.0,0.0,-0.703125,10.5325,0.00674,0.13537,StoppingVariableSpeed,seated
8.71619,173,0.0,0.0,0.0,0.0,0.0,0.0,0.0,0.0,0.0,0.0,-0.351562,7.02161,0.00674,0.13537,StoppingVariableSpeed,seated
8.76626,174,0.0,0.0,0.0,0.0,0.0,0.0,0.0,0.0,0.0,0.0,0.351562,14.0429,0.00674,0.13537,StoppingVariableSpeed,seated
8.81633,175,0.0,0.0,0.0,0.0,0.0,0.0,0.0,0.0,0.0,0.0,0.703125,7.02128,0.00674,0.13537,StoppingVariableSpeed,seated
8.8664,176,0.0,0.0,0.0,0.0,0.0,0.0,0.0,0.0,0.0,0.0,1.23047,10.5319,0.00674,0.13537,StoppingVariableSpeed,seated
8.91648,177,0.0,0.0,0.0,0.0,0.0,0.0,0.0,0.0,0.0,0.0,1.75781,10.531,0.00674,0.13537,StoppingVariableSpeed,seated
8.96655,178,0.0,0.0,0.0,0.0,0.0,0.0,0.0,0.0,0.0,0.0,2.28516,10.5319,0.00674,0.13537,StoppingVariableSpeed,seated
9.01662,179,0.0,0.0,0.0,0.0,0.0,0.0,0.0,0.0,0.0,0.0,2.63672,7.02141,0.00674,0.13537,StoppingVariableSpeed,seated
9.06669,180,0.0,0.0,0.0,0.0,0.0,0.0,0.0,0.0,0.0,0.0,2.98828,7.02138,0.00674,0.13537,StoppingVariableSpeed,seated
9.11676,181,0.0,0.0,0.0,0.0,0.0,0.0,0.0,0.0,0.0,0.0,3.33984,7.02148,0.00674,0.13537,StoppingVariableSpeed,seated
9.16683,182,0.0,0.0,0.0,0.0,0.0,0.0,0.0,0.0,0.0,0.0,3.69141,7.02175,0.00674,0.13537,StoppingVariableSpeed,seated
9.26754,183,0.0,0.0,0.0,0.0,0.0,0.0,0.0,0.0,0.0,0.0,4.04297,3.4907,0.0188,0.1476,StoppingVariableSpeed,extended
9.31761,184,0.0,0.0,0.0,0.0,0.0,0.0,0.0,0.0,0.0,0.0,4.04297,0.0,0.0188,0.1476,StoppingVariableSpeed,extended
9.36768,185,0.0,0.0,0.0,0.0,0.0,0.0,0.0,0.0,0.0,0.0,4.04297,0.0,0.0188,0.1476,StoppingVariableSpeed,extended
9.41776,186,0.0,0.0,0.0,0.0,0.0,0.0,0.0,0.0,0.0,0.0,4.04297,0.0,0.0188,0.1476,StoppingVariableSpeed,extended
9.46783,187,0.0,0.0,0.0,0.0,0.0,0.0,0.0,0.0,0.0,0.0,3.86719,-3.51084,0.0188,0.1476,StoppingVariableSpeed,extended
9.51789,188,0.0,0.0,0.0,0.0,0.0,0.0,0.0,0.0,0.0,0.0,3.69141,-3.51084,0.0188,0.1476,StoppingVariableSpeed,extended
9.56797,189,0.0,0.0,0.0,0.0,0.0,0.0,0.0,0.0,0.0,0.0,3.51562,-3.51056,0.0188,0.1476,StoppingVariableSpeed,extended
9.61804,190,0.0,0.0,0.0,0.0,0.0,0.0,0.0,0.0,0.0,0.0,3.33984,-3.51074,0.0188,0.1476,StoppingVariableSpeed,extended
9.6681,191,0.0,0.0,0.0,0.0,0.0,0.0,0.0,0.0,0.0,0.0,2.98828,-7.02228,0.0188,0.1476,StoppingVariableSpeed,extended
9.71817,192,0.0,0.0,0.0,0.0,0.0,0.0,0.0,0.0,0.0,0.0,2.63672,-7.02131,0.0188,0.1476,StoppingVariableSpeed,extended
9.76824,193,0.0,0.0,0.0,0.0,0.0,0.0,0.0,0.0,0.0,0.0,2.10938,-10.5319,0.0188,0.1476,StoppingVariableSpeed,extended
9.81831,194,0.0,0.0,0.0,0.0,0.0,0.0,0.0,0.0,0.0,0.0,1.58203,-10.5323,0.0188,0.1476,StoppingVariableSpeed,extended
9.86838,195,0.0,0.0,0.0,0.0,0.0,0.0,0.0,0.0,0.0,0.0,1.05469,-10.5323,0.0188,0.1476,StoppingVariableSpeed,extended
9.91845,196,0.0,0.0,0.0,0.0,0.0,0.0,0.0,0.0,0.0,0.0,0.703125,-7.02151,0.0188,0.1476,StoppingVariableSpeed,extended
9.96852,197,0.0,0.0,0.0,0.0,0.0,0.0,0.0,0.0,0.0,0.0,0.175781,-10.5331,0.0188,0.1476,StoppingVariableSpeed,extended
10.0186,198,0.0,0.0,0.0,0.0,0.0,0.0,0.0,0.0,0.0,0.0,-0.351562,-10.5324,0.0188,0.1476,StoppingVariableSpeed,extended
10.0687,199,0.0,0.0,0.0,0.0,0.0,0.0,0.0,0.0,0.0,0.0,-1.05469,-14.0429,0.0188,0.1476,StoppingVariableSpeed,extended
10.1187,200,0.0,0.0,0.0,0.0,0.0,0.0,0.0,0.0,0.0,0.0,-1.40625,-7.02158,0.0188,0.1476,StoppingVariableSpeed,extended
10.1688,201,0.0,0.0,0.0,0.0,0.0,0.0,0.0,0.0,0.0,0.0,-1.93359,-10.5369,0.0188,0.1476,StoppingVariableSpeed,extended
10.2188,202,0.0,0.0,0.0,0.0,0.0,0.0,0.0,0.0,0.0,0.0,-2.46094,-10.5329,0.0188,0.1476,StoppingVariableSpeed,extended
10.2689,203,0.0,0.0,0.0,0.0,0.0,0.0,0.0,0.0,0.0,0.0,-2.98828,-10.5319,0.0188,0.1476,StoppingVariableSpeed,extended
10.3855,204,0.0,0.0,0.0,0.0,0.0,0.0,0.0,0.0,0.0,0.0,-3.86719,-7.53517,0.00674,0.13537,StoppingVariableSpeed,seated
10.4356,205,0.0,0.0,0.0,0.0,0.0,0.0,0.0,0.0,0.0,0.0,-4.04297,-3.51054,0.00674,0.13537,StoppingVariableSpeed,seated
10.4857,206,0.0,0.0,0.0,0.0,0.0,0.0,0.0,0.0,0.0,0.0,-4.21875,-3.51059,0.00674,0.13537,StoppingVariableSpeed,seated
10.5358,207,0.0,0.0,0.0,0.0,0.0,0.0,0.0,0.0,0.0,0.0,-4.39453,-3.51051,0.00674,0.13537,StoppingVariableSpeed,seated
10.5858,208,0.0,0.0,0.0,0.0,0.0,0.0,0.0,0.0,0.0,0.0,-4.39453,0.0,0.00674,0.13537,StoppingVariableSpeed,seated
10.6359,209,0.0,0.0,0.0,0.0,0.0,0.0,0.0,0.0,0.0,0.0,-4.39453,0.0,0.00674,0.13537,StoppingVariableSpeed,seated
10.686,210,0.0,0.0,0.0,0.0,0.0,0.0,0.0,0.0,0.0,0.0,-4.39453,0.0,0.00674,0.13537,StoppingVariableSpeed,seated
10.736,211,0.0,0.0,0.0,0.0,0.0,0.0,0.0,0.0,0.0,0.0,-4.39453,0.0,0.00674,0.13537,StoppingVariableSpeed,seated
10.7861,212,0.0,0.0,0.0,0.0,0.0,0.0,0.0,0.0,0.0,0.0,-4.21875,3.51074,0.00674,0.13537,StoppingVariableSpeed,seated
10.8362,213,0.0,0.0,0.0,0.0,0.0,0.0,0.0,0.0,0.0,0.0,-4.04297,3.51092,0.00674,0.13537,StoppingVariableSpeed,seated
10.8862,214,0.0,0.0,0.0,0.0,0.0,0.0,0.0,0.0,0.0,0.0,-3.86719,3.51099,0.00674,0.13537,StoppingVariableSpeed,seated
10.9363,215,0.0,0.0,0.0,0.0,0.0,0.0,0.0,0.0,0.0,0.0,-3.33984,10.5317,0.00674,0.13537,StoppingVariableSpeed,seated
10.9864,216,0.0,0.0,0.0,0.0,0.0,0.0,0.0,0.0,0.0,0.0,-2.98828,7.02054,0.00674,0.13537,StoppingVariableSpeed,seated
11.0365,217,0.0,0.0,0.0,0.0,0.0,0.0,0.0,0.0,0.0,0.0,-2.46094,10.532,0.00674,0.13537,StoppingVariableSpeed,seated
11.0865,218,0.0,0.0,0.0,0.0,0.0,0.0,0.0,0.0,0.0,0.0,-2.10938,7.02141,0.00674,0.13537,StoppingVariableSpeed,seated
11.1366,219,0.0,0.0,0.0,0.0,0.0,0.0,0.0,0.0,0.0,0.0,-1.58203,10.5329,0.00674,0.13537,StoppingVariableSpeed,seated
11.1867,220,0.0,0.0,0.0,0.0,0.0,0.0,0.0,0.0,0.0,0.0,-1.05469,10.5319,0.00674,0.13537,StoppingVariableSpeed,seated
11.2367,221,0.0,0.0,0.0,0.0,0.0,0.0,0.0,0.0,0.0,0.0,-0.527344,10.5318,0.00674,0.13537,StoppingVariableSpeed,seated
11.2868,222,0.0,0.0,0.0,0.0,0.0,0.0,0.0,0.0,0.0,0.0,0.0,10.5391,0.00674,0.13537,StoppingVariableSpeed,seated
11.3368,223,0.0,0.0,0.0,0.0,0.0,0.0,0.0,0.0,0.0,0.0,0.527344,10.5327,0.00674,0.13537,StoppingVariableSpeed,seated
11.3869,224,0.0,0.0,0.0,0.0,0.0,0.0,0.0,0.0,0.0,0.0,1.05469,10.5323,0.00674,0.13537,StoppingVariableSpeed,seated
11.4839,225,0.0,0.0,0.0,0.0,0.0,0.0,0.0,0.0,0.0,0.0,2.10938,10.8715,0.0188,0.1476,StoppingVariableSpeed,extended
11.534,226,0.0,0.0,0.0,0.0,0.0,0.0,0.0,0.0,0.0,0.0,2.63672,10.53,0.0188,0.1476,StoppingVariableSpeed,extended
11.5841,227,0.0,0.0,0.0,0.0,0.0,0.0,0.0,0.0,0.0,0.0,2.8125,3.51051,0.0188,0.1476,StoppingVariableSpeed,extended
11.6341,228,0.0,0.0,0.0,0.0,0.0,0.0,0.0,0.0,0.0,0.0,3.16406,7.02168,0.0188,0.1476,StoppingVariableSpeed,extended
11.6842,229,0.0,0.0,0.0,0.0,0.0,0.0,0.0,0.0,0.0,0.0,3.51562,7.02138,0.0188,0.1476,StoppingVariableSpeed,extended
11.7343,230,0.0,0.0,0.0,0.0,0.0,0.0,0.0,0.0,0.0,0.0,3.69141,3.51067,0.0188,0.1476,StoppingVariableSpeed,extended
11.7844,231,0.0,0.0,0.0,0.0,0.0,0.0,0.0,0.0,0.0,0.0,4.04297,7.02118,0.0188,0.1476,StoppingVariableSpeed,extended
11.8344,232,0.0,0.0,0.0,0.0,0.0,0.0,0.0,0.0,0.0,0.0,4.21875,3.51106,0.0188,0.1476,StoppingVariableSpeed,extended
11.8845,233,0.0,0.0,0.0,0.0,0.0,0.0,0.0,0.0,0.0,0.0,4.21875,0.0,0.0188,0.1476,StoppingVariableSpeed,extended
11.9346,234,0.0,0.0,0.0,0.0,0.0,0.0,0.0,0.0,0.0,0.0,4.21875,0.0,0.0188,0.1476,StoppingVariableSpeed,extended
11.9846,235,0.0,0.0,0.0,0.0,0.0,0.0,0.0,0.0,0.0,0.0,4.21875,0.0,0.0188,0.1476,StoppingVariableSpeed,extended
12.0347,236,0.0,0.0,0.0,0.0,0.0,0.0,0.0,0.0,0.0,0.0,3.86719,-7.02121,0.0188,0.1476,StoppingVariableSpeed,extended
12.0848,237,0.0,0.0,0.0,0.0,0.0,0.0,0.0,0.0,0.0,0.0,3.69141,-3.51116,0.0188,0.1476,StoppingVariableSpeed,extended
12.1348,238,0.0,0.0,0.0,0.0,0.0,0.0,0.0,0.0,0.0,0.0,3.51562,-3.51094,0.0188,0.1476,StoppingVariableSpeed,extended
12.1849,239,0.0,0.0,0.0,0.0,0.0,0.0,0.0,0.0,0.0,0.0,3.16406,-7.02175,0.0188,0.1476,StoppingVariableSpeed,extended
12.235,240,0.0,0.0,0.0,0.0,0.0,0.0,0.0,0.0,0.0,0.0,2.8125,-7.02131,0.0188,0.1476,StoppingVariableSpeed,extended
12.285,241,0.0,0.0,0.0,0.0,0.0,0.0,0.0,0.0,0.0,0.0,2.46094,-7.02168,0.0188,0.1476,StoppingVariableSpeed,extended
12.3351,242,0.0,0.0,0.0,0.0,0.0,0.0,0.0,0.0,0.0,0.0,1.93359,-10.5319,0.0188,0.1476,StoppingVariableSpeed,extended
12.3852,243,0.0,0.0,0.0,0.0,0.0,0.0,0.0,0.0,0.0,0.0,1.40625,-10.5323,0.0188,0.1476,StoppingVariableSpeed,extended
12.4353,244,0.0,0.0,0.0,0.0,0.0,0.0,0.0,0.0,0.0,0.0,0.878906,-10.5322,0.0188,0.1476,StoppingVariableSpeed,extended
12.4853,245,0.0,0.0,0.0,0.0,0.0,0.0,0.0,0.0,0.0,0.0,0.351562,-10.532,0.0188,0.1476,StoppingVariableSpeed,extended
12.5354,246,0.0,0.0,0.0,0.0,0.0,0.0,0.0,0.0,0.0,0.0,-0.175781,-10.5319,0.0188,0.1476,StoppingVariableSpeed,extended
12.6843,247,0.0,0.0,0.0,0.0,0.0,0.0,0.0,0.0,0.0,0.0,-1.75781,-10.6245,0.00674,0.13537,StoppingVariableSpeed,seated
12.7344,248,0.0,0.0,0.0,0.0,0.0,0.0,0.0,0.0,0.0,0.0,-2.46094,-14.0422,0.00674,0.13537,StoppingVariableSpeed,seated
12.7845,249,0.0,0.0,0.0,0.0,0.0,0.0,0.0,0.0,0.0,0.0,-2.8125,-7.01894,0.00674,0.13537,StoppingVariableSpeed,seated
12.8345,250,0.0,0.0,0.0,0.0,0.0,0.0,0.0,0.0,0.0,0.0,-3.16406,-7.02175,0.00674,0.13537,StoppingVariableSpeed,seated
12.8846,251,0.0,0.0,0.0,0.0,0.0,0.0,0.0,0.0,0.0,0.0,-3.69141,-10.5324,0.00674,0.13537,StoppingVariableSpeed,seated
12.9347,252,0.0,0.0,0.0,0.0,0.0,0.0,0.0,0.0,0.0,0.0,-3.86719,-3.51071,0.00674,0.13537,StoppingVariableSpeed,seated
12.9847,253,0.0,0.0,0.0,0.0,0.0,0.0,0.0,0.0,0.0,0.0,-4.21875,-7.02125,0.00674,0.13537,StoppingVariableSpeed,seated
13.0348,254,0.0,0.0,0.0,0.0,0.0,0.0,0.0,0.0,0.0,0.0,-4.39453,-3.51047,0.00674,0.13537,StoppingVariableSpeed,seated
13.0849,255,0.0,0.0,0.0,0.0,0.0,0.0,0.0,0.0,0.0,0.0,-4.57031,-3.51072,0.00674,0.13537,StoppingVariableSpeed,seated
13.1349,256,0.0,0.0,0.0,0.0,0.0,0.0,0.0,0.0,0.0,0.0,-4.57031,0.0,0.00674,0.13537,StoppingVariableSpeed,seated
13.185,257,0.0,0.0,0.0,0.0,0.0,0.0,0.0,0.0,0.0,0.0,-4.74609,-3.51091,0.00674,0.13537,StoppingVariableSpeed,seated
13.2351,258,0.0,0.0,0.0,0.0,0.0,0.0,0.0,0.0,0.0,0.0,-4.57031,3.51062,0.00674,0.13537,StoppingVariableSpeed,seated
13.2852,259,0.0,0.0,0.0,0.0,0.0,0.0,0.0,0.0,0.0,0.0,-4.39453,3.51061,0.00674,0.13537,StoppingVariableSpeed,seated
13.3352,260,0.0,0.0,0.0,0.0,0.0,0.0,0.0,0.0,0.0,0.0,-4.21875,3.51079,0.00674,0.13537,StoppingVariableSpeed,seated
13.3853,261,0.0,0.0,0.0,0.0,0.0,0.0,0.0,0.0,0.0,0.0,-3.86719,7.02145,0.00674,0.13537,StoppingVariableSpeed,seated
13.4354,262,0.0,0.0,0.0,0.0,0.0,0.0,0.0,0.0,0.0,0.0,-3.69141,3.51071,0.00674,0.13537,StoppingVariableSpeed,seated
13.4854,263,0.0,0.0,0.0,0.0,0.0,0.0,0.0,0.0,0.0,0.0,-3.33984,7.02195,0.00674,0.13537,StoppingVariableSpeed,seated
13.5355,264,0.0,0.0,0.0,0.0,0.0,0.0,0.0,0.0,0.0,0.0,-2.8125,10.5337,0.00674,0.13537,StoppingVariableSpeed,seated
13.5856,265,0.0,0.0,0.0,0.0,0.0,0.0,0.0,0.0,0.0,0.0,-2.46094,7.02195,0.00674,0.13537,StoppingVariableSpeed,seated
13.6356,266,0.0,0.0,0.0,0.0,0.0,0.0,0.0,0.0,0.0,0.0,-1.93359,10.5319,0.00674,0.13537,StoppingVariableSpeed,seated
13.7594,267,0.0,0.0,0.0,0.0,0.0,0.0,0.0,0.0,0.0,0.0,-0.527344,11.3598,0.0188,0.1476,StoppingVariableSpeed,extended
13.8095,268,0.0,0.0,0.0,0.0,0.0,0.0,0.0,0.0,0.0,0.0,0.0,10.5307,0.0188,0.1476,StoppingVariableSpeed,extended
13.8596,269,0.0,0.0,0.0,0.0,0.0,0.0,0.0,0.0,0.0,0.0,0.351562,7.02125,0.0188,0.1476,StoppingVariableSpeed,extended
13.9096,270,0.0,0.0,0.0,0.0,0.0,0.0,0.0,0.0,0.0,0.0,1.05469,14.0433,0.0188,0.1476,StoppingVariableSpeed,extended
13.9597,271,0.0,0.0,0.0,0.0,0.0,0.0,0.0,0.0,0.0,0.0,1.40625,7.02148,0.0188,0.1476,StoppingVariableSpeed,extended
14.0098,272,0.0,0.0,0.0,0.0,0.0,0.0,0.0,0.0,0.0,0.0,2.10938,14.044,0.0188,0.1476,StoppingVariableSpeed,extended
14.0598,273,0.0,0.0,0.0,0.0,0.0,0.0,0.0,0.0,0.0,0.0,2.46094,7.02158,0.0188,0.1476,StoppingVariableSpeed,extended
14.1099,274,0.0,0.0,0.0,0.0,0.0,0.0,0.0,0.0,0.0,0.0,3.16406,14.0423,0.0188,0.1476,StoppingVariableSpeed,extended
14.16,275,0.0,0.0,0.0,0.0,0.0,0.0,0.0,0.0,0.0,0.0,3.33984,3.51104,0.0188,0.1476,StoppingVariableSpeed,extended
14.21,276,0.0,0.0,0.0,0.0,0.0,0.0,0.0,0.0,0.0,0.0,3.69141,7.02141,0.0188,0.1476,StoppingVariableSpeed,extended
14.2601,277,0.0,0.0,0.0,0.0,0.0,0.0,0.0,0.0,0.0,0.0,3.86719,3.51082,0.0188,0.1476,StoppingVariableSpeed,extended
14.3102,278,0.0,0.0,0.0,0.0,0.0,0.0,0.0,0.0,0.0,0.0,4.04297,3.51067,0.0188,0.1476,StoppingVariableSpeed,extended
14.3603,279,0.0,0.0,0.0,0.0,0.0,0.0,0.0,0.0,0.0,0.0,4.21875,3.51059,0.0188,0.1476,StoppingVariableSpeed,extended
14.4103,280,0.0,0.0,0.0,0.0,0.0,0.0,0.0,0.0,0.0,0.0,4.21875,0.0,0.0188,0.1476,StoppingVariableSpeed,extended
14.4604,281,0.0,0.0,0.0,0.0,0.0,0.0,0.0,0.0,0.0,0.0,4.21875,0.0,0.0188,0.1476,StoppingVariableSpeed,extended
14.5105,282,0.0,0.0,0.0,0.0,0.0,0.0,0.0,0.0,0.0,0.0,4.21875,0.0,0.0188,0.1476,StoppingVariableSpeed,extended
14.5605,283,0.0,0.0,0.0,0.0,0.0,0.0,0.0,0.0,0.0,0.0,4.04297,-3.51071,0.0188,0.1476,StoppingVariableSpeed,extended
14.6106,284,0.0,0.0,0.0,0.0,0.0,0.0,0.0,0.0,0.0,0.0,3.86719,-3.51062,0.0188,0.1476,StoppingVariableSpeed,extended
14.6607,285,0.0,0.0,0.0,0.0,0.0,0.0,0.0,0.0,0.0,0.0,3.51562,-7.02165,0.0188,0.1476,StoppingVariableSpeed,extended
14.7108,286,0.0,0.0,0.0,0.0,0.0,0.0,0.0,0.0,0.0,0.0,3.16406,-7.02078,0.0188,0.1476,StoppingVariableSpeed,extended
14.7608,287,0.0,0.0,0.0,0.0,0.0,0.0,0.0,0.0,0.0,0.0,2.8125,-7.02171,0.0188,0.1476,StoppingVariableSpeed,extended
14.8568,288,0.0,0.0,0.0,0.0,0.0,0.0,0.0,0.0,0.0,0.0,1.93359,-9.15919,0.00674,0.13537,StoppingVariableSpeed,seated
14.9069,289,0.0,0.0,0.0,0.0,0.0,0.0,0.0,0.0,0.0,0.0,1.58203,-7.02151,0.00674,0.13537,StoppingVariableSpeed,seated
14.9569,290,0.0,0.0,0.0,0.0,0.0,0.0,0.0,0.0,0.0,0.0,1.05469,-10.5318,0.00674,0.13537,StoppingVariableSpeed,seated
15.007,291,0.0,0.0,0.0,0.0,0.0,0.0,0.0,0.0,0.0,0.0,0.527344,-10.5324,0.00674,0.13537,StoppingVariableSpeed,seated
15.0571,292,0.0,0.0,0.0,0.0,0.0,0.0,0.0,0.0,0.0,0.0,-0.175781,-14.0429,0.00674,0.13537,StoppingVariableSpeed,seated
15.1071,293,0.0,0.0,0.0,0.0,0.0,0.0,0.0,0.0,0.0,0.0,-0.527344,-7.02225,0.00674,0.13537,StoppingVariableSpeed,seated
15.1572,294,0.0,0.0,0.0,0.0,0.0,0.0,0.0,0.0,0.0,0.0,-1.23047,-14.0431,0.00674,0.13537,StoppingVariableSpeed,seated
15.2073,295,0.0,0.0,0.0,0.0,0.0,0.0,0.0,0.0,0.0,0.0,-1.75781,-10.5327,0.00674,0.13537,StoppingVariableSpeed,seated
15.2573,296,0.0,0.0,0.0,0.0,0.0,0.0,0.0,0.0,0.0,0.0,-2.28516,-10.5321,0.00674,0.13537,StoppingVariableSpeed,seated
15.3074,297,0.0,0.0,0.0,0.0,0.0,0.0,0.0,0.0,0.0,0.0,-2.8125,-10.532,0.00674,0.13537,StoppingVariableSpeed,seated
15.3575,298,0.0,0.0,0.0,0.0,0.0,0.0,0.0,0.0,0.0,0.0,-3.16406,-7.02175,0.00674,0.13537,StoppingVariableSpeed,seated
15.4075,299,0.0,0.0,0.0,0.0,0.0,0.0,0.0,0.0,0.0,0.0,-3.51562,-7.02171,0.00674,0.13537,StoppingVariableSpeed,seated
15.4576,300,0.0,0.0,0.0,0.0,0.0,0.0,0.0,0.0,0.0,0.0,-3.86719,-7.02061,0.00674,0.13537,StoppingVariableSpeed,seated
15.5077,301,0.0,0.0,0.0,0.0,0.0,0.0,0.0,0.0,0.0,0.0,-4.04297,-3.51076,0.00674,0.13537,StoppingVariableSpeed,seated
15.5578,302,0.0,0.0,0.0,0.0,0.0,0.0,0.0,0.0,0.0,0.0,-4.39453,-7.02178,0.00674,0.13537,StoppingVariableSpeed,seated
15.6078,303,0.0,0.0,0.0,0.0,0.0,0.0,0.0,0.0,0.0,0.0,-4.57031,-3.51052,0.00674,0.13537,StoppingVariableSpeed,seated
15.6579,304,0.0,0.0,0.0,0.0,0.0,0.0,0.0,0.0,0.0,0.0,-4.57031,0.0,0.00674,0.13537,StoppingVariableSpeed,seated
15.708,305,0.0,0.0,0.0,0.0,0.0,0.0,0.0,0.0,0.0,0.0,-4.57031,0.0,0.00674,0.13537,StoppingVariableSpeed,seated
15.758,306,0.0,0.0,0.0,0.0,0.0,0.0,0.0,0.0,0.0,0.0,-4.57031,0.0,0.00674,0.13537,StoppingVariableSpeed,seated
15.8081,307,0.0,0.0,0.0,0.0,0.0,0.0,0.0,0.0,0.0,0.0,-4.39453,3.51077,0.00674,0.13537,StoppingVariableSpeed,seated
15.8582,308,0.0,0.0,0.0,0.0,0.0,0.0,0.0,0.0,0.0,0.0,-4.21875,3.51056,0.00674,0.13537,StoppingVariableSpeed,seated
15.9082,309,0.0,0.0,0.0,0.0,0.0,0.0,0.0,0.0,0.0,0.0,-3.86719,7.02135,0.00674,0.13537,StoppingVariableSpeed,seated
16.06,310,0.0,0.0,0.0,0.0,0.0,0.0,0.0,0.0,0.0,0.0,-2.8125,6.9494,0.0188,0.1476,StoppingVariableSpeed,extended
16.1101,311,0.0,0.0,0.0,0.0,0.0,0.0,0.0,0.0,0.0,0.0,-2.46094,7.02128,0.0188,0.1476,StoppingVariableSpeed,extended
16.1602,312,0.0,0.0,0.0,0.0,0.0,0.0,0.0,0.0,0.0,0.0,-1.93359,10.5321,0.0188,0.1476,StoppingVariableSpeed,extended
16.2102,313,0.0,0.0,0.0,0.0,0.0,0.0,0.0,0.0,0.0,0.0,-1.40625,10.532,0.0188,0.1476,StoppingVariableSpeed,extended
16.2603,314,0.0,0.0,0.0,0.0,0.0,0.0,0.0,0.0,0.0,0.0,-0.878906,10.5318,0.0188,0.1476,StoppingVariableSpeed,extended
16.3104,315,0.0,0.0,0.0,0.0,0.0,0.0,0.0,0.0,0.0,0.0,-0.351562,10.5321,0.0188,0.1476,StoppingVariableSpeed,extended
16.3604,316,0.0,0.0,0.0,0.0,0.0,0.0,0.0,0.0,0.0,0.0,0.351562,14.0425,0.0188,0.1476,StoppingVariableSpeed,extended
16.4105,317,0.0,0.0,0.0,0.0,0.0,0.0,0.0,0.0,0.0,0.0,0.703125,7.02064,0.0188,0.1476,StoppingVariableSpeed,extended
16.4606,318,0.0,0.0,0.0,0.0,0.0,0.0,0.0,0.0,0.0,0.0,1.23047,10.5317,0.0188,0.1476,StoppingVariableSpeed,extended
16.5106,319,0.0,0.0,0.0,0.0,0.0,0.0,0.0,0.0,0.0,0.0,1.75781,10.5325,0.0188,0.1476,StoppingVariableSpeed,extended
16.5607,320,0.0,0.0,0.0,0.0,0.0,0.0,0.0,0.0,0.0,0.0,2.28516,10.5314,0.0188,0.1476,StoppingVariableSpeed,extended
16.6108,321,0.0,0.0,0.0,0.0,0.0,0.0,0.0,0.0,0.0,0.0,2.63672,7.02148,0.0188,0.1476,StoppingVariableSpeed,extended
16.6609,322,0.0,0.0,0.0,0.0,0.0,0.0,0.0,0.0,0.0,0.0,2.98828,7.02145,0.0188,0.1476,StoppingVariableSpeed,extended
16.7109,323,0.0,0.0,0.0,0.0,0.0,0.0,0.0,0.0,0.0,0.0,3.33984,7.02212,0.0188,0.1476,StoppingVariableSpeed,extended
16.761,324,0.0,0.0,0.0,0.0,0.0,0.0,0.0,0.0,0.0,0.0,3.69141,7.02115,0.0188,0.1476,StoppingVariableSpeed,extended
16.8111,325,0.0,0.0,0.0,0.0,0.0,0.0,0.0,0.0,0.0,0.0,3.86719,3.51062,0.0188,0.1476,StoppingVariableSpeed,extended
16.8611,326,0.0,0.0,0.0,0.0,0.0,0.0,0.0,0.0,0.0,0.0,4.04297,3.51074,0.0188,0.1476,StoppingVariableSpeed,extended
16.9112,327,0.0,0.0,0.0,0.0,0.0,0.0,0.0,0.0,0.0,0.0,4.21875,3.51081,0.0188,0.1476,StoppingVariableSpeed,extended
16.9613,328,0.0,0.0,0.0,0.0,0.0,0.0,0.0,0.0,0.0,0.0,4.21875,0.0,0.0188,0.1476,StoppingVariableSpeed,extended
17.0114,329,0.0,0.0,0.0,0.0,0.0,0.0,0.0,0.0,0.0,0.0,4.04297,-3.51036,0.0188,0.1476,StoppingVariableSpeed,extended
17.1207,330,0.0,0.0,0.0,0.0,0.0,0.0,0.0,0.0,0.0,0.0,3.86719,-1.60802,0.00674,0.13537,StoppingVariableSpeed,seated
17.1707,331,0.0,0.0,0.0,0.0,0.0,0.0,0.0,0.0,0.0,0.0,3.51562,-7.02131,0.00674,0.13537,StoppingVariableSpeed,seated
17.2208,332,0.0,0.0,0.0,0.0,0.0,0.0,0.0,0.0,0.0,0.0,3.16406,-7.02703,0.00674,0.13537,StoppingVariableSpeed,seated
17.2708,333,0.0,0.0,0.0,0.0,0.0,0.0,0.0,0.0,0.0,0.0,2.8125,-7.02125,0.00674,0.13537,StoppingVariableSpeed,seated
17.3209,334,0.0,0.0,0.0,0.0,0.0,0.0,0.0,0.0,0.0,0.0,2.46094,-7.02148,0.00674,0.13537,StoppingVariableSpeed,seated
17.371,335,0.0,0.0,0.0,0.0,0.0,0.0,0.0,0.0,0.0,0.0,2.10938,-7.02202,0.00674,0.13537,StoppingVariableSpeed,seated
17.421,336,0.0,0.0,0.0,0.0,0.0,0.0,0.0,0.0,0.0,0.0,1.58203,-10.5322,0.00674,0.13537,StoppingVariableSpeed,seated
17.4711,337,0.0,0.0,0.0,0.0,0.0,0.0,0.0,0.0,0.0,0.0,1.05469,-10.5326,0.00674,0.13537,StoppingVariableSpeed,seated
17.5212,338,0.0,0.0,0.0,0.0,0.0,0.0,0.0,0.0,0.0,0.0,0.527344,-10.5321,0.00674,0.13537,StoppingVariableSpeed,seated
17.5713,339,0.0,0.0,0.0,0.0,0.0,0.0,0.0,0.0,0.0,0.0,0.0,-10.5323,0.00674,0.13537,StoppingVariableSpeed,seated
17.6213,340,0.0,0.0,0.0,0.0,0.0,0.0,0.0,0.0,0.0,0.0,-0.703125,-14.043,0.00674,0.13537,StoppingVariableSpeed,seated
17.6714,341,0.0,0.0,0.0,0.0,0.0,0.0,0.0,0.0,0.0,0.0,-1.05469,-7.02161,0.00674,0.13537,StoppingVariableSpeed,seated
17.7215,342,0.0,0.0,0.0,0.0,0.0,0.0,0.0,0.0,0.0,0.0,-1.58203,-10.532,0.00674,0.13537,StoppingVariableSpeed,seated
17.7715,343,0.0,0.0,0.0,0.0,0.0,0.0,0.0,0.0,0.0,0.0,-2.10938,-10.5311,0.00674,0.13537,StoppingVariableSpeed,seated
17.8216,344,0.0,0.0,0.0,0.0,0.0,0.0,0.0,0.0,0.0,0.0,-2.46094,-7.02135,0.00674,0.13537,StoppingVariableSpeed,seated
17.8717,345,0.0,0.0,0.0,0.0,0.0,0.0,0.0,0.0,0.0,0.0,-2.98828,-10.5322,0.00674,0.13537,StoppingVariableSpeed,seated
17.9218,346,0.0,0.0,0.0,0.0,0.0,0.0,0.0,0.0,0.0,0.0,-3.33984,-7.01991,0.00674,0.13537,StoppingVariableSpeed,seated
17.9718,347,0.0,0.0,0.0,0.0,0.0,0.0,0.0,0.0,0.0,0.0,-3.69141,-7.02148,0.00674,0.13537,StoppingVariableSpeed,seated
18.0219,348,0.0,0.0,0.0,0.0,0.0,0.0,0.0,0.0,0.0,0.0,-3.86719,-3.51079,0.00674,0.13537,StoppingVariableSpeed,seated
18.072,349,0.0,0.0,0.0,0.0,0.0,0.0,0.0,0.0,0.0,0.0,-4.21875,-7.02115,0.00674,0.13537,StoppingVariableSpeed,seated
18.122,350,0.0,0.0,0.0,0.0,0.0,0.0,0.0,0.0,0.0,0.0,-4.21875,0.0,0.00674,0.13537,StoppingVariableSpeed,seated
18.2178,351,0.0,0.0,0.0,0.0,0.0,0.0,0.0,0.0,0.0,0.0,-4.39453,-1.83554,0.0188,0.1476,StoppingVariableSpeed,extended
18.2679,352,0.0,0.0,0.0,0.0,0.0,0.0,0.0,0.0,0.0,0.0,-4.39453,0.0,0.0188,0.1476,StoppingVariableSpeed,extended
18.3179,353,0.0,0.0,0.0,0.0,0.0,0.0,0.0,0.0,0.0,0.0,-4.39453,0.0,0.0188,0.1476,StoppingVariableSpeed,extended
18.368,354,0.0,0.0,0.0,0.0,0.0,0.0,0.0,0.0,0.0,0.0,-4.21875,3.51067,0.0188,0.1476,StoppingVariableSpeed,extended
18.4181,355,0.0,0.0,0.0,0.0,0.0,0.0,0.0,0.0,0.0,0.0,-4.04297,3.51067,0.0188,0.1476,StoppingVariableSpeed,extended
18.4682,356,0.0,0.0,0.0,0.0,0.0,0.0,0.0,0.0,0.0,0.0,-3.69141,7.02145,0.0188,0.1476,StoppingVariableSpeed,extended
18.5182,357,0.0,0.0,0.0,0.0,0.0,0.0,0.0,0.0,0.0,0.0,-3.33984,7.02155,0.0188,0.1476,StoppingVariableSpeed,extended
18.5683,358,0.0,0.0,0.0,0.0,0.0,0.0,0.0,0.0,0.0,0.0,-2.8125,10.5327,0.0188,0.1476,StoppingVariableSpeed,extended
18.6184,359,0.0,0.0,0.0,0.0,0.0,0.0,0.0,0.0,0.0,0.0,-2.46094,7.02222,0.0188,0.1476,StoppingVariableSpeed,extended
18.6684,360,0.0,0.0,0.0,0.0,0.0,0.0,0.0,0.0,0.0,0.0,-2.10938,7.02111,0.0188,0.1476,StoppingVariableSpeed,extended
18.7185,361,0.0,0.0,0.0,0.0,0.0,0.0,0.0,0.0,0.0,0.0,-1.58203,10.532,0.0188,0.1476,StoppingVariableSpeed,extended
18.7686,362,0.0,0.0,0.0,0.0,0.0,0.0,0.0,0.0,0.0,0.0,-1.05469,10.5322,0.0188,0.1476,StoppingVariableSpeed,extended
18.8186,363,0.0,0.0,0.0,0.0,0.0,0.0,0.0,0.0,0.0,0.0,-0.527344,10.5322,0.0188,0.1476,StoppingVariableSpeed,extended
18.8687,364,0.0,0.0,0.0,0.0,0.0,0.0,0.0,0.0,0.0,0.0,0.0,10.5319,0.0188,0.1476,StoppingVariableSpeed,extended
18.9188,365,0.0,0.0,0.0,0.0,0.0,0.0,0.0,0.0,0.0,0.0,0.527344,10.5333,0.0188,0.1476,StoppingVariableSpeed,extended
18.9688,366,0.0,0.0,0.0,0.0,0.0,0.0,0.0,0.0,0.0,0.0,1.05469,10.5319,0.0188,0.1476,StoppingVariableSpeed,extended
19.0189,367,0.0,0.0,0.0,0.0,0.0,0.0,0.0,0.0,0.0,0.0,1.58203,10.532,0.0188,0.1476,StoppingVariableSpeed,extended
19.069,368,0.0,0.0,0.0,0.0,0.0,0.0,0.0,0.0,0.0,0.0,1.93359,7.02105,0.0188,0.1476,StoppingVariableSpeed,extended
19.1191,369,0.0,0.0,0.0,0.0,0.0,0.0,0.0,0.0,0.0,0.0,2.28516,7.02115,0.0188,0.1476,StoppingVariableSpeed,extended
19.1691,370,0.0,0.0,0.0,0.0,0.0,0.0,0.0,0.0,0.0,0.0,2.8125,10.5331,0.0188,0.1476,StoppingVariableSpeed,extended
19.2192,371,0.0,0.0,0.0,0.0,0.0,0.0,0.0,0.0,0.0,0.0,2.98828,3.51076,0.0188,0.1476,StoppingVariableSpeed,extended
19.2693,372,0.0,0.0,0.0,0.0,0.0,0.0,0.0,0.0,0.0,0.0,3.33984,7.02108,0.0188,0.1476,StoppingVariableSpeed,extended
19.3818,373,0.0,0.0,0.0,0.0,0.0,0.0,0.0,0.0,0.0,0.0,3.86719,4.68584,0.00674,0.13537,StoppingVariableSpeed,seated
19.4319,374,0.0,0.0,0.0,0.0,0.0,0.0,0.0,0.0,0.0,0.0,3.86719,0.0,0.00674,0.13537,StoppingVariableSpeed,seated
19.4819,375,0.0,0.0,0.0,0.0,0.0,0.0,0.0,0.0,0.0,0.0,3.86719,0.0,0.00674,0.13537,StoppingVariableSpeed,seated
19.532,376,0.0,0.0,0.0,0.0,0.0,0.0,0.0,0.0,0.0,0.0,3.86719,0.0,0.00674,0.13537,StoppingVariableSpeed,seated
19.5821,377,0.0,0.0,0.0,0.0,0.0,0.0,0.0,0.0,0.0,0.0,3.86719,0.0,0.00674,0.13537,StoppingVariableSpeed,seated
19.6322,378,0.0,0.0,0.0,0.0,0.0,0.0,0.0,0.0,0.0,0.0,3.69141,-3.51077,0.00674,0.13537,StoppingVariableSpeed,seated
19.6822,379,0.0,0.0,0.0,0.0,0.0,0.0,0.0,0.0,0.0,0.0,3.51562,-3.51096,0.00674,0.13537,StoppingVariableSpeed,seated
19.7323,380,0.0,0.0,0.0,0.0,0.0,0.0,0.0,0.0,0.0,0.0,3.16406,-7.02108,0.00674,0.13537,StoppingVariableSpeed,seated
19.7824,381,0.0,0.0,0.0,0.0,0.0,0.0,0.0,0.0,0.0,0.0,2.8125,-7.02061,0.00674,0.13537,StoppingVariableSpeed,seated
19.8324,382,0.0,0.0,0.0,0.0,0.0,0.0,0.0,0.0,0.0,0.0,2.46094,-7.02155,0.00674,0.13537,StoppingVariableSpeed,seated
19.8825,383,0.0,0.0,0.0,0.0,0.0,0.0,0.0,0.0,0.0,0.0,2.10938,-7.02178,0.00674,0.13537,StoppingVariableSpeed,seated
19.9326,384,0.0,0.0,0.0,0.0,0.0,0.0,0.0,0.0,0.0,0.0,1.58203,-10.5327,0.00674,0.13537,StoppingVariableSpeed,seated
19.9826,385,0.0,0.0,0.0,0.0,0.0,0.0,0.0,0.0,0.0,0.0,1.23047,-7.02161,0.00674,0.13537,StoppingVariableSpeed,seated
20.0327,386,0.0,0.0,0.0,0.0,0.0,0.0,0.0,0.0,0.0,0.0,0.703125,-10.532,0.00674,0.13537,StoppingVariableSpeed,seated
20.0828,387,0.0,0.0,0.0,0.0,0.0,0.0,0.0,0.0,0.0,0.0,0.351562,-7.02285,0.00674,0.13537,StoppingVariableSpeed,seated
20.1328,388,0.0,0.0,0.0,0.0,0.0,0.0,0.0,0.0,0.0,0.0,-0.351562,-14.043,0.00674,0.13537,StoppingVariableSpeed,seated
20.1829,389,0.0,0.0,0.0,0.0,0.0,0.0,0.0,0.0,0.0,0.0,-0.703125,-7.02131,0.00674,0.13537,StoppingVariableSpeed,seated
20.233,390,0.0,0.0,0.0,0.0,0.0,0.0,0.0,0.0,0.0,0.0,-1.23047,-10.5324,0.00674,0.13537,StoppingVariableSpeed,seated
20.283,391,0.0,0.0,0.0,0.0,0.0,0.0,0.0,0.0,0.0,0.0,-1.75781,-10.5326,0.00674,0.13537,StoppingVariableSpeed,seated
20.3331,392,0.0,0.0,0.0,0.0,0.0,0.0,0.0,0.0,0.0,0.0,-2.10938,-7.02155,0.00674,0.13537,StoppingVariableSpeed,seated
20.3832,393,0.0,0.0,0.0,0.0,0.0,0.0,0.0,0.0,0.0,0.0,-2.63672,-10.5323,0.00674,0.13537,StoppingVariableSpeed,seated
20.5111,394,0.0,0.0,0.0,0.0,0.0,0.0,0.0,0.0,0.0,0.0,-3.51562,-6.87352,0.0188,0.1476,StoppingVariableSpeed,extended
20.5611,395,0.0,0.0,0.0,0.0,0.0,0.0,0.0,0.0,0.0,0.0,-3.69141,-3.51051,0.0188,0.1476,StoppingVariableSpeed,extended
20.6112,396,0.0,0.0,0.0,0.0,0.0,0.0,0.0,0.0,0.0,0.0,-4.04297,-7.02125,0.0188,0.1476,StoppingVariableSpeed,extended
20.6613,397,0.0,0.0,0.0,0.0,0.0,0.0,0.0,0.0,0.0,0.0,-4.04297,0.0,0.0188,0.1476,StoppingVariableSpeed,extended
20.7113,398,0.0,0.0,0.0,0.0,0.0,0.0,0.0,0.0,0.0,0.0,-4.21875,-3.51081,0.0188,0.1476,StoppingVariableSpeed,extended
20.7614,399,0.0,0.0,0.0,0.0,0.0,0.0,0.0,0.0,0.0,0.0,-4.21875,0.0,0.0188,0.1476,StoppingVariableSpeed,extended
20.8115,400,0.0,0.0,0.0,0.0,0.0,0.0,0.0,0.0,0.0,0.0,-4.04297,3.51057,0.0188,0.1476,StoppingVariableSpeed,extended
20.8615,401,0.0,0.0,0.0,0.0,0.0,0.0,0.0,0.0,0.0,0.0,-3.86719,3.51062,0.0188,0.1476,StoppingVariableSpeed,extended
20.9116,402,0.0,0.0,0.0,0.0,0.0,0.0,0.0,0.0,0.0,0.0,-3.86719,0.0,0.0188,0.1476,StoppingVariableSpeed,extended
20.9617,403,0.0,0.0,0.0,0.0,0.0,0.0,0.0,0.0,0.0,0.0,-3.69141,3.51084,0.0188,0.1476,StoppingVariableSpeed,extended
21.0118,404,0.0,0.0,0.0,0.0,0.0,0.0,0.0,0.0,0.0,0.0,-3.33984,7.02098,0.0188,0.1476,StoppingVariableSpeed,extended
21.0618,405,0.0,0.0,0.0,0.0,0.0,0.0,0.0,0.0,0.0,0.0,-3.16406,3.51087,0.0188,0.1476,StoppingVariableSpeed,extended
21.1119,406,0.0,0.0,0.0,0.0,0.0,0.0,0.0,0.0,0.0,0.0,-2.8125,7.02188,0.0188,0.1476,StoppingVariableSpeed,extended
21.162,407,0.0,0.0,0.0,0.0,0.0,0.0,0.0,0.0,0.0,0.0,-2.46094,7.02145,0.0188,0.1476,StoppingVariableSpeed,extended
21.212,408,0.0,0.0,0.0,0.0,0.0,0.0,0.0,0.0,0.0,0.0,-1.93359,10.5319,0.0188,0.1476,StoppingVariableSpeed,extended
21.2621,409,0.0,0.0,0.0,0.0,0.0,0.0,0.0,0.0,0.0,0.0,-1.40625,10.5311,0.0188,0.1476,StoppingVariableSpeed,extended
21.3122,410,0.0,0.0,0.0,0.0,0.0,0.0,0.0,0.0,0.0,0.0,-1.05469,7.02091,0.0188,0.1476,StoppingVariableSpeed,extended
21.3623,411,0.0,0.0,0.0,0.0,0.0,0.0,0.0,0.0,0.0,0.0,-0.527344,10.5317,0.0188,0.1476,StoppingVariableSpeed,extended
21.4123,412,0.0,0.0,0.0,0.0,0.0,0.0,0.0,0.0,0.0,0.0,0.0,10.5321,0.0188,0.1476,StoppingVariableSpeed,extended
21.4624,413,0.0,0.0,0.0,0.0,0.0,0.0,0.0,0.0,0.0,0.0,0.351562,7.02121,0.0188,0.1476,StoppingVariableSpeed,extended
21.5125,414,0.0,0.0,0.0,0.0,0.0,0.0,0.0,0.0,0.0,0.0,0.878906,10.5328,0.0188,0.1476,StoppingVariableSpeed,extended
21.6342,415,0.0,0.0,0.0,0.0,0.0,0.0,0.0,0.0,0.0,0.0,1.93359,8.66566,0.00674,0.13537,StoppingVariableSpeed,seated
21.6842,416,0.0,0.0,0.0,0.0,0.0,0.0,0.0,0.0,0.0,0.0,2.28516,7.02131,0.00674,0.13537,StoppingVariableSpeed,seated
21.7343,417,0.0,0.0,0.0,0.0,0.0,0.0,0.0,0.0,0.0,0.0,2.8125,10.5329,0.00674,0.13537,StoppingVariableSpeed,seated
21.7844,418,0.0,0.0,0.0,0.0,0.0,0.0,0.0,0.0,0.0,0.0,2.98828,3.51056,0.00674,0.13537,StoppingVariableSpeed,seated
21.8345,419,0.0,0.0,0.0,0.0,0.0,0.0,0.0,0.0,0.0,0.0,3.16406,3.51067,0.00674,0.13537,StoppingVariableSpeed,seated
21.8845,420,0.0,0.0,0.0,0.0,0.0,0.0,0.0,0.0,0.0,0.0,3.51562,7.02118,0.00674,0.13537,StoppingVariableSpeed,seated
21.9346,421,0.0,0.0,0.0,0.0,0.0,0.0,0.0,0.0,0.0,0.0,3.69141,3.51099,0.00674,0.13537,StoppingVariableSpeed,seated
21.9847,422,0.0,0.0,0.0,0.0,0.0,0.0,0.0,0.0,0.0,0.0,3.69141,0.0,0.00674,0.13537,StoppingVariableSpeed,seated
22.0347,423,0.0,0.0,0.0,0.0,0.0,0.0,0.0,0.0,0.0,0.0,3.69141,0.0,0.00674,0.13537,StoppingVariableSpeed,seated
22.0848,424,0.0,0.0,0.0,0.0,0.0,0.0,0.0,0.0,0.0,0.0,3.69141,0.0,0.00674,0.13537,StoppingVariableSpeed,seated
22.1348,425,0.0,0.0,0.0,0.0,0.0,0.0,0.0,0.0,0.0,0.0,3.51562,-3.51037,0.00674,0.13537,StoppingVariableSpeed,seated
22.1849,426,0.0,0.0,0.0,0.0,0.0,0.0,0.0,0.0,0.0,0.0,3.33984,-3.51097,0.00674,0.13537,StoppingVariableSpeed,seated
22.235,427,0.0,0.0,0.0,0.0,0.0,0.0,0.0,0.0,0.0,0.0,3.16406,-3.51069,0.00674,0.13537,StoppingVariableSpeed,seated
22.2851,428,0.0,0.0,0.0,0.0,0.0,0.0,0.0,0.0,0.0,0.0,2.98828,-3.51067,0.00674,0.13537,StoppingVariableSpeed,seated
22.3351,429,0.0,0.0,0.0,0.0,0.0,0.0,0.0,0.0,0.0,0.0,2.63672,-7.02148,0.00674,0.13537,StoppingVariableSpeed,seated
22.3852,430,0.0,0.0,0.0,0.0,0.0,0.0,0.0,0.0,0.0,0.0,2.28516,-7.02074,0.00674,0.13537,StoppingVariableSpeed,seated
22.4353,431,0.0,0.0,0.0,0.0,0.0,0.0,0.0,0.0,0.0,0.0,1.93359,-7.02165,0.00674,0.13537,StoppingVariableSpeed,seated
22.4853,432,0.0,0.0,0.0,0.0,0.0,0.0,0.0,0.0,0.0,0.0,1.40625,-10.532,0.00674,0.13537,StoppingVariableSpeed,seated
22.5355,433,0.0,0.0,0.0,0.0,0.0,0.0,0.0,0.0,0.0,0.0,1.05469,-7.01236,0.00674,0.13537,StoppingVariableSpeed,seated
22.5855,434,0.0,0.0,0.0,0.0,0.0,0.0,0.0,0.0,0.0,0.0,0.703125,-7.02071,0.00674,0.13537,StoppingVariableSpeed,seated
22.6356,435,0.0,0.0,0.0,0.0,0.0,0.0,0.0,0.0,0.0,0.0,0.175781,-10.532,0.00674,0.13537,StoppingVariableSpeed,seated
22.744,436,0.0,0.0,0.0,0.0,0.0,0.0,0.0,0.0,0.0,0.0,-0.878906,-9.72701,0.0188,0.1476,StoppingVariableSpeed,extended
22.7941,437,0.0,0.0,0.0,0.0,0.0,0.0,0.0,0.0,0.0,0.0,-1.40625,-10.5322,0.0188,0.1476,StoppingVariableSpeed,extended
22.8442,438,0.0,0.0,0.0,0.0,0.0,0.0,0.0,0.0,0.0,0.0,-1.93359,-10.5322,0.0188,0.1476,StoppingVariableSpeed,extended
22.8943,439,0.0,0.0,0.0,0.0,0.0,0.0,0.0,0.0,0.0,0.0,-2.28516,-7.02168,0.0188,0.1476,StoppingVariableSpeed,extended
22.9443,440,0.0,0.0,0.0,0.0,0.0,0.0,0.0,0.0,0.0,0.0,-2.63672,-7.02155,0.0188,0.1476,StoppingVariableSpeed,extended
22.9944,441,0.0,0.0,0.0,0.0,0.0,0.0,0.0,0.0,0.0,0.0,-2.98828,-7.02068,0.0188,0.1476,StoppingVariableSpeed,extended
23.0445,442,0.0,0.0,0.0,0.0,0.0,0.0,0.0,0.0,0.0,0.0,-3.16406,-3.51037,0.0188,0.1476,StoppingVariableSpeed,extended
23.0945,443,0.0,0.0,0.0,0.0,0.0,0.0,0.0,0.0,0.0,0.0,-3.33984,-3.51069,0.0188,0.1476,StoppingVariableSpeed,extended
23.1446,444,0.0,0.0,0.0,0.0,0.0,0.0,0.0,0.0,0.0,0.0,-3.51562,-3.51074,0.0188,0.1476,StoppingVariableSpeed,extended
23.1947,445,0.0,0.0,0.0,0.0,0.0,0.0,0.0,0.0,0.0,0.0,-3.86719,-7.02091,0.0188,0.1476,StoppingVariableSpeed,extended
23.2448,446,0.0,0.0,0.0,0.0,0.0,0.0,0.0,0.0,0.0,0.0,-3.86719,0.0,0.0188,0.1476,StoppingVariableSpeed,extended
23.2948,447,0.0,0.0,0.0,0.0,0.0,0.0,0.0,0.0,0.0,0.0,-3.86719,0.0,0.0188,0.1476,StoppingVariableSpeed,extended
23.3449,448,0.0,0.0,0.0,0.0,0.0,0.0,0.0,0.0,0.0,0.0,-4.04297,-3.51124,0.0188,0.1476,StoppingVariableSpeed,extended
23.395,449,0.0,0.0,0.0,0.0,0.0,0.0,0.0,0.0,0.0,0.0,-3.86719,3.51084,0.0188,0.1476,StoppingVariableSpeed,extended
23.445,450,0.0,0.0,0.0,0.0,0.0,0.0,0.0,0.0,0.0,0.0,-3.69141,3.51089,0.0188,0.1476,StoppingVariableSpeed,extended
23.4951,451,0.0,0.0,0.0,0.0,0.0,0.0,0.0,0.0,0.0,0.0,-3.51562,3.51076,0.0188,0.1476,StoppingVariableSpeed,extended
23.5452,452,0.0,0.0,0.0,0.0,0.0,0.0,0.0,0.0,0.0,0.0,-3.33984,3.51067,0.0188,0.1476,StoppingVariableSpeed,extended
23.5952,453,0.0,0.0,0.0,0.0,0.0,0.0,0.0,0.0,0.0,0.0,-2.98828,7.02131,0.0188,0.1476,StoppingVariableSpeed,extended
23.6453,454,0.0,0.0,0.0,0.0,0.0,0.0,0.0,0.0,0.0,0.0,-2.63672,7.02141,0.0188,0.1476,StoppingVariableSpeed,extended
23.6954,455,0.0,0.0,0.0,0.0,0.0,0.0,0.0,0.0,0.0,0.0,-2.46094,3.51062,0.0188,0.1476,StoppingVariableSpeed,extended
23.7454,456,0.0,0.0,0.0,0.0,0.0,0.0,0.0,0.0,0.0,0.0,-1.93359,10.5322,0.0188,0.1476,StoppingVariableSpeed,extended
23.842,457,0.0,0.0,0.0,0.0,0.0,0.0,0.0,0.0,0.0,0.0,-1.23047,7.2789,0.00674,0.13537,StoppingVariableSpeed,seated
23.8921,458,0.0,0.0,0.0,0.0,0.0,0.0,0.0,0.0,0.0,0.0,-0.703125,10.5319,0.00674,0.13537,StoppingVariableSpeed,seated
23.9422,459,0.0,0.0,0.0,0.0,0.0,0.0,0.0,0.0,0.0,0.0,-0.351562,7.02165,0.00674,0.13537,StoppingVariableSpeed,seated
23.9923,460,0.0,0.0,0.0,0.0,0.0,0.0,0.0,0.0,0.0,0.0,0.175781,10.531,0.00674,0.13537,StoppingVariableSpeed,seated
24.0423,461,0.0,0.0,0.0,0.0,0.0,0.0,0.0,0.0,0.0,0.0,0.703125,10.5321,0.00674,0.13537,StoppingVariableSpeed,seated
24.0924,462,0.0,0.0,0.0,0.0,0.0,0.0,0.0,0.0,0.0,0.0,1.05469,7.02125,0.00674,0.13537,StoppingVariableSpeed,seated
24.1425,463,0.0,0.0,0.0,0.0,0.0,0.0,0.0,0.0,0.0,0.0,1.58203,10.532,0.00674,0.13537,StoppingVariableSpeed,seated
24.1925,464,0.0,0.0,0.0,0.0,0.0,0.0,0.0,0.0,0.0,0.0,1.93359,7.02135,0.00674,0.13537,StoppingVariableSpeed,seated
24.2426,465,0.0,0.0,0.0,0.0,0.0,0.0,0.0,0.0,0.0,0.0,2.28516,7.02131,0.00674,0.13537,StoppingVariableSpeed,seated
24.2927,466,0.0,0.0,0.0,0.0,0.0,0.0,0.0,0.0,0.0,0.0,2.63672,7.02155,0.00674,0.13537,StoppingVariableSpeed,seated
24.3428,467,0.0,0.0,0.0,0.0,0.0,0.0,0.0,0.0,0.0,0.0,2.8125,3.51069,0.00674,0.13537,StoppingVariableSpeed,seated
24.3928,468,0.0,0.0,0.0,0.0,0.0,0.0,0.0,0.0,0.0,0.0,2.98828,3.51384,0.00674,0.13537,StoppingVariableSpeed,seated
24.4428,469,0.0,0.0,0.0,0.0,0.0,0.0,0.0,0.0,0.0,0.0,3.16406,3.51089,0.00674,0.13537,StoppingVariableSpeed,seated
24.4929,470,0.0,0.0,0.0,0.0,0.0,0.0,0.0,0.0,0.0,0.0,3.33984,3.51074,0.00674,0.13537,StoppingVariableSpeed,seated
24.543,471,0.0,0.0,0.0,0.0,0.0,0.0,0.0,0.0,0.0,0.0,3.51562,3.51101,0.00674,0.13537,StoppingVariableSpeed,seated
24.593,472,0.0,0.0,0.0,0.0,0.0,0.0,0.0,0.0,0.0,0.0,3.51562,0.0,0.00674,0.13537,StoppingVariableSpeed,seated
24.6431,473,0.0,0.0,0.0,0.0,0.0,0.0,0.0,0.0,0.0,0.0,3.51562,0.0,0.00674,0.13537,StoppingVariableSpeed,seated
24.6932,474,0.0,0.0,0.0,0.0,0.0,0.0,0.0,0.0,0.0,0.0,3.33984,-3.51062,0.00674,0.13537,StoppingVariableSpeed,seated
24.7433,475,0.0,0.0,0.0,0.0,0.0,0.0,0.0,0.0,0.0,0.0,3.16406,-3.51109,0.00674,0.13537,StoppingVariableSpeed,seated
24.7933,476,0.0,0.0,0.0,0.0,0.0,0.0,0.0,0.0,0.0,0.0,2.98828,-3.51067,0.00674,0.13537,StoppingVariableSpeed,seated
24.8434,477,0.0,0.0,0.0,0.0,0.0,0.0,0.0,0.0,0.0,0.0,2.8125,-3.51017,0.00674,0.13537,StoppingVariableSpeed,seated
24.8935,478,0.0,0.0,0.0,0.0,0.0,0.0,0.0,0.0,0.0,0.0,2.46094,-7.02155,0.00674,0.13537,StoppingVariableSpeed,seated
25.0459,479,0.0,0.0,0.0,0.0,0.0,0.0,0.0,0.0,0.0,0.0,1.58203,-5.76432,0.0188,0.1476,StoppingVariableSpeed,extended
25.096,480,0.0,0.0,0.0,0.0,0.0,0.0,0.0,0.0,0.0,0.0,0.878906,-14.0426,0.0188,0.1476,StoppingVariableSpeed,extended
25.1461,481,0.0,0.0,0.0,0.0,0.0,0.0,0.0,0.0,0.0,0.0,0.527344,-7.02138,0.0188,0.1476,StoppingVariableSpeed,extended
25.1962,482,0.0,0.0,0.0,0.0,0.0,0.0,0.0,0.0,0.0,0.0,0.0,-10.5321,0.0188,0.1476,StoppingVariableSpeed,extended
25.2462,483,0.0,0.0,0.0,0.0,0.0,0.0,0.0,0.0,0.0,0.0,-0.351562,-7.02148,0.0188,0.1476,StoppingVariableSpeed,extended
25.2963,484,0.0,0.0,0.0,0.0,0.0,0.0,0.0,0.0,0.0,0.0,-0.703125,-7.02158,0.0188,0.1476,StoppingVariableSpeed,extended
25.3464,485,0.0,0.0,0.0,0.0,0.0,0.0,0.0,0.0,0.0,0.0,-1.23047,-10.5317,0.0188,0.1476,StoppingVariableSpeed,extended
25.3964,486,0.0,0.0,0.0,0.0,0.0,0.0,0.0,0.0,0.0,0.0,-1.58203,-7.02168,0.0188,0.1476,StoppingVariableSpeed,extended
25.4465,487,0.0,0.0,0.0,0.0,0.0,0.0,0.0,0.0,0.0,0.0,-1.93359,-7.02125,0.0188,0.1476,StoppingVariableSpeed,extended
25.4966,488,0.0,0.0,0.0,0.0,0.0,0.0,0.0,0.0,0.0,0.0,-2.46094,-10.5312,0.0188,0.1476,StoppingVariableSpeed,extended
25.5467,489,0.0,0.0,0.0,0.0,0.0,0.0,0.0,0.0,0.0,0.0,-2.8125,-7.02128,0.0188,0.1476,StoppingVariableSpeed,extended
25.5967,490,0.0,0.0,0.0,0.0,0.0,0.0,0.0,0.0,0.0,0.0,-3.16406,-7.02081,0.0188,0.1476,StoppingVariableSpeed,extended
25.6468,491,0.0,0.0,0.0,0.0,0.0,0.0,0.0,0.0,0.0,0.0,-3.33984,-3.51059,0.0188,0.1476,StoppingVariableSpeed,extended
25.6969,492,0.0,0.0,0.0,0.0,0.0,0.0,0.0,0.0,0.0,0.0,-3.51562,-3.51044,0.0188,0.1476,StoppingVariableSpeed,extended
25.7469,493,0.0,0.0,0.0,0.0,0.0,0.0,0.0,0.0,0.0,0.0,-3.69141,-3.51104,0.0188,0.1476,StoppingVariableSpeed,extended
25.797,494,0.0,0.0,0.0,0.0,0.0,0.0,0.0,0.0,0.0,0.0,-3.69141,0.0,0.0188,0.1476,StoppingVariableSpeed,extended
25.8471,495,0.0,0.0,0.0,0.0,0.0,0.0,0.0,0.0,0.0,0.0,-3.86719,-3.51041,0.0188,0.1476,StoppingVariableSpeed,extended
25.8971,496,0.0,0.0,0.0,0.0,0.0,0.0,0.0,0.0,0.0,0.0,-3.86719,0.0,0.0188,0.1476,StoppingVariableSpeed,extended
25.9472,497,0.0,0.0,0.0,0.0,0.0,0.0,0.0,0.0,0.0,0.0,-3.86719,0.0,0.0188,0.1476,StoppingVariableSpeed,extended
25.9973,498,0.0,0.0,0.0,0.0,0.0,0.0,0.0,0.0,0.0,0.0,-3.69141,3.51071,0.0188,0.1476,StoppingVariableSpeed,extended
26.0913,499,0.0,0.0,0.0,0.0,0.0,0.0,0.0,0.0,0.0,0.0,-3.33984,3.7393,0.00674,0.13537,StoppingVariableSpeed,seated
26.1414,500,0.0,0.0,0.0,0.0,0.0,0.0,0.0,0.0,0.0,0.0,-3.16406,3.51034,0.00674,0.13537,StoppingVariableSpeed,seated
26.1915,501,0.0,0.0,0.0,0.0,0.0,0.0,0.0,0.0,0.0,0.0,-2.8125,7.02145,0.00674,0.13537,StoppingVariableSpeed,seated
26.2415,502,0.0,0.0,0.0,0.0,0.0,0.0,0.0,0.0,0.0,0.0,-2.46094,7.02058,0.00674,0.13537,StoppingVariableSpeed,seated
26.2916,503,0.0,0.0,0.0,0.0,0.0,0.0,0.0,0.0,0.0,0.0,-2.10938,7.02165,0.00674,0.13537,StoppingVariableSpeed,seated
26.3417,504,0.0,0.0,0.0,0.0,0.0,0.0,0.0,0.0,0.0,0.0,-1.58203,10.5322,0.00674,0.13537,StoppingVariableSpeed,seated
26.3917,505,0.0,0.0,0.0,0.0,0.0,0.0,0.0,0.0,0.0,0.0,-1.23047,7.02175,0.00674,0.13537,StoppingVariableSpeed,seated
26.4418,506,0.0,0.0,0.0,0.0,0.0,0.0,0.0,0.0,0.0,0.0,-0.703125,10.5387,0.00674,0.13537,StoppingVariableSpeed,seated
26.4918,507,0.0,0.0,0.0,0.0,0.0,0.0,0.0,0.0,0.0,0.0,-0.351562,7.02191,0.00674,0.13537,StoppingVariableSpeed,seated
26.5419,508,0.0,0.0,0.0,0.0,0.0,0.0,0.0,0.0,0.0,0.0,0.0,7.02148,0.00674,0.13537,StoppingVariableSpeed,seated
26.592,509,0.0,0.0,0.0,0.0,0.0,0.0,0.0,0.0,0.0,0.0,0.527344,10.532,0.00674,0.13537,StoppingVariableSpeed,seated
26.642,510,0.0,0.0,0.0,0.0,0.0,0.0,0.0,0.0,0.0,0.0,0.878906,7.02155,0.00674,0.13537,StoppingVariableSpeed,seated
26.6921,511,0.0,0.0,0.0,0.0,0.0,0.0,0.0,0.0,0.0,0.0,1.40625,10.5325,0.00674,0.13537,StoppingVariableSpeed,seated
26.7422,512,0.0,0.0,0.0,0.0,0.0,0.0,0.0,0.0,0.0,0.0,1.75781,7.02138,0.00674,0.13537,StoppingVariableSpeed,seated
26.7923,513,0.0,0.0,0.0,0.0,0.0,0.0,0.0,0.0,0.0,0.0,2.10938,7.02121,0.00674,0.13537,StoppingVariableSpeed,seated
26.8423,514,0.0,0.0,0.0,0.0,0.0,0.0,0.0,0.0,0.0,0.0,2.46094,7.02145,0.00674,0.13537,StoppingVariableSpeed,seated
26.8924,515,0.0,0.0,0.0,0.0,0.0,0.0,0.0,0.0,0.0,0.0,2.8125,7.02198,0.00674,0.13537,StoppingVariableSpeed,seated
26.9425,516,0.0,0.0,0.0,0.0,0.0,0.0,0.0,0.0,0.0,0.0,2.98828,3.51077,0.00674,0.13537,StoppingVariableSpeed,seated
26.9925,517,0.0,0.0,0.0,0.0,0.0,0.0,0.0,0.0,0.0,0.0,3.16406,3.51091,0.00674,0.13537,StoppingVariableSpeed,seated
27.0426,518,0.0,0.0,0.0,0.0,0.0,0.0,0.0,0.0,0.0,0.0,3.33984,3.51027,0.00674,0.13537,StoppingVariableSpeed,seated
27.0927,519,0.0,0.0,0.0,0.0,0.0,0.0,0.0,0.0,0.0,0.0,3.51562,3.51031,0.00674,0.13537,StoppingVariableSpeed,seated
27.1428,520,0.0,0.0,0.0,0.0,0.0,0.0,0.0,0.0,0.0,0.0,3.51562,0.0,0.00674,0.13537,StoppingVariableSpeed,seated
27.2387,521,0.0,0.0,0.0,0.0,0.0,0.0,0.0,0.0,0.0,0.0,3.33984,-1.83252,0.0188,0.1476,StoppingVariableSpeed,extended
27.2887,522,0.0,0.0,0.0,0.0,0.0,0.0,0.0,0.0,0.0,0.0,3.16406,-3.51057,0.0188,0.1476,StoppingVariableSpeed,extended
27.3388,523,0.0,0.0,0.0,0.0,0.0,0.0,0.0,0.0,0.0,0.0,2.98828,-3.51097,0.0188,0.1476,StoppingVariableSpeed,extended
27.3889,524,0.0,0.0,0.0,0.0,0.0,0.0,0.0,0.0,0.0,0.0,2.8125,-3.51082,0.0188,0.1476,StoppingVariableSpeed,extended
27.439,525,0.0,0.0,0.0,0.0,0.0,0.0,0.0,0.0,0.0,0.0,2.63672,-3.51032,0.0188,0.1476,StoppingVariableSpeed,extended
27.489,526,0.0,0.0,0.0,0.0,0.0,0.0,0.0,0.0,0.0,0.0,2.28516,-7.02158,0.0188,0.1476,StoppingVariableSpeed,extended
27.5391,527,0.0,0.0,0.0,0.0,0.0,0.0,0.0,0.0,0.0,0.0,1.93359,-7.02128,0.0188,0.1476,StoppingVariableSpeed,extended
27.5892,528,0.0,0.0,0.0,0.0,0.0,0.0,0.0,0.0,0.0,0.0,1.58203,-7.02151,0.0188,0.1476,StoppingVariableSpeed,extended
27.6392,529,0.0,0.0,0.0,0.0,0.0,0.0,0.0,0.0,0.0,0.0,1.23047,-7.02135,0.0188,0.1476,StoppingVariableSpeed,extended
27.6893,530,0.0,0.0,0.0,0.0,0.0,0.0,0.0,0.0,0.0,0.0,0.703125,-10.5326,0.0188,0.1476,StoppingVariableSpeed,extended
27.7394,531,0.0,0.0,0.0,0.0,0.0,0.0,0.0,0.0,0.0,0.0,0.351562,-7.02171,0.0188,0.1476,StoppingVariableSpeed,extended
27.7894,532,0.0,0.0,0.0,0.0,0.0,0.0,0.0,0.0,0.0,0.0,-0.175781,-10.5326,0.0188,0.1476,StoppingVariableSpeed,extended
27.8395,533,0.0,0.0,0.0,0.0,0.0,0.0,0.0,0.0,0.0,0.0,-0.703125,-10.5321,0.0188,0.1476,StoppingVariableSpeed,extended
27.8896,534,0.0,0.0,0.0,0.0,0.0,0.0,0.0,0.0,0.0,0.0,-1.05469,-7.02168,0.0188,0.1476,StoppingVariableSpeed,extended
27.9396,535,0.0,0.0,0.0,0.0,0.0,0.0,0.0,0.0,0.0,0.0,-1.58203,-10.5325,0.0188,0.1476,StoppingVariableSpeed,extended
27.9897,536,0.0,0.0,0.0,0.0,0.0,0.0,0.0,0.0,0.0,0.0,-1.93359,-7.02038,0.0188,0.1476,StoppingVariableSpeed,extended
28.0398,537,0.0,0.0,0.0,0.0,0.0,0.0,0.0,0.0,0.0,0.0,-2.28516,-7.02466,0.0188,0.1476,StoppingVariableSpeed,extended
28.0898,538,0.0,0.0,0.0,0.0,0.0,0.0,0.0,0.0,0.0,0.0,-2.63672,-7.02168,0.0188,0.1476,StoppingVariableSpeed,extended
28.1399,539,0.0,0.0,0.0,0.0,0.0,0.0,0.0,0.0,0.0,0.0,-2.98828,-7.02084,0.0188,0.1476,StoppingVariableSpeed,extended
28.19,540,0.0,0.0,0.0,0.0,0.0,0.0,0.0,0.0,0.0,0.0,-3.33984,-7.02232,0.0188,0.1476,StoppingVariableSpeed,extended
28.24,541,0.0,0.0,0.0,0.0,0.0,0.0,0.0,0.0,0.0,0.0,-3.51562,-3.51082,0.0188,0.1476,StoppingVariableSpeed,extended
28.2901,542,0.0,0.0,0.0,0.0,0.0,0.0,0.0,0.0,0.0,0.0,-3.69141,-3.51039,0.0188,0.1476,StoppingVariableSpeed,extended
28.4017,543,0.0,0.0,0.0,0.0,0.0,0.0,0.0,0.0,0.0,0.0,-3.86719,-1.57568,0.00674,0.13537,StoppingVariableSpeed,seated
28.4518,544,0.0,0.0,0.0,0.0,0.0,0.0,0.0,0.0,0.0,0.0,-3.86719,0.0,0.00674,0.13537,StoppingVariableSpeed,seated
28.5018,545,0.0,0.0,0.0,0.0,0.0,0.0,0.0,0.0,0.0,0.0,-3.86719,0.0,0.00674,0.13537,StoppingVariableSpeed,seated
28.5519,546,0.0,0.0,0.0,0.0,0.0,0.0,0.0,0.0,0.0,0.0,-3.69141,3.51102,0.00674,0.13537,StoppingVariableSpeed,seated
28.602,547,0.0,0.0,0.0,0.0,0.0,0.0,0.0,0.0,0.0,0.0,-3.51562,3.51089,0.00674,0.13537,StoppingVariableSpeed,seated
28.652,548,0.0,0.0,0.0,0.0,0.0,0.0,0.0,0.0,0.0,0.0,-3.33984,3.51081,0.00674,0.13537,StoppingVariableSpeed,seated
28.7021,549,0.0,0.0,0.0,0.0,0.0,0.0,0.0,0.0,0.0,0.0,-3.16406,3.51072,0.00674,0.13537,StoppingVariableSpeed,seated
28.7522,550,0.0,0.0,0.0,0.0,0.0,0.0,0.0,0.0,0.0,0.0,-2.8125,7.02185,0.00674,0.13537,StoppingVariableSpeed,seated
28.8022,551,0.0,0.0,0.0,0.0,0.0,0.0,0.0,0.0,0.0,0.0,-2.46094,7.02115,0.00674,0.13537,StoppingVariableSpeed,seated
28.8523,552,0.0,0.0,0.0,0.0,0.0,0.0,0.0,0.0,0.0,0.0,-2.10938,7.02155,0.00674,0.13537,StoppingVariableSpeed,seated
28.9024,553,0.0,0.0,0.0,0.0,0.0,0.0,0.0,0.0,0.0,0.0,-1.75781,7.02165,0.00674,0.13537,StoppingVariableSpeed,seated
28.9524,554,0.0,0.0,0.0,0.0,0.0,0.0,0.0,0.0,0.0,0.0,-1.23047,10.532,0.00674,0.13537,StoppingVariableSpeed,seated
29.0025,555,0.0,0.0,0.0,0.0,0.0,0.0,0.0,0.0,0.0,0.0,-0.703125,10.533,0.00674,0.13537,StoppingVariableSpeed,seated
29.0526,556,0.0,0.0,0.0,0.0,0.0,0.0,0.0,0.0,0.0,0.0,-0.351562,7.02218,0.00674,0.13537,StoppingVariableSpeed,seated
29.1026,557,0.0,0.0,0.0,0.0,0.0,0.0,0.0,0.0,0.0,0.0,0.175781,10.531,0.00674,0.13537,StoppingVariableSpeed,seated
29.1527,558,0.0,0.0,0.0,0.0,0.0,0.0,0.0,0.0,0.0,0.0,0.703125,10.5319,0.00674,0.13537,StoppingVariableSpeed,seated
29.2028,559,0.0,0.0,0.0,0.0,0.0,0.0,0.0,0.0,0.0,0.0,1.05469,7.02319,0.00674,0.13537,StoppingVariableSpeed,seated
29.2528,560,0.0,0.0,0.0,0.0,0.0,0.0,0.0,0.0,0.0,0.0,1.58203,10.5334,0.00674,0.13537,StoppingVariableSpeed,seated
29.3029,561,0.0,0.0,0.0,0.0,0.0,0.0,0.0,0.0,0.0,0.0,1.93359,7.02171,0.00674,0.13537,StoppingVariableSpeed,seated
29.353,562,0.0,0.0,0.0,0.0,0.0,0.0,0.0,0.0,0.0,0.0,2.28516,7.02128,0.00674,0.13537,StoppingVariableSpeed,seated
29.403,563,0.0,0.0,0.0,0.0,0.0,0.0,0.0,0.0,0.0,0.0,2.63672,7.02151,0.00674,0.13537,StoppingVariableSpeed,seated
29.4991,564,0.0,0.0,0.0,0.0,0.0,0.0,0.0,0.0,0.0,0.0,3.16406,5.48811,0.0188,0.1476,StoppingVariableSpeed,extended
29.5492,565,0.0,0.0,0.0,0.0,0.0,0.0,0.0,0.0,0.0,0.0,3.33984,3.51071,0.0188,0.1476,StoppingVariableSpeed,extended
29.5993,566,0.0,0.0,0.0,0.0,0.0,0.0,0.0,0.0,0.0,0.0,3.33984,0.0,0.0188,0.1476,StoppingVariableSpeed,extended
29.6493,567,0.0,0.0,0.0,0.0,0.0,0.0,0.0,0.0,0.0,0.0,3.51562,3.51076,0.0188,0.1476,StoppingVariableSpeed,extended
29.6994,568,0.0,0.0,0.0,0.0,0.0,0.0,0.0,0.0,0.0,0.0,3.51562,0.0,0.0188,0.1476,StoppingVariableSpeed,extended
29.7495,569,0.0,0.0,0.0,0.0,0.0,0.0,0.0,0.0,0.0,0.0,3.51562,0.0,0.0188,0.1476,StoppingVariableSpeed,extended
29.7996,570,0.0,0.0,0.0,0.0,0.0,0.0,0.0,0.0,0.0,0.0,3.51562,0.0,0.0188,0.1476,StoppingVariableSpeed,extended
29.8496,571,0.0,0.0,0.0,0.0,0.0,0.0,0.0,0.0,0.0,0.0,3.51562,0.0,0.0188,0.1476,StoppingVariableSpeed,extended
29.8997,572,0.0,0.0,0.0,0.0,0.0,0.0,0.0,0.0,0.0,0.0,3.16406,-7.02088,0.0188,0.1476,StoppingVariableSpeed,extended
29.9498,573,0.0,0.0,0.0,0.0,0.0,0.0,0.0,0.0,0.0,0.0,2.98828,-3.51076,0.0188,0.1476,StoppingVariableSpeed,extended
29.9998,574,0.0,0.0,0.0,0.0,0.0,0.0,0.0,0.0,0.0,0.0,2.63672,-7.02178,0.0188,0.1476,StoppingVariableSpeed,extended
30.0499,575,0.0,0.0,0.0,0.0,0.0,0.0,0.0,0.0,0.0,0.0,2.28516,-7.02191,0.0188,0.1476,StoppingVariableSpeed,extended
30.1,576,0.0,0.0,0.0,0.0,0.0,0.0,0.0,0.0,0.0,0.0,1.93359,-7.02191,0.0188,0.1476,StoppingVariableSpeed,extended
30.15,577,0.0,0.0,0.0,0.0,0.0,0.0,0.0,0.0,0.0,0.0,1.58203,-7.02135,0.0188,0.1476,StoppingVariableSpeed,extended
30.2001,578,0.0,0.0,0.0,0.0,0.0,0.0,0.0,0.0,0.0,0.0,1.05469,-10.5311,0.0188,0.1476,StoppingVariableSpeed,extended
30.2502,579,0.0,0.0,0.0,0.0,0.0,0.0,0.0,0.0,0.0,0.0,0.703125,-7.02155,0.0188,0.1476,StoppingVariableSpeed,extended
30.3003,580,0.0,0.0,0.0,0.0,0.0,0.0,0.0,0.0,0.0,0.0,0.175781,-10.5323,0.0188,0.1476,StoppingVariableSpeed,extended
30.3503,581,0.0,0.0,0.0,0.0,0.0,0.0,0.0,0.0,0.0,0.0,-0.351562,-10.5329,0.0188,0.1476,StoppingVariableSpeed,extended
30.4004,582,0.0,0.0,0.0,0.0,0.0,0.0,0.0,0.0,0.0,0.0,-0.703125,-7.02175,0.0188,0.1476,StoppingVariableSpeed,extended
30.4505,583,0.0,0.0,0.0,0.0,0.0,0.0,0.0,0.0,0.0,0.0,-1.23047,-10.532,0.0188,0.1476,StoppingVariableSpeed,extended
30.5005,584,0.0,0.0,0.0,0.0,0.0,0.0,0.0,0.0,0.0,0.0,-1.75781,-10.5322,0.0188,0.1476,StoppingVariableSpeed,extended
30.5506,585,0.0,0.0,0.0,0.0,0.0,0.0,0.0,0.0,0.0,0.0,-2.10938,-7.02128,0.0188,0.1476,StoppingVariableSpeed,extended
30.6371,586,0.0,0.0,0.0,0.0,0.0,0.0,0.0,0.0,0.0,0.0,-2.8125,-8.12557,0.00674,0.13537,StoppingVariableSpeed,seated
30.6872,587,0.0,0.0,0.0,0.0,0.0,0.0,0.0,0.0,0.0,0.0,-3.16406,-7.02118,0.00674,0.13537,StoppingVariableSpeed,seated
30.7373,588,0.0,0.0,0.0,0.0,0.0,0.0,0.0,0.0,0.0,0.0,-3.33984,-3.51071,0.00674,0.13537,StoppingVariableSpeed,seated
30.7874,589,0.0,0.0,0.0,0.0,0.0,0.0,0.0,0.0,0.0,0.0,-3.51562,-3.51069,0.00674,0.13537,StoppingVariableSpeed,seated
30.8374,590,0.0,0.0,0.0,0.0,0.0,0.0,0.0,0.0,0.0,0.0,-3.86719,-7.02151,0.00674,0.13537,StoppingVariableSpeed,seated
30.8875,591,0.0,0.0,0.0,0.0,0.0,0.0,0.0,0.0,0.0,0.0,-3.86719,0.0,0.00674,0.13537,StoppingVariableSpeed,seated
30.9376,592,0.0,0.0,0.0,0.0,0.0,0.0,0.0,0.0,0.0,0.0,-4.04297,-3.51072,0.00674,0.13537,StoppingVariableSpeed,seated
30.9876,593,0.0,0.0,0.0,0.0,0.0,0.0,0.0,0.0,0.0,0.0,-3.86719,3.51064,0.00674,0.13537,StoppingVariableSpeed,seated
31.0377,594,0.0,0.0,0.0,0.0,0.0,0.0,0.0,0.0,0.0,0.0,-3.86719,0.0,0.00674,0.13537,StoppingVariableSpeed,seated
31.0878,595,0.0,0.0,0.0,0.0,0.0,0.0,0.0,0.0,0.0,0.0,-3.86719,0.0,0.00674,0.13537,StoppingVariableSpeed,seated
31.1378,596,0.0,0.0,0.0,0.0,0.0,0.0,0.0,0.0,0.0,0.0,-3.69141,3.51086,0.00674,0.13537,StoppingVariableSpeed,seated
31.1879,597,0.0,0.0,0.0,0.0,0.0,0.0,0.0,0.0,0.0,0.0,-3.51562,3.51092,0.00674,0.13537,StoppingVariableSpeed,seated
31.238,598,0.0,0.0,0.0,0.0,0.0,0.0,0.0,0.0,0.0,0.0,-3.33984,3.51099,0.00674,0.13537,StoppingVariableSpeed,seated
31.288,599,0.0,0.0,0.0,0.0,0.0,0.0,0.0,0.0,0.0,0.0,-2.8125,10.5328,0.00674,0.13537,StoppingVariableSpeed,seated
31.3381,600,0.0,0.0,0.0,0.0,0.0,0.0,0.0,0.0,0.0,0.0,-2.63672,3.51077,0.00674,0.13537,StoppingVariableSpeed,seated
31.3882,601,0.0,0.0,0.0,0.0,0.0,0.0,0.0,0.0,0.0,0.0,-2.10938,10.5325,0.00674,0.13537,StoppingVariableSpeed,seated
31.4382,602,0.0,0.0,0.0,0.0,0.0,0.0,0.0,0.0,0.0,0.0,-1.75781,7.02178,0.00674,0.13537,StoppingVariableSpeed,seated
31.4883,603,0.0,0.0,0.0,0.0,0.0,0.0,0.0,0.0,0.0,0.0,-1.23047,10.5308,0.00674,0.13537,StoppingVariableSpeed,seated
31.5384,604,0.0,0.0,0.0,0.0,0.0,0.0,0.0,0.0,0.0,0.0,-0.878906,7.02255,0.00674,0.13537,StoppingVariableSpeed,seated
31.5885,605,0.0,0.0,0.0,0.0,0.0,0.0,0.0,0.0,0.0,0.0,-0.351562,10.532,0.00674,0.13537,StoppingVariableSpeed,seated
31.6385,606,0.0,0.0,0.0,0.0,0.0,0.0,0.0,0.0,0.0,0.0,0.175781,10.533,0.00674,0.13537,StoppingVariableSpeed,seated
31.6886,607,0.0,0.0,0.0,0.0,0.0,0.0,0.0,0.0,0.0,0.0,0.703125,10.533,0.00674,0.13537,StoppingVariableSpeed,seated
31.7996,608,0.0,0.0,0.0,0.0,0.0,0.0,0.0,0.0,0.0,0.0,1.58203,7.92008,0.0188,0.1476,StoppingVariableSpeed,extended
31.8496,609,0.0,0.0,0.0,0.0,0.0,0.0,0.0,0.0,0.0,0.0,2.10938,10.532,0.0188,0.1476,StoppingVariableSpeed,extended
31.8997,610,0.0,0.0,0.0,0.0,0.0,0.0,0.0,0.0,0.0,0.0,2.28516,3.51066,0.0188,0.1476,StoppingVariableSpeed,extended
31.9498,611,0.0,0.0,0.0,0.0,0.0,0.0,0.0,0.0,0.0,0.0,2.63672,7.02225,0.0188,0.1476,StoppingVariableSpeed,extended
31.9998,612,0.0,0.0,0.0,0.0,0.0,0.0,0.0,0.0,0.0,0.0,2.98828,7.02171,0.0188,0.1476,StoppingVariableSpeed,extended
32.0499,613,0.0,0.0,0.0,0.0,0.0,0.0,0.0,0.0,0.0,0.0,3.16406,3.51119,0.0188,0.1476,StoppingVariableSpeed,extended
32.1,614,0.0,0.0,0.0,0.0,0.0,0.0,0.0,0.0,0.0,0.0,3.51562,7.02128,0.0188,0.1476,StoppingVariableSpeed,extended
32.15,615,0.0,0.0,0.0,0.0,0.0,0.0,0.0,0.0,0.0,0.0,3.69141,3.51076,0.0188,0.1476,StoppingVariableSpeed,extended
32.2001,616,0.0,0.0,0.0,0.0,0.0,0.0,0.0,0.0,0.0,0.0,3.69141,0.0,0.0188,0.1476,StoppingVariableSpeed,extended
32.2502,617,0.0,0.0,0.0,0.0,0.0,0.0,0.0,0.0,0.0,0.0,3.69141,0.0,0.0188,0.1476,StoppingVariableSpeed,extended
32.3003,618,0.0,0.0,0.0,0.0,0.0,0.0,0.0,0.0,0.0,0.0,3.69141,0.0,0.0188,0.1476,StoppingVariableSpeed,extended
32.3503,619,0.0,0.0,0.0,0.0,0.0,0.0,0.0,0.0,0.0,0.0,3.51562,-3.51077,0.0188,0.1476,StoppingVariableSpeed,extended
32.4004,620,0.0,0.0,0.0,0.0,0.0,0.0,0.0,0.0,0.0,0.0,3.33984,-3.51071,0.0188,0.1476,StoppingVariableSpeed,extended
32.4505,621,0.0,0.0,0.0,0.0,0.0,0.0,0.0,0.0,0.0,0.0,3.16406,-3.51047,0.0188,0.1476,StoppingVariableSpeed,extended
32.5005,622,0.0,0.0,0.0,0.0,0.0,0.0,0.0,0.0,0.0,0.0,2.8125,-7.02118,0.0188,0.1476,StoppingVariableSpeed,extended
32.5506,623,0.0,0.0,0.0,0.0,0.0,0.0,0.0,0.0,0.0,0.0,2.63672,-3.51051,0.0188,0.1476,StoppingVariableSpeed,extended
32.6007,624,0.0,0.0,0.0,0.0,0.0,0.0,0.0,0.0,0.0,0.0,2.28516,-7.02168,0.0188,0.1476,StoppingVariableSpeed,extended
32.6507,625,0.0,0.0,0.0,0.0,0.0,0.0,0.0,0.0,0.0,0.0,1.93359,-7.02068,0.0188,0.1476,StoppingVariableSpeed,extended
32.7008,626,0.0,0.0,0.0,0.0,0.0,0.0,0.0,0.0,0.0,0.0,1.40625,-10.5427,0.0188,0.1476,StoppingVariableSpeed,extended
32.7508,627,0.0,0.0,0.0,0.0,0.0,0.0,0.0,0.0,0.0,0.0,1.05469,-7.02161,0.0188,0.1476,StoppingVariableSpeed,extended
32.8009,628,0.0,0.0,0.0,0.0,0.0,0.0,0.0,0.0,0.0,0.0,0.527344,-10.5322,0.0188,0.1476,StoppingVariableSpeed,extended
32.8867,629,0.0,0.0,0.0,0.0,0.0,0.0,0.0,0.0,0.0,0.0,-0.351562,-10.2461,0.00674,0.13537,StoppingVariableSpeed,seated
32.9368,630,0.0,0.0,0.0,0.0,0.0,0.0,0.0,0.0,0.0,0.0,-0.878906,-10.5303,0.00674,0.13537,StoppingVariableSpeed,seated
32.9868,631,0.0,0.0,0.0,0.0,0.0,0.0,0.0,0.0,0.0,0.0,-1.23047,-7.02081,0.00674,0.13537,StoppingVariableSpeed,seated
33.0369,632,0.0,0.0,0.0,0.0,0.0,0.0,0.0,0.0,0.0,0.0,-1.75781,-10.5324,0.00674,0.13537,StoppingVariableSpeed,seated
33.087,633,0.0,0.0,0.0,0.0,0.0,0.0,0.0,0.0,0.0,0.0,-2.10938,-7.02118,0.00674,0.13537,StoppingVariableSpeed,seated
33.1371,634,0.0,0.0,0.0,0.0,0.0,0.0,0.0,0.0,0.0,0.0,-2.46094,-7.02084,0.00674,0.13537,StoppingVariableSpeed,seated
33.1871,635,0.0,0.0,0.0,0.0,0.0,0.0,0.0,0.0,0.0,0.0,-2.8125,-7.02175,0.00674,0.13537,StoppingVariableSpeed,seated
33.2372,636,0.0,0.0,0.0,0.0,0.0,0.0,0.0,0.0,0.0,0.0,-3.16406,-7.02188,0.00674,0.13537,StoppingVariableSpeed,seated
33.2873,637,0.0,0.0,0.0,0.0,0.0,0.0,0.0,0.0,0.0,0.0,-3.51562,-7.02175,0.00674,0.13537,StoppingVariableSpeed,seated
33.3373,638,0.0,0.0,0.0,0.0,0.0,0.0,0.0,0.0,0.0,0.0,-3.69141,-3.51086,0.00674,0.13537,StoppingVariableSpeed,seated
33.3874,639,0.0,0.0,0.0,0.0,0.0,0.0,0.0,0.0,0.0,0.0,-3.86719,-3.51071,0.00674,0.13537,StoppingVariableSpeed,seated
33.4375,640,0.0,0.0,0.0,0.0,0.0,0.0,0.0,0.0,0.0,0.0,-4.04297,-3.51091,0.00674,0.13537,StoppingVariableSpeed,seated
33.4875,641,0.0,0.0,0.0,0.0,0.0,0.0,0.0,0.0,0.0,0.0,-4.04297,0.0,0.00674,0.13537,StoppingVariableSpeed,seated
33.5376,642,0.0,0.0,0.0,0.0,0.0,0.0,0.0,0.0,0.0,0.0,-4.04297,0.0,0.00674,0.13537,StoppingVariableSpeed,seated
33.5877,643,0.0,0.0,0.0,0.0,0.0,0.0,0.0,0.0,0.0,0.0,-4.04297,0.0,0.00674,0.13537,StoppingVariableSpeed,seated
33.6378,644,0.0,0.0,0.0,0.0,0.0,0.0,0.0,0.0,0.0,0.0,-3.86719,3.51062,0.00674,0.13537,StoppingVariableSpeed,seated
33.6878,645,0.0,0.0,0.0,0.0,0.0,0.0,0.0,0.0,0.0,0.0,-3.69141,3.51054,0.00674,0.13537,StoppingVariableSpeed,seated
33.7379,646,0.0,0.0,0.0,0.0,0.0,0.0,0.0,0.0,0.0,0.0,-3.51562,3.51066,0.00674,0.13537,StoppingVariableSpeed,seated
33.788,647,0.0,0.0,0.0,0.0,0.0,0.0,0.0,0.0,0.0,0.0,-3.16406,7.02115,0.00674,0.13537,StoppingVariableSpeed,seated
33.838,648,0.0,0.0,0.0,0.0,0.0,0.0,0.0,0.0,0.0,0.0,-2.8125,7.02138,0.00674,0.13537,StoppingVariableSpeed,seated
33.8881,649,0.0,0.0,0.0,0.0,0.0,0.0,0.0,0.0,0.0,0.0,-2.46094,7.02175,0.00674,0.13537,StoppingVariableSpeed,seated
33.9382,650,0.0,0.0,0.0,0.0,0.0,0.0,0.0,0.0,0.0,0.0,-1.93359,10.5322,0.00674,0.13537,StoppingVariableSpeed,seated
34.0371,651,0.0,0.0,0.0,0.0,0.0,0.0,0.0,0.0,0.0,0.0,-1.05469,8.88915,0.0188,0.1476,StoppingVariableSpeed,extended
34.0871,652,0.0,0.0,0.0,0.0,0.0,0.0,0.0,0.0,0.0,0.0,-0.703125,7.02101,0.0188,0.1476,StoppingVariableSpeed,extended
34.1372,653,0.0,0.0,0.0,0.0,0.0,0.0,0.0,0.0,0.0,0.0,-0.175781,10.5317,0.0188,0.1476,StoppingVariableSpeed,extended
34.1873,654,0.0,0.0,0.0,0.0,0.0,0.0,0.0,0.0,0.0,0.0,0.351562,10.5316,0.0188,0.1476,StoppingVariableSpeed,extended
34.2373,655,0.0,0.0,0.0,0.0,0.0,0.0,0.0,0.0,0.0,0.0,0.703125,7.02061,0.0188,0.1476,StoppingVariableSpeed,extended
34.2874,656,0.0,0.0,0.0,0.0,0.0,0.0,0.0,0.0,0.0,0.0,1.23047,10.5323,0.0188,0.1476,StoppingVariableSpeed,extended
34.3375,657,0.0,0.0,0.0,0.0,0.0,0.0,0.0,0.0,0.0,0.0,1.58203,7.02165,0.0188,0.1476,StoppingVariableSpeed,extended
34.3876,658,0.0,0.0,0.0,0.0,0.0,0.0,0.0,0.0,0.0,0.0,2.10938,10.5316,0.0188,0.1476,StoppingVariableSpeed,extended
34.4376,659,0.0,0.0,0.0,0.0,0.0,0.0,0.0,0.0,0.0,0.0,2.63672,10.5307,0.0188,0.1476,StoppingVariableSpeed,extended
34.4877,660,0.0,0.0,0.0,0.0,0.0,0.0,0.0,0.0,0.0,0.0,2.8125,3.51062,0.0188,0.1476,StoppingVariableSpeed,extended
34.5378,661,0.0,0.0,0.0,0.0,0.0,0.0,0.0,0.0,0.0,0.0,3.16406,7.02051,0.0188,0.1476,StoppingVariableSpeed,extended
34.5878,662,0.0,0.0,0.0,0.0,0.0,0.0,0.0,0.0,0.0,0.0,3.33984,3.51072,0.0188,0.1476,StoppingVariableSpeed,extended
34.6379,663,0.0,0.0,0.0,0.0,0.0,0.0,0.0,0.0,0.0,0.0,3.51562,3.51104,0.0188,0.1476,StoppingVariableSpeed,extended
34.688,664,0.0,0.0,0.0,0.0,0.0,0.0,0.0,0.0,0.0,0.0,3.69141,3.51084,0.0188,0.1476,StoppingVariableSpeed,extended
34.738,665,0.0,0.0,0.0,0.0,0.0,0.0,0.0,0.0,0.0,0.0,3.69141,0.0,0.0188,0.1476,StoppingVariableSpeed,extended
34.7881,666,0.0,0.0,0.0,0.0,0.0,0.0,0.0,0.0,0.0,0.0,3.69141,0.0,0.0188,0.1476,StoppingVariableSpeed,extended
34.8382,667,0.0,0.0,0.0,0.0,0.0,0.0,0.0,0.0,0.0,0.0,3.69141,0.0,0.0188,0.1476,StoppingVariableSpeed,extended
34.8883,668,0.0,0.0,0.0,0.0,0.0,0.0,0.0,0.0,0.0,0.0,3.51562,-3.51074,0.0188,0.1476,StoppingVariableSpeed,extended
34.9383,669,0.0,0.0,0.0,0.0,0.0,0.0,0.0,0.0,0.0,0.0,3.51562,0.0,0.0188,0.1476,StoppingVariableSpeed,extended
34.9884,670,0.0,0.0,0.0,0.0,0.0,0.0,0.0,0.0,0.0,0.0,3.16406,-7.02198,0.0188,0.1476,StoppingVariableSpeed,extended
35.0385,671,0.0,0.0,0.0,0.0,0.0,0.0,0.0,0.0,0.0,0.0,2.8125,-7.02115,0.0188,0.1476,StoppingVariableSpeed,extended
35.1396,672,0.0,0.0,0.0,0.0,0.0,0.0,0.0,0.0,0.0,0.0,2.10938,-6.95439,0.00674,0.13537,StoppingVariableSpeed,seated
35.1896,673,0.0,0.0,0.0,0.0,0.0,0.0,0.0,0.0,0.0,0.0,1.75781,-7.02135,0.00674,0.13537,StoppingVariableSpeed,seated
35.2397,674,0.0,0.0,0.0,0.0,0.0,0.0,0.0,0.0,0.0,0.0,1.40625,-7.02145,0.00674,0.13537,StoppingVariableSpeed,seated
35.2898,675,0.0,0.0,0.0,0.0,0.0,0.0,0.0,0.0,0.0,0.0,0.878906,-10.5325,0.00674,0.13537,StoppingVariableSpeed,seated
35.3398,676,0.0,0.0,0.0,0.0,0.0,0.0,0.0,0.0,0.0,0.0,0.351562,-10.5325,0.00674,0.13537,StoppingVariableSpeed,seated
35.3899,677,0.0,0.0,0.0,0.0,0.0,0.0,0.0,0.0,0.0,0.0,0.0,-7.02138,0.00674,0.13537,StoppingVariableSpeed,seated
35.44,678,0.0,0.0,0.0,0.0,0.0,0.0,0.0,0.0,0.0,0.0,-0.527344,-10.5322,0.00674,0.13537,StoppingVariableSpeed,seated
35.4901,679,0.0,0.0,0.0,0.0,0.0,0.0,0.0,0.0,0.0,0.0,-1.05469,-10.5318,0.00674,0.13537,StoppingVariableSpeed,seated
35.5401,680,0.0,0.0,0.0,0.0,0.0,0.0,0.0,0.0,0.0,0.0,-1.58203,-10.5315,0.00674,0.13537,StoppingVariableSpeed,seated
35.5902,681,0.0,0.0,0.0,0.0,0.0,0.0,0.0,0.0,0.0,0.0,-1.93359,-7.02098,0.00674,0.13537,StoppingVariableSpeed,seated
35.6403,682,0.0,0.0,0.0,0.0,0.0,0.0,0.0,0.0,0.0,0.0,-2.46094,-10.5318,0.00674,0.13537,StoppingVariableSpeed,seated
35.6903,683,0.0,0.0,0.0,0.0,0.0,0.0,0.0,0.0,0.0,0.0,-2.8125,-7.02202,0.00674,0.13537,StoppingVariableSpeed,seated
35.7404,684,0.0,0.0,0.0,0.0,0.0,0.0,0.0,0.0,0.0,0.0,-3.16406,-7.02175,0.00674,0.13537,StoppingVariableSpeed,seated
35.7905,685,0.0,0.0,0.0,0.0,0.0,0.0,0.0,0.0,0.0,0.0,-3.33984,-3.51079,0.00674,0.13537,StoppingVariableSpeed,seated
35.8405,686,0.0,0.0,0.0,0.0,0.0,0.0,0.0,0.0,0.0,0.0,-3.69141,-7.02128,0.00674,0.13537,StoppingVariableSpeed,seated
35.8906,687,0.0,0.0,0.0,0.0,0.0,0.0,0.0,0.0,0.0,0.0,-3.86719,-3.51069,0.00674,0.13537,StoppingVariableSpeed,seated
35.9407,688,0.0,0.0,0.0,0.0,0.0,0.0,0.0,0.0,0.0,0.0,-4.04297,-3.51089,0.00674,0.13537,StoppingVariableSpeed,seated
35.9908,689,0.0,0.0,0.0,0.0,0.0,0.0,0.0,0.0,0.0,0.0,-4.04297,0.0,0.00674,0.13537,StoppingVariableSpeed,seated
36.0408,690,0.0,0.0,0.0,0.0,0.0,0.0,0.0,0.0,0.0,0.0,-4.04297,0.0,0.00674,0.13537,StoppingVariableSpeed,seated
36.0909,691,0.0,0.0,0.0,0.0,0.0,0.0,0.0,0.0,0.0,0.0,-4.04297,0.0,0.00674,0.13537,StoppingVariableSpeed,seated
36.141,692,0.0,0.0,0.0,0.0,0.0,0.0,0.0,0.0,0.0,0.0,-3.86719,3.51071,0.00674,0.13537,StoppingVariableSpeed,seated
36.2566,693,0.0,0.0,0.0,0.0,0.0,0.0,0.0,0.0,0.0,0.0,-3.33984,4.56151,0.0188,0.1476,StoppingVariableSpeed,extended
36.3066,694,0.0,0.0,0.0,0.0,0.0,0.0,0.0,0.0,0.0,0.0,-3.16406,3.51071,0.0188,0.1476,StoppingVariableSpeed,extended
36.3567,695,0.0,0.0,0.0,0.0,0.0,0.0,0.0,0.0,0.0,0.0,-2.98828,3.51111,0.0188,0.1476,StoppingVariableSpeed,extended
36.4068,696,0.0,0.0,0.0,0.0,0.0,0.0,0.0,0.0,0.0,0.0,-2.46094,10.5321,0.0188,0.1476,StoppingVariableSpeed,extended
36.4568,697,0.0,0.0,0.0,0.0,0.0,0.0,0.0,0.0,0.0,0.0,-2.10938,7.02205,0.0188,0.1476,StoppingVariableSpeed,extended
36.5069,698,0.0,0.0,0.0,0.0,0.0,0.0,0.0,0.0,0.0,0.0,-1.75781,7.02178,0.0188,0.1476,StoppingVariableSpeed,extended
36.557,699,0.0,0.0,0.0,0.0,0.0,0.0,0.0,0.0,0.0,0.0,-1.23047,10.5318,0.0188,0.1476,StoppingVariableSpeed,extended
36.6071,700,0.0,0.0,0.0,0.0,0.0,0.0,0.0,0.0,0.0,0.0,-0.527344,14.0426,0.0188,0.1476,StoppingVariableSpeed,extended
36.6571,701,0.0,0.0,0.0,0.0,0.0,0.0,0.0,0.0,0.0,0.0,-0.175781,7.02155,0.0188,0.1476,StoppingVariableSpeed,extended
36.7072,702,0.0,0.0,0.0,0.0,0.0,0.0,0.0,0.0,0.0,0.0,0.351562,10.5325,0.0188,0.1476,StoppingVariableSpeed,extended
36.7573,703,0.0,0.0,0.0,0.0,0.0,0.0,0.0,0.0,0.0,0.0,0.703125,7.02121,0.0188,0.1476,StoppingVariableSpeed,extended
36.8073,704,0.0,0.0,0.0,0.0,0.0,0.0,0.0,0.0,0.0,0.0,1.23047,10.5326,0.0188,0.1476,StoppingVariableSpeed,extended
36.8574,705,0.0,0.0,0.0,0.0,0.0,0.0,0.0,0.0,0.0,0.0,1.58203,7.02188,0.0188,0.1476,StoppingVariableSpeed,extended
36.9075,706,0.0,0.0,0.0,0.0,0.0,0.0,0.0,0.0,0.0,0.0,2.10938,10.5324,0.0188,0.1476,StoppingVariableSpeed,extended
36.9575,707,0.0,0.0,0.0,0.0,0.0,0.0,0.0,0.0,0.0,0.0,2.46094,7.02101,0.0188,0.1476,StoppingVariableSpeed,extended
37.0076,708,0.0,0.0,0.0,0.0,0.0,0.0,0.0,0.0,0.0,0.0,2.8125,7.02054,0.0188,0.1476,StoppingVariableSpeed,extended
37.0577,709,0.0,0.0,0.0,0.0,0.0,0.0,0.0,0.0,0.0,0.0,2.98828,3.51052,0.0188,0.1476,StoppingVariableSpeed,extended
37.1078,710,0.0,0.0,0.0,0.0,0.0,0.0,0.0,0.0,0.0,0.0,3.16406,3.51064,0.0188,0.1476,StoppingVariableSpeed,extended
37.1578,711,0.0,0.0,0.0,0.0,0.0,0.0,0.0,0.0,0.0,0.0,3.51562,7.02925,0.0188,0.1476,StoppingVariableSpeed,extended
37.2078,712,0.0,0.0,0.0,0.0,0.0,0.0,0.0,0.0,0.0,0.0,3.51562,0.0,0.0188,0.1476,StoppingVariableSpeed,extended
37.2579,713,0.0,0.0,0.0,0.0,0.0,0.0,0.0,0.0,0.0,0.0,3.51562,0.0,0.0188,0.1476,StoppingVariableSpeed,extended
37.3696,714,0.0,0.0,0.0,0.0,0.0,0.0,0.0,0.0,0.0,0.0,3.51562,0.0,0.00674,0.13537,StoppingVariableSpeed,seated
37.4196,715,0.0,0.0,0.0,0.0,0.0,0.0,0.0,0.0,0.0,0.0,3.51562,0.0,0.00674,0.13537,StoppingVariableSpeed,seated
37.4697,716,0.0,0.0,0.0,0.0,0.0,0.0,0.0,0.0,0.0,0.0,3.16406,-7.02138,0.00674,0.13537,StoppingVariableSpeed,seated
37.5198,717,0.0,0.0,0.0,0.0,0.0,0.0,0.0,0.0,0.0,0.0,2.98828,-3.51096,0.00674,0.13537,StoppingVariableSpeed,seated
37.5698,718,0.0,0.0,0.0,0.0,0.0,0.0,0.0,0.0,0.0,0.0,2.8125,-3.51074,0.00674,0.13537,StoppingVariableSpeed,seated
37.6199,719,0.0,0.0,0.0,0.0,0.0,0.0,0.0,0.0,0.0,0.0,2.46094,-7.02215,0.00674,0.13537,StoppingVariableSpeed,seated
37.67,720,0.0,0.0,0.0,0.0,0.0,0.0,0.0,0.0,0.0,0.0,2.10938,-7.02175,0.00674,0.13537,StoppingVariableSpeed,seated
37.72,721,0.0,0.0,0.0,0.0,0.0,0.0,0.0,0.0,0.0,0.0,1.58203,-10.532,0.00674,0.13537,StoppingVariableSpeed,seated
37.7701,722,0.0,0.0,0.0,0.0,0.0,0.0,0.0,0.0,0.0,0.0,1.23047,-7.02141,0.00674,0.13537,StoppingVariableSpeed,seated
37.8202,723,0.0,0.0,0.0,0.0,0.0,0.0,0.0,0.0,0.0,0.0,0.703125,-10.5325,0.00674,0.13537,StoppingVariableSpeed,seated
37.8703,724,0.0,0.0,0.0,0.0,0.0,0.0,0.0,0.0,0.0,0.0,0.351562,-7.02135,0.00674,0.13537,StoppingVariableSpeed,seated
37.9203,725,0.0,0.0,0.0,0.0,0.0,0.0,0.0,0.0,0.0,0.0,-0.175781,-10.5328,0.00674,0.13537,StoppingVariableSpeed,seated
37.9704,726,0.0,0.0,0.0,0.0,0.0,0.0,0.0,0.0,0.0,0.0,-0.703125,-10.5322,0.00674,0.13537,StoppingVariableSpeed,seated
38.0205,727,0.0,0.0,0.0,0.0,0.0,0.0,0.0,0.0,0.0,0.0,-1.05469,-7.02238,0.00674,0.13537,StoppingVariableSpeed,seated
38.0705,728,0.0,0.0,0.0,0.0,0.0,0.0,0.0,0.0,0.0,0.0,-1.40625,-7.02171,0.00674,0.13537,StoppingVariableSpeed,seated
