0.000268936,0,0.00210923,-0.111406,0.0,0.0,0.0,0.0,0.0,0.0,0.0,0.0,0.351562,0.0,0.00674,0.13537,None,seated
0.060353,1,-0.00479347,-0.111406,0.0,0.0,0.0,0.0,0.0,0.0,0.0,0.0,0.351562,0.0,0.00674,0.13537,Nothing,seated
0.120437,2,-0.00191719,-0.113323,0.0,0.0,0.0,0.0,0.0,0.0,0.0,0.0,0.351562,0.0,0.00674,0.13537,Nothing,seated
0.180514,3,-0.000958268,-0.114282,0.0,0.0,0.0,0.0,0.0,0.0,0.0,0.0,0.351562,0.0,0.00674,0.13537,Nothing,seated
0.240597,4,-0.00191719,-0.108338,0.0,0.0,0.0,0.0,0.0,0.0,0.0,0.0,0.351562,0.0,0.00674,0.13537,Nothing,seated
0.300673,5,-0.00287611,-0.110447,0.0,0.0,0.0,0.0,0.0,0.0,0.0,0.0,0.175781,-0.585149,0.00674,0.13537,Nothing,seated
0.360753,6,-0.00383455,-0.107379,0.0,0.0,0.0,0.0,0.0,0.0,0.0,0.0,0.175781,-0.585157,0.00674,0.13537,Nothing,seated
0.420834,7,-0.00575239,-0.110447,0.0,0.0,0.0,0.0,0.0,0.0,0.0,0.0,0.175781,-0.585163,0.00674,0.13537,Nothing,seated
0.480914,8,-0.00383455,-0.110447,0.0,0.0,0.0,0.0,0.0,0.0,0.0,0.0,0.175781,-0.585157,0.00674,0.13537,Nothing,seated
0.540992,9,-0.00575239,-0.116199,0.0,0.0,0.0,0.0,0.0,0.0,0.0,0.0,0.175781,-0.585167,0.00674,0.13537,Nothing,seated
0.601072,10,-0.00460178,-0.120034,0.0,0.0,0.0,0.0,0.0,0.0,0.0,0.0,0.0,-0.58516,0.00674,0.13537,Nothing,seated
0.661147,11,-0.0042184,-0.117925,0.0,0.0,0.0,0.0,0.0,0.0,0.0,0.0,0.0,-0.585169,0.00674,0.13537,Nothing,seated
0.721226,12,-0.00460178,-0.111597,0.0,0.0,0.0,0.0,0.0,0.0,0.0,0.0,-0.351562,-1.75552,0.00674,0.13537,Nothing,seated
0.781303,13,-0.00517685,-0.100668,0.0,0.0,0.0,0.0,0.0,0.0,0.0,0.0,-0.703125,-2.92589,0.00674,0.13537,Nothing,seated
0.841383,14,-0.0097788,-0.098942,0.0,0.0,0.0,0.0,0.0,0.0,0.0,0.0,-1.05469,-4.09622,0.00674,0.13537,Nothing,seated
0.90146,15,-0.00901205,-0.0868618,0.0,0.0,0.0,0.0,0.0,0.0,0.0,0.0,-1.40625,-4.68144,0.00674,0.13537,Nothing,seated
0.961539,16,-0.00862819,-0.084561,0.0,0.0,0.0,0.0,0.0,0.0,0.0,0.0,-1.75781,-5.85173,0.00674,0.13537,Nothing,seated
1.02162,17,-0.00786144,-0.0916554,0.0,0.0,0.0,0.0,0.0,0.0,0.0,0.0,-2.28516,-6.4369,0.00674,0.13537,Nothing,seated
1.0817,18,-0.00728637,-0.11294,0.0,0.0,0.0,0.0,0.0,0.0,0.0,0.0,-2.8125,-7.02205,0.00674,0.13537,Nothing,seated
1.14178,19,-0.00651914,-0.136333,0.0,0.0,0.0,0.0,0.0,0.0,0.0,0.0,-3.33984,-7.6072,0.00674,0.13537,Nothing,seated
1.20185,20,-0.00191719,-0.175449,0.0,0.0,0.0,0.0,0.0,0.0,0.0,0.0,-3.86719,-8.19236,0.00674,0.13537,Nothing,seated
1.26193,21,-0.00402624,-0.19309,0.0,0.0,0.0,0.0,0.0,0.0,0.0,0.0,-4.57031,-9.36274,0.00674,0.13537,Nothing,seated
1.32201,22,-0.00287611,-0.202869,0.0,0.0,0.0,0.0,0.0,0.0,0.0,0.0,-5.27344,-9.9479,0.00674,0.13537,Nothing,seated
1.38294,23,-0.00230056,-0.202869,0.0,0.0,0.0,0.0,0.0,0.0,0.0,0.0,-6.15234,-11.0867,0.00674,0.13537,Nothing,seated
1.44302,24,-0.0017255,-0.152631,0.0,0.0,0.0,0.0,0.0,0.0,0.0,0.0,-6.85547,-11.6703,0.00674,0.13537,Nothing,seated
1.50311,25,0.000191863,-0.139784,0.0,0.0,0.0,0.0,0.0,0.0,0.0,0.0,-7.38281,-11.67,0.00674,0.13537,Nothing,seated
1.56318,26,0.00172585,-0.142277,0.0,0.0,0.0,0.0,0.0,0.0,0.0,0.0,-8.08594,-11.67,0.00674,0.13537,Nothing,seated
1.62327,27,-0.00441009,-0.161643,0.0,0.0,0.0,0.0,0.0,0.0,0.0,0.0,-8.61328,-11.0863,0.00674,0.13537,Nothing,seated
1.68335,28,-0.0017255,-0.160685,0.0,0.0,0.0,0.0,0.0,0.0,0.0,0.0,-9.14062,-9.94748,0.00674,0.13537,Nothing,seated
1.74343,29,0.00153416,-0.166821,0.0,0.0,0.0,0.0,0.0,0.0,0.0,0.0,-9.66797,-9.36217,0.00674,0.13537,Nothing,seated
1.80351,30,0.00402706,-0.183311,0.0,0.0,0.0,0.0,0.0,0.0,0.0,0.0,-10.1953,-9.36232,0.00674,0.13537,Nothing,seated
1.86359,31,0.00210923,-0.191556,0.0,0.0,0.0,0.0,0.0,0.0,0.0,0.0,-10.5469,-8.19199,0.00674,0.13537,Nothing,seated
1.92367,32,0.00115078,-0.202102,0.0,0.0,0.0,0.0,0.0,0.0,0.0,0.0,-11.0742,-8.19209,0.00674,0.13537,Nothing,seated
1.98375,33,0.00287646,-0.205554,0.0,0.0,0.0,0.0,0.0,0.0,0.0,0.0,-11.4258,-7.60689,0.00674,0.13537,Nothing,seated
2.04384,34,0.00364321,-0.20632,0.0,0.0,0.0,0.0,0.0,0.0,0.0,0.0,-11.7773,-7.0218,0.00674,0.13537,Nothing,seated
2.10392,35,0.00345152,-0.206129,0.0,0.0,0.0,0.0,0.0,0.0,0.0,0.0,-12.3047,-7.02182,0.00674,0.13537,Nothing,seated
2.164,36,0.00383538,-0.202102,0.0,0.0,0.0,0.0,0.0,0.0,0.0,0.0,-12.6562,-7.02181,0.00674,0.13537,Nothing,seated
2.22408,37,0.00402706,-0.213224,0.0,0.0,0.0,0.0,0.0,0.0,0.0,0.0,-13.0078,-6.43656,0.00674,0.13537,Nothing,seated
2.28416,38,0.00115078,-0.197308,0.0,0.0,0.0,0.0,0.0,0.0,0.0,0.0,-13.5352,-7.02175,0.00674,0.13537,Nothing,seated
2.34425,39,0.00191754,-0.196733,0.0,0.0,0.0,0.0,0.0,0.0,0.0,0.0,-13.8867,-7.02165,0.00674,0.13537,Nothing,seated
2.40433,40,0.00230139,-0.200376,0.0,0.0,0.0,0.0,0.0,0.0,0.0,0.0,-14.2383,-6.43649,0.00674,0.13537,Nothing,seated
2.46441,41,0.00268477,-0.210156,0.0,0.0,0.0,0.0,0.0,0.0,0.0,0.0,-14.4141,-5.85134,0.00674,0.13537,Nothing,seated
2.5245,42,0.00690335,-0.255216,0.0,0.0,0.0,0.0,0.0,0.0,0.0,0.0,-14.9414,-6.43628,0.00674,0.13537,Nothing,seated
2.58459,43,0.00479382,-0.262886,0.0,0.0,0.0,0.0,0.0,0.0,0.0,0.0,-15.293,-5.85108,0.00674,0.13537,Nothing,seated
2.64466,44,0.00575274,-0.264804,0.0,0.0,0.0,0.0,0.0,0.0,0.0,0.0,-15.6445,-5.85124,0.00674,0.13537,Nothing,seated
2.70474,45,0.00882071,-0.253299,0.0,0.0,0.0,0.0,0.0,0.0,0.0,0.0,-15.9961,-5.85126,0.00674,0.13537,Nothing,seated
2.76482,46,0.00651949,-0.24793,0.0,0.0,0.0,0.0,0.0,0.0,0.0,0.0,-16.3477,-6.43643,0.00674,0.13537,Nothing,seated
2.8249,47,0.00594443,-0.248313,0.0,0.0,0.0,0.0,0.0,0.0,0.0,0.0,-16.875,-6.43676,0.00674,0.13537,Nothing,seated
2.88498,48,0.00594443,-0.244287,0.0,0.0,0.0,0.0,0.0,0.0,0.0,0.0,-17.0508,-5.85167,0.00674,0.13537,Nothing,seated
2.94506,49,0.00882071,-0.234316,0.0,0.0,0.0,0.0,0.0,0.0,0.0,0.0,-17.4023,-5.85165,0.00674,0.13537,Nothing,seated
3.00514,50,0.0118887,-0.234316,0.0,0.0,0.0,0.0,0.0,0.0,0.0,0.0,-17.7539,-5.85171,0.00674,0.13537,Nothing,seated
3.06522,51,0.00594443,-0.209388,0.0,0.0,0.0,0.0,0.0,0.0,0.0,0.0,-17.9297,-5.2665,0.00674,0.13537,Nothing,seated
3.1253,52,0.00920409,-0.203252,0.0,0.0,0.0,0.0,0.0,0.0,0.0,0.0,-18.1055,-4.09616,0.00674,0.13537,Nothing,seated
3.18537,53,0.00882071,-0.20191,0.0,0.0,0.0,0.0,0.0,0.0,0.0,0.0,-18.1055,-3.51101,0.00674,0.13537,Nothing,seated
3.24545,54,0.00997132,-0.192898,0.0,0.0,0.0,0.0,0.0,0.0,0.0,0.0,-17.7539,-1.17035,0.00674,0.13537,Nothing,seated
3.3055,55,0.011697,-0.1975,0.0,0.0,0.0,0.0,0.0,0.0,0.0,0.0,-16.875,2.92612,0.00674,0.13537,Nothing,seated
3.36558,56,0.0136144,-0.239876,0.0,0.0,0.0,0.0,0.0,0.0,0.0,0.0,-15.6445,7.60801,0.00674,0.13537,Nothing,seated
3.42566,57,0.0193669,-0.286471,0.0,0.0,0.0,0.0,0.0,0.0,0.0,0.0,-14.2383,12.875,0.00674,0.13537,Nothing,seated
3.48574,58,0.0249273,-0.328464,0.0,0.0,0.0,0.0,0.0,0.0,0.0,0.0,-12.3047,19.3126,0.00674,0.13537,Nothing,seated
3.54582,59,0.0264613,-0.330765,0.0,0.0,0.0,0.0,0.0,0.0,0.0,0.0,-10.3711,24.5793,0.00674,0.13537,Nothing,seated
3.6059,60,0.0264613,-0.282444,0.0,0.0,0.0,0.0,0.0,0.0,0.0,0.0,-8.4375,28.0878,0.00674,0.13537,Nothing,seated
3.66598,61,0.02301,-0.204786,0.0,0.0,0.0,0.0,0.0,0.0,0.0,0.0,-6.32812,31.0135,0.00674,0.13537,Nothing,seated
3.72606,62,0.0176412,-0.0935728,0.0,0.0,0.0,0.0,0.0,0.0,0.0,0.0,-4.04297,33.9394,0.00674,0.13537,Nothing,seated
3.78613,63,0.00997132,0.00249273,0.0,0.0,0.0,0.0,0.0,0.0,0.0,0.0,-1.58203,35.6951,0.00674,0.13537,Nothing,seated
3.84622,64,0.00268477,0.123677,0.0,0.0,0.0,0.0,0.0,0.0,0.0,0.0,0.703125,36.8651,0.00674,0.13537,Nothing,seated
3.9063,65,-0.00210888,0.174107,0.0,0.0,0.0,0.0,0.0,0.0,0.0,0.0,3.33984,39.2057,0.00674,0.13537,Nothing,seated
3.96638,66,-0.00920374,0.198842,0.0,0.0,0.0,0.0,0.0,0.0,0.0,0.0,5.97656,40.9611,0.00674,0.13537,Nothing,seated
4.02645,67,-0.0147641,0.184844,0.0,0.0,0.0,0.0,0.0,0.0,0.0,0.0,8.61328,42.1316,0.00674,0.13537,Nothing,seated
4.08653,68,-0.018791,0.137675,0.0,0.0,0.0,0.0,0.0,0.0,0.0,0.0,10.8984,41.5463,0.00674,0.13537,Nothing,seated
4.14661,69,-0.017257,0.0653856,0.0,0.0,0.0,0.0,0.0,0.0,0.0,0.0,13.0078,40.9618,0.00674,0.13537,Nothing,seated
4.20669,70,-0.0159147,0.0143808,0.0,0.0,0.0,0.0,0.0,0.0,0.0,0.0,14.5898,37.4507,0.00674,0.13537,Nothing,seated
4.26677,71,-0.0153397,-0.0128471,0.0,0.0,0.0,0.0,0.0,0.0,0.0,0.0,15.9961,33.3547,0.00674,0.13537,Nothing,seated
4.32685,72,-0.0118883,-0.0170657,0.0,0.0,0.0,0.0,0.0,0.0,0.0,0.0,16.875,27.503,0.00674,0.13537,Nothing,seated
4.38693,73,-0.0097788,0.0097788,0.0,0.0,0.0,0.0,0.0,0.0,0.0,0.0,17.2266,21.0658,0.00674,0.13537,Nothing,seated
4.44701,74,-0.00939542,0.0517719,0.0,0.0,0.0,0.0,0.0,0.0,0.0,0.0,17.4023,14.629,0.00674,0.13537,Nothing,seated
4.50709,75,-0.000958268,-0.0218593,0.0,0.0,0.0,0.0,0.0,0.0,0.0,0.0,17.0508,8.19217,0.00674,0.13537,Nothing,seated
4.56718,76,-0.0017255,0.0345143,0.0,0.0,0.0,0.0,0.0,0.0,0.0,0.0,16.5234,1.75542,0.00674,0.13537,Nothing,seated
4.62726,77,0.00210923,0.0596336,0.0,0.0,0.0,0.0,0.0,0.0,0.0,0.0,15.6445,-4.09595,0.00674,0.13537,Nothing,seated
4.68734,78,0.00134247,0.050238,0.0,0.0,0.0,0.0,0.0,0.0,0.0,0.0,14.5898,-8.77718,0.00674,0.13537,Nothing,seated
4.74742,79,0.00364321,0.0130389,0.0,0.0,0.0,0.0,0.0,0.0,0.0,0.0,13.1836,-14.0435,0.00674,0.13537,Nothing,seated
4.8075,80,0.00460213,-0.0498545,0.0,0.0,0.0,0.0,0.0,0.0,0.0,0.0,11.6016,-18.1398,0.00674,0.13537,Nothing,seated
4.86757,81,0.00671118,-0.132306,0.0,0.0,0.0,0.0,0.0,0.0,0.0,0.0,9.84375,-22.2363,0.00674,0.13537,Nothing,seated
4.92765,82,0.0312549,-0.237,0.0,0.0,0.0,0.0,0.0,0.0,0.0,0.0,7.73438,-26.3326,0.00674,0.13537,Nothing,seated
4.98773,83,0.0295293,-0.304304,0.0,0.0,0.0,0.0,0.0,0.0,0.0,0.0,5.625,-29.8434,0.00674,0.13537,Nothing,seated
5.04781,84,0.0278036,-0.350706,0.0,0.0,0.0,0.0,0.0,0.0,0.0,0.0,3.16406,-33.3542,0.00674,0.13537,Nothing,seated
5.1079,85,0.0249273,-0.361252,0.0,0.0,0.0,0.0,0.0,0.0,0.0,0.0,0.351562,-37.45,0.00674,0.13537,Nothing,seated
5.16798,86,0.021476,-0.345338,0.0,0.0,0.0,0.0,0.0,0.0,0.0,0.0,-2.28516,-40.3751,0.00674,0.13537,Nothing,seated
5.22806,87,0.018408,-0.322903,0.0,0.0,0.0,0.0,0.0,0.0,0.0,0.0,-4.92188,-42.1308,0.00674,0.13537,Nothing,seated
5.28813,88,0.014765,-0.292415,0.0,0.0,0.0,0.0,0.0,0.0,0.0,0.0,-7.38281,-43.3015,0.00674,0.13537,Nothing,seated
5.34821,89,0.011697,-0.273049,0.0,0.0,0.0,0.0,0.0,0.0,0.0,0.0,-9.49219,-42.1313,0.00674,0.13537,Nothing,seated
5.40829,90,0.00843733,-0.276692,0.0,0.0,0.0,0.0,0.0,0.0,0.0,0.0,-11.4258,-39.2057,0.00674,0.13537,Nothing,seated
5.46837,91,0.00498551,-0.297592,0.0,0.0,0.0,0.0,0.0,0.0,0.0,0.0,-13.0078,-35.6955,0.00674,0.13537,Nothing,seated
5.52845,92,0.00210923,-0.329231,0.0,0.0,0.0,0.0,0.0,0.0,0.0,0.0,-14.4141,-31.599,0.00674,0.13537,Nothing,seated
5.58849,93,0.000191863,-0.36758,0.0,0.0,0.0,0.0,0.0,0.0,0.0,0.0,-15.4688,-26.9208,0.00674,0.13537,Nothing,seated
5.64857,94,-0.00249225,-0.399794,0.0,0.0,0.0,0.0,0.0,0.0,0.0,0.0,-16.1719,-22.2392,0.00674,0.13537,Nothing,seated
5.70865,95,-0.0042184,-0.409765,0.0,0.0,0.0,0.0,0.0,0.0,0.0,0.0,-16.5234,-16.9721,0.00674,0.13537,Nothing,seated
5.76873,96,-0.00556022,-0.395192,0.0,0.0,0.0,0.0,0.0,0.0,0.0,0.0,-16.5234,-11.7048,0.00674,0.13537,Nothing,seated
5.82881,97,-0.00709421,-0.357993,0.0,0.0,0.0,0.0,0.0,0.0,0.0,0.0,-16.5234,-7.02282,0.00674,0.13537,Nothing,seated
5.88889,98,-0.00805313,-0.304687,0.0,0.0,0.0,0.0,0.0,0.0,0.0,0.0,-16.1719,-2.34064,0.00674,0.13537,Nothing,seated
5.94897,99,-0.00862819,-0.238342,0.0,0.0,0.0,0.0,0.0,0.0,0.0,0.0,-15.293,2.92577,0.00674,0.13537,Nothing,seated
6.00905,100,-0.0084365,-0.167971,0.0,0.0,0.0,0.0,0.0,0.0,0.0,0.0,-14.0625,8.19208,0.00674,0.13537,Nothing,seated
6.06913,101,-0.00824482,-0.109104,0.0,0.0,0.0,0.0,0.0,0.0,0.0,0.0,-12.4805,13.4584,0.00674,0.13537,Nothing,seated
6.12921,102,-0.00709421,-0.0655777,0.0,0.0,0.0,0.0,0.0,0.0,0.0,0.0,-10.7227,19.31,0.00674,0.13537,Nothing,seated
6.18929,103,-0.00556022,-0.0404589,0.0,0.0,0.0,0.0,0.0,0.0,0.0,0.0,-8.4375,25.7467,0.00674,0.13537,Nothing,seated
6.24937,104,-0.00364286,-0.033364,0.0,0.0,0.0,0.0,0.0,0.0,0.0,0.0,-6.15234,30.4285,0.00674,0.13537,Nothing,seated
6.30945,105,0.0118887,-0.176025,0.0,0.0,0.0,0.0,0.0,0.0,0.0,0.0,-3.51562,35.1099,0.00674,0.13537,Nothing,seated
6.36953,106,0.013231,-0.158959,0.0,0.0,0.0,0.0,0.0,0.0,0.0,0.0,-1.05469,38.0353,0.00674,0.13537,Nothing,seated
6.42962,107,0.0126554,-0.132881,0.0,0.0,0.0,0.0,0.0,0.0,0.0,0.0,0.878906,38.6203,0.00674,0.13537,Nothing,seated
6.48969,108,0.0128471,-0.0954906,0.0,0.0,0.0,0.0,0.0,0.0,0.0,0.0,3.86719,40.9611,0.00674,0.13537,Nothing,seated
6.54977,109,0.0128471,-0.0490877,0.0,0.0,0.0,0.0,0.0,0.0,0.0,0.0,6.15234,40.9612,0.00674,0.13537,Nothing,seated
6.60985,110,0.0128471,0.00249273,0.0,0.0,0.0,0.0,0.0,0.0,0.0,0.0,8.26172,39.205,0.00674,0.13537,Nothing,seated
6.66993,111,0.011697,-0.0682623,0.0,0.0,0.0,0.0,0.0,0.0,0.0,0.0,10.1953,37.4505,0.00674,0.13537,Nothing,seated
6.73001,112,0.0109298,0.000191514,0.0,0.0,0.0,0.0,0.0,0.0,0.0,0.0,12.1289,37.4505,0.00674,0.13537,Nothing,seated
6.79009,113,0.0113131,0.0316384,0.0,0.0,0.0,0.0,0.0,0.0,0.0,0.0,13.7109,32.7692,0.00674,0.13537,Nothing,seated
6.85017,114,0.0111214,0.050813,0.0,0.0,0.0,0.0,0.0,0.0,0.0,0.0,15.1172,29.843,0.00674,0.13537,Nothing,seated
6.91025,115,0.0105464,0.0504296,0.0,0.0,0.0,0.0,0.0,0.0,0.0,0.0,16.1719,26.3324,0.00674,0.13537,Nothing,seated
6.97033,116,0.00939577,0.0354732,0.0,0.0,0.0,0.0,0.0,0.0,0.0,0.0,16.875,22.2359,0.00674,0.13537,Nothing,seated
7.03041,117,0.00786179,0.00709469,0.0,0.0,0.0,0.0,0.0,0.0,0.0,0.0,17.2266,16.9695,0.00674,0.13537,Nothing,seated
7.0905,118,-0.0097788,-0.122143,0.0,0.0,0.0,0.0,0.0,0.0,0.0,0.0,17.2266,11.7027,0.00674,0.13537,Nothing,seated
7.15058,119,-0.00786144,-0.127896,0.0,0.0,0.0,0.0,0.0,0.0,0.0,0.0,16.6992,5.26619,0.00674,0.13537,Nothing,seated
7.21066,120,-0.00862819,-0.132881,0.0,0.0,0.0,0.0,0.0,0.0,0.0,0.0,15.9961,-0.58514,0.00674,0.13537,Nothing,seated
7.27074,121,-0.0174487,-0.100476,0.0,0.0,0.0,0.0,0.0,0.0,0.0,0.0,14.7656,-7.02175,0.00674,0.13537,Nothing,seated
7.33081,122,-0.0243519,-0.0851361,0.0,0.0,0.0,0.0,0.0,0.0,0.0,0.0,13.1836,-13.4585,0.00674,0.13537,Nothing,seated
7.39091,123,-0.0241597,-0.0941483,0.0,0.0,0.0,0.0,0.0,0.0,0.0,0.0,11.25,-19.8947,0.00674,0.13537,Nothing,seated
7.45099,124,-0.0243519,-0.110447,0.0,0.0,0.0,0.0,0.0,0.0,0.0,0.0,9.31641,-24.5759,0.00674,0.13537,Nothing,seated
7.51107,125,-0.0241597,-0.135758,0.0,0.0,0.0,0.0,0.0,0.0,0.0,0.0,7.20703,-29.2569,0.00674,0.13537,Nothing,seated
7.57115,126,-0.0235847,-0.172381,0.0,0.0,0.0,0.0,0.0,0.0,0.0,0.0,4.92188,-32.767,0.00674,0.13537,Nothing,seated
7.63123,127,-0.0222424,-0.215333,0.0,0.0,0.0,0.0,0.0,0.0,0.0,0.0,2.63672,-35.1072,0.00674,0.13537,Nothing,seated
7.69131,128,-0.020325,-0.260777,0.0,0.0,0.0,0.0,0.0,0.0,0.0,0.0,0.175781,-36.8645,0.00674,0.13537,Nothing,seated
7.75139,129,-0.00268442,-0.20076,0.0,0.0,0.0,0.0,0.0,0.0,0.0,0.0,-2.28516,-38.6205,0.00674,0.13537,Nothing,seated
7.81148,130,-0.00153381,-0.247546,0.0,0.0,0.0,0.0,0.0,0.0,0.0,0.0,-4.74609,-39.7896,0.00674,0.13537,Nothing,seated
7.87155,131,-0.000574891,-0.279185,0.0,0.0,0.0,0.0,0.0,0.0,0.0,0.0,-7.03125,-39.7905,0.00674,0.13537,Nothing,seated
7.93164,132,0.000575717,-0.296442,0.0,0.0,0.0,0.0,0.0,0.0,0.0,0.0,-9.31641,-39.7901,0.00674,0.13537,Nothing,seated
7.99171,133,0.00134247,-0.301428,0.0,0.0,0.0,0.0,0.0,0.0,0.0,0.0,-11.4258,-38.62,0.00674,0.13537,Nothing,seated
8.0518,134,0.00287646,-0.298743,0.0,0.0,0.0,0.0,0.0,0.0,0.0,0.0,-13.1836,-36.2785,0.00674,0.13537,Nothing,seated
8.11188,135,0.00364321,-0.292224,0.0,0.0,0.0,0.0,0.0,0.0,0.0,0.0,-14.5898,-32.7687,0.00674,0.13537,Nothing,seated
8.17196,136,0.0128471,-0.118308,0.0,0.0,0.0,0.0,0.0,0.0,0.0,0.0,-15.6445,-28.6725,0.00674,0.13537,Nothing,seated
8.23203,137,0.00882071,-0.119267,0.0,0.0,0.0,0.0,0.0,0.0,0.0,0.0,-16.3477,-23.4068,0.00674,0.13537,Nothing,seated
8.29211,138,0.0149566,-0.137675,0.0,0.0,0.0,0.0,0.0,0.0,0.0,0.0,-16.6992,-17.5549,0.00674,0.13537,Nothing,seated
8.35219,139,0.0151483,-0.153398,0.0,0.0,0.0,0.0,0.0,0.0,0.0,0.0,-16.6992,-11.7033,0.00674,0.13537,Nothing,seated
8.41227,140,0.01534,-0.163177,0.0,0.0,0.0,0.0,0.0,0.0,0.0,0.0,-16.3477,-5.85166,0.00674,0.13537,Nothing,seated
8.47235,141,0.014765,-0.162986,0.0,0.0,0.0,0.0,0.0,0.0,0.0,0.0,-15.6445,0.0,0.00674,0.13537,Nothing,seated
8.53243,142,0.014765,-0.151097,0.0,0.0,0.0,0.0,0.0,0.0,0.0,0.0,-14.7656,5.26642,0.00674,0.13537,Nothing,seated
8.5925,143,0.0139977,-0.129046,0.0,0.0,0.0,0.0,0.0,0.0,0.0,0.0,-13.3594,11.1185,0.00674,0.13537,Nothing,seated
8.65257,144,0.0126554,-0.0991337,0.0,0.0,0.0,0.0,0.0,0.0,0.0,0.0,-11.7773,16.3853,0.00674,0.13537,Nothing,seated
8.71266,145,0.0109298,-0.0644275,0.0,0.0,0.0,0.0,0.0,0.0,0.0,0.0,-10.0195,21.0669,0.00674,0.13537,Nothing,seated
8.77273,146,0.00862902,-0.0289542,0.0,0.0,0.0,0.0,0.0,0.0,0.0,0.0,-7.91016,25.7486,0.00674,0.13537,Nothing,seated
8.83281,147,-0.013614,-0.111214,0.0,0.0,0.0,0.0,0.0,0.0,0.0,0.0,-5.625,30.4301,0.00674,0.13537,Nothing,seated
8.89289,148,-0.013614,-0.0703713,0.0,0.0,0.0,0.0,0.0,0.0,0.0,0.0,-3.33984,33.3547,0.00674,0.13537,Nothing,seated
8.95297,149,-0.0139974,-0.0375826,0.0,0.0,0.0,0.0,0.0,0.0,0.0,0.0,-0.878906,36.2801,0.00674,0.13537,Nothing,seated
9.01305,150,-0.0205167,-0.130772,0.0,0.0,0.0,0.0,0.0,0.0,0.0,0.0,1.75781,39.2066,0.00674,0.13537,Nothing,seated
9.07313,151,-0.0184076,-0.143811,0.0,0.0,0.0,0.0,0.0,0.0,0.0,0.0,4.21875,40.3766,0.00674,0.13537,Nothing,seated
9.13321,152,-0.0189827,-0.110255,0.0,0.0,0.0,0.0,0.0,0.0,0.0,0.0,6.50391,40.3767,0.00674,0.13537,Nothing,seated
9.19329,153,-0.0178321,-0.0732476,0.0,0.0,0.0,0.0,0.0,0.0,0.0,0.0,8.61328,39.7914,0.00674,0.13537,Nothing,seated
9.25337,154,-0.0116962,-0.123102,0.0,0.0,0.0,0.0,0.0,0.0,0.0,0.0,10.5469,38.0359,0.00674,0.13537,Nothing,seated
9.31345,155,-0.0116962,-0.101434,0.0,0.0,0.0,0.0,0.0,0.0,0.0,0.0,12.3047,35.1094,0.00674,0.13537,Nothing,seated
9.3735,156,-0.0109294,-0.0657694,0.0,0.0,0.0,0.0,0.0,0.0,0.0,0.0,13.7109,31.6016,0.00674,0.13537,Nothing,seated
9.43358,157,-0.0097788,-0.0320222,0.0,0.0,0.0,0.0,0.0,0.0,0.0,0.0,14.9414,28.0903,0.00674,0.13537,Nothing,seated
9.49366,158,-0.0084365,-0.00977915,0.0,0.0,0.0,0.0,0.0,0.0,0.0,0.0,15.8203,23.9938,0.00674,0.13537,Nothing,seated
9.55374,159,-0.00690252,0.00115043,0.0,0.0,0.0,0.0,0.0,0.0,0.0,0.0,16.3477,19.3121,0.00674,0.13537,Nothing,seated
9.61381,160,-0.00517685,0.00115043,0.0,0.0,0.0,0.0,0.0,0.0,0.0,0.0,16.5234,14.0454,0.00674,0.13537,Nothing,seated
9.6739,161,-0.00364286,-0.00824517,0.0,0.0,0.0,0.0,0.0,0.0,0.0,0.0,16.5234,9.36258,0.00674,0.13537,Nothing,seated
9.73397,162,-0.00230056,-0.0255024,0.0,0.0,0.0,0.0,0.0,0.0,0.0,0.0,15.9961,3.51099,0.00674,0.13537,Nothing,seated
9.79405,163,-0.000383202,-0.0471699,0.0,0.0,0.0,0.0,0.0,0.0,0.0,0.0,15.293,-1.75549,0.00674,0.13537,Nothing,seated
9.85413,164,0.00134247,-0.0709469,0.0,0.0,0.0,0.0,0.0,0.0,0.0,0.0,14.0625,-7.60721,0.00674,0.13537,Nothing,seated
9.91421,165,0.00230139,-0.095874,0.0,0.0,0.0,0.0,0.0,0.0,0.0,0.0,12.6562,-12.8736,0.00674,0.13537,Nothing,seated
9.97429,166,0.00287646,-0.120226,0.0,0.0,0.0,0.0,0.0,0.0,0.0,0.0,10.8984,-18.7251,0.00674,0.13537,Nothing,seated
10.0344,167,0.00325983,-0.144003,0.0,0.0,0.0,0.0,0.0,0.0,0.0,0.0,8.96484,-23.4062,0.00674,0.13537,Nothing,seated
10.0945,168,0.00345152,-0.168738,0.0,0.0,0.0,0.0,0.0,0.0,0.0,0.0,6.85547,-28.0873,0.00674,0.13537,Nothing,seated
10.1545,169,0.00364321,-0.195391,0.0,0.0,0.0,0.0,0.0,0.0,0.0,0.0,4.57031,-31.602,0.00674,0.13537,TripleIncreaseAngularVelo,seated
10.2561,170,0.00230139,-0.24141,0.0,0.0,0.0,0.0,0.0,0.0,0.0,0.0,0.527344,-35.4812,0.0188,0.1476,TripleIncreaseAngularVelo,extended
10.3526,171,-0.000383202,-0.277651,0.0,0.0,0.0,0.0,0.0,0.0,0.0,0.0,-3.51562,-38.1065,0.0188,0.1476,TripleIncreaseAngularVelo,extended
10.4672,172,-0.0197499,-0.425872,0.0,0.0,0.0,0.0,0.0,0.0,0.0,0.0,-8.4375,-40.2081,0.0188,0.1476,TripleIncreaseAngularVelo,extended
10.5273,173,-0.0222424,-0.559136,0.0,0.0,0.0,0.0,0.0,0.0,0.0,0.0,-10.1953,-39.3952,0.0188,0.1476,TripleIncreaseAngularVelo,extended
10.5873,174,-0.00805313,-0.68243,0.0,0.0,0.0,0.0,0.0,0.0,0.0,0.0,-11.7773,-37.7674,0.0188,0.1476,TripleIncreaseAngularVelo,extended
10.6474,175,-0.00728637,-0.839471,0.0,0.0,0.0,0.0,0.0,0.0,0.0,0.0,-13.0078,-34.5836,0.0188,0.1476,TripleIncreaseAngularVelo,extended
10.7075,176,-0.0042184,-0.959505,0.0,0.0,0.0,0.0,0.0,0.0,0.0,0.0,-13.7109,-28.7236,0.0188,0.1476,TripleIncreaseAngularVelo,extended
10.7676,177,-0.00498516,-1.08491,0.0,0.0,0.0,0.0,0.0,0.0,0.0,0.0,-14.0625,-18.7254,0.0188,0.1476,TripleIncreaseAngularVelo,extended
10.8277,178,-0.00287611,-1.19727,0.0,0.0,0.0,0.0,0.0,0.0,0.0,0.0,-14.4141,-14.0445,0.0188,0.1476,TripleIncreaseAngularVelo,extended
10.8877,179,1.74846e-07,-1.25019,0.0,0.0,0.0,0.0,0.0,0.0,0.0,0.0,-14.7656,-9.94817,0.0188,0.1476,TripleIncreaseAngularVelo,extended
10.9478,180,0.0051772,-1.25729,0.0,0.0,0.0,0.0,0.0,0.0,0.0,0.0,-14.9414,-6.43705,0.0188,0.1476,TripleIncreaseAngularVelo,extended
11.0079,181,0.00958746,-1.18884,0.0,0.0,0.0,0.0,0.0,0.0,0.0,0.0,-14.9414,-4.09619,0.0188,0.1476,TripleIncreaseAngularVelo,extended
11.068,182,0.0130393,-1.09258,0.0,0.0,0.0,0.0,0.0,0.0,0.0,0.0,-14.7656,-2.34067,0.0188,0.1476,TripleIncreaseAngularVelo,extended
11.1668,183,0.0164906,-0.873602,0.0,0.0,0.0,0.0,0.0,0.0,0.0,0.0,-13.7109,2.07314,0.00674,0.13537,TripleIncreaseAngularVelo,seated
11.2632,184,0.0172574,-0.673034,0.0,0.0,0.0,0.0,0.0,0.0,0.0,0.0,-11.4258,8.89594,0.00674,0.13537,TripleIncreaseAngularVelo,seated
11.3623,185,0.0279953,-0.555876,0.0,0.0,0.0,0.0,0.0,0.0,0.0,0.0,-7.91016,16.9634,0.00674,0.13537,TripleIncreaseAngularVelo,seated
11.4557,186,0.0209009,-0.463838,0.0,0.0,0.0,0.0,0.0,0.0,0.0,0.0,-3.69141,25.1201,0.00674,0.13537,TripleIncreaseAngularVelo,seated
11.5516,187,0.00843733,-0.390398,0.0,0.0,0.0,0.0,0.0,0.0,0.0,0.0,0.878906,32.3507,0.00674,0.13537,TripleIncreaseAngularVelo,seated
11.6577,188,0.0134227,-0.234124,0.0,0.0,0.0,0.0,0.0,0.0,0.0,0.0,4.39453,36.8843,0.00674,0.13537,TripleIncreaseAngularVelo,seated
11.7178,189,0.00977915,-0.0945317,0.0,0.0,0.0,0.0,0.0,0.0,0.0,0.0,5.97656,38.2806,0.00674,0.13537,TripleIncreaseAngularVelo,seated
11.7778,190,0.0126554,0.0958737,0.0,0.0,0.0,0.0,0.0,0.0,0.0,0.0,7.55859,37.2259,0.00674,0.13537,TripleIncreaseAngularVelo,seated
11.8379,191,0.00997132,0.28973,0.0,0.0,0.0,0.0,0.0,0.0,0.0,0.0,8.96484,33.1156,0.00674,0.13537,TripleIncreaseAngularVelo,seated
11.898,192,0.0151483,0.406121,0.0,0.0,0.0,0.0,0.0,0.0,0.0,0.0,10.1953,26.8924,0.00674,0.13537,TripleIncreaseAngularVelo,seated
11.9581,193,0.0111214,0.443704,0.0,0.0,0.0,0.0,0.0,0.0,0.0,0.0,11.9531,25.1628,0.00674,0.13537,TripleIncreaseAngularVelo,seated
12.0182,194,0.00862902,0.419927,0.0,0.0,0.0,0.0,0.0,0.0,0.0,0.0,13.5352,25.1628,0.00674,0.13537,TripleIncreaseAngularVelo,seated
12.0782,195,0.00805348,0.290881,0.0,0.0,0.0,0.0,0.0,0.0,0.0,0.0,15.293,25.7476,0.00674,0.13537,TripleIncreaseAngularVelo,seated
12.1383,196,0.00556105,0.128662,0.0,0.0,0.0,0.0,0.0,0.0,0.0,0.0,16.5234,25.1624,0.00674,0.13537,TripleIncreaseAngularVelo,seated
12.1984,197,0.0076701,-0.0550315,0.0,0.0,0.0,0.0,0.0,0.0,0.0,0.0,17.2266,23.4065,0.00674,0.13537,TripleIncreaseAngularVelo,seated
12.2585,198,0.00939577,-0.203252,0.0,0.0,0.0,0.0,0.0,0.0,0.0,0.0,17.4023,18.1396,0.00674,0.13537,TripleIncreaseAngularVelo,seated
12.3186,199,0.00728672,-0.282828,0.0,0.0,0.0,0.0,0.0,0.0,0.0,0.0,17.0508,11.7028,0.00674,0.13537,TripleIncreaseAngularVelo,seated
12.4159,200,0.00479382,-0.284937,0.0,0.0,0.0,0.0,0.0,0.0,0.0,0.0,14.9414,-1.04109,0.0188,0.1476,TripleIncreaseAngularVelo,extended
12.5452,201,-0.00594408,-0.102777,0.0,0.0,0.0,0.0,0.0,0.0,0.0,0.0,10.3711,-15.1213,0.0188,0.1476,TripleIncreaseAngularVelo,extended
12.6659,202,-0.0306795,-0.0671117,0.0,0.0,0.0,0.0,0.0,0.0,0.0,0.0,5.27344,-25.5663,0.0188,0.1476,TripleIncreaseAngularVelo,extended
12.7773,203,-0.0118883,-0.243711,0.0,0.0,0.0,0.0,0.0,0.0,0.0,0.0,1.75781,-30.1533,0.0188,0.1476,TripleIncreaseAngularVelo,extended
12.8748,204,-0.0118883,-0.590774,0.0,0.0,0.0,0.0,0.0,0.0,0.0,0.0,-0.703125,-31.918,0.0188,0.1476,TripleIncreaseAngularVelo,extended
12.9779,205,-0.00939542,-1.15221,0.0,0.0,0.0,0.0,0.0,0.0,0.0,0.0,-2.8125,-31.594,0.0188,0.1476,TripleIncreaseAngularVelo,extended
13.0379,206,-0.00249225,-1.41318,0.0,0.0,0.0,0.0,0.0,0.0,0.0,0.0,-4.74609,-30.6782,0.0188,0.1476,TripleIncreaseAngularVelo,extended
13.098,207,0.0051772,-1.56945,0.0,0.0,0.0,0.0,0.0,0.0,0.0,0.0,-6.85547,-28.07,0.0188,0.1476,TripleIncreaseAngularVelo,extended
13.1581,208,0.0109298,-1.63714,0.0,0.0,0.0,0.0,0.0,0.0,0.0,0.0,-8.78906,-27.6972,0.0188,0.1476,TripleIncreaseAngularVelo,extended
13.2182,209,0.021476,-1.58767,0.0,0.0,0.0,0.0,0.0,0.0,0.0,0.0,-11.0742,-30.2025,0.0188,0.1476,TripleIncreaseAngularVelo,extended
13.2783,210,0.0272285,-1.4709,0.0,0.0,0.0,0.0,0.0,0.0,0.0,0.0,-13.3594,-35.1092,0.0188,0.1476,TripleIncreaseAngularVelo,extended
13.3383,211,0.0341312,-1.30024,0.0,0.0,0.0,0.0,0.0,0.0,0.0,0.0,-15.293,-35.1092,0.0188,0.1476,TripleIncreaseAngularVelo,extended
13.3984,212,0.0379664,-1.02374,0.0,0.0,0.0,0.0,0.0,0.0,0.0,0.0,-16.5234,-32.1835,0.0188,0.1476,TripleIncreaseAngularVelo,extended
13.4585,213,0.0358569,-0.826432,0.0,0.0,0.0,0.0,0.0,0.0,0.0,0.0,-17.4023,-28.6721,0.0188,0.1476,TripleIncreaseAngularVelo,extended
13.5186,214,0.0322139,-0.636985,0.0,0.0,0.0,0.0,0.0,0.0,0.0,0.0,-17.9297,-22.8205,0.0188,0.1476,TripleIncreaseAngularVelo,extended
13.5787,215,0.025119,-0.528456,0.0,0.0,0.0,0.0,0.0,0.0,0.0,0.0,-17.5781,-14.0436,0.0188,0.1476,TripleIncreaseAngularVelo,extended
13.6741,216,0.0170657,-0.509474,0.0,0.0,0.0,0.0,0.0,0.0,0.0,0.0,-15.4688,-0.523525,0.00674,0.13537,TripleIncreaseAngularVelo,seated
13.7699,217,0.00882071,-0.68358,0.0,0.0,0.0,0.0,0.0,0.0,0.0,0.0,-12.3047,11.358,0.00674,0.13537,TripleIncreaseAngularVelo,seated
13.8632,218,0.00977915,-0.980406,0.0,0.0,0.0,0.0,0.0,0.0,0.0,0.0,-8.78906,21.285,0.00674,0.13537,TripleIncreaseAngularVelo,seated
13.9543,219,0.0201337,-1.05825,0.0,0.0,0.0,0.0,0.0,0.0,0.0,0.0,-5.27344,29.0469,0.00674,0.13537,TripleIncreaseAngularVelo,seated
14.0565,220,0.0327889,-0.929209,0.0,0.0,0.0,0.0,0.0,0.0,0.0,0.0,-0.878906,34.9478,0.00674,0.13537,TripleIncreaseAngularVelo,seated
14.1603,221,0.0444857,-0.548015,0.0,0.0,0.0,0.0,0.0,0.0,0.0,0.0,1.23047,34.3466,0.00674,0.13537,TripleIncreaseAngularVelo,seated
14.2721,222,0.0289542,0.0883954,0.0,0.0,0.0,0.0,0.0,0.0,0.0,0.0,3.33984,31.152,0.00674,0.13537,TripleIncreaseAngularVelo,seated
14.3321,223,0.0366241,0.517719,0.0,0.0,0.0,0.0,0.0,0.0,0.0,0.0,4.21875,27.7368,0.00674,0.13537,TripleIncreaseAngularVelo,seated
14.3922,224,0.0314466,0.717711,0.0,0.0,0.0,0.0,0.0,0.0,0.0,0.0,5.97656,25.6895,0.00674,0.13537,TripleIncreaseAngularVelo,seated
14.4523,225,0.0329806,0.778687,0.0,0.0,0.0,0.0,0.0,0.0,0.0,0.0,8.26172,23.0936,0.00674,0.13537,TripleIncreaseAngularVelo,seated
14.5124,226,0.0264613,0.65942,0.0,0.0,0.0,0.0,0.0,0.0,0.0,0.0,10.7227,26.9605,0.00674,0.13537,TripleIncreaseAngularVelo,seated
14.5725,227,0.0232016,0.518485,0.0,0.0,0.0,0.0,0.0,0.0,0.0,0.0,13.7109,34.5217,0.00674,0.13537,TripleIncreaseAngularVelo,seated
14.6326,228,0.0063278,0.21725,0.0,0.0,0.0,0.0,0.0,0.0,0.0,0.0,15.9961,39.204,0.00674,0.13537,TripleIncreaseAngularVelo,seated
14.6926,229,0.0126554,-0.146496,0.0,0.0,0.0,0.0,0.0,0.0,0.0,0.0,17.4023,38.0335,0.00674,0.13537,TripleIncreaseAngularVelo,seated
14.7527,230,0.0185997,-0.435651,0.0,0.0,0.0,0.0,0.0,0.0,0.0,0.0,18.2812,33.3519,0.00674,0.13537,TripleIncreaseAngularVelo,seated
14.8128,231,0.0272285,-0.658461,0.0,0.0,0.0,0.0,0.0,0.0,0.0,0.0,18.457,25.7452,0.00674,0.13537,TripleIncreaseAngularVelo,seated
14.8729,232,0.028187,-0.732284,0.0,0.0,0.0,0.0,0.0,0.0,0.0,0.0,17.9297,14.0436,0.00674,0.13537,TripleIncreaseAngularVelo,seated
15.0301,233,0.0209009,-0.33134,0.0,0.0,0.0,0.0,0.0,0.0,0.0,0.0,13.1836,-7.07542,0.0188,0.1476,TripleIncreaseAngularVelo,extended
15.1471,234,0.00498551,0.176408,0.0,0.0,0.0,0.0,0.0,0.0,0.0,0.0,8.26172,-20.1152,0.0188,0.1476,TripleIncreaseAngularVelo,extended
15.2519,235,-0.0185993,0.298168,0.0,0.0,0.0,0.0,0.0,0.0,0.0,0.0,3.69141,-29.226,0.0188,0.1476,TripleIncreaseAngularVelo,extended
15.4012,236,-0.0180243,-0.204403,0.0,0.0,0.0,0.0,0.0,0.0,0.0,0.0,0.351562,-30.7722,0.0188,0.1476,TripleIncreaseAngularVelo,extended
15.5182,237,-0.00997049,-1.10236,0.0,0.0,0.0,0.0,0.0,0.0,0.0,0.0,-1.40625,-29.9645,0.0188,0.1476,TripleIncreaseAngularVelo,extended
15.6293,238,0.00268477,-1.67837,0.0,0.0,0.0,0.0,0.0,0.0,0.0,0.0,-4.21875,-29.0405,0.0188,0.1476,TripleIncreaseAngularVelo,extended
15.6894,239,0.00594443,-1.81202,0.0,0.0,0.0,0.0,0.0,0.0,0.0,0.0,-6.15234,-26.5781,0.0188,0.1476,TripleIncreaseAngularVelo,extended
15.7495,240,0.00920409,-1.84634,0.0,0.0,0.0,0.0,0.0,0.0,0.0,0.0,-8.4375,-24.3778,0.0188,0.1476,TripleIncreaseAngularVelo,extended
15.8096,241,0.0170657,-1.81355,0.0,0.0,0.0,0.0,0.0,0.0,0.0,0.0,-10.7227,-27.1177,0.0188,0.1476,TripleIncreaseAngularVelo,extended
15.8696,242,0.0224349,-1.67185,0.0,0.0,0.0,0.0,0.0,0.0,0.0,0.0,-13.1836,-33.5107,0.0188,0.1476,TripleIncreaseAngularVelo,extended
15.9297,243,0.0249273,-1.44348,0.0,0.0,0.0,0.0,0.0,0.0,0.0,0.0,-15.1172,-36.2797,0.0188,0.1476,TripleIncreaseAngularVelo,extended
15.9898,244,0.0264613,-1.15662,0.0,0.0,0.0,0.0,0.0,0.0,0.0,0.0,-16.1719,-33.3536,0.0188,0.1476,TripleIncreaseAngularVelo,extended
16.0499,245,0.0262696,-0.826624,0.0,0.0,0.0,0.0,0.0,0.0,0.0,0.0,-17.0508,-28.673,0.0188,0.1476,TripleIncreaseAngularVelo,extended
16.1099,246,0.0226266,-0.553959,0.0,0.0,0.0,0.0,0.0,0.0,0.0,0.0,-18.1055,-24.5771,0.0188,0.1476,TripleIncreaseAngularVelo,extended
16.17,247,0.0113131,-0.393658,0.0,0.0,0.0,0.0,0.0,0.0,0.0,0.0,-18.1055,-16.3847,0.0188,0.1476,TripleIncreaseAngularVelo,extended
16.2301,248,0.00862902,-0.320219,0.0,0.0,0.0,0.0,0.0,0.0,0.0,0.0,-16.875,-5.8516,0.0188,0.1476,TripleIncreaseAngularVelo,extended
16.3293,249,0.00210923,-0.408614,0.0,0.0,0.0,0.0,0.0,0.0,0.0,0.0,-13.7109,7.24831,0.00674,0.13537,TripleIncreaseAngularVelo,seated
16.4262,250,-0.00230056,-0.734969,0.0,0.0,0.0,0.0,0.0,0.0,0.0,0.0,-9.49219,20.0865,0.00674,0.13537,TripleIncreaseAngularVelo,seated
16.5196,251,0.011697,-1.13687,0.0,0.0,0.0,0.0,0.0,0.0,0.0,0.0,-5.80078,30.0393,0.00674,0.13537,TripleIncreaseAngularVelo,seated
16.6144,252,0.0276119,-1.36582,0.0,0.0,0.0,0.0,0.0,0.0,0.0,0.0,-1.93359,36.3903,0.00674,0.13537,TripleIncreaseAngularVelo,seated
16.7328,253,0.0515801,-1.10082,0.0,0.0,0.0,0.0,0.0,0.0,0.0,0.0,2.98828,39.5109,0.00674,0.13537,TripleIncreaseAngularVelo,seated
16.8311,254,0.0536897,-0.68799,0.0,0.0,0.0,0.0,0.0,0.0,0.0,0.0,4.74609,36.7807,0.00674,0.13537,TripleIncreaseAngularVelo,seated
16.8912,255,0.0433351,-0.330381,0.0,0.0,0.0,0.0,0.0,0.0,0.0,0.0,5.09766,31.3741,0.00674,0.13537,TripleIncreaseAngularVelo,seated
16.9513,256,0.0324056,0.286279,0.0,0.0,0.0,0.0,0.0,0.0,0.0,0.0,6.32812,28.0948,0.00674,0.13537,TripleIncreaseAngularVelo,seated
17.0114,257,0.0383498,0.646189,0.0,0.0,0.0,0.0,0.0,0.0,0.0,0.0,6.85547,22.1422,0.00674,0.13537,TripleIncreaseAngularVelo,seated
17.0714,258,0.0345146,0.813585,0.0,0.0,0.0,0.0,0.0,0.0,0.0,0.0,8.26172,15.5739,0.00674,0.13537,TripleIncreaseAngularVelo,seated
17.1315,259,0.0373909,0.848291,0.0,0.0,0.0,0.0,0.0,0.0,0.0,0.0,10.1953,18.1398,0.00674,0.13537,TripleIncreaseAngularVelo,seated
17.1916,260,0.0314466,0.762005,0.0,0.0,0.0,0.0,0.0,0.0,0.0,0.0,12.1289,23.4065,0.00674,0.13537,TripleIncreaseAngularVelo,seated
17.2517,261,0.0180246,0.547631,0.0,0.0,0.0,0.0,0.0,0.0,0.0,0.0,14.7656,28.0877,0.00674,0.13537,TripleIncreaseAngularVelo,seated
17.3118,262,0.0051772,0.261927,0.0,0.0,0.0,0.0,0.0,0.0,0.0,0.0,16.875,33.3544,0.00674,0.13537,TripleIncreaseAngularVelo,seated
17.3718,263,0.00920409,-0.233165,0.0,0.0,0.0,0.0,0.0,0.0,0.0,0.0,17.9297,32.1841,0.00674,0.13537,TripleIncreaseAngularVelo,seated
17.4319,264,0.0170657,-0.578695,0.0,0.0,0.0,0.0,0.0,0.0,0.0,0.0,18.457,27.5027,0.00674,0.13537,TripleIncreaseAngularVelo,seated
17.492,265,0.0224349,-0.866316,0.0,0.0,0.0,0.0,0.0,0.0,0.0,0.0,18.1055,19.8953,0.00674,0.13537,TripleIncreaseAngularVelo,seated
17.5932,266,0.0216677,-0.931318,0.0,0.0,0.0,0.0,0.0,0.0,0.0,0.0,15.8203,3.08784,0.0188,0.1476,TripleIncreaseAngularVelo,extended
17.7148,267,0.00536936,-0.485121,0.0,0.0,0.0,0.0,0.0,0.0,0.0,0.0,10.5469,-15.701,0.0188,0.1476,TripleIncreaseAngularVelo,extended
