0.000270844,0,-0.00191719,-0.122143,0.0,0.0,0.0,0.0,0.0,0.0,0.0,0.0,0.0,0.0,0.00674,0.13537,None,seated
0.060353,1,-0.00479347,-0.123102,0.0,0.0,0.0,0.0,0.0,0.0,0.0,0.0,0.0,0.0,0.00674,0.13537,Nothing,seated
0.120433,2,-0.00287611,-0.119267,0.0,0.0,0.0,0.0,0.0,0.0,0.0,0.0,0.0,0.0,0.00674,0.13537,Nothing,seated
0.180515,3,-0.00383455,-0.123102,0.0,0.0,0.0,0.0,0.0,0.0,0.0,0.0,0.0,0.0,0.00674,0.13537,Nothing,seated
0.240602,4,-0.00479347,-0.121185,0.0,0.0,0.0,0.0,0.0,0.0,0.0,0.0,0.0,0.0,0.00674,0.13537,Nothing,seated
0.300655,5,-0.00479347,-0.123102,0.0,0.0,0.0,0.0,0.0,0.0,0.0,0.0,0.0,0.0,0.00674,0.13537,Nothing,seated
0.360733,6,-0.00191719,-0.119267,0.0,0.0,0.0,0.0,0.0,0.0,0.0,0.0,0.0,0.0,0.00674,0.13537,Nothing,seated
0.420813,7,-0.00287611,-0.122143,0.0,0.0,0.0,0.0,0.0,0.0,0.0,0.0,0.0,0.0,0.00674,0.13537,Nothing,seated
0.480893,8,-0.00191719,-0.123102,0.0,0.0,0.0,0.0,0.0,0.0,0.0,0.0,0.0,0.0,0.00674,0.13537,Nothing,seated
0.540974,9,0.0166823,-0.146687,0.0,0.0,0.0,0.0,0.0,0.0,0.0,0.0,0.0,0.0,0.00674,0.13537,Nothing,seated
0.601053,10,0.0149566,-0.146112,0.0,0.0,0.0,0.0,0.0,0.0,0.0,0.0,0.0,0.0,0.00674,0.13537,Nothing,seated
0.661133,11,0.010163,-0.143044,0.0,0.0,0.0,0.0,0.0,0.0,0.0,0.0,-0.175781,-0.585158,0.00674,0.13537,Nothing,seated
0.721211,12,0.00843733,-0.131731,0.0,0.0,0.0,0.0,0.0,0.0,0.0,0.0,-0.527344,-1.75548,0.00674,0.13537,Nothing,seated
0.781287,13,0.00690335,-0.117925,0.0,0.0,0.0,0.0,0.0,0.0,0.0,0.0,-1.05469,-3.51101,0.00674,0.13537,Nothing,seated
0.841366,14,0.00306815,-0.187338,0.0,0.0,0.0,0.0,0.0,0.0,0.0,0.0,-1.75781,-5.85173,0.00674,0.13537,Nothing,seated
0.901441,15,-0.0157231,-0.158192,0.0,0.0,0.0,0.0,0.0,0.0,0.0,0.0,-2.63672,-8.77771,0.00674,0.13537,Nothing,seated
0.96152,16,-0.015148,-0.139976,0.0,0.0,0.0,0.0,0.0,0.0,0.0,0.0,-3.51562,-11.1185,0.00674,0.13537,Nothing,seated
1.0216,17,-0.013614,-0.133456,0.0,0.0,0.0,0.0,0.0,0.0,0.0,0.0,-4.57031,-13.4592,0.00674,0.13537,Nothing,seated
1.08168,18,-0.01208,-0.14266,0.0,0.0,0.0,0.0,0.0,0.0,0.0,0.0,-5.625,-15.2145,0.00674,0.13537,Nothing,seated
1.14176,19,-0.0111211,-0.170655,0.0,0.0,0.0,0.0,0.0,0.0,0.0,0.0,-6.85547,-16.97,0.00674,0.13537,Nothing,seated
1.20184,20,-0.010546,-0.209388,0.0,0.0,0.0,0.0,0.0,0.0,0.0,0.0,-8.26172,-18.7253,0.00674,0.13537,Nothing,seated
1.26191,21,-0.0124634,-0.265954,0.0,0.0,0.0,0.0,0.0,0.0,0.0,0.0,-10.0195,-21.6512,0.00674,0.13537,Nothing,seated
1.322,22,-0.0118883,-0.289731,0.0,0.0,0.0,0.0,0.0,0.0,0.0,0.0,-11.7773,-23.9918,0.00674,0.13537,Nothing,seated
1.38207,23,-0.0084365,-0.305262,0.0,0.0,0.0,0.0,0.0,0.0,0.0,0.0,-13.7109,-26.9175,0.00674,0.13537,Nothing,seated
1.44215,24,0.00786179,-0.211114,0.0,0.0,0.0,0.0,0.0,0.0,0.0,0.0,-15.6445,-29.2582,0.00674,0.13537,Nothing,seated
1.50223,25,0.0157234,-0.235083,0.0,0.0,0.0,0.0,0.0,0.0,0.0,0.0,-17.4023,-30.4283,0.00674,0.13537,Nothing,seated
1.56231,26,0.0276119,-0.240068,0.0,0.0,0.0,0.0,0.0,0.0,0.0,0.0,-19.3359,-31.0138,0.00674,0.13537,Nothing,seated
1.62239,27,0.0301048,-0.224153,0.0,0.0,0.0,0.0,0.0,0.0,0.0,0.0,-21.0938,-31.014,0.00674,0.13537,Nothing,seated
1.68247,28,0.0333645,-0.249272,0.0,0.0,0.0,0.0,0.0,0.0,0.0,0.0,-22.8516,-30.429,0.00674,0.13537,Nothing,seated
1.74255,29,0.0348985,-0.264612,0.0,0.0,0.0,0.0,0.0,0.0,0.0,0.0,-24.6094,-29.8434,0.00674,0.13537,Nothing,seated
1.80264,30,0.0354735,-0.275733,0.0,0.0,0.0,0.0,0.0,0.0,0.0,0.0,-26.1914,-29.2578,0.00674,0.13537,Nothing,seated
1.86271,31,0.0243522,-0.222235,0.0,0.0,0.0,0.0,0.0,0.0,0.0,0.0,-27.5977,-27.5023,0.00674,0.13537,Nothing,seated
1.92279,32,0.025119,-0.237384,0.0,0.0,0.0,0.0,0.0,0.0,0.0,0.0,-28.8281,-25.7469,0.00674,0.13537,Nothing,seated
1.98287,33,0.0268447,-0.282252,0.0,0.0,0.0,0.0,0.0,0.0,0.0,0.0,-30.0586,-23.9912,0.00674,0.13537,Nothing,seated
2.04295,34,0.013806,-0.300085,0.0,0.0,0.0,0.0,0.0,0.0,0.0,0.0,-31.2891,-22.2361,0.00674,0.13537,Nothing,seated
2.10302,35,0.00287646,-0.31159,0.0,0.0,0.0,0.0,0.0,0.0,0.0,0.0,-32.3438,-20.4813,0.00674,0.13537,Nothing,seated
2.1631,36,0.0051772,-0.305454,0.0,0.0,0.0,0.0,0.0,0.0,0.0,0.0,-33.3984,-19.3108,0.00674,0.13537,Nothing,seated
2.22318,37,0.00651949,-0.291073,0.0,0.0,0.0,0.0,0.0,0.0,0.0,0.0,-34.2773,-18.1407,0.00674,0.13537,Nothing,seated
2.28326,38,0.0076701,-0.286471,0.0,0.0,0.0,0.0,0.0,0.0,0.0,0.0,-34.9805,-16.3851,0.00674,0.13537,Nothing,seated
2.34334,39,0.00882071,-0.28532,0.0,0.0,0.0,0.0,0.0,0.0,0.0,0.0,-35.6836,-14.6295,0.00674,0.13537,Nothing,seated
2.40343,40,0.00824517,-0.286854,0.0,0.0,0.0,0.0,0.0,0.0,0.0,0.0,-36.0352,-12.2883,0.00674,0.13537,Nothing,seated
2.46351,41,0.00920409,-0.292032,0.0,0.0,0.0,0.0,0.0,0.0,0.0,0.0,-36.3867,-9.94751,0.00674,0.13537,Nothing,seated
2.52359,42,0.0111214,-0.301236,0.0,0.0,0.0,0.0,0.0,0.0,0.0,0.0,-36.3867,-7.02159,0.00674,0.13537,Nothing,seated
2.58367,43,0.0262696,-0.233165,0.0,0.0,0.0,0.0,0.0,0.0,0.0,0.0,-36.0352,-3.51084,0.00674,0.13537,Nothing,seated
2.64375,44,0.0272285,-0.24793,0.0,0.0,0.0,0.0,0.0,0.0,0.0,0.0,-35.5078,0.585135,0.00674,0.13537,Nothing,seated
2.70383,45,0.013806,-0.0304882,0.0,0.0,0.0,0.0,0.0,0.0,0.0,0.0,-34.6289,4.68123,0.00674,0.13537,Nothing,seated
2.76391,46,0.0113131,-0.0487038,0.0,0.0,0.0,0.0,0.0,0.0,0.0,0.0,-32.6953,12.2882,0.00674,0.13537,Nothing,seated
2.82398,47,0.00997132,-0.0914637,0.0,0.0,0.0,0.0,0.0,0.0,0.0,0.0,-30.4102,19.8957,0.00674,0.13537,Nothing,seated
2.88406,48,0.0076701,-0.187721,0.0,0.0,0.0,0.0,0.0,0.0,0.0,0.0,-27.2461,29.2583,0.00674,0.13537,Nothing,seated
2.94414,49,0.0170657,-0.294524,0.0,0.0,0.0,0.0,0.0,0.0,0.0,0.0,-23.7305,39.2067,0.00674,0.13537,Nothing,seated
3.00422,50,0.0174491,-0.365088,0.0,0.0,0.0,0.0,0.0,0.0,0.0,0.0,-19.8633,49.1543,0.00674,0.13537,Nothing,seated
3.0643,51,0.023585,-0.388481,0.0,0.0,0.0,0.0,0.0,0.0,0.0,0.0,-15.9961,55.5912,0.00674,0.13537,Nothing,seated
3.12438,52,0.020517,-0.35991,0.0,0.0,0.0,0.0,0.0,0.0,0.0,0.0,-11.6016,62.612,0.00674,0.13537,Nothing,seated
3.18446,53,0.016874,-0.250998,0.0,0.0,0.0,0.0,0.0,0.0,0.0,0.0,-7.03125,67.2938,0.00674,0.13537,Nothing,seated
3.24454,54,0.00805348,-0.0952985,0.0,0.0,0.0,0.0,0.0,0.0,0.0,0.0,-2.46094,70.8031,0.00674,0.13537,Nothing,seated
3.30463,55,-0.000958268,0.0743979,0.0,0.0,0.0,0.0,0.0,0.0,0.0,0.0,2.63672,74.8972,0.00674,0.13537,Nothing,seated
3.36471,56,-0.00383455,0.261927,0.0,0.0,0.0,0.0,0.0,0.0,0.0,0.0,7.20703,77.2379,0.00674,0.13537,Nothing,seated
3.42479,57,-0.0103543,0.36873,0.0,0.0,0.0,0.0,0.0,0.0,0.0,0.0,11.4258,76.6526,0.00674,0.13537,Nothing,seated
3.48487,58,-0.0143808,0.419927,0.0,0.0,0.0,0.0,0.0,0.0,0.0,0.0,15.9961,76.653,0.00674,0.13537,Nothing,seated
3.54496,59,-0.0143808,0.419544,0.0,0.0,0.0,0.0,0.0,0.0,0.0,0.0,20.2148,75.4822,0.00674,0.13537,Nothing,seated
3.60504,60,-0.0147641,0.36106,0.0,0.0,0.0,0.0,0.0,0.0,0.0,0.0,24.082,71.388,0.00674,0.13537,Nothing,seated
3.66512,61,-0.00997049,0.27324,0.0,0.0,0.0,0.0,0.0,0.0,0.0,0.0,27.4219,67.2922,0.00674,0.13537,Nothing,seated
3.7252,62,-0.00575239,0.188488,0.0,0.0,0.0,0.0,0.0,0.0,0.0,0.0,30.0586,62.0252,0.00674,0.13537,Nothing,seated
3.78528,63,-0.00517685,0.12617,0.0,0.0,0.0,0.0,0.0,0.0,0.0,0.0,32.168,53.8325,0.00674,0.13537,Nothing,seated
3.84536,64,-0.0042184,0.0989416,0.0,0.0,0.0,0.0,0.0,0.0,0.0,0.0,33.2227,43.3011,0.00674,0.13537,Nothing,seated
3.90544,65,-0.00479347,0.099325,0.0,0.0,0.0,0.0,0.0,0.0,0.0,0.0,33.5742,31.5986,0.00674,0.13537,Nothing,seated
3.96552,66,-0.00632745,0.118116,0.0,0.0,0.0,0.0,0.0,0.0,0.0,0.0,33.2227,19.3103,0.00674,0.13537,Nothing,seated
4.0256,67,-0.00690252,0.146495,0.0,0.0,0.0,0.0,0.0,0.0,0.0,0.0,32.168,7.022,0.00674,0.13537,Nothing,seated
4.08566,68,-0.00651914,0.171614,0.0,0.0,0.0,0.0,0.0,0.0,0.0,0.0,30.4102,-5.85202,0.00674,0.13537,Nothing,seated
4.14574,69,-0.00651914,0.180435,0.0,0.0,0.0,0.0,0.0,0.0,0.0,0.0,28.125,-16.9709,0.00674,0.13537,Nothing,seated
4.20582,70,-0.00402624,0.15359,0.0,0.0,0.0,0.0,0.0,0.0,0.0,0.0,25.3125,-27.5043,0.00674,0.13537,Nothing,seated
4.2659,71,-0.00268442,0.0899294,0.0,0.0,0.0,0.0,0.0,0.0,0.0,0.0,22.1484,-36.8674,0.00674,0.13537,Nothing,seated
4.32597,72,-0.00364286,-0.00958746,0.0,0.0,0.0,0.0,0.0,0.0,0.0,0.0,18.8086,-44.4753,0.00674,0.13537,Nothing,seated
4.38606,73,-0.00498516,-0.136333,0.0,0.0,0.0,0.0,0.0,0.0,0.0,0.0,14.9414,-51.494,0.00674,0.13537,Nothing,seated
4.44614,74,-0.00594408,-0.284554,0.0,0.0,0.0,0.0,0.0,0.0,0.0,0.0,10.5469,-58.5157,0.00674,0.13537,Nothing,seated
4.50622,75,-0.00690252,-0.411491,0.0,0.0,0.0,0.0,0.0,0.0,0.0,0.0,6.15234,-63.7822,0.00674,0.13537,Nothing,seated
4.56629,76,-0.0109294,-0.542262,0.0,0.0,0.0,0.0,0.0,0.0,0.0,0.0,1.58203,-68.4641,0.00674,0.13537,Nothing,seated
4.62638,77,-0.01208,-0.613976,0.0,0.0,0.0,0.0,0.0,0.0,0.0,0.0,-3.33984,-73.7293,0.00674,0.13537,Nothing,seated
4.68645,78,-0.0118883,-0.638712,0.0,0.0,0.0,0.0,0.0,0.0,0.0,0.0,-8.26172,-77.2423,0.00674,0.13537,Nothing,seated
4.74653,79,-0.01208,-0.63085,0.0,0.0,0.0,0.0,0.0,0.0,0.0,0.0,-13.0078,-78.4116,0.00674,0.13537,Nothing,seated
4.80661,80,-0.0115045,-0.605156,0.0,0.0,0.0,0.0,0.0,0.0,0.0,0.0,-17.4023,-78.4119,0.00674,0.13537,Nothing,seated
4.86669,81,-0.0103543,-0.580995,0.0,0.0,0.0,0.0,0.0,0.0,0.0,0.0,-21.4453,-76.6558,0.00674,0.13537,Nothing,seated
4.92677,82,-0.00901205,-0.564889,0.0,0.0,0.0,0.0,0.0,0.0,0.0,0.0,-24.7852,-71.3909,0.00674,0.13537,Nothing,seated
4.98685,83,-0.00805313,-0.568148,0.0,0.0,0.0,0.0,0.0,0.0,0.0,0.0,-27.5977,-64.3678,0.00674,0.13537,Nothing,seated
5.04692,84,-0.00709421,-0.586748,0.0,0.0,0.0,0.0,0.0,0.0,0.0,0.0,-29.707,-55.5916,0.00674,0.13537,Nothing,seated
5.107,85,-0.00613577,-0.607073,0.0,0.0,0.0,0.0,0.0,0.0,0.0,0.0,-31.2891,-46.2288,0.00674,0.13537,Nothing,seated
5.16708,86,-0.00441009,-0.625673,0.0,0.0,0.0,0.0,0.0,0.0,0.0,0.0,-32.168,-35.6959,0.00674,0.13537,Nothing,seated
5.22716,87,-0.00364286,-0.623372,0.0,0.0,0.0,0.0,0.0,0.0,0.0,0.0,-32.3438,-25.1626,0.00674,0.13537,Nothing,seated
5.28724,88,-0.00287611,-0.595185,0.0,0.0,0.0,0.0,0.0,0.0,0.0,0.0,-31.9922,-14.6295,0.00674,0.13537,Nothing,seated
5.34732,89,-0.00191719,-0.554534,0.0,0.0,0.0,0.0,0.0,0.0,0.0,0.0,-31.1133,-4.6813,0.00674,0.13537,Nothing,seated
5.4074,90,-0.00153381,-0.47074,0.0,0.0,0.0,0.0,0.0,0.0,0.0,0.0,-29.707,5.26642,0.00674,0.13537,Nothing,seated
5.46748,91,-0.00134212,-0.384071,0.0,0.0,0.0,0.0,0.0,0.0,0.0,0.0,-27.7734,14.6288,0.00674,0.13537,Nothing,seated
5.52757,92,-0.00115043,-0.282444,0.0,0.0,0.0,0.0,0.0,0.0,0.0,0.0,-25.1367,23.991,0.00674,0.13537,Nothing,seated
5.58765,93,-0.000766579,-0.182161,0.0,0.0,0.0,0.0,0.0,0.0,0.0,0.0,-21.9727,33.3525,0.00674,0.13537,Nothing,seated
5.64773,94,-0.000958268,-0.106804,0.0,0.0,0.0,0.0,0.0,0.0,0.0,0.0,-18.2812,42.7148,0.00674,0.13537,Nothing,seated
5.70781,95,-0.0017255,-0.0337478,0.0,0.0,0.0,0.0,0.0,0.0,0.0,0.0,-14.0625,52.0774,0.00674,0.13537,Nothing,seated
5.76789,96,-0.00230056,0.0111211,0.0,0.0,0.0,0.0,0.0,0.0,0.0,0.0,-9.49219,60.8543,0.00674,0.13537,Nothing,seated
5.82798,97,-0.00230056,0.0356649,0.0,0.0,0.0,0.0,0.0,0.0,0.0,0.0,-4.74609,67.8758,0.00674,0.13537,Nothing,seated
5.88806,98,-0.00325948,0.044102,0.0,0.0,0.0,0.0,0.0,0.0,0.0,0.0,0.175781,73.7284,0.00674,0.13537,Nothing,seated
5.94814,99,-0.00383455,0.0483201,0.0,0.0,0.0,0.0,0.0,0.0,0.0,0.0,5.09766,77.8251,0.00674,0.13537,Nothing,seated
6.00822,100,-0.00325948,0.0671113,0.0,0.0,0.0,0.0,0.0,0.0,0.0,0.0,9.66797,78.995,0.00674,0.13537,Nothing,seated
6.0683,101,-0.0030678,0.0912717,0.0,0.0,0.0,0.0,0.0,0.0,0.0,0.0,13.8867,77.8246,0.00674,0.13537,Nothing,seated
6.12838,102,-0.00230056,0.135374,0.0,0.0,0.0,0.0,0.0,0.0,0.0,0.0,17.7539,74.8999,0.00674,0.13537,Nothing,seated
6.18846,103,-0.00115043,0.193665,0.0,0.0,0.0,0.0,0.0,0.0,0.0,0.0,21.2695,70.2176,0.00674,0.13537,Nothing,seated
6.24854,104,-0.000574891,0.233357,0.0,0.0,0.0,0.0,0.0,0.0,0.0,0.0,24.4336,64.3661,0.00674,0.13537,Nothing,seated
6.30863,105,0.000383552,0.266146,0.0,0.0,0.0,0.0,0.0,0.0,0.0,0.0,27.0703,57.9279,0.00674,0.13537,Nothing,seated
6.36871,106,1.74846e-07,0.284553,0.0,0.0,0.0,0.0,0.0,0.0,0.0,0.0,29.1797,50.9068,0.00674,0.13537,Nothing,seated
6.42879,107,-0.000383202,0.284362,0.0,0.0,0.0,0.0,0.0,0.0,0.0,0.0,30.7617,43.2996,0.00674,0.13537,Nothing,seated
6.48887,108,-0.00115043,0.266529,0.0,0.0,0.0,0.0,0.0,0.0,0.0,0.0,31.4648,33.9382,0.00674,0.13537,Nothing,seated
6.54895,109,-0.00115043,0.230097,0.0,0.0,0.0,0.0,0.0,0.0,0.0,0.0,31.8164,24.5764,0.00674,0.13537,Nothing,seated
6.60903,110,-0.00134212,0.182735,0.0,0.0,0.0,0.0,0.0,0.0,0.0,0.0,31.4648,14.6292,0.00674,0.13537,Nothing,seated
6.66911,111,-0.0017255,0.119267,0.0,0.0,0.0,0.0,0.0,0.0,0.0,0.0,30.4102,4.09605,0.00674,0.13537,Nothing,seated
6.72919,112,-0.0017255,0.0584829,0.0,0.0,0.0,0.0,0.0,0.0,0.0,0.0,28.6523,-7.02184,0.00674,0.13537,Nothing,seated
6.78928,113,-0.00230056,-0.00402706,0.0,0.0,0.0,0.0,0.0,0.0,0.0,0.0,26.3672,-16.9693,0.00674,0.13537,Nothing,seated
6.84936,114,-0.00325948,-0.0690295,0.0,0.0,0.0,0.0,0.0,0.0,0.0,0.0,23.5547,-27.5014,0.00674,0.13537,Nothing,seated
6.90943,115,-0.00402624,-0.120418,0.0,0.0,0.0,0.0,0.0,0.0,0.0,0.0,20.2148,-37.4492,0.00674,0.13537,Nothing,seated
6.96951,116,-0.00536853,-0.184078,0.0,0.0,0.0,0.0,0.0,0.0,0.0,0.0,16.3477,-46.8131,0.00674,0.13537,Nothing,seated
7.02959,117,-0.00651914,-0.255791,0.0,0.0,0.0,0.0,0.0,0.0,0.0,0.0,12.3047,-54.4192,0.00674,0.13537,Nothing,seated
7.08965,118,-0.00786144,-0.317151,0.0,0.0,0.0,0.0,0.0,0.0,0.0,0.0,7.91016,-61.4467,0.00674,0.13537,Nothing,seated
7.14973,119,-0.00862819,-0.378894,0.0,0.0,0.0,0.0,0.0,0.0,0.0,0.0,3.33984,-67.2995,0.00674,0.13537,Nothing,seated
7.20981,120,-0.00920374,-0.439486,0.0,0.0,0.0,0.0,0.0,0.0,0.0,0.0,-1.40625,-71.981,0.00674,0.13537,Nothing,seated
7.26988,121,-0.00671083,-0.239685,0.0,0.0,0.0,0.0,0.0,0.0,0.0,0.0,-5.97656,-74.3219,0.00674,0.13537,Nothing,seated
7.32996,122,-0.00383455,-0.25234,0.0,0.0,0.0,0.0,0.0,0.0,0.0,0.0,-10.3711,-75.4936,0.00674,0.13537,Nothing,seated
7.39004,123,-0.00325948,-0.338435,0.0,0.0,0.0,0.0,0.0,0.0,0.0,0.0,-14.5898,-74.9027,0.00674,0.13537,Nothing,seated
7.45012,124,-0.00287611,-0.410532,0.0,0.0,0.0,0.0,0.0,0.0,0.0,0.0,-18.457,-72.5614,0.00674,0.13537,Nothing,seated
7.5102,125,-0.0017255,-0.44543,0.0,0.0,0.0,0.0,0.0,0.0,0.0,0.0,-21.9727,-68.4652,0.00674,0.13537,Nothing,seated
7.57028,126,-0.000766579,-0.470932,0.0,0.0,0.0,0.0,0.0,0.0,0.0,0.0,-25.1367,-63.7828,0.00674,0.13537,Nothing,seated
7.63036,127,0.000767406,-0.482629,0.0,0.0,0.0,0.0,0.0,0.0,0.0,0.0,-27.5977,-57.3461,0.00674,0.13537,Nothing,seated
7.69044,128,0.00210923,-0.482245,0.0,0.0,0.0,0.0,0.0,0.0,0.0,0.0,-29.707,-50.3242,0.00674,0.13537,Nothing,seated
7.75051,129,0.00345152,-0.473041,0.0,0.0,0.0,0.0,0.0,0.0,0.0,0.0,-30.9375,-41.547,0.00674,0.13537,Nothing,seated
7.81059,130,0.00479382,-0.456935,0.0,0.0,0.0,0.0,0.0,0.0,0.0,0.0,-31.6406,-32.1841,0.00674,0.13537,Nothing,seated
7.87065,131,0.0063278,-0.431816,0.0,0.0,0.0,0.0,0.0,0.0,0.0,0.0,-31.6406,-21.6529,0.00674,0.13537,Nothing,seated
7.93073,132,0.00690335,-0.408614,0.0,0.0,0.0,0.0,0.0,0.0,0.0,0.0,-30.9375,-11.1191,0.00674,0.13537,Nothing,seated
7.99081,133,0.00690335,-0.373524,0.0,0.0,0.0,0.0,0.0,0.0,0.0,0.0,-29.707,0.0,0.00674,0.13537,Nothing,seated
8.05089,134,0.0063278,-0.331915,0.0,0.0,0.0,0.0,0.0,0.0,0.0,0.0,-27.7734,10.5338,0.00674,0.13537,Nothing,seated
8.11096,135,0.00556105,-0.28091,0.0,0.0,0.0,0.0,0.0,0.0,0.0,0.0,-25.3125,21.0678,0.00674,0.13537,Nothing,seated
8.17104,136,0.00364321,-0.224153,0.0,0.0,0.0,0.0,0.0,0.0,0.0,0.0,-22.5,30.4291,0.00674,0.13537,Nothing,seated
8.23112,137,0.00172585,-0.162219,0.0,0.0,0.0,0.0,0.0,0.0,0.0,0.0,-19.1602,39.2068,0.00674,0.13537,Nothing,seated
8.2912,138,-0.000574891,-0.0987503,0.0,0.0,0.0,0.0,0.0,0.0,0.0,0.0,-15.293,47.9841,0.00674,0.13537,Nothing,seated
8.35128,139,-0.00210888,-0.0379659,0.0,0.0,0.0,0.0,0.0,0.0,0.0,0.0,-11.0742,55.5909,0.00674,0.13537,Nothing,seated
8.41136,140,-0.020325,-0.18542,0.0,0.0,0.0,0.0,0.0,0.0,0.0,0.0,-6.85547,61.4419,0.00674,0.13537,Nothing,seated
8.47145,141,-0.0195583,-0.111597,0.0,0.0,0.0,0.0,0.0,0.0,0.0,0.0,-2.28516,67.2919,0.00674,0.13537,Nothing,seated
8.53153,142,-0.0189827,-0.0544564,0.0,0.0,0.0,0.0,0.0,0.0,0.0,0.0,2.28516,71.3871,0.00674,0.13537,Nothing,seated
8.59161,143,-0.00958711,-0.242369,0.0,0.0,0.0,0.0,0.0,0.0,0.0,0.0,6.85547,73.7278,0.00674,0.13537,Nothing,seated
8.65169,144,-0.00958711,-0.218976,0.0,0.0,0.0,0.0,0.0,0.0,0.0,0.0,11.25,74.3128,0.00674,0.13537,Nothing,seated
8.71177,145,-0.00383455,-0.220701,0.0,0.0,0.0,0.0,0.0,0.0,0.0,0.0,15.293,73.7266,0.00674,0.13537,Nothing,seated
8.77185,146,-0.00383455,-0.20191,0.0,0.0,0.0,0.0,0.0,0.0,0.0,0.0,18.9844,70.8028,0.00674,0.13537,Nothing,seated
8.83193,147,-0.00210888,-0.144578,0.0,0.0,0.0,0.0,0.0,0.0,0.0,0.0,22.1484,66.122,0.00674,0.13537,Nothing,seated
8.89201,148,-0.00115043,-0.0738231,0.0,0.0,0.0,0.0,0.0,0.0,0.0,0.0,24.9609,60.2704,0.00674,0.13537,Nothing,seated
8.95209,149,0.000767406,-0.00613612,0.0,0.0,0.0,0.0,0.0,0.0,0.0,0.0,27.2461,53.2487,0.00674,0.13537,Nothing,seated
9.01217,150,0.00134247,0.0293372,0.0,0.0,0.0,0.0,0.0,0.0,0.0,0.0,29.0039,45.6424,0.00674,0.13537,Nothing,seated
9.07225,151,0.00210923,0.057524,0.0,0.0,0.0,0.0,0.0,0.0,0.0,0.0,30.0586,36.865,0.00674,0.13537,Nothing,seated
9.13233,152,0.00249308,0.0707548,0.0,0.0,0.0,0.0,0.0,0.0,0.0,0.0,30.5859,28.0875,0.00674,0.13537,Nothing,seated
9.19242,153,0.00268477,0.0694125,0.0,0.0,0.0,0.0,0.0,0.0,0.0,0.0,30.5859,18.7247,0.00674,0.13537,Nothing,seated
9.2525,154,0.00287646,0.0534976,0.0,0.0,0.0,0.0,0.0,0.0,0.0,0.0,29.8828,8.77725,0.00674,0.13537,Nothing,seated
9.31258,155,0.00230139,0.0222424,0.0,0.0,0.0,0.0,0.0,0.0,0.0,0.0,28.4766,-1.75543,0.00674,0.13537,Nothing,seated
9.37266,156,0.00210923,-0.0270364,0.0,0.0,0.0,0.0,0.0,0.0,0.0,0.0,26.543,-11.7028,0.00674,0.13537,Nothing,seated
9.43274,157,0.00115078,-0.0722892,0.0,0.0,0.0,0.0,0.0,0.0,0.0,0.0,24.082,-21.6503,0.00674,0.13537,Nothing,seated
9.49282,158,0.000191863,-0.129622,0.0,0.0,0.0,0.0,0.0,0.0,0.0,0.0,21.2695,-31.0131,0.00674,0.13537,Nothing,seated
9.55291,159,-0.000383202,-0.195008,0.0,0.0,0.0,0.0,0.0,0.0,0.0,0.0,17.7539,-40.3746,0.00674,0.13537,Nothing,seated
9.61298,160,-0.0017255,-0.260202,0.0,0.0,0.0,0.0,0.0,0.0,0.0,0.0,13.8867,-48.5673,0.00674,0.13537,Nothing,seated
9.67307,161,-0.00325948,-0.206704,0.0,0.0,0.0,0.0,0.0,0.0,0.0,0.0,9.84375,-55.5891,0.00674,0.13537,Nothing,seated
9.73314,162,-0.013614,-0.209772,0.0,0.0,0.0,0.0,0.0,0.0,0.0,0.0,5.44922,-62.0259,0.00674,0.13537,Nothing,seated
9.79322,163,-0.0164903,-0.218592,0.0,0.0,0.0,0.0,0.0,0.0,0.0,0.0,1.05469,-67.2928,0.00674,0.13537,Nothing,seated
9.8533,164,-0.0193661,-0.219551,0.0,0.0,0.0,0.0,0.0,0.0,0.0,0.0,-3.51562,-70.8062,0.00674,0.13537,Nothing,seated
9.91338,165,-0.013614,-0.212648,0.0,0.0,0.0,0.0,0.0,0.0,0.0,0.0,-7.91016,-72.5609,0.00674,0.13537,Nothing,seated
9.97346,166,-0.013614,-0.214758,0.0,0.0,0.0,0.0,0.0,0.0,0.0,0.0,-12.1289,-73.1462,0.00674,0.13537,Nothing,seated
10.0335,167,-0.0107377,-0.210731,0.0,0.0,0.0,0.0,0.0,0.0,0.0,0.0,-15.9961,-71.3901,0.00674,0.13537,Nothing,seated
10.0936,168,-0.0118883,-0.266913,0.0,0.0,0.0,0.0,0.0,0.0,0.0,0.0,-19.6875,-69.0489,0.00674,0.13537,Nothing,seated
10.1537,169,-0.0103543,-0.325779,0.0,0.0,0.0,0.0,0.0,0.0,0.0,0.0,-22.8516,-64.3669,0.00674,0.13537,TripleIncreaseAngularVelo,seated
10.2138,170,-0.00824482,-0.369498,0.0,0.0,0.0,0.0,0.0,0.0,0.0,0.0,-25.4883,-58.5163,0.00674,0.13537,TripleIncreaseAngularVelo,seated
10.2739,171,-0.00575239,-0.398835,0.0,0.0,0.0,0.0,0.0,0.0,0.0,0.0,-27.7734,-52.0799,0.00674,0.13537,TripleIncreaseAngularVelo,seated
10.3339,172,-0.00345117,-0.413983,0.0,0.0,0.0,0.0,0.0,0.0,0.0,0.0,-29.3555,-44.4725,0.00674,0.13537,TripleIncreaseAngularVelo,seated
10.394,173,-0.00134212,-0.415709,0.0,0.0,0.0,0.0,0.0,0.0,0.0,0.0,-30.2344,-35.1094,0.00674,0.13537,TripleIncreaseAngularVelo,seated
10.4541,174,0.000191863,-0.404396,0.0,0.0,0.0,0.0,0.0,0.0,0.0,0.0,-30.5859,-25.7468,0.00674,0.13537,TripleIncreaseAngularVelo,seated
10.5142,175,0.00153416,-0.38177,0.0,0.0,0.0,0.0,0.0,0.0,0.0,0.0,-30.4102,-16.3842,0.00674,0.13537,TripleIncreaseAngularVelo,seated
10.6069,176,0.00268477,-0.328464,0.0,0.0,0.0,0.0,0.0,0.0,0.0,0.0,-28.6523,-2.63882,0.00674,0.13537,TripleIncreaseAngularVelo,seated
10.7056,177,0.00268477,-0.252915,0.0,0.0,0.0,0.0,0.0,0.0,0.0,0.0,-25.4883,10.4061,0.00674,0.13537,TripleIncreaseAngularVelo,seated
10.8063,178,0.00249308,-0.166821,0.0,0.0,0.0,0.0,0.0,0.0,0.0,0.0,-20.7422,23.0248,0.00674,0.13537,TripleIncreaseAngularVelo,seated
10.9114,179,0.00172585,-0.068454,0.0,0.0,0.0,0.0,0.0,0.0,0.0,0.0,-14.4141,35.3666,0.00674,0.13537,TripleIncreaseAngularVelo,seated
11.0177,180,-0.0126551,-0.233549,0.0,0.0,0.0,0.0,0.0,0.0,0.0,0.0,-7.03125,46.4319,0.00674,0.13537,TripleIncreaseAngularVelo,seated
11.1177,181,-0.0145724,-0.223194,0.0,0.0,0.0,0.0,0.0,0.0,0.0,0.0,0.351562,56.7864,0.00674,0.13537,TripleIncreaseAngularVelo,seated
11.2138,182,-0.013614,-0.231439,0.0,0.0,0.0,0.0,0.0,0.0,0.0,0.0,7.38281,64.675,0.00674,0.13537,TripleIncreaseAngularVelo,seated
11.2739,183,-0.013614,-0.222619,0.0,0.0,0.0,0.0,0.0,0.0,0.0,0.0,11.4258,68.7912,0.00674,0.13537,TripleIncreaseAngularVelo,seated
11.334,184,-0.00958711,-0.196925,0.0,0.0,0.0,0.0,0.0,0.0,0.0,0.0,15.293,70.294,0.00674,0.13537,TripleIncreaseAngularVelo,seated
11.3941,185,-0.00805313,-0.134224,0.0,0.0,0.0,0.0,0.0,0.0,0.0,0.0,18.8086,68.656,0.00674,0.13537,TripleIncreaseAngularVelo,seated
11.4541,186,-0.00690252,-0.0682623,0.0,0.0,0.0,0.0,0.0,0.0,0.0,0.0,21.9727,64.2616,0.00674,0.13537,TripleIncreaseAngularVelo,seated
11.5142,187,-0.00594408,-0.013806,0.0,0.0,0.0,0.0,0.0,0.0,0.0,0.0,24.7852,57.9312,0.00674,0.13537,TripleIncreaseAngularVelo,seated
11.5743,188,-0.00460178,0.0302962,0.0,0.0,0.0,0.0,0.0,0.0,0.0,0.0,26.8945,51.4951,0.00674,0.13537,TripleIncreaseAngularVelo,seated
11.6344,189,-0.00383455,0.059058,0.0,0.0,0.0,0.0,0.0,0.0,0.0,0.0,28.3008,43.3026,0.00674,0.13537,TripleIncreaseAngularVelo,seated
11.6944,190,-0.00325948,0.0749734,0.0,0.0,0.0,0.0,0.0,0.0,0.0,0.0,29.3555,35.1109,0.00674,0.13537,TripleIncreaseAngularVelo,seated
11.7545,191,-0.00230056,0.0780414,0.0,0.0,0.0,0.0,0.0,0.0,0.0,0.0,29.707,25.7475,0.00674,0.13537,TripleIncreaseAngularVelo,seated
11.8146,192,-0.0017255,0.0665363,0.0,0.0,0.0,0.0,0.0,0.0,0.0,0.0,29.5312,15.7996,0.00674,0.13537,TripleIncreaseAngularVelo,seated
11.913,193,-0.00134212,0.0320218,0.0,0.0,0.0,0.0,0.0,0.0,0.0,0.0,27.9492,3.11397,0.0188,0.1476,TripleIncreaseAngularVelo,extended
12.01,194,-0.000958268,-0.0325972,0.0,0.0,0.0,0.0,0.0,0.0,0.0,0.0,24.7852,-9.3595,0.0188,0.1476,TripleIncreaseAngularVelo,extended
12.1224,195,-0.00345117,-0.161835,0.0,0.0,0.0,0.0,0.0,0.0,0.0,0.0,19.1602,-23.8219,0.0188,0.1476,TripleIncreaseAngularVelo,extended
12.2289,196,-0.000574891,-0.405163,0.0,0.0,0.0,0.0,0.0,0.0,0.0,0.0,12.6562,-35.9455,0.0188,0.1476,TripleIncreaseAngularVelo,extended
12.3258,197,-0.00345117,-0.650791,0.0,0.0,0.0,0.0,0.0,0.0,0.0,0.0,6.32812,-45.3885,0.0188,0.1476,TripleIncreaseAngularVelo,extended
12.4798,198,-0.0030678,-1.13572,0.0,0.0,0.0,0.0,0.0,0.0,0.0,0.0,-3.86719,-56.1313,0.0188,0.1476,TripleIncreaseAngularVelo,extended
12.5974,199,0.00460213,-1.41145,0.0,0.0,0.0,0.0,0.0,0.0,0.0,0.0,-11.4258,-61.642,0.0188,0.1476,TripleIncreaseAngularVelo,extended
12.6575,200,0.00728672,-1.49908,0.0,0.0,0.0,0.0,0.0,0.0,0.0,0.0,-15.293,-64.3875,0.0188,0.1476,TripleIncreaseAngularVelo,extended
12.7176,201,0.0109298,-1.50062,0.0,0.0,0.0,0.0,0.0,0.0,0.0,0.0,-18.9844,-64.7424,0.0188,0.1476,TripleIncreaseAngularVelo,extended
12.7777,202,0.013231,-1.43427,0.0,0.0,0.0,0.0,0.0,0.0,0.0,0.0,-22.3242,-63.4129,0.0188,0.1476,TripleIncreaseAngularVelo,extended
12.8377,203,0.0130393,-1.35892,0.0,0.0,0.0,0.0,0.0,0.0,0.0,0.0,-25.3125,-59.9163,0.0188,0.1476,TripleIncreaseAngularVelo,extended
12.8978,204,0.0136144,-1.27819,0.0,0.0,0.0,0.0,0.0,0.0,0.0,0.0,-27.5977,-53.838,0.0188,0.1476,TripleIncreaseAngularVelo,extended
12.9579,205,0.0136144,-1.1781,0.0,0.0,0.0,0.0,0.0,0.0,0.0,0.0,-29.0039,-45.6465,0.0188,0.1476,TripleIncreaseAngularVelo,extended
13.018,206,0.0111214,-1.08395,0.0,0.0,0.0,0.0,0.0,0.0,0.0,0.0,-30.0586,-36.8677,0.0188,0.1476,TripleIncreaseAngularVelo,extended
13.078,207,0.0090124,-1.02623,0.0,0.0,0.0,0.0,0.0,0.0,0.0,0.0,-30.0586,-25.7475,0.0188,0.1476,TripleIncreaseAngularVelo,extended
13.1381,208,0.00671118,-0.990952,0.0,0.0,0.0,0.0,0.0,0.0,0.0,0.0,-29.5312,-14.044,0.0188,0.1476,TripleIncreaseAngularVelo,extended
13.2322,209,0.00977915,-0.757403,0.0,0.0,0.0,0.0,0.0,0.0,0.0,0.0,-27.2461,1.05141,0.00674,0.13537,TripleIncreaseAngularVelo,seated
13.3296,210,0.00824517,-0.792876,0.0,0.0,0.0,0.0,0.0,0.0,0.0,0.0,-23.7305,14.1887,0.00674,0.13537,TripleIncreaseAngularVelo,seated
13.4208,211,0.0139977,-0.807833,0.0,0.0,0.0,0.0,0.0,0.0,0.0,0.0,-19.5117,26.1805,0.00674,0.13537,TripleIncreaseAngularVelo,seated
13.5114,212,0.0076701,-0.729983,0.0,0.0,0.0,0.0,0.0,0.0,0.0,0.0,-14.5898,35.6989,0.00674,0.13537,TripleIncreaseAngularVelo,seated
13.6161,213,0.013231,-0.577161,0.0,0.0,0.0,0.0,0.0,0.0,0.0,0.0,-7.38281,46.3421,0.00674,0.13537,TripleIncreaseAngularVelo,seated
13.7087,214,0.0136144,-0.336325,0.0,0.0,0.0,0.0,0.0,0.0,0.0,0.0,-1.23047,54.5963,0.00674,0.13537,TripleIncreaseAngularVelo,seated
13.8033,215,0.0134227,-0.0600173,0.0,0.0,0.0,0.0,0.0,0.0,0.0,0.0,5.09766,60.8535,0.00674,0.13537,TripleIncreaseAngularVelo,seated
13.9071,216,0.0166823,0.311781,0.0,0.0,0.0,0.0,0.0,0.0,0.0,0.0,11.4258,63.6184,0.00674,0.13537,TripleIncreaseAngularVelo,seated
13.9672,217,0.00958746,0.468823,0.0,0.0,0.0,0.0,0.0,0.0,0.0,0.0,14.7656,64.3983,0.00674,0.13537,TripleIncreaseAngularVelo,seated
14.0273,218,0.00594443,0.555301,0.0,0.0,0.0,0.0,0.0,0.0,0.0,0.0,18.1055,61.9825,0.00674,0.13537,TripleIncreaseAngularVelo,seated
14.0874,219,0.0051772,0.557027,0.0,0.0,0.0,0.0,0.0,0.0,0.0,0.0,21.2695,59.4183,0.00674,0.13537,TripleIncreaseAngularVelo,seated
14.1474,220,0.00345152,0.488381,0.0,0.0,0.0,0.0,0.0,0.0,0.0,0.0,24.2578,55.6722,0.00674,0.13537,TripleIncreaseAngularVelo,seated
14.2075,221,0.00345152,0.348022,0.0,0.0,0.0,0.0,0.0,0.0,0.0,0.0,26.7188,50.9085,0.00674,0.13537,TripleIncreaseAngularVelo,seated
14.2676,222,0.00498551,0.223386,0.0,0.0,0.0,0.0,0.0,0.0,0.0,0.0,28.6523,46.2276,0.00674,0.13537,TripleIncreaseAngularVelo,seated
14.3277,223,0.00920409,0.0914634,0.0,0.0,0.0,0.0,0.0,0.0,0.0,0.0,29.707,38.6234,0.00674,0.13537,TripleIncreaseAngularVelo,seated
14.3877,224,0.0090124,0.00517685,0.0,0.0,0.0,0.0,0.0,0.0,0.0,0.0,30.0586,29.2601,0.00674,0.13537,TripleIncreaseAngularVelo,seated
14.4478,225,0.00882071,-0.0299126,0.0,0.0,0.0,0.0,0.0,0.0,0.0,0.0,29.5312,17.5563,0.00674,0.13537,TripleIncreaseAngularVelo,seated
14.5503,226,0.00747841,0.00383503,0.0,0.0,0.0,0.0,0.0,0.0,0.0,0.0,26.7188,0.0,0.0188,0.1476,TripleIncreaseAngularVelo,extended
14.6661,227,-0.000383202,0.125019,0.0,0.0,0.0,0.0,0.0,0.0,0.0,0.0,21.7969,-17.205,0.0188,0.1476,TripleIncreaseAngularVelo,extended
14.7624,228,-0.0109294,0.105078,0.0,0.0,0.0,0.0,0.0,0.0,0.0,0.0,16.1719,-31.1359,0.0188,0.1476,TripleIncreaseAngularVelo,extended
14.8742,229,-0.0258859,-0.172381,0.0,0.0,0.0,0.0,0.0,0.0,0.0,0.0,9.84375,-41.5564,0.0188,0.1476,TripleIncreaseAngularVelo,extended
14.9746,230,-0.0310629,-0.612826,0.0,0.0,0.0,0.0,0.0,0.0,0.0,0.0,4.21875,-48.0493,0.0188,0.1476,TripleIncreaseAngularVelo,extended
15.0827,231,-0.0222424,-1.11463,0.0,0.0,0.0,0.0,0.0,0.0,0.0,0.0,-2.28516,-54.4809,0.0188,0.1476,TripleIncreaseAngularVelo,extended
15.1772,232,-0.0174487,-1.49947,0.0,0.0,0.0,0.0,0.0,0.0,0.0,0.0,-8.4375,-59.1531,0.0188,0.1476,TripleIncreaseAngularVelo,extended
15.2373,233,-0.0122717,-1.59745,0.0,0.0,0.0,0.0,0.0,0.0,0.0,0.0,-12.3047,-59.9646,0.0188,0.1476,TripleIncreaseAngularVelo,extended
15.2973,234,-0.00556022,-1.60186,0.0,0.0,0.0,0.0,0.0,0.0,0.0,0.0,-16.3477,-61.8959,0.0188,0.1476,TripleIncreaseAngularVelo,extended
15.3574,235,0.00287646,-1.54472,0.0,0.0,0.0,0.0,0.0,0.0,0.0,0.0,-20.0391,-63.3704,0.0188,0.1476,TripleIncreaseAngularVelo,extended
15.4175,236,0.00709503,-1.43274,0.0,0.0,0.0,0.0,0.0,0.0,0.0,0.0,-23.3789,-63.0007,0.0188,0.1476,TripleIncreaseAngularVelo,extended
15.4776,237,0.0120804,-1.29219,0.0,0.0,0.0,0.0,0.0,0.0,0.0,0.0,-26.0156,-58.517,0.0188,0.1476,TripleIncreaseAngularVelo,extended
15.5377,238,0.0122721,-1.14147,0.0,0.0,0.0,0.0,0.0,0.0,0.0,0.0,-27.9492,-52.0787,0.0188,0.1476,TripleIncreaseAngularVelo,extended
15.5977,239,0.0115053,-1.03333,0.0,0.0,0.0,0.0,0.0,0.0,0.0,0.0,-29.1797,-42.716,0.0188,0.1476,TripleIncreaseAngularVelo,extended
15.6578,240,0.00882071,-0.970051,0.0,0.0,0.0,0.0,0.0,0.0,0.0,0.0,-29.5312,-31.5984,0.0188,0.1476,TripleIncreaseAngularVelo,extended
15.7179,241,0.00594443,-0.946274,0.0,0.0,0.0,0.0,0.0,0.0,0.0,0.0,-29.1797,-19.3099,0.0188,0.1476,TripleIncreaseAngularVelo,extended
15.8213,242,0.00249308,-0.975804,0.0,0.0,0.0,0.0,0.0,0.0,0.0,0.0,-27.0703,-3.06828,0.00674,0.13537,TripleIncreaseAngularVelo,seated
15.9236,243,0.00230139,-1.03045,0.0,0.0,0.0,0.0,0.0,0.0,0.0,0.0,-23.3789,11.8431,0.00674,0.13537,TripleIncreaseAngularVelo,seated
16.0222,244,0.00958746,-1.04733,0.0,0.0,0.0,0.0,0.0,0.0,0.0,0.0,-19.3359,23.1923,0.00674,0.13537,TripleIncreaseAngularVelo,seated
16.1209,245,0.00709503,-0.924224,0.0,0.0,0.0,0.0,0.0,0.0,0.0,0.0,-14.0625,33.4007,0.00674,0.13537,TripleIncreaseAngularVelo,seated
16.2279,246,0.0174491,-0.679937,0.0,0.0,0.0,0.0,0.0,0.0,0.0,0.0,-7.03125,43.4254,0.00674,0.13537,TripleIncreaseAngularVelo,seated
16.3264,247,0.02301,-0.373908,0.0,0.0,0.0,0.0,0.0,0.0,0.0,0.0,-1.23047,51.1556,0.00674,0.13537,TripleIncreaseAngularVelo,seated
16.4445,248,0.01534,0.10642,0.0,0.0,0.0,0.0,0.0,0.0,0.0,0.0,6.50391,57.3649,0.00674,0.13537,TripleIncreaseAngularVelo,seated
16.5552,249,0.0115053,0.476301,0.0,0.0,0.0,0.0,0.0,0.0,0.0,0.0,12.6562,60.0165,0.00674,0.13537,TripleIncreaseAngularVelo,seated
16.6153,250,0.010163,0.545138,0.0,0.0,0.0,0.0,0.0,0.0,0.0,0.0,16.3477,61.5117,0.00674,0.13537,TripleIncreaseAngularVelo,seated
16.6754,251,0.00325983,0.535359,0.0,0.0,0.0,0.0,0.0,0.0,0.0,0.0,19.6875,59.7116,0.00674,0.13537,TripleIncreaseAngularVelo,seated
16.7355,252,0.00306815,0.428556,0.0,0.0,0.0,0.0,0.0,0.0,0.0,0.0,22.8516,58.8746,0.00674,0.13537,TripleIncreaseAngularVelo,seated
16.7955,253,0.00191754,0.303345,0.0,0.0,0.0,0.0,0.0,0.0,0.0,0.0,25.4883,54.0771,0.00674,0.13537,TripleIncreaseAngularVelo,seated
16.8556,254,0.00421875,0.145536,0.0,0.0,0.0,0.0,0.0,0.0,0.0,0.0,27.5977,49.7382,0.00674,0.13537,TripleIncreaseAngularVelo,seated
16.9157,255,0.00997132,0.00805313,0.0,0.0,0.0,0.0,0.0,0.0,0.0,0.0,28.6523,40.9613,0.00674,0.13537,TripleIncreaseAngularVelo,seated
16.9758,256,0.00920409,-0.0657694,0.0,0.0,0.0,0.0,0.0,0.0,0.0,0.0,29.0039,31.0138,0.00674,0.13537,TripleIncreaseAngularVelo,seated
17.0359,257,0.00882071,-0.0962574,0.0,0.0,0.0,0.0,0.0,0.0,0.0,0.0,28.6523,19.31,0.00674,0.13537,TripleIncreaseAngularVelo,seated
17.1368,258,0.00862902,-0.0314466,0.0,0.0,0.0,0.0,0.0,0.0,0.0,0.0,26.7188,3.60553,0.0188,0.1476,TripleIncreaseAngularVelo,extended
17.2382,259,0.00594443,0.0991333,0.0,0.0,0.0,0.0,0.0,0.0,0.0,0.0,22.6758,-12.8659,0.0188,0.1476,TripleIncreaseAngularVelo,extended
17.3491,260,-0.00191719,0.152439,0.0,0.0,0.0,0.0,0.0,0.0,0.0,0.0,17.2266,-26.3665,0.0188,0.1476,TripleIncreaseAngularVelo,extended
17.4499,261,-0.0220507,-0.0569493,0.0,0.0,0.0,0.0,0.0,0.0,0.0,0.0,11.0742,-37.8155,0.0188,0.1476,TripleIncreaseAngularVelo,extended
17.5537,262,-0.0251187,-0.470549,0.0,0.0,0.0,0.0,0.0,0.0,0.0,0.0,5.80078,-44.1258,0.0188,0.1476,TripleIncreaseAngularVelo,extended
17.6549,263,-0.0191744,-0.977721,0.0,0.0,0.0,0.0,0.0,0.0,0.0,0.0,0.175781,-51.2298,0.0188,0.1476,TripleIncreaseAngularVelo,extended
17.7511,264,-0.0235847,-1.43178,0.0,0.0,0.0,0.0,0.0,0.0,0.0,0.0,-5.625,-55.1805,0.0188,0.1476,TripleIncreaseAngularVelo,extended
17.8426,265,-0.0224341,-1.64692,0.0,0.0,0.0,0.0,0.0,0.0,0.0,0.0,-11.25,-57.7036,0.0188,0.1476,TripleIncreaseAngularVelo,extended
17.9026,266,-0.0132301,-1.64903,0.0,0.0,0.0,0.0,0.0,0.0,0.0,0.0,-15.293,-58.2425,0.0188,0.1476,TripleIncreaseAngularVelo,extended
17.9627,267,-0.00364286,-1.60416,0.0,0.0,0.0,0.0,0.0,0.0,0.0,0.0,-19.1602,-61.0333,0.0188,0.1476,TripleIncreaseAngularVelo,extended
18.0228,268,0.000767406,-1.45421,0.0,0.0,0.0,0.0,0.0,0.0,0.0,0.0,-22.3242,-61.1632,0.0188,0.1476,TripleIncreaseAngularVelo,extended
18.0829,269,0.0090124,-1.29851,0.0,0.0,0.0,0.0,0.0,0.0,0.0,0.0,-24.9609,-58.2712,0.0188,0.1476,TripleIncreaseAngularVelo,extended
18.143,270,0.0139977,-1.1246,0.0,0.0,0.0,0.0,0.0,0.0,0.0,0.0,-27.0703,-52.6621,0.0188,0.1476,TripleIncreaseAngularVelo,extended
18.203,271,0.014765,-0.997663,0.0,0.0,0.0,0.0,0.0,0.0,0.0,0.0,-28.4766,-43.886,0.0188,0.1476,TripleIncreaseAngularVelo,extended
18.2631,272,0.0113131,-0.917513,0.0,0.0,0.0,0.0,0.0,0.0,0.0,0.0,-29.0039,-32.7681,0.0188,0.1476,TripleIncreaseAngularVelo,extended
18.3232,273,0.00920409,-0.891435,0.0,0.0,0.0,0.0,0.0,0.0,0.0,0.0,-28.6523,-21.0656,0.0188,0.1476,TripleIncreaseAngularVelo,extended
18.4134,274,0.00441044,-0.93266,0.0,0.0,0.0,0.0,0.0,0.0,0.0,0.0,-26.8945,-5.84972,0.00674,0.13537,TripleIncreaseAngularVelo,seated
18.5018,275,0.000767406,-1.01319,0.0,0.0,0.0,0.0,0.0,0.0,0.0,0.0,-23.9062,8.81731,0.00674,0.13537,TripleIncreaseAngularVelo,seated
18.5976,276,0.00325983,-1.08606,0.0,0.0,0.0,0.0,0.0,0.0,0.0,0.0,-20.0391,21.384,0.00674,0.13537,TripleIncreaseAngularVelo,seated
18.6921,277,0.0076701,-1.04579,0.0,0.0,0.0,0.0,0.0,0.0,0.0,0.0,-15.6445,31.1461,0.00674,0.13537,TripleIncreaseAngularVelo,seated
18.7861,278,0.0189831,-0.878587,0.0,0.0,0.0,0.0,0.0,0.0,0.0,0.0,-9.49219,41.39,0.00674,0.13537,TripleIncreaseAngularVelo,seated
18.8785,279,0.0256945,-0.548398,0.0,0.0,0.0,0.0,0.0,0.0,0.0,0.0,-4.21875,48.7589,0.00674,0.13537,TripleIncreaseAngularVelo,seated
18.9754,280,0.02301,-0.202486,0.0,0.0,0.0,0.0,0.0,0.0,0.0,0.0,1.05469,52.7021,0.00674,0.13537,TripleIncreaseAngularVelo,seated
19.0864,281,0.0255029,0.390398,0.0,0.0,0.0,0.0,0.0,0.0,0.0,0.0,7.55859,56.4574,0.00674,0.13537,TripleIncreaseAngularVelo,seated
19.1465,282,0.0193669,0.555684,0.0,0.0,0.0,0.0,0.0,0.0,0.0,0.0,10.7227,58.0181,0.00674,0.13537,TripleIncreaseAngularVelo,seated
19.2066,283,0.0201337,0.616468,0.0,0.0,0.0,0.0,0.0,0.0,0.0,0.0,14.5898,57.2733,0.00674,0.13537,TripleIncreaseAngularVelo,seated
19.2667,284,0.0128471,0.608415,0.0,0.0,0.0,0.0,0.0,0.0,0.0,0.0,18.1055,57.5096,0.00674,0.13537,TripleIncreaseAngularVelo,seated
19.3268,285,0.00594443,0.460002,0.0,0.0,0.0,0.0,0.0,0.0,0.0,0.0,21.6211,58.5406,0.00674,0.13537,TripleIncreaseAngularVelo,seated
19.3868,286,0.00479382,0.277267,0.0,0.0,0.0,0.0,0.0,0.0,0.0,0.0,24.4336,56.1759,0.00674,0.13537,TripleIncreaseAngularVelo,seated
19.4469,287,0.00786179,0.087437,0.0,0.0,0.0,0.0,0.0,0.0,0.0,0.0,26.543,52.6647,0.00674,0.13537,TripleIncreaseAngularVelo,seated
19.507,288,0.00939577,-0.0949151,0.0,0.0,0.0,0.0,0.0,0.0,0.0,0.0,27.9492,44.4725,0.00674,0.13537,TripleIncreaseAngularVelo,seated
19.5671,289,0.0103547,-0.163369,0.0,0.0,0.0,0.0,0.0,0.0,0.0,0.0,28.6523,35.1096,0.00674,0.13537,TripleIncreaseAngularVelo,seated
19.6272,290,0.00939577,-0.173532,0.0,0.0,0.0,0.0,0.0,0.0,0.0,0.0,28.3008,22.2363,0.00674,0.13537,TripleIncreaseAngularVelo,seated
19.7559,291,0.00575274,-0.028187,0.0,0.0,0.0,0.0,0.0,0.0,0.0,0.0,25.1367,1.90499,0.0188,0.1476,TripleIncreaseAngularVelo,extended
19.8719,292,-0.000766579,0.176599,0.0,0.0,0.0,0.0,0.0,0.0,0.0,0.0,21.0938,-12.8213,0.0188,0.1476,TripleIncreaseAngularVelo,extended
19.9742,293,-0.00997049,0.179284,0.0,0.0,0.0,0.0,0.0,0.0,0.0,0.0,15.1172,-27.4661,0.0188,0.1476,TripleIncreaseAngularVelo,extended
20.0786,294,-0.0147641,-0.136908,0.0,0.0,0.0,0.0,0.0,0.0,0.0,0.0,10.0195,-36.4288,0.0188,0.1476,TripleIncreaseAngularVelo,extended
20.1776,295,-0.0268443,-0.541112,0.0,0.0,0.0,0.0,0.0,0.0,0.0,0.0,4.92188,-42.476,0.0188,0.1476,TripleIncreaseAngularVelo,extended
20.2904,296,-0.0216673,-1.19497,0.0,0.0,0.0,0.0,0.0,0.0,0.0,0.0,-1.05469,-49.0011,0.0188,0.1476,TripleIncreaseAngularVelo,extended
20.395,297,-0.0168737,-1.55009,0.0,0.0,0.0,0.0,0.0,0.0,0.0,0.0,-7.55859,-54.7728,0.0188,0.1476,TripleIncreaseAngularVelo,extended
20.4551,298,-0.0143808,-1.63695,0.0,0.0,0.0,0.0,0.0,0.0,0.0,0.0,-11.4258,-55.1894,0.0188,0.1476,TripleIncreaseAngularVelo,extended
20.5152,299,-0.00805313,-1.60512,0.0,0.0,0.0,0.0,0.0,0.0,0.0,0.0,-15.293,-57.9696,0.0188,0.1476,TripleIncreaseAngularVelo,extended
20.5753,300,-0.00115043,-1.52171,0.0,0.0,0.0,0.0,0.0,0.0,0.0,0.0,-18.9844,-60.1063,0.0188,0.1476,TripleIncreaseAngularVelo,extended
20.6354,301,0.00268477,-1.36505,0.0,0.0,0.0,0.0,0.0,0.0,0.0,0.0,-22.1484,-61.1536,0.0188,0.1476,TripleIncreaseAngularVelo,extended
20.6954,302,0.010163,-1.20724,0.0,0.0,0.0,0.0,0.0,0.0,0.0,0.0,-24.6094,-56.759,0.0188,0.1476,TripleIncreaseAngularVelo,extended
20.7555,303,0.0118887,-1.0573,0.0,0.0,0.0,0.0,0.0,0.0,0.0,0.0,-26.543,-50.3236,0.0188,0.1476,TripleIncreaseAngularVelo,extended
20.8156,304,0.0126554,-0.950876,0.0,0.0,0.0,0.0,0.0,0.0,0.0,0.0,-27.7734,-41.5463,0.0188,0.1476,TripleIncreaseAngularVelo,extended
20.8757,305,0.00977915,-0.899872,0.0,0.0,0.0,0.0,0.0,0.0,0.0,0.0,-28.125,-30.4282,0.0188,0.1476,TripleIncreaseAngularVelo,extended
20.9358,306,0.00728672,-0.890093,0.0,0.0,0.0,0.0,0.0,0.0,0.0,0.0,-27.5977,-18.1403,0.0188,0.1476,TripleIncreaseAngularVelo,extended
21.0418,307,0.00230139,-0.960656,0.0,0.0,0.0,0.0,0.0,0.0,0.0,0.0,-25.3125,-2.03036,0.00674,0.13537,TripleIncreaseAngularVelo,seated
21.1371,308,0.00134247,-1.05231,0.0,0.0,0.0,0.0,0.0,0.0,0.0,0.0,-21.9727,11.977,0.00674,0.13537,TripleIncreaseAngularVelo,seated
21.2312,309,0.00958746,-1.06976,0.0,0.0,0.0,0.0,0.0,0.0,0.0,0.0,-18.2812,22.8409,0.00674,0.13537,TripleIncreaseAngularVelo,seated
21.3268,310,0.013231,-0.957588,0.0,0.0,0.0,0.0,0.0,0.0,0.0,0.0,-13.7109,31.9513,0.00674,0.13537,TripleIncreaseAngularVelo,seated
21.4214,311,0.0209009,-0.749541,0.0,0.0,0.0,0.0,0.0,0.0,0.0,0.0,-7.91016,40.5427,0.00674,0.13537,TripleIncreaseAngularVelo,seated
21.5133,312,0.019942,-0.406697,0.0,0.0,0.0,0.0,0.0,0.0,0.0,0.0,-2.63672,48.0871,0.00674,0.13537,TripleIncreaseAngularVelo,seated
21.6219,313,0.0191752,-0.00153416,0.0,0.0,0.0,0.0,0.0,0.0,0.0,0.0,3.51562,52.5725,0.00674,0.13537,TripleIncreaseAngularVelo,seated
21.7152,314,0.0247356,0.404204,0.0,0.0,0.0,0.0,0.0,0.0,0.0,0.0,8.78906,55.9248,0.00674,0.13537,TripleIncreaseAngularVelo,seated
21.7753,315,0.0118887,0.53651,0.0,0.0,0.0,0.0,0.0,0.0,0.0,0.0,12.1289,57.6139,0.00674,0.13537,TripleIncreaseAngularVelo,seated
21.8354,316,0.0130393,0.575051,0.0,0.0,0.0,0.0,0.0,0.0,0.0,0.0,15.4688,56.4666,0.00674,0.13537,TripleIncreaseAngularVelo,seated
21.8955,317,0.00671118,0.535934,0.0,0.0,0.0,0.0,0.0,0.0,0.0,0.0,18.8086,56.1163,0.00674,0.13537,TripleIncreaseAngularVelo,seated
21.9555,318,0.00460213,0.413599,0.0,0.0,0.0,0.0,0.0,0.0,0.0,0.0,21.9727,55.3258,0.00674,0.13537,TripleIncreaseAngularVelo,seated
22.0156,319,0.00536936,0.253107,0.0,0.0,0.0,0.0,0.0,0.0,0.0,0.0,24.2578,51.494,0.00674,0.13537,TripleIncreaseAngularVelo,seated
22.0757,320,0.0090124,0.0864781,0.0,0.0,0.0,0.0,0.0,0.0,0.0,0.0,26.1914,46.8128,0.00674,0.13537,TripleIncreaseAngularVelo,seated
22.1358,321,0.0126554,-0.0262696,0.0,0.0,0.0,0.0,0.0,0.0,0.0,0.0,27.4219,39.7915,0.00674,0.13537,TripleIncreaseAngularVelo,seated
22.1959,322,0.013806,-0.0776579,0.0,0.0,0.0,0.0,0.0,0.0,0.0,0.0,27.7734,29.843,0.00674,0.13537,TripleIncreaseAngularVelo,seated
22.256,323,0.013231,-0.0742065,0.0,0.0,0.0,0.0,0.0,0.0,0.0,0.0,27.0703,16.9692,0.00674,0.13537,TripleIncreaseAngularVelo,seated
22.3701,324,0.0103547,0.0490873,0.0,0.0,0.0,0.0,0.0,0.0,0.0,0.0,24.2578,0.0,0.0188,0.1476,TripleIncreaseAngularVelo,extended
22.4651,325,0.00249308,0.203444,0.0,0.0,0.0,0.0,0.0,0.0,0.0,0.0,20.5664,-14.4468,0.0188,0.1476,TripleIncreaseAngularVelo,extended
22.5747,326,-0.00613577,0.187912,0.0,0.0,0.0,0.0,0.0,0.0,0.0,0.0,15.1172,-28.0318,0.0188,0.1476,TripleIncreaseAngularVelo,extended
22.6735,327,-0.0132301,-0.108146,0.0,0.0,0.0,0.0,0.0,0.0,0.0,0.0,10.3711,-36.4317,0.0188,0.1476,TripleIncreaseAngularVelo,extended
22.7728,328,-0.0199416,-0.538619,0.0,0.0,0.0,0.0,0.0,0.0,0.0,0.0,5.625,-41.4905,0.0188,0.1476,TripleIncreaseAngularVelo,extended
22.8778,329,-0.018791,-1.08242,0.0,0.0,0.0,0.0,0.0,0.0,0.0,0.0,-0.175781,-48.123,0.0188,0.1476,TripleIncreaseAngularVelo,extended
22.9822,330,-0.0145724,-1.44674,0.0,0.0,0.0,0.0,0.0,0.0,0.0,0.0,-6.32812,-52.0099,0.0188,0.1476,TripleIncreaseAngularVelo,extended
23.0423,331,-0.00958711,-1.53436,0.0,0.0,0.0,0.0,0.0,0.0,0.0,0.0,-10.1953,-54.1422,0.0188,0.1476,TripleIncreaseAngularVelo,extended
23.1023,332,-0.0042184,-1.54357,0.0,0.0,0.0,0.0,0.0,0.0,0.0,0.0,-13.8867,-56.5707,0.0188,0.1476,TripleIncreaseAngularVelo,extended
23.1624,333,0.000383552,-1.47703,0.0,0.0,0.0,0.0,0.0,0.0,0.0,0.0,-17.4023,-59.1044,0.0188,0.1476,TripleIncreaseAngularVelo,extended
23.2225,334,0.00479382,-1.36179,0.0,0.0,0.0,0.0,0.0,0.0,0.0,0.0,-20.5664,-59.149,0.0188,0.1476,TripleIncreaseAngularVelo,extended
23.2826,335,0.00920409,-1.22201,0.0,0.0,0.0,0.0,0.0,0.0,0.0,0.0,-23.2031,-56.1699,0.0188,0.1476,TripleIncreaseAngularVelo,extended
23.3427,336,0.00920409,-1.09104,0.0,0.0,0.0,0.0,0.0,0.0,0.0,0.0,-25.1367,-49.7341,0.0188,0.1476,TripleIncreaseAngularVelo,extended
23.4028,337,0.00843733,-0.993828,0.0,0.0,0.0,0.0,0.0,0.0,0.0,0.0,-26.3672,-41.5429,0.0188,0.1476,TripleIncreaseAngularVelo,extended
23.4628,338,0.00651949,-0.94474,0.0,0.0,0.0,0.0,0.0,0.0,0.0,0.0,-26.8945,-31.5966,0.0188,0.1476,TripleIncreaseAngularVelo,extended
23.5229,339,0.00364321,-0.934386,0.0,0.0,0.0,0.0,0.0,0.0,0.0,0.0,-26.7188,-20.4805,0.0188,0.1476,TripleIncreaseAngularVelo,extended
23.6445,340,0.000191863,-0.993828,0.0,0.0,0.0,0.0,0.0,0.0,0.0,0.0,-24.4336,-3.40013,0.00674,0.13537,TripleIncreaseAngularVelo,seated
23.7568,341,0.00210923,-1.06362,0.0,0.0,0.0,0.0,0.0,0.0,0.0,0.0,-20.918,10.1871,0.00674,0.13537,TripleIncreaseAngularVelo,seated
23.8524,342,0.0151483,-1.03735,0.0,0.0,0.0,0.0,0.0,0.0,0.0,0.0,-17.2266,20.3274,0.00674,0.13537,TripleIncreaseAngularVelo,seated
23.9463,343,0.0247356,-0.88875,0.0,0.0,0.0,0.0,0.0,0.0,0.0,0.0,-12.6562,29.4507,0.00674,0.13537,TripleIncreaseAngularVelo,seated
24.0451,344,0.0285708,-0.643313,0.0,0.0,0.0,0.0,0.0,0.0,0.0,0.0,-6.85547,38.0417,0.00674,0.13537,TripleIncreaseAngularVelo,seated
24.1503,345,0.0283787,-0.254833,0.0,0.0,0.0,0.0,0.0,0.0,0.0,0.0,-1.05469,46.219,0.00674,0.13537,TripleIncreaseAngularVelo,seated
24.2964,346,0.0241606,0.289539,0.0,0.0,0.0,0.0,0.0,0.0,0.0,0.0,7.38281,52.446,0.00674,0.13537,TripleIncreaseAngularVelo,seated
24.4023,347,0.0126554,0.501228,0.0,0.0,0.0,0.0,0.0,0.0,0.0,0.0,13.0078,54.9837,0.00674,0.13537,TripleIncreaseAngularVelo,seated
24.4624,348,0.0126554,0.523662,0.0,0.0,0.0,0.0,0.0,0.0,0.0,0.0,16.3477,56.2,0.00674,0.13537,TripleIncreaseAngularVelo,seated
24.5225,349,0.00651949,0.455209,0.0,0.0,0.0,0.0,0.0,0.0,0.0,0.0,19.5117,55.2302,0.00674,0.13537,TripleIncreaseAngularVelo,seated
24.5826,350,0.00402706,0.333641,0.0,0.0,0.0,0.0,0.0,0.0,0.0,0.0,22.1484,53.682,0.00674,0.13537,TripleIncreaseAngularVelo,seated
24.6426,351,0.00383538,0.180818,0.0,0.0,0.0,0.0,0.0,0.0,0.0,0.0,24.2578,48.7422,0.00674,0.13537,TripleIncreaseAngularVelo,seated
24.7027,352,0.00920409,0.0464028,0.0,0.0,0.0,0.0,0.0,0.0,0.0,0.0,25.8398,42.7159,0.00674,0.13537,TripleIncreaseAngularVelo,seated
24.7628,353,0.00997132,-0.0366241,0.0,0.0,0.0,0.0,0.0,0.0,0.0,0.0,26.7188,34.5238,0.00674,0.13537,TripleIncreaseAngularVelo,seated
24.8229,354,0.0109298,-0.062318,0.0,0.0,0.0,0.0,0.0,0.0,0.0,0.0,26.7188,23.9912,0.00674,0.13537,TripleIncreaseAngularVelo,seated
24.883,355,0.00958746,-0.0402672,0.0,0.0,0.0,0.0,0.0,0.0,0.0,0.0,25.8398,12.2882,0.00674,0.13537,TripleIncreaseAngularVelo,seated
24.9792,356,0.00575274,0.0742062,0.0,0.0,0.0,0.0,0.0,0.0,0.0,0.0,23.3789,-2.61154,0.0188,0.1476,TripleIncreaseAngularVelo,extended
25.1018,357,-0.00115043,0.200376,0.0,0.0,0.0,0.0,0.0,0.0,0.0,0.0,18.6328,-18.0581,0.0188,0.1476,TripleIncreaseAngularVelo,extended
25.2057,358,-0.0128468,0.104503,0.0,0.0,0.0,0.0,0.0,0.0,0.0,0.0,13.7109,-29.3695,0.0188,0.1476,TripleIncreaseAngularVelo,extended
25.313,359,-0.0232013,-0.276117,0.0,0.0,0.0,0.0,0.0,0.0,0.0,0.0,8.61328,-36.9435,0.0188,0.1476,TripleIncreaseAngularVelo,extended
25.4049,360,-0.0325969,-0.625673,0.0,0.0,0.0,0.0,0.0,0.0,0.0,0.0,4.04297,-41.758,0.0188,0.1476,TripleIncreaseAngularVelo,extended
25.5031,361,-0.0209001,-1.12345,0.0,0.0,0.0,0.0,0.0,0.0,0.0,0.0,-1.23047,-46.9762,0.0188,0.1476,TripleIncreaseAngularVelo,extended
25.6262,362,-0.0109294,-1.4895,0.0,0.0,0.0,0.0,0.0,0.0,0.0,0.0,-8.61328,-51.9601,0.0188,0.1476,TripleIncreaseAngularVelo,extended
25.6863,363,-0.00709421,-1.52094,0.0,0.0,0.0,0.0,0.0,0.0,0.0,0.0,-12.3047,-54.1348,0.0188,0.1476,TripleIncreaseAngularVelo,extended
25.7463,364,-0.00287611,-1.48259,0.0,0.0,0.0,0.0,0.0,0.0,0.0,0.0,-15.8203,-56.3786,0.0188,0.1476,TripleIncreaseAngularVelo,extended
25.8064,365,1.74846e-07,-1.40014,0.0,0.0,0.0,0.0,0.0,0.0,0.0,0.0,-18.9844,-57.3551,0.0188,0.1476,TripleIncreaseAngularVelo,extended
25.8665,366,0.000383552,-1.27282,0.0,0.0,0.0,0.0,0.0,0.0,0.0,0.0,-21.6211,-56.1038,0.0188,0.1476,TripleIncreaseAngularVelo,extended
25.9266,367,0.00172585,-1.12518,0.0,0.0,0.0,0.0,0.0,0.0,0.0,0.0,-23.7305,-50.3238,0.0188,0.1476,TripleIncreaseAngularVelo,extended
25.9867,368,0.00325983,-1.02029,0.0,0.0,0.0,0.0,0.0,0.0,0.0,0.0,-25.3125,-43.3015,0.0188,0.1476,TripleIncreaseAngularVelo,extended
26.0468,369,0.00364321,-0.958738,0.0,0.0,0.0,0.0,0.0,0.0,0.0,0.0,-26.1914,-34.5231,0.0188,0.1476,TripleIncreaseAngularVelo,extended
26.1068,370,0.00287646,-0.933619,0.0,0.0,0.0,0.0,0.0,0.0,0.0,0.0,-26.1914,-23.99,0.0188,0.1476,TripleIncreaseAngularVelo,extended
26.1669,371,0.00115078,-0.936879,0.0,0.0,0.0,0.0,0.0,0.0,0.0,0.0,-25.4883,-12.8728,0.0188,0.1476,TripleIncreaseAngularVelo,extended
26.2611,372,0.00575274,-0.832184,0.0,0.0,0.0,0.0,0.0,0.0,0.0,0.0,-23.5547,0.525544,0.00674,0.13537,TripleIncreaseAngularVelo,seated
26.3572,373,0.00498551,-0.910226,0.0,0.0,0.0,0.0,0.0,0.0,0.0,0.0,-20.5664,12.8093,0.00674,0.13537,TripleIncreaseAngularVelo,seated
26.4548,374,0.0136144,-0.929592,0.0,0.0,0.0,0.0,0.0,0.0,0.0,0.0,-17.0508,22.3997,0.00674,0.13537,TripleIncreaseAngularVelo,seated
26.5767,375,0.0337478,-0.794985,0.0,0.0,0.0,0.0,0.0,0.0,0.0,0.0,-10.8984,32.548,0.00674,0.13537,TripleIncreaseAngularVelo,seated
26.6744,376,0.0356652,-0.552425,0.0,0.0,0.0,0.0,0.0,0.0,0.0,0.0,-5.09766,40.1771,0.00674,0.13537,TripleIncreaseAngularVelo,seated
26.7715,377,0.0337478,-0.230481,0.0,0.0,0.0,0.0,0.0,0.0,0.0,0.0,0.175781,46.4899,0.00674,0.13537,TripleIncreaseAngularVelo,seated
26.8653,378,0.0233933,0.0747812,0.0,0.0,0.0,0.0,0.0,0.0,0.0,0.0,5.625,51.5457,0.00674,0.13537,TripleIncreaseAngularVelo,seated
26.9254,379,0.0222427,0.316384,0.0,0.0,0.0,0.0,0.0,0.0,0.0,0.0,8.78906,54.9116,0.00674,0.13537,TripleIncreaseAngularVelo,seated
26.9855,380,0.0195586,0.43009,0.0,0.0,0.0,0.0,0.0,0.0,0.0,0.0,11.6016,55.0416,0.00674,0.13537,TripleIncreaseAngularVelo,seated
27.0456,381,0.0124637,0.50142,0.0,0.0,0.0,0.0,0.0,0.0,0.0,0.0,14.5898,53.0494,0.00674,0.13537,TripleIncreaseAngularVelo,seated
27.1056,382,0.0109298,0.508706,0.0,0.0,0.0,0.0,0.0,0.0,0.0,0.0,17.5781,52.0809,0.00674,0.13537,TripleIncreaseAngularVelo,seated
27.1657,383,0.00824517,0.445238,0.0,0.0,0.0,0.0,0.0,0.0,0.0,0.0,20.2148,48.5667,0.00674,0.13537,TripleIncreaseAngularVelo,seated
27.2258,384,0.00805348,0.331723,0.0,0.0,0.0,0.0,0.0,0.0,0.0,0.0,22.6758,46.2267,0.00674,0.13537,TripleIncreaseAngularVelo,seated
27.2859,385,0.00805348,0.193473,0.0,0.0,0.0,0.0,0.0,0.0,0.0,0.0,24.4336,42.7162,0.00674,0.13537,TripleIncreaseAngularVelo,seated
27.346,386,0.0124637,0.0671113,0.0,0.0,0.0,0.0,0.0,0.0,0.0,0.0,25.6641,36.8643,0.00674,0.13537,TripleIncreaseAngularVelo,seated
27.406,387,0.0113131,-0.0141894,0.0,0.0,0.0,0.0,0.0,0.0,0.0,0.0,26.0156,28.0876,0.00674,0.13537,TripleIncreaseAngularVelo,seated
27.4661,388,0.011697,-0.0469782,0.0,0.0,0.0,0.0,0.0,0.0,0.0,0.0,25.6641,18.1398,0.00674,0.13537,TripleIncreaseAngularVelo,seated
27.5649,389,0.00939577,-0.0101625,0.0,0.0,0.0,0.0,0.0,0.0,0.0,0.0,23.5547,2.59172,0.0188,0.1476,TripleIncreaseAngularVelo,extended
27.6627,390,0.00460213,0.0914634,0.0,0.0,0.0,0.0,0.0,0.0,0.0,0.0,20.2148,-11.1963,0.0188,0.1476,TripleIncreaseAngularVelo,extended
27.7656,391,-0.00115043,0.125978,0.0,0.0,0.0,0.0,0.0,0.0,0.0,0.0,15.293,-24.7135,0.0188,0.1476,TripleIncreaseAngularVelo,extended
27.8613,392,-0.00747806,-0.0680706,0.0,0.0,0.0,0.0,0.0,0.0,0.0,0.0,10.5469,-33.9765,0.0188,0.1476,TripleIncreaseAngularVelo,extended
27.9764,393,-0.0222424,-0.482629,0.0,0.0,0.0,0.0,0.0,0.0,0.0,0.0,5.27344,-39.9564,0.0188,0.1476,TripleIncreaseAngularVelo,extended
28.0825,394,-0.01208,-0.980406,0.0,0.0,0.0,0.0,0.0,0.0,0.0,0.0,-0.175781,-45.8491,0.0188,0.1476,TripleIncreaseAngularVelo,extended
28.1941,395,-0.00690252,-1.40724,0.0,0.0,0.0,0.0,0.0,0.0,0.0,0.0,-6.15234,-49.6188,0.0188,0.1476,TripleIncreaseAngularVelo,extended
28.2542,396,-0.000958268,-1.51941,0.0,0.0,0.0,0.0,0.0,0.0,0.0,0.0,-9.49219,-50.7332,0.0188,0.1476,TripleIncreaseAngularVelo,extended
28.3142,397,0.00325983,-1.54338,0.0,0.0,0.0,0.0,0.0,0.0,0.0,0.0,-13.0078,-52.0065,0.0188,0.1476,TripleIncreaseAngularVelo,extended
28.3743,398,0.00747841,-1.49026,0.0,0.0,0.0,0.0,0.0,0.0,0.0,0.0,-16.5234,-54.7834,0.0188,0.1476,TripleIncreaseAngularVelo,extended
28.4344,399,0.0107381,-1.38269,0.0,0.0,0.0,0.0,0.0,0.0,0.0,0.0,-19.5117,-54.9479,0.0188,0.1476,TripleIncreaseAngularVelo,extended
28.4945,400,0.0128471,-1.24578,0.0,0.0,0.0,0.0,0.0,0.0,0.0,0.0,-21.9727,-52.6636,0.0188,0.1476,TripleIncreaseAngularVelo,extended
28.5546,401,0.0149566,-1.12383,0.0,0.0,0.0,0.0,0.0,0.0,0.0,0.0,-23.9062,-47.9825,0.0188,0.1476,TripleIncreaseAngularVelo,extended
28.6146,402,0.01534,-0.985583,0.0,0.0,0.0,0.0,0.0,0.0,0.0,0.0,-25.1367,-40.3751,0.0188,0.1476,TripleIncreaseAngularVelo,extended
28.6747,403,0.0134227,-0.902556,0.0,0.0,0.0,0.0,0.0,0.0,0.0,0.0,-25.8398,-31.0123,0.0188,0.1476,TripleIncreaseAngularVelo,extended
28.7348,404,0.0103547,-0.878012,0.0,0.0,0.0,0.0,0.0,0.0,0.0,0.0,-25.6641,-20.4799,0.0188,0.1476,TripleIncreaseAngularVelo,extended
28.8404,405,0.00306815,-0.909843,0.0,0.0,0.0,0.0,0.0,0.0,0.0,0.0,-23.7305,-5.08189,0.00674,0.13537,TripleIncreaseAngularVelo,seated
28.9509,406,0.00134247,-1.00725,0.0,0.0,0.0,0.0,0.0,0.0,0.0,0.0,-20.2148,9.31418,0.00674,0.13537,TripleIncreaseAngularVelo,seated
29.0418,407,0.010163,-1.05806,0.0,0.0,0.0,0.0,0.0,0.0,0.0,0.0,-16.875,19.3403,0.00674,0.13537,TripleIncreaseAngularVelo,seated
29.1333,408,0.0197503,-0.977913,0.0,0.0,0.0,0.0,0.0,0.0,0.0,0.0,-12.832,28.3645,0.00674,0.13537,TripleIncreaseAngularVelo,seated
29.2564,409,0.0264613,-0.719629,0.0,0.0,0.0,0.0,0.0,0.0,0.0,0.0,-5.97656,37.7475,0.00674,0.13537,TripleIncreaseAngularVelo,seated
29.3523,410,0.0276119,-0.380428,0.0,0.0,0.0,0.0,0.0,0.0,0.0,0.0,-1.23047,43.9499,0.00674,0.13537,TripleIncreaseAngularVelo,seated
29.4573,411,0.0222427,0.0732473,0.0,0.0,0.0,0.0,0.0,0.0,0.0,0.0,4.57031,48.9374,0.00674,0.13537,TripleIncreaseAngularVelo,seated
29.5653,412,0.0241606,0.433924,0.0,0.0,0.0,0.0,0.0,0.0,0.0,0.0,9.84375,51.0406,0.00674,0.13537,TripleIncreaseAngularVelo,seated
29.6254,413,0.0182163,0.521745,0.0,0.0,0.0,0.0,0.0,0.0,0.0,0.0,13.0078,52.5136,0.00674,0.13537,TripleIncreaseAngularVelo,seated
29.6855,414,0.0166823,0.533442,0.0,0.0,0.0,0.0,0.0,0.0,0.0,0.0,15.9961,51.2074,0.00674,0.13537,TripleIncreaseAngularVelo,seated
29.7455,415,0.00958746,0.437376,0.0,0.0,0.0,0.0,0.0,0.0,0.0,0.0,19.1602,51.8565,0.00674,0.13537,TripleIncreaseAngularVelo,seated
29.8056,416,0.00824517,0.322519,0.0,0.0,0.0,0.0,0.0,0.0,0.0,0.0,21.6211,48.9588,0.00674,0.13537,TripleIncreaseAngularVelo,seated
29.8657,417,0.0063278,0.154932,0.0,0.0,0.0,0.0,0.0,0.0,0.0,0.0,23.5547,45.6442,0.00674,0.13537,TripleIncreaseAngularVelo,seated
29.9258,418,0.0124637,-0.00249308,0.0,0.0,0.0,0.0,0.0,0.0,0.0,0.0,24.9609,39.7921,0.00674,0.13537,TripleIncreaseAngularVelo,seated
29.9859,419,0.0118887,-0.113898,0.0,0.0,0.0,0.0,0.0,0.0,0.0,0.0,25.6641,32.1842,0.00674,0.13537,TripleIncreaseAngularVelo,seated
30.0459,420,0.0122721,-0.127512,0.0,0.0,0.0,0.0,0.0,0.0,0.0,0.0,25.4883,21.0659,0.00674,0.13537,TripleIncreaseAngularVelo,seated
30.1389,421,0.00939577,-0.0546481,0.0,0.0,0.0,0.0,0.0,0.0,0.0,0.0,23.5547,5.80102,0.0188,0.1476,TripleIncreaseAngularVelo,extended
30.2549,422,-0.0017255,0.126937,0.0,0.0,0.0,0.0,0.0,0.0,0.0,0.0,19.8633,-9.48541,0.0188,0.1476,TripleIncreaseAngularVelo,extended
30.3557,423,-0.00498516,0.163369,0.0,0.0,0.0,0.0,0.0,0.0,0.0,0.0,15.1172,-22.8961,0.0188,0.1476,TripleIncreaseAngularVelo,extended
30.4516,424,-0.0197499,-0.0304882,0.0,0.0,0.0,0.0,0.0,0.0,0.0,0.0,10.7227,-32.0825,0.0188,0.1476,TripleIncreaseAngularVelo,extended
30.5761,425,-0.0230096,-0.505063,0.0,0.0,0.0,0.0,0.0,0.0,0.0,0.0,5.44922,-37.7998,0.0188,0.1476,TripleIncreaseAngularVelo,extended
30.6666,426,-0.0109294,-0.989034,0.0,0.0,0.0,0.0,0.0,0.0,0.0,0.0,1.05469,-42.6427,0.0188,0.1476,TripleIncreaseAngularVelo,extended
30.7693,427,-0.00613577,-1.44367,0.0,0.0,0.0,0.0,0.0,0.0,0.0,0.0,-4.39453,-47.1525,0.0188,0.1476,TripleIncreaseAngularVelo,extended
30.8618,428,0.00115078,-1.59151,0.0,0.0,0.0,0.0,0.0,0.0,0.0,0.0,-9.66797,-48.9704,0.0188,0.1476,TripleIncreaseAngularVelo,extended
30.9219,429,0.00747841,-1.56965,0.0,0.0,0.0,0.0,0.0,0.0,0.0,0.0,-13.1836,-50.828,0.0188,0.1476,TripleIncreaseAngularVelo,extended
30.982,430,0.011697,-1.4684,0.0,0.0,0.0,0.0,0.0,0.0,0.0,0.0,-16.6992,-54.5646,0.0188,0.1476,TripleIncreaseAngularVelo,extended
31.0421,431,0.0113131,-1.33859,0.0,0.0,0.0,0.0,0.0,0.0,0.0,0.0,-19.5117,-54.772,0.0188,0.1476,TripleIncreaseAngularVelo,extended
31.1021,432,0.0124637,-1.13534,0.0,0.0,0.0,0.0,0.0,0.0,0.0,0.0,-21.9727,-52.8136,0.0188,0.1476,TripleIncreaseAngularVelo,extended
31.1622,433,0.00939577,-0.989609,0.0,0.0,0.0,0.0,0.0,0.0,0.0,0.0,-23.7305,-46.8138,0.0188,0.1476,TripleIncreaseAngularVelo,extended
31.2223,434,0.0103547,-0.889709,0.0,0.0,0.0,0.0,0.0,0.0,0.0,0.0,-24.9609,-39.2059,0.0188,0.1476,TripleIncreaseAngularVelo,extended
31.2824,435,0.00728672,-0.841772,0.0,0.0,0.0,0.0,0.0,0.0,0.0,0.0,-25.1367,-28.0878,0.0188,0.1476,TripleIncreaseAngularVelo,extended
31.3425,436,0.00441044,-0.842923,0.0,0.0,0.0,0.0,0.0,0.0,0.0,0.0,-24.7852,-17.5549,0.0188,0.1476,TripleIncreaseAngularVelo,extended
31.4418,437,0.000383552,-0.938796,0.0,0.0,0.0,0.0,0.0,0.0,0.0,0.0,-22.8516,-2.58747,0.00674,0.13537,TripleIncreaseAngularVelo,seated
31.5349,438,-0.000383202,-1.04618,0.0,0.0,0.0,0.0,0.0,0.0,0.0,0.0,-20.0391,9.90402,0.00674,0.13537,TripleIncreaseAngularVelo,seated
31.6312,439,0.0090124,-1.11194,0.0,0.0,0.0,0.0,0.0,0.0,0.0,0.0,-16.875,19.7755,0.00674,0.13537,TripleIncreaseAngularVelo,seated
31.7417,440,0.00843733,-1.05116,0.0,0.0,0.0,0.0,0.0,0.0,0.0,0.0,-12.1289,28.3195,0.00674,0.13537,TripleIncreaseAngularVelo,seated
31.8515,441,0.0155317,-0.768908,0.0,0.0,0.0,0.0,0.0,0.0,0.0,0.0,-5.97656,36.9487,0.00674,0.13537,TripleIncreaseAngularVelo,seated
31.9449,442,0.0218593,-0.407847,0.0,0.0,0.0,0.0,0.0,0.0,0.0,0.0,-1.75781,41.9308,0.00674,0.13537,TripleIncreaseAngularVelo,seated
32.0467,443,0.0182163,0.0684536,0.0,0.0,0.0,0.0,0.0,0.0,0.0,0.0,3.86719,46.7157,0.00674,0.13537,TripleIncreaseAngularVelo,seated
32.1873,444,0.0120804,0.473616,0.0,0.0,0.0,0.0,0.0,0.0,0.0,0.0,10.5469,49.3134,0.00674,0.13537,TripleIncreaseAngularVelo,seated
32.2474,445,0.0143811,0.519828,0.0,0.0,0.0,0.0,0.0,0.0,0.0,0.0,13.7109,51.1027,0.00674,0.13537,TripleIncreaseAngularVelo,seated
32.3074,446,0.00575274,0.480136,0.0,0.0,0.0,0.0,0.0,0.0,0.0,0.0,16.6992,49.7363,0.00674,0.13537,TripleIncreaseAngularVelo,seated
32.3675,447,0.0051772,0.360485,0.0,0.0,0.0,0.0,0.0,0.0,0.0,0.0,19.5117,50.3269,0.00674,0.13537,TripleIncreaseAngularVelo,seated
32.4276,448,0.00230139,0.196925,0.0,0.0,0.0,0.0,0.0,0.0,0.0,0.0,21.7969,47.0711,0.00674,0.13537,TripleIncreaseAngularVelo,seated
32.4876,449,0.00651949,0.0230096,0.0,0.0,0.0,0.0,0.0,0.0,0.0,0.0,23.5547,43.3037,0.00674,0.13537,TripleIncreaseAngularVelo,seated
32.5477,450,0.00728672,-0.095874,0.0,0.0,0.0,0.0,0.0,0.0,0.0,0.0,24.7852,36.8677,0.00674,0.13537,TripleIncreaseAngularVelo,seated
32.6078,451,0.0090124,-0.143811,0.0,0.0,0.0,0.0,0.0,0.0,0.0,0.0,24.9609,27.5045,0.00674,0.13537,TripleIncreaseAngularVelo,seated
32.6679,452,0.00824517,-0.135949,0.0,0.0,0.0,0.0,0.0,0.0,0.0,0.0,24.4336,16.3858,0.00674,0.13537,TripleIncreaseAngularVelo,seated
32.7627,453,0.00594443,-0.0276119,0.0,0.0,0.0,0.0,0.0,0.0,0.0,0.0,22.1484,1.04909,0.0188,0.1476,TripleIncreaseAngularVelo,extended
32.8605,454,-0.000383202,0.145536,0.0,0.0,0.0,0.0,0.0,0.0,0.0,0.0,18.9844,-12.2592,0.0188,0.1476,TripleIncreaseAngularVelo,extended
32.9742,455,-0.00939542,0.182352,0.0,0.0,0.0,0.0,0.0,0.0,0.0,0.0,13.8867,-25.5551,0.0188,0.1476,TripleIncreaseAngularVelo,extended
33.1011,456,-0.0139974,-0.17008,0.0,0.0,0.0,0.0,0.0,0.0,0.0,0.0,8.4375,-33.4978,0.0188,0.1476,TripleIncreaseAngularVelo,extended
33.2057,457,-0.0199416,-0.629124,0.0,0.0,0.0,0.0,0.0,0.0,0.0,0.0,4.04297,-37.9128,0.0188,0.1476,TripleIncreaseAngularVelo,extended
33.2989,458,-0.0139974,-1.1455,0.0,0.0,0.0,0.0,0.0,0.0,0.0,0.0,-0.527344,-42.2859,0.0188,0.1476,TripleIncreaseAngularVelo,extended
33.3959,459,-0.00920374,-1.47396,0.0,0.0,0.0,0.0,0.0,0.0,0.0,0.0,-5.625,-45.9565,0.0188,0.1476,TripleIncreaseAngularVelo,extended
33.456,460,-0.00632745,-1.56428,0.0,0.0,0.0,0.0,0.0,0.0,0.0,0.0,-8.96484,-47.4261,0.0188,0.1476,TripleIncreaseAngularVelo,extended
33.5161,461,-0.000958268,-1.55565,0.0,0.0,0.0,0.0,0.0,0.0,0.0,0.0,-12.4805,-50.4003,0.0188,0.1476,TripleIncreaseAngularVelo,extended
33.5762,462,0.00325983,-1.46802,0.0,0.0,0.0,0.0,0.0,0.0,0.0,0.0,-15.8203,-53.6143,0.0188,0.1476,TripleIncreaseAngularVelo,extended
33.6363,463,0.0063278,-1.34894,0.0,0.0,0.0,0.0,0.0,0.0,0.0,0.0,-18.8086,-54.194,0.0188,0.1476,TripleIncreaseAngularVelo,extended
33.6964,464,0.0090124,-1.18884,0.0,0.0,0.0,0.0,0.0,0.0,0.0,0.0,-21.0938,-51.4922,0.0188,0.1476,TripleIncreaseAngularVelo,extended
33.7564,465,0.00939577,-1.03697,0.0,0.0,0.0,0.0,0.0,0.0,0.0,0.0,-23.0273,-46.8122,0.0188,0.1476,TripleIncreaseAngularVelo,extended
33.8165,466,0.00958746,-0.920772,0.0,0.0,0.0,0.0,0.0,0.0,0.0,0.0,-24.2578,-39.2053,0.0188,0.1476,TripleIncreaseAngularVelo,extended
33.8766,467,0.00728672,-0.863631,0.0,0.0,0.0,0.0,0.0,0.0,0.0,0.0,-24.4336,-28.6729,0.0188,0.1476,TripleIncreaseAngularVelo,extended
33.9366,468,0.00498551,-0.855194,0.0,0.0,0.0,0.0,0.0,0.0,0.0,0.0,-24.082,-17.5562,0.0188,0.1476,TripleIncreaseAngularVelo,extended
34.0283,469,0.00230139,-0.93151,0.0,0.0,0.0,0.0,0.0,0.0,0.0,0.0,-22.6758,-4.76578,0.00674,0.13537,TripleIncreaseAngularVelo,seated
34.1299,470,0.00134247,-1.04733,0.0,0.0,0.0,0.0,0.0,0.0,0.0,0.0,-19.6875,8.94318,0.00674,0.13537,TripleIncreaseAngularVelo,seated
34.2248,471,0.0103547,-1.0945,0.0,0.0,0.0,0.0,0.0,0.0,0.0,0.0,-16.5234,18.9433,0.00674,0.13537,TripleIncreaseAngularVelo,seated
34.3253,472,0.0113131,-0.991911,0.0,0.0,0.0,0.0,0.0,0.0,0.0,0.0,-12.6562,26.2473,0.00674,0.13537,TripleIncreaseAngularVelo,seated
34.4292,473,0.0201337,-0.747624,0.0,0.0,0.0,0.0,0.0,0.0,0.0,0.0,-6.85547,34.9746,0.00674,0.13537,TripleIncreaseAngularVelo,seated
34.5292,474,0.0232016,-0.43776,0.0,0.0,0.0,0.0,0.0,0.0,0.0,0.0,-2.28516,40.7095,0.00674,0.13537,TripleIncreaseAngularVelo,seated
34.6249,475,0.0203254,-0.054073,0.0,0.0,0.0,0.0,0.0,0.0,0.0,0.0,2.63672,45.0947,0.00674,0.13537,TripleIncreaseAngularVelo,seated
34.7348,476,0.0245439,0.380427,0.0,0.0,0.0,0.0,0.0,0.0,0.0,0.0,7.73438,47.5617,0.00674,0.13537,TripleIncreaseAngularVelo,seated
34.7949,477,0.0141894,0.469206,0.0,0.0,0.0,0.0,0.0,0.0,0.0,0.0,10.7227,49.7839,0.00674,0.13537,TripleIncreaseAngularVelo,seated
34.855,478,0.0128471,0.500653,0.0,0.0,0.0,0.0,0.0,0.0,0.0,0.0,13.7109,48.3011,0.00674,0.13537,TripleIncreaseAngularVelo,seated
34.9151,479,0.00824517,0.444471,0.0,0.0,0.0,0.0,0.0,0.0,0.0,0.0,16.6992,49.1983,0.00674,0.13537,TripleIncreaseAngularVelo,seated
34.9752,480,0.0063278,0.321752,0.0,0.0,0.0,0.0,0.0,0.0,0.0,0.0,19.5117,48.1848,0.00674,0.13537,TripleIncreaseAngularVelo,seated
35.0352,481,0.00536936,0.160493,0.0,0.0,0.0,0.0,0.0,0.0,0.0,0.0,21.6211,46.2276,0.00674,0.13537,TripleIncreaseAngularVelo,seated
35.0953,482,0.00939577,-0.0394999,0.0,0.0,0.0,0.0,0.0,0.0,0.0,0.0,23.2031,41.5457,0.00674,0.13537,TripleIncreaseAngularVelo,seated
35.1554,483,0.00997132,-0.103161,0.0,0.0,0.0,0.0,0.0,0.0,0.0,0.0,24.2578,35.1092,0.00674,0.13537,TripleIncreaseAngularVelo,seated
35.2155,484,0.0105464,-0.139784,0.0,0.0,0.0,0.0,0.0,0.0,0.0,0.0,24.2578,25.1616,0.00674,0.13537,TripleIncreaseAngularVelo,seated
35.2756,485,0.00920409,-0.121952,0.0,0.0,0.0,0.0,0.0,0.0,0.0,0.0,23.5547,13.4586,0.00674,0.13537,TripleIncreaseAngularVelo,seated
35.3776,486,0.00805348,0.0118883,0.0,0.0,0.0,0.0,0.0,0.0,0.0,0.0,21.0938,-1.54008,0.0188,0.1476,TripleIncreaseAngularVelo,extended
35.4728,487,0.000383552,0.177175,0.0,0.0,0.0,0.0,0.0,0.0,0.0,0.0,17.9297,-13.9714,0.0188,0.1476,TripleIncreaseAngularVelo,extended
35.5696,488,-0.00958711,0.187337,0.0,0.0,0.0,0.0,0.0,0.0,0.0,0.0,13.7109,-25.465,0.0188,0.1476,TripleIncreaseAngularVelo,extended
35.6653,489,-0.00786144,-0.0663449,0.0,0.0,0.0,0.0,0.0,0.0,0.0,0.0,9.66797,-32.4326,0.0188,0.1476,TripleIncreaseAngularVelo,extended
35.7808,490,-0.0128468,-0.518294,0.0,0.0,0.0,0.0,0.0,0.0,0.0,0.0,4.74609,-37.2243,0.0188,0.1476,TripleIncreaseAngularVelo,extended
35.8778,491,-0.00862819,-0.994787,0.0,0.0,0.0,0.0,0.0,0.0,0.0,0.0,0.351562,-41.4696,0.0188,0.1476,TripleIncreaseAngularVelo,extended
35.9827,492,-0.00441009,-1.38442,0.0,0.0,0.0,0.0,0.0,0.0,0.0,0.0,-4.92188,-44.8122,0.0188,0.1476,TripleIncreaseAngularVelo,extended
36.0822,493,0.00306815,-1.50714,0.0,0.0,0.0,0.0,0.0,0.0,0.0,0.0,-10.3711,-46.9775,0.0188,0.1476,TripleIncreaseAngularVelo,extended
36.1423,494,0.00843733,-1.4847,0.0,0.0,0.0,0.0,0.0,0.0,0.0,0.0,-13.7109,-49.0169,0.0188,0.1476,TripleIncreaseAngularVelo,extended
36.2024,495,0.0134227,-1.39324,0.0,0.0,0.0,0.0,0.0,0.0,0.0,0.0,-16.6992,-50.8743,0.0188,0.1476,TripleIncreaseAngularVelo,extended
36.2624,496,0.0164906,-1.26074,0.0,0.0,0.0,0.0,0.0,0.0,0.0,0.0,-19.3359,-51.1877,0.0188,0.1476,TripleIncreaseAngularVelo,extended
36.3225,497,0.018408,-1.10159,0.0,0.0,0.0,0.0,0.0,0.0,0.0,0.0,-21.2695,-48.1069,0.0188,0.1476,TripleIncreaseAngularVelo,extended
36.3826,498,0.0161073,-0.973119,0.0,0.0,0.0,0.0,0.0,0.0,0.0,0.0,-22.8516,-41.5456,0.0188,0.1476,TripleIncreaseAngularVelo,extended
36.4427,499,0.0136144,-0.891435,0.0,0.0,0.0,0.0,0.0,0.0,0.0,0.0,-23.7305,-33.3532,0.0188,0.1476,TripleIncreaseAngularVelo,extended
36.5028,500,0.010163,-0.854236,0.0,0.0,0.0,0.0,0.0,0.0,0.0,0.0,-23.7305,-23.406,0.0188,0.1476,TripleIncreaseAngularVelo,extended
36.5628,501,0.00651949,-0.856728,0.0,0.0,0.0,0.0,0.0,0.0,0.0,0.0,-23.2031,-12.8733,0.0188,0.1476,TripleIncreaseAngularVelo,extended
36.6574,502,0.00191754,-0.926908,0.0,0.0,0.0,0.0,0.0,0.0,0.0,0.0,-21.2695,0.0,0.00674,0.13537,TripleIncreaseAngularVelo,seated
36.7515,503,0.00115078,-1.01588,0.0,0.0,0.0,0.0,0.0,0.0,0.0,0.0,-18.457,11.9124,0.00674,0.13537,TripleIncreaseAngularVelo,seated
36.8483,504,0.00824517,-1.03505,0.0,0.0,0.0,0.0,0.0,0.0,0.0,0.0,-15.293,20.8039,0.00674,0.13537,TripleIncreaseAngularVelo,seated
36.9478,505,0.0224349,-0.922115,0.0,0.0,0.0,0.0,0.0,0.0,0.0,0.0,-11.25,28.0467,0.00674,0.13537,TripleIncreaseAngularVelo,seated
37.0526,506,0.0310633,-0.683388,0.0,0.0,0.0,0.0,0.0,0.0,0.0,0.0,-5.625,35.8943,0.00674,0.13537,TripleIncreaseAngularVelo,seated
37.151,507,0.0295293,-0.356842,0.0,0.0,0.0,0.0,0.0,0.0,0.0,0.0,-1.05469,40.9518,0.00674,0.13537,TripleIncreaseAngularVelo,seated
37.2608,508,0.0218593,0.0561817,0.0,0.0,0.0,0.0,0.0,0.0,0.0,0.0,4.57031,45.2177,0.00674,0.13537,TripleIncreaseAngularVelo,seated
37.3684,509,0.022051,0.424146,0.0,0.0,0.0,0.0,0.0,0.0,0.0,0.0,9.31641,47.3097,0.00674,0.13537,TripleIncreaseAngularVelo,seated
37.4285,510,0.0130393,0.512733,0.0,0.0,0.0,0.0,0.0,0.0,0.0,0.0,12.1289,48.629,0.00674,0.13537,TripleIncreaseAngularVelo,seated
37.4886,511,0.0136144,0.513308,0.0,0.0,0.0,0.0,0.0,0.0,0.0,0.0,14.9414,47.1675,0.00674,0.13537,TripleIncreaseAngularVelo,seated
37.5487,512,0.00709503,0.436034,0.0,0.0,0.0,0.0,0.0,0.0,0.0,0.0,17.7539,47.2978,0.00674,0.13537,TripleIncreaseAngularVelo,seated
37.6088,513,0.00575274,0.303536,0.0,0.0,0.0,0.0,0.0,0.0,0.0,0.0,20.0391,44.4511,0.00674,0.13537,TripleIncreaseAngularVelo,seated
37.6688,514,0.00460213,0.142277,0.0,0.0,0.0,0.0,0.0,0.0,0.0,0.0,21.7969,41.5462,0.00674,0.13537,TripleIncreaseAngularVelo,seated
37.7289,515,0.0115053,-0.00958746,0.0,0.0,0.0,0.0,0.0,0.0,0.0,0.0,23.2031,36.8647,0.00674,0.13537,TripleIncreaseAngularVelo,seated
37.789,516,0.011697,-0.0882041,0.0,0.0,0.0,0.0,0.0,0.0,0.0,0.0,23.7305,29.2565,0.00674,0.13537,TripleIncreaseAngularVelo,seated
37.8491,517,0.0120804,-0.127896,0.0,0.0,0.0,0.0,0.0,0.0,0.0,0.0,23.5547,19.3095,0.00674,0.13537,TripleIncreaseAngularVelo,seated
37.9851,518,0.00805348,-0.0216677,0.0,0.0,0.0,0.0,0.0,0.0,0.0,0.0,20.5664,1.40132,0.0188,0.1476,TripleIncreaseAngularVelo,extended
38.0868,519,-0.000574891,0.134607,0.0,0.0,0.0,0.0,0.0,0.0,0.0,0.0,17.0508,-11.3543,0.0188,0.1476,TripleIncreaseAngularVelo,extended
38.1773,520,-0.00786144,0.165286,0.0,0.0,0.0,0.0,0.0,0.0,0.0,0.0,13.0078,-22.7368,0.0188,0.1476,TripleIncreaseAngularVelo,extended
38.2696,521,-0.0205167,-0.0500461,0.0,0.0,0.0,0.0,0.0,0.0,0.0,0.0,8.96484,-30.721,0.0188,0.1476,TripleIncreaseAngularVelo,extended
38.393,522,-0.0178321,-0.53536,0.0,0.0,0.0,0.0,0.0,0.0,0.0,0.0,3.86719,-36.1956,0.0188,0.1476,TripleIncreaseAngularVelo,extended
38.5004,523,-0.00862819,-1.01511,0.0,0.0,0.0,0.0,0.0,0.0,0.0,0.0,-0.878906,-41.6118,0.0188,0.1476,TripleIncreaseAngularVelo,extended
38.6068,524,-0.00153381,-1.37886,0.0,0.0,0.0,0.0,0.0,0.0,0.0,0.0,-6.15234,-44.6216,0.0188,0.1476,TripleIncreaseAngularVelo,extended
38.6669,525,0.00479382,-1.47243,0.0,0.0,0.0,0.0,0.0,0.0,0.0,0.0,-9.31641,-45.5981,0.0188,0.1476,TripleIncreaseAngularVelo,extended
38.727,526,0.0076701,-1.48259,0.0,0.0,0.0,0.0,0.0,0.0,0.0,0.0,-12.4805,-46.8909,0.0188,0.1476,TripleIncreaseAngularVelo,extended
38.7871,527,0.0107381,-1.41318,0.0,0.0,0.0,0.0,0.0,0.0,0.0,0.0,-15.4688,-49.0681,0.0188,0.1476,TripleIncreaseAngularVelo,extended
38.8471,528,0.0189831,-1.3152,0.0,0.0,0.0,0.0,0.0,0.0,0.0,0.0,-18.2812,-50.1932,0.0188,0.1476,TripleIncreaseAngularVelo,extended
38.9072,529,0.02301,-1.171,0.0,0.0,0.0,0.0,0.0,0.0,0.0,0.0,-20.3906,-47.3975,0.0188,0.1476,TripleIncreaseAngularVelo,extended
38.9673,530,0.0228183,-1.03045,0.0,0.0,0.0,0.0,0.0,0.0,0.0,0.0,-21.9727,-42.1305,0.0188,0.1476,TripleIncreaseAngularVelo,extended
39.0274,531,0.0210926,-0.926525,0.0,0.0,0.0,0.0,0.0,0.0,0.0,0.0,-23.0273,-35.1084,0.0188,0.1476,TripleIncreaseAngularVelo,extended
39.0875,532,0.0182163,-0.869576,0.0,0.0,0.0,0.0,0.0,0.0,0.0,0.0,-23.3789,-26.3312,0.0188,0.1476,TripleIncreaseAngularVelo,extended
39.1476,533,0.0159151,-0.851743,0.0,0.0,0.0,0.0,0.0,0.0,0.0,0.0,-23.2031,-16.3838,0.0188,0.1476,TripleIncreaseAngularVelo,extended
39.2511,534,0.011697,-0.894311,0.0,0.0,0.0,0.0,0.0,0.0,0.0,0.0,-21.7969,-4.08988,0.00674,0.13537,TripleIncreaseAngularVelo,seated
39.3413,535,0.0122721,-0.949534,0.0,0.0,0.0,0.0,0.0,0.0,0.0,0.0,-19.5117,6.58038,0.00674,0.13537,TripleIncreaseAngularVelo,seated
39.4443,536,0.0233933,-0.975612,0.0,0.0,0.0,0.0,0.0,0.0,0.0,0.0,-16.875,14.7565,0.00674,0.13537,TripleIncreaseAngularVelo,seated
39.5376,537,0.0260779,-0.880314,0.0,0.0,0.0,0.0,0.0,0.0,0.0,0.0,-13.8867,21.0863,0.00674,0.13537,TripleIncreaseAngularVelo,seated
39.6318,538,0.0337478,-0.706782,0.0,0.0,0.0,0.0,0.0,0.0,0.0,0.0,-10.0195,27.2238,0.00674,0.13537,TripleIncreaseAngularVelo,seated
39.7561,539,0.025119,-0.338435,0.0,0.0,0.0,0.0,0.0,0.0,0.0,0.0,-5.44922,32.3703,0.00674,0.13537,TripleIncreaseAngularVelo,seated
39.855,540,0.0207092,-0.0051772,0.0,0.0,0.0,0.0,0.0,0.0,0.0,0.0,-1.40625,35.246,0.00674,0.13537,TripleIncreaseAngularVelo,seated
39.9567,541,0.0178329,0.267488,0.0,0.0,0.0,0.0,0.0,0.0,0.0,0.0,2.46094,37.7364,0.00674,0.13537,TripleIncreaseAngularVelo,seated
40.0766,542,0.00958746,0.349364,0.0,0.0,0.0,0.0,0.0,0.0,0.0,0.0,6.85547,38.4872,0.00674,0.13537,TripleIncreaseAngularVelo,seated
40.1367,543,0.00805348,0.296442,0.0,0.0,0.0,0.0,0.0,0.0,0.0,0.0,8.96484,37.6053,0.00674,0.13537,TripleIncreaseAngularVelo,seated
40.1967,544,0.00575274,0.204594,0.0,0.0,0.0,0.0,0.0,0.0,0.0,0.0,10.8984,37.0986,0.00674,0.13537,TripleIncreaseAngularVelo,seated
40.2568,545,0.00556105,0.0891627,0.0,0.0,0.0,0.0,0.0,0.0,0.0,0.0,12.1289,33.6828,0.00674,0.13537,TripleIncreaseAngularVelo,seated
40.3169,546,0.0105464,-0.0621263,0.0,0.0,0.0,0.0,0.0,0.0,0.0,0.0,13.1836,29.7694,0.00674,0.13537,TripleIncreaseAngularVelo,seated
40.377,547,0.010163,-0.101627,0.0,0.0,0.0,0.0,0.0,0.0,0.0,0.0,13.8867,23.4052,0.00674,0.13537,TripleIncreaseAngularVelo,seated
40.4375,548,0.0113131,-0.141894,0.0,0.0,0.0,0.0,0.0,0.0,0.0,0.0,14.0625,16.9456,0.00674,0.13537,TripleIncreaseAngularVelo,seated
40.4976,549,0.00843733,-0.135565,0.0,0.0,0.0,0.0,0.0,0.0,0.0,0.0,13.5352,8.76499,0.00674,0.13537,TripleIncreaseAngularVelo,seated
40.5943,550,0.00210923,-0.0630853,0.0,0.0,0.0,0.0,0.0,0.0,0.0,0.0,12.1289,0.0,0.0188,0.1476,TripleIncreaseAngularVelo,extended
40.6974,551,-0.00671083,0.0247353,0.0,0.0,0.0,0.0,0.0,0.0,0.0,0.0,9.84375,-8.77784,0.0188,0.1476,TripleIncreaseAngularVelo,extended
40.7902,552,-0.0153397,0.00460178,0.0,0.0,0.0,0.0,0.0,0.0,0.0,0.0,7.20703,-16.1633,0.0188,0.1476,TripleIncreaseAngularVelo,extended
40.8912,553,-0.0209001,-0.218401,0.0,0.0,0.0,0.0,0.0,0.0,0.0,0.0,4.57031,-20.921,0.0188,0.1476,TripleIncreaseAngularVelo,extended
40.9896,554,-0.021859,-0.505255,0.0,0.0,0.0,0.0,0.0,0.0,0.0,0.0,1.75781,-23.937,0.0188,0.1476,TripleIncreaseAngularVelo,extended
41.0864,555,-0.00958711,-0.803039,0.0,0.0,0.0,0.0,0.0,0.0,0.0,0.0,-1.23047,-27.1459,0.0188,0.1476,TripleIncreaseAngularVelo,extended
41.1987,556,0.00115078,-1.106,0.0,0.0,0.0,0.0,0.0,0.0,0.0,0.0,-4.57031,-28.7503,0.0188,0.1476,TripleIncreaseAngularVelo,extended
41.2588,557,0.00441044,-1.21012,0.0,0.0,0.0,0.0,0.0,0.0,0.0,0.0,-6.32812,-28.8858,0.0188,0.1476,TripleIncreaseAngularVelo,extended
41.3189,558,0.00498551,-1.2523,0.0,0.0,0.0,0.0,0.0,0.0,0.0,0.0,-8.08594,-29.5914,0.0188,0.1476,TripleIncreaseAngularVelo,extended
