0.000618935,0,-0.023968,-0.230673,0.0,0.0,0.0,0.0,0.0,0.0,0.0,0.0,-0.175781,0.0,0.00674,0.13537,None,seated
0.030695,1,-0.0226257,-0.231439,0.0,0.0,0.0,0.0,0.0,0.0,0.0,0.0,-0.175781,0.0,0.00674,0.13537,Nothing,seated
0.060776,2,-0.0210918,-0.230864,0.0,0.0,0.0,0.0,0.0,0.0,0.0,0.0,-0.351562,0.0,0.00674,0.13537,Nothing,seated
0.0908549,3,-0.013614,-0.225303,0.0,0.0,0.0,0.0,0.0,0.0,0.0,0.0,-0.351562,0.0,0.00674,0.13537,Nothing,seated
0.120932,4,-0.0147641,-0.217058,0.0,0.0,0.0,0.0,0.0,0.0,0.0,0.0,-0.527344,0.0,0.00674,0.13537,Nothing,seated
0.151011,5,-0.0116962,-0.218209,0.0,0.0,0.0,0.0,0.0,0.0,0.0,0.0,-0.527344,-2.33764,0.00674,0.13537,Nothing,seated
0.181086,6,-0.0107377,-0.218209,0.0,0.0,0.0,0.0,0.0,0.0,0.0,0.0,-0.703125,-3.50649,0.00674,0.13537,Nothing,seated
0.211163,7,0.013806,-0.21725,0.0,0.0,0.0,0.0,0.0,0.0,0.0,0.0,-0.703125,-2.33772,0.00674,0.13537,Nothing,seated
0.241241,8,0.00805348,-0.224345,0.0,0.0,0.0,0.0,0.0,0.0,0.0,0.0,-0.703125,-2.33773,0.00674,0.13537,Nothing,seated
0.271318,9,-0.00575239,-0.223578,0.0,0.0,0.0,0.0,0.0,0.0,0.0,0.0,-0.703125,-1.16887,0.00674,0.13537,Nothing,seated
0.301398,10,0.00498551,-0.211306,0.0,0.0,0.0,0.0,0.0,0.0,0.0,0.0,-0.703125,-1.16886,0.00674,0.13537,Nothing,seated
0.331477,11,0.00210923,-0.231248,0.0,0.0,0.0,0.0,0.0,0.0,0.0,0.0,-0.703125,0.0,0.00674,0.13537,Nothing,seated
0.361556,12,0.00306815,-0.21725,0.0,0.0,0.0,0.0,0.0,0.0,0.0,0.0,-0.703125,0.0,0.00674,0.13537,Nothing,seated
0.391638,13,-0.00191719,-0.212265,0.0,0.0,0.0,0.0,0.0,0.0,0.0,0.0,-0.703125,0.0,0.00674,0.13537,Nothing,seated
0.42172,14,-0.000958268,-0.226262,0.0,0.0,0.0,0.0,0.0,0.0,0.0,0.0,-0.703125,0.0,0.00674,0.13537,Nothing,seated
0.4518,15,0.00306815,-0.215333,0.0,0.0,0.0,0.0,0.0,0.0,0.0,0.0,-0.703125,0.0,0.00674,0.13537,Nothing,seated
0.481873,16,0.00594443,-0.214182,0.0,0.0,0.0,0.0,0.0,0.0,0.0,0.0,-0.703125,0.0,0.00674,0.13537,Nothing,seated
0.511952,17,0.00115078,-0.216292,0.0,0.0,0.0,0.0,0.0,0.0,0.0,0.0,-0.703125,0.0,0.00674,0.13537,Nothing,seated
0.542234,18,0.00210923,-0.213224,0.0,0.0,0.0,0.0,0.0,0.0,0.0,0.0,-0.703125,0.0,0.00674,0.13537,Nothing,seated
0.572318,19,0.00786179,-0.222235,0.0,0.0,0.0,0.0,0.0,0.0,0.0,0.0,-0.703125,0.0,0.00674,0.13537,Nothing,seated
0.602395,20,0.00210923,-0.212265,0.0,0.0,0.0,0.0,0.0,0.0,0.0,0.0,-0.703125,0.0,0.00674,0.13537,Nothing,seated
0.632471,21,0.00402706,-0.218209,0.0,0.0,0.0,0.0,0.0,0.0,0.0,0.0,-0.703125,0.0,0.00674,0.13537,Nothing,seated
0.66255,22,0.00115078,-0.216292,0.0,0.0,0.0,0.0,0.0,0.0,0.0,0.0,-0.703125,0.0,0.00674,0.13537,Nothing,seated
0.692632,23,-0.000958268,-0.212265,0.0,0.0,0.0,0.0,0.0,0.0,0.0,0.0,-0.703125,0.0,0.00674,0.13537,Nothing,seated
0.722694,24,-0.00383455,-0.220318,0.0,0.0,0.0,0.0,0.0,0.0,0.0,0.0,-0.527344,1.16894,0.00674,0.13537,Nothing,seated
0.752774,25,-0.00383455,-0.216292,0.0,0.0,0.0,0.0,0.0,0.0,0.0,0.0,-0.527344,1.16892,0.00674,0.13537,Nothing,seated
0.782853,26,-0.0116962,-0.21725,0.0,0.0,0.0,0.0,0.0,0.0,0.0,0.0,-0.527344,1.1689,0.00674,0.13537,Nothing,seated
0.812933,27,-0.013614,-0.216292,0.0,0.0,0.0,0.0,0.0,0.0,0.0,0.0,-0.351562,2.33778,0.00674,0.13537,Nothing,seated
0.84301,28,-0.0126551,-0.213224,0.0,0.0,0.0,0.0,0.0,0.0,0.0,0.0,-0.351562,2.33786,0.00674,0.13537,Nothing,seated
0.873097,29,-0.00862819,-0.214182,0.0,0.0,0.0,0.0,0.0,0.0,0.0,0.0,-0.351562,1.16873,0.00674,0.13537,Nothing,seated
0.903174,30,-0.00766975,-0.215333,0.0,0.0,0.0,0.0,0.0,0.0,0.0,0.0,-0.351562,1.16876,0.00674,0.13537,Nothing,seated
0.933253,31,-0.0097788,-0.214182,0.0,0.0,0.0,0.0,0.0,0.0,0.0,0.0,-0.351562,1.16876,0.00674,0.13537,Nothing,seated
0.963333,32,-0.00383455,-0.216292,0.0,0.0,0.0,0.0,0.0,0.0,0.0,0.0,-0.175781,1.16876,0.00674,0.13537,Nothing,seated
0.993412,33,-0.00575239,-0.214182,0.0,0.0,0.0,0.0,0.0,0.0,0.0,0.0,-0.175781,1.16874,0.00674,0.13537,Nothing,seated
1.02348,34,-0.000958268,-0.213224,0.0,0.0,0.0,0.0,0.0,0.0,0.0,0.0,-0.175781,1.16891,0.00674,0.13537,Nothing,seated
1.05356,35,-0.00191719,-0.21725,0.0,0.0,0.0,0.0,0.0,0.0,0.0,0.0,0.0,2.33774,0.00674,0.13537,Nothing,seated
1.08364,36,1.74846e-07,-0.216292,0.0,0.0,0.0,0.0,0.0,0.0,0.0,0.0,0.0,2.33764,0.00674,0.13537,Nothing,seated
1.11372,37,0.00306815,-0.215333,0.0,0.0,0.0,0.0,0.0,0.0,0.0,0.0,0.0,1.16883,0.00674,0.13537,Nothing,seated
1.1438,38,0.00210923,-0.216292,0.0,0.0,0.0,0.0,0.0,0.0,0.0,0.0,0.0,1.16882,0.00674,0.13537,Nothing,seated
1.17389,39,-0.000958268,-0.214182,0.0,0.0,0.0,0.0,0.0,0.0,0.0,0.0,0.175781,2.33736,0.00674,0.13537,Nothing,seated
1.20397,40,0.00210923,-0.216292,0.0,0.0,0.0,0.0,0.0,0.0,0.0,0.0,0.175781,1.16865,0.00674,0.13537,Nothing,seated
1.23405,41,1.74846e-07,-0.215333,0.0,0.0,0.0,0.0,0.0,0.0,0.0,0.0,0.351562,2.33744,0.00674,0.13537,Nothing,seated
1.26413,42,-0.000958268,-0.218209,0.0,0.0,0.0,0.0,0.0,0.0,0.0,0.0,0.351562,2.3374,0.00674,0.13537,Nothing,seated
1.29421,43,0.00306815,-0.213224,0.0,0.0,0.0,0.0,0.0,0.0,0.0,0.0,0.351562,2.33739,0.00674,0.13537,Nothing,seated
1.32429,44,0.00306815,-0.205362,0.0,0.0,0.0,0.0,0.0,0.0,0.0,0.0,0.351562,1.16873,0.00674,0.13537,Nothing,seated
1.35438,45,0.00306815,-0.215716,0.0,0.0,0.0,0.0,0.0,0.0,0.0,0.0,0.351562,1.16874,0.00674,0.13537,Nothing,seated
1.38441,46,0.00402706,-0.216292,0.0,0.0,0.0,0.0,0.0,0.0,0.0,0.0,0.527344,1.16908,0.00674,0.13537,Nothing,seated
1.41449,47,0.00498551,-0.218209,0.0,0.0,0.0,0.0,0.0,0.0,0.0,0.0,0.527344,1.16908,0.00674,0.13537,Nothing,seated
1.44457,48,0.00306815,-0.213224,0.0,0.0,0.0,0.0,0.0,0.0,0.0,0.0,0.527344,1.16907,0.00674,0.13537,Nothing,seated
1.47465,49,-0.000958268,-0.211306,0.0,0.0,0.0,0.0,0.0,0.0,0.0,0.0,0.527344,1.16907,0.00674,0.13537,Nothing,seated
1.5047,50,1.74846e-07,-0.214182,0.0,0.0,0.0,0.0,0.0,0.0,0.0,0.0,0.527344,1.16937,0.00674,0.13537,Nothing,seated
1.53478,51,0.00115078,-0.220318,0.0,0.0,0.0,0.0,0.0,0.0,0.0,0.0,0.703125,1.16901,0.00674,0.13537,Nothing,seated
1.56486,52,-0.000958268,-0.210347,0.0,0.0,0.0,0.0,0.0,0.0,0.0,0.0,0.703125,1.16899,0.00674,0.13537,Nothing,seated
1.59494,53,0.00115078,-0.211306,0.0,0.0,0.0,0.0,0.0,0.0,0.0,0.0,0.703125,1.16898,0.00674,0.13537,Nothing,seated
1.62502,54,-0.00479347,-0.215333,0.0,0.0,0.0,0.0,0.0,0.0,0.0,0.0,0.703125,1.16898,0.00674,0.13537,Nothing,seated
1.6551,55,-0.00766975,-0.216292,0.0,0.0,0.0,0.0,0.0,0.0,0.0,0.0,0.703125,1.16873,0.00674,0.13537,Nothing,seated
1.68518,56,-0.00383455,-0.211306,0.0,0.0,0.0,0.0,0.0,0.0,0.0,0.0,0.703125,0.0,0.00674,0.13537,Nothing,seated
1.71526,57,-0.00766975,-0.213224,0.0,0.0,0.0,0.0,0.0,0.0,0.0,0.0,0.703125,0.0,0.00674,0.13537,Nothing,seated
1.74534,58,-0.00862819,-0.213224,0.0,0.0,0.0,0.0,0.0,0.0,0.0,0.0,0.703125,0.0,0.00674,0.13537,Nothing,seated
1.77542,59,-0.00479347,-0.210347,0.0,0.0,0.0,0.0,0.0,0.0,0.0,0.0,0.703125,0.0,0.00674,0.13537,Nothing,seated
1.80551,60,-0.00479347,-0.214182,0.0,0.0,0.0,0.0,0.0,0.0,0.0,0.0,0.703125,0.0,0.00674,0.13537,Nothing,seated
1.83559,61,-0.00479347,-0.210347,0.0,0.0,0.0,0.0,0.0,0.0,0.0,0.0,0.703125,0.0,0.00674,0.13537,Nothing,seated
1.86568,62,-0.00287611,-0.212265,0.0,0.0,0.0,0.0,0.0,0.0,0.0,0.0,0.703125,0.0,0.00674,0.13537,Nothing,seated
1.89575,63,-0.00383455,-0.212265,0.0,0.0,0.0,0.0,0.0,0.0,0.0,0.0,0.703125,0.0,0.00674,0.13537,Nothing,seated
1.92583,64,-0.00383455,-0.215333,0.0,0.0,0.0,0.0,0.0,0.0,0.0,0.0,0.703125,0.0,0.00674,0.13537,Nothing,seated
1.95591,65,-0.00287611,-0.216292,0.0,0.0,0.0,0.0,0.0,0.0,0.0,0.0,0.703125,0.0,0.00674,0.13537,Nothing,seated
1.98599,66,-0.00287611,-0.212265,0.0,0.0,0.0,0.0,0.0,0.0,0.0,0.0,0.527344,-1.16873,0.00674,0.13537,Nothing,seated
2.01607,67,-0.00287611,-0.211306,0.0,0.0,0.0,0.0,0.0,0.0,0.0,0.0,0.527344,-1.16878,0.00674,0.13537,Nothing,seated
2.04615,68,1.74846e-07,-0.210347,0.0,0.0,0.0,0.0,0.0,0.0,0.0,0.0,0.527344,-1.16874,0.00674,0.13537,Nothing,seated
2.07624,69,-0.000958268,-0.215333,0.0,0.0,0.0,0.0,0.0,0.0,0.0,0.0,0.527344,-1.16873,0.00674,0.13537,Nothing,seated
2.10632,70,-0.00191719,-0.212265,0.0,0.0,0.0,0.0,0.0,0.0,0.0,0.0,0.351562,-2.33743,0.00674,0.13537,Nothing,seated
2.1364,71,0.00115078,-0.210347,0.0,0.0,0.0,0.0,0.0,0.0,0.0,0.0,0.351562,-1.16873,0.00674,0.13537,Nothing,seated
2.16648,72,-0.000958268,-0.212265,0.0,0.0,0.0,0.0,0.0,0.0,0.0,0.0,0.351562,-1.16875,0.00674,0.13537,Nothing,seated
2.19655,73,0.00498551,-0.212265,0.0,0.0,0.0,0.0,0.0,0.0,0.0,0.0,0.351562,-1.16876,0.00674,0.13537,Nothing,seated
2.22665,74,0.00306815,-0.213224,0.0,0.0,0.0,0.0,0.0,0.0,0.0,0.0,0.175781,-2.33728,0.00674,0.13537,Nothing,seated
2.25671,75,1.74846e-07,-0.213224,0.0,0.0,0.0,0.0,0.0,0.0,0.0,0.0,0.175781,-1.16881,0.00674,0.13537,Nothing,seated
2.28679,76,0.00498551,-0.215333,0.0,0.0,0.0,0.0,0.0,0.0,0.0,0.0,0.175781,-1.16879,0.00674,0.13537,Nothing,seated
2.31709,77,0.00306815,-0.211306,0.0,0.0,0.0,0.0,0.0,0.0,0.0,0.0,0.0,-2.33415,0.00674,0.13537,Nothing,seated
2.34717,78,0.00402706,-0.209197,0.0,0.0,0.0,0.0,0.0,0.0,0.0,0.0,0.0,-2.33421,0.00674,0.13537,Nothing,seated
2.37725,79,0.00306815,-0.211306,0.0,0.0,0.0,0.0,0.0,0.0,0.0,0.0,0.0,-1.16723,0.00674,0.13537,Nothing,seated
2.40733,80,1.74846e-07,-0.208238,0.0,0.0,0.0,0.0,0.0,0.0,0.0,0.0,0.0,-1.16707,0.00674,0.13537,Nothing,seated
2.43741,81,1.74846e-07,-0.212265,0.0,0.0,0.0,0.0,0.0,0.0,0.0,0.0,-0.175781,-2.33418,0.00674,0.13537,Nothing,seated
2.4675,82,-0.00191719,-0.208238,0.0,0.0,0.0,0.0,0.0,0.0,0.0,0.0,-0.175781,-1.16871,0.00674,0.13537,Nothing,seated
2.49758,83,-0.00671083,-0.215333,0.0,0.0,0.0,0.0,0.0,0.0,0.0,0.0,-0.175781,-1.16867,0.00674,0.13537,Nothing,seated
2.52766,84,-0.00383455,-0.211306,0.0,0.0,0.0,0.0,0.0,0.0,0.0,0.0,-0.351562,-2.33734,0.00674,0.13537,Nothing,seated
2.55769,85,-0.00191719,-0.213224,0.0,0.0,0.0,0.0,0.0,0.0,0.0,0.0,-0.351562,-2.33809,0.00674,0.13537,Nothing,seated
2.58777,86,-0.00287611,-0.210347,0.0,0.0,0.0,0.0,0.0,0.0,0.0,0.0,-0.351562,-1.16902,0.00674,0.13537,Nothing,seated
2.61786,87,-0.00383455,-0.214182,0.0,0.0,0.0,0.0,0.0,0.0,0.0,0.0,-0.351562,-1.16908,0.00674,0.13537,Nothing,seated
2.64794,88,-0.00191719,-0.211306,0.0,0.0,0.0,0.0,0.0,0.0,0.0,0.0,-0.527344,-2.33815,0.00674,0.13537,Nothing,seated
2.67802,89,-0.00479347,-0.211306,0.0,0.0,0.0,0.0,0.0,0.0,0.0,0.0,-0.527344,-1.16907,0.00674,0.13537,Nothing,seated
2.70809,90,-0.00479347,-0.210347,0.0,0.0,0.0,0.0,0.0,0.0,0.0,0.0,-0.527344,-1.16873,0.00674,0.13537,Nothing,seated
2.73817,91,-0.00575239,-0.210347,0.0,0.0,0.0,0.0,0.0,0.0,0.0,0.0,-0.527344,-1.16876,0.00674,0.13537,Nothing,seated
2.76826,92,-0.00383455,-0.212265,0.0,0.0,0.0,0.0,0.0,0.0,0.0,0.0,-0.527344,-1.16873,0.00674,0.13537,Nothing,seated
2.79834,93,-0.00191719,-0.213224,0.0,0.0,0.0,0.0,0.0,0.0,0.0,0.0,-0.703125,-1.16875,0.00674,0.13537,Nothing,seated
2.82842,94,-0.00191719,-0.213224,0.0,0.0,0.0,0.0,0.0,0.0,0.0,0.0,-0.703125,-1.16878,0.00674,0.13537,Nothing,seated
2.8585,95,-0.00383455,-0.213224,0.0,0.0,0.0,0.0,0.0,0.0,0.0,0.0,-0.703125,-1.16872,0.00674,0.13537,Nothing,seated
2.88859,96,-0.000958268,-0.211306,0.0,0.0,0.0,0.0,0.0,0.0,0.0,0.0,-0.703125,-1.16866,0.00674,0.13537,Nothing,seated
2.91868,97,-0.000958268,-0.213224,0.0,0.0,0.0,0.0,0.0,0.0,0.0,0.0,-0.703125,-1.1686,0.00674,0.13537,Nothing,seated
2.94876,98,-0.000958268,-0.213224,0.0,0.0,0.0,0.0,0.0,0.0,0.0,0.0,-0.703125,0.0,0.00674,0.13537,Nothing,seated
2.97884,99,0.00306815,-0.215333,0.0,0.0,0.0,0.0,0.0,0.0,0.0,0.0,-0.703125,0.0,0.00674,0.13537,Nothing,seated
3.00892,100,0.00306815,-0.207279,0.0,0.0,0.0,0.0,0.0,0.0,0.0,0.0,-0.703125,0.0,0.00674,0.13537,Nothing,seated
3.039,101,0.00115078,-0.213224,0.0,0.0,0.0,0.0,0.0,0.0,0.0,0.0,-0.703125,0.0,0.00674,0.13537,Nothing,seated
3.06908,102,0.00210923,-0.211306,0.0,0.0,0.0,0.0,0.0,0.0,0.0,0.0,-0.703125,0.0,0.00674,0.13537,Nothing,seated
3.09916,103,-0.000958268,-0.210347,0.0,0.0,0.0,0.0,0.0,0.0,0.0,0.0,-0.703125,0.0,0.00674,0.13537,Nothing,seated
3.12924,104,0.00402706,-0.211306,0.0,0.0,0.0,0.0,0.0,0.0,0.0,0.0,-0.703125,0.0,0.00674,0.13537,Nothing,seated
3.15932,105,-0.000958268,-0.207279,0.0,0.0,0.0,0.0,0.0,0.0,0.0,0.0,-0.703125,0.0,0.00674,0.13537,Nothing,seated
3.1894,106,1.74846e-07,-0.213224,0.0,0.0,0.0,0.0,0.0,0.0,0.0,0.0,-0.703125,0.0,0.00674,0.13537,Nothing,seated
3.21948,107,0.00115078,-0.213224,0.0,0.0,0.0,0.0,0.0,0.0,0.0,0.0,-0.527344,1.1688,0.00674,0.13537,Nothing,seated
3.24955,108,1.74846e-07,-0.211306,0.0,0.0,0.0,0.0,0.0,0.0,0.0,0.0,-0.527344,1.1688,0.00674,0.13537,Nothing,seated
3.27963,109,-0.00383455,-0.20632,0.0,0.0,0.0,0.0,0.0,0.0,0.0,0.0,-0.527344,1.1688,0.00674,0.13537,Nothing,seated
3.30969,110,-0.00191719,-0.210347,0.0,0.0,0.0,0.0,0.0,0.0,0.0,0.0,-0.527344,1.16894,0.00674,0.13537,Nothing,seated
3.33978,111,-0.00191719,-0.215333,0.0,0.0,0.0,0.0,0.0,0.0,0.0,0.0,-0.351562,2.33783,0.00674,0.13537,Nothing,seated
3.36986,112,-0.000958268,-0.211306,0.0,0.0,0.0,0.0,0.0,0.0,0.0,0.0,-0.351562,1.16891,0.00674,0.13537,Nothing,seated
3.39994,113,-0.00191719,-0.213224,0.0,0.0,0.0,0.0,0.0,0.0,0.0,0.0,-0.351562,1.16887,0.00674,0.13537,Nothing,seated
3.43002,114,-0.00191719,-0.211306,0.0,0.0,0.0,0.0,0.0,0.0,0.0,0.0,-0.351562,1.16887,0.00674,0.13537,Nothing,seated
3.4601,115,-0.00479347,-0.213224,0.0,0.0,0.0,0.0,0.0,0.0,0.0,0.0,-0.351562,1.16867,0.00674,0.13537,Nothing,seated
3.49018,116,-0.00766975,-0.211306,0.0,0.0,0.0,0.0,0.0,0.0,0.0,0.0,-0.175781,1.16869,0.00674,0.13537,Nothing,seated
3.52027,117,-0.00575239,-0.215333,0.0,0.0,0.0,0.0,0.0,0.0,0.0,0.0,-0.175781,1.16866,0.00674,0.13537,Nothing,seated
3.55035,118,-0.00383455,-0.214182,0.0,0.0,0.0,0.0,0.0,0.0,0.0,0.0,-0.175781,1.16864,0.00674,0.13537,Nothing,seated
3.58043,119,-0.00671083,-0.210347,0.0,0.0,0.0,0.0,0.0,0.0,0.0,0.0,0.0,2.33733,0.00674,0.13537,Nothing,seated
3.61051,120,-0.00479347,-0.213224,0.0,0.0,0.0,0.0,0.0,0.0,0.0,0.0,0.0,2.33739,0.00674,0.13537,Nothing,seated
3.64059,121,-0.00479347,-0.212265,0.0,0.0,0.0,0.0,0.0,0.0,0.0,0.0,0.0,1.16869,0.00674,0.13537,Nothing,seated
3.67068,122,-0.00191719,-0.213224,0.0,0.0,0.0,0.0,0.0,0.0,0.0,0.0,0.0,1.16863,0.00674,0.13537,Nothing,seated
3.70076,123,-0.000958268,-0.212265,0.0,0.0,0.0,0.0,0.0,0.0,0.0,0.0,0.175781,2.33738,0.00674,0.13537,Nothing,seated
3.73084,124,-0.000958268,-0.213224,0.0,0.0,0.0,0.0,0.0,0.0,0.0,0.0,0.175781,1.16869,0.00674,0.13537,Nothing,seated
3.76092,125,-0.00287611,-0.210347,0.0,0.0,0.0,0.0,0.0,0.0,0.0,0.0,0.175781,1.16868,0.00674,0.13537,Nothing,seated
3.791,126,0.00210923,-0.208238,0.0,0.0,0.0,0.0,0.0,0.0,0.0,0.0,0.351562,2.3374,0.00674,0.13537,Nothing,seated
3.82108,127,0.00115078,-0.215333,0.0,0.0,0.0,0.0,0.0,0.0,0.0,0.0,0.351562,2.33759,0.00674,0.13537,Nothing,seated
3.85116,128,0.00115078,-0.219167,0.0,0.0,0.0,0.0,0.0,0.0,0.0,0.0,0.351562,1.16878,0.00674,0.13537,Nothing,seated
3.88124,129,-0.00191719,-0.212265,0.0,0.0,0.0,0.0,0.0,0.0,0.0,0.0,0.351562,1.16877,0.00674,0.13537,Nothing,seated
3.91132,130,1.74846e-07,-0.211306,0.0,0.0,0.0,0.0,0.0,0.0,0.0,0.0,0.527344,2.33756,0.00674,0.13537,Nothing,seated
3.94139,131,0.00210923,-0.21725,0.0,0.0,0.0,0.0,0.0,0.0,0.0,0.0,0.527344,1.16881,0.00674,0.13537,Nothing,seated
3.97148,132,-0.000958268,-0.213224,0.0,0.0,0.0,0.0,0.0,0.0,0.0,0.0,0.527344,1.16876,0.00674,0.13537,Nothing,seated
4.00156,133,0.00402706,-0.210347,0.0,0.0,0.0,0.0,0.0,0.0,0.0,0.0,0.527344,1.16877,0.00674,0.13537,Nothing,seated
4.03164,134,-0.000958268,-0.215333,0.0,0.0,0.0,0.0,0.0,0.0,0.0,0.0,0.527344,1.16879,0.00674,0.13537,Nothing,seated
4.06172,135,1.74846e-07,-0.21725,0.0,0.0,0.0,0.0,0.0,0.0,0.0,0.0,0.527344,0.0,0.00674,0.13537,Nothing,seated
4.0918,136,1.74846e-07,-0.221277,0.0,0.0,0.0,0.0,0.0,0.0,0.0,0.0,0.703125,1.16872,0.00674,0.13537,Nothing,seated
4.12189,137,0.00594443,-0.199226,0.0,0.0,0.0,0.0,0.0,0.0,0.0,0.0,0.703125,1.16868,0.00674,0.13537,Nothing,seated
4.15197,138,-0.00191719,-0.211306,0.0,0.0,0.0,0.0,0.0,0.0,0.0,0.0,0.703125,1.16871,0.00674,0.13537,Nothing,seated
4.18204,139,-0.00191719,-0.211306,0.0,0.0,0.0,0.0,0.0,0.0,0.0,0.0,0.703125,1.16873,0.00674,0.13537,Nothing,seated
4.21212,140,-0.00191719,-0.209197,0.0,0.0,0.0,0.0,0.0,0.0,0.0,0.0,0.703125,1.16871,0.00674,0.13537,Nothing,seated
4.2422,141,-0.000958268,-0.203252,0.0,0.0,0.0,0.0,0.0,0.0,0.0,0.0,0.703125,0.0,0.00674,0.13537,Nothing,seated
4.27229,142,0.00115078,-0.216292,0.0,0.0,0.0,0.0,0.0,0.0,0.0,0.0,0.703125,0.0,0.00674,0.13537,Nothing,seated
4.30237,143,-0.00766975,-0.215908,0.0,0.0,0.0,0.0,0.0,0.0,0.0,0.0,0.703125,0.0,0.00674,0.13537,Nothing,seated
4.33244,144,-0.00383455,-0.209197,0.0,0.0,0.0,0.0,0.0,0.0,0.0,0.0,0.703125,0.0,0.00674,0.13537,Nothing,seated
4.36252,145,-0.00287611,-0.211306,0.0,0.0,0.0,0.0,0.0,0.0,0.0,0.0,0.703125,0.0,0.00674,0.13537,Nothing,seated
4.3926,146,-0.000958268,-0.215333,0.0,0.0,0.0,0.0,0.0,0.0,0.0,0.0,0.703125,0.0,0.00674,0.13537,Nothing,seated
4.42269,147,-0.00383455,-0.211306,0.0,0.0,0.0,0.0,0.0,0.0,0.0,0.0,0.703125,0.0,0.00674,0.13537,Nothing,seated
4.45277,148,-0.00383455,-0.211306,0.0,0.0,0.0,0.0,0.0,0.0,0.0,0.0,0.527344,-1.16876,0.00674,0.13537,Nothing,seated
4.48285,149,-0.00383455,-0.211306,0.0,0.0,0.0,0.0,0.0,0.0,0.0,0.0,0.527344,-1.16873,0.00674,0.13537,Nothing,seated
4.51293,150,-0.00287611,-0.21725,0.0,0.0,0.0,0.0,0.0,0.0,0.0,0.0,0.527344,-1.16872,0.00674,0.13537,Nothing,seated
4.54301,151,-0.00287611,-0.212265,0.0,0.0,0.0,0.0,0.0,0.0,0.0,0.0,0.527344,-1.16873,0.00674,0.13537,Nothing,seated
4.57309,152,-0.00383455,-0.212265,0.0,0.0,0.0,0.0,0.0,0.0,0.0,0.0,0.527344,-1.1687,0.00674,0.13537,Nothing,seated
4.60318,153,-0.00191719,-0.209197,0.0,0.0,0.0,0.0,0.0,0.0,0.0,0.0,0.351562,-1.16868,0.00674,0.13537,Nothing,seated
4.63345,154,-0.00287611,-0.212265,0.0,0.0,0.0,0.0,0.0,0.0,0.0,0.0,0.351562,-1.16721,0.00674,0.13537,Nothing,seated
4.68195,155,-0.00191719,-0.214182,0.0,0.0,0.0,0.0,0.0,0.0,0.0,0.0,0.351562,-1.04,0.00674,0.13537,Nothing,seated
4.74078,156,0.00402706,-0.210347,0.0,0.0,0.0,0.0,0.0,0.0,0.0,0.0,0.175781,-1.77761,0.00674,0.13537,Nothing,seated
4.77085,157,1.74846e-07,-0.211306,0.0,0.0,0.0,0.0,0.0,0.0,0.0,0.0,0.175781,-1.77775,0.00674,0.13537,Nothing,seated
4.80091,158,0.00210923,-0.210347,0.0,0.0,0.0,0.0,0.0,0.0,0.0,0.0,0.175781,-0.88897,0.00674,0.13537,Nothing,seated
4.83099,159,0.00210923,-0.20632,0.0,0.0,0.0,0.0,0.0,0.0,0.0,0.0,0.0,-1.77965,0.00674,0.13537,Nothing,seated
4.90556,160,-0.00191719,-0.214182,0.0,0.0,0.0,0.0,0.0,0.0,0.0,0.0,0.0,-1.57216,0.00674,0.13537,Nothing,seated
4.93565,161,0.00210923,-0.209197,0.0,0.0,0.0,0.0,0.0,0.0,0.0,0.0,-0.175781,-1.80411,0.00674,0.13537,Nothing,seated
4.96569,162,1.74846e-07,-0.213224,0.0,0.0,0.0,0.0,0.0,0.0,0.0,0.0,-0.175781,-1.80439,0.00674,0.13537,Nothing,seated
4.99575,163,-0.00383455,-0.208238,0.0,0.0,0.0,0.0,0.0,0.0,0.0,0.0,-0.175781,-1.80437,0.00674,0.13537,Nothing,seated
5.02582,164,0.00306815,-0.213224,0.0,0.0,0.0,0.0,0.0,0.0,0.0,0.0,-0.175781,-0.902228,0.00674,0.13537,Nothing,seated
5.05591,165,-0.00191719,-0.21725,0.0,0.0,0.0,0.0,0.0,0.0,0.0,0.0,-0.351562,-2.3384,0.00674,0.13537,Nothing,seated
5.08599,166,-0.000958268,-0.211306,0.0,0.0,0.0,0.0,0.0,0.0,0.0,0.0,-0.351562,-1.1692,0.00674,0.13537,Nothing,seated
5.11607,167,-0.000958268,-0.21725,0.0,0.0,0.0,0.0,0.0,0.0,0.0,0.0,-0.351562,-1.16891,0.00674,0.13537,Nothing,seated
5.14615,168,-0.00287611,-0.209197,0.0,0.0,0.0,0.0,0.0,0.0,0.0,0.0,-0.351562,-1.16879,0.00674,0.13537,Nothing,seated
5.17623,169,-0.00287611,-0.214182,0.0,0.0,0.0,0.0,0.0,0.0,0.0,0.0,-0.351562,-1.16873,0.00674,0.13537,Nothing,seated
5.20631,170,-0.00575239,-0.210347,0.0,0.0,0.0,0.0,0.0,0.0,0.0,0.0,-0.527344,-1.16876,0.00674,0.13537,Nothing,seated
5.23639,171,-0.00575239,-0.210347,0.0,0.0,0.0,0.0,0.0,0.0,0.0,0.0,-0.527344,-1.16878,0.00674,0.13537,Nothing,seated
5.26647,172,-0.00287611,-0.210347,0.0,0.0,0.0,0.0,0.0,0.0,0.0,0.0,-0.527344,-1.16875,0.00674,0.13537,Nothing,seated
5.29655,173,-0.00191719,-0.210347,0.0,0.0,0.0,0.0,0.0,0.0,0.0,0.0,-0.527344,-1.16878,0.00674,0.13537,Nothing,seated
5.32663,174,-0.00383455,-0.215333,0.0,0.0,0.0,0.0,0.0,0.0,0.0,0.0,-0.527344,-1.16876,0.00674,0.13537,Nothing,seated
5.3567,175,-0.00479347,-0.210347,0.0,0.0,0.0,0.0,0.0,0.0,0.0,0.0,-0.703125,-1.16877,0.00674,0.13537,Nothing,seated
5.38678,176,-0.00191719,-0.215333,0.0,0.0,0.0,0.0,0.0,0.0,0.0,0.0,-0.703125,-1.16879,0.00674,0.13537,Nothing,seated
5.41686,177,-0.000958268,-0.215333,0.0,0.0,0.0,0.0,0.0,0.0,0.0,0.0,-0.703125,-1.16881,0.00674,0.13537,Nothing,seated
5.44694,178,-0.00479347,-0.208238,0.0,0.0,0.0,0.0,0.0,0.0,0.0,0.0,-0.703125,-1.16877,0.00674,0.13537,Nothing,seated
5.47702,179,1.74846e-07,-0.211306,0.0,0.0,0.0,0.0,0.0,0.0,0.0,0.0,-0.703125,-1.16878,0.00674,0.13537,Nothing,seated
5.5071,180,1.74846e-07,-0.213224,0.0,0.0,0.0,0.0,0.0,0.0,0.0,0.0,-0.703125,0.0,0.00674,0.13537,Nothing,seated
5.53718,181,1.74846e-07,-0.213224,0.0,0.0,0.0,0.0,0.0,0.0,0.0,0.0,-0.703125,0.0,0.00674,0.13537,Nothing,seated
5.56727,182,-0.00575239,-0.19635,0.0,0.0,0.0,0.0,0.0,0.0,0.0,0.0,-0.703125,0.0,0.00674,0.13537,Nothing,seated
5.59735,183,0.00115078,-0.221277,0.0,0.0,0.0,0.0,0.0,0.0,0.0,0.0,-0.703125,0.0,0.00674,0.13537,Nothing,seated
5.62743,184,0.00594443,-0.219935,0.0,0.0,0.0,0.0,0.0,0.0,0.0,0.0,-0.703125,0.0,0.00674,0.13537,Nothing,seated
5.65751,185,0.00594443,-0.218209,0.0,0.0,0.0,0.0,0.0,0.0,0.0,0.0,-0.703125,0.0,0.00674,0.13537,Nothing,seated
5.6876,186,-0.00287611,-0.199226,0.0,0.0,0.0,0.0,0.0,0.0,0.0,0.0,-0.527344,1.16866,0.00674,0.13537,Nothing,seated
5.71768,187,0.00402706,-0.213224,0.0,0.0,0.0,0.0,0.0,0.0,0.0,0.0,-0.527344,1.16862,0.00674,0.13537,Nothing,seated
5.74776,188,-0.0116962,-0.207279,0.0,0.0,0.0,0.0,0.0,0.0,0.0,0.0,-0.527344,1.16863,0.00674,0.13537,Nothing,seated
5.77784,189,0.00210923,-0.233932,0.0,0.0,0.0,0.0,0.0,0.0,0.0,0.0,-0.527344,1.16863,0.00674,0.13537,Nothing,seated
5.80792,190,0.00249308,-0.230289,0.0,0.0,0.0,0.0,0.0,0.0,0.0,0.0,-0.527344,1.16868,0.00674,0.13537,Nothing,seated
5.83801,191,0.00325983,-0.227413,0.0,0.0,0.0,0.0,0.0,0.0,0.0,0.0,-0.351562,1.16869,0.00674,0.13537,Nothing,seated
5.86809,192,0.00345152,-0.209197,0.0,0.0,0.0,0.0,0.0,0.0,0.0,0.0,-0.351562,1.16871,0.00674,0.13537,Nothing,seated
5.89817,193,0.00402706,-0.209388,0.0,0.0,0.0,0.0,0.0,0.0,0.0,0.0,-0.351562,1.1687,0.00674,0.13537,Nothing,seated
5.92825,194,0.00210923,-0.208238,0.0,0.0,0.0,0.0,0.0,0.0,0.0,0.0,-0.351562,1.1687,0.00674,0.13537,Nothing,seated
5.95833,195,-0.00479347,-0.214182,0.0,0.0,0.0,0.0,0.0,0.0,0.0,0.0,-0.351562,1.16869,0.00674,0.13537,Nothing,seated
5.99813,196,-0.00191719,-0.208238,0.0,0.0,0.0,0.0,0.0,0.0,0.0,0.0,-0.175781,1.09782,0.00674,0.13537,Nothing,seated
6.07253,197,-0.00191719,-0.208238,0.0,0.0,0.0,0.0,0.0,0.0,0.0,0.0,0.0,1.71969,0.00674,0.13537,Nothing,seated
6.10261,198,0.00210923,-0.211306,0.0,0.0,0.0,0.0,0.0,0.0,0.0,0.0,0.0,1.71966,0.00674,0.13537,Nothing,seated
6.1327,199,-0.00479347,-0.214182,0.0,0.0,0.0,0.0,0.0,0.0,0.0,0.0,0.0,1.71961,0.00674,0.13537,Nothing,seated
6.16278,200,1.74846e-07,-0.213224,0.0,0.0,0.0,0.0,0.0,0.0,0.0,0.0,0.0,1.71962,0.00674,0.13537,Nothing,seated
6.19285,201,-0.00383455,-0.212265,0.0,0.0,0.0,0.0,0.0,0.0,0.0,0.0,0.0,0.902702,0.00674,0.13537,Nothing,seated
6.22293,202,-0.0097788,-0.216292,0.0,0.0,0.0,0.0,0.0,0.0,0.0,0.0,0.175781,1.16871,0.00674,0.13537,Nothing,seated
6.25302,203,-0.000958268,-0.209197,0.0,0.0,0.0,0.0,0.0,0.0,0.0,0.0,0.175781,1.16868,0.00674,0.13537,Nothing,seated
6.28326,204,-0.000958268,-0.214182,0.0,0.0,0.0,0.0,0.0,0.0,0.0,0.0,0.351562,2.33498,0.00674,0.13537,Nothing,seated
6.31334,205,-0.00191719,-0.207279,0.0,0.0,0.0,0.0,0.0,0.0,0.0,0.0,0.351562,2.335,0.00674,0.13537,Nothing,seated
6.34342,206,1.74846e-07,-0.213224,0.0,0.0,0.0,0.0,0.0,0.0,0.0,0.0,0.351562,2.335,0.00674,0.13537,Nothing,seated
6.3735,207,-0.00383455,-0.211306,0.0,0.0,0.0,0.0,0.0,0.0,0.0,0.0,0.351562,1.16745,0.00674,0.13537,Nothing,seated
6.40358,208,-0.000958268,-0.213224,0.0,0.0,0.0,0.0,0.0,0.0,0.0,0.0,0.351562,1.16746,0.00674,0.13537,Nothing,seated
6.43367,209,0.00210923,-0.207279,0.0,0.0,0.0,0.0,0.0,0.0,0.0,0.0,0.527344,1.16866,0.00674,0.13537,Nothing,seated
6.46375,210,-0.00191719,-0.212265,0.0,0.0,0.0,0.0,0.0,0.0,0.0,0.0,0.527344,1.16864,0.00674,0.13537,Nothing,seated
6.49383,211,0.00306815,-0.210347,0.0,0.0,0.0,0.0,0.0,0.0,0.0,0.0,0.527344,1.16865,0.00674,0.13537,Nothing,seated
6.52392,212,1.74846e-07,-0.207279,0.0,0.0,0.0,0.0,0.0,0.0,0.0,0.0,0.527344,1.16859,0.00674,0.13537,Nothing,seated
6.55401,213,-0.00287611,-0.215333,0.0,0.0,0.0,0.0,0.0,0.0,0.0,0.0,0.527344,1.16854,0.00674,0.13537,Nothing,seated
6.58409,214,0.00306815,-0.210347,0.0,0.0,0.0,0.0,0.0,0.0,0.0,0.0,0.527344,0.0,0.00674,0.13537,Nothing,seated
6.61417,215,1.74846e-07,-0.212265,0.0,0.0,0.0,0.0,0.0,0.0,0.0,0.0,0.527344,0.0,0.00674,0.13537,Nothing,seated
6.64425,216,-0.00383455,-0.212265,0.0,0.0,0.0,0.0,0.0,0.0,0.0,0.0,0.703125,1.16856,0.00674,0.13537,Nothing,seated
6.67433,217,0.00115078,-0.209197,0.0,0.0,0.0,0.0,0.0,0.0,0.0,0.0,0.703125,1.16867,0.00674,0.13537,Nothing,seated
6.70441,218,-0.00479347,-0.211306,0.0,0.0,0.0,0.0,0.0,0.0,0.0,0.0,0.703125,1.16875,0.00674,0.13537,Nothing,seated
6.7345,219,-0.000958268,-0.211306,0.0,0.0,0.0,0.0,0.0,0.0,0.0,0.0,0.703125,1.16872,0.00674,0.13537,Nothing,seated
6.76458,220,0.00210923,-0.210347,0.0,0.0,0.0,0.0,0.0,0.0,0.0,0.0,0.703125,1.16873,0.00674,0.13537,Nothing,seated
6.79465,221,-0.00287611,-0.207279,0.0,0.0,0.0,0.0,0.0,0.0,0.0,0.0,0.703125,0.0,0.00674,0.13537,Nothing,seated
6.82474,222,-0.00383455,-0.215333,0.0,0.0,0.0,0.0,0.0,0.0,0.0,0.0,0.703125,0.0,0.00674,0.13537,Nothing,seated
6.85482,223,-0.00287611,-0.211306,0.0,0.0,0.0,0.0,0.0,0.0,0.0,0.0,0.703125,0.0,0.00674,0.13537,Nothing,seated
6.8849,224,-0.000958268,-0.215333,0.0,0.0,0.0,0.0,0.0,0.0,0.0,0.0,0.703125,0.0,0.00674,0.13537,Nothing,seated
6.91498,225,-0.00191719,-0.213224,0.0,0.0,0.0,0.0,0.0,0.0,0.0,0.0,0.527344,-1.16872,0.00674,0.13537,Nothing,seated
6.94505,226,-0.00479347,-0.208238,0.0,0.0,0.0,0.0,0.0,0.0,0.0,0.0,0.527344,-1.16876,0.00674,0.13537,Nothing,seated
6.97513,227,-0.00383455,-0.212265,0.0,0.0,0.0,0.0,0.0,0.0,0.0,0.0,0.527344,-1.16877,0.00674,0.13537,Nothing,seated
7.00521,228,-0.00479347,-0.213224,0.0,0.0,0.0,0.0,0.0,0.0,0.0,0.0,0.527344,-1.1688,0.00674,0.13537,Nothing,seated
7.0353,229,-0.00383455,-0.209197,0.0,0.0,0.0,0.0,0.0,0.0,0.0,0.0,0.527344,-1.16883,0.00674,0.13537,Nothing,seated
7.06538,230,-0.00191719,-0.213224,0.0,0.0,0.0,0.0,0.0,0.0,0.0,0.0,0.527344,0.0,0.00674,0.13537,Nothing,seated
7.09546,231,-0.00479347,-0.214182,0.0,0.0,0.0,0.0,0.0,0.0,0.0,0.0,0.351562,-1.16871,0.00674,0.13537,Nothing,seated
7.12554,232,0.00690335,-0.195391,0.0,0.0,0.0,0.0,0.0,0.0,0.0,0.0,0.351562,-1.16872,0.00674,0.13537,Nothing,seated
7.15563,233,-0.0017255,-0.209388,0.0,0.0,0.0,0.0,0.0,0.0,0.0,0.0,0.351562,-1.16866,0.00674,0.13537,Nothing,seated
7.18569,234,-0.00287611,-0.205362,0.0,0.0,0.0,0.0,0.0,0.0,0.0,0.0,0.351562,-1.16878,0.00674,0.13537,Nothing,seated
7.21578,235,-0.00249225,-0.204786,0.0,0.0,0.0,0.0,0.0,0.0,0.0,0.0,0.351562,-1.16876,0.00674,0.13537,Nothing,seated
7.24585,236,-0.00383455,-0.20632,0.0,0.0,0.0,0.0,0.0,0.0,0.0,0.0,0.175781,-1.1688,0.00674,0.13537,Nothing,seated
7.27593,237,-0.00345117,-0.20632,0.0,0.0,0.0,0.0,0.0,0.0,0.0,0.0,0.175781,-1.16881,0.00674,0.13537,Nothing,seated
7.30601,238,-0.00268442,-0.207663,0.0,0.0,0.0,0.0,0.0,0.0,0.0,0.0,0.175781,-1.16886,0.00674,0.13537,Nothing,seated
7.33609,239,0.000191863,-0.202294,0.0,0.0,0.0,0.0,0.0,0.0,0.0,0.0,0.0,-2.33756,0.00674,0.13537,Nothing,seated
7.36617,240,1.74846e-07,-0.211306,0.0,0.0,0.0,0.0,0.0,0.0,0.0,0.0,0.0,-2.33764,0.00674,0.13537,Nothing,seated
7.39625,241,-0.000766579,-0.207279,0.0,0.0,0.0,0.0,0.0,0.0,0.0,0.0,0.0,-1.16881,0.00674,0.13537,Nothing,seated
7.42633,242,-0.00479347,-0.216292,0.0,0.0,0.0,0.0,0.0,0.0,0.0,0.0,0.0,-1.16878,0.00674,0.13537,Nothing,seated
