0.000268936,0,0.000959094,-0.202677,0.0,0.0,0.0,0.0,0.0,0.0,0.0,0.0,0.527344,0.0,0.00674,0.13537,None,seated
0.060349,1,0.000959094,-0.210731,0.0,0.0,0.0,0.0,0.0,0.0,0.0,0.0,0.527344,0.0,0.00674,0.13537,Nothing,seated
0.120404,2,0.00134247,-0.198267,0.0,0.0,0.0,0.0,0.0,0.0,0.0,0.0,0.527344,0.0,0.00674,0.13537,Nothing,seated
0.180486,3,0.00153416,-0.176983,0.0,0.0,0.0,0.0,0.0,0.0,0.0,0.0,0.351562,0.0,0.00674,0.13537,Nothing,seated
0.240562,4,0.00172585,-0.137483,0.0,0.0,0.0,0.0,0.0,0.0,0.0,0.0,0.175781,0.0,0.00674,0.13537,Nothing,seated
0.300643,5,-0.00939542,-0.062318,0.0,0.0,0.0,0.0,0.0,0.0,0.0,0.0,0.175781,-1.17042,0.00674,0.13537,Nothing,seated
0.360722,6,-0.00824482,-0.0448691,0.0,0.0,0.0,0.0,0.0,0.0,0.0,0.0,0.175781,-1.17042,0.00674,0.13537,Nothing,seated
0.420807,7,-0.00805313,-0.0371992,0.0,0.0,0.0,0.0,0.0,0.0,0.0,0.0,0.175781,-1.1703,0.00674,0.13537,Nothing,seated
0.480889,8,-0.00728637,-0.047362,0.0,0.0,0.0,0.0,0.0,0.0,0.0,0.0,0.175781,-0.585152,0.00674,0.13537,Nothing,seated
0.540971,9,-0.00613577,-0.068454,0.0,0.0,0.0,0.0,0.0,0.0,0.0,0.0,0.351562,0.58514,0.00674,0.13537,Nothing,seated
0.601046,10,-0.00575239,-0.091272,0.0,0.0,0.0,0.0,0.0,0.0,0.0,0.0,0.351562,0.585152,0.00674,0.13537,Nothing,seated
0.66113,11,0.00115078,-0.176791,0.0,0.0,0.0,0.0,0.0,0.0,0.0,0.0,0.527344,1.17028,0.00674,0.13537,Nothing,seated
0.721207,12,0.00115078,-0.18427,0.0,0.0,0.0,0.0,0.0,0.0,0.0,0.0,0.351562,0.585157,0.00674,0.13537,Nothing,seated
0.781287,13,0.00191754,-0.18427,0.0,0.0,0.0,0.0,0.0,0.0,0.0,0.0,0.351562,0.585161,0.00674,0.13537,Nothing,seated
0.841374,14,0.00268477,-0.171998,0.0,0.0,0.0,0.0,0.0,0.0,0.0,0.0,0.0,-1.1703,0.00674,0.13537,Nothing,seated
0.901452,15,0.00364321,-0.152439,0.0,0.0,0.0,0.0,0.0,0.0,0.0,0.0,0.0,-1.17029,0.00674,0.13537,Nothing,seated
0.961529,16,0.00210923,-0.0916554,0.0,0.0,0.0,0.0,0.0,0.0,0.0,0.0,-0.175781,-2.34064,0.00674,0.13537,Nothing,seated
1.02161,17,0.00172585,-0.0784251,0.0,0.0,0.0,0.0,0.0,0.0,0.0,0.0,-0.351562,-2.34064,0.00674,0.13537,Nothing,seated
1.08169,18,0.00115078,-0.0707552,0.0,0.0,0.0,0.0,0.0,0.0,0.0,0.0,-0.351562,-2.34063,0.00674,0.13537,Nothing,seated
1.14177,19,0.00115078,-0.0734393,0.0,0.0,0.0,0.0,0.0,0.0,0.0,0.0,-0.351562,-1.17033,0.00674,0.13537,Nothing,seated
1.20185,20,0.00594443,-0.215141,0.0,0.0,0.0,0.0,0.0,0.0,0.0,0.0,-0.527344,-1.7555,0.00674,0.13537,Nothing,seated
1.26193,21,0.00325983,-0.213032,0.0,0.0,0.0,0.0,0.0,0.0,0.0,0.0,-0.878906,-2.34065,0.00674,0.13537,Nothing,seated
1.32201,22,0.000959094,-0.198842,0.0,0.0,0.0,0.0,0.0,0.0,0.0,0.0,-1.40625,-3.51094,0.00674,0.13537,Nothing,seated
1.38209,23,0.00268477,-0.174299,0.0,0.0,0.0,0.0,0.0,0.0,0.0,0.0,-2.46094,-7.02189,0.00674,0.13537,Nothing,seated
1.44217,24,1.74846e-07,-0.138826,0.0,0.0,0.0,0.0,0.0,0.0,0.0,0.0,-3.16406,-9.36261,0.00674,0.13537,Nothing,seated
1.50225,25,-0.00115043,-0.122143,0.0,0.0,0.0,0.0,0.0,0.0,0.0,0.0,-4.21875,-12.2882,0.00674,0.13537,Nothing,seated
1.56233,26,-0.00325948,-0.114282,0.0,0.0,0.0,0.0,0.0,0.0,0.0,0.0,-5.27344,-14.6287,0.00674,0.13537,Nothing,seated
1.62241,27,-0.00402624,-0.123869,0.0,0.0,0.0,0.0,0.0,0.0,0.0,0.0,-6.15234,-15.7989,0.00674,0.13537,Nothing,seated
1.6825,28,-0.00383455,-0.15359,0.0,0.0,0.0,0.0,0.0,0.0,0.0,0.0,-7.38281,-16.3839,0.00674,0.13537,Nothing,seated
1.74257,29,-0.0030678,-0.176983,0.0,0.0,0.0,0.0,0.0,0.0,0.0,0.0,-8.96484,-19.3099,0.00674,0.13537,Nothing,seated
1.80265,30,-0.0030678,-0.205745,0.0,0.0,0.0,0.0,0.0,0.0,0.0,0.0,-10.5469,-21.0656,0.00674,0.13537,Nothing,seated
1.86273,31,0.014765,-0.228947,0.0,0.0,0.0,0.0,0.0,0.0,0.0,0.0,-12.4805,-23.9911,0.00674,0.13537,Nothing,seated
1.92281,32,0.011697,-0.251957,0.0,0.0,0.0,0.0,0.0,0.0,0.0,0.0,-14.2383,-26.9173,0.00674,0.13537,Nothing,seated
1.98289,33,0.0118887,-0.27324,0.0,0.0,0.0,0.0,0.0,0.0,0.0,0.0,-16.1719,-29.2586,0.00674,0.13537,Nothing,seated
2.04297,34,0.0136144,-0.28302,0.0,0.0,0.0,0.0,0.0,0.0,0.0,0.0,-18.2812,-31.0138,0.00674,0.13537,Nothing,seated
2.10305,35,0.0166823,-0.232398,0.0,0.0,0.0,0.0,0.0,0.0,0.0,0.0,-20.2148,-32.1839,0.00674,0.13537,Nothing,seated
2.16313,36,0.0176412,-0.242177,0.0,0.0,0.0,0.0,0.0,0.0,0.0,0.0,-22.1484,-32.1839,0.00674,0.13537,Nothing,seated
2.22321,37,0.0176412,-0.264229,0.0,0.0,0.0,0.0,0.0,0.0,0.0,0.0,-23.9062,-32.1839,0.00674,0.13537,Nothing,seated
2.28329,38,0.00939577,-0.277075,0.0,0.0,0.0,0.0,0.0,0.0,0.0,0.0,-25.8398,-32.1836,0.00674,0.13537,Nothing,seated
2.34336,39,-0.0115045,-0.28532,0.0,0.0,0.0,0.0,0.0,0.0,0.0,0.0,-27.5977,-31.0137,0.00674,0.13537,Nothing,seated
2.40344,40,0.00115078,-0.274583,0.0,0.0,0.0,0.0,0.0,0.0,0.0,0.0,-29.3555,-30.4289,0.00674,0.13537,Nothing,seated
2.46352,41,0.00786179,-0.245437,0.0,0.0,0.0,0.0,0.0,0.0,0.0,0.0,-30.9375,-29.2588,0.00674,0.13537,Nothing,seated
2.5236,42,0.0090124,-0.242561,0.0,0.0,0.0,0.0,0.0,0.0,0.0,0.0,-32.5195,-28.6732,0.00674,0.13537,Nothing,seated
2.58368,43,0.00805348,-0.259434,0.0,0.0,0.0,0.0,0.0,0.0,0.0,0.0,-33.75,-26.3327,0.00674,0.13537,Nothing,seated
2.64376,44,0.00728672,-0.278801,0.0,0.0,0.0,0.0,0.0,0.0,0.0,0.0,-34.8047,-23.9916,0.00674,0.13537,Nothing,seated
2.70384,45,0.00690335,-0.303537,0.0,0.0,0.0,0.0,0.0,0.0,0.0,0.0,-35.6836,-21.0656,0.00674,0.13537,Nothing,seated
2.76392,46,0.00651949,-0.315233,0.0,0.0,0.0,0.0,0.0,0.0,0.0,0.0,-35.8594,-16.3844,0.00674,0.13537,Nothing,seated
2.824,47,0.00824517,-0.32693,0.0,0.0,0.0,0.0,0.0,0.0,0.0,0.0,-35.5078,-9.94767,0.00674,0.13537,Nothing,seated
2.88408,48,0.00747841,-0.337668,0.0,0.0,0.0,0.0,0.0,0.0,0.0,0.0,-34.4531,-2.3406,0.00674,0.13537,Nothing,seated
2.94416,49,0.00536936,-0.365854,0.0,0.0,0.0,0.0,0.0,0.0,0.0,0.0,-32.5195,7.60697,0.00674,0.13537,Nothing,seated
3.00424,50,0.00479382,-0.423379,0.0,0.0,0.0,0.0,0.0,0.0,0.0,0.0,-30.0586,18.725,0.00674,0.13537,Nothing,seated
3.06434,51,0.00939577,-0.463454,0.0,0.0,0.0,0.0,0.0,0.0,0.0,0.0,-27.4219,28.0864,0.00674,0.13537,Nothing,seated
3.12442,52,0.0109298,-0.488957,0.0,0.0,0.0,0.0,0.0,0.0,0.0,0.0,-24.082,38.0332,0.00674,0.13537,Nothing,seated
3.1845,53,0.0164906,-0.451949,0.0,0.0,0.0,0.0,0.0,0.0,0.0,0.0,-20.5664,46.2254,0.00674,0.13537,Nothing,seated
3.24458,54,0.0164906,-0.355884,0.0,0.0,0.0,0.0,0.0,0.0,0.0,0.0,-16.875,52.0771,0.00674,0.13537,Nothing,seated
3.30466,55,0.013806,-0.219935,0.0,0.0,0.0,0.0,0.0,0.0,0.0,0.0,-12.832,57.3431,0.00674,0.13537,Nothing,seated
3.36474,56,0.011697,-0.0113131,0.0,0.0,0.0,0.0,0.0,0.0,0.0,0.0,-8.26172,63.7809,0.00674,0.13537,Nothing,seated
3.42483,57,0.00690335,0.14266,0.0,0.0,0.0,0.0,0.0,0.0,0.0,0.0,-3.51562,68.462,0.00674,0.13537,Nothing,seated
3.48491,58,0.00498551,0.288964,0.0,0.0,0.0,0.0,0.0,0.0,0.0,0.0,1.40625,73.1422,0.00674,0.13537,Nothing,seated
3.54498,59,0.00191754,0.364128,0.0,0.0,0.0,0.0,0.0,0.0,0.0,0.0,6.50391,77.8241,0.00674,0.13537,Nothing,seated
3.60506,60,-0.000191514,0.375442,0.0,0.0,0.0,0.0,0.0,0.0,0.0,0.0,11.6016,81.3344,0.00674,0.13537,Nothing,seated
3.66515,61,-0.000191514,0.332874,0.0,0.0,0.0,0.0,0.0,0.0,0.0,0.0,16.3477,81.9206,0.00674,0.13537,Nothing,seated
3.72523,62,0.00210923,0.248121,0.0,0.0,0.0,0.0,0.0,0.0,0.0,0.0,20.7422,80.7517,0.00674,0.13537,Nothing,seated
3.7853,63,0.00824517,0.171614,0.0,0.0,0.0,0.0,0.0,0.0,0.0,0.0,24.6094,77.2418,0.00674,0.13537,Nothing,seated
3.84538,64,0.0115053,0.140168,0.0,0.0,0.0,0.0,0.0,0.0,0.0,0.0,27.7734,70.8038,0.00674,0.13537,Nothing,seated
3.90546,65,0.0134227,0.140551,0.0,0.0,0.0,0.0,0.0,0.0,0.0,0.0,30.2344,62.0273,0.00674,0.13537,Nothing,seated
3.96554,66,0.0141894,0.183119,0.0,0.0,0.0,0.0,0.0,0.0,0.0,0.0,31.8164,51.4949,0.00674,0.13537,Nothing,seated
4.02562,67,0.0134227,0.246204,0.0,0.0,0.0,0.0,0.0,0.0,0.0,0.0,32.6953,39.791,0.00674,0.13537,Nothing,seated
4.0857,68,-0.00191719,0.0661529,0.0,0.0,0.0,0.0,0.0,0.0,0.0,0.0,33.0469,28.0876,0.00674,0.13537,Nothing,seated
4.14578,69,1.74846e-07,0.143811,0.0,0.0,0.0,0.0,0.0,0.0,0.0,0.0,32.8711,16.9698,0.00674,0.13537,Nothing,seated
4.20586,70,0.000191863,0.186187,0.0,0.0,0.0,0.0,0.0,0.0,0.0,0.0,31.8164,5.26652,0.00674,0.13537,Nothing,seated
4.26594,71,-0.000383202,0.180051,0.0,0.0,0.0,0.0,0.0,0.0,0.0,0.0,30.5859,-4.09611,0.00674,0.13537,Nothing,seated
4.32602,72,-0.00210888,0.12617,0.0,0.0,0.0,0.0,0.0,0.0,0.0,0.0,28.8281,-12.8737,0.00674,0.13537,Nothing,seated
4.3861,73,-0.00383455,0.0258859,0.0,0.0,0.0,0.0,0.0,0.0,0.0,0.0,26.543,-21.6513,0.00674,0.13537,Nothing,seated
4.44617,74,-0.00441009,-0.103161,0.0,0.0,0.0,0.0,0.0,0.0,0.0,0.0,23.5547,-31.0139,0.00674,0.13537,Nothing,seated
4.50626,75,-0.00594408,-0.249847,0.0,0.0,0.0,0.0,0.0,0.0,0.0,0.0,20.2148,-38.62,0.00674,0.13537,Nothing,seated
4.56634,76,-0.00460178,-0.397301,0.0,0.0,0.0,0.0,0.0,0.0,0.0,0.0,16.3477,-47.3977,0.00674,0.13537,Nothing,seated
4.6264,77,-0.00766975,-0.490299,0.0,0.0,0.0,0.0,0.0,0.0,0.0,0.0,11.9531,-56.1784,0.00674,0.13537,Nothing,seated
4.68648,78,-0.00901205,-0.53977,0.0,0.0,0.0,0.0,0.0,0.0,0.0,0.0,6.85547,-65.5412,0.00674,0.13537,Nothing,seated
4.74656,79,-0.01208,-0.531908,0.0,0.0,0.0,0.0,0.0,0.0,0.0,0.0,1.58203,-73.1485,0.00674,0.13537,Nothing,seated
4.80664,80,-0.0139974,-0.499886,0.0,0.0,0.0,0.0,0.0,0.0,0.0,0.0,-3.51562,-79.0015,0.00674,0.13537,Nothing,seated
4.86672,81,-0.0164903,-0.454058,0.0,0.0,0.0,0.0,0.0,0.0,0.0,0.0,-8.61328,-83.0979,0.00674,0.13537,Nothing,seated
4.9268,82,-0.0149563,-0.431432,0.0,0.0,0.0,0.0,0.0,0.0,0.0,0.0,-13.3594,-84.2626,0.00674,0.13537,Nothing,seated
4.98688,83,-0.0159147,-0.451374,0.0,0.0,0.0,0.0,0.0,0.0,0.0,0.0,-17.5781,-81.3368,0.00674,0.13537,Nothing,seated
5.04696,84,-0.0147641,-0.502571,0.0,0.0,0.0,0.0,0.0,0.0,0.0,0.0,-21.2695,-76.0705,0.00674,0.13537,Nothing,seated
5.10704,85,-0.0138057,-0.632,0.0,0.0,0.0,0.0,0.0,0.0,0.0,0.0,-24.6094,-70.2181,0.00674,0.13537,Nothing,seated
5.42521,86,0.00325983,-0.604772,0.0,0.0,0.0,0.0,0.0,0.0,0.0,0.0,-33.5742,-44.6937,0.00674,0.13537,Nothing,seated
5.4853,87,0.0051772,-0.529224,0.0,0.0,0.0,0.0,0.0,0.0,0.0,0.0,-33.3984,-35.8801,0.00674,0.13537,Nothing,seated
5.54539,88,0.00671118,-0.422612,0.0,0.0,0.0,0.0,0.0,0.0,0.0,0.0,-32.5195,-26.7524,0.00674,0.13537,Nothing,seated
5.60547,89,0.00709503,-0.0916554,0.0,0.0,0.0,0.0,0.0,0.0,0.0,0.0,-30.9375,-17.3103,0.00674,0.13537,Nothing,seated
5.66555,90,0.0076701,-0.0444857,0.0,0.0,0.0,0.0,0.0,0.0,0.0,0.0,-28.6523,-7.23892,0.00674,0.13537,Nothing,seated
5.72563,91,0.00651949,0.0017255,0.0,0.0,0.0,0.0,0.0,0.0,0.0,0.0,-25.6641,26.3298,0.00674,0.13537,Nothing,seated
5.78572,92,0.0063278,0.0278032,0.0,0.0,0.0,0.0,0.0,0.0,0.0,0.0,-22.1484,37.4485,0.00674,0.13537,Nothing,seated
5.84579,93,0.00536936,0.0398834,0.0,0.0,0.0,0.0,0.0,0.0,0.0,0.0,-17.9297,48.5669,0.00674,0.13537,Nothing,seated
5.90587,94,-0.00728637,-0.181968,0.0,0.0,0.0,0.0,0.0,0.0,0.0,0.0,-13.5352,57.93,0.00674,0.13537,Nothing,seated
5.96595,95,-0.00671083,-0.142277,0.0,0.0,0.0,0.0,0.0,0.0,0.0,0.0,-8.78906,66.1217,0.00674,0.13537,Nothing,seated
6.02603,96,-0.00671083,-0.091272,0.0,0.0,0.0,0.0,0.0,0.0,0.0,0.0,-4.04297,71.9755,0.00674,0.13537,Nothing,seated
6.08611,97,-0.00651914,-0.0308716,0.0,0.0,0.0,0.0,0.0,0.0,0.0,0.0,0.527344,75.4871,0.00674,0.13537,Nothing,seated
6.14619,98,-0.00613577,0.045636,0.0,0.0,0.0,0.0,0.0,0.0,0.0,0.0,5.09766,76.6569,0.00674,0.13537,Nothing,seated
6.20626,99,-0.00632745,0.129238,0.0,0.0,0.0,0.0,0.0,0.0,0.0,0.0,9.66797,77.2425,0.00674,0.13537,Nothing,seated
6.26635,100,-0.00632745,0.209772,0.0,0.0,0.0,0.0,0.0,0.0,0.0,0.0,13.8867,75.4868,0.00674,0.13537,Nothing,seated
6.32639,101,-0.00556022,0.268446,0.0,0.0,0.0,0.0,0.0,0.0,0.0,0.0,17.9297,73.1534,0.00674,0.13537,Nothing,seated
6.38648,102,-0.00498516,0.30066,0.0,0.0,0.0,0.0,0.0,0.0,0.0,0.0,21.7969,70.8114,0.00674,0.13537,Nothing,seated
6.44656,103,-0.0042184,0.30833,0.0,0.0,0.0,0.0,0.0,0.0,0.0,0.0,25.1367,66.7148,0.00674,0.13537,Nothing,seated
6.50664,104,-0.00268442,0.296825,0.0,0.0,0.0,0.0,0.0,0.0,0.0,0.0,27.7734,60.276,0.00674,0.13537,Nothing,seated
6.56672,105,-0.000958268,0.273815,0.0,0.0,0.0,0.0,0.0,0.0,0.0,0.0,30.0586,53.8392,0.00674,0.13537,Nothing,seated
6.6268,106,0.000959094,0.250806,0.0,0.0,0.0,0.0,0.0,0.0,0.0,0.0,31.6406,45.6417,0.00674,0.13537,Nothing,seated
6.68688,107,0.00402706,-0.0868618,0.0,0.0,0.0,0.0,0.0,0.0,0.0,0.0,32.3438,35.1092,0.00674,0.13537,Nothing,seated
6.74696,108,0.00709503,-0.0673034,0.0,0.0,0.0,0.0,0.0,0.0,0.0,0.0,32.5195,24.5761,0.00674,0.13537,Nothing,seated
6.80705,109,0.00747841,-0.0533058,0.0,0.0,0.0,0.0,0.0,0.0,0.0,0.0,31.8164,13.4584,0.00674,0.13537,Nothing,seated
6.86712,110,0.00690335,-0.0444857,0.0,0.0,0.0,0.0,0.0,0.0,0.0,0.0,30.5859,1.75544,0.00674,0.13537,Nothing,seated
6.9272,111,0.00613612,-0.0446774,0.0,0.0,0.0,0.0,0.0,0.0,0.0,0.0,28.6523,-9.94753,0.00674,0.13537,Nothing,seated
6.98728,112,0.00556105,-0.0561821,0.0,0.0,0.0,0.0,0.0,0.0,0.0,0.0,26.3672,-19.8953,0.00674,0.13537,Nothing,seated
7.04736,113,0.00421875,-0.0887791,0.0,0.0,0.0,0.0,0.0,0.0,0.0,0.0,23.3789,-30.4282,0.00674,0.13537,Nothing,seated
7.1074,114,0.00306815,-0.150139,0.0,0.0,0.0,0.0,0.0,0.0,0.0,0.0,20.0391,-39.2122,0.00674,0.13537,Nothing,seated
7.16747,115,0.00134247,-0.207088,0.0,0.0,0.0,0.0,0.0,0.0,0.0,0.0,16.3477,-47.4056,0.00674,0.13537,Nothing,seated
7.22755,116,1.74846e-07,-0.300852,0.0,0.0,0.0,0.0,0.0,0.0,0.0,0.0,12.3047,-54.4289,0.00674,0.13537,Nothing,seated
7.28763,117,1.74846e-07,-0.196925,0.0,0.0,0.0,0.0,0.0,0.0,0.0,0.0,7.73438,-62.0368,0.00674,0.13537,Nothing,seated
7.34771,118,-0.00690252,-0.302578,0.0,0.0,0.0,0.0,0.0,0.0,0.0,0.0,3.16406,-67.3049,0.00674,0.13537,Nothing,seated
7.40779,119,-0.0084365,-0.376209,0.0,0.0,0.0,0.0,0.0,0.0,0.0,0.0,-1.58203,-71.9763,0.00674,0.13537,Nothing,seated
7.46787,120,-0.00882036,-0.451758,0.0,0.0,0.0,0.0,0.0,0.0,0.0,0.0,-6.32812,-75.4873,0.00674,0.13537,Nothing,seated
7.52796,121,-0.0103543,-0.485313,0.0,0.0,0.0,0.0,0.0,0.0,0.0,0.0,-10.8984,-77.2392,0.00674,0.13537,Nothing,seated
7.58804,122,-0.010546,-0.514459,0.0,0.0,0.0,0.0,0.0,0.0,0.0,0.0,-15.293,-76.6544,0.00674,0.13537,Nothing,seated
7.64812,123,-0.0118883,-0.172189,0.0,0.0,0.0,0.0,0.0,0.0,0.0,0.0,-19.3359,-74.8986,0.00674,0.13537,Nothing,seated
7.70819,124,-0.00575239,-0.140743,0.0,0.0,0.0,0.0,0.0,0.0,0.0,0.0,-22.8516,-70.8021,0.00674,0.13537,Nothing,seated
7.76827,125,-0.00786144,-0.167587,0.0,0.0,0.0,0.0,0.0,0.0,0.0,0.0,-26.0156,-65.5363,0.00674,0.13537,Nothing,seated
7.82835,126,0.00690335,-0.155699,0.0,0.0,0.0,0.0,0.0,0.0,0.0,0.0,-28.4766,-58.5171,0.00674,0.13537,Nothing,seated
7.88839,127,0.00651949,-0.210922,0.0,0.0,0.0,0.0,0.0,0.0,0.0,0.0,-30.2344,-49.7453,0.00674,0.13537,Nothing,seated
7.94847,128,0.00651949,-0.253299,0.0,0.0,0.0,0.0,0.0,0.0,0.0,0.0,-31.6406,-40.9669,0.00674,0.13537,Nothing,seated
8.00855,129,0.00709503,-0.279952,0.0,0.0,0.0,0.0,0.0,0.0,0.0,0.0,-32.168,-31.0178,0.00674,0.13537,Nothing,seated
8.06863,130,0.00805348,-0.290114,0.0,0.0,0.0,0.0,0.0,0.0,0.0,0.0,-32.168,-20.4831,0.00674,0.13537,Nothing,seated
8.12871,131,0.00786179,-0.282828,0.0,0.0,0.0,0.0,0.0,0.0,0.0,0.0,-31.4648,-9.94884,0.00674,0.13537,Nothing,seated
8.18879,132,0.00805348,-0.258859,0.0,0.0,0.0,0.0,0.0,0.0,0.0,0.0,-30.2344,0.0,0.00674,0.13537,Nothing,seated
8.24887,133,0.00805348,-0.21725,0.0,0.0,0.0,0.0,0.0,0.0,0.0,0.0,-28.4766,10.5328,0.00674,0.13537,Nothing,seated
8.30896,134,0.00786179,-0.165478,0.0,0.0,0.0,0.0,0.0,0.0,0.0,0.0,-26.0156,20.4803,0.00674,0.13537,Nothing,seated
8.36904,135,0.00747841,-0.105461,0.0,0.0,0.0,0.0,0.0,0.0,0.0,0.0,-23.2031,29.8425,0.00674,0.13537,Nothing,seated
8.42912,136,0.00690335,-0.0431434,0.0,0.0,0.0,0.0,0.0,0.0,0.0,0.0,-19.6875,39.2049,0.00674,0.13537,Nothing,seated
8.4892,137,-0.00575239,-0.156466,0.0,0.0,0.0,0.0,0.0,0.0,0.0,0.0,-15.8203,47.9817,0.00674,0.13537,Nothing,seated
8.54928,138,-0.00632745,-0.0952985,0.0,0.0,0.0,0.0,0.0,0.0,0.0,0.0,-11.6016,56.1738,0.00674,0.13537,Nothing,seated
8.60936,139,-0.00536853,-0.0450608,0.0,0.0,0.0,0.0,0.0,0.0,0.0,0.0,-7.03125,63.1966,0.00674,0.13537,Nothing,seated
8.66944,140,-0.00958711,-0.202677,0.0,0.0,0.0,0.0,0.0,0.0,0.0,0.0,-2.46094,69.048,0.00674,0.13537,Nothing,seated
8.72952,141,-0.00805313,-0.169697,0.0,0.0,0.0,0.0,0.0,0.0,0.0,0.0,2.28516,73.1447,0.00674,0.13537,Nothing,seated
8.7896,142,-0.00671083,-0.0954906,0.0,0.0,0.0,0.0,0.0,0.0,0.0,0.0,7.03125,76.0709,0.00674,0.13537,Nothing,seated
8.84968,143,-0.00536853,-0.0335562,0.0,0.0,0.0,0.0,0.0,0.0,0.0,0.0,11.25,76.0705,0.00674,0.13537,Nothing,seated
8.90976,144,-0.00345117,0.016682,0.0,0.0,0.0,0.0,0.0,0.0,0.0,0.0,15.4688,74.8991,0.00674,0.13537,Nothing,seated
8.96985,145,-0.00191719,-0.139784,0.0,0.0,0.0,0.0,0.0,0.0,0.0,0.0,19.1602,71.9725,0.00674,0.13537,Nothing,seated
9.02993,146,-0.000574891,-0.0596334,0.0,0.0,0.0,0.0,0.0,0.0,0.0,0.0,22.5,67.2913,0.00674,0.13537,Nothing,seated
9.09001,147,1.74846e-07,0.0097788,0.0,0.0,0.0,0.0,0.0,0.0,0.0,0.0,25.3125,60.8535,0.00674,0.13537,Nothing,seated
9.15009,148,0.00153416,0.0642355,0.0,0.0,0.0,0.0,0.0,0.0,0.0,0.0,27.7734,55.0028,0.00674,0.13537,Nothing,seated
9.21017,149,0.00172585,0.0985583,0.0,0.0,0.0,0.0,0.0,0.0,0.0,0.0,29.5312,46.8111,0.00674,0.13537,Nothing,seated
9.27026,150,0.00210923,0.114857,0.0,0.0,0.0,0.0,0.0,0.0,0.0,0.0,30.5859,38.0338,0.00674,0.13537,Nothing,seated
9.33034,151,0.00210923,0.115624,0.0,0.0,0.0,0.0,0.0,0.0,0.0,0.0,31.1133,28.6715,0.00674,0.13537,Nothing,seated
9.3904,152,0.00172585,0.101242,0.0,0.0,0.0,0.0,0.0,0.0,0.0,0.0,31.1133,19.311,0.00674,0.13537,Nothing,seated
9.45048,153,0.00134247,0.0759319,0.0,0.0,0.0,0.0,0.0,0.0,0.0,0.0,30.4102,8.77766,0.00674,0.13537,Nothing,seated
9.51056,154,0.00172585,0.0398834,0.0,0.0,0.0,0.0,0.0,0.0,0.0,0.0,29.0039,-1.75551,0.00674,0.13537,Nothing,seated
9.57065,155,0.00134247,-0.00862854,0.0,0.0,0.0,0.0,0.0,0.0,0.0,0.0,27.0703,-11.7037,0.00674,0.13537,Nothing,seated
9.63072,156,0.000383552,-0.0488955,0.0,0.0,0.0,0.0,0.0,0.0,0.0,0.0,24.4336,-22.2372,0.00674,0.13537,Nothing,seated
9.69081,157,-0.00134212,-0.111022,0.0,0.0,0.0,0.0,0.0,0.0,0.0,0.0,21.4453,-32.1827,0.00674,0.13537,Nothing,seated
9.75089,158,-0.0030678,-0.159151,0.0,0.0,0.0,0.0,0.0,0.0,0.0,0.0,17.9297,-41.5453,0.00674,0.13537,Nothing,seated
9.81097,159,-0.0042184,-0.218784,0.0,0.0,0.0,0.0,0.0,0.0,0.0,0.0,14.0625,-49.738,0.00674,0.13537,Nothing,seated
9.87104,160,-0.00594408,-0.276884,0.0,0.0,0.0,0.0,0.0,0.0,0.0,0.0,9.84375,-57.3459,0.00674,0.13537,Nothing,seated
9.93112,161,-0.00766975,-0.333066,0.0,0.0,0.0,0.0,0.0,0.0,0.0,0.0,5.44922,-63.1976,0.00674,0.13537,Nothing,seated
9.9912,162,-0.00901205,-0.390974,0.0,0.0,0.0,0.0,0.0,0.0,0.0,0.0,0.878906,-68.4655,0.00674,0.13537,Nothing,seated
10.0513,163,-0.00958711,-0.183886,0.0,0.0,0.0,0.0,0.0,0.0,0.0,0.0,-3.69141,-71.9763,0.00674,0.13537,Nothing,seated
10.1114,164,-0.00862819,-0.185036,0.0,0.0,0.0,0.0,0.0,0.0,0.0,0.0,-8.08594,-73.7305,0.00674,0.13537,Nothing,seated
10.1714,165,-0.00862819,-0.265379,0.0,0.0,0.0,0.0,0.0,0.0,0.0,0.0,-12.4805,-74.3153,0.00674,0.13537,TripleIncreaseAngularVelo,seated
10.2315,166,-0.0084365,-0.327697,0.0,0.0,0.0,0.0,0.0,0.0,0.0,0.0,-16.5234,-73.1447,0.00674,0.13537,TripleIncreaseAngularVelo,seated
10.2916,167,-0.00747806,-0.374867,0.0,0.0,0.0,0.0,0.0,0.0,0.0,0.0,-20.2148,-70.2183,0.00674,0.13537,TripleIncreaseAngularVelo,seated
10.3517,168,-0.00671083,-0.408231,0.0,0.0,0.0,0.0,0.0,0.0,0.0,0.0,-23.3789,-65.5377,0.00674,0.13537,TripleIncreaseAngularVelo,seated
10.4118,169,-0.00498516,-0.42894,0.0,0.0,0.0,0.0,0.0,0.0,0.0,0.0,-26.1914,-60.2729,0.00674,0.13537,TripleIncreaseAngularVelo,seated
10.472,170,-0.00325948,-0.439677,0.0,0.0,0.0,0.0,0.0,0.0,0.0,0.0,-28.4766,-53.2284,0.00674,0.13537,TripleIncreaseAngularVelo,seated
10.532,171,-0.0017255,-0.439102,0.0,0.0,0.0,0.0,0.0,0.0,0.0,0.0,-30.0586,-45.0397,0.00674,0.13537,TripleIncreaseAngularVelo,seated
10.5921,172,-0.000191514,-0.430282,0.0,0.0,0.0,0.0,0.0,0.0,0.0,0.0,-30.9375,-35.6805,0.00674,0.13537,TripleIncreaseAngularVelo,seated
10.6522,173,0.00172585,-0.413408,0.0,0.0,0.0,0.0,0.0,0.0,0.0,0.0,-31.2891,-26.3213,0.00674,0.13537,TripleIncreaseAngularVelo,seated
10.7123,174,0.00325983,-0.388864,0.0,0.0,0.0,0.0,0.0,0.0,0.0,0.0,-30.9375,-15.7927,0.00674,0.13537,TripleIncreaseAngularVelo,seated
10.8137,175,0.00479382,-0.33134,0.0,0.0,0.0,0.0,0.0,0.0,0.0,0.0,-29.1797,-2.05736,0.00674,0.13537,TripleIncreaseAngularVelo,seated
10.9029,176,0.00575274,-0.258093,0.0,0.0,0.0,0.0,0.0,0.0,0.0,0.0,-26.0156,10.9004,0.00674,0.13537,TripleIncreaseAngularVelo,seated
10.9946,177,0.00575274,-0.171231,0.0,0.0,0.0,0.0,0.0,0.0,0.0,0.0,-21.6211,23.1501,0.00674,0.13537,TripleIncreaseAngularVelo,seated
11.0888,178,0.00460213,-0.0676872,0.0,0.0,0.0,0.0,0.0,0.0,0.0,0.0,-16.1719,34.624,0.00674,0.13537,TripleIncreaseAngularVelo,seated
11.1837,179,-0.0145724,-0.167204,0.0,0.0,0.0,0.0,0.0,0.0,0.0,0.0,-9.66797,45.1193,0.00674,0.13537,TripleIncreaseAngularVelo,seated
11.3162,180,-0.0128468,-0.106804,0.0,0.0,0.0,0.0,0.0,0.0,0.0,0.0,0.175781,58.4244,0.00674,0.13537,TripleIncreaseAngularVelo,seated
11.4216,181,-0.0126551,-0.185995,0.0,0.0,0.0,0.0,0.0,0.0,0.0,0.0,7.91016,65.4068,0.00674,0.13537,TripleIncreaseAngularVelo,seated
11.4817,182,-0.00517685,-0.18101,0.0,0.0,0.0,0.0,0.0,0.0,0.0,0.0,12.1289,69.2806,0.00674,0.13537,TripleIncreaseAngularVelo,seated
11.5418,183,-0.0017255,-0.161452,0.0,0.0,0.0,0.0,0.0,0.0,0.0,0.0,15.9961,71.0155,0.00674,0.13537,TripleIncreaseAngularVelo,seated
11.6019,184,-0.000958268,-0.136908,0.0,0.0,0.0,0.0,0.0,0.0,0.0,0.0,19.5117,69.7784,0.00674,0.13537,TripleIncreaseAngularVelo,seated
11.6619,185,0.000767406,-0.0793835,0.0,0.0,0.0,0.0,0.0,0.0,0.0,0.0,22.6758,65.0717,0.00674,0.13537,TripleIncreaseAngularVelo,seated
11.722,186,0.00230139,-0.0151483,0.0,0.0,0.0,0.0,0.0,0.0,0.0,0.0,25.3125,57.931,0.00674,0.13537,TripleIncreaseAngularVelo,seated
11.7821,187,0.00364321,0.0348981,0.0,0.0,0.0,0.0,0.0,0.0,0.0,0.0,27.2461,50.3232,0.00674,0.13537,TripleIncreaseAngularVelo,seated
11.8422,188,0.00421875,0.0692208,0.0,0.0,0.0,0.0,0.0,0.0,0.0,0.0,28.8281,42.7158,0.00674,0.13537,TripleIncreaseAngularVelo,seated
11.9023,189,0.00498551,0.0882037,0.0,0.0,0.0,0.0,0.0,0.0,0.0,0.0,29.707,33.9389,0.00674,0.13537,TripleIncreaseAngularVelo,seated
11.9623,190,0.0051772,0.0928057,0.0,0.0,0.0,0.0,0.0,0.0,0.0,0.0,30.0586,24.5766,0.00674,0.13537,TripleIncreaseAngularVelo,seated
12.0224,191,0.00498551,0.0805338,0.0,0.0,0.0,0.0,0.0,0.0,0.0,0.0,29.707,14.6303,0.00674,0.13537,TripleIncreaseAngularVelo,seated
12.1203,192,0.00441044,0.0352815,0.0,0.0,0.0,0.0,0.0,0.0,0.0,0.0,27.9492,2.07901,0.0188,0.1476,TripleIncreaseAngularVelo,extended
12.2236,193,-0.00632745,-0.0143811,0.0,0.0,0.0,0.0,0.0,0.0,0.0,0.0,24.082,-12.4447,0.0188,0.1476,TripleIncreaseAngularVelo,extended
12.3227,194,-0.0354732,-0.222428,0.0,0.0,0.0,0.0,0.0,0.0,0.0,0.0,18.2812,-27.1768,0.0188,0.1476,TripleIncreaseAngularVelo,extended
12.4192,195,-0.0134223,-0.552425,0.0,0.0,0.0,0.0,0.0,0.0,0.0,0.0,13.3594,-36.5536,0.0188,0.1476,TripleIncreaseAngularVelo,extended
12.5189,196,-0.010546,-0.896228,0.0,0.0,0.0,0.0,0.0,0.0,0.0,0.0,7.55859,-44.6058,0.0188,0.1476,TripleIncreaseAngularVelo,extended
12.6136,197,-0.0115045,-1.39842,0.0,0.0,0.0,0.0,0.0,0.0,0.0,0.0,1.75781,-53.0988,0.0188,0.1476,TripleIncreaseAngularVelo,extended
12.7244,198,-0.00498516,-1.70444,0.0,0.0,0.0,0.0,0.0,0.0,0.0,0.0,-6.32812,-60.7126,0.0188,0.1476,TripleIncreaseAngularVelo,extended
12.8183,199,0.000959094,-1.68527,0.0,0.0,0.0,0.0,0.0,0.0,0.0,0.0,-13.7109,-64.5513,0.0188,0.1476,TripleIncreaseAngularVelo,extended
12.8784,200,0.00306815,-1.57463,0.0,0.0,0.0,0.0,0.0,0.0,0.0,0.0,-18.2812,-68.9042,0.0188,0.1476,TripleIncreaseAngularVelo,extended
12.9385,201,0.00671118,-1.39535,0.0,0.0,0.0,0.0,0.0,0.0,0.0,0.0,-22.1484,-70.8108,0.0188,0.1476,TripleIncreaseAngularVelo,extended
12.9985,202,0.00690335,-1.19785,0.0,0.0,0.0,0.0,0.0,0.0,0.0,0.0,-25.3125,-70.3172,0.0188,0.1476,TripleIncreaseAngularVelo,extended
13.0586,203,0.00747841,-1.04234,0.0,0.0,0.0,0.0,0.0,0.0,0.0,0.0,-28.125,-65.2264,0.0188,0.1476,TripleIncreaseAngularVelo,extended
13.1187,204,0.00441044,-0.954328,0.0,0.0,0.0,0.0,0.0,0.0,0.0,0.0,-30.0586,-54.419,0.0188,0.1476,TripleIncreaseAngularVelo,extended
13.1788,205,0.00268477,-0.927675,0.0,0.0,0.0,0.0,0.0,0.0,0.0,0.0,-30.7617,-41.5467,0.0188,0.1476,TripleIncreaseAngularVelo,extended
13.2389,206,0.000767406,-0.957204,0.0,0.0,0.0,0.0,0.0,0.0,0.0,0.0,-30.7617,-28.6728,0.0188,0.1476,TripleIncreaseAngularVelo,extended
13.2989,207,1.74846e-07,-1.02873,0.0,0.0,0.0,0.0,0.0,0.0,0.0,0.0,-30.2344,-16.3848,0.0188,0.1476,TripleIncreaseAngularVelo,extended
13.4476,208,0.00172585,-1.2431,0.0,0.0,0.0,0.0,0.0,0.0,0.0,0.0,-26.3672,4.5194,0.00674,0.13537,TripleIncreaseAngularVelo,seated
13.5497,209,0.0201337,-1.25652,0.0,0.0,0.0,0.0,0.0,0.0,0.0,0.0,-22.8516,16.7221,0.00674,0.13537,TripleIncreaseAngularVelo,seated
13.6498,210,0.00882071,-1.13131,0.0,0.0,0.0,0.0,0.0,0.0,0.0,0.0,-17.9297,27.2421,0.00674,0.13537,TripleIncreaseAngularVelo,seated
13.7506,211,0.0279953,-0.669391,0.0,0.0,0.0,0.0,0.0,0.0,0.0,0.0,-11.7773,37.1,0.00674,0.13537,TripleIncreaseAngularVelo,seated
13.8476,212,0.0241606,-0.101051,0.0,0.0,0.0,0.0,0.0,0.0,0.0,0.0,-7.03125,42.2928,0.00674,0.13537,TripleIncreaseAngularVelo,seated
13.9675,213,0.0233933,0.610332,0.0,0.0,0.0,0.0,0.0,0.0,0.0,0.0,0.175781,51.056,0.00674,0.13537,TripleIncreaseAngularVelo,seated
14.0703,214,0.0166823,0.752801,0.0,0.0,0.0,0.0,0.0,0.0,0.0,0.0,8.4375,60.0993,0.00674,0.13537,TripleIncreaseAngularVelo,seated
14.1304,215,0.0109298,0.650408,0.0,0.0,0.0,0.0,0.0,0.0,0.0,0.0,13.7109,65.8378,0.00674,0.13537,TripleIncreaseAngularVelo,seated
14.1905,216,0.000575717,0.362786,0.0,0.0,0.0,0.0,0.0,0.0,0.0,0.0,18.457,68.728,0.00674,0.13537,TripleIncreaseAngularVelo,seated
14.2506,217,0.00575274,0.0928057,0.0,0.0,0.0,0.0,0.0,0.0,0.0,0.0,22.5,73.279,0.00674,0.13537,TripleIncreaseAngularVelo,seated
14.3106,218,0.0051772,-0.18983,0.0,0.0,0.0,0.0,0.0,0.0,0.0,0.0,25.8398,74.7797,0.00674,0.13537,TripleIncreaseAngularVelo,seated
14.3707,219,0.0124637,-0.330189,0.0,0.0,0.0,0.0,0.0,0.0,0.0,0.0,28.3008,66.1207,0.00674,0.13537,TripleIncreaseAngularVelo,seated
14.4308,220,0.0141894,-0.336325,0.0,0.0,0.0,0.0,0.0,0.0,0.0,0.0,29.707,53.2488,0.00674,0.13537,TripleIncreaseAngularVelo,seated
14.4909,221,0.0149566,-0.254257,0.0,0.0,0.0,0.0,0.0,0.0,0.0,0.0,29.8828,38.035,0.00674,0.13537,TripleIncreaseAngularVelo,seated
14.551,222,0.014765,-0.102585,0.0,0.0,0.0,0.0,0.0,0.0,0.0,0.0,29.5312,23.4063,0.00674,0.13537,TripleIncreaseAngularVelo,seated
14.6544,223,0.00958746,0.339777,0.0,0.0,0.0,0.0,0.0,0.0,0.0,0.0,27.7734,5.62422,0.0188,0.1476,TripleIncreaseAngularVelo,extended
14.7661,224,-0.0153397,0.567381,0.0,0.0,0.0,0.0,0.0,0.0,0.0,0.0,23.5547,-12.0034,0.0188,0.1476,TripleIncreaseAngularVelo,extended
14.8807,225,-0.0356649,0.304112,0.0,0.0,0.0,0.0,0.0,0.0,0.0,0.0,19.1602,-23.445,0.0188,0.1476,TripleIncreaseAngularVelo,extended
14.9866,226,-0.0130385,-0.188296,0.0,0.0,0.0,0.0,0.0,0.0,0.0,0.0,14.9414,-30.1423,0.0188,0.1476,TripleIncreaseAngularVelo,extended
15.0995,227,-0.00901205,-1.07858,0.0,0.0,0.0,0.0,0.0,0.0,0.0,0.0,11.0742,-33.6494,0.0188,0.1476,TripleIncreaseAngularVelo,extended
15.2002,228,-0.00249225,-1.72228,0.0,0.0,0.0,0.0,0.0,0.0,0.0,0.0,4.74609,-42.1945,0.0188,0.1476,TripleIncreaseAngularVelo,extended
15.3352,229,0.0118887,-1.97423,0.0,0.0,0.0,0.0,0.0,0.0,0.0,0.0,-5.80078,-51.5855,0.0188,0.1476,TripleIncreaseAngularVelo,extended
15.4302,230,0.0203254,-1.83694,0.0,0.0,0.0,0.0,0.0,0.0,0.0,0.0,-13.8867,-60.1367,0.0188,0.1476,TripleIncreaseAngularVelo,extended
15.4903,231,0.0278036,-1.58307,0.0,0.0,0.0,0.0,0.0,0.0,0.0,0.0,-18.1055,-65.61,0.0188,0.1476,TripleIncreaseAngularVelo,extended
15.5503,232,0.0341312,-1.23428,0.0,0.0,0.0,0.0,0.0,0.0,0.0,0.0,-22.1484,-73.685,0.0188,0.1476,TripleIncreaseAngularVelo,extended
15.6104,233,0.0322139,-0.930551,0.0,0.0,0.0,0.0,0.0,0.0,0.0,0.0,-26.3672,-75.842,0.0188,0.1476,TripleIncreaseAngularVelo,extended
15.6705,234,0.0193669,-0.729025,0.0,0.0,0.0,0.0,0.0,0.0,0.0,0.0,-29.1797,-69.7202,0.0188,0.1476,TripleIncreaseAngularVelo,extended
15.7306,235,0.0172574,-0.619537,0.0,0.0,0.0,0.0,0.0,0.0,0.0,0.0,-30.4102,-55.0043,0.0188,0.1476,TripleIncreaseAngularVelo,extended
15.7907,236,0.0141894,-0.602663,0.0,0.0,0.0,0.0,0.0,0.0,0.0,0.0,-30.9375,-42.7155,0.0188,0.1476,TripleIncreaseAngularVelo,extended
15.8508,237,0.00709503,-0.694702,0.0,0.0,0.0,0.0,0.0,0.0,0.0,0.0,-30.4102,-27.5019,0.0188,0.1476,TripleIncreaseAngularVelo,extended
15.9704,238,0.00671118,-1.17043,0.0,0.0,0.0,0.0,0.0,0.0,0.0,0.0,-27.5977,-3.41773,0.00674,0.13537,TripleIncreaseAngularVelo,seated
16.0652,239,0.0232016,-1.5127,0.0,0.0,0.0,0.0,0.0,0.0,0.0,0.0,-24.6094,11.5782,0.00674,0.13537,TripleIncreaseAngularVelo,seated
16.1584,240,0.0352818,-1.65306,0.0,0.0,0.0,0.0,0.0,0.0,0.0,0.0,-20.918,22.1856,0.00674,0.13537,TripleIncreaseAngularVelo,seated
16.2754,241,0.0462114,-1.31577,0.0,0.0,0.0,0.0,0.0,0.0,0.0,0.0,-14.9414,33.0017,0.00674,0.13537,TripleIncreaseAngularVelo,seated
16.3806,242,0.052539,-0.748199,0.0,0.0,0.0,0.0,0.0,0.0,0.0,0.0,-10.5469,37.4908,0.00674,0.13537,TripleIncreaseAngularVelo,seated
16.4711,243,0.0314466,0.0325969,0.0,0.0,0.0,0.0,0.0,0.0,0.0,0.0,-6.67969,41.7842,0.00674,0.13537,TripleIncreaseAngularVelo,seated
16.5656,244,0.0508134,0.798437,0.0,0.0,0.0,0.0,0.0,0.0,0.0,0.0,-1.58203,46.0241,0.00674,0.13537,TripleIncreaseAngularVelo,seated
16.6602,245,0.0452525,0.940714,0.0,0.0,0.0,0.0,0.0,0.0,0.0,0.0,6.15234,53.9467,0.00674,0.13537,TripleIncreaseAngularVelo,seated
16.7684,246,0.0272285,0.645614,0.0,0.0,0.0,0.0,0.0,0.0,0.0,0.0,16.1719,63.1099,0.00674,0.13537,TripleIncreaseAngularVelo,seated
16.8285,247,0.00843733,0.262119,0.0,0.0,0.0,0.0,0.0,0.0,0.0,0.0,20.5664,69.4663,0.00674,0.13537,TripleIncreaseAngularVelo,seated
16.8885,248,0.0258862,-0.186187,0.0,0.0,0.0,0.0,0.0,0.0,0.0,0.0,24.2578,74.1074,0.00674,0.13537,TripleIncreaseAngularVelo,seated
16.9486,249,0.0325972,-0.51676,0.0,0.0,0.0,0.0,0.0,0.0,0.0,0.0,26.8945,74.3433,0.00674,0.13537,TripleIncreaseAngularVelo,seated
17.0087,250,0.0398838,-0.689333,0.0,0.0,0.0,0.0,0.0,0.0,0.0,0.0,28.8281,65.0753,0.00674,0.13537,TripleIncreaseAngularVelo,seated
17.0688,251,0.0433351,-0.688374,0.0,0.0,0.0,0.0,0.0,0.0,0.0,0.0,29.707,45.0578,0.00674,0.13537,TripleIncreaseAngularVelo,seated
17.1289,252,0.0433351,-0.518486,0.0,0.0,0.0,0.0,0.0,0.0,0.0,0.0,29.5312,29.8438,0.00674,0.13537,TripleIncreaseAngularVelo,seated
17.2442,253,0.0283787,-0.149371,0.0,0.0,0.0,0.0,0.0,0.0,0.0,0.0,27.5977,9.39159,0.0188,0.1476,TripleIncreaseAngularVelo,extended
17.3458,254,0.0203254,0.383303,0.0,0.0,0.0,0.0,0.0,0.0,0.0,0.0,24.082,-7.08137,0.0188,0.1476,TripleIncreaseAngularVelo,extended
17.4405,255,-0.0128468,0.515609,0.0,0.0,0.0,0.0,0.0,0.0,0.0,0.0,20.0391,-20.3565,0.0188,0.1476,TripleIncreaseAngularVelo,extended
17.5358,256,0.0178329,0.358184,0.0,0.0,0.0,0.0,0.0,0.0,0.0,0.0,15.8203,-29.735,0.0188,0.1476,TripleIncreaseAngularVelo,extended
17.6303,257,0.00460213,-0.0193664,0.0,0.0,0.0,0.0,0.0,0.0,0.0,0.0,11.6016,-35.7569,0.0188,0.1476,TripleIncreaseAngularVelo,extended
17.723,258,0.0209009,-0.711384,0.0,0.0,0.0,0.0,0.0,0.0,0.0,0.0,8.26172,-40.3778,0.0188,0.1476,TripleIncreaseAngularVelo,extended
17.8314,259,0.0381581,-1.69409,0.0,0.0,0.0,0.0,0.0,0.0,0.0,0.0,2.28516,-44.8884,0.0188,0.1476,TripleIncreaseAngularVelo,extended
17.9271,260,0.0414178,-1.98689,0.0,0.0,0.0,0.0,0.0,0.0,0.0,0.0,-4.74609,-50.934,0.0188,0.1476,TripleIncreaseAngularVelo,extended
18.0231,261,0.0483205,-1.86685,0.0,0.0,0.0,0.0,0.0,0.0,0.0,0.0,-11.6016,-56.2772,0.0188,0.1476,TripleIncreaseAngularVelo,extended
18.0831,262,0.0492794,-1.79342,0.0,0.0,0.0,0.0,0.0,0.0,0.0,0.0,-15.9961,-60.9411,0.0188,0.1476,TripleIncreaseAngularVelo,extended
18.1432,263,0.051964,-1.67223,0.0,0.0,0.0,0.0,0.0,0.0,0.0,0.0,-20.0391,-67.352,0.0188,0.1476,TripleIncreaseAngularVelo,extended
18.2033,264,0.0533063,-1.41836,0.0,0.0,0.0,0.0,0.0,0.0,0.0,0.0,-23.2031,-68.5288,0.0188,0.1476,TripleIncreaseAngularVelo,extended
18.2634,265,0.0446774,-1.157,0.0,0.0,0.0,0.0,0.0,0.0,0.0,0.0,-26.3672,-64.2884,0.0188,0.1476,TripleIncreaseAngularVelo,extended
18.3235,266,0.0304882,-0.91176,0.0,0.0,0.0,0.0,0.0,0.0,0.0,0.0,-29.0039,-57.9294,0.0188,0.1476,TripleIncreaseAngularVelo,extended
18.3835,267,0.0218593,-0.804189,0.0,0.0,0.0,0.0,0.0,0.0,0.0,0.0,-30.2344,-47.3978,0.0188,0.1476,TripleIncreaseAngularVelo,extended
18.4436,268,0.00939577,-0.738804,0.0,0.0,0.0,0.0,0.0,0.0,0.0,0.0,-30.2344,-33.9393,0.0188,0.1476,TripleIncreaseAngularVelo,extended
18.5037,269,0.00556105,-0.768333,0.0,0.0,0.0,0.0,0.0,0.0,0.0,0.0,-29.3555,-20.4799,0.0188,0.1476,TripleIncreaseAngularVelo,extended
18.6034,270,-0.00230056,-1.01492,0.0,0.0,0.0,0.0,0.0,0.0,0.0,0.0,-26.3672,0.0,0.00674,0.13537,TripleIncreaseAngularVelo,seated
18.6996,271,0.00210923,-1.28586,0.0,0.0,0.0,0.0,0.0,0.0,0.0,0.0,-22.8516,16.3578,0.00674,0.13537,TripleIncreaseAngularVelo,seated
18.7943,272,0.0139977,-1.55239,0.0,0.0,0.0,0.0,0.0,0.0,0.0,0.0,-18.9844,27.3916,0.00674,0.13537,TripleIncreaseAngularVelo,seated
18.8834,273,0.0302965,-1.48969,0.0,0.0,0.0,0.0,0.0,0.0,0.0,0.0,-14.0625,36.7693,0.00674,0.13537,TripleIncreaseAngularVelo,seated
18.9937,274,0.0511968,-1.02566,0.0,0.0,0.0,0.0,0.0,0.0,0.0,0.0,-8.08594,43.4091,0.00674,0.13537,TripleIncreaseAngularVelo,seated
19.0936,275,0.0448691,-0.475151,0.0,0.0,0.0,0.0,0.0,0.0,0.0,0.0,-4.39453,44.8254,0.00674,0.13537,TripleIncreaseAngularVelo,seated
