0.000359058,0,0.0,0.0,0.0,0.0,0.0,0.0,0.0,0.0,0.0,0.0,5.44922,0.0,0.00674,0.13537,None,seated
0.0504272,1,0.0,0.0,0.0,0.0,0.0,0.0,0.0,0.0,0.0,0.0,4.74609,-14.0434,0.00674,0.13537,Nothing,seated
0.1005,2,0.0,0.0,0.0,0.0,0.0,0.0,0.0,0.0,0.0,0.0,4.21875,-10.5315,0.00674,0.13537,Nothing,seated
0.150569,3,0.0,0.0,0.0,0.0,0.0,0.0,0.0,0.0,0.0,0.0,3.51562,-14.0431,0.00674,0.13537,Nothing,seated
0.200637,4,0.0,0.0,0.0,0.0,0.0,0.0,0.0,0.0,0.0,0.0,2.8125,-14.0434,0.00674,0.13537,Nothing,seated
0.250714,5,0.0,0.0,0.0,0.0,0.0,0.0,0.0,0.0,0.0,0.0,1.93359,-17.5511,0.00674,0.13537,Nothing,seated
0.300785,6,0.0,0.0,0.0,0.0,0.0,0.0,0.0,0.0,0.0,0.0,1.23047,-14.0426,0.00674,0.13537,Nothing,seated
0.350854,7,0.0,0.0,0.0,0.0,0.0,0.0,0.0,0.0,0.0,0.0,0.351562,-17.5539,0.00674,0.13537,Nothing,seated
0.400924,8,0.0,0.0,0.0,0.0,0.0,0.0,0.0,0.0,0.0,0.0,-0.351562,-14.0429,0.00674,0.13537,Nothing,seated
0.450995,9,0.0,0.0,0.0,0.0,0.0,0.0,0.0,0.0,0.0,0.0,-1.23047,-17.5532,0.00674,0.13537,Nothing,seated
0.501064,10,0.0,0.0,0.0,0.0,0.0,0.0,0.0,0.0,0.0,0.0,-1.93359,-14.0431,0.00674,0.13537,Nothing,seated
0.551133,11,0.0,0.0,0.0,0.0,0.0,0.0,0.0,0.0,0.0,0.0,-2.63672,-14.0431,0.00674,0.13537,Nothing,seated
0.601205,12,0.0,0.0,0.0,0.0,0.0,0.0,0.0,0.0,0.0,0.0,-3.33984,-14.0423,0.00674,0.13537,Nothing,seated
0.651267,13,0.0,0.0,0.0,0.0,0.0,0.0,0.0,0.0,0.0,0.0,-3.86719,-10.5338,0.00674,0.13537,Nothing,seated
0.701343,14,0.0,0.0,0.0,0.0,0.0,0.0,0.0,0.0,0.0,0.0,-4.39453,-10.5309,0.00674,0.13537,Nothing,seated
0.751412,15,0.0,0.0,0.0,0.0,0.0,0.0,0.0,0.0,0.0,0.0,-4.92188,-10.5323,0.00674,0.13537,Nothing,seated
0.801482,16,0.0,0.0,0.0,0.0,0.0,0.0,0.0,0.0,0.0,0.0,-5.27344,-7.02141,0.00674,0.13537,Nothing,seated
0.851552,17,0.0,0.0,0.0,0.0,0.0,0.0,0.0,0.0,0.0,0.0,-5.625,-7.02145,0.00674,0.13537,Nothing,seated
0.901627,18,0.0,0.0,0.0,0.0,0.0,0.0,0.0,0.0,0.0,0.0,-5.80078,-3.51036,0.00674,0.13537,Nothing,seated
0.951695,19,0.0,0.0,0.0,0.0,0.0,0.0,0.0,0.0,0.0,0.0,-5.97656,-3.51084,0.00674,0.13537,Nothing,seated
1.00176,20,0.0,0.0,0.0,0.0,0.0,0.0,0.0,0.0,0.0,0.0,-5.97656,0.0,0.00674,0.13537,Nothing,seated
1.05184,21,0.0,0.0,0.0,0.0,0.0,0.0,0.0,0.0,0.0,0.0,-5.80078,3.51042,0.00674,0.13537,Nothing,seated
1.10191,22,0.0,0.0,0.0,0.0,0.0,0.0,0.0,0.0,0.0,0.0,-5.625,3.51029,0.00674,0.13537,Nothing,seated
1.15198,23,0.0,0.0,0.0,0.0,0.0,0.0,0.0,0.0,0.0,0.0,-5.27344,7.02145,0.00674,0.13537,Nothing,seated
1.20205,24,0.0,0.0,0.0,0.0,0.0,0.0,0.0,0.0,0.0,0.0,-4.92188,7.02128,0.00674,0.13537,Nothing,seated
1.25213,25,0.0,0.0,0.0,0.0,0.0,0.0,0.0,0.0,0.0,0.0,-4.57031,7.02058,0.00674,0.13537,Nothing,seated
1.3022,26,0.0,0.0,0.0,0.0,0.0,0.0,0.0,0.0,0.0,0.0,-4.04297,10.533,0.00674,0.13537,Nothing,seated
1.35227,27,0.0,0.0,0.0,0.0,0.0,0.0,0.0,0.0,0.0,0.0,-3.51562,10.5321,0.00674,0.13537,Nothing,seated
1.40234,28,0.0,0.0,0.0,0.0,0.0,0.0,0.0,0.0,0.0,0.0,-2.8125,14.042,0.00674,0.13537,Nothing,seated
1.45241,29,0.0,0.0,0.0,0.0,0.0,0.0,0.0,0.0,0.0,0.0,-2.10938,14.0432,0.00674,0.13537,Nothing,seated
1.50248,30,0.0,0.0,0.0,0.0,0.0,0.0,0.0,0.0,0.0,0.0,-1.23047,17.5535,0.00674,0.13537,Nothing,seated
1.55255,31,0.0,0.0,0.0,0.0,0.0,0.0,0.0,0.0,0.0,0.0,-0.527344,14.0428,0.00674,0.13537,Nothing,seated
1.60262,32,0.0,0.0,0.0,0.0,0.0,0.0,0.0,0.0,0.0,0.0,0.351562,17.5535,0.00674,0.13537,Nothing,seated
1.65269,33,0.0,0.0,0.0,0.0,0.0,0.0,0.0,0.0,0.0,0.0,1.05469,14.0418,0.00674,0.13537,Nothing,seated
1.70276,34,0.0,0.0,0.0,0.0,0.0,0.0,0.0,0.0,0.0,0.0,1.75781,14.0423,0.00674,0.13537,Nothing,seated
1.75283,35,0.0,0.0,0.0,0.0,0.0,0.0,0.0,0.0,0.0,0.0,2.63672,17.555,0.00674,0.13537,Nothing,seated
1.80291,36,0.0,0.0,0.0,0.0,0.0,0.0,0.0,0.0,0.0,0.0,3.33984,14.0403,0.00674,0.13537,Nothing,seated
1.85299,37,0.0,0.0,0.0,0.0,0.0,0.0,0.0,0.0,0.0,0.0,4.04297,14.0412,0.00674,0.13537,Nothing,seated
1.90306,38,0.0,0.0,0.0,0.0,0.0,0.0,0.0,0.0,0.0,0.0,4.57031,10.5319,0.00674,0.13537,Nothing,seated
1.95313,39,0.0,0.0,0.0,0.0,0.0,0.0,0.0,0.0,0.0,0.0,5.27344,14.0426,0.00674,0.13537,Nothing,seated
2.0032,40,0.0,0.0,0.0,0.0,0.0,0.0,0.0,0.0,0.0,0.0,5.625,7.02155,0.00674,0.13537,Nothing,seated
2.05327,41,0.0,0.0,0.0,0.0,0.0,0.0,0.0,0.0,0.0,0.0,6.15234,10.5313,0.00674,0.13537,Nothing,seated
2.10334,42,0.0,0.0,0.0,0.0,0.0,0.0,0.0,0.0,0.0,0.0,6.32812,3.51071,0.00674,0.13537,Nothing,seated
2.15341,43,0.0,0.0,0.0,0.0,0.0,0.0,0.0,0.0,0.0,0.0,6.67969,7.02212,0.00674,0.13537,Nothing,seated
2.20347,44,0.0,0.0,0.0,0.0,0.0,0.0,0.0,0.0,0.0,0.0,6.85547,3.51092,0.00674,0.13537,Nothing,seated
2.25354,45,0.0,0.0,0.0,0.0,0.0,0.0,0.0,0.0,0.0,0.0,6.85547,0.0,0.00674,0.13537,Nothing,seated
2.30361,46,0.0,0.0,0.0,0.0,0.0,0.0,0.0,0.0,0.0,0.0,6.85547,0.0,0.00674,0.13537,Nothing,seated
2.35368,47,0.0,0.0,0.0,0.0,0.0,0.0,0.0,0.0,0.0,0.0,6.67969,-3.51064,0.00674,0.13537,Nothing,seated
2.40375,48,0.0,0.0,0.0,0.0,0.0,0.0,0.0,0.0,0.0,0.0,6.32812,-7.02141,0.00674,0.13537,Nothing,seated
2.45382,49,0.0,0.0,0.0,0.0,0.0,0.0,0.0,0.0,0.0,0.0,5.97656,-7.02155,0.00674,0.13537,Nothing,seated
2.50389,50,0.0,0.0,0.0,0.0,0.0,0.0,0.0,0.0,0.0,0.0,5.625,-7.02115,0.00674,0.13537,Nothing,seated
2.55396,51,0.0,0.0,0.0,0.0,0.0,0.0,0.0,0.0,0.0,0.0,5.09766,-10.5328,0.00674,0.13537,Nothing,seated
2.60403,52,0.0,0.0,0.0,0.0,0.0,0.0,0.0,0.0,0.0,0.0,4.57031,-10.5321,0.00674,0.13537,Nothing,seated
2.65406,53,0.0,0.0,0.0,0.0,0.0,0.0,0.0,0.0,0.0,0.0,3.86719,-14.0546,0.00674,0.13537,Nothing,seated
2.70414,54,0.0,0.0,0.0,0.0,0.0,0.0,0.0,0.0,0.0,0.0,3.16406,-14.0412,0.00674,0.13537,Nothing,seated
2.7542,55,0.0,0.0,0.0,0.0,0.0,0.0,0.0,0.0,0.0,0.0,2.46094,-14.0434,0.00674,0.13537,Nothing,seated
2.80427,56,0.0,0.0,0.0,0.0,0.0,0.0,0.0,0.0,0.0,0.0,1.75781,-14.044,0.00674,0.13537,Nothing,seated
2.85434,57,0.0,0.0,0.0,0.0,0.0,0.0,0.0,0.0,0.0,0.0,1.05469,-14.0428,0.00674,0.13537,Nothing,seated
2.90441,58,0.0,0.0,0.0,0.0,0.0,0.0,0.0,0.0,0.0,0.0,0.175781,-17.5532,0.00674,0.13537,Nothing,seated
2.95448,59,0.0,0.0,0.0,0.0,0.0,0.0,0.0,0.0,0.0,0.0,-0.527344,-14.0426,0.00674,0.13537,Nothing,seated
3.00455,60,0.0,0.0,0.0,0.0,0.0,0.0,0.0,0.0,0.0,0.0,-1.40625,-17.554,0.00674,0.13537,Nothing,seated
3.05462,61,0.0,0.0,0.0,0.0,0.0,0.0,0.0,0.0,0.0,0.0,-2.10938,-14.0428,0.00674,0.13537,Nothing,seated
3.10469,62,0.0,0.0,0.0,0.0,0.0,0.0,0.0,0.0,0.0,0.0,-2.8125,-14.0426,0.00674,0.13537,Nothing,seated
3.15476,63,0.0,0.0,0.0,0.0,0.0,0.0,0.0,0.0,0.0,0.0,-3.33984,-10.5321,0.00674,0.13537,Nothing,seated
3.20484,64,0.0,0.0,0.0,0.0,0.0,0.0,0.0,0.0,0.0,0.0,-4.04297,-14.0412,0.00674,0.13537,Nothing,seated
3.25491,65,0.0,0.0,0.0,0.0,0.0,0.0,0.0,0.0,0.0,0.0,-4.57031,-10.5321,0.00674,0.13537,Nothing,seated
3.30498,66,0.0,0.0,0.0,0.0,0.0,0.0,0.0,0.0,0.0,0.0,-4.92188,-7.02128,0.00674,0.13537,Nothing,seated
3.35505,67,0.0,0.0,0.0,0.0,0.0,0.0,0.0,0.0,0.0,0.0,-5.27344,-7.02115,0.00674,0.13537,Nothing,seated
3.40512,68,0.0,0.0,0.0,0.0,0.0,0.0,0.0,0.0,0.0,0.0,-5.625,-7.02115,0.00674,0.13537,Nothing,seated
3.45519,69,0.0,0.0,0.0,0.0,0.0,0.0,0.0,0.0,0.0,0.0,-5.625,0.0,0.00674,0.13537,Nothing,seated
3.50526,70,0.0,0.0,0.0,0.0,0.0,0.0,0.0,0.0,0.0,0.0,-5.80078,-3.51079,0.00674,0.13537,Nothing,seated
3.55533,71,0.0,0.0,0.0,0.0,0.0,0.0,0.0,0.0,0.0,0.0,-5.80078,0.0,0.00674,0.13537,Nothing,seated
3.6054,72,0.0,0.0,0.0,0.0,0.0,0.0,0.0,0.0,0.0,0.0,-5.625,3.51072,0.00674,0.13537,Nothing,seated
3.65547,73,0.0,0.0,0.0,0.0,0.0,0.0,0.0,0.0,0.0,0.0,-5.44922,3.51071,0.00674,0.13537,Nothing,seated
3.70554,74,0.0,0.0,0.0,0.0,0.0,0.0,0.0,0.0,0.0,0.0,-5.09766,7.02168,0.00674,0.13537,Nothing,seated
3.7556,75,0.0,0.0,0.0,0.0,0.0,0.0,0.0,0.0,0.0,0.0,-4.74609,7.02158,0.00674,0.13537,Nothing,seated
3.80567,76,0.0,0.0,0.0,0.0,0.0,0.0,0.0,0.0,0.0,0.0,-4.39453,7.02185,0.00674,0.13537,Nothing,seated
3.85574,77,0.0,0.0,0.0,0.0,0.0,0.0,0.0,0.0,0.0,0.0,-3.86719,10.5321,0.00674,0.13537,Nothing,seated
3.90582,78,0.0,0.0,0.0,0.0,0.0,0.0,0.0,0.0,0.0,0.0,-3.16406,14.0409,0.00674,0.13537,Nothing,seated
3.95589,79,0.0,0.0,0.0,0.0,0.0,0.0,0.0,0.0,0.0,0.0,-2.46094,14.0426,0.00674,0.13537,Nothing,seated
4.00596,80,0.0,0.0,0.0,0.0,0.0,0.0,0.0,0.0,0.0,0.0,-1.75781,14.0431,0.00674,0.13537,Nothing,seated
4.05603,81,0.0,0.0,0.0,0.0,0.0,0.0,0.0,0.0,0.0,0.0,-1.05469,14.0414,0.00674,0.13537,Nothing,seated
4.10606,82,0.0,0.0,0.0,0.0,0.0,0.0,0.0,0.0,0.0,0.0,-0.351562,14.0541,0.00674,0.13537,Nothing,seated
4.15613,83,0.0,0.0,0.0,0.0,0.0,0.0,0.0,0.0,0.0,0.0,0.351562,14.0434,0.00674,0.13537,Nothing,seated
4.2062,84,0.0,0.0,0.0,0.0,0.0,0.0,0.0,0.0,0.0,0.0,1.23047,17.5541,0.00674,0.13537,Nothing,seated
4.25627,85,0.0,0.0,0.0,0.0,0.0,0.0,0.0,0.0,0.0,0.0,1.93359,14.0434,0.00674,0.13537,Nothing,seated
4.30634,86,0.0,0.0,0.0,0.0,0.0,0.0,0.0,0.0,0.0,0.0,2.63672,14.0431,0.00674,0.13537,Nothing,seated
4.35641,87,0.0,0.0,0.0,0.0,0.0,0.0,0.0,0.0,0.0,0.0,3.33984,14.0424,0.00674,0.13537,Nothing,seated
4.40649,88,0.0,0.0,0.0,0.0,0.0,0.0,0.0,0.0,0.0,0.0,4.04297,14.0409,0.00674,0.13537,Nothing,seated
4.45656,89,0.0,0.0,0.0,0.0,0.0,0.0,0.0,0.0,0.0,0.0,4.74609,14.0428,0.00674,0.13537,Nothing,seated
4.50663,90,0.0,0.0,0.0,0.0,0.0,0.0,0.0,0.0,0.0,0.0,5.27344,10.5311,0.00674,0.13537,Nothing,seated
4.5567,91,0.0,0.0,0.0,0.0,0.0,0.0,0.0,0.0,0.0,0.0,5.625,7.02181,0.00674,0.13537,Nothing,seated
4.60676,92,0.0,0.0,0.0,0.0,0.0,0.0,0.0,0.0,0.0,0.0,5.97656,7.02195,0.00674,0.13537,Nothing,seated
4.65684,93,0.0,0.0,0.0,0.0,0.0,0.0,0.0,0.0,0.0,0.0,6.32812,7.02111,0.00674,0.13537,Nothing,seated
4.70691,94,0.0,0.0,0.0,0.0,0.0,0.0,0.0,0.0,0.0,0.0,6.50391,3.51057,0.00674,0.13537,Nothing,seated
4.75698,95,0.0,0.0,0.0,0.0,0.0,0.0,0.0,0.0,0.0,0.0,6.67969,3.51079,0.00674,0.13537,Nothing,seated
4.80705,96,0.0,0.0,0.0,0.0,0.0,0.0,0.0,0.0,0.0,0.0,6.67969,0.0,0.00674,0.13537,Nothing,seated
4.85712,97,0.0,0.0,0.0,0.0,0.0,0.0,0.0,0.0,0.0,0.0,6.67969,0.0,0.00674,0.13537,Nothing,seated
4.90719,98,0.0,0.0,0.0,0.0,0.0,0.0,0.0,0.0,0.0,0.0,6.50391,-3.51057,0.00674,0.13537,Nothing,seated
4.95726,99,0.0,0.0,0.0,0.0,0.0,0.0,0.0,0.0,0.0,0.0,6.15234,-7.02118,0.00674,0.13537,Nothing,seated
5.00733,100,0.0,0.0,0.0,0.0,0.0,0.0,0.0,0.0,0.0,0.0,5.80078,-7.02128,0.00674,0.13537,Nothing,seated
5.05741,101,0.0,0.0,0.0,0.0,0.0,0.0,0.0,0.0,0.0,0.0,5.44922,-7.02054,0.00674,0.13537,Nothing,seated
5.10748,102,0.0,0.0,0.0,0.0,0.0,0.0,0.0,0.0,0.0,0.0,4.92188,-10.5322,0.00674,0.13537,DecreaseSmallAngle,seated
5.15755,103,0.0,0.0,0.0,0.0,0.0,0.0,0.0,0.0,0.0,0.0,4.39453,-10.5317,0.00674,0.13537,DecreaseSmallAngle,seated
5.20762,104,0.0,0.0,0.0,0.0,0.0,0.0,0.0,0.0,0.0,0.0,3.69141,-14.0425,0.00674,0.13537,DecreaseSmallAngle,seated
5.25769,105,0.0,0.0,0.0,0.0,0.0,0.0,0.0,0.0,0.0,0.0,2.98828,-14.0428,0.00674,0.13537,DecreaseSmallAngle,seated
5.30776,106,0.0,0.0,0.0,0.0,0.0,0.0,0.0,0.0,0.0,0.0,2.28516,-14.0435,0.00674,0.13537,DecreaseSmallAngle,seated
5.35783,107,0.0,0.0,0.0,0.0,0.0,0.0,0.0,0.0,0.0,0.0,1.58203,-14.0443,0.00674,0.13537,DecreaseSmallAngle,seated
5.40789,108,0.0,0.0,0.0,0.0,0.0,0.0,0.0,0.0,0.0,0.0,0.703125,-17.554,0.00674,0.13537,DecreaseSmallAngle,seated
5.45796,109,0.0,0.0,0.0,0.0,0.0,0.0,0.0,0.0,0.0,0.0,0.0,-14.0426,0.00674,0.13537,DecreaseSmallAngle,seated
5.54674,110,0.0,0.0,0.0,0.0,0.0,0.0,0.0,0.0,0.0,0.0,-1.23047,-13.8608,0.0188,0.1476,DecreaseSmallAngle,extended
5.59681,111,0.0,0.0,0.0,0.0,0.0,0.0,0.0,0.0,0.0,0.0,-2.10938,-17.5535,0.0188,0.1476,DecreaseSmallAngle,extended
5.64688,112,0.0,0.0,0.0,0.0,0.0,0.0,0.0,0.0,0.0,0.0,-2.63672,-10.5322,0.0188,0.1476,DecreaseSmallAngle,extended
5.69695,113,0.0,0.0,0.0,0.0,0.0,0.0,0.0,0.0,0.0,0.0,-3.33984,-14.0429,0.0188,0.1476,DecreaseSmallAngle,extended
5.74702,114,0.0,0.0,0.0,0.0,0.0,0.0,0.0,0.0,0.0,0.0,-3.86719,-10.5323,0.0188,0.1476,DecreaseSmallAngle,extended
5.79708,115,0.0,0.0,0.0,0.0,0.0,0.0,0.0,0.0,0.0,0.0,-4.39453,-10.5327,0.0188,0.1476,DecreaseSmallAngle,extended
5.84716,116,0.0,0.0,0.0,0.0,0.0,0.0,0.0,0.0,0.0,0.0,-4.92188,-10.5317,0.0188,0.1476,DecreaseSmallAngle,extended
5.89722,117,0.0,0.0,0.0,0.0,0.0,0.0,0.0,0.0,0.0,0.0,-5.27344,-7.02168,0.0188,0.1476,DecreaseSmallAngle,extended
5.94729,118,0.0,0.0,0.0,0.0,0.0,0.0,0.0,0.0,0.0,0.0,-5.44922,-3.51087,0.0188,0.1476,DecreaseSmallAngle,extended
5.99737,119,0.0,0.0,0.0,0.0,0.0,0.0,0.0,0.0,0.0,0.0,-5.625,-3.50989,0.0188,0.1476,DecreaseSmallAngle,extended
6.04745,120,0.0,0.0,0.0,0.0,0.0,0.0,0.0,0.0,0.0,0.0,-5.80078,-3.51036,0.0188,0.1476,DecreaseSmallAngle,extended
6.09753,121,0.0,0.0,0.0,0.0,0.0,0.0,0.0,0.0,0.0,0.0,-5.80078,0.0,0.0188,0.1476,DecreaseSmallAngle,extended
6.14761,122,0.0,0.0,0.0,0.0,0.0,0.0,0.0,0.0,0.0,0.0,-5.80078,0.0,0.0188,0.1476,DecreaseSmallAngle,extended
6.19767,123,0.0,0.0,0.0,0.0,0.0,0.0,0.0,0.0,0.0,0.0,-5.625,3.51104,0.0188,0.1476,DecreaseSmallAngle,extended
6.24775,124,0.0,0.0,0.0,0.0,0.0,0.0,0.0,0.0,0.0,0.0,-5.27344,7.02054,0.0188,0.1476,DecreaseSmallAngle,extended
6.29782,125,0.0,0.0,0.0,0.0,0.0,0.0,0.0,0.0,0.0,0.0,-4.92188,7.02061,0.0188,0.1476,DecreaseSmallAngle,extended
6.3479,126,0.0,0.0,0.0,0.0,0.0,0.0,0.0,0.0,0.0,0.0,-4.39453,10.5315,0.0188,0.1476,DecreaseSmallAngle,extended
6.39797,127,0.0,0.0,0.0,0.0,0.0,0.0,0.0,0.0,0.0,0.0,-3.86719,10.5323,0.0188,0.1476,DecreaseSmallAngle,extended
6.44804,128,0.0,0.0,0.0,0.0,0.0,0.0,0.0,0.0,0.0,0.0,-3.33984,10.5309,0.0188,0.1476,DecreaseSmallAngle,extended
6.49806,129,0.0,0.0,0.0,0.0,0.0,0.0,0.0,0.0,0.0,0.0,-2.63672,14.0565,0.0188,0.1476,DecreaseSmallAngle,extended
6.54813,130,0.0,0.0,0.0,0.0,0.0,0.0,0.0,0.0,0.0,0.0,-2.10938,10.5326,0.0188,0.1476,DecreaseSmallAngle,extended
6.5982,131,0.0,0.0,0.0,0.0,0.0,0.0,0.0,0.0,0.0,0.0,-1.23047,17.5542,0.0188,0.1476,DecreaseSmallAngle,extended
6.64827,132,0.0,0.0,0.0,0.0,0.0,0.0,0.0,0.0,0.0,0.0,-0.527344,14.0434,0.0188,0.1476,DecreaseSmallAngle,extended
6.69834,133,0.0,0.0,0.0,0.0,0.0,0.0,0.0,0.0,0.0,0.0,0.175781,14.043,0.0188,0.1476,DecreaseSmallAngle,extended
6.783,134,0.0,0.0,0.0,0.0,0.0,0.0,0.0,0.0,0.0,0.0,1.40625,14.533,0.00674,0.13537,DecreaseSmallAngle,seated
6.83306,135,0.0,0.0,0.0,0.0,0.0,0.0,0.0,0.0,0.0,0.0,2.10938,14.0476,0.00674,0.13537,DecreaseSmallAngle,seated
6.88313,136,0.0,0.0,0.0,0.0,0.0,0.0,0.0,0.0,0.0,0.0,2.8125,14.0426,0.00674,0.13537,DecreaseSmallAngle,seated
6.9332,137,0.0,0.0,0.0,0.0,0.0,0.0,0.0,0.0,0.0,0.0,3.51562,14.0434,0.00674,0.13537,DecreaseSmallAngle,seated
6.98327,138,0.0,0.0,0.0,0.0,0.0,0.0,0.0,0.0,0.0,0.0,4.04297,10.5315,0.00674,0.13537,DecreaseSmallAngle,seated
7.03333,139,0.0,0.0,0.0,0.0,0.0,0.0,0.0,0.0,0.0,0.0,4.57031,10.5329,0.00674,0.13537,DecreaseSmallAngle,seated
7.08341,140,0.0,0.0,0.0,0.0,0.0,0.0,0.0,0.0,0.0,0.0,5.09766,10.5306,0.00674,0.13537,DecreaseSmallAngle,seated
7.13348,141,0.0,0.0,0.0,0.0,0.0,0.0,0.0,0.0,0.0,0.0,5.44922,7.02115,0.00674,0.13537,DecreaseSmallAngle,seated
7.18355,142,0.0,0.0,0.0,0.0,0.0,0.0,0.0,0.0,0.0,0.0,5.80078,7.02181,0.00674,0.13537,DecreaseSmallAngle,seated
7.23362,143,0.0,0.0,0.0,0.0,0.0,0.0,0.0,0.0,0.0,0.0,5.97656,3.51077,0.00674,0.13537,DecreaseSmallAngle,seated
7.28369,144,0.0,0.0,0.0,0.0,0.0,0.0,0.0,0.0,0.0,0.0,6.15234,3.51062,0.00674,0.13537,DecreaseSmallAngle,seated
7.33376,145,0.0,0.0,0.0,0.0,0.0,0.0,0.0,0.0,0.0,0.0,6.15234,0.0,0.00674,0.13537,DecreaseSmallAngle,seated
7.38383,146,0.0,0.0,0.0,0.0,0.0,0.0,0.0,0.0,0.0,0.0,6.15234,0.0,0.00674,0.13537,DecreaseSmallAngle,seated
7.4339,147,0.0,0.0,0.0,0.0,0.0,0.0,0.0,0.0,0.0,0.0,6.15234,0.0,0.00674,0.13537,DecreaseSmallAngle,seated
7.48398,148,0.0,0.0,0.0,0.0,0.0,0.0,0.0,0.0,0.0,0.0,5.97656,-3.51057,0.00674,0.13537,DecreaseSmallAngle,seated
7.53406,149,0.0,0.0,0.0,0.0,0.0,0.0,0.0,0.0,0.0,0.0,5.625,-7.02004,0.00674,0.13537,DecreaseSmallAngle,seated
7.58413,150,0.0,0.0,0.0,0.0,0.0,0.0,0.0,0.0,0.0,0.0,5.27344,-7.02058,0.00674,0.13537,DecreaseSmallAngle,seated
7.6342,151,0.0,0.0,0.0,0.0,0.0,0.0,0.0,0.0,0.0,0.0,4.92188,-7.02185,0.00674,0.13537,DecreaseSmallAngle,seated
7.68427,152,0.0,0.0,0.0,0.0,0.0,0.0,0.0,0.0,0.0,0.0,4.39453,-10.5326,0.00674,0.13537,DecreaseSmallAngle,seated
7.73434,153,0.0,0.0,0.0,0.0,0.0,0.0,0.0,0.0,0.0,0.0,3.69141,-14.0431,0.00674,0.13537,DecreaseSmallAngle,seated
7.78442,154,0.0,0.0,0.0,0.0,0.0,0.0,0.0,0.0,0.0,0.0,2.98828,-14.0397,0.00674,0.13537,DecreaseSmallAngle,seated
7.83449,155,0.0,0.0,0.0,0.0,0.0,0.0,0.0,0.0,0.0,0.0,2.46094,-10.5311,0.00674,0.13537,DecreaseSmallAngle,seated
7.88457,156,0.0,0.0,0.0,0.0,0.0,0.0,0.0,0.0,0.0,0.0,1.75781,-14.0414,0.00674,0.13537,DecreaseSmallAngle,seated
7.93464,157,0.0,0.0,0.0,0.0,0.0,0.0,0.0,0.0,0.0,0.0,1.05469,-14.0426,0.00674,0.13537,DecreaseSmallAngle,seated
7.98471,158,0.0,0.0,0.0,0.0,0.0,0.0,0.0,0.0,0.0,0.0,0.351562,-14.0423,0.00674,0.13537,DecreaseSmallAngle,seated
8.03479,159,0.0,0.0,0.0,0.0,0.0,0.0,0.0,0.0,0.0,0.0,-0.351562,-14.0411,0.00674,0.13537,DecreaseSmallAngle,seated
8.15166,160,0.0,0.0,0.0,0.0,0.0,0.0,0.0,0.0,0.0,0.0,-2.10938,-15.0406,0.0188,0.1476,DecreaseSmallAngle,extended
8.20173,161,0.0,0.0,0.0,0.0,0.0,0.0,0.0,0.0,0.0,0.0,-2.8125,-14.0426,0.0188,0.1476,DecreaseSmallAngle,extended
8.2518,162,0.0,0.0,0.0,0.0,0.0,0.0,0.0,0.0,0.0,0.0,-3.33984,-10.5313,0.0188,0.1476,DecreaseSmallAngle,extended
8.30187,163,0.0,0.0,0.0,0.0,0.0,0.0,0.0,0.0,0.0,0.0,-3.86719,-10.533,0.0188,0.1476,DecreaseSmallAngle,extended
8.35194,164,0.0,0.0,0.0,0.0,0.0,0.0,0.0,0.0,0.0,0.0,-4.39453,-10.5307,0.0188,0.1476,DecreaseSmallAngle,extended
8.40202,165,0.0,0.0,0.0,0.0,0.0,0.0,0.0,0.0,0.0,0.0,-4.74609,-7.02125,0.0188,0.1476,DecreaseSmallAngle,extended
8.45207,166,0.0,0.0,0.0,0.0,0.0,0.0,0.0,0.0,0.0,0.0,-4.92188,-3.51188,0.0188,0.1476,DecreaseSmallAngle,extended
8.50214,167,0.0,0.0,0.0,0.0,0.0,0.0,0.0,0.0,0.0,0.0,-5.27344,-7.02158,0.0188,0.1476,DecreaseSmallAngle,extended
8.55221,168,0.0,0.0,0.0,0.0,0.0,0.0,0.0,0.0,0.0,0.0,-5.27344,0.0,0.0188,0.1476,DecreaseSmallAngle,extended
8.60228,169,0.0,0.0,0.0,0.0,0.0,0.0,0.0,0.0,0.0,0.0,-5.44922,-3.51042,0.0188,0.1476,DecreaseSmallAngle,extended
8.65235,170,0.0,0.0,0.0,0.0,0.0,0.0,0.0,0.0,0.0,0.0,-5.44922,0.0,0.0188,0.1476,DecreaseSmallAngle,extended
8.70242,171,0.0,0.0,0.0,0.0,0.0,0.0,0.0,0.0,0.0,0.0,-5.27344,3.51067,0.0188,0.1476,DecreaseSmallAngle,extended
8.75249,172,0.0,0.0,0.0,0.0,0.0,0.0,0.0,0.0,0.0,0.0,-5.09766,3.51059,0.0188,0.1476,DecreaseSmallAngle,extended
8.80256,173,0.0,0.0,0.0,0.0,0.0,0.0,0.0,0.0,0.0,0.0,-4.92188,3.51071,0.0188,0.1476,DecreaseSmallAngle,extended
8.85263,174,0.0,0.0,0.0,0.0,0.0,0.0,0.0,0.0,0.0,0.0,-4.57031,7.02111,0.0188,0.1476,DecreaseSmallAngle,extended
8.9027,175,0.0,0.0,0.0,0.0,0.0,0.0,0.0,0.0,0.0,0.0,-4.04297,10.532,0.0188,0.1476,DecreaseSmallAngle,extended
8.95277,176,0.0,0.0,0.0,0.0,0.0,0.0,0.0,0.0,0.0,0.0,-3.51562,10.5324,0.0188,0.1476,DecreaseSmallAngle,extended
9.00284,177,0.0,0.0,0.0,0.0,0.0,0.0,0.0,0.0,0.0,0.0,-2.98828,10.5324,0.0188,0.1476,DecreaseSmallAngle,extended
9.05291,178,0.0,0.0,0.0,0.0,0.0,0.0,0.0,0.0,0.0,0.0,-2.28516,14.0437,0.0188,0.1476,DecreaseSmallAngle,extended
9.10297,179,0.0,0.0,0.0,0.0,0.0,0.0,0.0,0.0,0.0,0.0,-1.75781,10.5323,0.0188,0.1476,DecreaseSmallAngle,extended
9.15305,180,0.0,0.0,0.0,0.0,0.0,0.0,0.0,0.0,0.0,0.0,-1.05469,14.0414,0.0188,0.1476,DecreaseSmallAngle,extended
9.20312,181,0.0,0.0,0.0,0.0,0.0,0.0,0.0,0.0,0.0,0.0,-0.351562,14.043,0.0188,0.1476,DecreaseSmallAngle,extended
9.25319,182,0.0,0.0,0.0,0.0,0.0,0.0,0.0,0.0,0.0,0.0,0.351562,14.0426,0.0188,0.1476,DecreaseSmallAngle,extended
9.33641,183,0.0,0.0,0.0,0.0,0.0,0.0,0.0,0.0,0.0,0.0,1.40625,12.6736,0.00674,0.13537,DecreaseSmallAngle,seated
9.38648,184,0.0,0.0,0.0,0.0,0.0,0.0,0.0,0.0,0.0,0.0,2.10938,14.0432,0.00674,0.13537,DecreaseSmallAngle,seated
9.43655,185,0.0,0.0,0.0,0.0,0.0,0.0,0.0,0.0,0.0,0.0,2.8125,14.0429,0.00674,0.13537,DecreaseSmallAngle,seated
9.48663,186,0.0,0.0,0.0,0.0,0.0,0.0,0.0,0.0,0.0,0.0,3.33984,10.5294,0.00674,0.13537,DecreaseSmallAngle,seated
9.53671,187,0.0,0.0,0.0,0.0,0.0,0.0,0.0,0.0,0.0,0.0,4.04297,14.0407,0.00674,0.13537,DecreaseSmallAngle,seated
9.58678,188,0.0,0.0,0.0,0.0,0.0,0.0,0.0,0.0,0.0,0.0,4.57031,10.5321,0.00674,0.13537,DecreaseSmallAngle,seated
9.63685,189,0.0,0.0,0.0,0.0,0.0,0.0,0.0,0.0,0.0,0.0,4.92188,7.02135,0.00674,0.13537,DecreaseSmallAngle,seated
9.68692,190,0.0,0.0,0.0,0.0,0.0,0.0,0.0,0.0,0.0,0.0,5.27344,7.02118,0.00674,0.13537,DecreaseSmallAngle,seated
9.73699,191,0.0,0.0,0.0,0.0,0.0,0.0,0.0,0.0,0.0,0.0,5.44922,3.51084,0.00674,0.13537,DecreaseSmallAngle,seated
9.78707,192,0.0,0.0,0.0,0.0,0.0,0.0,0.0,0.0,0.0,0.0,5.625,3.51027,0.00674,0.13537,DecreaseSmallAngle,seated
9.83713,193,0.0,0.0,0.0,0.0,0.0,0.0,0.0,0.0,0.0,0.0,5.80078,3.51109,0.00674,0.13537,DecreaseSmallAngle,seated
9.8872,194,0.0,0.0,0.0,0.0,0.0,0.0,0.0,0.0,0.0,0.0,5.97656,3.51081,0.00674,0.13537,DecreaseSmallAngle,seated
9.93727,195,0.0,0.0,0.0,0.0,0.0,0.0,0.0,0.0,0.0,0.0,5.80078,-3.51066,0.00674,0.13537,DecreaseSmallAngle,seated
9.98734,196,0.0,0.0,0.0,0.0,0.0,0.0,0.0,0.0,0.0,0.0,5.80078,0.0,0.00674,0.13537,DecreaseSmallAngle,seated
10.0374,197,0.0,0.0,0.0,0.0,0.0,0.0,0.0,0.0,0.0,0.0,5.625,-3.51077,0.00674,0.13537,DecreaseSmallAngle,seated
10.0875,198,0.0,0.0,0.0,0.0,0.0,0.0,0.0,0.0,0.0,0.0,5.27344,-7.02081,0.00674,0.13537,DecreaseSmallAngle,seated
10.1376,199,0.0,0.0,0.0,0.0,0.0,0.0,0.0,0.0,0.0,0.0,4.92188,-7.02131,0.00674,0.13537,DecreaseSmallAngle,seated
10.1876,200,0.0,0.0,0.0,0.0,0.0,0.0,0.0,0.0,0.0,0.0,4.39453,-10.5321,0.00674,0.13537,DecreaseSmallAngle,seated
10.2377,201,0.0,0.0,0.0,0.0,0.0,0.0,0.0,0.0,0.0,0.0,3.86719,-10.5319,0.00674,0.13537,DecreaseSmallAngle,seated
10.2878,202,0.0,0.0,0.0,0.0,0.0,0.0,0.0,0.0,0.0,0.0,3.33984,-10.5322,0.00674,0.13537,DecreaseSmallAngle,seated
10.3378,203,0.0,0.0,0.0,0.0,0.0,0.0,0.0,0.0,0.0,0.0,2.8125,-10.5335,0.00674,0.13537,DecreaseSmallAngle,seated
10.3879,204,0.0,0.0,0.0,0.0,0.0,0.0,0.0,0.0,0.0,0.0,2.10938,-14.0438,0.00674,0.13537,DecreaseSmallAngle,seated
10.438,205,0.0,0.0,0.0,0.0,0.0,0.0,0.0,0.0,0.0,0.0,1.40625,-14.0427,0.00674,0.13537,DecreaseSmallAngle,seated
10.488,206,0.0,0.0,0.0,0.0,0.0,0.0,0.0,0.0,0.0,0.0,0.703125,-14.0429,0.00674,0.13537,DecreaseSmallAngle,seated
10.5381,207,0.0,0.0,0.0,0.0,0.0,0.0,0.0,0.0,0.0,0.0,0.0,-14.044,0.00674,0.13537,DecreaseSmallAngle,seated
10.6233,208,0.0,0.0,0.0,0.0,0.0,0.0,0.0,0.0,0.0,0.0,-1.05469,-12.3749,0.0188,0.1476,DecreaseSmallAngle,extended
10.6734,209,0.0,0.0,0.0,0.0,0.0,0.0,0.0,0.0,0.0,0.0,-1.75781,-14.0426,0.0188,0.1476,DecreaseSmallAngle,extended
10.7235,210,0.0,0.0,0.0,0.0,0.0,0.0,0.0,0.0,0.0,0.0,-2.28516,-10.5319,0.0188,0.1476,DecreaseSmallAngle,extended
10.7735,211,0.0,0.0,0.0,0.0,0.0,0.0,0.0,0.0,0.0,0.0,-2.98828,-14.0427,0.0188,0.1476,DecreaseSmallAngle,extended
10.8236,212,0.0,0.0,0.0,0.0,0.0,0.0,0.0,0.0,0.0,0.0,-3.51562,-10.5326,0.0188,0.1476,DecreaseSmallAngle,extended
10.8737,213,0.0,0.0,0.0,0.0,0.0,0.0,0.0,0.0,0.0,0.0,-4.04297,-10.5326,0.0188,0.1476,DecreaseSmallAngle,extended
10.9238,214,0.0,0.0,0.0,0.0,0.0,0.0,0.0,0.0,0.0,0.0,-4.39453,-7.02141,0.0188,0.1476,DecreaseSmallAngle,extended
10.9738,215,0.0,0.0,0.0,0.0,0.0,0.0,0.0,0.0,0.0,0.0,-4.57031,-3.51062,0.0188,0.1476,DecreaseSmallAngle,extended
11.0239,216,0.0,0.0,0.0,0.0,0.0,0.0,0.0,0.0,0.0,0.0,-4.92188,-7.02191,0.0188,0.1476,DecreaseSmallAngle,extended
11.074,217,0.0,0.0,0.0,0.0,0.0,0.0,0.0,0.0,0.0,0.0,-5.09766,-3.51032,0.0188,0.1476,DecreaseSmallAngle,extended
11.124,218,0.0,0.0,0.0,0.0,0.0,0.0,0.0,0.0,0.0,0.0,-5.27344,-3.51016,0.0188,0.1476,DecreaseSmallAngle,extended
11.1741,219,0.0,0.0,0.0,0.0,0.0,0.0,0.0,0.0,0.0,0.0,-5.27344,0.0,0.0188,0.1476,DecreaseSmallAngle,extended
11.2241,220,0.0,0.0,0.0,0.0,0.0,0.0,0.0,0.0,0.0,0.0,-5.09766,3.51084,0.0188,0.1476,DecreaseSmallAngle,extended
11.2742,221,0.0,0.0,0.0,0.0,0.0,0.0,0.0,0.0,0.0,0.0,-4.92188,3.51084,0.0188,0.1476,DecreaseSmallAngle,extended
11.3243,222,0.0,0.0,0.0,0.0,0.0,0.0,0.0,0.0,0.0,0.0,-4.74609,3.51069,0.0188,0.1476,DecreaseSmallAngle,extended
11.3743,223,0.0,0.0,0.0,0.0,0.0,0.0,0.0,0.0,0.0,0.0,-4.39453,7.02165,0.0188,0.1476,DecreaseSmallAngle,extended
11.4244,224,0.0,0.0,0.0,0.0,0.0,0.0,0.0,0.0,0.0,0.0,-4.04297,7.02105,0.0188,0.1476,DecreaseSmallAngle,extended
11.4745,225,0.0,0.0,0.0,0.0,0.0,0.0,0.0,0.0,0.0,0.0,-3.51562,10.5317,0.0188,0.1476,DecreaseSmallAngle,extended
11.5245,226,0.0,0.0,0.0,0.0,0.0,0.0,0.0,0.0,0.0,0.0,-2.98828,10.5317,0.0188,0.1476,DecreaseSmallAngle,extended
11.5746,227,0.0,0.0,0.0,0.0,0.0,0.0,0.0,0.0,0.0,0.0,-2.46094,10.5318,0.0188,0.1476,DecreaseSmallAngle,extended
11.6247,228,0.0,0.0,0.0,0.0,0.0,0.0,0.0,0.0,0.0,0.0,-1.75781,14.0432,0.0188,0.1476,DecreaseSmallAngle,extended
11.6748,229,0.0,0.0,0.0,0.0,0.0,0.0,0.0,0.0,0.0,0.0,-1.05469,14.0414,0.0188,0.1476,DecreaseSmallAngle,extended
11.7248,230,0.0,0.0,0.0,0.0,0.0,0.0,0.0,0.0,0.0,0.0,-0.527344,10.531,0.0188,0.1476,DecreaseSmallAngle,extended
11.7749,231,0.0,0.0,0.0,0.0,0.0,0.0,0.0,0.0,0.0,0.0,0.175781,14.0412,0.0188,0.1476,DecreaseSmallAngle,extended
11.8633,232,0.0,0.0,0.0,0.0,0.0,0.0,0.0,0.0,0.0,0.0,1.23047,11.9365,0.00674,0.13537,DecreaseSmallAngle,seated
11.9133,233,0.0,0.0,0.0,0.0,0.0,0.0,0.0,0.0,0.0,0.0,1.93359,14.0424,0.00674,0.13537,DecreaseSmallAngle,seated
11.9634,234,0.0,0.0,0.0,0.0,0.0,0.0,0.0,0.0,0.0,0.0,2.46094,10.532,0.00674,0.13537,DecreaseSmallAngle,seated
12.0135,235,0.0,0.0,0.0,0.0,0.0,0.0,0.0,0.0,0.0,0.0,3.16406,14.0429,0.00674,0.13537,DecreaseSmallAngle,seated
12.0636,236,0.0,0.0,0.0,0.0,0.0,0.0,0.0,0.0,0.0,0.0,3.69141,10.5298,0.00674,0.13537,DecreaseSmallAngle,seated
12.1137,237,0.0,0.0,0.0,0.0,0.0,0.0,0.0,0.0,0.0,0.0,4.21875,10.5288,0.00674,0.13537,DecreaseSmallAngle,seated
12.1637,238,0.0,0.0,0.0,0.0,0.0,0.0,0.0,0.0,0.0,0.0,4.57031,7.02158,0.00674,0.13537,DecreaseSmallAngle,seated
12.2138,239,0.0,0.0,0.0,0.0,0.0,0.0,0.0,0.0,0.0,0.0,4.92188,7.02018,0.00674,0.13537,DecreaseSmallAngle,seated
12.2639,240,0.0,0.0,0.0,0.0,0.0,0.0,0.0,0.0,0.0,0.0,5.27344,7.02121,0.00674,0.13537,DecreaseSmallAngle,seated
12.3139,241,0.0,0.0,0.0,0.0,0.0,0.0,0.0,0.0,0.0,0.0,5.44922,3.51086,0.00674,0.13537,DecreaseSmallAngle,seated
12.364,242,0.0,0.0,0.0,0.0,0.0,0.0,0.0,0.0,0.0,0.0,5.44922,0.0,0.00674,0.13537,DecreaseSmallAngle,seated
12.4141,243,0.0,0.0,0.0,0.0,0.0,0.0,0.0,0.0,0.0,0.0,5.625,3.51084,0.00674,0.13537,DecreaseSmallAngle,seated
12.4641,244,0.0,0.0,0.0,0.0,0.0,0.0,0.0,0.0,0.0,0.0,5.625,0.0,0.00674,0.13537,DecreaseSmallAngle,seated
12.5142,245,0.0,0.0,0.0,0.0,0.0,0.0,0.0,0.0,0.0,0.0,5.44922,-3.51054,0.00674,0.13537,DecreaseSmallAngle,seated
12.5643,246,0.0,0.0,0.0,0.0,0.0,0.0,0.0,0.0,0.0,0.0,5.27344,-3.51122,0.00674,0.13537,DecreaseSmallAngle,seated
12.6144,247,0.0,0.0,0.0,0.0,0.0,0.0,0.0,0.0,0.0,0.0,5.09766,-3.51052,0.00674,0.13537,DecreaseSmallAngle,seated
12.6644,248,0.0,0.0,0.0,0.0,0.0,0.0,0.0,0.0,0.0,0.0,4.74609,-7.02141,0.00674,0.13537,DecreaseSmallAngle,seated
12.7145,249,0.0,0.0,0.0,0.0,0.0,0.0,0.0,0.0,0.0,0.0,4.39453,-7.02141,0.00674,0.13537,DecreaseSmallAngle,seated
12.7646,250,0.0,0.0,0.0,0.0,0.0,0.0,0.0,0.0,0.0,0.0,3.86719,-10.5306,0.00674,0.13537,DecreaseSmallAngle,seated
12.8146,251,0.0,0.0,0.0,0.0,0.0,0.0,0.0,0.0,0.0,0.0,3.16406,-14.0432,0.00674,0.13537,DecreaseSmallAngle,seated
12.8647,252,0.0,0.0,0.0,0.0,0.0,0.0,0.0,0.0,0.0,0.0,2.63672,-10.5321,0.00674,0.13537,DecreaseSmallAngle,seated
12.9148,253,0.0,0.0,0.0,0.0,0.0,0.0,0.0,0.0,0.0,0.0,2.10938,-10.5321,0.00674,0.13537,DecreaseSmallAngle,seated
12.9648,254,0.0,0.0,0.0,0.0,0.0,0.0,0.0,0.0,0.0,0.0,1.58203,-10.5323,0.00674,0.13537,DecreaseSmallAngle,seated
13.0149,255,0.0,0.0,0.0,0.0,0.0,0.0,0.0,0.0,0.0,0.0,0.878906,-14.0424,0.00674,0.13537,DecreaseSmallAngle,seated
13.065,256,0.0,0.0,0.0,0.0,0.0,0.0,0.0,0.0,0.0,0.0,0.351562,-10.5305,0.00674,0.13537,DecreaseSmallAngle,seated
13.1151,257,0.0,0.0,0.0,0.0,0.0,0.0,0.0,0.0,0.0,0.0,-0.351562,-14.0452,0.00674,0.13537,DecreaseSmallAngle,seated
13.211,258,0.0,0.0,0.0,0.0,0.0,0.0,0.0,0.0,0.0,0.0,-1.58203,-12.8263,0.0188,0.1476,DecreaseSmallAngle,extended
13.2611,259,0.0,0.0,0.0,0.0,0.0,0.0,0.0,0.0,0.0,0.0,-2.28516,-14.0442,0.0188,0.1476,DecreaseSmallAngle,extended
13.3111,260,0.0,0.0,0.0,0.0,0.0,0.0,0.0,0.0,0.0,0.0,-2.8125,-10.5323,0.0188,0.1476,DecreaseSmallAngle,extended
13.3612,261,0.0,0.0,0.0,0.0,0.0,0.0,0.0,0.0,0.0,0.0,-3.33984,-10.5325,0.0188,0.1476,DecreaseSmallAngle,extended
13.4113,262,0.0,0.0,0.0,0.0,0.0,0.0,0.0,0.0,0.0,0.0,-3.69141,-7.02135,0.0188,0.1476,DecreaseSmallAngle,extended
13.4613,263,0.0,0.0,0.0,0.0,0.0,0.0,0.0,0.0,0.0,0.0,-4.04297,-7.02105,0.0188,0.1476,DecreaseSmallAngle,extended
13.5114,264,0.0,0.0,0.0,0.0,0.0,0.0,0.0,0.0,0.0,0.0,-4.21875,-3.51057,0.0188,0.1476,DecreaseSmallAngle,extended
13.5615,265,0.0,0.0,0.0,0.0,0.0,0.0,0.0,0.0,0.0,0.0,-4.57031,-7.02108,0.0188,0.1476,DecreaseSmallAngle,extended
13.6116,266,0.0,0.0,0.0,0.0,0.0,0.0,0.0,0.0,0.0,0.0,-4.74609,-3.51066,0.0188,0.1476,DecreaseSmallAngle,extended
13.6616,267,0.0,0.0,0.0,0.0,0.0,0.0,0.0,0.0,0.0,0.0,-4.92188,-3.51064,0.0188,0.1476,DecreaseSmallAngle,extended
13.7117,268,0.0,0.0,0.0,0.0,0.0,0.0,0.0,0.0,0.0,0.0,-4.92188,0.0,0.0188,0.1476,DecreaseSmallAngle,extended
13.7618,269,0.0,0.0,0.0,0.0,0.0,0.0,0.0,0.0,0.0,0.0,-4.92188,0.0,0.0188,0.1476,DecreaseSmallAngle,extended
13.8118,270,0.0,0.0,0.0,0.0,0.0,0.0,0.0,0.0,0.0,0.0,-4.74609,3.51074,0.0188,0.1476,DecreaseSmallAngle,extended
13.8619,271,0.0,0.0,0.0,0.0,0.0,0.0,0.0,0.0,0.0,0.0,-4.57031,3.51066,0.0188,0.1476,DecreaseSmallAngle,extended
13.912,272,0.0,0.0,0.0,0.0,0.0,0.0,0.0,0.0,0.0,0.0,-4.21875,7.02141,0.0188,0.1476,DecreaseSmallAngle,extended
13.9621,273,0.0,0.0,0.0,0.0,0.0,0.0,0.0,0.0,0.0,0.0,-3.86719,7.02054,0.0188,0.1476,DecreaseSmallAngle,extended
14.0121,274,0.0,0.0,0.0,0.0,0.0,0.0,0.0,0.0,0.0,0.0,-3.33984,10.532,0.0188,0.1476,DecreaseSmallAngle,extended
14.0622,275,0.0,0.0,0.0,0.0,0.0,0.0,0.0,0.0,0.0,0.0,-2.8125,10.5317,0.0188,0.1476,DecreaseSmallAngle,extended
14.1123,276,0.0,0.0,0.0,0.0,0.0,0.0,0.0,0.0,0.0,0.0,-2.28516,10.5319,0.0188,0.1476,DecreaseSmallAngle,extended
14.1623,277,0.0,0.0,0.0,0.0,0.0,0.0,0.0,0.0,0.0,0.0,-1.58203,14.0419,0.0188,0.1476,DecreaseSmallAngle,extended
14.2124,278,0.0,0.0,0.0,0.0,0.0,0.0,0.0,0.0,0.0,0.0,-1.05469,10.532,0.0188,0.1476,DecreaseSmallAngle,extended
14.2625,279,0.0,0.0,0.0,0.0,0.0,0.0,0.0,0.0,0.0,0.0,-0.351562,14.0426,0.0188,0.1476,DecreaseSmallAngle,extended
14.3125,280,0.0,0.0,0.0,0.0,0.0,0.0,0.0,0.0,0.0,0.0,0.175781,10.5329,0.0188,0.1476,DecreaseSmallAngle,extended
14.3963,281,0.0,0.0,0.0,0.0,0.0,0.0,0.0,0.0,0.0,0.0,1.05469,10.4992,0.00674,0.13537,DecreaseSmallAngle,seated
14.4463,282,0.0,0.0,0.0,0.0,0.0,0.0,0.0,0.0,0.0,0.0,1.75781,14.0421,0.00674,0.13537,DecreaseSmallAngle,seated
14.4964,283,0.0,0.0,0.0,0.0,0.0,0.0,0.0,0.0,0.0,0.0,2.28516,10.5328,0.00674,0.13537,DecreaseSmallAngle,seated
14.5465,284,0.0,0.0,0.0,0.0,0.0,0.0,0.0,0.0,0.0,0.0,2.8125,10.5319,0.00674,0.13537,DecreaseSmallAngle,seated
14.5965,285,0.0,0.0,0.0,0.0,0.0,0.0,0.0,0.0,0.0,0.0,3.33984,10.5325,0.00674,0.13537,DecreaseSmallAngle,seated
14.6466,286,0.0,0.0,0.0,0.0,0.0,0.0,0.0,0.0,0.0,0.0,3.86719,10.5323,0.00674,0.13537,DecreaseSmallAngle,seated
14.6967,287,0.0,0.0,0.0,0.0,0.0,0.0,0.0,0.0,0.0,0.0,4.21875,7.02034,0.00674,0.13537,DecreaseSmallAngle,seated
14.7468,288,0.0,0.0,0.0,0.0,0.0,0.0,0.0,0.0,0.0,0.0,4.57031,7.02125,0.00674,0.13537,DecreaseSmallAngle,seated
14.7968,289,0.0,0.0,0.0,0.0,0.0,0.0,0.0,0.0,0.0,0.0,4.92188,7.02205,0.00674,0.13537,DecreaseSmallAngle,seated
14.8469,290,0.0,0.0,0.0,0.0,0.0,0.0,0.0,0.0,0.0,0.0,5.09766,3.51054,0.00674,0.13537,DecreaseSmallAngle,seated
14.897,291,0.0,0.0,0.0,0.0,0.0,0.0,0.0,0.0,0.0,0.0,5.27344,3.51016,0.00674,0.13537,DecreaseSmallAngle,seated
14.9471,292,0.0,0.0,0.0,0.0,0.0,0.0,0.0,0.0,0.0,0.0,5.27344,0.0,0.00674,0.13537,DecreaseSmallAngle,seated
14.9971,293,0.0,0.0,0.0,0.0,0.0,0.0,0.0,0.0,0.0,0.0,5.27344,0.0,0.00674,0.13537,DecreaseSmallAngle,seated
15.0472,294,0.0,0.0,0.0,0.0,0.0,0.0,0.0,0.0,0.0,0.0,5.27344,0.0,0.00674,0.13537,DecreaseSmallAngle,seated
15.0973,295,0.0,0.0,0.0,0.0,0.0,0.0,0.0,0.0,0.0,0.0,5.09766,-3.51009,0.00674,0.13537,DecreaseSmallAngle,seated
15.1473,296,0.0,0.0,0.0,0.0,0.0,0.0,0.0,0.0,0.0,0.0,4.92188,-3.51067,0.00674,0.13537,DecreaseSmallAngle,seated
15.1974,297,0.0,0.0,0.0,0.0,0.0,0.0,0.0,0.0,0.0,0.0,4.57031,-7.02145,0.00674,0.13537,DecreaseSmallAngle,seated
15.248,298,0.0,0.0,0.0,0.0,0.0,0.0,0.0,0.0,0.0,0.0,4.21875,-6.95531,0.00674,0.13537,DecreaseSmallAngle,seated
15.2981,299,0.0,0.0,0.0,0.0,0.0,0.0,0.0,0.0,0.0,0.0,3.69141,-10.5273,0.00674,0.13537,DecreaseSmallAngle,seated
15.3481,300,0.0,0.0,0.0,0.0,0.0,0.0,0.0,0.0,0.0,0.0,3.33984,-7.02078,0.00674,0.13537,DecreaseSmallAngle,seated
15.3982,301,0.0,0.0,0.0,0.0,0.0,0.0,0.0,0.0,0.0,0.0,2.63672,-14.0437,0.00674,0.13537,DecreaseSmallAngle,seated
15.4483,302,0.0,0.0,0.0,0.0,0.0,0.0,0.0,0.0,0.0,0.0,2.10938,-10.5323,0.00674,0.13537,DecreaseSmallAngle,seated
15.4983,303,0.0,0.0,0.0,0.0,0.0,0.0,0.0,0.0,0.0,0.0,1.40625,-14.0425,0.00674,0.13537,DecreaseSmallAngle,seated
15.5484,304,0.0,0.0,0.0,0.0,0.0,0.0,0.0,0.0,0.0,0.0,0.878906,-10.5318,0.00674,0.13537,DecreaseSmallAngle,seated
15.5985,305,0.0,0.0,0.0,0.0,0.0,0.0,0.0,0.0,0.0,0.0,0.351562,-10.5322,0.00674,0.13537,DecreaseSmallAngle,seated
15.6486,306,0.0,0.0,0.0,0.0,0.0,0.0,0.0,0.0,0.0,0.0,-0.351562,-14.0429,0.00674,0.13537,DecreaseSmallAngle,seated
15.7356,307,0.0,0.0,0.0,0.0,0.0,0.0,0.0,0.0,0.0,0.0,-1.40625,-12.1137,0.0188,0.1476,DecreaseSmallAngle,extended
15.7857,308,0.0,0.0,0.0,0.0,0.0,0.0,0.0,0.0,0.0,0.0,-1.93359,-10.5323,0.0188,0.1476,DecreaseSmallAngle,extended
15.8358,309,0.0,0.0,0.0,0.0,0.0,0.0,0.0,0.0,0.0,0.0,-2.46094,-10.5318,0.0188,0.1476,DecreaseSmallAngle,extended
15.8858,310,0.0,0.0,0.0,0.0,0.0,0.0,0.0,0.0,0.0,0.0,-2.98828,-10.5309,0.0188,0.1476,DecreaseSmallAngle,extended
15.9359,311,0.0,0.0,0.0,0.0,0.0,0.0,0.0,0.0,0.0,0.0,-3.33984,-7.02081,0.0188,0.1476,DecreaseSmallAngle,extended
15.986,312,0.0,0.0,0.0,0.0,0.0,0.0,0.0,0.0,0.0,0.0,-3.69141,-7.02118,0.0188,0.1476,DecreaseSmallAngle,extended
16.0361,313,0.0,0.0,0.0,0.0,0.0,0.0,0.0,0.0,0.0,0.0,-4.04297,-7.02115,0.0188,0.1476,DecreaseSmallAngle,extended
16.0861,314,0.0,0.0,0.0,0.0,0.0,0.0,0.0,0.0,0.0,0.0,-4.21875,-3.51041,0.0188,0.1476,DecreaseSmallAngle,extended
16.1362,315,0.0,0.0,0.0,0.0,0.0,0.0,0.0,0.0,0.0,0.0,-4.39453,-3.51039,0.0188,0.1476,DecreaseSmallAngle,extended
16.1863,316,0.0,0.0,0.0,0.0,0.0,0.0,0.0,0.0,0.0,0.0,-4.57031,-3.51056,0.0188,0.1476,DecreaseSmallAngle,extended
16.2363,317,0.0,0.0,0.0,0.0,0.0,0.0,0.0,0.0,0.0,0.0,-4.57031,0.0,0.0188,0.1476,DecreaseSmallAngle,extended
16.2864,318,0.0,0.0,0.0,0.0,0.0,0.0,0.0,0.0,0.0,0.0,-4.57031,0.0,0.0188,0.1476,DecreaseSmallAngle,extended
16.3365,319,0.0,0.0,0.0,0.0,0.0,0.0,0.0,0.0,0.0,0.0,-4.39453,3.51072,0.0188,0.1476,DecreaseSmallAngle,extended
16.3866,320,0.0,0.0,0.0,0.0,0.0,0.0,0.0,0.0,0.0,0.0,-4.21875,3.51077,0.0188,0.1476,DecreaseSmallAngle,extended
16.4366,321,0.0,0.0,0.0,0.0,0.0,0.0,0.0,0.0,0.0,0.0,-4.04297,3.51034,0.0188,0.1476,DecreaseSmallAngle,extended
16.4867,322,0.0,0.0,0.0,0.0,0.0,0.0,0.0,0.0,0.0,0.0,-3.69141,7.02091,0.0188,0.1476,DecreaseSmallAngle,extended
16.5368,323,0.0,0.0,0.0,0.0,0.0,0.0,0.0,0.0,0.0,0.0,-3.16406,10.5317,0.0188,0.1476,DecreaseSmallAngle,extended
16.5868,324,0.0,0.0,0.0,0.0,0.0,0.0,0.0,0.0,0.0,0.0,-2.8125,7.02024,0.0188,0.1476,DecreaseSmallAngle,extended
16.6369,325,0.0,0.0,0.0,0.0,0.0,0.0,0.0,0.0,0.0,0.0,-2.28516,10.5307,0.0188,0.1476,DecreaseSmallAngle,extended
16.687,326,0.0,0.0,0.0,0.0,0.0,0.0,0.0,0.0,0.0,0.0,-1.75781,10.5314,0.0188,0.1476,DecreaseSmallAngle,extended
16.7371,327,0.0,0.0,0.0,0.0,0.0,0.0,0.0,0.0,0.0,0.0,-1.05469,14.0448,0.0188,0.1476,DecreaseSmallAngle,extended
16.7871,328,0.0,0.0,0.0,0.0,0.0,0.0,0.0,0.0,0.0,0.0,-0.527344,10.5322,0.0188,0.1476,DecreaseSmallAngle,extended
16.8372,329,0.0,0.0,0.0,0.0,0.0,0.0,0.0,0.0,0.0,0.0,0.0,10.5328,0.0188,0.1476,DecreaseSmallAngle,extended
16.9192,330,0.0,0.0,0.0,0.0,0.0,0.0,0.0,0.0,0.0,0.0,0.878906,10.7125,0.00674,0.13537,DecreaseSmallAngle,seated
16.9693,331,0.0,0.0,0.0,0.0,0.0,0.0,0.0,0.0,0.0,0.0,1.40625,10.5323,0.00674,0.13537,DecreaseSmallAngle,seated
17.0194,332,0.0,0.0,0.0,0.0,0.0,0.0,0.0,0.0,0.0,0.0,2.10938,14.0433,0.00674,0.13537,DecreaseSmallAngle,seated
17.0695,333,0.0,0.0,0.0,0.0,0.0,0.0,0.0,0.0,0.0,0.0,2.63672,10.532,0.00674,0.13537,DecreaseSmallAngle,seated
17.1195,334,0.0,0.0,0.0,0.0,0.0,0.0,0.0,0.0,0.0,0.0,3.16406,10.5326,0.00674,0.13537,DecreaseSmallAngle,seated
17.1696,335,0.0,0.0,0.0,0.0,0.0,0.0,0.0,0.0,0.0,0.0,3.51562,7.02145,0.00674,0.13537,DecreaseSmallAngle,seated
17.2197,336,0.0,0.0,0.0,0.0,0.0,0.0,0.0,0.0,0.0,0.0,4.04297,10.5315,0.00674,0.13537,DecreaseSmallAngle,seated
17.2697,337,0.0,0.0,0.0,0.0,0.0,0.0,0.0,0.0,0.0,0.0,4.39453,7.02191,0.00674,0.13537,DecreaseSmallAngle,seated
17.3198,338,0.0,0.0,0.0,0.0,0.0,0.0,0.0,0.0,0.0,0.0,4.57031,3.51026,0.00674,0.13537,DecreaseSmallAngle,seated
17.3699,339,0.0,0.0,0.0,0.0,0.0,0.0,0.0,0.0,0.0,0.0,4.74609,3.51051,0.00674,0.13537,DecreaseSmallAngle,seated
17.42,340,0.0,0.0,0.0,0.0,0.0,0.0,0.0,0.0,0.0,0.0,4.92188,3.51062,0.00674,0.13537,DecreaseSmallAngle,seated
17.47,341,0.0,0.0,0.0,0.0,0.0,0.0,0.0,0.0,0.0,0.0,4.92188,0.0,0.00674,0.13537,DecreaseSmallAngle,seated
17.5201,342,0.0,0.0,0.0,0.0,0.0,0.0,0.0,0.0,0.0,0.0,4.92188,0.0,0.00674,0.13537,DecreaseSmallAngle,seated
17.5702,343,0.0,0.0,0.0,0.0,0.0,0.0,0.0,0.0,0.0,0.0,4.92188,0.0,0.00674,0.13537,DecreaseSmallAngle,seated
17.6202,344,0.0,0.0,0.0,0.0,0.0,0.0,0.0,0.0,0.0,0.0,4.92188,0.0,0.00674,0.13537,DecreaseSmallAngle,seated
17.6703,345,0.0,0.0,0.0,0.0,0.0,0.0,0.0,0.0,0.0,0.0,4.57031,-7.02064,0.00674,0.13537,DecreaseSmallAngle,seated
