0.000266075,0,0.00306815,-0.141894,0.0,0.0,0.0,0.0,-6.59341,-1.93407,4.30769,0.0,-0.175781,0.0,0.00674,0.13537,None,seated
0.0603361,1,0.00498551,-0.138826,0.0,0.0,0.0,0.0,-7.64835,-1.93407,4.30769,0.0,-0.175781,0.0,0.00674,0.13537,Nothing,seated
0.130995,2,0.00210923,-0.135949,0.0,0.0,0.0,0.0,-8.61539,-1.93407,4.30769,0.0,-0.175781,0.0,0.00674,0.13537,Nothing,seated
0.191917,3,0.00115078,-0.13499,0.0,0.0,0.0,0.0,-9.14286,-1.93407,4.30769,0.0,-0.175781,0.0,0.00674,0.13537,Nothing,seated
0.251988,4,0.00210923,-0.135949,0.0,0.0,0.0,0.0,-9.40659,-1.93407,4.30769,0.0,-0.175781,0.0,0.00674,0.13537,Nothing,seated
0.312663,5,0.00402706,-0.133073,0.0,0.0,0.0,0.0,-9.40659,-1.93407,4.30769,0.0,-0.175781,0.0,0.00674,0.13537,Nothing,seated
0.372732,6,0.00498551,-0.130964,0.0,0.0,0.0,0.0,-9.14286,-1.93407,4.30769,0.0,-0.175781,0.0,0.00674,0.13537,Nothing,seated
0.432802,7,0.00210923,-0.12291,0.0,0.0,0.0,0.0,-8.79121,-1.93407,4.30769,0.0,-0.175781,0.0,0.00674,0.13537,Nothing,seated
0.494394,8,0.00268477,-0.118308,0.0,0.0,0.0,0.0,-8.26374,-1.93407,4.3956,0.0,0.0,0.581139,0.00674,0.13537,Nothing,seated
0.554464,9,0.00306815,-0.110063,0.0,0.0,0.0,0.0,-7.73626,-1.93407,4.3956,0.0,0.0,0.581141,0.00674,0.13537,Nothing,seated
0.614891,10,0.00594443,-0.0849444,0.0,0.0,0.0,0.0,-7.20879,-1.93407,4.3956,0.0,0.175781,1.16324,0.00674,0.13537,Nothing,seated
0.674963,11,0.00402706,-0.0790002,0.0,0.0,0.0,0.0,-6.76923,-2.02198,4.48352,0.0,0.351562,1.74484,0.00674,0.13537,Nothing,seated
0.73529,12,0.00306815,-0.0701796,0.0,0.0,0.0,0.0,-6.15385,-2.10989,4.57143,0.0,0.527344,2.32447,0.00674,0.13537,Nothing,seated
0.79536,13,0.000191863,-0.063852,0.0,0.0,0.0,0.0,-5.71429,-2.10989,4.57143,0.0,0.878906,2.92028,0.00674,0.13537,Nothing,seated
0.855427,14,0.000767406,-0.060784,0.0,0.0,0.0,0.0,-5.0989,-2.10989,4.57143,0.0,1.23047,4.08844,0.00674,0.13537,Nothing,seated
0.916518,15,0.0051772,-0.0824515,0.0,0.0,0.0,0.0,-4.3956,-2.10989,4.57143,0.0,1.58203,4.66222,0.00674,0.13537,Nothing,seated
0.976588,16,0.00115078,-0.0975997,0.0,0.0,0.0,0.0,-3.69231,-2.10989,4.57143,0.0,1.93359,5.24503,0.00674,0.13537,Nothing,seated
1.03666,17,0.00402706,-0.117158,0.0,0.0,0.0,0.0,-2.81319,-2.10989,4.48352,0.0,2.10938,5.24953,0.00674,0.13537,Nothing,seated
1.09672,18,-0.000191514,-0.125978,0.0,0.0,0.0,0.0,-1.58242,-2.02198,4.48352,0.0,2.46094,5.24957,0.00674,0.13537,Nothing,seated
1.1568,19,1.74846e-07,-0.144769,0.0,0.0,0.0,0.0,-0.703297,-2.02198,4.3956,0.0,2.63672,4.66622,0.00674,0.13537,Nothing,seated
1.21686,20,-0.000958268,-0.151673,0.0,0.0,0.0,0.0,0.175824,-1.93407,4.30769,0.0,2.8125,4.09688,0.00674,0.13537,Nothing,seated
1.27828,21,0.000575717,-0.15033,0.0,0.0,0.0,0.0,1.23077,-1.93407,4.30769,0.0,2.8125,2.91328,0.00674,0.13537,Nothing,seated
1.33835,22,0.000959094,-0.145728,0.0,0.0,0.0,0.0,2.54945,-1.93407,4.3956,0.0,2.8125,2.3306,0.00674,0.13537,Nothing,seated
1.39889,23,0.00115078,-0.135949,0.0,0.0,0.0,0.0,3.6044,-2.02198,4.3956,0.0,2.8125,1.16347,0.00674,0.13537,Nothing,seated
1.45926,24,-0.00479347,-0.129046,0.0,0.0,0.0,0.0,4.48352,-2.02198,4.48352,0.0,2.63672,0.0,0.00674,0.13537,Nothing,seated
1.52017,25,-0.0042184,-0.125978,0.0,0.0,0.0,0.0,4.83517,-2.02198,4.48352,0.0,2.46094,-1.1591,0.00674,0.13537,Nothing,seated
1.58024,26,-0.00364286,-0.125978,0.0,0.0,0.0,0.0,4.3956,-2.10989,4.48352,0.0,2.10938,-2.32853,0.00674,0.13537,Nothing,seated
1.64031,27,-0.00268442,-0.130005,0.0,0.0,0.0,0.0,3.51648,-2.02198,4.48352,0.0,1.93359,-2.91065,0.00674,0.13537,Nothing,seated
1.70038,28,-0.0017255,-0.138058,0.0,0.0,0.0,0.0,2.1978,-2.02198,4.3956,0.0,1.58203,-4.08128,0.00674,0.13537,Nothing,seated
1.76168,29,1.74846e-07,-0.137867,0.0,0.0,0.0,0.0,0.791209,-1.93407,4.3956,0.0,1.23047,-4.65001,0.00674,0.13537,Nothing,seated
1.82239,30,0.00402706,-0.147837,0.0,0.0,0.0,0.0,-0.527473,-1.93407,4.30769,0.0,0.878906,-5.23463,0.00674,0.13537,Nothing,seated
1.88246,31,0.00402706,-0.15359,0.0,0.0,0.0,0.0,-1.75824,-1.93407,4.30769,0.0,0.527344,-5.23465,0.00674,0.13537,Nothing,seated
1.94253,32,0.00460213,-0.158959,0.0,0.0,0.0,0.0,-2.72527,-1.93407,4.30769,0.0,0.0,-6.3979,0.00674,0.13537,Nothing,seated
2.00261,33,0.00479382,-0.160876,0.0,0.0,0.0,0.0,-3.78022,-2.02198,4.3956,0.0,-0.351562,-6.3979,0.00674,0.13537,Nothing,seated
2.06268,34,0.00498551,-0.136908,0.0,0.0,0.0,0.0,-4.48352,-2.02198,4.3956,0.0,-0.878906,-7.00796,0.00674,0.13537,Nothing,seated
2.12275,35,0.00594443,-0.133073,0.0,0.0,0.0,0.0,-5.0989,-2.02198,4.3956,0.0,-1.23047,-7.02289,0.00674,0.13537,Nothing,seated
2.18386,36,0.00230139,-0.130964,0.0,0.0,0.0,0.0,-5.53846,-2.02198,4.3956,0.0,-1.58203,-6.99861,0.00674,0.13537,Nothing,seated
2.24393,37,0.00690335,-0.133456,0.0,0.0,0.0,0.0,-5.8022,-2.02198,4.3956,0.0,-1.93359,-6.41544,0.00674,0.13537,Nothing,seated
2.30489,38,0.00210923,-0.137867,0.0,0.0,0.0,0.0,-5.89011,-2.02198,4.3956,0.0,-2.28516,-6.39657,0.00674,0.13537,Nothing,seated
2.36496,39,0.00498551,-0.144769,0.0,0.0,0.0,0.0,-5.8022,-1.93407,4.30769,0.0,-2.46094,-5.23363,0.00674,0.13537,Nothing,seated
2.42503,40,0.00690335,-0.145728,0.0,0.0,0.0,0.0,-5.36264,-1.93407,4.30769,0.0,-2.63672,-4.65213,0.00674,0.13537,Nothing,seated
2.4851,41,0.00690335,-0.149755,0.0,0.0,0.0,0.0,-4.74725,-1.93407,4.30769,0.0,-2.63672,-3.50116,0.00674,0.13537,Nothing,seated
2.54765,42,0.00709503,-0.151673,0.0,0.0,0.0,0.0,-3.86813,-1.93407,4.30769,0.0,-2.8125,-2.89382,0.00674,0.13537,Nothing,seated
2.60777,43,0.00747841,-0.150139,0.0,0.0,0.0,0.0,-2.9011,-1.93407,4.30769,0.0,-2.8125,-1.74109,0.00674,0.13537,Nothing,seated
2.66785,44,0.00747841,-0.146112,0.0,0.0,0.0,0.0,-1.75824,-1.93407,4.3956,0.0,-2.8125,-1.1607,0.00674,0.13537,Nothing,seated
2.72792,45,1.74846e-07,-0.139976,0.0,0.0,0.0,0.0,-0.703297,-1.93407,4.3956,0.0,-2.63672,0.0,0.00674,0.13537,Nothing,seated
2.78799,46,-0.00191719,-0.135949,0.0,0.0,0.0,0.0,0.43956,-1.93407,4.3956,0.0,-2.46094,0.580345,0.00674,0.13537,Nothing,seated
2.84818,47,-0.00191719,-0.134032,0.0,0.0,0.0,0.0,1.31868,-2.02198,4.3956,0.0,-2.28516,1.75472,0.00674,0.13537,Nothing,seated
2.90952,48,-0.00191719,-0.134032,0.0,0.0,0.0,0.0,2.02198,-1.93407,4.3956,0.0,-1.93359,2.91275,0.00674,0.13537,Nothing,seated
2.96957,49,-0.00191719,-0.141894,0.0,0.0,0.0,0.0,2.46154,-1.93407,4.3956,0.0,-1.58203,4.07818,0.00674,0.13537,Nothing,seated
3.02964,50,-0.00287611,-0.146687,0.0,0.0,0.0,0.0,2.72527,-1.93407,4.30769,0.0,-1.23047,4.66079,0.00674,0.13537,Nothing,seated
3.08971,51,-0.000574891,-0.14592,0.0,0.0,0.0,0.0,2.81319,-1.93407,4.30769,0.0,-0.878906,5.24344,0.00674,0.13537,Nothing,seated
3.14978,52,-0.00249225,-0.144578,0.0,0.0,0.0,0.0,2.54945,-1.93407,4.30769,0.0,-0.527344,5.82827,0.00674,0.13537,TripleIncreaseAngularVelo,seated
3.2853,53,-0.000958268,-0.137867,0.0,0.0,0.0,0.0,1.23077,-2.02198,4.3956,0.0,0.351562,6.08105,0.00674,0.13537,TripleIncreaseAngularVelo,seated
3.42669,54,0.000191863,-0.129813,0.0,0.0,0.0,0.0,-0.703297,-2.02198,4.3956,0.0,1.23047,6.15261,0.00674,0.13537,TripleIncreaseAngularVelo,seated
3.48676,55,0.00210923,-0.130964,0.0,0.0,0.0,0.0,-1.67033,-2.02198,4.3956,0.0,1.58203,6.15257,0.00674,0.13537,TripleIncreaseAngularVelo,seated
3.54684,56,0.00306815,-0.133073,0.0,0.0,0.0,0.0,-2.54945,-2.02198,4.3956,0.0,1.93359,6.15253,0.00674,0.13537,TripleIncreaseAngularVelo,seated
3.60691,57,0.00402706,-0.135949,0.0,0.0,0.0,0.0,-3.34066,-2.02198,4.3956,0.0,2.28516,6.15254,0.00674,0.13537,TripleIncreaseAngularVelo,seated
3.66698,58,0.00402706,-0.137867,0.0,0.0,0.0,0.0,-4.04396,-2.02198,4.30769,0.0,2.46094,5.52663,0.00674,0.13537,TripleIncreaseAngularVelo,seated
3.72807,59,1.74846e-07,-0.143811,0.0,0.0,0.0,0.0,-4.57143,-1.93407,4.3956,0.0,2.63672,4.6661,0.00674,0.13537,TripleIncreaseAngularVelo,seated
3.78998,60,0.00402706,-0.139784,0.0,0.0,0.0,0.0,-4.83517,-1.93407,4.3956,0.0,2.63672,3.47834,0.00674,0.13537,TripleIncreaseAngularVelo,seated
3.92468,61,0.021476,-0.0837938,0.0,0.0,0.0,0.0,-4.65934,-2.02198,4.3956,0.0,2.63672,1.86087,0.0188,0.1476,TripleIncreaseAngularVelo,extended
3.98475,62,0.016874,-0.084561,0.0,0.0,0.0,0.0,-5.36264,-2.54945,4.65934,0.0,2.46094,0.465221,0.0188,0.1476,TripleIncreaseAngularVelo,extended
4.1258,63,0.00172585,-0.222428,0.0,0.0,0.0,0.0,0.527473,-1.14286,1.40659,0.0,1.40625,-2.29867,0.0188,0.1476,TripleIncreaseAngularVelo,extended
4.18587,64,-0.00249225,-0.37199,0.0,0.0,0.0,0.0,0.263736,-1.05495,1.93407,0.0,1.40625,-2.68779,0.0188,0.1476,TripleIncreaseAngularVelo,extended
4.33489,65,0.00575274,-0.715985,0.0,0.0,0.0,0.0,-2.63736,1.49451,-3.34066,0.0,1.58203,-1.93552,0.0188,0.1476,TripleIncreaseAngularVelo,extended
4.4748,66,0.0136144,-0.982323,0.0,0.0,0.0,0.0,-3.78022,5.01099,-5.8022,0.0,1.40625,-2.23672,0.0188,0.1476,TripleIncreaseAngularVelo,extended
4.53487,67,0.0134227,-1.01665,0.0,0.0,0.0,0.0,-0.791209,6.50549,-7.20879,0.0,0.878906,-2.87578,0.0188,0.1476,TripleIncreaseAngularVelo,extended
4.59798,68,0.0128471,-0.991527,0.0,0.0,0.0,0.0,-1.14286,6.41758,-6.41758,0.0,0.175781,-2.60593,0.0188,0.1476,TripleIncreaseAngularVelo,extended
4.74143,69,0.0124637,-0.807449,0.0,0.0,0.0,0.0,4.04396,3.34066,-0.879121,0.0,-1.93359,-6.01166,0.0188,0.1476,TripleIncreaseAngularVelo,extended
4.8823,70,0.00939577,-0.629124,0.0,0.0,0.0,0.0,3.95604,-0.615385,2.81319,0.0,-3.16406,-8.67008,0.0188,0.1476,TripleIncreaseAngularVelo,extended
4.94238,71,0.00786179,-0.618578,0.0,0.0,0.0,0.0,4.83517,-0.43956,2.54945,0.0,-3.16406,-9.77458,0.0188,0.1476,TripleIncreaseAngularVelo,extended
5.08906,72,0.00690335,-0.752993,0.0,0.0,0.0,0.0,-0.791209,2.28571,-2.10989,0.0,-2.63672,-6.34383,0.00674,0.13537,TripleIncreaseAngularVelo,seated
5.14912,73,0.00824517,-0.81627,0.0,0.0,0.0,0.0,-2.9011,5.01099,-5.36264,0.0,-2.28516,-4.46519,0.00674,0.13537,TripleIncreaseAngularVelo,seated
5.28205,74,0.0212843,-0.911568,0.0,0.0,0.0,0.0,-6.50549,9.05494,-4.57143,0.0,-1.58203,0.650288,0.00674,0.13537,TripleIncreaseAngularVelo,seated
5.44381,75,0.0364324,-0.497393,0.0,0.0,0.0,0.0,-6.76923,7.73626,-1.40659,0.0,-1.93359,2.19138,0.00674,0.13537,TripleIncreaseAngularVelo,seated
5.50388,76,0.028187,-0.296442,0.0,0.0,0.0,0.0,-5.36264,0.615385,5.45055,0.0,-2.28516,1.56528,0.00674,0.13537,TripleIncreaseAngularVelo,seated
5.56395,77,0.0314466,-0.0730559,0.0,0.0,0.0,0.0,-1.75824,-4.04396,9.31868,0.0,-2.63672,0.0,0.00674,0.13537,TripleIncreaseAngularVelo,seated
5.62401,78,0.0304882,0.157425,0.0,0.0,0.0,0.0,4.74725,-7.82418,11.956,-7.82418,-3.16406,-1.85075,0.00674,0.13537,TripleIncreaseAngularVelo,seated
5.78593,79,0.0209009,0.271131,0.0,0.0,0.0,0.0,7.64835,-9.23077,12.044,-5.71429,-1.58203,0.0,0.00674,0.13537,TripleIncreaseAngularVelo,seated
5.9268,80,0.0189831,-0.065386,0.0,0.0,0.0,0.0,-2.54945,-3.6044,2.28571,-5.71429,1.58203,7.27882,0.00674,0.13537,TripleIncreaseAngularVelo,seated
6.06669,81,0.0293376,-0.434117,0.0,0.0,0.0,0.0,-7.38462,1.49451,-1.93407,-5.71429,3.69141,10.6191,0.00674,0.13537,TripleIncreaseAngularVelo,seated
6.12676,82,0.0293376,-0.447539,0.0,0.0,0.0,0.0,-6.94506,1.75824,-1.93407,-5.71429,3.69141,11.2438,0.00674,0.13537,TripleIncreaseAngularVelo,seated
6.18682,83,0.0276119,-0.381386,0.0,0.0,0.0,0.0,-4.74725,1.49451,-1.14286,-5.71429,3.16406,11.2438,0.00674,0.13537,TripleIncreaseAngularVelo,seated
6.3273,84,0.0155317,-0.0109298,0.0,0.0,0.0,0.0,3.78022,-4.92308,10.022,-3.25275,1.93359,6.49391,0.0188,0.1476,TripleIncreaseAngularVelo,extended
6.4748,85,-0.0126551,0.183311,0.0,0.0,0.0,0.0,21.011,-9.40659,7.12088,-12.044,0.703125,-1.60384,0.0188,0.1476,TripleIncreaseAngularVelo,extended
6.53488,86,-0.021859,0.0149563,0.0,0.0,0.0,0.0,14.5055,-9.40659,8.7033,-6.06593,1.23047,-5.25629,0.0188,0.1476,TripleIncreaseAngularVelo,extended
6.66843,87,-0.023393,-0.546289,0.0,0.0,0.0,0.0,0.263736,-8.0,1.84615,-1.84615,2.98828,-1.29807,0.0188,0.1476,TripleIncreaseAngularVelo,extended
6.8208,88,-0.0115045,-1.17963,0.0,0.0,0.0,0.0,-5.0989,9.49451,-9.31868,-1.84615,4.39453,1.94087,0.0188,0.1476,TripleIncreaseAngularVelo,extended
6.88087,89,-0.00594408,-1.26822,0.0,0.0,0.0,0.0,-6.41758,11.3407,-11.1648,20.8352,4.04297,3.81051,0.0188,0.1476,TripleIncreaseAngularVelo,extended
7.01942,90,0.00441044,-1.14608,0.0,0.0,0.0,0.0,-6.50549,11.3407,-9.05494,20.8352,1.40625,1.29104,0.0188,0.1476,TripleIncreaseAngularVelo,extended
7.21743,91,-0.00805313,-0.391549,0.0,0.0,0.0,0.0,2.81319,-6.76923,8.96703,-7.38462,-2.98828,-6.18082,0.0188,0.1476,TripleIncreaseAngularVelo,extended
7.38881,92,-0.00728637,-0.362595,0.0,0.0,0.0,0.0,4.21978,-6.50549,7.47253,-1.40659,-3.16406,-8.54042,0.0188,0.1476,TripleIncreaseAngularVelo,extended
7.54419,93,-0.00517685,-0.863248,0.0,0.0,0.0,0.0,-0.43956,4.21978,-6.41758,-1.40659,-1.58203,-8.26195,0.00674,0.13537,TripleIncreaseAngularVelo,seated
7.68543,94,0.00843733,-1.14243,0.0,0.0,0.0,0.0,-6.76923,14.4176,-7.91209,-1.40659,-1.23047,-6.55444,0.00674,0.13537,TripleIncreaseAngularVelo,seated
7.82589,95,0.0228183,-0.792876,0.0,0.0,0.0,0.0,-1.67033,24.4396,-15.4725,-1.40659,-2.46094,-4.79521,0.00674,0.13537,TripleIncreaseAngularVelo,seated
7.96169,96,0.0212843,-0.223386,0.0,0.0,0.0,0.0,-2.02198,-2.10989,7.73626,-1.40659,-3.69141,-0.944734,0.00674,0.13537,TripleIncreaseAngularVelo,seated
8.02176,97,0.02301,0.0676869,0.0,0.0,0.0,0.0,16.8791,-5.0989,10.3736,-8.26374,-4.57031,-2.22173,0.00674,0.13537,TripleIncreaseAngularVelo,seated
8.15793,98,0.020517,0.418585,0.0,0.0,0.0,0.0,26.8132,-10.7253,13.2747,-13.1868,-4.39453,-4.58255,0.00674,0.13537,TripleIncreaseAngularVelo,seated
8.37143,99,0.00862902,-0.11083,0.0,0.0,0.0,0.0,-2.37363,-3.07692,0.351648,-3.86813,1.05469,3.33112,0.00674,0.13537,TripleIncreaseAngularVelo,seated
8.51418,100,0.0293376,-0.554918,0.0,0.0,0.0,0.0,-9.23077,3.69231,-3.42857,-3.86813,3.51562,8.6832,0.00674,0.13537,TripleIncreaseAngularVelo,seated
8.57487,101,0.0302965,-0.558369,0.0,0.0,0.0,0.0,-9.40659,4.48352,-3.95604,-3.86813,3.33984,11.4669,0.00674,0.13537,TripleIncreaseAngularVelo,seated
8.70917,102,0.0249273,-0.259051,0.0,0.0,0.0,0.0,-2.63736,0.791209,2.46154,-3.86813,1.93359,9.46145,0.0188,0.1476,TripleIncreaseAngularVelo,extended
8.85156,103,0.00479382,0.256942,0.0,0.0,0.0,0.0,14.5055,-13.7143,10.989,-12.8352,0.527344,7.09578,0.0188,0.1476,TripleIncreaseAngularVelo,extended
8.91163,104,-0.0118883,0.199226,0.0,0.0,0.0,0.0,15.6484,-13.4505,11.7802,-13.5385,0.351562,-1.3016,0.0188,0.1476,TripleIncreaseAngularVelo,extended
8.9717,105,-0.00536853,0.0661529,0.0,0.0,0.0,0.0,5.45055,-19.5165,17.1429,-5.53846,1.23047,-4.99465,0.0188,0.1476,TripleIncreaseAngularVelo,extended
9.1183,106,0.000575717,-0.438527,0.0,0.0,0.0,0.0,1.93407,-6.85714,0.0879121,-2.9011,3.86719,0.970388,0.0188,0.1476,TripleIncreaseAngularVelo,extended
9.17862,107,0.00556105,-0.88319,0.0,0.0,0.0,0.0,0.703297,4.65934,-7.20879,-2.9011,5.09766,6.73993,0.0188,0.1476,TripleIncreaseAngularVelo,extended
9.23869,108,0.0090124,-1.19689,0.0,0.0,0.0,0.0,-4.21978,11.3407,-11.5165,-2.9011,5.80078,13.6219,0.0188,0.1476,TripleIncreaseAngularVelo,extended
9.29874,109,0.0120804,-1.3593,0.0,0.0,0.0,0.0,-4.83517,13.2747,-12.3077,25.3187,5.97656,14.5308,0.0188,0.1476,TripleIncreaseAngularVelo,extended
9.35881,110,0.01534,-1.38691,0.0,0.0,0.0,0.0,-5.8022,13.6264,-11.8681,25.4945,5.625,11.3522,0.0188,0.1476,TripleIncreaseAngularVelo,extended
9.49057,111,0.023585,-1.19804,0.0,0.0,0.0,0.0,-1.93407,12.2198,-8.52747,25.4945,1.93359,-5.19418,0.0188,0.1476,TripleIncreaseAngularVelo,extended
9.6298,112,0.0249273,-0.620112,0.0,0.0,0.0,0.0,9.58242,-7.73626,11.1648,-7.03297,-1.93359,-15.5843,0.0188,0.1476,TripleIncreaseAngularVelo,extended
9.76743,113,0.0187914,-0.251573,0.0,0.0,0.0,0.0,24.0879,-10.7253,11.2527,-11.956,-3.69141,-17.9525,0.0188,0.1476,TripleIncreaseAngularVelo,extended
9.9039,114,0.00805348,-0.495476,0.0,0.0,0.0,0.0,6.50549,-8.08791,5.27473,-0.0879121,-2.28516,-13.6521,0.00674,0.13537,TripleIncreaseAngularVelo,seated
9.96397,115,0.00690335,-0.771976,0.0,0.0,0.0,0.0,2.72527,-0.879121,-3.95604,-0.0879121,-1.58203,-11.9092,0.00674,0.13537,TripleIncreaseAngularVelo,seated
10.1081,116,0.0253107,-1.35009,0.0,0.0,0.0,0.0,-6.50549,20.044,-16.8791,-0.0879121,-0.527344,-3.98536,0.00674,0.13537,TripleIncreaseAngularVelo,seated
10.2429,117,0.0490877,-1.07168,0.0,0.0,0.0,0.0,-10.3736,26.6374,-18.1099,-0.0879121,-1.58203,0.573408,0.00674,0.13537,TripleIncreaseAngularVelo,seated
10.3816,118,0.0427601,-0.393083,0.0,0.0,0.0,0.0,-3.69231,15.7363,5.01099,-0.0879121,-4.57031,-1.43112,0.0188,0.1476,TripleIncreaseAngularVelo,extended
10.4417,119,0.0379664,-0.0477454,0.0,0.0,0.0,0.0,11.6044,-8.0,11.6044,-11.1648,-5.97656,-6.86331,0.0188,0.1476,TripleIncreaseAngularVelo,extended
10.5018,120,0.023585,0.324629,0.0,0.0,0.0,0.0,27.3407,-19.1648,18.3736,-18.9011,-6.85547,-9.80472,0.0188,0.1476,TripleIncreaseAngularVelo,extended
10.6498,121,0.0126554,0.499886,0.0,0.0,0.0,0.0,49.6703,-20.5714,14.3297,-23.033,-6.32812,-10.7075,0.00674,0.13537,TripleIncreaseAngularVelo,seated
10.7846,122,0.0419928,-0.0425679,0.0,0.0,0.0,0.0,19.6923,-6.59341,7.12088,-5.71429,-0.175781,2.5962,0.00674,0.13537,TripleIncreaseAngularVelo,seated
10.9212,123,0.0272285,-0.90409,0.0,0.0,0.0,0.0,-4.21978,25.0549,-20.2198,16.3516,3.69141,15.3105,0.00674,0.13537,TripleIncreaseAngularVelo,seated
10.9813,124,0.0350901,-1.11367,0.0,0.0,0.0,0.0,-3.25275,23.2088,-16.2637,16.3516,4.57031,19.5492,0.00674,0.13537,TripleIncreaseAngularVelo,seated
11.0414,125,0.0352818,-1.04963,0.0,0.0,0.0,0.0,-8.26374,20.8352,-13.0989,16.3516,4.92188,21.8278,0.00674,0.13537,TripleIncreaseAngularVelo,seated
11.1887,126,0.0383498,-0.571983,0.0,0.0,0.0,0.0,-1.05495,17.3187,-6.41758,-3.86813,1.75781,15.0046,0.0188,0.1476,TripleIncreaseAngularVelo,extended
11.3213,127,0.0291459,0.378893,0.0,0.0,0.0,0.0,24.2637,-22.4176,15.4725,-21.3626,-0.527344,-0.655003,0.0188,0.1476,TripleIncreaseAngularVelo,extended
11.4579,128,0.0159151,0.395959,0.0,0.0,0.0,0.0,22.6813,-42.9011,29.8022,-19.956,-0.527344,-7.86024,0.0188,0.1476,TripleIncreaseAngularVelo,extended
11.6273,129,0.0216677,-0.125211,0.0,0.0,0.0,0.0,12.9231,-20.3077,10.6374,-8.08791,3.86719,-1.08834,0.0188,0.1476,TripleIncreaseAngularVelo,extended
11.7823,130,0.0232016,-1.31999,0.0,0.0,0.0,0.0,1.67033,24.8791,-20.9231,-8.08791,7.20703,3.08416,0.00674,0.13537,TripleIncreaseAngularVelo,seated
11.8424,131,0.0370075,-1.61049,0.0,0.0,0.0,0.0,-1.58242,29.2747,-23.9121,-8.08791,7.20703,8.33631,0.00674,0.13537,TripleIncreaseAngularVelo,seated
11.9871,132,0.0575244,-1.59208,0.0,0.0,0.0,0.0,-6.94506,33.8462,-26.8132,17.5824,4.57031,7.65678,0.0188,0.1476,TripleIncreaseAngularVelo,extended
