0.000268936,0,0.00210923,-0.153782,0.0,0.0,0.0,0.0,1.49451,-5.01099,11.0769,-0.43956,0.0,0.0,0.00674,0.13537,None,seated
0.064003,1,-0.000958268,-0.157617,0.0,0.0,0.0,0.0,1.49451,-5.01099,11.0769,-0.43956,0.0,0.0,0.00674,0.13537,Nothing,seated
0.124071,2,-0.00383455,-0.152631,0.0,0.0,0.0,0.0,1.67033,-5.01099,11.0769,-0.43956,0.0,0.0,0.00674,0.13537,Nothing,seated
0.184159,3,-0.00383455,-0.156658,0.0,0.0,0.0,0.0,1.93407,-5.01099,11.0769,-0.43956,0.0,0.0,0.00674,0.13537,Nothing,seated
0.244935,4,-0.00766975,-0.151673,0.0,0.0,0.0,0.0,2.1978,-5.01099,11.0769,-0.527473,0.0,0.0,0.00674,0.13537,Nothing,seated
0.305013,5,-0.00862819,-0.145728,0.0,0.0,0.0,0.0,2.54945,-5.01099,11.1648,-0.615385,0.0,0.0,0.00674,0.13537,Nothing,seated
0.365406,6,-0.0107377,-0.130005,0.0,0.0,0.0,0.0,2.37363,-5.01099,11.1648,-0.615385,0.0,0.0,0.00674,0.13537,Nothing,seated
0.425477,7,-0.0161064,-0.113898,0.0,0.0,0.0,0.0,1.67033,-5.01099,11.1648,-0.703297,0.0,0.0,0.00674,0.13537,Nothing,seated
0.487933,8,-0.0145724,-0.104886,0.0,0.0,0.0,0.0,0.0,-5.01099,11.1648,-0.879121,0.0,0.0,0.00674,0.13537,Nothing,seated
0.548893,9,-0.0132301,-0.0952985,0.0,0.0,0.0,0.0,-2.10989,-5.01099,11.2527,-1.14286,0.175781,0.578308,0.00674,0.13537,Nothing,seated
0.608964,10,-0.0122717,-0.0801508,0.0,0.0,0.0,0.0,-4.57143,-5.01099,11.4286,-1.40659,0.351562,1.15664,0.00674,0.13537,Nothing,seated
0.671168,11,-0.0111211,-0.0598256,0.0,0.0,0.0,0.0,-7.73626,-5.01099,11.6044,-1.40659,0.703125,2.29958,0.00674,0.13537,Nothing,seated
0.731238,12,-0.00479347,-0.0329806,0.0,0.0,0.0,0.0,-11.2527,-5.01099,11.7802,-1.40659,1.05469,3.44939,0.00674,0.13537,Nothing,seated
0.792406,13,-0.00345117,-0.0218593,0.0,0.0,0.0,0.0,-14.9451,-5.01099,11.8681,-1.40659,1.58203,5.19597,0.00674,0.13537,Nothing,seated
0.853657,14,-0.00383455,-0.0398838,0.0,0.0,0.0,0.0,-18.4615,-5.01099,11.956,-1.31868,2.10938,6.34456,0.00674,0.13537,Nothing,seated
0.913727,15,-0.00115043,-0.0370075,0.0,0.0,0.0,0.0,-21.4506,-5.01099,11.956,-1.23077,2.8125,8.07492,0.00674,0.13537,Nothing,seated
0.978265,16,0.00498551,-0.0544564,0.0,0.0,0.0,0.0,-23.9121,-5.01099,11.956,-1.23077,3.33984,8.58594,0.00674,0.13537,Nothing,seated
1.05773,17,-0.00134212,-0.0667283,0.0,0.0,0.0,0.0,-25.6703,-5.01099,11.8681,-0.967033,4.21875,9.69094,0.00674,0.13537,Nothing,seated
1.11781,18,0.00191754,-0.0688373,0.0,0.0,0.0,0.0,-26.6374,-5.01099,11.8681,-0.43956,4.74609,9.72361,0.00674,0.13537,Nothing,seated
1.17788,19,0.0118887,-0.137867,0.0,0.0,0.0,0.0,-26.022,-5.01099,11.7802,-0.175824,5.09766,9.21689,0.00674,0.13537,Nothing,seated
1.23795,20,0.013231,-0.14036,0.0,0.0,0.0,0.0,-24.6154,-5.01099,11.6044,0.175824,5.44922,8.13248,0.00674,0.13537,Nothing,seated
1.29802,21,0.0107381,-0.158575,0.0,0.0,0.0,0.0,-22.8571,-5.01099,11.5165,0.263736,5.625,7.14661,0.00674,0.13537,Nothing,seated
1.35809,22,0.00882071,-0.16126,0.0,0.0,0.0,0.0,-19.956,-5.01099,11.4286,0.263736,5.625,4.682,0.00674,0.13537,Nothing,seated
1.41816,23,0.00115078,-0.151481,0.0,0.0,0.0,0.0,-16.3516,-5.01099,11.4286,0.0,5.625,2.92626,0.00674,0.13537,Nothing,seated
1.47891,24,0.00306815,-0.146879,0.0,0.0,0.0,0.0,-11.3407,-5.01099,11.5165,-0.43956,5.27344,0.583923,0.00674,0.13537,Nothing,seated
1.53898,25,-0.00191719,-0.135565,0.0,0.0,0.0,0.0,-5.62637,-5.01099,11.6044,-0.879121,4.92188,-1.75179,0.00674,0.13537,Nothing,seated
1.59904,26,-0.00249225,-0.13384,0.0,0.0,0.0,0.0,0.43956,-5.01099,11.6923,-1.14286,4.57031,-3.5037,0.00674,0.13537,Nothing,seated
1.65974,27,-0.00268442,-0.135758,0.0,0.0,0.0,0.0,6.15385,-5.01099,11.7802,-1.14286,3.86719,-5.82727,0.00674,0.13537,Nothing,seated
1.71981,28,-0.00364286,-0.143428,0.0,0.0,0.0,0.0,11.3407,-5.01099,11.6923,-0.879121,3.16406,-8.1582,0.00674,0.13537,Nothing,seated
1.77988,29,-0.00479347,-0.156274,0.0,0.0,0.0,0.0,15.4725,-5.01099,11.6923,-0.263736,2.63672,-8.76071,0.00674,0.13537,Nothing,seated
1.84165,30,-0.00594408,-0.175641,0.0,0.0,0.0,0.0,18.3736,-5.01099,11.6044,0.351648,1.75781,-10.4538,0.00674,0.13537,Nothing,seated
1.90393,31,-0.023393,-0.157617,0.0,0.0,0.0,0.0,20.044,-5.01099,11.5165,0.791209,1.05469,-11.5306,0.00674,0.13537,Nothing,seated
1.96415,32,-0.0226257,-0.176983,0.0,0.0,0.0,0.0,20.9231,-5.01099,11.3407,0.967033,0.175781,-12.1265,0.00674,0.13537,Nothing,seated
2.03093,33,-0.021859,-0.191364,0.0,0.0,0.0,0.0,20.6593,-5.01099,11.3407,0.967033,-0.878906,-12.9949,0.00674,0.13537,Nothing,seated
2.091,34,-0.0210918,-0.201143,0.0,0.0,0.0,0.0,19.2527,-5.01099,11.3407,0.879121,-1.75781,-14.1249,0.00674,0.13537,Nothing,seated
2.15806,35,-0.0199416,-0.204403,0.0,0.0,0.0,0.0,16.6154,-5.01099,11.3407,0.615385,-2.63672,-13.8886,0.00674,0.13537,Nothing,seated
2.22353,36,-0.00671083,-0.145728,0.0,0.0,0.0,0.0,12.9231,-5.01099,11.4286,0.527473,-3.51562,-14.3004,0.00674,0.13537,Nothing,seated
2.28641,37,-0.0097788,-0.142852,0.0,0.0,0.0,0.0,8.35165,-5.01099,11.4286,0.527473,-4.21875,-13.6367,0.00674,0.13537,Nothing,seated
2.3514,38,-0.00383455,-0.139784,0.0,0.0,0.0,0.0,2.98901,-5.01099,11.4286,0.703297,-4.92188,-12.6155,0.00674,0.13537,Nothing,seated
2.41227,39,0.00210923,-0.148796,0.0,0.0,0.0,0.0,-2.37363,-5.01099,11.4286,0.879121,-5.44922,-11.49,0.00674,0.13537,Nothing,seated
2.47327,40,1.74846e-07,-0.159534,0.0,0.0,0.0,0.0,-7.20879,-5.01099,11.3407,1.05495,-5.80078,-10.038,0.00674,0.13537,Nothing,seated
2.53414,41,0.00613612,-0.168738,0.0,0.0,0.0,0.0,-11.6044,-5.01099,11.2527,1.31868,-5.97656,-7.92281,0.00674,0.13537,Nothing,seated
2.59543,42,0.00709503,-0.175257,0.0,0.0,0.0,0.0,-15.1209,-5.01099,11.2527,1.31868,-5.97656,-5.68837,0.00674,0.13537,Nothing,seated
2.65627,43,0.00747841,-0.176983,0.0,0.0,0.0,0.0,-17.8462,-5.01099,11.1648,1.31868,-5.97656,-3.4595,0.00674,0.13537,Nothing,seated
2.71745,44,0.00824517,-0.171231,0.0,0.0,0.0,0.0,-19.8681,-5.01099,11.1648,1.23077,-5.97656,-1.72801,0.00674,0.13537,Nothing,seated
2.79375,45,0.0090124,-0.16241,0.0,0.0,0.0,0.0,-21.3626,-5.01099,11.2527,0.879121,-5.625,0.5485,0.00674,0.13537,Nothing,seated
2.85382,46,0.00977915,-0.149755,0.0,0.0,0.0,0.0,-21.6264,-5.01099,11.3407,0.703297,-5.27344,2.19949,0.00674,0.13537,Nothing,seated
2.92113,47,0.00882071,-0.151673,0.0,0.0,0.0,0.0,-21.011,-5.01099,11.3407,0.43956,-4.57031,4.3175,0.00674,0.13537,Nothing,seated
2.9812,48,0.00594443,-0.146687,0.0,0.0,0.0,0.0,-19.5165,-5.01099,11.3407,0.43956,-4.04297,5.95075,0.00674,0.13537,Nothing,seated
3.26603,49,-0.00191719,-0.163369,0.0,0.0,0.0,0.0,-3.51648,-5.01099,11.3407,0.615385,0.0,10.8945,0.00674,0.13537,Nothing,seated
3.33053,50,-0.00191719,-0.146879,0.0,0.0,0.0,0.0,1.49451,-5.01099,11.3407,0.43956,0.878906,12.1165,0.00674,0.13537,Nothing,seated
3.3906,51,-0.0097788,-0.152631,0.0,0.0,0.0,0.0,6.32967,-5.01099,11.3407,0.175824,1.75781,13.0989,0.00674,0.13537,TripleIncreaseAngularVelo,seated
3.45067,52,-0.0116962,-0.149755,0.0,0.0,0.0,0.0,10.4615,-5.01099,11.3407,-0.175824,2.46094,13.2782,0.00674,0.13537,TripleIncreaseAngularVelo,seated
3.51074,53,-0.0184076,-0.14151,0.0,0.0,0.0,0.0,13.978,-5.01099,11.4286,-0.351648,3.16406,13.6101,0.00674,0.13537,TripleIncreaseAngularVelo,seated
3.57081,54,-0.0174487,-0.123294,0.0,0.0,0.0,0.0,16.4396,-5.01099,11.4286,-0.43956,3.86719,12.6883,0.00674,0.13537,TripleIncreaseAngularVelo,seated
3.63867,55,-0.0164903,-0.112364,0.0,0.0,0.0,0.0,18.1099,-5.01099,11.5165,-0.43956,4.57031,11.9795,0.00674,0.13537,TripleIncreaseAngularVelo,seated
3.69874,56,-0.0157231,-0.106229,0.0,0.0,0.0,0.0,18.4615,-5.01099,11.4286,-0.351648,4.92188,10.2682,0.00674,0.13537,TripleIncreaseAngularVelo,seated
3.75877,57,-0.015148,-0.104119,0.0,0.0,0.0,0.0,17.8462,-5.01099,11.4286,-0.263736,5.27344,9.12845,0.00674,0.13537,TripleIncreaseAngularVelo,seated
3.81884,58,-0.0147641,-0.104502,0.0,0.0,0.0,0.0,16.3516,-5.01099,11.4286,-0.175824,5.625,7.98738,0.00674,0.13537,TripleIncreaseAngularVelo,seated
3.87891,59,-0.0155314,-0.146879,0.0,0.0,0.0,0.0,14.1538,-5.01099,11.4286,-0.0879121,5.625,5.70533,0.00674,0.13537,TripleIncreaseAngularVelo,seated
3.93898,60,-0.00766975,-0.142852,0.0,0.0,0.0,0.0,10.989,-5.01099,11.4286,-0.0879121,5.625,3.51194,0.00674,0.13537,TripleIncreaseAngularVelo,seated
4.0028,61,-0.00728637,-0.14151,0.0,0.0,0.0,0.0,7.20879,-5.01099,11.4286,-0.0879121,5.44922,1.73436,0.00674,0.13537,TripleIncreaseAngularVelo,seated
4.15057,62,-0.00402624,-0.141701,0.0,0.0,0.0,0.0,-2.72527,-5.01099,11.6044,-0.175824,4.39453,-2.2433,0.0188,0.1476,TripleIncreaseAngularVelo,extended
4.30344,63,0.000959094,-0.163753,0.0,0.0,0.0,0.0,-10.6374,-5.01099,10.1099,-3.16484,2.28516,-6.89198,0.0188,0.1476,TripleIncreaseAngularVelo,extended
4.45318,64,-0.00747806,-0.416859,0.0,0.0,0.0,0.0,-18.8132,-5.01099,16.3516,3.86813,0.703125,-8.57074,0.0188,0.1476,TripleIncreaseAngularVelo,extended
4.63266,65,0.00441044,-0.848867,0.0,0.0,0.0,0.0,-15.4725,-6.94506,2.9011,3.16484,-1.05469,-9.62941,0.0188,0.1476,TripleIncreaseAngularVelo,extended
4.8248,66,0.0178329,-1.10562,0.0,0.0,0.0,0.0,-10.7253,0.967033,-1.49451,5.0989,-2.8125,-10.0507,0.0188,0.1476,TripleIncreaseAngularVelo,extended
4.89367,67,0.0172574,-1.09756,0.0,0.0,0.0,0.0,-8.17582,0.791209,-1.14286,4.3956,-3.86719,-11.1179,0.0188,0.1476,TripleIncreaseAngularVelo,extended
4.95373,68,0.020517,-1.041,0.0,0.0,0.0,0.0,-7.20879,0.703297,-0.351648,2.10989,-4.57031,-10.5422,0.0188,0.1476,TripleIncreaseAngularVelo,extended
5.02343,69,0.0216677,-0.968134,0.0,0.0,0.0,0.0,-1.75824,-1.40659,3.07692,-0.43956,-5.625,-11.097,0.0188,0.1476,TripleIncreaseAngularVelo,extended
5.08929,70,0.0212843,-0.878396,0.0,0.0,0.0,0.0,3.6044,-2.37363,5.53846,-2.63736,-6.15234,-11.1636,0.0188,0.1476,TripleIncreaseAngularVelo,extended
5.14935,71,0.018408,-0.789617,0.0,0.0,0.0,0.0,8.08791,-2.37363,7.73626,-3.42857,-6.50391,-11.3738,0.0188,0.1476,TripleIncreaseAngularVelo,extended
5.20943,72,0.0157234,-0.719246,0.0,0.0,0.0,0.0,10.989,-2.37363,9.05494,-3.42857,-6.67969,-8.90698,0.0188,0.1476,TripleIncreaseAngularVelo,extended
5.27304,73,0.011697,-0.683772,0.0,0.0,0.0,0.0,15.2088,-2.37363,8.7033,-3.25275,-6.32812,-5.50505,0.0188,0.1476,TripleIncreaseAngularVelo,extended
5.43156,74,0.00210923,-0.759129,0.0,0.0,0.0,0.0,15.033,-2.37363,3.69231,1.40659,-4.74609,2.15349,0.00674,0.13537,TripleIncreaseAngularVelo,seated
5.58344,75,-0.00728637,-0.93036,0.0,0.0,0.0,0.0,10.8132,3.16484,1.23077,2.28571,-2.63672,7.11456,0.00674,0.13537,TripleIncreaseAngularVelo,seated
5.72682,76,0.00402706,-0.820105,0.0,0.0,0.0,0.0,8.79121,14.7692,-10.2857,-4.48352,-1.23047,9.13206,0.00674,0.13537,TripleIncreaseAngularVelo,seated
5.8692,77,0.00786179,-0.504488,0.0,0.0,0.0,0.0,-2.37363,7.12088,4.92308,0.703297,0.527344,10.9235,0.00674,0.13537,TripleIncreaseAngularVelo,seated
6.01106,78,0.0090124,-0.018408,0.0,0.0,0.0,0.0,-2.02198,7.12088,16.7033,-5.62637,1.23047,10.2418,0.00674,0.13537,TripleIncreaseAngularVelo,seated
6.07408,79,0.00594443,0.207854,0.0,0.0,0.0,0.0,-4.83517,-19.7802,19.5165,-10.1978,1.40625,9.57535,0.00674,0.13537,TripleIncreaseAngularVelo,seated
6.13918,80,0.00287646,0.304112,0.0,0.0,0.0,0.0,-5.36264,-19.6044,19.1648,-12.3956,1.75781,7.90754,0.00674,0.13537,TripleIncreaseAngularVelo,seated
6.19924,81,0.00441044,0.325395,0.0,0.0,0.0,0.0,-13.011,-19.8681,19.4286,-10.1978,2.8125,8.55785,0.00674,0.13537,TripleIncreaseAngularVelo,seated
6.25932,82,0.00153416,0.266721,0.0,0.0,0.0,0.0,-9.84615,-18.989,17.8462,-5.27473,3.86719,8.56124,0.00674,0.13537,TripleIncreaseAngularVelo,seated
6.31997,83,0.000959094,0.135949,0.0,0.0,0.0,0.0,-12.8352,-16.6154,13.7143,0.351648,5.09766,12.5188,0.00674,0.13537,TripleIncreaseAngularVelo,seated
6.38143,84,0.00153416,-0.0452525,0.0,0.0,0.0,0.0,-11.6044,-12.5714,8.08791,3.25275,5.97656,14.8702,0.00674,0.13537,TripleIncreaseAngularVelo,seated
6.44149,85,0.00671118,-0.240643,0.0,0.0,0.0,0.0,-12.3077,-6.24176,4.92308,5.89011,6.67969,16.2806,0.00674,0.13537,TripleIncreaseAngularVelo,seated
6.50276,86,0.013806,-0.36643,0.0,0.0,0.0,0.0,-10.7253,-3.78022,3.07692,7.03297,6.67969,12.7411,0.00674,0.13537,TripleIncreaseAngularVelo,seated
6.56343,87,0.0134227,-0.436226,0.0,0.0,0.0,0.0,-11.4286,-1.84615,1.14286,4.57143,6.50391,8.67014,0.00674,0.13537,TripleIncreaseAngularVelo,seated
6.71293,88,0.0107381,-0.304304,0.0,0.0,0.0,0.0,-1.31868,-5.53846,8.87912,-1.58242,4.74609,-0.894637,0.0188,0.1476,TripleIncreaseAngularVelo,extended
6.8743,89,-0.00997049,0.00632745,0.0,0.0,0.0,0.0,13.8022,-11.6044,17.2308,-9.14286,1.40625,-9.27287,0.0188,0.1476,TripleIncreaseAngularVelo,extended
7.02506,90,-0.0184076,-0.214566,0.0,0.0,0.0,0.0,16.7033,-23.2967,19.956,-3.51648,0.0,-11.4463,0.0188,0.1476,TripleIncreaseAngularVelo,extended
7.19519,91,-0.0124634,-0.85366,0.0,0.0,0.0,0.0,10.8132,-3.78022,0.791209,6.24176,0.0,-9.64686,0.0188,0.1476,TripleIncreaseAngularVelo,extended
7.25526,92,-0.0103543,-1.13706,0.0,0.0,0.0,0.0,8.79121,1.67033,-3.16484,10.4615,0.0,-9.40107,0.0188,0.1476,TripleIncreaseAngularVelo,extended
7.31533,93,-0.00671083,-1.29832,0.0,0.0,0.0,0.0,3.42857,5.18681,-3.95604,13.5385,-0.351562,-8.46232,0.0188,0.1476,TripleIncreaseAngularVelo,extended
7.48931,94,0.0109298,-1.2477,0.0,0.0,0.0,0.0,-0.967033,5.89011,-2.63736,4.04396,-3.86719,-8.5746,0.0188,0.1476,TripleIncreaseAngularVelo,extended
7.54934,95,0.0134227,-1.11635,0.0,0.0,0.0,0.0,2.9011,2.81319,1.40659,-1.67033,-5.27344,-10.0584,0.0188,0.1476,TripleIncreaseAngularVelo,extended
7.61197,96,0.0162989,-0.915595,0.0,0.0,0.0,0.0,2.81319,-1.31868,7.91209,-2.81319,-6.32812,-15.183,0.0188,0.1476,TripleIncreaseAngularVelo,extended
7.6723,97,0.0172574,-0.709658,0.0,0.0,0.0,0.0,2.46154,-1.31868,15.5604,-3.69231,-7.03125,-16.8599,0.0188,0.1476,TripleIncreaseAngularVelo,extended
7.73231,98,0.0162989,-0.552233,0.0,0.0,0.0,0.0,0.175824,-1.31868,16.2637,-8.08791,-7.73438,-17.7054,0.0188,0.1476,TripleIncreaseAngularVelo,extended
7.79238,99,0.0120804,-0.473425,0.0,0.0,0.0,0.0,2.46154,-15.3846,14.8571,-8.79121,-7.73438,-12.7599,0.0188,0.1476,TripleIncreaseAngularVelo,extended
7.85245,100,0.00920409,-0.46633,0.0,0.0,0.0,0.0,-3.51648,-16.0,15.5604,-4.65934,-7.20703,-6.37918,0.0188,0.1476,TripleIncreaseAngularVelo,extended
8.01068,101,0.00325983,-0.799396,0.0,0.0,0.0,0.0,-7.91209,-5.45055,2.02198,3.6044,-4.39453,4.84969,0.00674,0.13537,TripleIncreaseAngularVelo,seated
8.15669,102,0.0090124,-1.14454,0.0,0.0,0.0,0.0,-7.91209,9.23077,-4.13187,7.73626,-1.93359,10.5238,0.00674,0.13537,TripleIncreaseAngularVelo,seated
8.30294,103,0.0301048,-0.968901,0.0,0.0,0.0,0.0,-7.03297,23.9121,-19.4286,-2.98901,-0.878906,12.0139,0.00674,0.13537,TripleIncreaseAngularVelo,seated
8.44858,104,0.0368158,-0.478219,0.0,0.0,0.0,0.0,-5.71429,16.7033,8.0,1.05495,0.0,11.7866,0.00674,0.13537,TripleIncreaseAngularVelo,seated
8.60194,105,0.0308716,0.268255,0.0,0.0,0.0,0.0,18.6374,-21.3626,21.7143,-13.1868,0.0,9.61588,0.00674,0.13537,TripleIncreaseAngularVelo,seated
8.66969,106,0.0256945,0.427789,0.0,0.0,0.0,0.0,30.9451,-19.7802,19.3407,-17.4066,0.527344,7.46863,0.00674,0.13537,TripleIncreaseAngularVelo,seated
8.73256,107,0.023585,0.454058,0.0,0.0,0.0,0.0,28.3077,-21.011,21.0989,-13.7143,1.75781,6.41009,0.00674,0.13537,TripleIncreaseAngularVelo,seated
8.79263,108,0.020517,0.378126,0.0,0.0,0.0,0.0,26.8132,-20.1319,18.8132,-7.20879,3.16406,8.25612,0.00674,0.13537,TripleIncreaseAngularVelo,seated
8.85554,109,0.0118887,0.202869,0.0,0.0,0.0,0.0,17.8462,-17.4066,14.5934,1.49451,4.92188,12.0942,0.00674,0.13537,TripleIncreaseAngularVelo,seated
8.91561,110,0.00671118,-0.0460197,0.0,0.0,0.0,0.0,10.1978,-12.1319,8.08791,6.59341,6.15234,19.6146,0.00674,0.13537,TripleIncreaseAngularVelo,seated
8.97569,111,0.0120804,-0.317918,0.0,0.0,0.0,0.0,4.3956,-3.6044,2.1978,9.14286,7.03125,21.2545,0.00674,0.13537,TripleIncreaseAngularVelo,seated
9.03575,112,0.0120804,-0.510432,0.0,0.0,0.0,0.0,-1.14286,-0.615385,0.263736,11.8681,7.55859,19.1325,0.00674,0.13537,TripleIncreaseAngularVelo,seated
9.09582,113,0.0157234,-0.597486,0.0,0.0,0.0,0.0,-2.9011,1.31868,-1.14286,10.8132,7.38281,13.9144,0.00674,0.13537,TripleIncreaseAngularVelo,seated
9.23806,114,0.0166823,-0.420119,0.0,0.0,0.0,0.0,0.0879121,-2.63736,7.12088,0.351648,5.27344,0.919082,0.0188,0.1476,TripleIncreaseAngularVelo,extended
9.38469,115,-0.000383202,0.106612,0.0,0.0,0.0,0.0,9.40659,-22.3297,19.6044,-10.022,1.93359,-8.9937,0.0188,0.1476,TripleIncreaseAngularVelo,extended
9.53119,116,-0.0130385,0.0291455,0.0,0.0,0.0,0.0,-0.615385,-29.5385,25.5824,-8.26374,0.175781,-12.3411,0.0188,0.1476,TripleIncreaseAngularVelo,extended
9.69031,117,-0.010546,-0.637177,0.0,0.0,0.0,0.0,-0.351648,-13.011,6.06593,4.83517,0.703125,-10.4734,0.0188,0.1476,TripleIncreaseAngularVelo,extended
9.76045,118,-0.00268442,-1.01511,0.0,0.0,0.0,0.0,-2.28571,-0.615385,-3.25275,10.2857,1.05469,-9.52129,0.0188,0.1476,TripleIncreaseAngularVelo,extended
9.82355,119,0.00364321,-1.33763,0.0,0.0,0.0,0.0,-5.71429,9.93407,-8.35165,13.7143,0.878906,-7.50574,0.0188,0.1476,TripleIncreaseAngularVelo,extended
9.97694,120,0.019942,-1.49391,0.0,0.0,0.0,0.0,-9.67033,12.044,-8.7033,13.978,-1.40625,-5.63917,0.0188,0.1476,TripleIncreaseAngularVelo,extended
10.1356,121,0.0276119,-1.14608,0.0,0.0,0.0,0.0,-3.34066,4.21978,3.51648,-3.51648,-5.97656,-10.1796,0.0188,0.1476,TripleIncreaseAngularVelo,extended
10.1956,122,0.0241606,-0.887791,0.0,0.0,0.0,0.0,4.3956,4.21978,11.0769,-6.68132,-7.03125,-15.3057,0.0188,0.1476,TripleIncreaseAngularVelo,extended
10.2557,123,0.0260779,-0.58483,0.0,0.0,0.0,0.0,0.0,-18.7253,20.2198,-6.59341,-7.73438,-17.7464,0.0188,0.1476,TripleIncreaseAngularVelo,extended
10.3171,124,0.0218593,-0.42568,0.0,0.0,0.0,0.0,10.1099,-21.978,18.5494,-11.7802,-8.26172,-18.5212,0.0188,0.1476,TripleIncreaseAngularVelo,extended
10.3771,125,0.016874,-0.37199,0.0,0.0,0.0,0.0,17.7582,-19.1648,16.0,-11.4286,-8.08594,-16.691,0.0188,0.1476,TripleIncreaseAngularVelo,extended
10.5199,126,0.0076701,-0.588665,0.0,0.0,0.0,0.0,5.45055,-15.4725,9.40659,1.49451,-5.44922,1.37196,0.00674,0.13537,TripleIncreaseAngularVelo,seated
10.6681,127,0.0103547,-1.1942,0.0,0.0,0.0,0.0,7.56044,10.1099,-6.32967,7.03297,-2.63672,9.30214,0.00674,0.13537,TripleIncreaseAngularVelo,seated
10.8384,128,0.0256945,-1.18826,0.0,0.0,0.0,0.0,-1.67033,28.3077,-23.033,2.72527,-0.703125,12.0661,0.00674,0.13537,TripleIncreaseAngularVelo,seated
10.9787,129,0.0370075,-0.724039,0.0,0.0,0.0,0.0,-4.92308,21.8022,2.81319,2.46154,-0.351562,11.9561,0.00674,0.13537,TripleIncreaseAngularVelo,seated
11.1548,130,0.0318305,0.332107,0.0,0.0,0.0,0.0,20.9231,-24.0,21.978,-16.7033,-1.05469,9.04135,0.00674,0.13537,TripleIncreaseAngularVelo,seated
11.2149,131,0.0283787,0.503337,0.0,0.0,0.0,0.0,34.1099,-21.0989,19.6923,-21.0989,-0.703125,6.82943,0.00674,0.13537,TripleIncreaseAngularVelo,seated
11.3624,132,0.0301048,0.433541,0.0,0.0,0.0,0.0,1.67033,-21.6264,19.5165,-13.2747,2.98828,8.10071,0.00674,0.13537,TripleIncreaseAngularVelo,seated
11.5228,133,0.0218593,-0.343612,0.0,0.0,0.0,0.0,-8.26374,-2.63736,0.527473,11.0769,7.20703,11.558,0.00674,0.13537,TripleIncreaseAngularVelo,seated
11.5831,134,0.0241606,-0.639862,0.0,0.0,0.0,0.0,-7.91209,4.21978,-4.48352,14.4176,7.91016,13.6696,0.00674,0.13537,TripleIncreaseAngularVelo,seated
11.6467,135,0.0270368,-0.780605,0.0,0.0,0.0,0.0,-11.0769,8.35165,-7.56044,13.7143,7.91016,18.2265,0.00674,0.13537,TripleIncreaseAngularVelo,seated
11.7087,136,0.0287625,-0.793068,0.0,0.0,0.0,0.0,-8.87912,8.08791,-5.0989,11.956,7.38281,16.375,0.00674,0.13537,TripleIncreaseAngularVelo,seated
11.8566,137,0.0212843,-0.340544,0.0,0.0,0.0,0.0,-2.28571,1.93407,11.1648,-0.175824,4.57031,3.2017,0.0188,0.1476,TripleIncreaseAngularVelo,extended
11.9983,138,0.000383552,0.261544,0.0,0.0,0.0,0.0,21.8901,-23.2088,20.3956,-15.5604,0.878906,-13.3087,0.0188,0.1476,TripleIncreaseAngularVelo,extended
12.1466,139,-0.00805313,0.107378,0.0,0.0,0.0,0.0,11.6044,-32.5275,28.1319,-7.38462,-0.175781,-14.349,0.0188,0.1476,TripleIncreaseAngularVelo,extended
12.2908,140,-0.00268442,-0.700262,0.0,0.0,0.0,0.0,10.1099,-13.6264,6.59341,8.35165,0.878906,-10.9157,0.0188,0.1476,TripleIncreaseAngularVelo,extended
12.4449,141,0.00958746,-1.53245,0.0,0.0,0.0,0.0,0.967033,14.0659,-10.2857,18.5494,0.878906,-8.83374,0.00674,0.13537,TripleIncreaseAngularVelo,seated
12.505,142,0.0241606,-1.63427,0.0,0.0,0.0,0.0,-2.98901,16.3516,-12.8352,19.2527,0.175781,-6.77703,0.00674,0.13537,TripleIncreaseAngularVelo,seated
12.6679,143,0.0360486,-1.44098,0.0,0.0,0.0,0.0,0.967033,18.3736,-11.4286,0.791209,-4.21875,-7.6127,0.0188,0.1476,TripleIncreaseAngularVelo,extended
12.8228,144,0.0354735,-0.767949,0.0,0.0,0.0,0.0,9.93407,9.49451,15.5604,-4.3956,-7.55859,-10.9173,0.0188,0.1476,TripleIncreaseAngularVelo,extended
12.8829,145,0.0322139,-0.488765,0.0,0.0,0.0,0.0,9.84615,9.49451,18.1978,-9.31868,-8.4375,-15.7349,0.0188,0.1476,TripleIncreaseAngularVelo,extended
