0.000271082,0,-0.0097788,-0.153782,0.0,0.0,0.0,0.0,-8.61539,-9.58242,9.31868,0.0,0.0,0.0,0.00674,0.13537,None,seated
0.156321,1,-0.00958711,-0.133456,0.0,0.0,0.0,0.0,-9.58242,-9.67033,9.49451,0.0,0.175781,0.0,0.0188,0.1476,Start,extended
0.216391,2,-0.0128468,-0.128088,0.0,0.0,0.0,0.0,-10.2857,-9.67033,8.87912,0.0,0.0,0.0,0.0188,0.1476,Start,extended
0.276465,3,-0.0138057,-0.134799,0.0,0.0,0.0,0.0,-10.5495,-9.31868,8.26374,0.0,-0.175781,0.0,0.0188,0.1476,Start,extended
0.339549,4,-0.0118883,-0.201527,0.0,0.0,0.0,0.0,-9.58242,-9.23077,6.94506,-3.78022,-0.175781,0.0,0.0188,0.1476,Start,extended
0.405898,5,-0.0143808,-0.270556,0.0,0.0,0.0,0.0,-8.0,-7.47253,5.62637,-3.78022,0.0,0.0,0.0188,0.1476,Start,extended
0.465972,6,-0.0134223,-0.371415,0.0,0.0,0.0,0.0,-7.91209,-6.85714,4.65934,-3.69231,0.351562,0.567676,0.0188,0.1476,Start,extended
0.526042,7,-0.0130385,-0.521554,0.0,0.0,0.0,0.0,-6.94506,-4.83517,2.72527,-3.69231,0.703125,2.2707,0.0188,0.1476,Start,extended
0.59272,8,-0.0107377,-0.652517,0.0,0.0,0.0,0.0,-6.15385,-1.93407,0.43956,-3.69231,1.23047,4.44657,0.0188,0.1476,Start,extended
0.652791,9,-0.00920374,-0.843306,0.0,0.0,0.0,0.0,-5.53846,1.49451,-1.58242,-3.69231,1.75781,6.17284,0.0188,0.1476,Start,extended
0.812043,10,0.00268477,-1.04157,0.0,0.0,0.0,0.0,-8.26374,4.92308,-3.6044,-3.69231,2.10938,5.19365,0.00674,0.13537,Start,seated
0.873061,11,0.00421875,-1.02508,0.0,0.0,0.0,0.0,-8.08791,4.92308,-3.51648,-3.69231,1.75781,3.4544,0.00674,0.13537,Start,seated
0.934895,12,0.0090124,-0.970627,0.0,0.0,0.0,0.0,-6.15385,3.34066,-1.40659,-3.69231,1.40625,1.71975,0.00674,0.13537,Start,seated
0.995646,13,0.0103547,-0.862289,0.0,0.0,0.0,0.0,-5.8022,0.791209,1.23077,-3.69231,1.05469,-0.436262,0.00674,0.13537,Start,seated
1.05614,14,0.0107381,-0.728641,0.0,0.0,0.0,0.0,-3.51648,-1.40659,3.42857,-3.69231,0.703125,-2.6148,0.00674,0.13537,Start,seated
1.11752,15,0.0105464,-0.581762,0.0,0.0,0.0,0.0,-2.72527,-1.58242,6.94506,-3.69231,0.703125,-4.6034,0.00674,0.13537,Start,seated
1.17759,16,0.00479382,-0.422995,0.0,0.0,0.0,0.0,-3.07692,-1.58242,10.3736,-3.69231,0.703125,-3.46331,0.00674,0.13537,Start,seated
1.23964,17,0.00325983,-0.268638,0.0,0.0,0.0,0.0,-0.791209,-1.58242,11.6923,-1.40659,0.527344,-2.88405,0.00674,0.13537,Start,seated
1.29971,18,-0.000383202,-0.139784,0.0,0.0,0.0,0.0,1.49451,-14.5055,13.2747,-2.02198,0.351562,-2.31243,0.00674,0.13537,Start,seated
1.35978,19,-0.00210888,-0.0370075,0.0,0.0,0.0,0.0,2.28571,-16.1758,15.033,-2.37363,0.175781,-1.73676,0.00674,0.13537,Start,seated
1.41985,20,-0.00325948,0.0370072,0.0,0.0,0.0,0.0,1.75824,-15.8242,15.033,-3.34066,0.0,-2.32569,0.00674,0.13537,Start,seated
1.47992,21,-0.00325948,0.0674952,0.0,0.0,0.0,0.0,1.05495,-14.5055,13.8901,-3.25275,-0.175781,-2.90711,0.00674,0.13537,Start,seated
1.53999,22,-0.00402624,0.057524,0.0,0.0,0.0,0.0,-3.51648,-13.7143,12.7473,-3.16484,0.0,-1.75576,0.00674,0.13537,Start,seated
1.60006,23,-0.00556022,0.00997097,0.0,0.0,0.0,0.0,-6.76923,-12.5714,10.8132,-3.16484,0.0,-1.17049,0.00674,0.13537,Start,seated
1.66227,24,-0.00517685,-0.0661532,0.0,0.0,0.0,0.0,-9.75824,-10.9011,8.43956,0.527473,0.351562,0.581114,0.00674,0.13537,Start,seated
1.72241,25,-0.00153381,-0.151289,0.0,0.0,0.0,0.0,-11.5165,-8.79121,6.68132,1.84615,0.527344,1.74295,0.00674,0.13537,Start,seated
1.78315,26,0.00172585,-0.222428,0.0,0.0,0.0,0.0,-13.1868,-8.08791,6.41758,3.51648,0.703125,2.89852,0.00674,0.13537,Start,seated
1.84465,27,0.00210923,-0.254449,0.0,0.0,0.0,0.0,-14.5055,-8.08791,6.32967,3.42857,0.703125,2.30792,0.00674,0.13537,Start,seated
1.90472,28,0.00115078,-0.250806,0.0,0.0,0.0,0.0,-13.6264,-8.17582,6.50549,2.54945,0.703125,2.30794,0.00674,0.13537,Start,seated
2.04817,29,-0.000958268,-0.11083,0.0,0.0,0.0,0.0,-10.1978,-10.5495,10.1978,-1.93407,0.0,-0.911013,0.0188,0.1476,Start,extended
2.10824,30,-0.00805313,-0.0429518,0.0,0.0,0.0,0.0,-11.6923,-12.7473,11.7802,-3.25275,-0.351562,-2.27798,0.0188,0.1476,Start,extended
2.16831,31,-0.0101622,-0.0090124,0.0,0.0,0.0,0.0,-10.1099,-13.7143,12.8352,-5.53846,-0.703125,-3.65107,0.0188,0.1476,Start,extended
2.23516,32,-0.0126551,-0.0373909,0.0,0.0,0.0,0.0,-8.08791,-12.044,10.5495,-6.94506,-0.878906,-4.05121,0.0188,0.1476,Start,extended
2.29527,33,-0.0145724,-0.119075,0.0,0.0,0.0,0.0,-5.8022,-11.6923,9.75824,-5.97802,-0.703125,-3.6007,0.0188,0.1476,Start,extended
2.35534,34,-0.0130385,-0.24908,0.0,0.0,0.0,0.0,-5.36264,-10.022,7.64835,-4.74725,-0.351562,-1.14454,0.0188,0.1476,Start,extended
2.41541,35,-0.0122717,-0.44543,0.0,0.0,0.0,0.0,-4.57143,-6.68132,4.13187,-2.9011,0.351562,2.28904,0.0188,0.1476,Start,extended
2.47548,36,-0.0132301,-0.656161,0.0,0.0,0.0,0.0,-4.48352,-2.28571,0.879121,0.967033,1.05469,5.72258,0.0188,0.1476,Start,extended
2.53555,37,-0.0084365,-0.883382,0.0,0.0,0.0,0.0,-6.85714,1.67033,-2.37363,2.98901,1.58203,8.19234,0.0188,0.1476,Start,extended
2.59562,38,-0.00651914,-1.08759,0.0,0.0,0.0,0.0,-4.74725,7.56044,-5.89011,4.3956,1.93359,8.77882,0.0188,0.1476,Start,extended
2.6664,39,-0.00364286,-1.1618,0.0,0.0,0.0,0.0,-8.7033,8.7033,-6.06593,6.32967,2.10938,7.91151,0.0188,0.1476,Start,extended
2.74028,40,-0.00115043,-1.13994,0.0,0.0,0.0,0.0,-7.20879,7.91209,-5.45055,4.30769,1.75781,4.32864,0.0188,0.1476,Start,extended
2.82116,41,0.000767406,-1.05691,0.0,0.0,0.0,0.0,-4.48352,6.32967,-3.34066,-1.58242,1.05469,0.0,0.0188,0.1476,Start,extended
2.88477,42,0.00210923,-0.936687,0.0,0.0,0.0,0.0,0.703297,2.28571,0.351648,-4.74725,0.351562,-3.5235,0.0188,0.1476,Start,extended
2.94484,43,0.00249308,-0.780221,0.0,0.0,0.0,0.0,-0.351648,0.43956,6.59341,-5.97802,0.0,-5.53681,0.0188,0.1476,Start,extended
3.00491,44,-0.000574891,-0.600745,0.0,0.0,0.0,0.0,2.10989,0.43956,9.05494,-6.94506,-0.351562,-7.26976,0.0188,0.1476,Start,extended
3.08665,45,-0.0017255,-0.510049,0.0,0.0,0.0,0.0,2.37363,0.43956,12.2198,-6.94506,-0.351562,-6.08997,0.0188,0.1476,Start,extended
3.15377,46,-0.00230056,-0.500653,0.0,0.0,0.0,0.0,1.05495,0.43956,10.022,-6.15385,-0.175781,-3.69941,0.0188,0.1476,Start,extended
3.21384,47,-0.00402624,-0.551083,0.0,0.0,0.0,0.0,-1.67033,-10.5495,8.35165,-2.46154,0.351562,0.0,0.0188,0.1476,Start,extended
3.35978,48,-0.000574891,-0.812435,0.0,0.0,0.0,0.0,-7.03297,-2.81319,0.351648,2.37363,1.40625,3.38909,0.00674,0.13537,Start,seated
3.42027,49,0.00556105,-0.930935,0.0,0.0,0.0,0.0,-9.31868,0.967033,-2.54945,3.86813,1.58203,4.65526,0.00674,0.13537,Start,seated
3.48034,50,0.0103547,-1.01339,0.0,0.0,0.0,0.0,-11.8681,3.95604,-3.95604,3.95604,1.75781,5.35792,0.00674,0.13537,Start,seated
3.54139,51,0.0145733,-1.03448,0.0,0.0,0.0,0.0,-14.2418,6.50549,-5.18681,2.63736,1.58203,4.53489,0.00674,0.13537,Start,seated
3.60147,52,0.016874,-0.995745,0.0,0.0,0.0,0.0,-15.7363,7.20879,-4.21978,1.75824,1.40625,2.72087,0.00674,0.13537,Start,seated
3.66265,53,0.0207092,-0.888559,0.0,0.0,0.0,0.0,-17.6703,4.74725,-0.703297,1.93407,1.05469,-1.16074,0.00674,0.13537,Start,seated
3.72318,54,0.0241606,-0.726723,0.0,0.0,0.0,0.0,-16.4396,-0.351648,3.51648,1.58242,0.703125,-2.90157,0.00674,0.13537,Start,seated
3.78427,55,0.0241606,-0.518677,0.0,0.0,0.0,0.0,-14.6813,-3.16484,8.43956,-0.175824,0.175781,-5.20539,0.00674,0.13537,Start,seated
3.84434,56,0.0201337,-0.284937,0.0,0.0,0.0,0.0,-11.2527,-3.16484,12.2198,-2.54945,-0.351562,-6.38268,0.00674,0.13537,Start,seated
3.90441,57,0.0130393,-0.0592501,0.0,0.0,0.0,0.0,-8.26374,-16.967,16.3516,-5.01099,-0.703125,-6.96312,0.00674,0.13537,Start,seated
3.96447,58,0.0143811,0.120609,0.0,0.0,0.0,0.0,-1.84615,-18.8132,17.3187,-8.26374,-1.23047,-7.57145,0.00674,0.13537,Start,seated
4.02553,59,0.0107381,0.218592,0.0,0.0,0.0,0.0,2.46154,-18.1099,16.6154,-9.05494,-1.40625,-6.97653,0.00674,0.13537,Start,seated
4.08716,60,0.0103547,0.224345,0.0,0.0,0.0,0.0,3.6044,-17.7582,16.0879,-7.47253,-1.05469,-4.06241,0.00674,0.13537,Start,seated
4.14723,61,0.00441044,0.144002,0.0,0.0,0.0,0.0,2.63736,-17.1429,14.5934,-5.8022,-0.351562,0.0,0.00674,0.13537,Start,seated
4.20727,62,0.000959094,-0.00345152,0.0,0.0,0.0,0.0,-0.879121,-14.0659,9.40659,-5.8022,0.351562,3.4824,0.00674,0.13537,Start,seated
4.26734,63,0.000767406,-0.190022,0.0,0.0,0.0,0.0,-6.32967,-9.58242,5.01099,5.27473,1.05469,7.54501,0.00674,0.13537,Start,seated
4.32741,64,0.00575274,-0.378126,0.0,0.0,0.0,0.0,-7.64835,-4.65934,2.37363,8.79121,1.75781,10.4813,0.00674,0.13537,Start,seated
4.38747,65,0.00747841,-0.466522,0.0,0.0,0.0,0.0,-10.8132,-4.92308,2.98901,10.3736,1.93359,9.9505,0.00674,0.13537,Start,seated
4.44754,66,0.0076701,-0.482821,0.0,0.0,0.0,0.0,-12.044,-4.30769,2.72527,8.0,1.58203,6.4386,0.00674,0.13537,Start,seated
4.50761,67,0.00651949,-0.426063,0.0,0.0,0.0,0.0,-9.49451,-4.74725,3.95604,3.07692,1.05469,2.34105,0.00674,0.13537,Start,seated
4.64768,68,-0.00134212,-0.0797669,0.0,0.0,0.0,0.0,0.0879121,-12.4835,12.4835,-5.45055,-0.175781,-3.23518,0.0188,0.1476,Start,extended
4.70774,69,-0.00383455,0.0878204,0.0,0.0,0.0,0.0,2.9011,-18.022,16.7912,-7.47253,-0.703125,-6.47041,0.0188,0.1476,Start,extended
4.76781,70,-0.00747806,0.156849,0.0,0.0,0.0,0.0,5.27473,-18.4615,15.033,-11.4286,-1.23047,-8.31902,0.0188,0.1476,Start,extended
4.82788,71,-0.01208,0.128087,0.0,0.0,0.0,0.0,9.05494,-16.3516,13.011,-11.5165,-1.05469,-6.93252,0.0188,0.1476,Start,extended
4.88796,72,-0.00958711,0.000958745,0.0,0.0,0.0,0.0,5.53846,-15.5604,11.8681,-7.91209,-0.527344,-4.1595,0.0188,0.1476,Start,extended
4.94839,73,-0.0132301,-0.184078,0.0,0.0,0.0,0.0,-1.93407,-13.8022,9.14286,-3.6044,0.175781,1.16909,0.0188,0.1476,Start,extended
5.00877,74,-0.0107377,-0.442362,0.0,0.0,0.0,0.0,-3.07692,-8.87912,3.95604,0.351648,1.05469,5.83935,0.0188,0.1476,Start,extended
5.06884,75,-0.0109294,-0.710042,0.0,0.0,0.0,0.0,-6.68132,-0.43956,-2.10989,2.1978,1.75781,9.92678,0.0188,0.1476,Start,extended
5.12939,76,-0.00268442,-1.00246,0.0,0.0,0.0,0.0,-9.31868,7.82418,-8.0,2.1978,2.46094,11.6602,0.0188,0.1476,Start,extended
5.18947,77,0.00230139,-1.20705,0.0,0.0,0.0,0.0,-13.6264,12.2198,-10.1099,2.1978,2.8125,11.0771,0.0188,0.1476,Start,extended
5.24953,78,0.00613612,-1.30139,0.0,0.0,0.0,0.0,-16.5275,13.011,-10.5495,2.1978,2.98828,9.3396,0.0188,0.1476,Start,extended
5.3096,79,0.0103547,-1.30542,0.0,0.0,0.0,0.0,-15.3846,12.2198,-9.23077,2.1978,2.63672,5.25897,0.0188,0.1476,Start,extended
5.36967,80,0.014765,-1.22949,0.0,0.0,0.0,0.0,-15.8242,11.1648,-8.26374,2.1978,1.75781,0.0,0.0188,0.1476,Start,extended
5.43027,81,0.016874,-1.10408,0.0,0.0,0.0,0.0,-10.9011,7.73626,-4.65934,-2.81319,0.878906,-5.25797,0.0188,0.1476,Start,extended
5.49327,82,0.018408,-0.922498,0.0,0.0,0.0,0.0,-7.56044,4.21978,3.42857,-5.0989,0.0,-9.25762,0.0188,0.1476,Start,extended
5.55334,83,0.0143811,-0.679937,0.0,0.0,0.0,0.0,-7.82418,-8.96703,10.9011,-8.26374,-0.703125,-12.1504,0.0188,0.1476,Start,extended
5.61953,84,0.0111214,-0.528456,0.0,0.0,0.0,0.0,-1.49451,-11.2527,11.6923,-11.956,-1.23047,-12.4774,0.0188,0.1476,Start,extended
5.6796,85,0.00613612,-0.445813,0.0,0.0,0.0,0.0,0.351648,-12.4835,12.9231,-11.0769,-1.05469,-9.07454,0.0188,0.1476,Start,extended
5.74033,86,0.000383552,-0.446964,0.0,0.0,0.0,0.0,-1.40659,-13.4505,12.9231,-4.57143,-0.351562,-3.96849,0.0188,0.1476,Start,extended
5.8004,87,0.00345152,-0.529607,0.0,0.0,0.0,0.0,0.879121,-13.8022,10.989,-3.86813,0.175781,0.572327,0.0188,0.1476,Start,extended
5.96505,88,0.00556105,-0.962957,0.0,0.0,0.0,0.0,-1.23077,-0.0879121,-1.75824,-3.86813,1.58203,5.5504,0.00674,0.13537,Start,seated
6.02512,89,0.0126554,-1.07762,0.0,0.0,0.0,0.0,-5.71429,2.72527,-3.69231,-3.86813,1.75781,7.36787,0.00674,0.13537,Start,seated
6.08519,90,0.0191752,-1.12096,0.0,0.0,0.0,0.0,-9.31868,6.68132,-6.15385,-3.86813,1.40625,6.06764,0.00674,0.13537,Start,seated
6.14586,91,0.0249273,-1.10485,0.0,0.0,0.0,0.0,-10.022,8.7033,-5.89011,-3.86813,1.05469,3.4677,0.00674,0.13537,Start,seated
6.20593,92,0.0324056,-0.991911,0.0,0.0,0.0,0.0,-12.044,6.32967,-1.93407,-3.86813,0.703125,1.30039,0.00674,0.13537,Start,seated
6.26787,93,0.0341312,-0.861139,0.0,0.0,0.0,0.0,-12.3077,1.14286,2.9011,-3.86813,0.175781,-4.64384,0.00674,0.13537,Start,seated
6.32794,94,0.0356652,-0.645614,0.0,0.0,0.0,0.0,-8.87912,-2.9011,7.47253,-3.86813,-0.351562,-6.9657,0.00674,0.13537,Start,seated
6.38801,95,0.0287625,-0.400369,0.0,0.0,0.0,0.0,-7.2967,-11.7802,12.7473,-2.28571,-0.703125,-6.96568,0.00674,0.13537,Start,seated
6.44808,96,0.0209009,-0.139209,0.0,0.0,0.0,0.0,-3.34066,-18.1978,17.2308,-5.89011,-1.05469,-6.97955,0.00674,0.13537,Start,seated
6.50815,97,0.0157234,0.106612,0.0,0.0,0.0,0.0,1.67033,-20.4835,18.8132,-9.05494,-1.58203,-7.56118,0.00674,0.13537,Start,seated
6.57065,98,0.01534,0.228179,0.0,0.0,0.0,0.0,5.8022,-19.6044,18.9011,-9.31868,-1.75781,-6.38611,0.00674,0.13537,Start,seated
6.63072,99,0.0174491,0.259243,0.0,0.0,0.0,0.0,2.02198,-19.8681,17.7582,-9.31868,-1.40625,-3.48339,0.00674,0.13537,Start,seated
6.69327,100,0.0063278,0.199417,0.0,0.0,0.0,0.0,3.95604,-18.3736,15.2967,-9.31868,-0.703125,0.0,0.00674,0.13537,Start,seated
6.75404,101,0.00325983,0.06366,0.0,0.0,0.0,0.0,-2.81319,-16.1758,10.989,-9.31868,0.175781,4.0217,0.00674,0.13537,Start,seated
6.81411,102,1.74846e-07,-0.13384,0.0,0.0,0.0,0.0,-9.40659,-12.3077,6.50549,-9.31868,0.703125,7.46898,0.00674,0.13537,Start,seated
6.87418,103,0.00556105,-0.333449,0.0,0.0,0.0,0.0,-12.3956,-5.36264,1.93407,-9.31868,1.40625,10.4244,0.00674,0.13537,Start,seated
6.93425,104,0.0105464,-0.461345,0.0,0.0,0.0,0.0,-15.2967,-4.3956,2.28571,10.6374,1.93359,11.0033,0.00674,0.13537,Start,seated
6.99432,105,0.0136144,-0.485889,0.0,0.0,0.0,0.0,-18.1978,-4.30769,2.02198,9.40659,1.75781,8.17468,0.00674,0.13537,Start,seated
7.0544,106,0.0113131,-0.450607,0.0,0.0,0.0,0.0,-16.1758,-4.13187,2.37363,4.21978,1.40625,4.09666,0.00674,0.13537,Start,seated
7.20369,107,0.00249308,-0.0918471,0.0,0.0,0.0,0.0,-7.2967,-12.044,12.2198,-5.45055,0.175781,-1.35361,0.0188,0.1476,Start,extended
7.26376,108,-0.000383202,0.0747812,0.0,0.0,0.0,0.0,-5.01099,-18.022,17.4945,-6.85714,-0.351562,-4.51203,0.0188,0.1476,Start,extended
7.32383,109,-0.000383202,0.160109,0.0,0.0,0.0,0.0,-2.54945,-19.3407,16.3516,-10.9011,-0.703125,-6.76814,0.0188,0.1476,Start,extended
7.38405,110,-0.00824482,0.140359,0.0,0.0,0.0,0.0,2.37363,-16.967,13.4505,-11.956,-0.703125,-6.31439,0.0188,0.1476,Start,extended
7.44465,111,-0.01208,0.0416091,0.0,0.0,0.0,0.0,3.78022,-16.2637,12.8352,-8.87912,-0.351562,-4.50426,0.0188,0.1476,Start,extended
7.50653,112,-0.0134223,-0.143428,0.0,0.0,0.0,0.0,-0.0879121,-14.5055,9.40659,-4.65934,0.527344,1.16089,0.0188,0.1476,Start,extended
7.5666,113,-0.0139974,-0.417051,0.0,0.0,0.0,0.0,-1.23077,-10.1099,4.65934,0.0879121,1.40625,5.80448,0.0188,0.1476,Start,extended
7.62667,114,-0.0128468,-0.79,0.0,0.0,0.0,0.0,-4.57143,-1.84615,-1.75824,4.74725,2.28516,9.86755,0.0188,0.1476,Start,extended
7.69478,115,-0.00862819,-1.10408,0.0,0.0,0.0,0.0,-5.62637,7.91209,-8.79121,6.85714,2.8125,11.3144,0.0188,0.1476,Start,extended
7.76187,116,-0.00556022,-1.28145,0.0,0.0,0.0,0.0,-11.6923,11.8681,-10.3736,10.7253,3.33984,11.6369,0.0188,0.1476,Start,extended
7.82194,117,-0.00325948,-1.36294,0.0,0.0,0.0,0.0,-12.3956,11.956,-9.58242,11.956,3.51562,9.47416,0.0188,0.1476,Start,extended
7.89026,118,0.00191754,-1.33265,0.0,0.0,0.0,0.0,-11.4286,11.3407,-9.05494,7.47253,2.8125,4.34472,0.0188,0.1476,Start,extended
7.95034,119,0.00441044,-1.24617,0.0,0.0,0.0,0.0,-7.64835,9.84615,-6.85714,1.05495,1.75781,-1.62925,0.0188,0.1476,Start,extended
8.0104,120,0.00556105,-1.0966,0.0,0.0,0.0,0.0,-2.28571,4.83517,-2.1978,-3.25275,0.703125,-6.68311,0.0188,0.1476,Start,extended
8.0714,121,0.0090124,-0.885874,0.0,0.0,0.0,0.0,0.615385,3.25275,6.68132,-4.83517,-0.175781,-11.3578,0.0188,0.1476,Start,extended
8.13148,122,0.00230139,-0.646381,0.0,0.0,0.0,0.0,-0.43956,-11.1648,12.3956,-7.82418,-0.878906,-14.1972,0.0188,0.1476,Start,extended
8.19306,123,0.000767406,-0.498927,0.0,0.0,0.0,0.0,4.04396,-13.0989,12.7473,-9.49451,-1.23047,-13.3523,0.0188,0.1476,Start,extended
8.25313,124,0.000575717,-0.435267,0.0,0.0,0.0,0.0,2.54945,-17.2308,16.0879,-6.50549,-1.05469,-9.28855,0.0188,0.1476,Start,extended
8.3132,125,-0.00210888,-0.439677,0.0,0.0,0.0,0.0,-2.54945,-17.3187,13.978,-4.74725,-0.703125,-4.64426,0.0188,0.1476,Start,extended
8.45819,126,-0.00479347,-0.788658,0.0,0.0,0.0,0.0,-3.16484,-8.7033,2.81319,3.51648,0.703125,2.27235,0.00674,0.13537,Start,seated
8.52906,127,0.000959094,-0.955287,0.0,0.0,0.0,0.0,-5.89011,0.615385,-3.51648,3.51648,1.05469,4.86333,0.00674,0.13537,Start,seated
8.58913,128,0.00364321,-1.09603,0.0,0.0,0.0,0.0,-8.87912,7.38462,-7.2967,3.51648,1.23047,6.2133,0.00674,0.13537,Start,seated
8.64921,129,0.0111214,-1.16506,0.0,0.0,0.0,0.0,-13.8022,10.8132,-8.87912,3.51648,1.23047,5.76949,0.00674,0.13537,Start,seated
8.70928,130,0.0195586,-1.14703,0.0,0.0,0.0,0.0,-16.7033,11.1648,-7.73626,3.51648,0.878906,3.99421,0.00674,0.13537,Start,seated
8.77266,131,0.0276119,-1.03851,0.0,0.0,0.0,0.0,-18.2857,8.87912,-3.95604,3.51648,0.351562,-1.11796,0.00674,0.13537,Start,seated
8.83273,132,0.0299126,-0.855578,0.0,0.0,0.0,0.0,-17.4066,3.16484,1.49451,3.51648,0.0,-3.4732,0.00674,0.13537,Start,seated
8.8928,133,0.0322139,-0.609566,0.0,0.0,0.0,0.0,-13.2747,0.0,7.56044,3.51648,-0.703125,-6.36755,0.00674,0.13537,Start,seated
8.95287,134,0.0293376,-0.314658,0.0,0.0,0.0,0.0,-10.3736,-14.0659,15.1209,-2.37363,-1.40625,-8.68302,0.00674,0.13537,Start,seated
9.01293,135,0.0212843,-0.00556057,0.0,0.0,0.0,0.0,-4.04396,-19.956,18.7253,-8.7033,-2.10938,-9.84095,0.00674,0.13537,Start,seated
9.07301,136,0.0172574,0.221468,0.0,0.0,0.0,0.0,6.59341,-20.6593,18.989,-12.8352,-2.63672,-9.94932,0.00674,0.13537,Start,seated
9.13308,137,0.0187914,0.337667,0.0,0.0,0.0,0.0,8.96703,-20.3077,18.6374,-12.4835,-2.63672,-8.77886,0.00674,0.13537,Start,seated
9.19315,138,0.0170657,0.345529,0.0,0.0,0.0,0.0,9.05494,-20.4835,18.3736,-11.3407,-1.93359,-4.0968,0.00674,0.13537,Start,seated
9.25321,139,0.0113131,0.246779,0.0,0.0,0.0,0.0,5.36264,-19.6923,16.5275,-11.3407,-0.878906,1.7558,0.00674,0.13537,Start,seated
9.31366,140,0.00575274,0.0579074,0.0,0.0,0.0,0.0,1.67033,-16.2637,9.75824,-11.3407,0.351562,8.18345,0.00674,0.13537,Start,seated
9.37373,141,0.00210923,-0.187146,0.0,0.0,0.0,0.0,-7.03297,-9.67033,3.86813,-11.3407,1.23047,12.8597,0.00674,0.13537,Start,seated
9.4338,142,0.0105464,-0.447539,0.0,0.0,0.0,0.0,-10.1099,-2.46154,-1.14286,-11.3407,2.10938,15.7823,0.00674,0.13537,Start,seated
9.49387,143,0.011697,-0.59902,0.0,0.0,0.0,0.0,-13.0989,-0.791209,-1.58242,13.6264,2.46094,14.6132,0.00674,0.13537,Start,seated
9.55549,144,0.0139977,-0.644272,0.0,0.0,0.0,0.0,-14.1538,1.05495,-2.98901,11.0769,2.28516,10.4674,0.00674,0.13537,Start,seated
9.61556,145,0.01534,-0.604772,0.0,0.0,0.0,0.0,-13.2747,0.879121,-1.05495,6.06593,1.93359,5.24025,0.00674,0.13537,Start,seated
9.76269,146,0.011697,-0.144962,0.0,0.0,0.0,0.0,-3.51648,-7.64835,13.1868,-2.81319,0.527344,-1.80769,0.0188,0.1476,Start,extended
9.82317,147,0.00556105,0.094148,0.0,0.0,0.0,0.0,-0.0879121,-20.7473,19.2527,-7.12088,-0.175781,-5.86881,0.0188,0.1476,Start,extended
9.88503,148,-0.00287611,0.221468,0.0,0.0,0.0,0.0,12.1319,-19.6923,16.4396,-12.8352,-0.703125,-8.08894,0.0188,0.1476,Start,extended
9.94887,149,-0.00766975,0.225495,0.0,0.0,0.0,0.0,13.4505,-19.1648,16.1758,-12.9231,-0.703125,-7.59653,0.0188,0.1476,Start,extended
10.0094,150,-0.00920374,0.113131,0.0,0.0,0.0,0.0,11.2527,-18.8132,15.1209,-9.14286,-0.175781,-5.35581,0.0188,0.1476,Start,extended
10.0699,151,-0.013614,-0.0920388,0.0,0.0,0.0,0.0,3.42857,-16.5275,10.6374,-4.74725,0.703125,0.572146,0.0188,0.1476,Start,extended
10.13,152,-0.0103543,-0.393658,0.0,0.0,0.0,0.0,0.351648,-11.956,5.8022,1.05495,1.93359,6.87497,0.0188,0.1476,TripleIncreaseAngularVelo,extended
10.2799,153,-0.00901205,-1.20916,0.0,0.0,0.0,0.0,-8.43956,12.4835,-11.6923,1.05495,3.69141,11.128,0.00674,0.13537,TripleIncreaseAngularVelo,seated
10.3405,154,-0.00671083,-1.37905,0.0,0.0,0.0,0.0,-13.4505,13.978,-11.8681,1.05495,4.21875,12.5674,0.00674,0.13537,TripleIncreaseAngularVelo,seated
10.4907,155,0.010163,-1.33111,0.0,0.0,0.0,0.0,-13.2747,14.8571,-12.2198,5.45055,2.46094,5.47849,0.0188,0.1476,TripleIncreaseAngularVelo,extended
10.6406,156,0.0134227,-0.801121,0.0,0.0,0.0,0.0,-8.08791,6.24176,9.75824,-3.69231,-0.351562,-1.84824,0.0188,0.1476,TripleIncreaseAngularVelo,extended
10.7991,157,0.00383538,-0.348981,0.0,0.0,0.0,0.0,2.10989,-20.3956,18.8132,-8.43956,-1.75781,-5.51727,0.0188,0.1476,TripleIncreaseAngularVelo,extended
10.8599,158,0.000575717,-0.334408,0.0,0.0,0.0,0.0,2.1978,-19.6923,15.7363,-6.76923,-1.58203,-9.09318,0.0188,0.1476,TripleIncreaseAngularVelo,extended
11.0037,159,-0.0042184,-0.66383,0.0,0.0,0.0,0.0,-1.23077,-13.3626,5.62637,0.703297,0.175781,-6.0963,0.00674,0.13537,TripleIncreaseAngularVelo,seated
11.1526,160,0.013806,-1.1944,0.0,0.0,0.0,0.0,-8.26374,9.93407,-6.76923,0.703297,1.23047,-1.85905,0.00674,0.13537,TripleIncreaseAngularVelo,seated
11.3042,161,0.0312549,-1.14473,0.0,0.0,0.0,0.0,-13.2747,24.967,-23.7363,0.703297,0.527344,1.32442,0.00674,0.13537,TripleIncreaseAngularVelo,seated
11.369,162,0.0325972,-0.970435,0.0,0.0,0.0,0.0,-15.6484,17.8462,-11.8681,7.38462,0.351562,3.70122,0.00674,0.13537,TripleIncreaseAngularVelo,seated
11.5141,163,0.0283787,-0.271323,0.0,0.0,0.0,0.0,-5.36264,17.8462,11.6923,-6.59341,-2.10938,-0.806093,0.0188,0.1476,TripleIncreaseAngularVelo,extended
11.5741,164,0.0189831,0.116774,0.0,0.0,0.0,0.0,6.68132,-19.5165,20.3956,-9.49451,-2.8125,-5.23848,0.0188,0.1476,TripleIncreaseAngularVelo,extended
11.6455,165,0.0107381,0.352815,0.0,0.0,0.0,0.0,10.4615,-29.3626,23.5604,-15.2967,-3.51562,-9.62882,0.0188,0.1476,TripleIncreaseAngularVelo,extended
11.7096,166,0.0076701,0.423187,0.0,0.0,0.0,0.0,24.0,-27.6044,19.8681,-16.4396,-3.69141,-10.4056,0.0188,0.1476,TripleIncreaseAngularVelo,extended
11.8588,167,0.000959094,0.0287622,0.0,0.0,0.0,0.0,5.0989,-24.4396,15.4725,-15.4725,-0.878906,-2.51199,0.00674,0.13537,TripleIncreaseAngularVelo,seated
11.9189,168,0.00479382,-0.321369,0.0,0.0,0.0,0.0,5.0989,-16.3516,8.43956,-15.4725,0.878906,7.38191,0.00674,0.13537,TripleIncreaseAngularVelo,seated
12.0644,169,0.0291459,-1.31942,0.0,0.0,0.0,0.0,-10.9011,20.6593,-22.3297,15.033,3.69141,13.2652,0.00674,0.13537,TripleIncreaseAngularVelo,seated
12.2187,170,0.0510051,-1.36333,0.0,0.0,0.0,0.0,-17.6703,29.5385,-24.2637,24.4396,4.57031,14.1065,0.00674,0.13537,TripleIncreaseAngularVelo,seated
12.2799,171,0.055032,-1.16525,0.0,0.0,0.0,0.0,-14.5055,29.5385,-11.8681,21.8901,3.86719,13.2541,0.00674,0.13537,TripleIncreaseAngularVelo,seated
12.4249,172,0.0314466,-0.350706,0.0,0.0,0.0,0.0,11.6923,29.5385,16.3516,-5.0989,0.175781,1.86297,0.0188,0.1476,TripleIncreaseAngularVelo,extended
12.486,173,0.0477454,0.333449,0.0,0.0,0.0,0.0,26.022,-31.4725,28.1319,-12.9231,-1.40625,-4.02957,0.0188,0.1476,TripleIncreaseAngularVelo,extended
12.6388,174,0.0276119,0.66383,0.0,0.0,0.0,0.0,25.6703,-33.8462,24.8791,-22.5934,-2.46094,-10.7114,0.0188,0.1476,TripleIncreaseAngularVelo,extended
12.6989,175,0.026653,0.515801,0.0,0.0,0.0,0.0,-44.8352,-34.989,26.8132,-22.5934,-1.93359,-13.5441,0.0188,0.1476,TripleIncreaseAngularVelo,extended
12.759,176,0.0185997,0.225495,0.0,0.0,0.0,0.0,-8.7033,-38.5934,27.4286,-22.5934,-0.527344,-9.17337,0.0188,0.1476,TripleIncreaseAngularVelo,extended
12.9029,177,0.01534,-0.884916,0.0,0.0,0.0,0.0,-2.81319,-7.64835,-1.23077,18.4615,3.86719,7.72261,0.00674,0.13537,TripleIncreaseAngularVelo,seated
13.0561,178,0.0559904,-1.7566,0.0,0.0,0.0,0.0,-15.5604,26.5494,-30.5934,27.7802,5.44922,12.0252,0.00674,0.13537,TripleIncreaseAngularVelo,seated
13.127,179,0.0563742,-1.73992,0.0,0.0,0.0,0.0,-15.2967,32.967,-34.9011,24.4396,4.92188,15.1229,0.00674,0.13537,TripleIncreaseAngularVelo,seated
13.1872,180,0.0667283,-1.5731,0.0,0.0,0.0,0.0,-14.8571,37.2747,-38.0659,18.2857,4.04297,12.2398,0.00674,0.13537,TripleIncreaseAngularVelo,seated
13.3759,181,0.0533063,-0.484546,0.0,0.0,0.0,0.0,-2.28571,30.2418,12.3077,-0.43956,-0.878906,-0.569802,0.0188,0.1476,TripleIncreaseAngularVelo,extended
