0.000277996,0,0.00210923,-0.139976,0.0,0.0,0.0,0.0,0.0,0.0,0.0,0.0,0.351562,0.0,0.00674,0.13537,None,seated
0.060359,1,0.00690335,-0.136908,0.0,0.0,0.0,0.0,0.0,0.0,0.0,0.0,0.527344,0.0,0.00674,0.13537,Nothing,seated
0.12044,2,0.00306815,-0.136908,0.0,0.0,0.0,0.0,0.0,0.0,0.0,0.0,0.527344,0.0,0.00674,0.13537,Nothing,seated
0.180525,3,0.00402706,-0.129046,0.0,0.0,0.0,0.0,0.0,0.0,0.0,0.0,0.703125,0.0,0.00674,0.13537,Nothing,seated
0.240611,4,0.00210923,-0.13499,0.0,0.0,0.0,0.0,0.0,0.0,0.0,0.0,0.878906,0.0,0.00674,0.13537,Nothing,seated
0.300696,5,0.00594443,-0.13499,0.0,0.0,0.0,0.0,0.0,0.0,0.0,0.0,0.878906,1.75537,0.00674,0.13537,Nothing,seated
0.360782,6,0.00306815,-0.138826,0.0,0.0,0.0,0.0,0.0,0.0,0.0,0.0,1.05469,1.75534,0.00674,0.13537,Nothing,seated
0.420862,7,0.00115078,-0.139976,0.0,0.0,0.0,0.0,0.0,0.0,0.0,0.0,1.23047,2.34046,0.00674,0.13537,Nothing,seated
0.480945,8,0.00210923,-0.141894,0.0,0.0,0.0,0.0,0.0,0.0,0.0,0.0,1.23047,1.75535,0.00674,0.13537,Nothing,seated
0.54103,9,1.74846e-07,-0.137867,0.0,0.0,0.0,0.0,0.0,0.0,0.0,0.0,1.23047,1.17024,0.00674,0.13537,Nothing,seated
0.601109,10,1.74846e-07,-0.139976,0.0,0.0,0.0,0.0,0.0,0.0,0.0,0.0,1.23047,1.17026,0.00674,0.13537,Nothing,seated
0.66119,11,-0.000958268,-0.13499,0.0,0.0,0.0,0.0,0.0,0.0,0.0,0.0,1.23047,0.585142,0.00674,0.13537,Nothing,seated
0.721269,12,-0.00862819,-0.138826,0.0,0.0,0.0,0.0,0.0,0.0,0.0,0.0,1.23047,0.0,0.00674,0.13537,Nothing,seated
0.781354,13,-0.00287611,-0.134032,0.0,0.0,0.0,0.0,0.0,0.0,0.0,0.0,1.23047,0.0,0.00674,0.13537,Nothing,seated
0.841435,14,-0.00268442,-0.136141,0.0,0.0,0.0,0.0,0.0,0.0,0.0,0.0,1.23047,0.0,0.00674,0.13537,Nothing,seated
0.901524,15,1.74846e-07,-0.13499,0.0,0.0,0.0,0.0,0.0,0.0,0.0,0.0,1.05469,-0.585128,0.00674,0.13537,Nothing,seated
0.961608,16,-0.00287611,-0.137867,0.0,0.0,0.0,0.0,0.0,0.0,0.0,0.0,0.878906,-1.17024,0.00674,0.13537,Nothing,seated
1.02169,17,-0.00287611,-0.140935,0.0,0.0,0.0,0.0,0.0,0.0,0.0,0.0,0.878906,-1.17023,0.00674,0.13537,Nothing,seated
1.08177,18,-0.000958268,-0.136908,0.0,0.0,0.0,0.0,0.0,0.0,0.0,0.0,0.703125,-1.75536,0.00674,0.13537,Nothing,seated
1.14186,19,-0.00191719,-0.144769,0.0,0.0,0.0,0.0,0.0,0.0,0.0,0.0,0.527344,-2.34046,0.00674,0.13537,Nothing,seated
1.20194,20,-0.00191719,-0.138826,0.0,0.0,0.0,0.0,0.0,0.0,0.0,0.0,0.527344,-1.75539,0.00674,0.13537,Nothing,seated
1.26202,21,0.00306815,-0.141894,0.0,0.0,0.0,0.0,0.0,0.0,0.0,0.0,0.351562,-1.75539,0.00674,0.13537,Nothing,seated
1.3221,22,0.00115078,-0.131922,0.0,0.0,0.0,0.0,0.0,0.0,0.0,0.0,0.175781,-2.34056,0.00674,0.13537,Nothing,seated
1.38218,23,0.00594443,-0.139976,0.0,0.0,0.0,0.0,0.0,0.0,0.0,0.0,0.0,-2.34054,0.00674,0.13537,Nothing,seated
1.44227,24,0.00210923,-0.135949,0.0,0.0,0.0,0.0,0.0,0.0,0.0,0.0,0.0,-1.75543,0.00674,0.13537,Nothing,seated
1.50235,25,0.00210923,-0.143811,0.0,0.0,0.0,0.0,0.0,0.0,0.0,0.0,-0.175781,-2.34055,0.00674,0.13537,Nothing,seated
1.56243,26,0.00402706,-0.139976,0.0,0.0,0.0,0.0,0.0,0.0,0.0,0.0,-0.351562,-2.34057,0.00674,0.13537,Nothing,seated
1.62251,27,0.00306815,-0.138826,0.0,0.0,0.0,0.0,0.0,0.0,0.0,0.0,-0.351562,-1.7554,0.00674,0.13537,Nothing,seated
1.6826,28,0.00594443,-0.139976,0.0,0.0,0.0,0.0,0.0,0.0,0.0,0.0,-0.527344,-1.7554,0.00674,0.13537,Nothing,seated
1.74268,29,0.00210923,-0.143811,0.0,0.0,0.0,0.0,0.0,0.0,0.0,0.0,-0.527344,-1.75537,0.00674,0.13537,Nothing,seated
1.80277,30,0.00402706,-0.139976,0.0,0.0,0.0,0.0,0.0,0.0,0.0,0.0,-0.527344,-1.17025,0.00674,0.13537,Nothing,seated
1.86285,31,0.00210923,-0.141894,0.0,0.0,0.0,0.0,0.0,0.0,0.0,0.0,-0.527344,-0.585121,0.00674,0.13537,Nothing,seated
1.92293,32,0.00210923,-0.138826,0.0,0.0,0.0,0.0,0.0,0.0,0.0,0.0,-0.527344,-0.58512,0.00674,0.13537,Nothing,seated
2.00547,33,0.00402706,-0.142852,0.0,0.0,0.0,0.0,0.0,0.0,0.0,0.0,-0.527344,0.0,0.00674,0.13537,Nothing,seated
2.06556,34,0.00115078,-0.142852,0.0,0.0,0.0,0.0,0.0,0.0,0.0,0.0,-0.527344,0.0,0.00674,0.13537,Nothing,seated
2.12564,35,0.00115078,-0.140935,0.0,0.0,0.0,0.0,0.0,0.0,0.0,0.0,-0.527344,0.0,0.00674,0.13537,Nothing,seated
2.18573,36,0.00115078,-0.140935,0.0,0.0,0.0,0.0,0.0,0.0,0.0,0.0,-0.351562,0.54442,0.00674,0.13537,Nothing,seated
2.24581,37,-0.00191719,-0.141894,0.0,0.0,0.0,0.0,0.0,0.0,0.0,0.0,-0.351562,0.544418,0.00674,0.13537,Nothing,seated
2.3059,38,-0.00479347,-0.141894,0.0,0.0,0.0,0.0,0.0,0.0,0.0,0.0,-0.175781,1.17019,0.00674,0.13537,Nothing,seated
2.36599,39,0.00115078,-0.138826,0.0,0.0,0.0,0.0,0.0,0.0,0.0,0.0,0.0,1.7553,0.00674,0.13537,Nothing,seated
2.42607,40,-0.00191719,-0.136908,0.0,0.0,0.0,0.0,0.0,0.0,0.0,0.0,0.0,1.75531,0.00674,0.13537,Nothing,seated
2.48616,41,0.00210923,-0.138826,0.0,0.0,0.0,0.0,0.0,0.0,0.0,0.0,0.175781,1.7553,0.00674,0.13537,Nothing,seated
2.54625,42,-0.00383455,-0.142852,0.0,0.0,0.0,0.0,0.0,0.0,0.0,0.0,0.351562,2.34037,0.00674,0.13537,Nothing,seated
2.60633,43,0.00210923,-0.136908,0.0,0.0,0.0,0.0,0.0,0.0,0.0,0.0,0.527344,2.34043,0.00674,0.13537,Nothing,seated
2.66642,44,0.00210923,-0.141894,0.0,0.0,0.0,0.0,0.0,0.0,0.0,0.0,0.527344,1.75529,0.00674,0.13537,Nothing,seated
2.7265,45,0.00115078,-0.137867,0.0,0.0,0.0,0.0,0.0,0.0,0.0,0.0,0.703125,2.34041,0.00674,0.13537,Nothing,seated
2.78658,46,-0.00383455,-0.142852,0.0,0.0,0.0,0.0,0.0,0.0,0.0,0.0,0.878906,2.34042,0.00674,0.13537,Nothing,seated
2.84667,47,1.74846e-07,-0.13499,0.0,0.0,0.0,0.0,0.0,0.0,0.0,0.0,0.878906,1.75535,0.00674,0.13537,Nothing,seated
2.90675,48,-0.00191719,-0.139976,0.0,0.0,0.0,0.0,0.0,0.0,0.0,0.0,1.05469,1.75534,0.00674,0.13537,Nothing,seated
2.96683,49,0.00402706,-0.139976,0.0,0.0,0.0,0.0,0.0,0.0,0.0,0.0,1.05469,1.75537,0.00674,0.13537,Nothing,seated
3.02692,50,0.00210923,-0.140935,0.0,0.0,0.0,0.0,0.0,0.0,0.0,0.0,1.23047,1.75537,0.00674,0.13537,Nothing,seated
3.087,51,0.00115078,-0.138826,0.0,0.0,0.0,0.0,0.0,0.0,0.0,0.0,1.23047,1.17025,0.00674,0.13537,Nothing,seated
3.14709,52,0.00115078,-0.137867,0.0,0.0,0.0,0.0,0.0,0.0,0.0,0.0,1.23047,1.17023,0.00674,0.13537,Nothing,seated
3.20717,53,1.74846e-07,-0.141894,0.0,0.0,0.0,0.0,0.0,0.0,0.0,0.0,1.23047,0.585118,0.00674,0.13537,Nothing,seated
3.26726,54,1.74846e-07,-0.138826,0.0,0.0,0.0,0.0,0.0,0.0,0.0,0.0,1.23047,0.585103,0.00674,0.13537,Nothing,seated
3.32734,55,0.00210923,-0.141894,0.0,0.0,0.0,0.0,0.0,0.0,0.0,0.0,1.23047,0.0,0.00674,0.13537,Nothing,seated
3.38743,56,0.00115078,-0.141894,0.0,0.0,0.0,0.0,0.0,0.0,0.0,0.0,1.05469,-0.585109,0.00674,0.13537,Nothing,seated
3.44751,57,-0.00191719,-0.137867,0.0,0.0,0.0,0.0,0.0,0.0,0.0,0.0,1.05469,-0.585115,0.00674,0.13537,Nothing,seated
3.50759,58,0.00210923,-0.137867,0.0,0.0,0.0,0.0,0.0,0.0,0.0,0.0,0.878906,-1.17022,0.00674,0.13537,Nothing,seated
3.56767,59,0.00210923,-0.137867,0.0,0.0,0.0,0.0,0.0,0.0,0.0,0.0,0.878906,-1.17027,0.00674,0.13537,Nothing,seated
3.62776,60,0.00115078,-0.134032,0.0,0.0,0.0,0.0,0.0,0.0,0.0,0.0,0.703125,-1.75539,0.00674,0.13537,Nothing,seated
3.68784,61,1.74846e-07,-0.137867,0.0,0.0,0.0,0.0,0.0,0.0,0.0,0.0,0.527344,-1.75538,0.00674,0.13537,Nothing,seated
3.74793,62,-0.00191719,-0.139976,0.0,0.0,0.0,0.0,0.0,0.0,0.0,0.0,0.527344,-1.75539,0.00674,0.13537,Nothing,seated
3.80801,63,-0.00287611,-0.137867,0.0,0.0,0.0,0.0,0.0,0.0,0.0,0.0,0.351562,-1.75538,0.00674,0.13537,Nothing,seated
3.86809,64,-0.00191719,-0.137867,0.0,0.0,0.0,0.0,0.0,0.0,0.0,0.0,0.175781,-2.3405,0.00674,0.13537,Nothing,seated
3.92817,65,0.00210923,-0.137867,0.0,0.0,0.0,0.0,0.0,0.0,0.0,0.0,0.0,-2.34051,0.00674,0.13537,Nothing,seated
3.98826,66,0.000575717,-0.138058,0.0,0.0,0.0,0.0,0.0,0.0,0.0,0.0,0.0,-1.75539,0.00674,0.13537,Nothing,seated
4.04834,67,0.00210923,-0.122527,0.0,0.0,0.0,0.0,0.0,0.0,0.0,0.0,-0.175781,-2.34053,0.00674,0.13537,Nothing,seated
4.10842,68,-0.00364286,-0.145728,0.0,0.0,0.0,0.0,0.0,0.0,0.0,0.0,-0.175781,-1.75544,0.00674,0.13537,Nothing,seated
4.1685,69,0.000575717,-0.143235,0.0,0.0,0.0,0.0,0.0,0.0,0.0,0.0,-0.351562,-1.75543,0.00674,0.13537,Nothing,seated
4.22858,70,0.00115078,-0.140743,0.0,0.0,0.0,0.0,0.0,0.0,0.0,0.0,-0.351562,-1.17027,0.00674,0.13537,Nothing,seated
4.28867,71,0.000959094,-0.122719,0.0,0.0,0.0,0.0,0.0,0.0,0.0,0.0,-0.351562,-1.17026,0.00674,0.13537,Nothing,seated
4.34875,72,0.00115078,-0.0970246,0.0,0.0,0.0,0.0,0.0,0.0,0.0,0.0,-0.175781,0.0,0.00674,0.13537,Nothing,seated
4.40884,73,0.000767406,-0.0646192,0.0,0.0,0.0,0.0,0.0,0.0,0.0,0.0,0.0,0.585113,0.00674,0.13537,Nothing,seated
4.46892,74,1.74846e-07,-0.029721,0.0,0.0,0.0,0.0,0.0,0.0,0.0,0.0,0.351562,2.34043,0.00674,0.13537,Nothing,seated
4.52901,75,-0.0111211,0.0582913,0.0,0.0,0.0,0.0,0.0,0.0,0.0,0.0,0.878906,4.09581,0.00674,0.13537,Nothing,seated
4.58909,76,-0.00939542,0.0784248,0.0,0.0,0.0,0.0,0.0,0.0,0.0,0.0,1.40625,5.85116,0.00674,0.13537,Nothing,seated
4.64917,77,-0.00786144,0.0924223,0.0,0.0,0.0,0.0,0.0,0.0,0.0,0.0,2.28516,8.19163,0.00674,0.13537,Nothing,seated
4.70926,78,-0.00153381,0.0713299,0.0,0.0,0.0,0.0,0.0,0.0,0.0,0.0,3.16406,10.5321,0.00674,0.13537,Nothing,seated
4.76934,79,-0.00651914,0.0596336,0.0,0.0,0.0,0.0,0.0,0.0,0.0,0.0,4.21875,12.8727,0.00674,0.13537,Nothing,seated
4.82942,80,-0.000958268,0.0312546,0.0,0.0,0.0,0.0,0.0,0.0,0.0,0.0,5.27344,14.6282,0.00674,0.13537,Nothing,seated
4.8895,81,0.00421875,0.00287611,0.0,0.0,0.0,0.0,0.0,0.0,0.0,0.0,6.32812,16.3837,0.00674,0.13537,Nothing,seated
4.94958,82,0.0063278,-0.00536888,0.0,0.0,0.0,0.0,0.0,0.0,0.0,0.0,7.38281,16.9689,0.00674,0.13537,Nothing,seated
5.00967,83,0.00862902,-0.0253107,0.0,0.0,0.0,0.0,0.0,0.0,0.0,0.0,8.26172,16.9691,0.00674,0.13537,Nothing,seated
5.06975,84,0.0111214,-0.0569493,0.0,0.0,0.0,0.0,0.0,0.0,0.0,0.0,8.96484,15.7987,0.00674,0.13537,Nothing,seated
5.12984,85,0.0118887,-0.195008,0.0,0.0,0.0,0.0,0.0,0.0,0.0,0.0,9.31641,13.4579,0.00674,0.13537,Nothing,seated
5.18992,86,0.0145733,-0.198842,0.0,0.0,0.0,0.0,0.0,0.0,0.0,0.0,9.31641,9.94721,0.00674,0.13537,Nothing,seated
5.25001,87,0.0161073,-0.189638,0.0,0.0,0.0,0.0,0.0,0.0,0.0,0.0,9.31641,6.43621,0.00674,0.13537,Nothing,seated
5.31009,88,0.0162989,-0.170272,0.0,0.0,0.0,0.0,0.0,0.0,0.0,0.0,8.96484,2.34045,0.00674,0.13537,Nothing,seated
5.37018,89,0.00594443,-0.0999004,0.0,0.0,0.0,0.0,0.0,0.0,0.0,0.0,8.4375,-1.75532,0.00674,0.13537,Nothing,seated
5.43026,90,0.00556105,-0.0795752,0.0,0.0,0.0,0.0,0.0,0.0,0.0,0.0,7.73438,-5.26601,0.00674,0.13537,Nothing,seated
5.49034,91,0.00536936,-0.0778496,0.0,0.0,0.0,0.0,0.0,0.0,0.0,0.0,6.85547,-8.19166,0.00674,0.13537,Nothing,seated
5.55043,92,0.00460213,-0.0851361,0.0,0.0,0.0,0.0,0.0,0.0,0.0,0.0,5.97656,-11.1174,0.00674,0.13537,Nothing,seated
5.61051,93,0.00345152,-0.114665,0.0,0.0,0.0,0.0,0.0,0.0,0.0,0.0,5.09766,-12.8727,0.00674,0.13537,Nothing,seated
5.67059,94,0.00230139,-0.144962,0.0,0.0,0.0,0.0,0.0,0.0,0.0,0.0,4.04297,-14.6282,0.00674,0.13537,Nothing,seated
5.73067,95,0.00172585,-0.186379,0.0,0.0,0.0,0.0,0.0,0.0,0.0,0.0,2.98828,-15.7983,0.00674,0.13537,Nothing,seated
5.79076,96,0.000575717,-0.225687,0.0,0.0,0.0,0.0,0.0,0.0,0.0,0.0,1.75781,-16.9685,0.00674,0.13537,Nothing,seated
5.85084,97,0.000191863,-0.252915,0.0,0.0,0.0,0.0,0.0,0.0,0.0,0.0,0.351562,-18.7242,0.00674,0.13537,Nothing,seated
5.91092,98,-0.000766579,-0.27094,0.0,0.0,0.0,0.0,0.0,0.0,0.0,0.0,-1.05469,-20.4795,0.00674,0.13537,Nothing,seated
5.97101,99,-0.000958268,-0.270172,0.0,0.0,0.0,0.0,0.0,0.0,0.0,0.0,-2.28516,-21.0646,0.00674,0.13537,Nothing,seated
6.03109,100,-0.0017255,-0.259818,0.0,0.0,0.0,0.0,0.0,0.0,0.0,0.0,-3.69141,-22.2348,0.00674,0.13537,Nothing,seated
6.09118,101,-0.00460178,-0.130388,0.0,0.0,0.0,0.0,0.0,0.0,0.0,0.0,-4.92188,-22.2345,0.00674,0.13537,Nothing,seated
6.15126,102,-0.00671083,-0.12291,0.0,0.0,0.0,0.0,0.0,0.0,0.0,0.0,-5.97656,-21.0642,0.00674,0.13537,Nothing,seated
6.21134,103,-0.00517685,-0.133456,0.0,0.0,0.0,0.0,0.0,0.0,0.0,0.0,-6.85547,-19.309,0.00674,0.13537,Nothing,seated
6.27143,104,-0.0030678,-0.149947,0.0,0.0,0.0,0.0,0.0,0.0,0.0,0.0,-7.55859,-17.5532,0.00674,0.13537,Nothing,seated
6.33152,105,-0.000958268,-0.170847,0.0,0.0,0.0,0.0,0.0,0.0,0.0,0.0,-7.91016,-14.0424,0.00674,0.13537,Nothing,seated
6.39161,106,0.00824517,-0.159726,0.0,0.0,0.0,0.0,0.0,0.0,0.0,0.0,-8.26172,-11.1168,0.00674,0.13537,Nothing,seated
6.45169,107,0.00997132,-0.178325,0.0,0.0,0.0,0.0,0.0,0.0,0.0,0.0,-8.4375,-8.19134,0.00674,0.13537,Nothing,seated
6.51178,108,0.0111214,-0.187338,0.0,0.0,0.0,0.0,0.0,0.0,0.0,0.0,-8.4375,-5.26569,0.00674,0.13537,Nothing,seated
6.57187,109,0.0118887,-0.183886,0.0,0.0,0.0,0.0,0.0,0.0,0.0,0.0,-8.4375,-2.92545,0.00674,0.13537,Nothing,seated
6.63195,110,0.0126554,-0.16893,0.0,0.0,0.0,0.0,0.0,0.0,0.0,0.0,-8.08594,-0.585099,0.00674,0.13537,Nothing,seated
6.69204,111,0.0134227,-0.146687,0.0,0.0,0.0,0.0,0.0,0.0,0.0,0.0,-7.55859,2.3404,0.00674,0.13537,Nothing,seated
6.75212,112,0.0118887,-0.12617,0.0,0.0,0.0,0.0,0.0,0.0,0.0,0.0,-6.85547,5.26582,0.00674,0.13537,Nothing,seated
6.81221,113,0.00997132,-0.104886,0.0,0.0,0.0,0.0,0.0,0.0,0.0,0.0,-6.15234,7.60636,0.00674,0.13537,Nothing,seated
6.87229,114,0.0113131,-0.0882041,0.0,0.0,0.0,0.0,0.0,0.0,0.0,0.0,-5.09766,11.1171,0.00674,0.13537,Nothing,seated
6.93238,115,0.0120804,-0.0788085,0.0,0.0,0.0,0.0,0.0,0.0,0.0,0.0,-3.86719,14.0423,0.00674,0.13537,Nothing,seated
6.99247,116,0.00594443,-0.143811,0.0,0.0,0.0,0.0,0.0,0.0,0.0,0.0,-2.46094,16.9679,0.00674,0.13537,Nothing,seated
7.05256,117,0.00613612,-0.157808,0.0,0.0,0.0,0.0,0.0,0.0,0.0,0.0,-1.23047,18.7231,0.00674,0.13537,Nothing,seated
7.11264,118,0.00690335,-0.143619,0.0,0.0,0.0,0.0,0.0,0.0,0.0,0.0,0.175781,21.0636,0.00674,0.13537,Nothing,seated
7.17272,119,0.00747841,-0.125595,0.0,0.0,0.0,0.0,0.0,0.0,0.0,0.0,1.40625,21.6484,0.00674,0.13537,Nothing,seated
7.23281,120,0.00728672,-0.0997087,0.0,0.0,0.0,0.0,0.0,0.0,0.0,0.0,2.63672,21.6486,0.00674,0.13537,Nothing,seated
7.2929,121,0.00690335,-0.0782329,0.0,0.0,0.0,0.0,0.0,0.0,0.0,0.0,3.86719,21.0636,0.00674,0.13537,Nothing,seated
7.35297,122,-0.00862819,-0.120226,0.0,0.0,0.0,0.0,0.0,0.0,0.0,0.0,5.09766,21.0643,0.00674,0.13537,Nothing,seated
7.41306,123,-0.00805313,-0.0914637,0.0,0.0,0.0,0.0,0.0,0.0,0.0,0.0,5.97656,19.309,0.00674,0.13537,Nothing,seated
7.47314,124,-0.00805313,-0.0665366,0.0,0.0,0.0,0.0,0.0,0.0,0.0,0.0,6.85547,18.1388,0.00674,0.13537,Nothing,seated
7.53322,125,-0.00728637,-0.0580994,0.0,0.0,0.0,0.0,0.0,0.0,0.0,0.0,7.73438,16.9688,0.00674,0.13537,Nothing,seated
7.59331,126,-0.00709421,-0.0565655,0.0,0.0,0.0,0.0,0.0,0.0,0.0,0.0,8.4375,15.2133,0.00674,0.13537,Nothing,seated
7.6534,127,-0.00651914,-0.0628936,0.0,0.0,0.0,0.0,0.0,0.0,0.0,0.0,8.78906,12.2874,0.00674,0.13537,Nothing,seated
7.71348,128,-0.00556022,-0.0732476,0.0,0.0,0.0,0.0,0.0,0.0,0.0,0.0,9.14062,10.5321,0.00674,0.13537,Nothing,seated
7.77357,129,-0.00766975,-0.143811,0.0,0.0,0.0,0.0,0.0,0.0,0.0,0.0,9.14062,7.60634,0.00674,0.13537,Nothing,seated
7.83365,130,-0.00268442,-0.143619,0.0,0.0,0.0,0.0,0.0,0.0,0.0,0.0,9.14062,4.68081,0.00674,0.13537,Nothing,seated
7.89374,131,-0.00383455,-0.12617,0.0,0.0,0.0,0.0,0.0,0.0,0.0,0.0,8.61328,0.585107,0.00674,0.13537,Nothing,seated
7.95382,132,-0.00191719,-0.122143,0.0,0.0,0.0,0.0,0.0,0.0,0.0,0.0,8.08594,-2.34043,0.00674,0.13537,Nothing,seated
8.0139,133,-0.00153381,-0.114665,0.0,0.0,0.0,0.0,0.0,0.0,0.0,0.0,7.38281,-5.8511,0.00674,0.13537,Nothing,seated
8.07399,134,-0.000191514,-0.123294,0.0,0.0,0.0,0.0,0.0,0.0,0.0,0.0,6.50391,-8.77686,0.00674,0.13537,Nothing,seated
8.13407,135,0.00210923,-0.133648,0.0,0.0,0.0,0.0,0.0,0.0,0.0,0.0,5.80078,-11.1173,0.00674,0.13537,Nothing,seated
8.19415,136,0.0063278,-0.116199,0.0,0.0,0.0,0.0,0.0,0.0,0.0,0.0,4.92188,-12.2876,0.00674,0.13537,Nothing,seated
8.25425,137,0.00594443,-0.0676872,0.0,0.0,0.0,0.0,0.0,0.0,0.0,0.0,4.04297,-13.4575,0.00674,0.13537,Nothing,seated
8.31433,138,0.0076701,0.0141891,0.0,0.0,0.0,0.0,0.0,0.0,0.0,0.0,3.33984,-13.4576,0.00674,0.13537,Nothing,seated
8.37441,139,0.0090124,0.111789,0.0,0.0,0.0,0.0,0.0,0.0,0.0,0.0,2.8125,-12.2873,0.00674,0.13537,Nothing,seated
8.43449,140,0.0111214,0.184078,0.0,0.0,0.0,0.0,0.0,0.0,0.0,0.0,2.63672,-10.5321,0.00674,0.13537,Nothing,seated
8.49458,141,0.0109298,0.247738,0.0,0.0,0.0,0.0,0.0,0.0,0.0,0.0,2.98828,-6.43621,0.00674,0.13537,Nothing,seated
8.55466,142,0.0107381,0.266913,0.0,0.0,0.0,0.0,0.0,0.0,0.0,0.0,3.69141,-1.17026,0.00674,0.13537,Nothing,seated
8.61475,143,0.0113131,0.240643,0.0,0.0,0.0,0.0,0.0,0.0,0.0,0.0,4.74609,4.68092,0.00674,0.13537,Nothing,seated
8.67484,144,0.00997132,0.154357,0.0,0.0,0.0,0.0,0.0,0.0,0.0,0.0,5.80078,9.94689,0.00674,0.13537,Nothing,seated
8.73492,145,0.00862902,0.0467861,0.0,0.0,0.0,0.0,0.0,0.0,0.0,0.0,6.50391,12.8722,0.00674,0.13537,Nothing,seated
8.795,146,0.0076701,-0.125978,0.0,0.0,0.0,0.0,0.0,0.0,0.0,0.0,7.03125,13.4574,0.00674,0.13537,Nothing,seated
8.85509,147,0.0191752,-0.269789,0.0,0.0,0.0,0.0,0.0,0.0,0.0,0.0,7.20703,11.702,0.00674,0.13537,Nothing,seated
8.91517,148,0.0262696,-0.406889,0.0,0.0,0.0,0.0,0.0,0.0,0.0,0.0,7.03125,7.60641,0.00674,0.13537,Nothing,seated
8.97528,149,0.028187,-0.466522,0.0,0.0,0.0,0.0,0.0,0.0,0.0,0.0,6.32812,1.75523,0.00674,0.13537,Nothing,seated
9.03536,150,0.0283787,-0.463838,0.0,0.0,0.0,0.0,0.0,0.0,0.0,0.0,5.09766,-4.68067,0.00674,0.13537,Nothing,seated
9.09544,151,0.0239689,-0.390398,0.0,0.0,0.0,0.0,0.0,0.0,0.0,0.0,3.33984,-12.2868,0.00674,0.13537,Nothing,seated
9.15552,152,0.0170657,-0.263461,0.0,0.0,0.0,0.0,0.0,0.0,0.0,0.0,1.58203,-18.723,0.00674,0.13537,Nothing,seated
9.21561,153,0.0115053,-0.0975997,0.0,0.0,0.0,0.0,0.0,0.0,0.0,0.0,0.175781,-22.8187,0.00674,0.13537,Nothing,seated
9.27569,154,0.00997132,0.0475534,0.0,0.0,0.0,0.0,0.0,0.0,0.0,0.0,-1.40625,-25.7457,0.00674,0.13537,Nothing,seated
9.33577,155,0.00345152,0.101435,0.0,0.0,0.0,0.0,0.0,0.0,0.0,0.0,-2.46094,-25.1609,0.00674,0.13537,Nothing,seated
9.39586,156,0.00345152,0.0885871,0.0,0.0,0.0,0.0,0.0,0.0,0.0,0.0,-3.16406,-21.6492,0.00674,0.13537,Nothing,seated
9.45594,157,0.00172585,0.00325948,0.0,0.0,0.0,0.0,0.0,0.0,0.0,0.0,-3.51562,-16.9684,0.00674,0.13537,Nothing,seated
9.51603,158,0.00249308,-0.134032,0.0,0.0,0.0,0.0,0.0,0.0,0.0,0.0,-3.69141,-12.8726,0.00674,0.13537,Nothing,seated
9.57611,159,0.00824517,-0.339777,0.0,0.0,0.0,0.0,0.0,0.0,0.0,0.0,-3.86719,-8.19166,0.00674,0.13537,Nothing,seated
9.6362,160,0.0161073,-0.476685,0.0,0.0,0.0,0.0,0.0,0.0,0.0,0.0,-4.04297,-5.266,0.00674,0.13537,Nothing,seated
9.69626,161,0.0162989,-0.515226,0.0,0.0,0.0,0.0,0.0,0.0,0.0,0.0,-4.39453,-4.09615,0.00674,0.13537,Nothing,seated
9.75634,162,0.0176412,-0.509857,0.0,0.0,0.0,0.0,0.0,0.0,0.0,0.0,-5.09766,-5.26643,0.00674,0.13537,Nothing,seated
9.81642,163,0.0172574,-0.35991,0.0,0.0,0.0,0.0,0.0,0.0,0.0,0.0,-5.80078,-7.02204,0.00674,0.13537,Nothing,seated
9.87649,164,0.0120804,-0.314658,0.0,0.0,0.0,0.0,0.0,0.0,0.0,0.0,-6.50391,-8.77794,0.00674,0.13537,Nothing,seated
9.93658,165,0.010163,-0.163753,0.0,0.0,0.0,0.0,0.0,0.0,0.0,0.0,-7.03125,-9.94831,0.00674,0.13537,Nothing,seated
9.99666,166,0.00958746,-0.0209004,0.0,0.0,0.0,0.0,0.0,0.0,0.0,0.0,-7.20703,-9.36247,0.00674,0.13537,Nothing,seated
10.0567,167,0.00728672,0.0437182,0.0,0.0,0.0,0.0,0.0,0.0,0.0,0.0,-7.20703,-7.02184,0.00674,0.13537,Nothing,seated
10.1168,168,0.00728672,0.0678786,0.0,0.0,0.0,0.0,0.0,0.0,0.0,0.0,-6.50391,-2.34058,0.00674,0.13537,Nothing,seated
10.1769,169,0.00651949,0.0260776,0.0,0.0,0.0,0.0,0.0,0.0,0.0,0.0,-5.44922,3.51069,0.00674,0.13537,TripleIncreaseAngularVelo,seated
10.2781,170,0.00843733,-0.1185,0.0,0.0,0.0,0.0,0.0,0.0,0.0,0.0,-3.33984,10.8098,0.00674,0.13537,TripleIncreaseAngularVelo,seated
10.3812,171,0.01534,-0.301811,0.0,0.0,0.0,0.0,0.0,0.0,0.0,0.0,-0.878906,16.4574,0.00674,0.13537,TripleIncreaseAngularVelo,seated
10.4823,172,0.0130393,-0.310631,0.0,0.0,0.0,0.0,0.0,0.0,0.0,0.0,0.527344,18.1739,0.00674,0.13537,TripleIncreaseAngularVelo,seated
10.5846,173,0.00862902,-0.176408,0.0,0.0,0.0,0.0,0.0,0.0,0.0,0.0,1.05469,16.1601,0.00674,0.13537,TripleIncreaseAngularVelo,seated
10.6446,174,0.00268477,-0.0615513,0.0,0.0,0.0,0.0,0.0,0.0,0.0,0.0,1.58203,15.0327,0.00674,0.13537,TripleIncreaseAngularVelo,seated
10.7047,175,-0.000574891,0.0592497,0.0,0.0,0.0,0.0,0.0,0.0,0.0,0.0,2.28516,13.1836,0.00674,0.13537,TripleIncreaseAngularVelo,seated
10.7648,176,0.00210923,0.13058,0.0,0.0,0.0,0.0,0.0,0.0,0.0,0.0,2.98828,10.0803,0.00674,0.13537,TripleIncreaseAngularVelo,seated
10.8249,177,-0.000574891,0.143236,0.0,0.0,0.0,0.0,0.0,0.0,0.0,0.0,4.04297,10.2623,0.00674,0.13537,TripleIncreaseAngularVelo,seated
10.885,178,0.000191863,0.11198,0.0,0.0,0.0,0.0,0.0,0.0,0.0,0.0,5.09766,13.4577,0.00674,0.13537,TripleIncreaseAngularVelo,seated
10.9451,179,0.00230139,0.0379661,0.0,0.0,0.0,0.0,0.0,0.0,0.0,0.0,5.97656,14.6279,0.00674,0.13537,TripleIncreaseAngularVelo,seated
11.0051,180,0.00230139,-0.0577161,0.0,0.0,0.0,0.0,0.0,0.0,0.0,0.0,6.85547,15.2131,0.00674,0.13537,TripleIncreaseAngularVelo,seated
11.0652,181,0.00575274,-0.156658,0.0,0.0,0.0,0.0,0.0,0.0,0.0,0.0,7.38281,14.6275,0.00674,0.13537,TripleIncreaseAngularVelo,seated
11.1253,182,0.00671118,-0.219935,0.0,0.0,0.0,0.0,0.0,0.0,0.0,0.0,7.73438,12.2872,0.00674,0.13537,TripleIncreaseAngularVelo,seated
11.1854,183,0.00709503,-0.243136,0.0,0.0,0.0,0.0,0.0,0.0,0.0,0.0,7.73438,8.77672,0.00674,0.13537,TripleIncreaseAngularVelo,seated
11.2455,184,0.00651949,-0.218017,0.0,0.0,0.0,0.0,0.0,0.0,0.0,0.0,7.20703,4.09581,0.00674,0.13537,TripleIncreaseAngularVelo,seated
11.3461,185,0.0051772,-0.13058,0.0,0.0,0.0,0.0,0.0,0.0,0.0,0.0,6.15234,-2.06248,0.0188,0.1476,TripleIncreaseAngularVelo,extended
11.4448,186,0.00402706,-0.0247356,0.0,0.0,0.0,0.0,0.0,0.0,0.0,0.0,4.92188,-6.48338,0.0188,0.1476,TripleIncreaseAngularVelo,extended
11.5522,187,1.74846e-07,-0.0498545,0.0,0.0,0.0,0.0,0.0,0.0,0.0,0.0,2.98828,-11.1187,0.0188,0.1476,TripleIncreaseAngularVelo,extended
11.6559,188,0.00249308,-0.255791,0.0,0.0,0.0,0.0,0.0,0.0,0.0,0.0,2.10938,-11.9545,0.0188,0.1476,TripleIncreaseAngularVelo,extended
11.7433,189,-0.00747806,-0.528456,0.0,0.0,0.0,0.0,0.0,0.0,0.0,0.0,1.40625,-11.652,0.0188,0.1476,TripleIncreaseAngularVelo,extended
11.8426,190,-0.0030678,-0.822981,0.0,0.0,0.0,0.0,0.0,0.0,0.0,0.0,0.703125,-10.9752,0.0188,0.1476,TripleIncreaseAngularVelo,extended
11.9429,191,-0.0017255,-1.02086,0.0,0.0,0.0,0.0,0.0,0.0,0.0,0.0,-0.527344,-10.9396,0.0188,0.1476,TripleIncreaseAngularVelo,extended
12.0391,192,0.00172585,-1.05883,0.0,0.0,0.0,0.0,0.0,0.0,0.0,0.0,-2.28516,-10.831,0.0188,0.1476,TripleIncreaseAngularVelo,extended
12.0992,193,0.00536936,-1.04196,0.0,0.0,0.0,0.0,0.0,0.0,0.0,0.0,-3.51562,-12.6914,0.0188,0.1476,TripleIncreaseAngularVelo,extended
12.1592,194,0.00786179,-0.950493,0.0,0.0,0.0,0.0,0.0,0.0,0.0,0.0,-4.57031,-14.3696,0.0188,0.1476,TripleIncreaseAngularVelo,extended
12.2193,195,0.0115053,-0.879355,0.0,0.0,0.0,0.0,0.0,0.0,0.0,0.0,-5.625,-16.7964,0.0188,0.1476,TripleIncreaseAngularVelo,extended
12.2794,196,0.0134227,-0.78233,0.0,0.0,0.0,0.0,0.0,0.0,0.0,0.0,-6.32812,-17.2404,0.0188,0.1476,TripleIncreaseAngularVelo,extended
12.3395,197,0.0124637,-0.732476,0.0,0.0,0.0,0.0,0.0,0.0,0.0,0.0,-6.85547,-15.213,0.0188,0.1476,TripleIncreaseAngularVelo,extended
12.3996,198,0.0126554,-0.707932,0.0,0.0,0.0,0.0,0.0,0.0,0.0,0.0,-6.85547,-11.1171,0.0188,0.1476,TripleIncreaseAngularVelo,extended
12.4597,199,0.0109298,-0.724998,0.0,0.0,0.0,0.0,0.0,0.0,0.0,0.0,-6.50391,-6.4364,0.0188,0.1476,TripleIncreaseAngularVelo,extended
12.5529,200,0.00786179,-0.800355,0.0,0.0,0.0,0.0,0.0,0.0,0.0,0.0,-5.80078,-0.526899,0.00674,0.13537,TripleIncreaseAngularVelo,seated
12.6466,201,0.0076701,-0.887216,0.0,0.0,0.0,0.0,0.0,0.0,0.0,0.0,-4.92188,3.83019,0.00674,0.13537,TripleIncreaseAngularVelo,seated
12.7416,202,0.0151483,-0.898146,0.0,0.0,0.0,0.0,0.0,0.0,0.0,0.0,-4.21875,6.55649,0.00674,0.13537,TripleIncreaseAngularVelo,seated
12.8383,203,0.0201337,-0.769675,0.0,0.0,0.0,0.0,0.0,0.0,0.0,0.0,-3.33984,8.0129,0.00674,0.13537,TripleIncreaseAngularVelo,seated
12.9272,204,0.0287625,-0.618194,0.0,0.0,0.0,0.0,0.0,0.0,0.0,0.0,-2.28516,9.0235,0.00674,0.13537,TripleIncreaseAngularVelo,seated
13.0206,205,0.0362408,-0.413408,0.0,0.0,0.0,0.0,0.0,0.0,0.0,0.0,-1.23047,9.77183,0.00674,0.13537,TripleIncreaseAngularVelo,seated
13.1107,206,0.0348985,-0.218592,0.0,0.0,0.0,0.0,0.0,0.0,0.0,0.0,0.175781,10.984,0.00674,0.13537,TripleIncreaseAngularVelo,seated
13.2116,207,0.0301048,-0.0113131,0.0,0.0,0.0,0.0,0.0,0.0,0.0,0.0,1.40625,11.968,0.00674,0.13537,TripleIncreaseAngularVelo,seated
13.2717,208,0.0264613,0.0742062,0.0,0.0,0.0,0.0,0.0,0.0,0.0,0.0,2.10938,12.5728,0.00674,0.13537,TripleIncreaseAngularVelo,seated
13.3318,209,0.0232016,0.13058,0.0,0.0,0.0,0.0,0.0,0.0,0.0,0.0,2.98828,13.0326,0.00674,0.13537,TripleIncreaseAngularVelo,seated
13.3919,210,0.020517,0.137866,0.0,0.0,0.0,0.0,0.0,0.0,0.0,0.0,3.86719,13.7305,0.00674,0.13537,TripleIncreaseAngularVelo,seated
13.452,211,0.0185997,0.104503,0.0,0.0,0.0,0.0,0.0,0.0,0.0,0.0,4.92188,13.9047,0.00674,0.13537,TripleIncreaseAngularVelo,seated
13.5121,212,0.0170657,0.0387328,0.0,0.0,0.0,0.0,0.0,0.0,0.0,0.0,5.80078,14.6278,0.00674,0.13537,TripleIncreaseAngularVelo,seated
13.5722,213,0.0180246,-0.0387332,0.0,0.0,0.0,0.0,0.0,0.0,0.0,0.0,6.50391,14.6281,0.00674,0.13537,TripleIncreaseAngularVelo,seated
13.6322,214,0.0201337,-0.11294,0.0,0.0,0.0,0.0,0.0,0.0,0.0,0.0,7.20703,14.0426,0.00674,0.13537,TripleIncreaseAngularVelo,seated
13.6923,215,0.021476,-0.158,0.0,0.0,0.0,0.0,0.0,0.0,0.0,0.0,7.55859,12.2872,0.00674,0.13537,TripleIncreaseAngularVelo,seated
13.7524,216,0.021476,-0.17334,0.0,0.0,0.0,0.0,0.0,0.0,0.0,0.0,7.55859,8.77661,0.00674,0.13537,TripleIncreaseAngularVelo,seated
13.8125,217,0.0201337,-0.152056,0.0,0.0,0.0,0.0,0.0,0.0,0.0,0.0,7.03125,4.09574,0.00674,0.13537,TripleIncreaseAngularVelo,seated
13.9036,218,0.0166823,-0.0774662,0.0,0.0,0.0,0.0,0.0,0.0,0.0,0.0,6.32812,-0.5304,0.0188,0.1476,TripleIncreaseAngularVelo,extended
13.9919,219,0.0120804,-0.00594443,0.0,0.0,0.0,0.0,0.0,0.0,0.0,0.0,5.27344,-5.37565,0.0188,0.1476,TripleIncreaseAngularVelo,extended
14.082,220,0.00383538,0.00613577,0.0,0.0,0.0,0.0,0.0,0.0,0.0,0.0,4.04297,-9.02141,0.0188,0.1476,TripleIncreaseAngularVelo,extended
14.1715,221,-0.000958268,-0.16241,0.0,0.0,0.0,0.0,0.0,0.0,0.0,0.0,3.16406,-10.4847,0.0188,0.1476,TripleIncreaseAngularVelo,extended
14.2659,222,-0.00651914,-0.395959,0.0,0.0,0.0,0.0,0.0,0.0,0.0,0.0,2.10938,-10.8542,0.0188,0.1476,TripleIncreaseAngularVelo,extended
14.3554,223,-0.0084365,-0.692017,0.0,0.0,0.0,0.0,0.0,0.0,0.0,0.0,1.58203,-10.5029,0.0188,0.1476,TripleIncreaseAngularVelo,extended
14.4516,224,-0.00383455,-0.938029,0.0,0.0,0.0,0.0,0.0,0.0,0.0,0.0,0.527344,-10.326,0.0188,0.1476,TripleIncreaseAngularVelo,extended
14.5429,225,0.00153416,-1.06516,0.0,0.0,0.0,0.0,0.0,0.0,0.0,0.0,-0.703125,-10.2972,0.0188,0.1476,TripleIncreaseAngularVelo,extended
14.6325,226,0.00479382,-1.04196,0.0,0.0,0.0,0.0,0.0,0.0,0.0,0.0,-2.63672,-12.5831,0.0188,0.1476,TripleIncreaseAngularVelo,extended
14.6926,227,0.00824517,-0.97983,0.0,0.0,0.0,0.0,0.0,0.0,0.0,0.0,-3.86719,-14.007,0.0188,0.1476,TripleIncreaseAngularVelo,extended
14.7527,228,0.00997132,-0.887983,0.0,0.0,0.0,0.0,0.0,0.0,0.0,0.0,-5.09766,-16.8141,0.0188,0.1476,TripleIncreaseAngularVelo,extended
14.8128,229,0.0105464,-0.789042,0.0,0.0,0.0,0.0,0.0,0.0,0.0,0.0,-5.97656,-18.0046,0.0188,0.1476,TripleIncreaseAngularVelo,extended
14.8729,230,0.0118887,-0.709466,0.0,0.0,0.0,0.0,0.0,0.0,0.0,0.0,-6.50391,-17.5812,0.0188,0.1476,TripleIncreaseAngularVelo,extended
14.933,231,0.0105464,-0.68358,0.0,0.0,0.0,0.0,0.0,0.0,0.0,0.0,-6.67969,-13.4578,0.0188,0.1476,TripleIncreaseAngularVelo,extended
14.993,232,0.0105464,-0.699112,0.0,0.0,0.0,0.0,0.0,0.0,0.0,0.0,-6.67969,-9.36207,0.0188,0.1476,TripleIncreaseAngularVelo,extended
15.0531,233,0.00997132,-0.749925,0.0,0.0,0.0,0.0,0.0,0.0,0.0,0.0,-6.32812,-4.09588,0.0188,0.1476,TripleIncreaseAngularVelo,extended
15.1467,234,0.0103547,-0.845799,0.0,0.0,0.0,0.0,0.0,0.0,0.0,0.0,-5.44922,1.57937,0.00674,0.13537,TripleIncreaseAngularVelo,seated
15.2335,235,0.0120804,-0.902556,0.0,0.0,0.0,0.0,0.0,0.0,0.0,0.0,-4.74609,4.87508,0.00674,0.13537,TripleIncreaseAngularVelo,seated
15.3261,236,0.0228183,-0.888367,0.0,0.0,0.0,0.0,0.0,0.0,0.0,0.0,-4.21875,6.26029,0.00674,0.13537,TripleIncreaseAngularVelo,seated
15.4188,237,0.0243522,-0.758745,0.0,0.0,0.0,0.0,0.0,0.0,0.0,0.0,-3.69141,7.01858,0.00674,0.13537,TripleIncreaseAngularVelo,seated
15.5062,238,0.0295293,-0.582338,0.0,0.0,0.0,0.0,0.0,0.0,0.0,0.0,-2.46094,8.53569,0.00674,0.13537,TripleIncreaseAngularVelo,seated
15.6332,239,0.0347068,-0.289731,0.0,0.0,0.0,0.0,0.0,0.0,0.0,0.0,-0.878906,9.39427,0.00674,0.13537,TripleIncreaseAngularVelo,seated
15.739,240,0.0283787,-0.0855195,0.0,0.0,0.0,0.0,0.0,0.0,0.0,0.0,0.878906,11.1277,0.00674,0.13537,TripleIncreaseAngularVelo,seated
15.8359,241,0.0247356,0.04717,0.0,0.0,0.0,0.0,0.0,0.0,0.0,0.0,1.93359,12.0664,0.00674,0.13537,TripleIncreaseAngularVelo,seated
15.896,242,0.0203254,0.109296,0.0,0.0,0.0,0.0,0.0,0.0,0.0,0.0,2.8125,13.629,0.00674,0.13537,TripleIncreaseAngularVelo,seated
15.9561,243,0.0210926,0.131155,0.0,0.0,0.0,0.0,0.0,0.0,0.0,0.0,3.69141,13.6744,0.00674,0.13537,TripleIncreaseAngularVelo,seated
16.0162,244,0.0182163,0.1185,0.0,0.0,0.0,0.0,0.0,0.0,0.0,0.0,4.57031,14.2277,0.00674,0.13537,TripleIncreaseAngularVelo,seated
16.0763,245,0.0164906,0.0588663,0.0,0.0,0.0,0.0,0.0,0.0,0.0,0.0,5.44922,13.5487,0.00674,0.13537,TripleIncreaseAngularVelo,seated
16.1364,246,0.0155317,-0.000191863,0.0,0.0,0.0,0.0,0.0,0.0,0.0,0.0,6.15234,14.043,0.00674,0.13537,TripleIncreaseAngularVelo,seated
16.1965,247,0.0172574,-0.0697963,0.0,0.0,0.0,0.0,0.0,0.0,0.0,0.0,6.85547,13.4574,0.00674,0.13537,TripleIncreaseAngularVelo,seated
16.2565,248,0.0174491,-0.122527,0.0,0.0,0.0,0.0,0.0,0.0,0.0,0.0,7.38281,12.2878,0.00674,0.13537,TripleIncreaseAngularVelo,seated
16.3166,249,0.0185997,-0.147071,0.0,0.0,0.0,0.0,0.0,0.0,0.0,0.0,7.38281,9.36231,0.00674,0.13537,TripleIncreaseAngularVelo,seated
16.3767,250,0.0178329,-0.149563,0.0,0.0,0.0,0.0,0.0,0.0,0.0,0.0,7.20703,5.85141,0.00674,0.13537,TripleIncreaseAngularVelo,seated
16.4763,251,0.0162989,-0.0885875,0.0,0.0,0.0,0.0,0.0,0.0,0.0,0.0,6.50391,1.0341,0.0188,0.1476,TripleIncreaseAngularVelo,extended
16.563,252,0.013806,-0.0272281,0.0,0.0,0.0,0.0,0.0,0.0,0.0,0.0,5.44922,-3.83699,0.0188,0.1476,TripleIncreaseAngularVelo,extended
16.6549,253,0.00383538,-0.0151483,0.0,0.0,0.0,0.0,0.0,0.0,0.0,0.0,4.04297,-8.38274,0.0188,0.1476,TripleIncreaseAngularVelo,extended
16.7487,254,-0.000958268,-0.173723,0.0,0.0,0.0,0.0,0.0,0.0,0.0,0.0,3.16406,-9.76358,0.0188,0.1476,TripleIncreaseAngularVelo,extended
16.8418,255,-0.00920374,-0.369881,0.0,0.0,0.0,0.0,0.0,0.0,0.0,0.0,2.10938,-10.9594,0.0188,0.1476,TripleIncreaseAngularVelo,extended
16.9312,256,-0.00671083,-0.660571,0.0,0.0,0.0,0.0,0.0,0.0,0.0,0.0,1.58203,-10.8207,0.0188,0.1476,TripleIncreaseAngularVelo,extended
17.0356,257,-0.000383202,-0.92384,0.0,0.0,0.0,0.0,0.0,0.0,0.0,0.0,0.527344,-10.4144,0.0188,0.1476,TripleIncreaseAngularVelo,extended
17.1466,258,0.00306815,-1.07244,0.0,0.0,0.0,0.0,0.0,0.0,0.0,0.0,-1.05469,-10.3692,0.0188,0.1476,TripleIncreaseAngularVelo,extended
17.244,259,0.0063278,-1.04752,0.0,0.0,0.0,0.0,0.0,0.0,0.0,0.0,-2.98828,-12.4224,0.0188,0.1476,TripleIncreaseAngularVelo,extended
17.304,260,0.00843733,-0.96008,0.0,0.0,0.0,0.0,0.0,0.0,0.0,0.0,-4.39453,-14.071,0.0188,0.1476,TripleIncreaseAngularVelo,extended
17.3641,261,0.0105464,-0.873027,0.0,0.0,0.0,0.0,0.0,0.0,0.0,0.0,-5.44922,-16.2407,0.0188,0.1476,TripleIncreaseAngularVelo,extended
17.4242,262,0.0118887,-0.764881,0.0,0.0,0.0,0.0,0.0,0.0,0.0,0.0,-6.15234,-17.1866,0.0188,0.1476,TripleIncreaseAngularVelo,extended
17.4843,263,0.0115053,-0.70985,0.0,0.0,0.0,0.0,0.0,0.0,0.0,0.0,-6.67969,-16.6564,0.0188,0.1476,TripleIncreaseAngularVelo,extended
17.5443,264,0.011697,-0.697194,0.0,0.0,0.0,0.0,0.0,0.0,0.0,0.0,-6.85547,-12.874,0.0188,0.1476,TripleIncreaseAngularVelo,extended
17.6044,265,0.0107381,-0.716561,0.0,0.0,0.0,0.0,0.0,0.0,0.0,0.0,-6.50391,-7.02228,0.0188,0.1476,TripleIncreaseAngularVelo,extended
17.6954,266,0.0090124,-0.79978,0.0,0.0,0.0,0.0,0.0,0.0,0.0,0.0,-5.97656,-1.59164,0.00674,0.13537,TripleIncreaseAngularVelo,seated
17.7863,267,0.00939577,-0.909459,0.0,0.0,0.0,0.0,0.0,0.0,0.0,0.0,-5.09766,2.91256,0.00674,0.13537,TripleIncreaseAngularVelo,seated
17.8751,268,0.0182163,-0.94685,0.0,0.0,0.0,0.0,0.0,0.0,0.0,0.0,-4.39453,5.84729,0.00674,0.13537,TripleIncreaseAngularVelo,seated
17.9744,269,0.0291459,-0.835636,0.0,0.0,0.0,0.0,0.0,0.0,0.0,0.0,-3.86719,6.94775,0.00674,0.13537,TripleIncreaseAngularVelo,seated
18.0756,270,0.0302965,-0.644464,0.0,0.0,0.0,0.0,0.0,0.0,0.0,0.0,-2.46094,8.58154,0.00674,0.13537,TripleIncreaseAngularVelo,seated
18.1685,271,0.0375826,-0.40593,0.0,0.0,0.0,0.0,0.0,0.0,0.0,0.0,-1.75781,8.91898,0.00674,0.13537,TripleIncreaseAngularVelo,seated
18.2605,272,0.0337478,-0.174107,0.0,0.0,0.0,0.0,0.0,0.0,0.0,0.0,-0.351562,10.0102,0.00674,0.13537,TripleIncreaseAngularVelo,seated
18.3507,273,0.0312549,0.00230104,0.0,0.0,0.0,0.0,0.0,0.0,0.0,0.0,0.703125,10.7188,0.00674,0.13537,TripleIncreaseAngularVelo,seated
18.4466,274,0.0226266,0.126553,0.0,0.0,0.0,0.0,0.0,0.0,0.0,0.0,2.10938,12.6594,0.00674,0.13537,TripleIncreaseAngularVelo,seated
18.5066,275,0.0212843,0.148413,0.0,0.0,0.0,0.0,0.0,0.0,0.0,0.0,2.98828,12.6406,0.00674,0.13537,TripleIncreaseAngularVelo,seated
18.5667,276,0.0191752,0.120609,0.0,0.0,0.0,0.0,0.0,0.0,0.0,0.0,4.21875,15.0064,0.00674,0.13537,TripleIncreaseAngularVelo,seated
18.6268,277,0.0174491,0.057524,0.0,0.0,0.0,0.0,0.0,0.0,0.0,0.0,5.09766,14.8746,0.00674,0.13537,TripleIncreaseAngularVelo,seated
18.6869,278,0.016874,-0.0253107,0.0,0.0,0.0,0.0,0.0,0.0,0.0,0.0,6.15234,16.2066,0.00674,0.13537,TripleIncreaseAngularVelo,seated
18.747,279,0.0187914,-0.105653,0.0,0.0,0.0,0.0,0.0,0.0,0.0,0.0,6.85547,15.7982,0.00674,0.13537,TripleIncreaseAngularVelo,seated
18.8071,280,0.0189831,-0.156658,0.0,0.0,0.0,0.0,0.0,0.0,0.0,0.0,7.38281,14.6281,0.00674,0.13537,TripleIncreaseAngularVelo,seated
18.8671,281,0.0197503,-0.174874,0.0,0.0,0.0,0.0,0.0,0.0,0.0,0.0,7.38281,10.5321,0.00674,0.13537,TripleIncreaseAngularVelo,seated
18.9272,282,0.0185997,-0.155316,0.0,0.0,0.0,0.0,0.0,0.0,0.0,0.0,7.20703,7.02129,0.00674,0.13537,TripleIncreaseAngularVelo,seated
19.0231,283,0.0161073,-0.067495,0.0,0.0,0.0,0.0,0.0,0.0,0.0,0.0,6.50391,1.04575,0.0188,0.1476,TripleIncreaseAngularVelo,extended
19.1199,284,0.0103547,0.0184076,0.0,0.0,0.0,0.0,0.0,0.0,0.0,0.0,5.625,-3.29907,0.0188,0.1476,TripleIncreaseAngularVelo,extended
19.2178,285,-0.000383202,0.00901205,0.0,0.0,0.0,0.0,0.0,0.0,0.0,0.0,4.21875,-7.70288,0.0188,0.1476,TripleIncreaseAngularVelo,extended
19.3111,286,-0.00364286,-0.178134,0.0,0.0,0.0,0.0,0.0,0.0,0.0,0.0,3.51562,-8.71121,0.0188,0.1476,TripleIncreaseAngularVelo,extended
19.4062,287,-0.0122717,-0.451758,0.0,0.0,0.0,0.0,0.0,0.0,0.0,0.0,2.8125,-9.17504,0.0188,0.1476,TripleIncreaseAngularVelo,extended
19.4926,288,-0.0103543,-0.690867,0.0,0.0,0.0,0.0,0.0,0.0,0.0,0.0,2.10938,-9.35852,0.0188,0.1476,TripleIncreaseAngularVelo,extended
19.5906,289,-0.00383455,-0.941097,0.0,0.0,0.0,0.0,0.0,0.0,0.0,0.0,1.05469,-9.7096,0.0188,0.1476,TripleIncreaseAngularVelo,extended
19.7465,290,0.00556105,-1.03007,0.0,0.0,0.0,0.0,0.0,0.0,0.0,0.0,-1.75781,-11.3057,0.0188,0.1476,TripleIncreaseAngularVelo,extended
19.9045,291,0.0107381,-0.830459,0.0,0.0,0.0,0.0,0.0,0.0,0.0,0.0,-4.92188,-14.2193,0.0188,0.1476,TripleIncreaseAngularVelo,extended
19.9645,292,0.0109298,-0.764306,0.0,0.0,0.0,0.0,0.0,0.0,0.0,0.0,-5.80078,-15.4266,0.0188,0.1476,TripleIncreaseAngularVelo,extended
20.0246,293,0.0109298,-0.714644,0.0,0.0,0.0,0.0,0.0,0.0,0.0,0.0,-6.32812,-15.8607,0.0188,0.1476,TripleIncreaseAngularVelo,extended
20.0847,294,0.0113131,-0.705056,0.0,0.0,0.0,0.0,0.0,0.0,0.0,0.0,-6.50391,-15.299,0.0188,0.1476,TripleIncreaseAngularVelo,extended
20.1448,295,0.0105464,-0.731709,0.0,0.0,0.0,0.0,0.0,0.0,0.0,0.0,-6.32812,-11.4734,0.0188,0.1476,TripleIncreaseAngularVelo,extended
20.2288,296,0.00958746,-0.814544,0.0,0.0,0.0,0.0,0.0,0.0,0.0,0.0,-5.97656,-3.25151,0.00674,0.13537,TripleIncreaseAngularVelo,seated
20.3209,297,0.00958746,-0.897379,0.0,0.0,0.0,0.0,0.0,0.0,0.0,0.0,-5.44922,0.986393,0.00674,0.13537,TripleIncreaseAngularVelo,seated
20.4106,298,0.0166823,-0.906391,0.0,0.0,0.0,0.0,0.0,0.0,0.0,0.0,-4.92188,3.64365,0.00674,0.13537,TripleIncreaseAngularVelo,seated
20.5018,299,0.0151483,-0.789425,0.0,0.0,0.0,0.0,0.0,0.0,0.0,0.0,-4.39453,5.05698,0.00674,0.13537,TripleIncreaseAngularVelo,seated
20.5909,300,0.0185997,-0.640821,0.0,0.0,0.0,0.0,0.0,0.0,0.0,0.0,-3.33984,6.69785,0.00674,0.13537,TripleIncreaseAngularVelo,seated
20.6793,301,0.0239689,-0.419161,0.0,0.0,0.0,0.0,0.0,0.0,0.0,0.0,-2.63672,7.41357,0.00674,0.13537,TripleIncreaseAngularVelo,seated
20.7679,302,0.0253107,-0.234891,0.0,0.0,0.0,0.0,0.0,0.0,0.0,0.0,-1.40625,9.04474,0.00674,0.13537,TripleIncreaseAngularVelo,seated
20.8571,303,0.0201337,-0.0406505,0.0,0.0,0.0,0.0,0.0,0.0,0.0,0.0,-0.351562,10.2358,0.00674,0.13537,TripleIncreaseAngularVelo,seated
20.9553,304,0.0195586,0.136908,0.0,0.0,0.0,0.0,0.0,0.0,0.0,0.0,0.878906,11.6286,0.00674,0.13537,TripleIncreaseAngularVelo,seated
21.0883,305,0.0151483,0.154165,0.0,0.0,0.0,0.0,0.0,0.0,0.0,0.0,3.16406,13.0779,0.00674,0.13537,TripleIncreaseAngularVelo,seated
21.1484,306,0.0149566,0.0981749,0.0,0.0,0.0,0.0,0.0,0.0,0.0,0.0,4.39453,14.9912,0.00674,0.13537,TripleIncreaseAngularVelo,seated
21.2084,307,0.0111214,0.0278032,0.0,0.0,0.0,0.0,0.0,0.0,0.0,0.0,5.44922,15.5632,0.00674,0.13537,TripleIncreaseAngularVelo,seated
21.2685,308,0.0151483,-0.0882041,0.0,0.0,0.0,0.0,0.0,0.0,0.0,0.0,6.32812,16.2342,0.00674,0.13537,TripleIncreaseAngularVelo,seated
21.3286,309,0.0162989,-0.148413,0.0,0.0,0.0,0.0,0.0,0.0,0.0,0.0,7.03125,16.4833,0.00674,0.13537,TripleIncreaseAngularVelo,seated
21.3886,310,0.0182163,-0.187338,0.0,0.0,0.0,0.0,0.0,0.0,0.0,0.0,7.38281,14.0448,0.00674,0.13537,TripleIncreaseAngularVelo,seated
21.4487,311,0.0164906,-0.185229,0.0,0.0,0.0,0.0,0.0,0.0,0.0,0.0,7.38281,9.94842,0.00674,0.13537,TripleIncreaseAngularVelo,seated
21.5088,312,0.0161073,-0.140935,0.0,0.0,0.0,0.0,0.0,0.0,0.0,0.0,7.03125,5.26684,0.00674,0.13537,TripleIncreaseAngularVelo,seated
21.5976,313,-0.00383455,-0.0245439,0.0,0.0,0.0,0.0,0.0,0.0,0.0,0.0,6.32812,0.0,0.0188,0.1476,TripleIncreaseAngularVelo,extended
21.7028,314,-0.00460178,0.0619343,0.0,0.0,0.0,0.0,0.0,0.0,0.0,0.0,5.44922,-4.22703,0.0188,0.1476,TripleIncreaseAngularVelo,extended
21.7962,315,-0.0176404,0.0293372,0.0,0.0,0.0,0.0,0.0,0.0,0.0,0.0,4.39453,-7.3324,0.0188,0.1476,TripleIncreaseAngularVelo,extended
21.8848,316,-0.0189827,-0.180051,0.0,0.0,0.0,0.0,0.0,0.0,0.0,0.0,3.86719,-8.06159,0.0188,0.1476,TripleIncreaseAngularVelo,extended
21.9843,317,-0.0205167,-0.507172,0.0,0.0,0.0,0.0,0.0,0.0,0.0,0.0,2.98828,-8.50228,0.0188,0.1476,TripleIncreaseAngularVelo,extended
22.1398,318,-0.0118883,-0.871493,0.0,0.0,0.0,0.0,0.0,0.0,0.0,0.0,1.58203,-8.75377,0.0188,0.1476,TripleIncreaseAngularVelo,extended
22.2414,319,-0.00556022,-0.987884,0.0,0.0,0.0,0.0,0.0,0.0,0.0,0.0,-0.175781,-10.4452,0.0188,0.1476,TripleIncreaseAngularVelo,extended
22.3288,320,1.74846e-07,-0.983857,0.0,0.0,0.0,0.0,0.0,0.0,0.0,0.0,-1.93359,-11.8808,0.0188,0.1476,TripleIncreaseAngularVelo,extended
22.3889,321,0.00441044,-0.927483,0.0,0.0,0.0,0.0,0.0,0.0,0.0,0.0,-3.33984,-14.2972,0.0188,0.1476,TripleIncreaseAngularVelo,extended
22.449,322,0.00651949,-0.841772,0.0,0.0,0.0,0.0,0.0,0.0,0.0,0.0,-4.39453,-15.8883,0.0188,0.1476,TripleIncreaseAngularVelo,extended
22.5091,323,0.00747841,-0.768524,0.0,0.0,0.0,0.0,0.0,0.0,0.0,0.0,-5.44922,-19.0412,0.0188,0.1476,TripleIncreaseAngularVelo,extended
22.5692,324,0.00920409,-0.716561,0.0,0.0,0.0,0.0,0.0,0.0,0.0,0.0,-5.97656,-17.6954,0.0188,0.1476,TripleIncreaseAngularVelo,extended
22.6293,325,0.0105464,-0.70985,0.0,0.0,0.0,0.0,0.0,0.0,0.0,0.0,-6.32812,-14.6275,0.0188,0.1476,TripleIncreaseAngularVelo,extended
22.6893,326,0.00939577,-0.737845,0.0,0.0,0.0,0.0,0.0,0.0,0.0,0.0,-6.32812,-9.94688,0.0188,0.1476,TripleIncreaseAngularVelo,extended
22.7494,327,0.0090124,-0.78885,0.0,0.0,0.0,0.0,0.0,0.0,0.0,0.0,-6.15234,-5.85115,0.0188,0.1476,TripleIncreaseAngularVelo,extended
22.8358,328,0.00920409,-0.875136,0.0,0.0,0.0,0.0,0.0,0.0,0.0,0.0,-5.80078,-1.07597,0.00674,0.13537,TripleIncreaseAngularVelo,seated
22.9202,329,0.0105464,-0.915786,0.0,0.0,0.0,0.0,0.0,0.0,0.0,0.0,-5.44922,1.5023,0.00674,0.13537,TripleIncreaseAngularVelo,seated
23.0056,330,0.0193669,-0.894695,0.0,0.0,0.0,0.0,0.0,0.0,0.0,0.0,-5.09766,3.26914,0.00674,0.13537,TripleIncreaseAngularVelo,seated
23.1026,331,0.023585,-0.747049,0.0,0.0,0.0,0.0,0.0,0.0,0.0,0.0,-4.74609,3.82858,0.00674,0.13537,TripleIncreaseAngularVelo,seated
23.1909,332,0.023585,-0.600554,0.0,0.0,0.0,0.0,0.0,0.0,0.0,0.0,-3.51562,5.9719,0.00674,0.13537,TripleIncreaseAngularVelo,seated
23.2816,333,0.0260779,-0.416093,0.0,0.0,0.0,0.0,0.0,0.0,0.0,0.0,-2.46094,7.49287,0.00674,0.13537,TripleIncreaseAngularVelo,seated
23.3682,334,0.0270368,-0.277075,0.0,0.0,0.0,0.0,0.0,0.0,0.0,0.0,-0.878906,10.2015,0.00674,0.13537,TripleIncreaseAngularVelo,seated
23.4608,335,0.025119,-0.105078,0.0,0.0,0.0,0.0,0.0,0.0,0.0,0.0,0.351562,11.9715,0.00674,0.13537,TripleIncreaseAngularVelo,seated
23.5537,336,0.019942,0.0347064,0.0,0.0,0.0,0.0,0.0,0.0,0.0,0.0,1.40625,13.6385,0.00674,0.13537,TripleIncreaseAngularVelo,seated
23.6137,337,0.0201337,0.0995167,0.0,0.0,0.0,0.0,0.0,0.0,0.0,0.0,2.28516,13.7198,0.00674,0.13537,TripleIncreaseAngularVelo,seated
23.6738,338,0.0166823,0.135182,0.0,0.0,0.0,0.0,0.0,0.0,0.0,0.0,2.98828,13.8916,0.00674,0.13537,TripleIncreaseAngularVelo,seated
23.7339,339,0.0161073,0.116966,0.0,0.0,0.0,0.0,0.0,0.0,0.0,0.0,4.04297,13.4585,0.00674,0.13537,TripleIncreaseAngularVelo,seated
23.794,340,0.0151483,0.0663446,0.0,0.0,0.0,0.0,0.0,0.0,0.0,0.0,5.09766,14.2458,0.00674,0.13537,TripleIncreaseAngularVelo,seated
23.8541,341,0.0141894,0.00843698,0.0,0.0,0.0,0.0,0.0,0.0,0.0,0.0,5.97656,15.2134,0.00674,0.13537,TripleIncreaseAngularVelo,seated
23.9142,342,0.01534,-0.0665366,0.0,0.0,0.0,0.0,0.0,0.0,0.0,0.0,6.85547,15.2134,0.00674,0.13537,TripleIncreaseAngularVelo,seated
23.9743,343,0.0166823,-0.126362,0.0,0.0,0.0,0.0,0.0,0.0,0.0,0.0,7.20703,14.0426,0.00674,0.13537,TripleIncreaseAngularVelo,seated
24.0343,344,0.0170657,-0.158384,0.0,0.0,0.0,0.0,0.0,0.0,0.0,0.0,7.55859,11.702,0.00674,0.13537,TripleIncreaseAngularVelo,seated
24.0944,345,0.0159151,-0.158,0.0,0.0,0.0,0.0,0.0,0.0,0.0,0.0,7.38281,7.60627,0.00674,0.13537,TripleIncreaseAngularVelo,seated
24.1839,346,0.013806,-0.101243,0.0,0.0,0.0,0.0,0.0,0.0,0.0,0.0,6.67969,2.13149,0.0188,0.1476,TripleIncreaseAngularVelo,extended
24.2823,347,0.0107381,-0.0151483,0.0,0.0,0.0,0.0,0.0,0.0,0.0,0.0,5.80078,-2.86463,0.0188,0.1476,TripleIncreaseAngularVelo,extended
24.3712,348,0.00172585,0.00153381,0.0,0.0,0.0,0.0,0.0,0.0,0.0,0.0,4.39453,-7.0855,0.0188,0.1476,TripleIncreaseAngularVelo,extended
24.4635,349,0.00230139,-0.166437,0.0,0.0,0.0,0.0,0.0,0.0,0.0,0.0,3.69141,-9.01197,0.0188,0.1476,TripleIncreaseAngularVelo,extended
24.5715,350,-0.00651914,-0.437376,0.0,0.0,0.0,0.0,0.0,0.0,0.0,0.0,2.8125,-9.58064,0.0188,0.1476,TripleIncreaseAngularVelo,extended
24.6616,351,-0.000958268,-0.68799,0.0,0.0,0.0,0.0,0.0,0.0,0.0,0.0,2.10938,-9.56892,0.0188,0.1476,TripleIncreaseAngularVelo,extended
24.7602,352,0.00249308,-0.93266,0.0,0.0,0.0,0.0,0.0,0.0,0.0,0.0,0.878906,-10.2997,0.0188,0.1476,TripleIncreaseAngularVelo,extended
24.8596,353,0.00536936,-1.04886,0.0,0.0,0.0,0.0,0.0,0.0,0.0,0.0,-0.527344,-10.0782,0.0188,0.1476,TripleIncreaseAngularVelo,extended
24.9459,354,0.013231,-1.03697,0.0,0.0,0.0,0.0,0.0,0.0,0.0,0.0,-2.28516,-12.3869,0.0188,0.1476,TripleIncreaseAngularVelo,extended
25.006,355,0.0151483,-0.97101,0.0,0.0,0.0,0.0,0.0,0.0,0.0,0.0,-3.69141,-14.966,0.0188,0.1476,TripleIncreaseAngularVelo,extended
25.0661,356,0.0151483,-0.875519,0.0,0.0,0.0,0.0,0.0,0.0,0.0,0.0,-4.74609,-16.9461,0.0188,0.1476,TripleIncreaseAngularVelo,extended
25.1262,357,0.016874,-0.799396,0.0,0.0,0.0,0.0,0.0,0.0,0.0,0.0,-5.80078,-18.2508,0.0188,0.1476,TripleIncreaseAngularVelo,extended
25.1863,358,0.0166823,-0.741105,0.0,0.0,0.0,0.0,0.0,0.0,0.0,0.0,-6.32812,-17.7549,0.0188,0.1476,TripleIncreaseAngularVelo,extended
25.2464,359,0.0164906,-0.712918,0.0,0.0,0.0,0.0,0.0,0.0,0.0,0.0,-6.67969,-14.6284,0.0188,0.1476,TripleIncreaseAngularVelo,extended
25.3064,360,0.01534,-0.725957,0.0,0.0,0.0,0.0,0.0,0.0,0.0,0.0,-6.67969,-9.94734,0.0188,0.1476,TripleIncreaseAngularVelo,extended
25.3665,361,0.0141894,-0.764306,0.0,0.0,0.0,0.0,0.0,0.0,0.0,0.0,-6.32812,-5.2663,0.0188,0.1476,TripleIncreaseAngularVelo,extended
25.458,362,0.0111214,-0.849058,0.0,0.0,0.0,0.0,0.0,0.0,0.0,0.0,-5.80078,0.0,0.00674,0.13537,TripleIncreaseAngularVelo,seated
25.5436,363,0.0113131,-0.904473,0.0,0.0,0.0,0.0,0.0,0.0,0.0,0.0,-5.09766,3.44388,0.00674,0.13537,TripleIncreaseAngularVelo,seated
25.6395,364,0.021476,-0.875903,0.0,0.0,0.0,0.0,0.0,0.0,0.0,0.0,-4.57031,5.36601,0.00674,0.13537,TripleIncreaseAngularVelo,seated
25.7315,365,0.0264613,-0.751843,0.0,0.0,0.0,0.0,0.0,0.0,0.0,0.0,-4.04297,6.20389,0.00674,0.13537,TripleIncreaseAngularVelo,seated
25.8185,366,0.0289542,-0.598445,0.0,0.0,0.0,0.0,0.0,0.0,0.0,0.0,-2.8125,7.77906,0.00674,0.13537,TripleIncreaseAngularVelo,seated
25.9233,367,0.0335562,-0.374292,0.0,0.0,0.0,0.0,0.0,0.0,0.0,0.0,-1.58203,9.06522,0.00674,0.13537,TripleIncreaseAngularVelo,seated
26.0105,368,0.0389249,-0.227413,0.0,0.0,0.0,0.0,0.0,0.0,0.0,0.0,-0.175781,10.5418,0.00674,0.13537,TripleIncreaseAngularVelo,seated
26.111,369,0.0314466,-0.0293376,0.0,0.0,0.0,0.0,0.0,0.0,0.0,0.0,1.23047,12.3029,0.00674,0.13537,TripleIncreaseAngularVelo,seated
26.2065,370,0.0258862,0.10757,0.0,0.0,0.0,0.0,0.0,0.0,0.0,0.0,2.28516,13.3223,0.00674,0.13537,TripleIncreaseAngularVelo,seated
26.2665,371,0.0233933,0.147645,0.0,0.0,0.0,0.0,0.0,0.0,0.0,0.0,3.16406,13.338,0.00674,0.13537,TripleIncreaseAngularVelo,seated
26.3266,372,0.0203254,0.142852,0.0,0.0,0.0,0.0,0.0,0.0,0.0,0.0,4.04297,13.9475,0.00674,0.13537,TripleIncreaseAngularVelo,seated
26.3867,373,0.0174491,0.101626,0.0,0.0,0.0,0.0,0.0,0.0,0.0,0.0,5.09766,14.0158,0.00674,0.13537,TripleIncreaseAngularVelo,seated
26.4468,374,0.0170657,0.0320218,0.0,0.0,0.0,0.0,0.0,0.0,0.0,0.0,5.97656,14.1321,0.00674,0.13537,TripleIncreaseAngularVelo,seated
26.5069,375,0.0174491,-0.0394999,0.0,0.0,0.0,0.0,0.0,0.0,0.0,0.0,6.67969,14.6278,0.00674,0.13537,TripleIncreaseAngularVelo,seated
26.567,376,0.0189831,-0.124252,0.0,0.0,0.0,0.0,0.0,0.0,0.0,0.0,7.38281,14.043,0.00674,0.13537,TripleIncreaseAngularVelo,seated
26.627,377,0.0203254,-0.166245,0.0,0.0,0.0,0.0,0.0,0.0,0.0,0.0,7.55859,11.7025,0.00674,0.13537,TripleIncreaseAngularVelo,seated
26.6871,378,0.0197503,-0.174107,0.0,0.0,0.0,0.0,0.0,0.0,0.0,0.0,7.55859,8.19166,0.00674,0.13537,TripleIncreaseAngularVelo,seated
26.7472,379,0.0182163,-0.144962,0.0,0.0,0.0,0.0,0.0,0.0,0.0,0.0,7.03125,3.51077,0.00674,0.13537,TripleIncreaseAngularVelo,seated
