0.00028491,0,-0.0134223,-0.13269,0.0,0.0,0.0,0.0,3.34066,-6.24176,9.14286,-2.46154,-0.175781,0.0,0.00674,0.13537,None,seated
0.160324,1,0.00882071,-0.112748,0.0,0.0,0.0,0.0,1.67033,-6.32967,8.7033,-3.07692,-0.175781,0.0,0.0188,0.1476,Start,extended
0.220392,2,0.00460213,-0.108146,0.0,0.0,0.0,0.0,0.879121,-6.68132,8.52747,-3.78022,-0.351562,0.0,0.0188,0.1476,Start,extended
0.281277,3,0.00402706,-0.103352,0.0,0.0,0.0,0.0,0.351648,-6.68132,9.58242,-5.18681,-0.527344,0.0,0.0188,0.1476,Start,extended
0.34135,4,-0.0030678,-0.158192,0.0,0.0,0.0,0.0,0.791209,-6.94506,7.73626,-7.82418,-0.878906,0.0,0.0188,0.1476,Start,extended
0.407293,5,-0.00536853,-0.227221,0.0,0.0,0.0,0.0,3.78022,-4.21978,6.06593,-8.08791,-0.703125,-1.29566,0.0188,0.1476,Start,extended
0.472532,6,-0.00517685,-0.321944,0.0,0.0,0.0,0.0,0.879121,-4.3956,5.71429,-5.71429,-0.527344,-1.12605,0.0188,0.1476,Start,extended
0.535714,7,-0.00479347,-0.443896,0.0,0.0,0.0,0.0,-0.0879121,-2.46154,2.98901,-4.3956,-0.175781,0.557466,0.0188,0.1476,Start,extended
0.595784,8,0.000575717,-0.637177,0.0,0.0,0.0,0.0,0.263736,1.23077,-0.967033,-2.98901,0.175781,2.23564,0.0188,0.1476,Start,extended
0.659626,9,0.00325983,-0.810517,0.0,0.0,0.0,0.0,-3.34066,4.13187,-3.25275,-1.40659,0.703125,4.97062,0.0188,0.1476,Start,extended
0.722013,10,0.00786179,-0.959505,0.0,0.0,0.0,0.0,-1.67033,8.26374,-5.8022,0.703297,1.05469,5.58532,0.0188,0.1476,Start,extended
0.782084,11,0.00997132,-1.05135,0.0,0.0,0.0,0.0,-4.65934,8.79121,-6.15385,2.81319,1.40625,6.24642,0.0188,0.1476,Start,extended
0.844293,12,0.011697,-1.08874,0.0,0.0,0.0,0.0,-4.48352,8.87912,-6.50549,2.37363,1.23047,4.55718,0.0188,0.1476,Start,extended
0.904361,13,0.013806,-1.06324,0.0,0.0,0.0,0.0,-4.04396,8.52747,-5.8022,0.0879121,1.05469,2.84826,0.0188,0.1476,Start,extended
1.10154,14,0.011697,-0.747241,0.0,0.0,0.0,0.0,5.36264,1.67033,5.62637,-5.97802,-0.175781,-1.98886,0.00674,0.13537,Start,seated
1.16161,15,0.0124637,-0.632959,0.0,0.0,0.0,0.0,5.18681,1.67033,8.35165,-6.68132,-0.351562,-3.19898,0.00674,0.13537,Start,seated
1.22167,16,0.01534,-0.557219,0.0,0.0,0.0,0.0,8.0,1.67033,7.82418,-7.56044,-0.351562,-3.99875,0.00674,0.13537,Start,seated
1.29128,17,0.0149566,-0.532483,0.0,0.0,0.0,0.0,6.32967,1.67033,6.68132,-5.36264,0.0,-2.75282,0.00674,0.13537,Start,seated
1.35592,18,0.0176412,-0.535168,0.0,0.0,0.0,0.0,4.48352,1.67033,5.01099,-2.37363,0.351562,-1.55711,0.00674,0.13537,Start,seated
1.41602,19,0.018408,-0.544755,0.0,0.0,0.0,0.0,1.49451,1.67033,2.81319,0.175824,0.703125,2.79476,0.00674,0.13537,Start,seated
1.47609,20,0.0237767,-0.545906,0.0,0.0,0.0,0.0,0.0879121,0.967033,1.75824,2.28571,1.05469,4.47157,0.00674,0.13537,Start,seated
1.53626,21,0.0264613,-0.492408,0.0,0.0,0.0,0.0,-1.84615,0.0,3.51648,3.16484,1.05469,4.47022,0.00674,0.13537,Start,seated
1.59802,22,0.026653,-0.392124,0.0,0.0,0.0,0.0,-2.28571,0.0,7.2967,1.49451,0.703125,2.29223,0.00674,0.13537,Start,seated
1.65808,23,0.0224349,-0.247355,0.0,0.0,0.0,0.0,0.175824,0.0,9.67033,-3.34066,0.0,-1.16348,0.00674,0.13537,Start,seated
1.72192,24,0.0212843,-0.087629,0.0,0.0,0.0,0.0,4.65934,0.0,11.6044,-7.56044,-0.703125,-4.59715,0.00674,0.13537,Start,seated
1.78664,25,0.0122721,0.0648106,0.0,0.0,0.0,0.0,4.83517,0.0,15.2967,-9.58242,-1.05469,-6.79236,0.00674,0.13537,Start,seated
1.84671,26,0.013231,0.172189,0.0,0.0,0.0,0.0,7.64835,0.0,14.9451,-12.2198,-1.40625,-7.92682,0.00674,0.13537,Start,seated
