0.000348091,0,0.0,0.0,0.0,0.0,0.0,0.0,0.0,0.0,0.0,0.0,0.0,0.0,0.00674,0.13537,None,seated
0.050416,1,0.0,0.0,0.0,0.0,0.0,0.0,0.0,0.0,0.0,0.0,0.0,0.0,0.00674,0.13537,Nothing,seated
0.100485,2,0.0,0.0,0.0,0.0,0.0,0.0,0.0,0.0,0.0,0.0,-0.175781,-3.51077,0.00674,0.13537,Nothing,seated
0.150555,3,0.0,0.0,0.0,0.0,0.0,0.0,0.0,0.0,0.0,0.0,-0.175781,0.0,0.00674,0.13537,Nothing,seated
0.200625,4,0.0,0.0,0.0,0.0,0.0,0.0,0.0,0.0,0.0,0.0,-0.175781,0.0,0.00674,0.13537,Nothing,seated
0.250694,5,0.0,0.0,0.0,0.0,0.0,0.0,0.0,0.0,0.0,0.0,-0.175781,0.0,0.00674,0.13537,Nothing,seated
0.300764,6,0.0,0.0,0.0,0.0,0.0,0.0,0.0,0.0,0.0,0.0,-0.175781,0.0,0.00674,0.13537,Nothing,seated
0.350801,7,0.0,0.0,0.0,0.0,0.0,0.0,0.0,0.0,0.0,0.0,-0.175781,0.0,0.00674,0.13537,Nothing,seated
0.400868,8,0.0,0.0,0.0,0.0,0.0,0.0,0.0,0.0,0.0,0.0,-0.175781,0.0,0.00674,0.13537,Nothing,seated
0.450935,9,0.0,0.0,0.0,0.0,0.0,0.0,0.0,0.0,0.0,0.0,-0.351562,-3.51091,0.00674,0.13537,Nothing,seated
0.501007,10,0.0,0.0,0.0,0.0,0.0,0.0,0.0,0.0,0.0,0.0,-0.351562,0.0,0.00674,0.13537,Nothing,seated
0.551079,11,0.0,0.0,0.0,0.0,0.0,0.0,0.0,0.0,0.0,0.0,-0.351562,0.0,0.00674,0.13537,Nothing,seated
0.601151,12,0.0,0.0,0.0,0.0,0.0,0.0,0.0,0.0,0.0,0.0,-0.351562,0.0,0.00674,0.13537,Nothing,seated
0.651219,13,0.0,0.0,0.0,0.0,0.0,0.0,0.0,0.0,0.0,0.0,-0.351562,0.0,0.00674,0.13537,Nothing,seated
0.701288,14,0.0,0.0,0.0,0.0,0.0,0.0,0.0,0.0,0.0,0.0,-0.351562,0.0,0.00674,0.13537,Nothing,seated
0.751358,15,0.0,0.0,0.0,0.0,0.0,0.0,0.0,0.0,0.0,0.0,-0.351562,0.0,0.00674,0.13537,Nothing,seated
0.801429,16,0.0,0.0,0.0,0.0,0.0,0.0,0.0,0.0,0.0,0.0,-0.527344,-3.51064,0.00674,0.13537,Nothing,seated
0.851496,17,0.0,0.0,0.0,0.0,0.0,0.0,0.0,0.0,0.0,0.0,-0.527344,0.0,0.00674,0.13537,Nothing,seated
0.901569,18,0.0,0.0,0.0,0.0,0.0,0.0,0.0,0.0,0.0,0.0,-0.527344,0.0,0.00674,0.13537,Nothing,seated
0.951642,19,0.0,0.0,0.0,0.0,0.0,0.0,0.0,0.0,0.0,0.0,-0.527344,0.0,0.00674,0.13537,Nothing,seated
1.00171,20,0.0,0.0,0.0,0.0,0.0,0.0,0.0,0.0,0.0,0.0,-0.527344,0.0,0.00674,0.13537,Nothing,seated
1.05178,21,0.0,0.0,0.0,0.0,0.0,0.0,0.0,0.0,0.0,0.0,-0.527344,0.0,0.00674,0.13537,Nothing,seated
1.10185,22,0.0,0.0,0.0,0.0,0.0,0.0,0.0,0.0,0.0,0.0,-0.527344,0.0,0.00674,0.13537,Nothing,seated
1.15192,23,0.0,0.0,0.0,0.0,0.0,0.0,0.0,0.0,0.0,0.0,-0.527344,0.0,0.00674,0.13537,Nothing,seated
1.20199,24,0.0,0.0,0.0,0.0,0.0,0.0,0.0,0.0,0.0,0.0,-0.527344,0.0,0.00674,0.13537,Nothing,seated
1.25206,25,0.0,0.0,0.0,0.0,0.0,0.0,0.0,0.0,0.0,0.0,-0.527344,0.0,0.00674,0.13537,Nothing,seated
1.30213,26,0.0,0.0,0.0,0.0,0.0,0.0,0.0,0.0,0.0,0.0,-0.527344,0.0,0.00674,0.13537,Nothing,seated
1.3522,27,0.0,0.0,0.0,0.0,0.0,0.0,0.0,0.0,0.0,0.0,-0.527344,0.0,0.00674,0.13537,Nothing,seated
1.40227,28,0.0,0.0,0.0,0.0,0.0,0.0,0.0,0.0,0.0,0.0,-0.527344,0.0,0.00674,0.13537,Nothing,seated
1.45235,29,0.0,0.0,0.0,0.0,0.0,0.0,0.0,0.0,0.0,0.0,-0.527344,0.0,0.00674,0.13537,Nothing,seated
1.50242,30,0.0,0.0,0.0,0.0,0.0,0.0,0.0,0.0,0.0,0.0,-0.527344,0.0,0.00674,0.13537,Nothing,seated
1.55249,31,0.0,0.0,0.0,0.0,0.0,0.0,0.0,0.0,0.0,0.0,-0.351562,3.51072,0.00674,0.13537,Nothing,seated
1.60256,32,0.0,0.0,0.0,0.0,0.0,0.0,0.0,0.0,0.0,0.0,-0.351562,0.0,0.00674,0.13537,Nothing,seated
1.65263,33,0.0,0.0,0.0,0.0,0.0,0.0,0.0,0.0,0.0,0.0,-0.351562,0.0,0.00674,0.13537,Nothing,seated
1.7027,34,0.0,0.0,0.0,0.0,0.0,0.0,0.0,0.0,0.0,0.0,-0.351562,0.0,0.00674,0.13537,Nothing,seated
1.75277,35,0.0,0.0,0.0,0.0,0.0,0.0,0.0,0.0,0.0,0.0,-0.351562,0.0,0.00674,0.13537,Nothing,seated
1.80284,36,0.0,0.0,0.0,0.0,0.0,0.0,0.0,0.0,0.0,0.0,-0.351562,0.0,0.00674,0.13537,Nothing,seated
1.85291,37,0.0,0.0,0.0,0.0,0.0,0.0,0.0,0.0,0.0,0.0,-0.351562,0.0,0.00674,0.13537,Nothing,seated
1.90298,38,0.0,0.0,0.0,0.0,0.0,0.0,0.0,0.0,0.0,0.0,-0.175781,3.51064,0.00674,0.13537,Nothing,seated
1.95306,39,0.0,0.0,0.0,0.0,0.0,0.0,0.0,0.0,0.0,0.0,-0.175781,0.0,0.00674,0.13537,Nothing,seated
2.00313,40,0.0,0.0,0.0,0.0,0.0,0.0,0.0,0.0,0.0,0.0,-0.175781,0.0,0.00674,0.13537,Nothing,seated
2.0532,41,0.0,0.0,0.0,0.0,0.0,0.0,0.0,0.0,0.0,0.0,-0.175781,0.0,0.00674,0.13537,Nothing,seated
2.10327,42,0.0,0.0,0.0,0.0,0.0,0.0,0.0,0.0,0.0,0.0,-0.175781,0.0,0.00674,0.13537,Nothing,seated
2.15335,43,0.0,0.0,0.0,0.0,0.0,0.0,0.0,0.0,0.0,0.0,-0.175781,0.0,0.00674,0.13537,Nothing,seated
2.20342,44,0.0,0.0,0.0,0.0,0.0,0.0,0.0,0.0,0.0,0.0,-0.175781,0.0,0.00674,0.13537,Nothing,seated
2.25348,45,0.0,0.0,0.0,0.0,0.0,0.0,0.0,0.0,0.0,0.0,-0.175781,0.0,0.00674,0.13537,Nothing,seated
2.30355,46,0.0,0.0,0.0,0.0,0.0,0.0,0.0,0.0,0.0,0.0,-0.175781,0.0,0.00674,0.13537,Nothing,seated
2.35362,47,0.0,0.0,0.0,0.0,0.0,0.0,0.0,0.0,0.0,0.0,0.0,3.51072,0.00674,0.13537,Nothing,seated
2.40369,48,0.0,0.0,0.0,0.0,0.0,0.0,0.0,0.0,0.0,0.0,0.0,0.0,0.00674,0.13537,Nothing,seated
2.45376,49,0.0,0.0,0.0,0.0,0.0,0.0,0.0,0.0,0.0,0.0,0.0,0.0,0.00674,0.13537,Nothing,seated
2.50383,50,0.0,0.0,0.0,0.0,0.0,0.0,0.0,0.0,0.0,0.0,0.0,0.0,0.00674,0.13537,Nothing,seated
2.55389,51,0.0,0.0,0.0,0.0,0.0,0.0,0.0,0.0,0.0,0.0,0.0,0.0,0.00674,0.13537,Nothing,seated
2.60396,52,0.0,0.0,0.0,0.0,0.0,0.0,0.0,0.0,0.0,0.0,0.175781,3.51064,0.00674,0.13537,Nothing,seated
2.65403,53,0.0,0.0,0.0,0.0,0.0,0.0,0.0,0.0,0.0,0.0,0.351562,3.51072,0.00674,0.13537,Nothing,seated
2.70411,54,0.0,0.0,0.0,0.0,0.0,0.0,0.0,0.0,0.0,0.0,0.527344,3.51036,0.00674,0.13537,Nothing,seated
2.75418,55,0.0,0.0,0.0,0.0,0.0,0.0,0.0,0.0,0.0,0.0,0.703125,3.51064,0.00674,0.13537,Nothing,seated
2.80425,56,0.0,0.0,0.0,0.0,0.0,0.0,0.0,0.0,0.0,0.0,1.05469,7.02155,0.00674,0.13537,Nothing,seated
2.85432,57,0.0,0.0,0.0,0.0,0.0,0.0,0.0,0.0,0.0,0.0,1.23047,3.51071,0.00674,0.13537,Nothing,seated
2.90439,58,0.0,0.0,0.0,0.0,0.0,0.0,0.0,0.0,0.0,0.0,1.58203,7.02158,0.00674,0.13537,Nothing,seated
2.95446,59,0.0,0.0,0.0,0.0,0.0,0.0,0.0,0.0,0.0,0.0,2.10938,10.5319,0.00674,0.13537,Nothing,seated
3.00453,60,0.0,0.0,0.0,0.0,0.0,0.0,0.0,0.0,0.0,0.0,2.46094,7.02128,0.00674,0.13537,Nothing,seated
3.05461,61,0.0,0.0,0.0,0.0,0.0,0.0,0.0,0.0,0.0,0.0,2.8125,7.02044,0.00674,0.13537,Nothing,seated
3.10468,62,0.0,0.0,0.0,0.0,0.0,0.0,0.0,0.0,0.0,0.0,3.33984,10.5323,0.00674,0.13537,Nothing,seated
3.15474,63,0.0,0.0,0.0,0.0,0.0,0.0,0.0,0.0,0.0,0.0,3.86719,10.5336,0.00674,0.13537,Nothing,seated
3.20481,64,0.0,0.0,0.0,0.0,0.0,0.0,0.0,0.0,0.0,0.0,4.21875,7.02155,0.00674,0.13537,Nothing,seated
3.25487,65,0.0,0.0,0.0,0.0,0.0,0.0,0.0,0.0,0.0,0.0,4.74609,10.5328,0.00674,0.13537,Nothing,seated
3.30494,66,0.0,0.0,0.0,0.0,0.0,0.0,0.0,0.0,0.0,0.0,5.27344,10.5328,0.00674,0.13537,Nothing,seated
3.35501,67,0.0,0.0,0.0,0.0,0.0,0.0,0.0,0.0,0.0,0.0,5.625,7.02155,0.00674,0.13537,Nothing,seated
3.40508,68,0.0,0.0,0.0,0.0,0.0,0.0,0.0,0.0,0.0,0.0,5.97656,7.02128,0.00674,0.13537,Nothing,seated
3.45515,69,0.0,0.0,0.0,0.0,0.0,0.0,0.0,0.0,0.0,0.0,6.32812,7.02141,0.00674,0.13537,Nothing,seated
3.50522,70,0.0,0.0,0.0,0.0,0.0,0.0,0.0,0.0,0.0,0.0,6.50391,3.51064,0.00674,0.13537,Nothing,seated
3.55529,71,0.0,0.0,0.0,0.0,0.0,0.0,0.0,0.0,0.0,0.0,6.67969,3.51071,0.00674,0.13537,Nothing,seated
3.60536,72,0.0,0.0,0.0,0.0,0.0,0.0,0.0,0.0,0.0,0.0,6.67969,0.0,0.00674,0.13537,Nothing,seated
3.65543,73,0.0,0.0,0.0,0.0,0.0,0.0,0.0,0.0,0.0,0.0,6.67969,0.0,0.00674,0.13537,Nothing,seated
3.7055,74,0.0,0.0,0.0,0.0,0.0,0.0,0.0,0.0,0.0,0.0,6.67969,0.0,0.00674,0.13537,Nothing,seated
3.75557,75,0.0,0.0,0.0,0.0,0.0,0.0,0.0,0.0,0.0,0.0,6.32812,-7.02101,0.00674,0.13537,Nothing,seated
3.80564,76,0.0,0.0,0.0,0.0,0.0,0.0,0.0,0.0,0.0,0.0,6.15234,-3.51064,0.00674,0.13537,Nothing,seated
3.85571,77,0.0,0.0,0.0,0.0,0.0,0.0,0.0,0.0,0.0,0.0,5.625,-10.5321,0.00674,0.13537,Nothing,seated
3.90579,78,0.0,0.0,0.0,0.0,0.0,0.0,0.0,0.0,0.0,0.0,5.09766,-10.5317,0.00674,0.13537,Nothing,seated
3.95585,79,0.0,0.0,0.0,0.0,0.0,0.0,0.0,0.0,0.0,0.0,4.57031,-10.5326,0.00674,0.13537,Nothing,seated
4.00592,80,0.0,0.0,0.0,0.0,0.0,0.0,0.0,0.0,0.0,0.0,3.86719,-14.0434,0.00674,0.13537,Nothing,seated
4.056,81,0.0,0.0,0.0,0.0,0.0,0.0,0.0,0.0,0.0,0.0,3.16406,-14.0418,0.00674,0.13537,Nothing,seated
4.10607,82,0.0,0.0,0.0,0.0,0.0,0.0,0.0,0.0,0.0,0.0,2.28516,-17.5532,0.00674,0.13537,Nothing,seated
4.15614,83,0.0,0.0,0.0,0.0,0.0,0.0,0.0,0.0,0.0,0.0,1.40625,-17.5534,0.00674,0.13537,Nothing,seated
4.20621,84,0.0,0.0,0.0,0.0,0.0,0.0,0.0,0.0,0.0,0.0,0.527344,-17.5535,0.00674,0.13537,Nothing,seated
4.25628,85,0.0,0.0,0.0,0.0,0.0,0.0,0.0,0.0,0.0,0.0,-0.351562,-17.554,0.00674,0.13537,Nothing,seated
4.30635,86,0.0,0.0,0.0,0.0,0.0,0.0,0.0,0.0,0.0,0.0,-1.05469,-14.0429,0.00674,0.13537,Nothing,seated
4.35642,87,0.0,0.0,0.0,0.0,0.0,0.0,0.0,0.0,0.0,0.0,-1.93359,-17.5535,0.00674,0.13537,Nothing,seated
4.40649,88,0.0,0.0,0.0,0.0,0.0,0.0,0.0,0.0,0.0,0.0,-2.8125,-17.5531,0.00674,0.13537,Nothing,seated
4.45656,89,0.0,0.0,0.0,0.0,0.0,0.0,0.0,0.0,0.0,0.0,-3.51562,-14.0414,0.00674,0.13537,Nothing,seated
4.50663,90,0.0,0.0,0.0,0.0,0.0,0.0,0.0,0.0,0.0,0.0,-4.39453,-17.5539,0.00674,0.13537,Nothing,seated
4.5567,91,0.0,0.0,0.0,0.0,0.0,0.0,0.0,0.0,0.0,0.0,-4.92188,-10.5327,0.00674,0.13537,Nothing,seated
4.60677,92,0.0,0.0,0.0,0.0,0.0,0.0,0.0,0.0,0.0,0.0,-5.625,-14.0428,0.00674,0.13537,Nothing,seated
4.6568,93,0.0,0.0,0.0,0.0,0.0,0.0,0.0,0.0,0.0,0.0,-5.97656,-7.02663,0.00674,0.13537,Nothing,seated
4.70687,94,0.0,0.0,0.0,0.0,0.0,0.0,0.0,0.0,0.0,0.0,-6.50391,-10.5318,0.00674,0.13537,Nothing,seated
4.75694,95,0.0,0.0,0.0,0.0,0.0,0.0,0.0,0.0,0.0,0.0,-6.85547,-7.02168,0.00674,0.13537,Nothing,seated
4.80701,96,0.0,0.0,0.0,0.0,0.0,0.0,0.0,0.0,0.0,0.0,-7.03125,-3.51084,0.00674,0.13537,Nothing,seated
4.85708,97,0.0,0.0,0.0,0.0,0.0,0.0,0.0,0.0,0.0,0.0,-7.20703,-3.51062,0.00674,0.13537,Nothing,seated
4.90716,98,0.0,0.0,0.0,0.0,0.0,0.0,0.0,0.0,0.0,0.0,-7.20703,0.0,0.00674,0.13537,Nothing,seated
4.95723,99,0.0,0.0,0.0,0.0,0.0,0.0,0.0,0.0,0.0,0.0,-7.20703,0.0,0.00674,0.13537,Nothing,seated
5.0073,100,0.0,0.0,0.0,0.0,0.0,0.0,0.0,0.0,0.0,0.0,-7.03125,3.51069,0.00674,0.13537,Nothing,seated
5.05737,101,0.0,0.0,0.0,0.0,0.0,0.0,0.0,0.0,0.0,0.0,-6.67969,7.02128,0.00674,0.13537,Nothing,seated
