0.00180697,0,-0.00383455,-0.203252,0.0,0.0,0.0,0.0,0.0,0.0,0.0,0.0,0.0,0.0,0.00674,0.13537,None,seated
0.012547,1,-0.00383455,-0.203252,0.0,0.0,0.0,0.0,0.0,0.0,0.0,0.0,0.0,0.0,0.00674,0.13537,Nothing,seated
0.022614,2,-0.000958268,-0.203252,0.0,0.0,0.0,0.0,0.0,0.0,0.0,0.0,0.0,0.0,0.00674,0.13537,Nothing,seated
0.0326819,3,-0.000958268,-0.203252,0.0,0.0,0.0,0.0,0.0,0.0,0.0,0.0,0.0,0.0,0.00674,0.13537,Nothing,seated
0.0427279,4,-0.000958268,-0.201335,0.0,0.0,0.0,0.0,0.0,0.0,0.0,0.0,0.0,0.0,0.00674,0.13537,Nothing,seated
0.052794,5,-0.000958268,-0.201335,0.0,0.0,0.0,0.0,0.0,0.0,0.0,0.0,0.0,0.0,0.00674,0.13537,Nothing,seated
0.0628581,6,-0.000958268,-0.202294,0.0,0.0,0.0,0.0,0.0,0.0,0.0,0.0,0.0,0.0,0.00674,0.13537,Nothing,seated
0.0729291,7,-0.000958268,-0.202294,0.0,0.0,0.0,0.0,0.0,0.0,0.0,0.0,0.0,0.0,0.00674,0.13537,Nothing,seated
0.082993,8,-0.00191719,-0.203252,0.0,0.0,0.0,0.0,0.0,0.0,0.0,0.0,0.0,0.0,0.00674,0.13537,Nothing,seated
0.0930631,9,-0.00191719,-0.203252,0.0,0.0,0.0,0.0,0.0,0.0,0.0,0.0,0.0,0.0,0.00674,0.13537,Nothing,seated
0.107344,10,-0.00191719,-0.203252,0.0,0.0,0.0,0.0,0.0,0.0,0.0,0.0,0.0,0.0,0.00674,0.13537,Nothing,seated
0.118737,11,-0.00191719,-0.202294,0.0,0.0,0.0,0.0,0.0,0.0,0.0,0.0,0.0,0.0,0.00674,0.13537,Nothing,seated
0.128804,12,1.74846e-07,-0.202294,0.0,0.0,0.0,0.0,0.0,0.0,0.0,0.0,0.0,0.0,0.00674,0.13537,Nothing,seated
0.140476,13,1.74846e-07,-0.201335,0.0,0.0,0.0,0.0,0.0,0.0,0.0,0.0,0.0,0.0,0.00674,0.13537,Nothing,seated
0.151977,14,1.74846e-07,-0.201335,0.0,0.0,0.0,0.0,0.0,0.0,0.0,0.0,0.0,0.0,0.00674,0.13537,Nothing,seated
0.162067,15,1.74846e-07,-0.200376,0.0,0.0,0.0,0.0,0.0,0.0,0.0,0.0,0.0,0.0,0.00674,0.13537,Nothing,seated
0.172133,16,-0.00191719,-0.200376,0.0,0.0,0.0,0.0,0.0,0.0,0.0,0.0,0.0,0.0,0.00674,0.13537,Nothing,seated
0.182208,17,-0.00191719,-0.20632,0.0,0.0,0.0,0.0,0.0,0.0,0.0,0.0,0.0,0.0,0.00674,0.13537,Nothing,seated
0.192308,18,1.74846e-07,-0.20632,0.0,0.0,0.0,0.0,0.0,0.0,0.0,0.0,0.0,0.0,0.00674,0.13537,Nothing,seated
0.202732,19,1.74846e-07,-0.203252,0.0,0.0,0.0,0.0,0.0,0.0,0.0,0.0,0.0,0.0,0.00674,0.13537,Nothing,seated
0.2128,20,0.00115078,-0.203252,0.0,0.0,0.0,0.0,0.0,0.0,0.0,0.0,0.0,0.0,0.00674,0.13537,Nothing,seated
0.222867,21,0.00115078,-0.203252,0.0,0.0,0.0,0.0,0.0,0.0,0.0,0.0,0.0,0.0,0.00674,0.13537,Nothing,seated
0.232937,22,-0.00479347,-0.203252,0.0,0.0,0.0,0.0,0.0,0.0,0.0,0.0,0.0,0.0,0.00674,0.13537,Nothing,seated
0.244223,23,-0.00287611,-0.201335,0.0,0.0,0.0,0.0,0.0,0.0,0.0,0.0,0.0,0.0,0.00674,0.13537,Nothing,seated
0.255472,24,-0.00287611,-0.201335,0.0,0.0,0.0,0.0,0.0,0.0,0.0,0.0,0.0,0.0,0.00674,0.13537,Nothing,seated
0.265593,25,1.74846e-07,-0.201335,0.0,0.0,0.0,0.0,0.0,0.0,0.0,0.0,0.0,0.0,0.00674,0.13537,Nothing,seated
0.275764,26,1.74846e-07,-0.201335,0.0,0.0,0.0,0.0,0.0,0.0,0.0,0.0,0.0,0.0,0.00674,0.13537,Nothing,seated
0.285851,27,-0.00383455,-0.201335,0.0,0.0,0.0,0.0,0.0,0.0,0.0,0.0,0.0,0.0,0.00674,0.13537,Nothing,seated
0.295925,28,-0.00383455,-0.202294,0.0,0.0,0.0,0.0,0.0,0.0,0.0,0.0,0.0,0.0,0.00674,0.13537,Nothing,seated
0.306602,29,-0.00383455,-0.199226,0.0,0.0,0.0,0.0,0.0,0.0,0.0,0.0,0.0,0.0,0.00674,0.13537,Nothing,seated
0.318855,30,0.00210923,-0.199226,0.0,0.0,0.0,0.0,0.0,0.0,0.0,0.0,0.0,0.0,0.00674,0.13537,Nothing,seated
0.330372,31,0.00402706,-0.200376,0.0,0.0,0.0,0.0,0.0,0.0,0.0,0.0,0.0,0.0,0.00674,0.13537,Nothing,seated
0.343375,32,0.00402706,-0.200376,0.0,0.0,0.0,0.0,0.0,0.0,0.0,0.0,0.0,0.0,0.00674,0.13537,Nothing,seated
0.353976,33,0.00210923,-0.200376,0.0,0.0,0.0,0.0,0.0,0.0,0.0,0.0,0.0,0.0,0.00674,0.13537,Nothing,seated
0.364047,34,0.00210923,-0.200376,0.0,0.0,0.0,0.0,0.0,0.0,0.0,0.0,0.0,0.0,0.00674,0.13537,Nothing,seated
0.374112,35,0.00210923,-0.201335,0.0,0.0,0.0,0.0,0.0,0.0,0.0,0.0,0.0,0.0,0.00674,0.13537,Nothing,seated
0.384178,36,0.00210923,-0.201335,0.0,0.0,0.0,0.0,0.0,0.0,0.0,0.0,0.0,0.0,0.00674,0.13537,Nothing,seated
0.394208,37,0.00306815,-0.201335,0.0,0.0,0.0,0.0,0.0,0.0,0.0,0.0,0.0,0.0,0.00674,0.13537,Nothing,seated
0.404282,38,0.00306815,-0.201335,0.0,0.0,0.0,0.0,0.0,0.0,0.0,0.0,0.0,0.0,0.00674,0.13537,Nothing,seated
0.414352,39,0.00306815,-0.19635,0.0,0.0,0.0,0.0,0.0,0.0,0.0,0.0,0.0,0.0,0.00674,0.13537,Nothing,seated
0.424738,40,0.00306815,-0.19635,0.0,0.0,0.0,0.0,0.0,0.0,0.0,0.0,0.0,0.0,0.00674,0.13537,Nothing,seated
0.434803,41,0.00690335,-0.199226,0.0,0.0,0.0,0.0,0.0,0.0,0.0,0.0,0.0,0.0,0.00674,0.13537,Nothing,seated
0.445974,42,0.00690335,-0.199226,0.0,0.0,0.0,0.0,0.0,0.0,0.0,0.0,0.0,0.0,0.00674,0.13537,Nothing,seated
0.458956,43,0.00402706,-0.195391,0.0,0.0,0.0,0.0,0.0,0.0,0.0,0.0,0.0,0.0,0.00674,0.13537,Nothing,seated
0.472368,44,0.00402706,-0.192323,0.0,0.0,0.0,0.0,0.0,0.0,0.0,0.0,0.0,0.0,0.00674,0.13537,Nothing,seated
0.483058,45,0.00594443,-0.192323,0.0,0.0,0.0,0.0,0.0,0.0,0.0,0.0,0.0,0.0,0.00674,0.13537,Nothing,seated
0.495221,46,0.00402706,-0.192323,0.0,0.0,0.0,0.0,0.0,0.0,0.0,0.0,0.0,0.0,0.00674,0.13537,Nothing,seated
0.506376,47,0.00402706,-0.192323,0.0,0.0,0.0,0.0,0.0,0.0,0.0,0.0,0.0,0.0,0.00674,0.13537,Nothing,seated
0.518097,48,0.00498551,-0.189255,0.0,0.0,0.0,0.0,0.0,0.0,0.0,0.0,0.175781,2.97223,0.00674,0.13537,Nothing,seated
0.528168,49,0.00498551,-0.183311,0.0,0.0,0.0,0.0,0.0,0.0,0.0,0.0,0.175781,3.1502,0.00674,0.13537,Nothing,seated
0.541727,50,0.0107381,-0.183311,0.0,0.0,0.0,0.0,0.0,0.0,0.0,0.0,0.175781,2.99615,0.00674,0.13537,Nothing,seated
0.552058,51,0.0107381,-0.168546,0.0,0.0,0.0,0.0,0.0,0.0,0.0,0.0,0.175781,3.09273,0.00674,0.13537,Nothing,seated
0.56212,52,0.00977915,-0.168546,0.0,0.0,0.0,0.0,0.0,0.0,0.0,0.0,0.175781,3.15337,0.00674,0.13537,Nothing,seated
0.572373,53,0.00882071,-0.171423,0.0,0.0,0.0,0.0,0.0,0.0,0.0,0.0,0.175781,0.0,0.00674,0.13537,Nothing,seated
0.583853,54,0.00882071,-0.171423,0.0,0.0,0.0,0.0,0.0,0.0,0.0,0.0,0.175781,0.0,0.00674,0.13537,Nothing,seated
0.597857,55,0.00402706,-0.171423,0.0,0.0,0.0,0.0,0.0,0.0,0.0,0.0,0.175781,0.0,0.00674,0.13537,Nothing,seated
0.607974,56,0.00402706,-0.171423,0.0,0.0,0.0,0.0,0.0,0.0,0.0,0.0,0.175781,0.0,0.00674,0.13537,Nothing,seated
0.618974,57,0.00498551,-0.163561,0.0,0.0,0.0,0.0,0.0,0.0,0.0,0.0,0.175781,0.0,0.00674,0.13537,Nothing,seated
0.62965,58,0.00498551,-0.157617,0.0,0.0,0.0,0.0,0.0,0.0,0.0,0.0,0.175781,0.0,0.00674,0.13537,Nothing,seated
0.639729,59,0.00210923,-0.157233,0.0,0.0,0.0,0.0,0.0,0.0,0.0,0.0,0.175781,0.0,0.00674,0.13537,Nothing,seated
0.653121,60,0.00230139,-0.156466,0.0,0.0,0.0,0.0,0.0,0.0,0.0,0.0,0.351562,3.18076,0.00674,0.13537,Nothing,seated
0.663472,61,0.00230139,-0.155891,0.0,0.0,0.0,0.0,0.0,0.0,0.0,0.0,0.351562,3.16735,0.00674,0.13537,Nothing,seated
0.673535,62,0.00210923,-0.149755,0.0,0.0,0.0,0.0,0.0,0.0,0.0,0.0,0.351562,3.22173,0.00674,0.13537,Nothing,seated
0.683602,63,0.00210923,-0.149755,0.0,0.0,0.0,0.0,0.0,0.0,0.0,0.0,0.351562,3.25811,0.00674,0.13537,Nothing,seated
0.696064,64,-0.000958268,-0.147837,0.0,0.0,0.0,0.0,0.0,0.0,0.0,0.0,0.351562,3.12029,0.00674,0.13537,Nothing,seated
0.706612,65,-0.000958268,-0.147837,0.0,0.0,0.0,0.0,0.0,0.0,0.0,0.0,0.351562,0.0,0.00674,0.13537,Nothing,seated
0.718854,66,-0.000958268,-0.144769,0.0,0.0,0.0,0.0,0.0,0.0,0.0,0.0,0.351562,0.0,0.00674,0.13537,Nothing,seated
0.729983,67,-0.000958268,-0.144194,0.0,0.0,0.0,0.0,0.0,0.0,0.0,0.0,0.351562,0.0,0.00674,0.13537,Nothing,seated
0.740053,68,-0.000574891,-0.143619,0.0,0.0,0.0,0.0,0.0,0.0,0.0,0.0,0.351562,0.0,0.00674,0.13537,Nothing,seated
0.752851,69,1.74846e-07,-0.14266,0.0,0.0,0.0,0.0,0.0,0.0,0.0,0.0,0.527344,3.09545,0.00674,0.13537,Nothing,seated
0.763736,70,0.000383552,-0.141701,0.0,0.0,0.0,0.0,0.0,0.0,0.0,0.0,0.527344,3.07719,0.00674,0.13537,Nothing,seated
0.773868,71,0.000767406,-0.140551,0.0,0.0,0.0,0.0,0.0,0.0,0.0,0.0,0.527344,3.1952,0.00674,0.13537,Nothing,seated
0.783938,72,0.000767406,-0.139401,0.0,0.0,0.0,0.0,0.0,0.0,0.0,0.0,0.703125,6.51584,0.00674,0.13537,Nothing,seated
0.794009,73,0.00134247,-0.131922,0.0,0.0,0.0,0.0,0.0,0.0,0.0,0.0,0.703125,6.51572,0.00674,0.13537,Nothing,seated
0.805373,74,0.00402706,-0.12617,0.0,0.0,0.0,0.0,0.0,0.0,0.0,0.0,0.703125,3.34682,0.00674,0.13537,Nothing,seated
0.819251,75,0.00402706,-0.12617,0.0,0.0,0.0,0.0,0.0,0.0,0.0,0.0,0.703125,3.16637,0.00674,0.13537,Nothing,seated
0.830853,76,0.00498551,-0.13058,0.0,0.0,0.0,0.0,0.0,0.0,0.0,0.0,0.878906,6.1694,0.00674,0.13537,Nothing,seated
0.842858,77,0.0051772,-0.129046,0.0,0.0,0.0,0.0,0.0,0.0,0.0,0.0,0.878906,2.98339,0.00674,0.13537,Nothing,seated
0.855473,78,0.00594443,-0.127512,0.0,0.0,0.0,0.0,0.0,0.0,0.0,0.0,1.05469,5.7198,0.00674,0.13537,Nothing,seated
0.866253,79,0.00613612,-0.125978,0.0,0.0,0.0,0.0,0.0,0.0,0.0,0.0,1.05469,5.77466,0.00674,0.13537,Nothing,seated
0.876326,80,0.00651949,-0.124636,0.0,0.0,0.0,0.0,0.0,0.0,0.0,0.0,1.05469,6.15966,0.00674,0.13537,Nothing,seated
0.886373,81,0.00671118,-0.123102,0.0,0.0,0.0,0.0,0.0,0.0,0.0,0.0,1.23047,6.33217,0.00674,0.13537,Nothing,seated
0.896729,82,0.00690335,-0.120034,0.0,0.0,0.0,0.0,0.0,0.0,0.0,0.0,1.23047,6.52602,0.00674,0.13537,Nothing,seated
0.913852,83,0.00728672,-0.118117,0.0,0.0,0.0,0.0,0.0,0.0,0.0,0.0,1.40625,6.02208,0.00674,0.13537,Nothing,seated
0.923918,84,0.00747841,-0.116774,0.0,0.0,0.0,0.0,0.0,0.0,0.0,0.0,1.40625,6.09665,0.00674,0.13537,Nothing,seated
0.933988,85,0.00690335,-0.120226,0.0,0.0,0.0,0.0,0.0,0.0,0.0,0.0,1.58203,9.14543,0.00674,0.13537,Nothing,seated
0.944079,86,1.74846e-07,-0.122143,0.0,0.0,0.0,0.0,0.0,0.0,0.0,0.0,1.58203,6.09229,0.00674,0.13537,Nothing,seated
0.958736,87,1.74846e-07,-0.122143,0.0,0.0,0.0,0.0,0.0,0.0,0.0,0.0,1.75781,8.50459,0.00674,0.13537,Nothing,seated
0.969373,88,-0.00766975,-0.11524,0.0,0.0,0.0,0.0,0.0,0.0,0.0,0.0,1.93359,9.49809,0.00674,0.13537,Nothing,seated
0.979438,89,-0.00747806,-0.113323,0.0,0.0,0.0,0.0,0.0,0.0,0.0,0.0,1.93359,9.49826,0.00674,0.13537,Nothing,seated
0.989508,90,-0.00747806,-0.111406,0.0,0.0,0.0,0.0,0.0,0.0,0.0,0.0,2.10938,9.49826,0.00674,0.13537,Nothing,seated
0.999604,91,-0.00766975,-0.105461,0.0,0.0,0.0,0.0,0.0,0.0,0.0,0.0,2.10938,9.49744,0.00674,0.13537,Nothing,seated
1.00967,92,-0.0116962,-0.105461,0.0,0.0,0.0,0.0,0.0,0.0,0.0,0.0,2.28516,10.3526,0.00674,0.13537,Nothing,seated
1.02069,93,-0.0116962,-0.113323,0.0,0.0,0.0,0.0,0.0,0.0,0.0,0.0,2.46094,10.2752,0.00674,0.13537,Nothing,seated
1.03185,94,-0.00287611,-0.111981,0.0,0.0,0.0,0.0,0.0,0.0,0.0,0.0,2.46094,10.0607,0.00674,0.13537,Nothing,seated
1.04198,95,-0.00287611,-0.110063,0.0,0.0,0.0,0.0,0.0,0.0,0.0,0.0,2.63672,10.0506,0.00674,0.13537,Nothing,seated
1.05228,96,-0.0107377,-0.110447,0.0,0.0,0.0,0.0,0.0,0.0,0.0,0.0,2.8125,13.3488,0.00674,0.13537,Nothing,seated
1.06348,97,-0.0164903,-0.105461,0.0,0.0,0.0,0.0,0.0,0.0,0.0,0.0,2.8125,9.80173,0.00674,0.13537,Nothing,seated
1.07355,98,-0.0164903,-0.105461,0.0,0.0,0.0,0.0,0.0,0.0,0.0,0.0,2.98828,9.97794,0.00674,0.13537,Nothing,seated
1.0836,99,-0.0164903,-0.0937645,0.0,0.0,0.0,0.0,0.0,0.0,0.0,0.0,3.16406,13.5891,0.00674,0.13537,Nothing,seated
1.0946,100,-0.0174487,-0.0918471,0.0,0.0,0.0,0.0,0.0,0.0,0.0,0.0,3.16406,10.0216,0.00674,0.13537,Nothing,seated
1.10638,101,-0.0164903,-0.0975997,0.0,0.0,0.0,0.0,0.0,0.0,0.0,0.0,3.33984,9.74722,0.00674,0.13537,Nothing,seated
1.11886,102,-0.0164903,-0.119267,0.0,0.0,0.0,0.0,0.0,0.0,0.0,0.0,3.51562,12.6957,0.00674,0.13537,Nothing,seated
1.13347,103,-0.0253103,-0.119267,0.0,0.0,0.0,0.0,0.0,0.0,0.0,0.0,3.69141,11.7334,0.00674,0.13537,Nothing,seated
1.14386,104,-0.0253103,-0.130005,0.0,0.0,0.0,0.0,0.0,0.0,0.0,0.0,3.86719,11.6674,0.00674,0.13537,Nothing,seated
1.15591,105,-0.0224341,-0.130005,0.0,0.0,0.0,0.0,0.0,0.0,0.0,0.0,4.04297,14.335,0.00674,0.13537,Nothing,seated
1.16673,106,-0.0222424,-0.128279,0.0,0.0,0.0,0.0,0.0,0.0,0.0,0.0,4.21875,14.5632,0.00674,0.13537,Nothing,seated
1.17873,107,-0.0222424,-0.12617,0.0,0.0,0.0,0.0,0.0,0.0,0.0,0.0,4.21875,11.7436,0.00674,0.13537,Nothing,seated
1.18938,108,-0.0220507,-0.120418,0.0,0.0,0.0,0.0,0.0,0.0,0.0,0.0,4.39453,12.5767,0.00674,0.13537,Nothing,seated
1.20364,109,-0.021859,-0.117733,0.0,0.0,0.0,0.0,0.0,0.0,0.0,0.0,4.57031,11.7627,0.00674,0.13537,Nothing,seated
1.21548,110,-0.0214756,-0.115432,0.0,0.0,0.0,0.0,0.0,0.0,0.0,0.0,4.74609,11.8043,0.00674,0.13537,Nothing,seated
1.22926,111,-0.0184076,-0.123102,0.0,0.0,0.0,0.0,0.0,0.0,0.0,0.0,4.92188,11.2453,0.00674,0.13537,Nothing,seated
1.24147,112,-0.0180243,-0.120609,0.0,0.0,0.0,0.0,0.0,0.0,0.0,0.0,5.09766,14.0083,0.00674,0.13537,Nothing,seated
1.25235,113,-0.0176404,-0.118308,0.0,0.0,0.0,0.0,0.0,0.0,0.0,0.0,5.27344,13.9578,0.00674,0.13537,Nothing,seated
1.26486,114,-0.017257,-0.116007,0.0,0.0,0.0,0.0,0.0,0.0,0.0,0.0,5.27344,11.4849,0.00674,0.13537,Nothing,seated
1.27547,115,-0.0170653,-0.113706,0.0,0.0,0.0,0.0,0.0,0.0,0.0,0.0,5.44922,11.7189,0.00674,0.13537,Nothing,seated
1.28554,116,-0.0168737,-0.111789,0.0,0.0,0.0,0.0,0.0,0.0,0.0,0.0,5.625,12.4925,0.00674,0.13537,Nothing,seated
1.29561,117,0.00210923,-0.116199,0.0,0.0,0.0,0.0,0.0,0.0,0.0,0.0,5.80078,12.9876,0.00674,0.13537,Nothing,seated
1.30568,118,0.00210923,-0.116199,0.0,0.0,0.0,0.0,0.0,0.0,0.0,0.0,5.80078,9.88717,0.00674,0.13537,Nothing,seated
1.31573,119,0.0128471,-0.118308,0.0,0.0,0.0,0.0,0.0,0.0,0.0,0.0,5.97656,13.8209,0.00674,0.13537,Nothing,seated
1.3258,120,0.0128471,-0.118308,0.0,0.0,0.0,0.0,0.0,0.0,0.0,0.0,6.15234,13.9711,0.00674,0.13537,Nothing,seated
1.33825,121,0.00977915,-0.122143,0.0,0.0,0.0,0.0,0.0,0.0,0.0,0.0,6.32812,13.3385,0.00674,0.13537,Nothing,seated
1.34935,122,0.00977915,-0.12176,0.0,0.0,0.0,0.0,0.0,0.0,0.0,0.0,6.50391,13.0846,0.00674,0.13537,Nothing,seated
1.35947,123,0.0118887,-0.123102,0.0,0.0,0.0,0.0,0.0,0.0,0.0,0.0,6.50391,13.0722,0.00674,0.13537,Nothing,seated
1.37173,124,0.0118887,-0.121185,0.0,0.0,0.0,0.0,0.0,0.0,0.0,0.0,6.67969,12.556,0.00674,0.13537,Nothing,seated
1.3826,125,0.013806,-0.121185,0.0,0.0,0.0,0.0,0.0,0.0,0.0,0.0,6.85547,12.3796,0.00674,0.13537,Nothing,seated
1.39267,126,0.014765,-0.12617,0.0,0.0,0.0,0.0,0.0,0.0,0.0,0.0,6.85547,9.69094,0.00674,0.13537,Nothing,seated
1.40573,127,0.014765,-0.123486,0.0,0.0,0.0,0.0,0.0,0.0,0.0,0.0,7.03125,9.35239,0.00674,0.13537,Nothing,seated
1.41847,128,0.0149566,-0.121568,0.0,0.0,0.0,0.0,0.0,0.0,0.0,0.0,7.20703,11.9172,0.00674,0.13537,Nothing,seated
1.43147,129,0.0195586,-0.121185,0.0,0.0,0.0,0.0,0.0,0.0,0.0,0.0,7.38281,11.7696,0.00674,0.13537,Nothing,seated
1.44237,130,0.0185997,-0.120609,0.0,0.0,0.0,0.0,0.0,0.0,0.0,0.0,7.38281,8.82202,0.00674,0.13537,Nothing,seated
1.45273,131,0.0187914,-0.118308,0.0,0.0,0.0,0.0,0.0,0.0,0.0,0.0,7.55859,11.7065,0.00674,0.13537,Nothing,seated
1.4628,132,0.0187914,-0.11409,0.0,0.0,0.0,0.0,0.0,0.0,0.0,0.0,7.73438,12.3211,0.00674,0.13537,Nothing,seated
1.4776,133,0.0191752,-0.112748,0.0,0.0,0.0,0.0,0.0,0.0,0.0,0.0,7.91016,11.8918,0.00674,0.13537,Nothing,seated
1.48806,134,0.0193669,-0.111022,0.0,0.0,0.0,0.0,0.0,0.0,0.0,0.0,7.91016,9.31886,0.00674,0.13537,Nothing,seated
1.49825,135,0.0195586,-0.109296,0.0,0.0,0.0,0.0,0.0,0.0,0.0,0.0,8.08594,12.5843,0.00674,0.13537,Nothing,seated
1.50998,136,0.0185997,-0.127129,0.0,0.0,0.0,0.0,0.0,0.0,0.0,0.0,8.08594,9.21174,0.00674,0.13537,Nothing,seated
1.5216,137,0.014765,-0.123102,0.0,0.0,0.0,0.0,0.0,0.0,0.0,0.0,8.26172,8.96902,0.00674,0.13537,Nothing,seated
1.53206,138,0.014765,-0.121185,0.0,0.0,0.0,0.0,0.0,0.0,0.0,0.0,8.4375,9.68317,0.00674,0.13537,Nothing,seated
1.54286,139,0.013806,-0.121185,0.0,0.0,0.0,0.0,0.0,0.0,0.0,0.0,8.4375,9.62393,0.00674,0.13537,Nothing,seated
1.55292,140,0.013806,-0.128088,0.0,0.0,0.0,0.0,0.0,0.0,0.0,0.0,8.4375,6.43076,0.00674,0.13537,Nothing,seated
1.56298,141,0.014765,-0.128088,0.0,0.0,0.0,0.0,0.0,0.0,0.0,0.0,8.61328,9.94895,0.00674,0.13537,Nothing,seated
1.57786,142,0.0157234,-0.138826,0.0,0.0,0.0,0.0,0.0,0.0,0.0,0.0,8.61328,6.24867,0.00674,0.13537,Nothing,seated
1.5881,143,0.0157234,-0.138826,0.0,0.0,0.0,0.0,0.0,0.0,0.0,0.0,8.78906,6.27318,0.00674,0.13537,Nothing,seated
1.59875,144,0.014765,-0.137867,0.0,0.0,0.0,0.0,0.0,0.0,0.0,0.0,8.78906,6.28968,0.00674,0.13537,Nothing,seated
1.60882,145,0.014765,-0.137867,0.0,0.0,0.0,0.0,0.0,0.0,0.0,0.0,8.78906,6.28869,0.00674,0.13537,Nothing,seated
1.62059,146,0.0128471,-0.137867,0.0,0.0,0.0,0.0,0.0,0.0,0.0,0.0,8.96484,6.10319,0.00674,0.13537,Nothing,seated
1.63125,147,0.0128471,-0.131922,0.0,0.0,0.0,0.0,0.0,0.0,0.0,0.0,8.96484,6.58468,0.00674,0.13537,Nothing,seated
1.64259,148,0.014765,-0.130772,0.0,0.0,0.0,0.0,0.0,0.0,0.0,0.0,9.14062,6.45237,0.00674,0.13537,Nothing,seated
1.65347,149,0.0149566,-0.129622,0.0,0.0,0.0,0.0,0.0,0.0,0.0,0.0,9.14062,6.42451,0.00674,0.13537,Nothing,seated
1.66374,150,0.0149566,-0.128279,0.0,0.0,0.0,0.0,0.0,0.0,0.0,0.0,9.14062,6.40192,0.00674,0.13537,Nothing,seated
1.67447,151,0.014765,-0.12732,0.0,0.0,0.0,0.0,0.0,0.0,0.0,0.0,9.31641,6.5242,0.00674,0.13537,Nothing,seated
1.6856,152,0.014765,-0.126362,0.0,0.0,0.0,0.0,0.0,0.0,0.0,0.0,9.31641,6.4691,0.00674,0.13537,Nothing,seated
1.69566,153,0.014765,-0.125595,0.0,0.0,0.0,0.0,0.0,0.0,0.0,0.0,9.31641,3.312,0.00674,0.13537,Nothing,seated
1.70573,154,0.0145733,-0.124828,0.0,0.0,0.0,0.0,0.0,0.0,0.0,0.0,9.31641,3.36366,0.00674,0.13537,Nothing,seated
1.7158,155,0.0145733,-0.124252,0.0,0.0,0.0,0.0,0.0,0.0,0.0,0.0,9.49219,6.75264,0.00674,0.13537,Nothing,seated
1.72586,156,0.0145733,-0.123486,0.0,0.0,0.0,0.0,0.0,0.0,0.0,0.0,9.49219,3.421,0.00674,0.13537,Nothing,seated
1.73592,157,0.0143811,-0.122527,0.0,0.0,0.0,0.0,0.0,0.0,0.0,0.0,9.49219,3.49265,0.00674,0.13537,Nothing,seated
1.74798,158,-0.00191719,-0.11524,0.0,0.0,0.0,0.0,0.0,0.0,0.0,0.0,9.49219,3.35999,0.00674,0.13537,Nothing,seated
1.75873,159,-0.00671083,-0.108338,0.0,0.0,0.0,0.0,0.0,0.0,0.0,0.0,9.49219,3.31682,0.00674,0.13537,Nothing,seated
1.76881,160,-0.00671083,-0.108338,0.0,0.0,0.0,0.0,0.0,0.0,0.0,0.0,9.49219,0.0,0.00674,0.13537,Nothing,seated
1.78186,161,-0.00671083,-0.107954,0.0,0.0,0.0,0.0,0.0,0.0,0.0,0.0,9.49219,0.0,0.00674,0.13537,Nothing,seated
1.7926,162,-0.00671083,-0.107187,0.0,0.0,0.0,0.0,0.0,0.0,0.0,0.0,9.49219,0.0,0.00674,0.13537,Nothing,seated
1.80267,163,-0.00651914,-0.10642,0.0,0.0,0.0,0.0,0.0,0.0,0.0,0.0,9.49219,0.0,0.00674,0.13537,Nothing,seated
1.81338,164,-0.00651914,-0.104695,0.0,0.0,0.0,0.0,0.0,0.0,0.0,0.0,9.49219,0.0,0.00674,0.13537,Nothing,seated
1.82623,165,-0.00632745,-0.103544,0.0,0.0,0.0,0.0,0.0,0.0,0.0,0.0,9.49219,0.0,0.00674,0.13537,Nothing,seated
1.84398,166,-0.00613577,-0.101434,0.0,0.0,0.0,0.0,0.0,0.0,0.0,0.0,9.49219,0.0,0.00674,0.13537,Nothing,seated
1.85807,167,-0.00594408,-0.100859,0.0,0.0,0.0,0.0,0.0,0.0,0.0,0.0,9.49219,0.0,0.00674,0.13537,Nothing,seated
1.87138,168,-0.00671083,-0.0651943,0.0,0.0,0.0,0.0,0.0,0.0,0.0,0.0,9.49219,0.0,0.00674,0.13537,Nothing,seated
1.89064,169,-0.0097788,-0.0496628,0.0,0.0,0.0,0.0,0.0,0.0,0.0,0.0,9.49219,0.0,0.00674,0.13537,Nothing,seated
1.90206,170,-0.0097788,-0.0358569,0.0,0.0,0.0,0.0,0.0,0.0,0.0,0.0,9.49219,0.0,0.00674,0.13537,Nothing,seated
1.91823,171,-0.00766975,-0.034898,0.0,0.0,0.0,0.0,0.0,0.0,0.0,0.0,9.49219,0.0,0.00674,0.13537,Nothing,seated
1.94002,172,-0.000958268,-0.028187,0.0,0.0,0.0,0.0,0.0,0.0,0.0,0.0,9.49219,0.0,0.00674,0.13537,Nothing,seated
1.96373,173,-0.000958268,-0.0291459,0.0,0.0,0.0,0.0,0.0,0.0,0.0,0.0,9.49219,0.0,0.00674,0.13537,Nothing,seated
1.9886,174,-0.00383455,-0.0222427,0.0,0.0,0.0,0.0,0.0,0.0,0.0,0.0,9.49219,0.0,0.00674,0.13537,Nothing,seated
1.99906,175,-0.00383455,-0.022051,0.0,0.0,0.0,0.0,0.0,0.0,0.0,0.0,9.49219,0.0,0.00674,0.13537,Nothing,seated
2.01773,176,-0.0042184,-0.0216677,0.0,0.0,0.0,0.0,0.0,0.0,0.0,0.0,9.49219,0.0,0.00674,0.13537,Nothing,seated
2.0316,177,-0.00441009,-0.0232016,0.0,0.0,0.0,0.0,0.0,0.0,0.0,0.0,9.49219,0.0,0.00674,0.13537,Nothing,seated
2.04546,178,-0.000958268,-0.0360486,0.0,0.0,0.0,0.0,0.0,0.0,0.0,0.0,9.49219,0.0,0.00674,0.13537,Nothing,seated
2.06186,179,-0.000958268,-0.0360486,0.0,0.0,0.0,0.0,0.0,0.0,0.0,0.0,9.49219,0.0,0.00674,0.13537,Nothing,seated
2.07226,180,-0.00479347,-0.034898,0.0,0.0,0.0,0.0,0.0,0.0,0.0,0.0,9.49219,0.0,0.00674,0.13537,Nothing,seated
2.08473,181,-0.00479347,-0.034898,0.0,0.0,0.0,0.0,0.0,0.0,0.0,0.0,9.66797,2.62364,0.00674,0.13537,Nothing,seated
2.09498,182,-0.00383455,-0.0370075,0.0,0.0,0.0,0.0,0.0,0.0,0.0,0.0,9.66797,2.77315,0.00674,0.13537,Nothing,seated
2.10574,183,-0.00383455,-0.0370075,0.0,0.0,0.0,0.0,0.0,0.0,0.0,0.0,9.66797,2.91598,0.00674,0.13537,Nothing,seated
2.11785,184,0.00690335,-0.0370075,0.0,0.0,0.0,0.0,0.0,0.0,0.0,0.0,9.66797,3.13945,0.00674,0.13537,Nothing,seated
2.13025,185,0.00210923,-0.0418012,0.0,0.0,0.0,0.0,0.0,0.0,0.0,0.0,9.66797,3.03092,0.00674,0.13537,Nothing,seated
2.14199,186,0.00210923,-0.0418012,0.0,0.0,0.0,0.0,0.0,0.0,0.0,0.0,9.66797,0.0,0.00674,0.13537,Nothing,seated
2.15973,187,1.74846e-07,-0.0427601,0.0,0.0,0.0,0.0,0.0,0.0,0.0,0.0,9.66797,0.0,0.00674,0.13537,Nothing,seated
2.16999,188,-0.000958268,-0.0437185,0.0,0.0,0.0,0.0,0.0,0.0,0.0,0.0,9.66797,0.0,0.00674,0.13537,Nothing,seated
2.18188,189,-0.000958268,-0.0437185,0.0,0.0,0.0,0.0,0.0,0.0,0.0,0.0,9.66797,0.0,0.00674,0.13537,Nothing,seated
2.19298,190,0.00402706,-0.0427601,0.0,0.0,0.0,0.0,0.0,0.0,0.0,0.0,9.66797,0.0,0.00674,0.13537,Nothing,seated
2.20798,191,0.00402706,-0.0427601,0.0,0.0,0.0,0.0,0.0,0.0,0.0,0.0,9.66797,0.0,0.00674,0.13537,Nothing,seated
2.21873,192,0.00402706,-0.0437185,0.0,0.0,0.0,0.0,0.0,0.0,0.0,0.0,9.66797,0.0,0.00674,0.13537,Nothing,seated
2.22898,193,-0.00191719,-0.0437185,0.0,0.0,0.0,0.0,0.0,0.0,0.0,0.0,9.66797,0.0,0.00674,0.13537,Nothing,seated
2.23905,194,-0.00191719,-0.0398838,0.0,0.0,0.0,0.0,0.0,0.0,0.0,0.0,9.66797,0.0,0.00674,0.13537,Nothing,seated
2.25486,195,0.00402706,-0.0329806,0.0,0.0,0.0,0.0,0.0,0.0,0.0,0.0,9.66797,0.0,0.00674,0.13537,Nothing,seated
2.2656,196,0.00402706,-0.0329806,0.0,0.0,0.0,0.0,0.0,0.0,0.0,0.0,9.66797,0.0,0.00674,0.13537,Nothing,seated
2.27567,197,0.0107381,-0.0339395,0.0,0.0,0.0,0.0,0.0,0.0,0.0,0.0,9.66797,0.0,0.00674,0.13537,Nothing,seated
2.2896,198,0.0107381,-0.0339395,0.0,0.0,0.0,0.0,0.0,0.0,0.0,0.0,9.66797,0.0,0.00674,0.13537,Nothing,seated
2.30273,199,0.0157234,-0.0379659,0.0,0.0,0.0,0.0,0.0,0.0,0.0,0.0,9.66797,0.0,0.00674,0.13537,Nothing,seated
2.31598,200,0.0128471,-0.0329806,0.0,0.0,0.0,0.0,0.0,0.0,0.0,0.0,9.66797,0.0,0.00674,0.13537,Nothing,seated
2.33672,201,0.013806,-0.0299126,0.0,0.0,0.0,0.0,0.0,0.0,0.0,0.0,9.66797,0.0,0.00674,0.13537,Nothing,seated
2.35176,202,0.0139977,-0.0262696,0.0,0.0,0.0,0.0,0.0,0.0,0.0,0.0,9.66797,0.0,0.00674,0.13537,Nothing,seated
2.36491,203,0.0176412,-0.0262696,0.0,0.0,0.0,0.0,0.0,0.0,0.0,0.0,9.66797,0.0,0.00674,0.13537,Nothing,seated
2.37798,204,0.021476,-0.0339395,0.0,0.0,0.0,0.0,0.0,0.0,0.0,0.0,9.66797,0.0,0.00674,0.13537,Nothing,seated
2.39548,205,0.021476,-0.0339395,0.0,0.0,0.0,0.0,0.0,0.0,0.0,0.0,9.66797,0.0,0.00674,0.13537,Nothing,seated
2.40622,206,0.0166823,-0.0335562,0.0,0.0,0.0,0.0,0.0,0.0,0.0,0.0,9.66797,0.0,0.00674,0.13537,Nothing,seated
2.41873,207,0.0157234,-0.0370075,0.0,0.0,0.0,0.0,0.0,0.0,0.0,0.0,9.66797,0.0,0.00674,0.13537,Nothing,seated
2.43943,208,0.014765,-0.0360486,0.0,0.0,0.0,0.0,0.0,0.0,0.0,0.0,9.66797,0.0,0.00674,0.13537,Nothing,seated
2.45438,209,0.014765,-0.0360486,0.0,0.0,0.0,0.0,0.0,0.0,0.0,0.0,9.66797,0.0,0.00674,0.13537,Nothing,seated
2.47274,210,0.0157234,-0.0360486,0.0,0.0,0.0,0.0,0.0,0.0,0.0,0.0,9.66797,0.0,0.00674,0.13537,Nothing,seated
2.48537,211,0.013806,-0.0418012,0.0,0.0,0.0,0.0,0.0,0.0,0.0,0.0,9.66797,0.0,0.00674,0.13537,Nothing,seated
2.4986,212,0.0128471,-0.0339395,0.0,0.0,0.0,0.0,0.0,0.0,0.0,0.0,9.66797,0.0,0.00674,0.13537,Nothing,seated
2.51925,213,0.00977915,-0.034898,0.0,0.0,0.0,0.0,0.0,0.0,0.0,0.0,9.66797,0.0,0.00674,0.13537,Nothing,seated
2.53147,214,0.00977915,-0.034898,0.0,0.0,0.0,0.0,0.0,0.0,0.0,0.0,9.66797,0.0,0.00674,0.13537,Nothing,seated
2.54538,215,0.00402706,-0.0398838,0.0,0.0,0.0,0.0,0.0,0.0,0.0,0.0,9.66797,0.0,0.00674,0.13537,Nothing,seated
2.55798,216,-0.0107377,-0.0262696,0.0,0.0,0.0,0.0,0.0,0.0,0.0,0.0,9.84375,2.42106,0.00674,0.13537,Nothing,seated
2.57086,217,-0.0107377,-0.0456359,0.0,0.0,0.0,0.0,0.0,0.0,0.0,0.0,9.84375,2.43248,0.00674,0.13537,Nothing,seated
2.58986,218,-0.00786144,-0.0454442,0.0,0.0,0.0,0.0,0.0,0.0,0.0,0.0,9.84375,2.48943,0.00674,0.13537,Nothing,seated
2.60125,219,-0.0116962,-0.0379659,0.0,0.0,0.0,0.0,0.0,0.0,0.0,0.0,9.84375,2.51901,0.00674,0.13537,Nothing,seated
2.61617,220,-0.0116962,-0.0437185,0.0,0.0,0.0,0.0,0.0,0.0,0.0,0.0,9.84375,2.48296,0.00674,0.13537,Nothing,seated
2.62773,221,-0.00383455,-0.0437185,0.0,0.0,0.0,0.0,0.0,0.0,0.0,0.0,9.84375,0.0,0.00674,0.13537,Nothing,seated
2.64126,222,-0.00479347,-0.0360486,0.0,0.0,0.0,0.0,0.0,0.0,0.0,0.0,9.84375,0.0,0.00674,0.13537,Nothing,seated
2.65353,223,-0.00479347,-0.0389249,0.0,0.0,0.0,0.0,0.0,0.0,0.0,0.0,9.84375,0.0,0.00674,0.13537,Nothing,seated
2.67002,224,-0.00479347,-0.0389249,0.0,0.0,0.0,0.0,0.0,0.0,0.0,0.0,9.84375,0.0,0.00674,0.13537,Nothing,seated
2.68211,225,-0.00287611,-0.0379659,0.0,0.0,0.0,0.0,0.0,0.0,0.0,0.0,9.84375,0.0,0.00674,0.13537,Nothing,seated
2.69218,226,-0.00287611,-0.0379659,0.0,0.0,0.0,0.0,0.0,0.0,0.0,0.0,9.84375,0.0,0.00674,0.13537,Nothing,seated
2.70351,227,0.00115078,-0.0339395,0.0,0.0,0.0,0.0,0.0,0.0,0.0,0.0,9.84375,0.0,0.00674,0.13537,Nothing,seated
2.71538,228,0.00115078,-0.0339395,0.0,0.0,0.0,0.0,0.0,0.0,0.0,0.0,9.84375,0.0,0.00674,0.13537,Nothing,seated
2.72685,229,0.00115078,-0.0339395,0.0,0.0,0.0,0.0,0.0,0.0,0.0,0.0,9.84375,0.0,0.00674,0.13537,Nothing,seated
2.73785,230,0.00690335,-0.0339395,0.0,0.0,0.0,0.0,0.0,0.0,0.0,0.0,9.84375,0.0,0.00674,0.13537,Nothing,seated
2.74973,231,0.00594443,-0.0389249,0.0,0.0,0.0,0.0,0.0,0.0,0.0,0.0,9.84375,0.0,0.00674,0.13537,Nothing,seated
2.76373,232,0.00594443,-0.0389249,0.0,0.0,0.0,0.0,0.0,0.0,0.0,0.0,9.84375,0.0,0.00674,0.13537,Nothing,seated
2.77507,233,0.00690335,-0.0515801,0.0,0.0,0.0,0.0,0.0,0.0,0.0,0.0,9.84375,0.0,0.00674,0.13537,Nothing,seated
2.78573,234,0.00690335,-0.0515801,0.0,0.0,0.0,0.0,0.0,0.0,0.0,0.0,9.84375,0.0,0.00674,0.13537,Nothing,seated
2.7958,235,0.00690335,-0.0565655,0.0,0.0,0.0,0.0,0.0,0.0,0.0,0.0,9.84375,0.0,0.00674,0.13537,Nothing,seated
2.80668,236,0.00690335,-0.0682623,0.0,0.0,0.0,0.0,0.0,0.0,0.0,0.0,9.84375,0.0,0.00674,0.13537,Nothing,seated
2.81873,237,0.0107381,-0.0680706,0.0,0.0,0.0,0.0,0.0,0.0,0.0,0.0,9.84375,0.0,0.00674,0.13537,Nothing,seated
2.8291,238,0.0109298,-0.0678789,0.0,0.0,0.0,0.0,0.0,0.0,0.0,0.0,9.84375,0.0,0.00674,0.13537,Nothing,seated
2.83922,239,0.0109298,-0.0809175,0.0,0.0,0.0,0.0,0.0,0.0,0.0,0.0,9.84375,0.0,0.00674,0.13537,Nothing,seated
2.85026,240,0.0185997,-0.102585,0.0,0.0,0.0,0.0,0.0,0.0,0.0,0.0,9.84375,0.0,0.00674,0.13537,Nothing,seated
2.8626,241,0.0185997,-0.102585,0.0,0.0,0.0,0.0,0.0,0.0,0.0,0.0,9.84375,0.0,0.00674,0.13537,Nothing,seated
2.87346,242,0.0107381,-0.117158,0.0,0.0,0.0,0.0,0.0,0.0,0.0,0.0,9.84375,0.0,0.00674,0.13537,Nothing,seated
2.88397,243,0.0107381,-0.117733,0.0,0.0,0.0,0.0,0.0,0.0,0.0,0.0,9.66797,-3.20342,0.00674,0.13537,Nothing,seated
2.8976,244,0.0107381,-0.1185,0.0,0.0,0.0,0.0,0.0,0.0,0.0,0.0,9.66797,-3.01135,0.00674,0.13537,Nothing,seated
2.90807,245,0.010163,-0.119842,0.0,0.0,0.0,0.0,0.0,0.0,0.0,0.0,9.66797,-3.04093,0.00674,0.13537,Nothing,seated
2.92218,246,0.00958746,-0.121376,0.0,0.0,0.0,0.0,0.0,0.0,0.0,0.0,9.66797,-2.95019,0.00674,0.13537,Nothing,seated
2.93225,247,0.00882071,-0.12291,0.0,0.0,0.0,0.0,0.0,0.0,0.0,0.0,9.66797,-2.98973,0.00674,0.13537,Nothing,seated
2.94232,248,0.00805348,-0.124252,0.0,0.0,0.0,0.0,0.0,0.0,0.0,0.0,9.66797,0.0,0.00674,0.13537,Nothing,seated
2.95239,249,0.00709503,-0.125978,0.0,0.0,0.0,0.0,0.0,0.0,0.0,0.0,9.66797,0.0,0.00674,0.13537,Nothing,seated
2.96245,250,0.00575274,-0.127704,0.0,0.0,0.0,0.0,0.0,0.0,0.0,0.0,9.49219,-3.23204,0.00674,0.13537,Nothing,seated
2.97263,251,0.00441044,-0.12943,0.0,0.0,0.0,0.0,0.0,0.0,0.0,0.0,9.49219,-3.48433,0.00674,0.13537,Nothing,seated
2.98274,252,0.00306815,-0.131156,0.0,0.0,0.0,0.0,0.0,0.0,0.0,0.0,9.49219,-3.48186,0.00674,0.13537,Nothing,seated
2.99286,253,0.00191754,-0.133265,0.0,0.0,0.0,0.0,0.0,0.0,0.0,0.0,9.31641,-6.95629,0.00674,0.13537,Nothing,seated
3.00398,254,0.000767406,-0.135565,0.0,0.0,0.0,0.0,0.0,0.0,0.0,0.0,9.31641,-6.81493,0.00674,0.13537,Nothing,seated
3.0146,255,1.74846e-07,-0.137675,0.0,0.0,0.0,0.0,0.0,0.0,0.0,0.0,9.14062,-6.74189,0.00674,0.13537,Nothing,seated
3.02498,256,-0.00115043,-0.140551,0.0,0.0,0.0,0.0,0.0,0.0,0.0,0.0,9.14062,-6.71653,0.00674,0.13537,Nothing,seated
3.03505,257,-0.00191719,-0.147454,0.0,0.0,0.0,0.0,0.0,0.0,0.0,0.0,8.96484,-10.0815,0.00674,0.13537,Nothing,seated
3.05102,258,-0.00383455,-0.151097,0.0,0.0,0.0,0.0,0.0,0.0,0.0,0.0,8.78906,-9.06741,0.00674,0.13537,Nothing,seated
3.06238,259,-0.00479347,-0.154549,0.0,0.0,0.0,0.0,0.0,0.0,0.0,0.0,8.61328,-12.0388,0.00674,0.13537,Nothing,seated
3.07561,260,-0.00536853,-0.160301,0.0,0.0,0.0,0.0,0.0,0.0,0.0,0.0,8.4375,-11.5253,0.00674,0.13537,Nothing,seated
3.08672,261,-0.00594408,-0.160301,0.0,0.0,0.0,0.0,0.0,0.0,0.0,0.0,8.26172,-14.2358,0.00674,0.13537,Nothing,seated
3.09679,262,-0.00651914,-0.166437,0.0,0.0,0.0,0.0,0.0,0.0,0.0,0.0,8.08594,-14.2358,0.00674,0.13537,Nothing,seated
3.11198,263,-0.00671083,-0.169313,0.0,0.0,0.0,0.0,0.0,0.0,0.0,0.0,7.91016,-14.4177,0.00674,0.13537,Nothing,seated
3.12261,264,-0.00671083,-0.172381,0.0,0.0,0.0,0.0,0.0,0.0,0.0,0.0,7.73438,-14.5937,0.00674,0.13537,Nothing,seated
3.13267,265,-0.00671083,-0.174874,0.0,0.0,0.0,0.0,0.0,0.0,0.0,0.0,7.55859,-15.4013,0.00674,0.13537,Nothing,seated
3.14274,266,-0.00671083,-0.17775,0.0,0.0,0.0,0.0,0.0,0.0,0.0,0.0,7.38281,-15.6874,0.00674,0.13537,Nothing,seated
3.15363,267,-0.00632745,-0.180818,0.0,0.0,0.0,0.0,0.0,0.0,0.0,0.0,7.03125,-18.5534,0.00674,0.13537,Nothing,seated
3.16438,268,-0.00556022,-0.183886,0.0,0.0,0.0,0.0,0.0,0.0,0.0,0.0,6.85547,-20.1265,0.00674,0.13537,Nothing,seated
3.17475,269,-0.00479347,-0.186954,0.0,0.0,0.0,0.0,0.0,0.0,0.0,0.0,6.67969,-20.2276,0.00674,0.13537,Nothing,seated
3.18481,270,-0.0042184,-0.190214,0.0,0.0,0.0,0.0,0.0,0.0,0.0,0.0,6.50391,-20.2284,0.00674,0.13537,Nothing,seated
3.19507,271,-0.00345117,-0.193474,0.0,0.0,0.0,0.0,0.0,0.0,0.0,0.0,6.32812,-20.1573,0.00674,0.13537,Nothing,seated
3.2051,272,-0.00287611,-0.196925,0.0,0.0,0.0,0.0,0.0,0.0,0.0,0.0,5.97656,-20.4904,0.00674,0.13537,Nothing,seated
3.21586,273,-0.00230056,-0.199609,0.0,0.0,0.0,0.0,0.0,0.0,0.0,0.0,5.80078,-20.4854,0.00674,0.13537,Nothing,seated
3.22593,274,-0.0017255,-0.203061,0.0,0.0,0.0,0.0,0.0,0.0,0.0,0.0,5.625,-20.6046,0.00674,0.13537,Nothing,seated
3.236,275,-0.000958268,-0.20632,0.0,0.0,0.0,0.0,0.0,0.0,0.0,0.0,5.27344,-24.0368,0.00674,0.13537,Nothing,seated
3.24607,276,-0.000383202,-0.212073,0.0,0.0,0.0,0.0,0.0,0.0,0.0,0.0,5.09766,-24.1226,0.00674,0.13537,Nothing,seated
3.25898,277,0.000191863,-0.215141,0.0,0.0,0.0,0.0,0.0,0.0,0.0,0.0,4.74609,-22.8381,0.00674,0.13537,Nothing,seated
3.26957,278,0.0107381,-0.200185,0.0,0.0,0.0,0.0,0.0,0.0,0.0,0.0,4.57031,-22.912,0.00674,0.13537,Nothing,seated
3.2826,279,0.013806,-0.197308,0.0,0.0,0.0,0.0,0.0,0.0,0.0,0.0,4.21875,-24.8147,0.00674,0.13537,Nothing,seated
3.29338,280,0.013806,-0.197308,0.0,0.0,0.0,0.0,0.0,0.0,0.0,0.0,4.04297,-21.4461,0.00674,0.13537,Nothing,seated
3.30345,281,0.020517,-0.202294,0.0,0.0,0.0,0.0,0.0,0.0,0.0,0.0,3.69141,-24.5115,0.00674,0.13537,Nothing,seated
3.31785,282,0.0207092,-0.207471,0.0,0.0,0.0,0.0,0.0,0.0,0.0,0.0,3.51562,-20.9003,0.00674,0.13537,Nothing,seated
3.3286,283,0.0207092,-0.211114,0.0,0.0,0.0,0.0,0.0,0.0,0.0,0.0,3.16406,-23.823,0.00674,0.13537,Nothing,seated
3.33873,284,0.0207092,-0.214949,0.0,0.0,0.0,0.0,0.0,0.0,0.0,0.0,2.98828,-21.9217,0.00674,0.13537,Nothing,seated
3.3488,285,0.020517,-0.218592,0.0,0.0,0.0,0.0,0.0,0.0,0.0,0.0,2.8125,-22.201,0.00674,0.13537,Nothing,seated
3.35998,286,0.0203254,-0.222044,0.0,0.0,0.0,0.0,0.0,0.0,0.0,0.0,2.46094,-21.7663,0.00674,0.13537,Nothing,seated
3.37073,287,0.0201337,-0.224728,0.0,0.0,0.0,0.0,0.0,0.0,0.0,0.0,2.28516,-23.2704,0.00674,0.13537,Nothing,seated
3.38422,288,0.019942,-0.22818,0.0,0.0,0.0,0.0,0.0,0.0,0.0,0.0,1.93359,-22.1216,0.00674,0.13537,Nothing,seated
3.39585,289,0.0195586,-0.231439,0.0,0.0,0.0,0.0,0.0,0.0,0.0,0.0,1.58203,-24.6189,0.00674,0.13537,Nothing,seated
3.40593,290,0.014765,-0.206129,0.0,0.0,0.0,0.0,0.0,0.0,0.0,0.0,1.40625,-24.6175,0.00674,0.13537,Nothing,seated
3.4186,291,0.014765,-0.207088,0.0,0.0,0.0,0.0,0.0,0.0,0.0,0.0,1.05469,-23.9889,0.00674,0.13537,Nothing,seated
3.42938,292,0.00977915,-0.207088,0.0,0.0,0.0,0.0,0.0,0.0,0.0,0.0,0.878906,-23.9775,0.00674,0.13537,Nothing,seated
3.43974,293,0.00977915,-0.206129,0.0,0.0,0.0,0.0,0.0,0.0,0.0,0.0,0.703125,-22.1631,0.00674,0.13537,Nothing,seated
3.45048,294,0.00786179,-0.206129,0.0,0.0,0.0,0.0,0.0,0.0,0.0,0.0,0.351562,-22.5265,0.00674,0.13537,Nothing,seated
3.46307,295,0.00594443,-0.207279,0.0,0.0,0.0,0.0,0.0,0.0,0.0,0.0,0.175781,-21.5346,0.00674,0.13537,Nothing,seated
3.47373,296,0.00594443,-0.207279,0.0,0.0,0.0,0.0,0.0,0.0,0.0,0.0,-0.175781,-22.317,0.00674,0.13537,Nothing,seated
3.48386,297,0.00498551,-0.209197,0.0,0.0,0.0,0.0,0.0,0.0,0.0,0.0,-0.351562,-22.5869,0.00674,0.13537,Nothing,seated
3.49773,298,0.00498551,-0.209197,0.0,0.0,0.0,0.0,0.0,0.0,0.0,0.0,-0.703125,-24.249,0.00674,0.13537,Nothing,seated
3.50886,299,0.00402706,-0.210156,0.0,0.0,0.0,0.0,0.0,0.0,0.0,0.0,-0.878906,-21.0776,0.00674,0.13537,Nothing,seated
3.52248,300,1.74846e-07,-0.213224,0.0,0.0,0.0,0.0,0.0,0.0,0.0,0.0,-1.23047,-23.6695,0.00674,0.13537,Nothing,seated
3.53747,301,1.74846e-07,-0.206129,0.0,0.0,0.0,0.0,0.0,0.0,0.0,0.0,-1.58203,-22.0629,0.00674,0.13537,Nothing,seated
3.55038,302,1.74846e-07,-0.206129,0.0,0.0,0.0,0.0,0.0,0.0,0.0,0.0,-1.93359,-23.7828,0.00674,0.13537,Nothing,seated
3.56186,303,1.74846e-07,-0.204211,0.0,0.0,0.0,0.0,0.0,0.0,0.0,0.0,-2.10938,-21.9301,0.00674,0.13537,Nothing,seated
3.57193,304,-0.00287611,-0.207471,0.0,0.0,0.0,0.0,0.0,0.0,0.0,0.0,-2.46094,-25.0837,0.00674,0.13537,Nothing,seated
3.58226,305,-0.0030678,-0.210539,0.0,0.0,0.0,0.0,0.0,0.0,0.0,0.0,-2.63672,-23.5238,0.00674,0.13537,Nothing,seated
3.59336,306,-0.00766975,-0.20517,0.0,0.0,0.0,0.0,0.0,0.0,0.0,0.0,-2.8125,-22.0163,0.00674,0.13537,Nothing,seated
3.60343,307,-0.00479347,-0.209197,0.0,0.0,0.0,0.0,0.0,0.0,0.0,0.0,-3.16406,-23.195,0.00674,0.13537,Nothing,seated
3.62036,308,-0.00191719,-0.20517,0.0,0.0,0.0,0.0,0.0,0.0,0.0,0.0,-3.51562,-24.0377,0.00674,0.13537,Nothing,seated
3.63173,309,-0.00191719,-0.20517,0.0,0.0,0.0,0.0,0.0,0.0,0.0,0.0,-3.86719,-23.5143,0.00674,0.13537,Nothing,seated
3.64397,310,-0.00383455,-0.206129,0.0,0.0,0.0,0.0,0.0,0.0,0.0,0.0,-4.04297,-22.7854,0.00674,0.13537,Nothing,seated
3.65907,311,-0.00383455,-0.20517,0.0,0.0,0.0,0.0,0.0,0.0,0.0,0.0,-4.39453,-24.0774,0.00674,0.13537,Nothing,seated
3.66991,312,-0.00479347,-0.20517,0.0,0.0,0.0,0.0,0.0,0.0,0.0,0.0,-4.57031,-21.1523,0.00674,0.13537,Nothing,seated
3.68306,313,-0.00479347,-0.206704,0.0,0.0,0.0,0.0,0.0,0.0,0.0,0.0,-4.92188,-22.4261,0.00674,0.13537,Nothing,seated
3.69313,314,-0.00460178,-0.210347,0.0,0.0,0.0,0.0,0.0,0.0,0.0,0.0,-5.27344,-22.9035,0.00674,0.13537,Nothing,seated
3.7032,315,-0.00441009,-0.21399,0.0,0.0,0.0,0.0,0.0,0.0,0.0,0.0,-5.44922,-23.745,0.00674,0.13537,Nothing,seated
3.71335,316,-0.00383455,-0.201143,0.0,0.0,0.0,0.0,0.0,0.0,0.0,0.0,-5.625,-22.668,0.00674,0.13537,Nothing,seated
3.72426,317,-0.00383455,-0.201143,0.0,0.0,0.0,0.0,0.0,0.0,0.0,0.0,-5.80078,-22.6398,0.00674,0.13537,Nothing,seated
3.73498,318,-0.00766975,-0.20402,0.0,0.0,0.0,0.0,0.0,0.0,0.0,0.0,-5.97656,-20.3168,0.00674,0.13537,Nothing,seated
3.74505,319,-0.00747806,-0.209964,0.0,0.0,0.0,0.0,0.0,0.0,0.0,0.0,-6.15234,-16.929,0.00674,0.13537,Nothing,seated
3.759,320,-0.00728637,-0.213032,0.0,0.0,0.0,0.0,0.0,0.0,0.0,0.0,-6.50391,-18.8991,0.00674,0.13537,Nothing,seated
3.77048,321,-0.00690252,-0.216099,0.0,0.0,0.0,0.0,0.0,0.0,0.0,0.0,-6.67969,-18.4612,0.00674,0.13537,Nothing,seated
3.78185,322,-0.00671083,-0.218976,0.0,0.0,0.0,0.0,0.0,0.0,0.0,0.0,-6.85547,-18.3118,0.00674,0.13537,Nothing,seated
3.79226,323,-0.00479347,-0.201335,0.0,0.0,0.0,0.0,0.0,0.0,0.0,0.0,-7.03125,-18.41,0.00674,0.13537,Nothing,seated
3.8035,324,-0.00479347,-0.204403,0.0,0.0,0.0,0.0,0.0,0.0,0.0,0.0,-7.38281,-21.0485,0.00674,0.13537,Nothing,seated
3.81358,325,-0.00479347,-0.207279,0.0,0.0,0.0,0.0,0.0,0.0,0.0,0.0,-7.38281,-16.1049,0.00674,0.13537,Nothing,seated
3.8251,326,-0.00479347,-0.209964,0.0,0.0,0.0,0.0,0.0,0.0,0.0,0.0,-7.55859,-16.0901,0.00674,0.13537,Nothing,seated
3.83521,327,-0.00479347,-0.212456,0.0,0.0,0.0,0.0,0.0,0.0,0.0,0.0,-7.73438,-16.4738,0.00674,0.13537,Nothing,seated
3.84528,328,-0.00460178,-0.214758,0.0,0.0,0.0,0.0,0.0,0.0,0.0,0.0,-7.91016,-16.579,0.00674,0.13537,Nothing,seated
3.8576,329,-0.00460178,-0.217058,0.0,0.0,0.0,0.0,0.0,0.0,0.0,0.0,-8.08594,-12.9972,0.00674,0.13537,Nothing,seated
3.86907,330,-0.00460178,-0.220894,0.0,0.0,0.0,0.0,0.0,0.0,0.0,0.0,-8.26172,-15.8395,0.00674,0.13537,Nothing,seated
3.88189,331,-0.00460178,-0.222428,0.0,0.0,0.0,0.0,0.0,0.0,0.0,0.0,-8.4375,-15.4778,0.00674,0.13537,Nothing,seated
3.89338,332,-0.00498516,-0.224153,0.0,0.0,0.0,0.0,0.0,0.0,0.0,0.0,-8.61328,-15.1088,0.00674,0.13537,Nothing,seated
3.90561,333,-0.00498516,-0.225687,0.0,0.0,0.0,0.0,0.0,0.0,0.0,0.0,-8.78906,-14.5676,0.00674,0.13537,Nothing,seated
3.91747,334,-0.00517685,-0.228563,0.0,0.0,0.0,0.0,0.0,0.0,0.0,0.0,-8.78906,-11.7438,0.00674,0.13537,Nothing,seated
3.93086,335,-0.00517685,-0.229714,0.0,0.0,0.0,0.0,0.0,0.0,0.0,0.0,-8.96484,-11.3778,0.00674,0.13537,Nothing,seated
3.94226,336,-0.00517685,-0.230481,0.0,0.0,0.0,0.0,0.0,0.0,0.0,0.0,-8.96484,-8.7343,0.00674,0.13537,Nothing,seated
3.95307,337,-0.00517685,-0.231631,0.0,0.0,0.0,0.0,0.0,0.0,0.0,0.0,-9.14062,-8.83397,0.00674,0.13537,Nothing,seated
3.96486,338,-0.00536853,-0.23259,0.0,0.0,0.0,0.0,0.0,0.0,0.0,0.0,-9.14062,-5.93384,0.00674,0.13537,Nothing,seated
3.97906,339,-0.00556022,-0.233932,0.0,0.0,0.0,0.0,0.0,0.0,0.0,0.0,-9.31641,-8.563,0.00674,0.13537,Nothing,seated
3.98948,340,-0.00575239,-0.234316,0.0,0.0,0.0,0.0,0.0,0.0,0.0,0.0,-9.49219,-8.99645,0.00674,0.13537,Nothing,seated
4.00304,341,-0.00575239,-0.234507,0.0,0.0,0.0,0.0,0.0,0.0,0.0,0.0,-9.49219,-8.67657,0.00674,0.13537,Nothing,seated
4.01311,342,-0.00575239,-0.234891,0.0,0.0,0.0,0.0,0.0,0.0,0.0,0.0,-9.49219,-5.85566,0.00674,0.13537,Nothing,seated
4.0236,343,-0.00575239,-0.234891,0.0,0.0,0.0,0.0,0.0,0.0,0.0,0.0,-9.49219,-5.98497,0.00674,0.13537,Nothing,seated
4.03367,344,-0.00575239,-0.234891,0.0,0.0,0.0,0.0,0.0,0.0,0.0,0.0,-9.66797,-6.43758,0.00674,0.13537,Nothing,seated
4.04373,345,-0.00556022,-0.234699,0.0,0.0,0.0,0.0,0.0,0.0,0.0,0.0,-9.66797,-3.24026,0.00674,0.13537,Nothing,seated
4.0538,346,-0.00536853,-0.234507,0.0,0.0,0.0,0.0,0.0,0.0,0.0,0.0,-9.66797,-3.46328,0.00674,0.13537,Nothing,seated
4.06387,347,-0.00517685,-0.234316,0.0,0.0,0.0,0.0,0.0,0.0,0.0,0.0,-9.66797,-3.4632,0.00674,0.13537,Nothing,seated
4.07394,348,-0.00498516,-0.233932,0.0,0.0,0.0,0.0,0.0,0.0,0.0,0.0,-9.84375,-6.9837,0.00674,0.13537,Nothing,seated
4.084,349,-0.00479347,-0.233549,0.0,0.0,0.0,0.0,0.0,0.0,0.0,0.0,-9.84375,-3.49243,0.00674,0.13537,Nothing,seated
4.09407,350,-0.00479347,-0.232973,0.0,0.0,0.0,0.0,0.0,0.0,0.0,0.0,-9.84375,-3.49165,0.00674,0.13537,Nothing,seated
4.10426,351,-0.00460178,-0.232398,0.0,0.0,0.0,0.0,0.0,0.0,0.0,0.0,-9.84375,-3.48308,0.00674,0.13537,Nothing,seated
4.11433,352,-0.0042184,-0.231631,0.0,0.0,0.0,0.0,0.0,0.0,0.0,0.0,-9.84375,-3.48365,0.00674,0.13537,Nothing,seated
4.1244,353,-0.00402624,-0.231056,0.0,0.0,0.0,0.0,0.0,0.0,0.0,0.0,-9.84375,0.0,0.00674,0.13537,Nothing,seated
4.13538,354,-0.00364286,-0.230289,0.0,0.0,0.0,0.0,0.0,0.0,0.0,0.0,-9.84375,0.0,0.00674,0.13537,Nothing,seated
4.14601,355,-0.00345117,-0.22933,0.0,0.0,0.0,0.0,0.0,0.0,0.0,0.0,-9.84375,0.0,0.00674,0.13537,Nothing,seated
4.15614,356,-0.00325948,-0.22818,0.0,0.0,0.0,0.0,0.0,0.0,0.0,0.0,-9.84375,0.0,0.00674,0.13537,Nothing,seated
4.16621,357,-0.0030678,-0.22703,0.0,0.0,0.0,0.0,0.0,0.0,0.0,0.0,-9.66797,3.3881,0.00674,0.13537,Nothing,seated
4.17889,358,-0.00268442,-0.225879,0.0,0.0,0.0,0.0,0.0,0.0,0.0,0.0,-9.66797,3.22554,0.00674,0.13537,Nothing,seated
4.18948,359,-0.00249225,-0.224728,0.0,0.0,0.0,0.0,0.0,0.0,0.0,0.0,-9.66797,3.24948,0.00674,0.13537,Nothing,seated
4.2016,360,-0.00210888,-0.222044,0.0,0.0,0.0,0.0,0.0,0.0,0.0,0.0,-9.49219,6.32492,0.00674,0.13537,Nothing,seated
4.21286,361,-0.00191719,-0.22051,0.0,0.0,0.0,0.0,0.0,0.0,0.0,0.0,-9.49219,6.19909,0.00674,0.13537,Nothing,seated
4.22292,362,-0.00153381,-0.218976,0.0,0.0,0.0,0.0,0.0,0.0,0.0,0.0,-9.49219,3.0995,0.00674,0.13537,Nothing,seated
4.23448,363,-0.000958268,-0.217442,0.0,0.0,0.0,0.0,0.0,0.0,0.0,0.0,-9.31641,6.32468,0.00674,0.13537,Nothing,seated
4.2456,364,-0.000766579,-0.216099,0.0,0.0,0.0,0.0,0.0,0.0,0.0,0.0,-9.31641,6.26369,0.00674,0.13537,Nothing,seated
4.25568,365,-0.000574891,-0.214374,0.0,0.0,0.0,0.0,0.0,0.0,0.0,0.0,-9.14062,6.50104,0.00674,0.13537,Nothing,seated
4.26573,366,-0.000383202,-0.212648,0.0,0.0,0.0,0.0,0.0,0.0,0.0,0.0,-9.14062,6.64911,0.00674,0.13537,Nothing,seated
4.27648,367,1.74846e-07,-0.210922,0.0,0.0,0.0,0.0,0.0,0.0,0.0,0.0,-8.96484,9.84699,0.00674,0.13537,Nothing,seated
4.28738,368,0.000191863,-0.209005,0.0,0.0,0.0,0.0,0.0,0.0,0.0,0.0,-8.96484,6.64614,0.00674,0.13537,Nothing,seated
4.29926,369,0.000383552,-0.205554,0.0,0.0,0.0,0.0,0.0,0.0,0.0,0.0,-8.78906,9.82896,0.00674,0.13537,Nothing,seated
4.31047,370,0.000575717,-0.203636,0.0,0.0,0.0,0.0,0.0,0.0,0.0,0.0,-8.61328,9.62326,0.00674,0.13537,Nothing,seated
4.3216,371,0.000767406,-0.201527,0.0,0.0,0.0,0.0,0.0,0.0,0.0,0.0,-8.4375,12.5843,0.00674,0.13537,Nothing,seated
4.33235,372,0.000959094,-0.199418,0.0,0.0,0.0,0.0,0.0,0.0,0.0,0.0,-8.4375,9.43771,0.00674,0.13537,Nothing,seated
4.34241,373,0.00115078,-0.197117,0.0,0.0,0.0,0.0,0.0,0.0,0.0,0.0,-8.26172,12.7753,0.00674,0.13537,Nothing,seated
4.35245,374,0.00134247,-0.195008,0.0,0.0,0.0,0.0,0.0,0.0,0.0,0.0,-8.08594,13.2189,0.00674,0.13537,Nothing,seated
4.36251,375,0.00153416,-0.19309,0.0,0.0,0.0,0.0,0.0,0.0,0.0,0.0,-7.91016,13.5111,0.00674,0.13537,Nothing,seated
4.37258,376,0.00153416,-0.190789,0.0,0.0,0.0,0.0,0.0,0.0,0.0,0.0,-7.73438,13.7924,0.00674,0.13537,Nothing,seated
4.38406,377,0.00191754,-0.188488,0.0,0.0,0.0,0.0,0.0,0.0,0.0,0.0,-7.55859,16.9969,0.00674,0.13537,Nothing,seated
4.39413,378,0.00191754,-0.186187,0.0,0.0,0.0,0.0,0.0,0.0,0.0,0.0,-7.38281,16.9958,0.00674,0.13537,Nothing,seated
4.40507,379,0.00191754,-0.183695,0.0,0.0,0.0,0.0,0.0,0.0,0.0,0.0,-7.20703,16.7026,0.00674,0.13537,Nothing,seated
4.41599,380,0.00191754,-0.181202,0.0,0.0,0.0,0.0,0.0,0.0,0.0,0.0,-7.03125,16.4355,0.00674,0.13537,Nothing,seated
4.42606,381,0.00191754,-0.1789,0.0,0.0,0.0,0.0,0.0,0.0,0.0,0.0,-6.85547,16.4343,0.00674,0.13537,Nothing,seated
4.43826,382,0.00191754,-0.176408,0.0,0.0,0.0,0.0,0.0,0.0,0.0,0.0,-6.67969,16.2171,0.00674,0.13537,Nothing,seated
4.44998,383,0.00191754,-0.174491,0.0,0.0,0.0,0.0,0.0,0.0,0.0,0.0,-6.50391,15.7372,0.00674,0.13537,Nothing,seated
4.46073,384,0.00191754,-0.169697,0.0,0.0,0.0,0.0,0.0,0.0,0.0,0.0,-6.32812,15.7889,0.00674,0.13537,Nothing,seated
4.47194,385,0.00191754,-0.167396,0.0,0.0,0.0,0.0,0.0,0.0,0.0,0.0,-5.97656,18.8514,0.00674,0.13537,Nothing,seated
4.48285,386,0.00191754,-0.165287,0.0,0.0,0.0,0.0,0.0,0.0,0.0,0.0,-5.80078,18.5707,0.00674,0.13537,Nothing,seated
4.49347,387,0.00210923,-0.16241,0.0,0.0,0.0,0.0,0.0,0.0,0.0,0.0,-5.625,19.1012,0.00674,0.13537,Nothing,seated
4.50435,388,0.00210923,-0.160301,0.0,0.0,0.0,0.0,0.0,0.0,0.0,0.0,-5.44922,19.3965,0.00674,0.13537,Nothing,seated
4.51573,389,0.00210923,-0.157425,0.0,0.0,0.0,0.0,0.0,0.0,0.0,0.0,-5.27344,19.1758,0.00674,0.13537,Nothing,seated
4.52598,390,0.00230139,-0.154932,0.0,0.0,0.0,0.0,0.0,0.0,0.0,0.0,-4.92188,19.5161,0.00674,0.13537,Nothing,seated
4.53605,391,0.00230139,-0.152439,0.0,0.0,0.0,0.0,0.0,0.0,0.0,0.0,-4.74609,19.8279,0.00674,0.13537,Nothing,seated
4.54698,392,0.00210923,-0.150522,0.0,0.0,0.0,0.0,0.0,0.0,0.0,0.0,-4.57031,19.7115,0.00674,0.13537,Nothing,seated
4.55863,393,0.00210923,-0.148221,0.0,0.0,0.0,0.0,0.0,0.0,0.0,0.0,-4.21875,22.6685,0.00674,0.13537,Nothing,seated
4.56938,394,0.00210923,-0.145728,0.0,0.0,0.0,0.0,0.0,0.0,0.0,0.0,-4.04297,22.9375,0.00674,0.13537,Nothing,seated
4.58173,395,0.00210923,-0.14151,0.0,0.0,0.0,0.0,0.0,0.0,0.0,0.0,-3.69141,22.07,0.00674,0.13537,Nothing,seated
4.59373,396,0.00210923,-0.138633,0.0,0.0,0.0,0.0,0.0,0.0,0.0,0.0,-3.51562,21.3301,0.00674,0.13537,Nothing,seated
4.60426,397,0.00230139,-0.136333,0.0,0.0,0.0,0.0,0.0,0.0,0.0,0.0,-3.16406,24.5521,0.00674,0.13537,Nothing,seated
4.61432,398,0.00230139,-0.134032,0.0,0.0,0.0,0.0,0.0,0.0,0.0,0.0,-2.98828,22.0949,0.00674,0.13537,Nothing,seated
4.62439,399,0.00230139,-0.20517,0.0,0.0,0.0,0.0,0.0,0.0,0.0,0.0,-2.8125,22.3656,0.00674,0.13537,Nothing,seated
4.63446,400,-0.00479347,-0.20517,0.0,0.0,0.0,0.0,0.0,0.0,0.0,0.0,-2.63672,20.0012,0.00674,0.13537,Nothing,seated
4.64722,401,-0.00383455,-0.208238,0.0,0.0,0.0,0.0,0.0,0.0,0.0,0.0,-2.28516,23.0032,0.00674,0.13537,Nothing,seated
4.66673,402,-0.00383455,-0.207279,0.0,0.0,0.0,0.0,0.0,0.0,0.0,0.0,-1.75781,22.5094,0.00674,0.13537,Nothing,seated
4.67782,403,-0.00383455,-0.207279,0.0,0.0,0.0,0.0,0.0,0.0,0.0,0.0,-1.58203,22.1466,0.00674,0.13537,Nothing,seated
4.68788,404,-0.00364286,-0.203636,0.0,0.0,0.0,0.0,0.0,0.0,0.0,0.0,-1.23047,24.9181,0.00674,0.13537,Nothing,seated
4.69873,405,-0.00479347,-0.207279,0.0,0.0,0.0,0.0,0.0,0.0,0.0,0.0,-1.05469,24.6162,0.00674,0.13537,Nothing,seated
4.71126,406,-0.00479347,-0.209197,0.0,0.0,0.0,0.0,0.0,0.0,0.0,0.0,-0.703125,24.7037,0.00674,0.13537,Nothing,seated
4.72248,407,-0.00191719,-0.209197,0.0,0.0,0.0,0.0,0.0,0.0,0.0,0.0,-0.527344,22.0727,0.00674,0.13537,Nothing,seated
4.7326,408,-0.00191719,-0.209197,0.0,0.0,0.0,0.0,0.0,0.0,0.0,0.0,-0.175781,25.6705,0.00674,0.13537,Nothing,seated
4.74474,409,-0.00479347,-0.209197,0.0,0.0,0.0,0.0,0.0,0.0,0.0,0.0,0.0,21.6423,0.00674,0.13537,Nothing,seated
4.75786,410,-0.00575239,-0.207279,0.0,0.0,0.0,0.0,0.0,0.0,0.0,0.0,0.351562,23.7828,0.00674,0.13537,Nothing,seated
4.76798,411,-0.00575239,-0.207279,0.0,0.0,0.0,0.0,0.0,0.0,0.0,0.0,0.703125,24.796,0.00674,0.13537,Nothing,seated
4.77826,412,-0.000958268,-0.211114,0.0,0.0,0.0,0.0,0.0,0.0,0.0,0.0,0.878906,25.2101,0.00674,0.13537,Nothing,seated
4.79174,413,-0.000958268,-0.210156,0.0,0.0,0.0,0.0,0.0,0.0,0.0,0.0,1.23047,23.7784,0.00674,0.13537,Nothing,seated
4.80278,414,-0.00671083,-0.210156,0.0,0.0,0.0,0.0,0.0,0.0,0.0,0.0,1.40625,24.2286,0.00674,0.13537,Nothing,seated
4.81501,415,-0.00287611,-0.209197,0.0,0.0,0.0,0.0,0.0,0.0,0.0,0.0,1.75781,24.6089,0.00674,0.13537,Nothing,seated
4.82507,416,-0.00287611,-0.209197,0.0,0.0,0.0,0.0,0.0,0.0,0.0,0.0,1.93359,21.5511,0.00674,0.13537,Nothing,seated
4.8356,417,-0.00287611,-0.209197,0.0,0.0,0.0,0.0,0.0,0.0,0.0,0.0,2.28516,24.5224,0.00674,0.13537,Nothing,seated
4.84748,418,-0.00287611,-0.209197,0.0,0.0,0.0,0.0,0.0,0.0,0.0,0.0,2.46094,22.0771,0.00674,0.13537,Nothing,seated
4.85823,419,-0.00575239,-0.208238,0.0,0.0,0.0,0.0,0.0,0.0,0.0,0.0,2.8125,25.3621,0.00674,0.13537,Nothing,seated
4.86829,420,-0.00575239,-0.208238,0.0,0.0,0.0,0.0,0.0,0.0,0.0,0.0,2.98828,23.0924,0.00674,0.13537,Nothing,seated
4.87835,421,-0.000958268,-0.209197,0.0,0.0,0.0,0.0,0.0,0.0,0.0,0.0,3.16406,23.0962,0.00674,0.13537,Nothing,seated
4.88841,422,-0.000958268,-0.209197,0.0,0.0,0.0,0.0,0.0,0.0,0.0,0.0,3.51562,23.2998,0.00674,0.13537,Nothing,seated
4.89873,423,-0.000958268,-0.206129,0.0,0.0,0.0,0.0,0.0,0.0,0.0,0.0,3.69141,24.0059,0.00674,0.13537,Nothing,seated
4.9088,424,-0.000958268,-0.206129,0.0,0.0,0.0,0.0,0.0,0.0,0.0,0.0,3.86719,20.8542,0.00674,0.13537,Nothing,seated
4.9193,425,-0.00191719,-0.209197,0.0,0.0,0.0,0.0,0.0,0.0,0.0,0.0,4.21875,24.124,0.00674,0.13537,Nothing,seated
4.93011,426,-0.0017255,-0.204978,0.0,0.0,0.0,0.0,0.0,0.0,0.0,0.0,4.39453,23.7736,0.00674,0.13537,Nothing,seated
4.94107,427,-0.0017255,-0.20517,0.0,0.0,0.0,0.0,0.0,0.0,0.0,0.0,4.57031,20.029,0.00674,0.13537,Nothing,seated
4.95748,428,0.00210923,-0.207279,0.0,0.0,0.0,0.0,0.0,0.0,0.0,0.0,4.92188,20.9453,0.00674,0.13537,Nothing,seated
4.96826,429,0.00210923,-0.207279,0.0,0.0,0.0,0.0,0.0,0.0,0.0,0.0,5.27344,23.65,0.00674,0.13537,Nothing,seated
4.97906,430,0.00210923,-0.20632,0.0,0.0,0.0,0.0,0.0,0.0,0.0,0.0,5.44922,20.5872,0.00674,0.13537,Nothing,seated
4.98954,431,0.00210923,-0.202102,0.0,0.0,0.0,0.0,0.0,0.0,0.0,0.0,5.625,20.7014,0.00674,0.13537,Nothing,seated
5.00234,432,0.00210923,-0.206129,0.0,0.0,0.0,0.0,0.0,0.0,0.0,0.0,5.80078,20.0844,0.00674,0.13537,Nothing,seated
5.01838,433,0.00402706,-0.20632,0.0,0.0,0.0,0.0,0.0,0.0,0.0,0.0,6.15234,20.2051,0.00674,0.13537,Nothing,seated
