0.00181699,0,-0.00191719,-0.0849444,0.0,0.0,0.0,0.0,0.0,0.0,0.0,0.0,7.20703,0.0,0.00674,0.13537,None,seated
0.013665,1,-0.00287611,-0.0887791,0.0,0.0,0.0,0.0,0.0,0.0,0.0,0.0,7.20703,0.0,0.00674,0.13537,Nothing,seated
0.0255709,2,-0.00287611,-0.0849444,0.0,0.0,0.0,0.0,0.0,0.0,0.0,0.0,7.20703,0.0,0.00674,0.13537,Nothing,seated
0.0375729,3,-0.00383455,-0.0849444,0.0,0.0,0.0,0.0,0.0,0.0,0.0,0.0,7.38281,0.0,0.00674,0.13537,Nothing,seated
0.0500829,4,-0.00383455,-0.0859029,0.0,0.0,0.0,0.0,0.0,0.0,0.0,0.0,7.38281,0.0,0.00674,0.13537,Nothing,seated
0.0620749,5,-0.00383455,-0.0859029,0.0,0.0,0.0,0.0,0.0,0.0,0.0,0.0,7.38281,2.91715,0.00674,0.13537,Nothing,seated
0.073076,6,-0.00287611,-0.0828349,0.0,0.0,0.0,0.0,0.0,0.0,0.0,0.0,7.55859,5.91746,0.00674,0.13537,Nothing,seated
0.083148,7,-0.00287611,-0.0828349,0.0,0.0,0.0,0.0,0.0,0.0,0.0,0.0,7.55859,6.10594,0.00674,0.13537,Nothing,seated
0.093219,8,1.74846e-07,-0.0770828,0.0,0.0,0.0,0.0,0.0,0.0,0.0,0.0,7.73438,6.31782,0.00674,0.13537,Nothing,seated
0.103695,9,1.74846e-07,-0.0770828,0.0,0.0,0.0,0.0,0.0,0.0,0.0,0.0,7.73438,6.55753,0.00674,0.13537,Nothing,seated
0.114456,10,0.00402706,-0.0711386,0.0,0.0,0.0,0.0,0.0,0.0,0.0,0.0,7.73438,6.71164,0.00674,0.13537,Nothing,seated
0.126239,11,0.00402706,-0.0711386,0.0,0.0,0.0,0.0,0.0,0.0,0.0,0.0,7.73438,3.30647,0.00674,0.13537,Nothing,seated
0.136569,12,0.00402706,-0.0663449,0.0,0.0,0.0,0.0,0.0,0.0,0.0,0.0,7.91016,6.58098,0.00674,0.13537,Nothing,seated
0.148147,13,0.00402706,-0.0663449,0.0,0.0,0.0,0.0,0.0,0.0,0.0,0.0,7.91016,3.20022,0.00674,0.13537,Nothing,seated
0.160348,14,0.00594443,-0.0663449,0.0,0.0,0.0,0.0,0.0,0.0,0.0,0.0,7.91016,3.10277,0.00674,0.13537,Nothing,seated
0.17195,15,0.00594443,-0.0692212,0.0,0.0,0.0,0.0,0.0,0.0,0.0,0.0,8.08594,6.11478,0.00674,0.13537,Nothing,seated
0.182022,16,0.013806,-0.0692212,0.0,0.0,0.0,0.0,0.0,0.0,0.0,0.0,8.08594,6.30232,0.00674,0.13537,Nothing,seated
0.192091,17,0.013806,-0.0651943,0.0,0.0,0.0,0.0,0.0,0.0,0.0,0.0,8.08594,3.16598,0.00674,0.13537,Nothing,seated
0.202692,18,0.014765,-0.0651943,0.0,0.0,0.0,0.0,0.0,0.0,0.0,0.0,8.26172,6.44535,0.00674,0.13537,Nothing,seated
0.213825,19,0.0128471,-0.0613596,0.0,0.0,0.0,0.0,0.0,0.0,0.0,0.0,8.26172,6.57408,0.00674,0.13537,Nothing,seated
0.223891,20,0.0128471,-0.0613596,0.0,0.0,0.0,0.0,0.0,0.0,0.0,0.0,8.26172,3.38424,0.00674,0.13537,Nothing,seated
0.233961,21,0.00977915,-0.0630853,0.0,0.0,0.0,0.0,0.0,0.0,0.0,0.0,8.4375,6.76876,0.00674,0.13537,Nothing,seated
0.244028,22,0.00977915,-0.0632769,0.0,0.0,0.0,0.0,0.0,0.0,0.0,0.0,8.4375,6.76904,0.00674,0.13537,Nothing,seated
0.255947,23,0.00786179,-0.0575244,0.0,0.0,0.0,0.0,0.0,0.0,0.0,0.0,8.4375,3.30076,0.00674,0.13537,Nothing,seated
0.269479,24,0.00786179,-0.0584833,0.0,0.0,0.0,0.0,0.0,0.0,0.0,0.0,8.61328,6.31693,0.00674,0.13537,Nothing,seated
0.280691,25,0.0118887,-0.0584833,0.0,0.0,0.0,0.0,0.0,0.0,0.0,0.0,8.61328,6.18949,0.00674,0.13537,Nothing,seated
0.291033,26,0.0118887,-0.062318,0.0,0.0,0.0,0.0,0.0,0.0,0.0,0.0,8.78906,6.15996,0.00674,0.13537,Nothing,seated
0.301099,27,0.00882071,-0.062318,0.0,0.0,0.0,0.0,0.0,0.0,0.0,0.0,8.78906,6.16009,0.00674,0.13537,Nothing,seated
0.311562,28,0.0118887,-0.0651943,0.0,0.0,0.0,0.0,0.0,0.0,0.0,0.0,8.78906,6.32137,0.00674,0.13537,Nothing,seated
0.322349,29,0.0118887,-0.0651943,0.0,0.0,0.0,0.0,0.0,0.0,0.0,0.0,8.78906,3.3248,0.00674,0.13537,Nothing,seated
0.336603,30,0.00690335,-0.0604007,0.0,0.0,0.0,0.0,0.0,0.0,0.0,0.0,8.78906,3.14389,0.00674,0.13537,Nothing,seated
0.349072,31,0.00690335,-0.0613596,0.0,0.0,0.0,0.0,0.0,0.0,0.0,0.0,8.96484,3.02868,0.00674,0.13537,Nothing,seated
0.362146,32,0.0107381,-0.0613596,0.0,0.0,0.0,0.0,0.0,0.0,0.0,0.0,9.14062,5.75888,0.00674,0.13537,Nothing,seated
0.373956,33,0.00786179,-0.0642354,0.0,0.0,0.0,0.0,0.0,0.0,0.0,0.0,9.14062,5.63454,0.00674,0.13537,Nothing,seated
0.39183,34,0.00402706,-0.0673034,0.0,0.0,0.0,0.0,0.0,0.0,0.0,0.0,9.14062,5.05983,0.00674,0.13537,Nothing,seated
0.403225,35,0.00402706,-0.0673034,0.0,0.0,0.0,0.0,0.0,0.0,0.0,0.0,9.31641,7.91546,0.00674,0.13537,Nothing,seated
0.415071,36,0.00402706,-0.0673034,0.0,0.0,0.0,0.0,0.0,0.0,0.0,0.0,9.31641,5.32678,0.00674,0.13537,Nothing,seated
0.426926,37,0.00306815,-0.0692212,0.0,0.0,0.0,0.0,0.0,0.0,0.0,0.0,9.31641,2.71351,0.00674,0.13537,Nothing,seated
0.446352,38,0.00594443,-0.0682623,0.0,0.0,0.0,0.0,0.0,0.0,0.0,0.0,9.49219,4.8561,0.00674,0.13537,Nothing,seated
0.45815,39,0.00498551,-0.0730559,0.0,0.0,0.0,0.0,0.0,0.0,0.0,0.0,9.49219,5.30101,0.00674,0.13537,Nothing,seated
0.472876,40,0.00498551,-0.0730559,0.0,0.0,0.0,0.0,0.0,0.0,0.0,0.0,9.49219,2.52375,0.00674,0.13537,Nothing,seated
0.484154,41,0.00210923,-0.0715219,0.0,0.0,0.0,0.0,0.0,0.0,0.0,0.0,9.66797,5.08899,0.00674,0.13537,Nothing,seated
0.496317,42,1.74846e-07,-0.0663449,0.0,0.0,0.0,0.0,0.0,0.0,0.0,0.0,9.66797,5.0664,0.00674,0.13537,Nothing,seated
0.518072,43,1.74846e-07,-0.0594417,0.0,0.0,0.0,0.0,0.0,0.0,0.0,0.0,9.66797,2.45094,0.00674,0.13537,Nothing,seated
0.54095,44,0.00306815,-0.0692212,0.0,0.0,0.0,0.0,0.0,0.0,0.0,0.0,9.84375,4.24593,0.00674,0.13537,Nothing,seated
0.563195,45,0.00786179,-0.0761239,0.0,0.0,0.0,0.0,0.0,0.0,0.0,0.0,9.84375,3.89245,0.00674,0.13537,Nothing,seated
0.599821,46,0.0128471,-0.146112,0.0,0.0,0.0,0.0,0.0,0.0,0.0,0.0,10.0195,3.03944,0.00674,0.13537,Nothing,seated
0.632089,47,0.0105464,-0.141701,0.0,0.0,0.0,0.0,0.0,0.0,0.0,0.0,10.1953,3.88404,0.00674,0.13537,Nothing,seated
0.662696,48,0.00786179,-0.137675,0.0,0.0,0.0,0.0,0.0,0.0,0.0,0.0,10.1953,3.64631,0.00674,0.13537,Nothing,seated
0.689694,49,-0.0097788,-0.0770828,0.0,0.0,0.0,0.0,0.0,0.0,0.0,0.0,10.1953,2.36354,0.00674,0.13537,Nothing,seated
0.718829,50,-0.013614,-0.0427601,0.0,0.0,0.0,0.0,0.0,0.0,0.0,0.0,10.1953,2.25891,0.00674,0.13537,Nothing,seated
0.747466,51,-0.0130385,-0.0410339,0.0,0.0,0.0,0.0,0.0,0.0,0.0,0.0,10.1953,1.19057,0.00674,0.13537,Nothing,seated
0.784569,52,-0.0113128,-0.0400755,0.0,0.0,0.0,0.0,0.0,0.0,0.0,0.0,10.1953,0.0,0.00674,0.13537,Nothing,seated
0.811071,53,-0.00939542,-0.0398838,0.0,0.0,0.0,0.0,0.0,0.0,0.0,0.0,10.0195,-1.18471,0.00674,0.13537,Nothing,seated
0.833695,54,-0.00747806,-0.0398838,0.0,0.0,0.0,0.0,0.0,0.0,0.0,0.0,10.0195,-1.22069,0.00674,0.13537,Nothing,seated
0.84995,55,-0.00575239,-0.0391166,0.0,0.0,0.0,0.0,0.0,0.0,0.0,0.0,10.0195,-1.3406,0.00674,0.13537,Nothing,seated
0.876071,56,0.0262696,-0.0212843,0.0,0.0,0.0,0.0,0.0,0.0,0.0,0.0,10.0195,-1.36683,0.00674,0.13537,Nothing,seated
0.94095,57,0.013806,-0.0232016,0.0,0.0,0.0,0.0,0.0,0.0,0.0,0.0,10.0195,-1.12406,0.00674,0.13537,Nothing,seated
0.968071,58,0.0176412,-0.0241606,0.0,0.0,0.0,0.0,0.0,0.0,0.0,0.0,10.0195,0.0,0.00674,0.13537,Nothing,seated
0.995827,59,0.0379664,-0.0310633,0.0,0.0,0.0,0.0,0.0,0.0,0.0,0.0,10.0195,0.0,0.00674,0.13537,Nothing,seated
1.02046,60,0.00690335,-0.028762,0.0,0.0,0.0,0.0,0.0,0.0,0.0,0.0,10.0195,0.0,0.00674,0.13537,Nothing,seated
1.04283,61,-0.0302957,-0.0456359,0.0,0.0,0.0,0.0,0.0,0.0,0.0,0.0,10.0195,0.0,0.00674,0.13537,Nothing,seated
1.06576,62,-0.0145724,-0.0329806,0.0,0.0,0.0,0.0,0.0,0.0,0.0,0.0,10.0195,0.0,0.00674,0.13537,Nothing,seated
1.09207,63,-0.0164903,-0.0324056,0.0,0.0,0.0,0.0,0.0,0.0,0.0,0.0,10.0195,0.0,0.00674,0.13537,Nothing,seated
1.11632,64,-0.013614,-0.0241606,0.0,0.0,0.0,0.0,0.0,0.0,0.0,0.0,10.0195,0.0,0.00674,0.13537,Nothing,seated
1.14047,65,1.74846e-07,-0.0237767,0.0,0.0,0.0,0.0,0.0,0.0,0.0,0.0,10.0195,0.0,0.00674,0.13537,Nothing,seated
1.16319,66,0.00594443,-0.0262696,0.0,0.0,0.0,0.0,0.0,0.0,0.0,0.0,10.0195,0.0,0.00674,0.13537,Nothing,seated
1.18557,67,-0.000958268,-0.0212843,0.0,0.0,0.0,0.0,0.0,0.0,0.0,0.0,10.0195,0.0,0.00674,0.13537,Nothing,seated
1.20846,68,0.00402706,-0.0241606,0.0,0.0,0.0,0.0,0.0,0.0,0.0,0.0,10.0195,0.0,0.00674,0.13537,Nothing,seated
1.23296,69,0.00882071,-0.0203254,0.0,0.0,0.0,0.0,0.0,0.0,0.0,0.0,10.0195,0.0,0.00674,0.13537,Nothing,seated
1.24775,70,0.00882071,-0.025119,0.0,0.0,0.0,0.0,0.0,0.0,0.0,0.0,10.0195,0.0,0.00674,0.13537,Nothing,seated
1.27295,71,0.00498551,-0.0222427,0.0,0.0,0.0,0.0,0.0,0.0,0.0,0.0,10.1953,1.60143,0.00674,0.13537,Nothing,seated
1.28819,72,0.00498551,-0.0222427,0.0,0.0,0.0,0.0,0.0,0.0,0.0,0.0,10.1953,1.71288,0.00674,0.13537,Nothing,seated
1.3007,73,1.74846e-07,-0.0212843,0.0,0.0,0.0,0.0,0.0,0.0,0.0,0.0,10.1953,1.90584,0.00674,0.13537,Nothing,seated
1.31269,74,1.74846e-07,-0.0272281,0.0,0.0,0.0,0.0,0.0,0.0,0.0,0.0,10.1953,2.20468,0.00674,0.13537,Nothing,seated
1.32846,75,0.00306815,-0.0310633,0.0,0.0,0.0,0.0,0.0,0.0,0.0,0.0,10.1953,2.1778,0.00674,0.13537,Nothing,seated
1.34369,76,0.00115078,-0.0310633,0.0,0.0,0.0,0.0,0.0,0.0,0.0,0.0,10.1953,0.0,0.00674,0.13537,Nothing,seated
1.35614,77,0.00690335,-0.0301043,0.0,0.0,0.0,0.0,0.0,0.0,0.0,0.0,10.1953,0.0,0.00674,0.13537,Nothing,seated
1.37121,78,0.00690335,-0.0301043,0.0,0.0,0.0,0.0,0.0,0.0,0.0,0.0,10.1953,0.0,0.00674,0.13537,Nothing,seated
1.38753,79,0.00402706,-0.0320222,0.0,0.0,0.0,0.0,0.0,0.0,0.0,0.0,10.1953,0.0,0.00674,0.13537,Nothing,seated
1.40532,80,0.00402706,-0.0398838,0.0,0.0,0.0,0.0,0.0,0.0,0.0,0.0,10.1953,0.0,0.00674,0.13537,Nothing,seated
1.42245,81,-0.00191719,-0.0398838,0.0,0.0,0.0,0.0,0.0,0.0,0.0,0.0,10.1953,0.0,0.00674,0.13537,Nothing,seated
1.44235,82,-0.00383455,-0.0427601,0.0,0.0,0.0,0.0,0.0,0.0,0.0,0.0,10.3711,2.03908,0.00674,0.13537,Nothing,seated
1.45607,83,-0.00383455,-0.0421845,0.0,0.0,0.0,0.0,0.0,0.0,0.0,0.0,10.3711,2.07135,0.00674,0.13537,Nothing,seated
1.46765,84,-0.00402624,-0.0416095,0.0,0.0,0.0,0.0,0.0,0.0,0.0,0.0,10.3711,2.19384,0.00674,0.13537,Nothing,seated
1.48135,85,-0.00862819,-0.025119,0.0,0.0,0.0,0.0,0.0,0.0,0.0,0.0,10.3711,2.31187,0.00674,0.13537,Nothing,seated
1.49357,86,-0.0097788,-0.025119,0.0,0.0,0.0,0.0,0.0,0.0,0.0,0.0,10.3711,2.47158,0.00674,0.13537,Nothing,seated
1.50595,87,-0.00479347,-0.0241606,0.0,0.0,0.0,0.0,0.0,0.0,0.0,0.0,10.3711,0.0,0.00674,0.13537,Nothing,seated
1.51695,88,-0.00479347,-0.0241606,0.0,0.0,0.0,0.0,0.0,0.0,0.0,0.0,10.3711,0.0,0.00674,0.13537,Nothing,seated
1.52735,89,0.00306815,-0.0396921,0.0,0.0,0.0,0.0,0.0,0.0,0.0,0.0,10.3711,0.0,0.00674,0.13537,Nothing,seated
1.54,90,0.00306815,-0.0394999,0.0,0.0,0.0,0.0,0.0,0.0,0.0,0.0,10.3711,0.0,0.00674,0.13537,Nothing,seated
1.55115,91,-0.00383455,-0.0427601,0.0,0.0,0.0,0.0,0.0,0.0,0.0,0.0,10.3711,0.0,0.00674,0.13537,Nothing,seated
1.56215,92,-0.00383455,-0.0427601,0.0,0.0,0.0,0.0,0.0,0.0,0.0,0.0,10.3711,0.0,0.00674,0.13537,Nothing,seated
1.57307,93,-0.000958268,-0.0310633,0.0,0.0,0.0,0.0,0.0,0.0,0.0,0.0,10.3711,0.0,0.00674,0.13537,Nothing,seated
1.58507,94,-0.000958268,-0.0241606,0.0,0.0,0.0,0.0,0.0,0.0,0.0,0.0,10.3711,0.0,0.00674,0.13537,Nothing,seated
1.59634,95,0.00402706,-0.0241606,0.0,0.0,0.0,0.0,0.0,0.0,0.0,0.0,10.3711,0.0,0.00674,0.13537,Nothing,seated
1.60869,96,0.00594443,-0.025119,0.0,0.0,0.0,0.0,0.0,0.0,0.0,0.0,10.3711,0.0,0.00674,0.13537,Nothing,seated
1.6204,97,0.00594443,-0.025119,0.0,0.0,0.0,0.0,0.0,0.0,0.0,0.0,10.3711,0.0,0.00674,0.13537,Nothing,seated
1.63524,98,0.00210923,-0.0272281,0.0,0.0,0.0,0.0,0.0,0.0,0.0,0.0,10.3711,0.0,0.00674,0.13537,Nothing,seated
1.64695,99,0.00115078,-0.0232016,0.0,0.0,0.0,0.0,0.0,0.0,0.0,0.0,10.3711,0.0,0.00674,0.13537,Nothing,seated
1.66007,100,0.00115078,-0.0232016,0.0,0.0,0.0,0.0,0.0,0.0,0.0,0.0,10.3711,0.0,0.00674,0.13537,Nothing,seated
1.67046,101,0.00498551,-0.0262696,0.0,0.0,0.0,0.0,0.0,0.0,0.0,0.0,10.5469,2.84564,0.00674,0.13537,Nothing,seated
1.68169,102,0.00498551,-0.028187,0.0,0.0,0.0,0.0,0.0,0.0,0.0,0.0,10.5469,2.86788,0.00674,0.13537,Nothing,seated
1.69346,103,-0.00671083,-0.028187,0.0,0.0,0.0,0.0,0.0,0.0,0.0,0.0,10.5469,3.0191,0.00674,0.13537,Nothing,seated
1.70646,104,-0.00575239,-0.0232016,0.0,0.0,0.0,0.0,0.0,0.0,0.0,0.0,10.5469,2.95376,0.00674,0.13537,Nothing,seated
1.72035,105,-0.00575239,-0.025119,0.0,0.0,0.0,0.0,0.0,0.0,0.0,0.0,10.5469,2.91613,0.00674,0.13537,Nothing,seated
1.73182,106,-0.000958268,-0.025119,0.0,0.0,0.0,0.0,0.0,0.0,0.0,0.0,10.5469,0.0,0.00674,0.13537,Nothing,seated
1.74332,107,-0.000958268,-0.0272281,0.0,0.0,0.0,0.0,0.0,0.0,0.0,0.0,10.5469,0.0,0.00674,0.13537,Nothing,seated
1.75632,108,0.00306815,-0.0272281,0.0,0.0,0.0,0.0,0.0,0.0,0.0,0.0,10.5469,0.0,0.00674,0.13537,Nothing,seated
1.76746,109,-0.00575239,-0.0272281,0.0,0.0,0.0,0.0,0.0,0.0,0.0,0.0,10.5469,0.0,0.00674,0.13537,Nothing,seated
1.7797,110,-0.00575239,-0.0212843,0.0,0.0,0.0,0.0,0.0,0.0,0.0,0.0,10.5469,0.0,0.00674,0.13537,Nothing,seated
1.79207,111,-0.00191719,-0.0212843,0.0,0.0,0.0,0.0,0.0,0.0,0.0,0.0,10.5469,0.0,0.00674,0.13537,Nothing,seated
1.80515,112,0.000191863,-0.0270364,0.0,0.0,0.0,0.0,0.0,0.0,0.0,0.0,10.5469,0.0,0.00674,0.13537,Nothing,seated
1.84557,113,0.00210923,-0.0262696,0.0,0.0,0.0,0.0,0.0,0.0,0.0,0.0,10.5469,0.0,0.00674,0.13537,Nothing,seated
1.85657,114,0.00210923,-0.0427601,0.0,0.0,0.0,0.0,0.0,0.0,0.0,0.0,10.5469,0.0,0.00674,0.13537,Nothing,seated
1.86672,115,0.00210923,-0.0427601,0.0,0.0,0.0,0.0,0.0,0.0,0.0,0.0,10.5469,0.0,0.00674,0.13537,Nothing,seated
1.87883,116,0.00690335,-0.0320222,0.0,0.0,0.0,0.0,0.0,0.0,0.0,0.0,10.5469,0.0,0.00674,0.13537,Nothing,seated
1.89121,117,1.74846e-07,-0.0320222,0.0,0.0,0.0,0.0,0.0,0.0,0.0,0.0,10.5469,0.0,0.00674,0.13537,Nothing,seated
1.9017,118,0.000191863,-0.0124637,0.0,0.0,0.0,0.0,0.0,0.0,0.0,0.0,10.5469,0.0,0.00674,0.13537,Nothing,seated
1.91607,119,-0.00479347,-0.0164906,0.0,0.0,0.0,0.0,0.0,0.0,0.0,0.0,10.5469,0.0,0.00674,0.13537,Nothing,seated
1.92908,120,-0.000958268,-0.0164906,0.0,0.0,0.0,0.0,0.0,0.0,0.0,0.0,10.5469,0.0,0.00674,0.13537,Nothing,seated
1.94195,121,-0.000958268,-0.0164906,0.0,0.0,0.0,0.0,0.0,0.0,0.0,0.0,10.5469,0.0,0.00674,0.13537,Nothing,seated
1.95245,122,-0.000958268,-0.0164906,0.0,0.0,0.0,0.0,0.0,0.0,0.0,0.0,10.5469,0.0,0.00674,0.13537,Nothing,seated
1.96269,123,-0.000574891,-0.0159151,0.0,0.0,0.0,0.0,0.0,0.0,0.0,0.0,10.5469,0.0,0.00674,0.13537,Nothing,seated
1.97557,124,-0.000383202,-0.0159151,0.0,0.0,0.0,0.0,0.0,0.0,0.0,0.0,10.5469,0.0,0.00674,0.13537,Nothing,seated
1.98857,125,-0.00191719,-0.0320222,0.0,0.0,0.0,0.0,0.0,0.0,0.0,0.0,10.5469,0.0,0.00674,0.13537,Nothing,seated
2.00095,126,-0.00575239,-0.0272281,0.0,0.0,0.0,0.0,0.0,0.0,0.0,0.0,10.5469,0.0,0.00674,0.13537,Nothing,seated
2.01315,127,-0.00575239,-0.0320222,0.0,0.0,0.0,0.0,0.0,0.0,0.0,0.0,10.5469,0.0,0.00674,0.13537,Nothing,seated
2.02407,128,0.0118887,-0.0320222,0.0,0.0,0.0,0.0,0.0,0.0,0.0,0.0,10.5469,0.0,0.00674,0.13537,Nothing,seated
2.03535,129,0.0107381,-0.0379659,0.0,0.0,0.0,0.0,0.0,0.0,0.0,0.0,10.5469,0.0,0.00674,0.13537,Nothing,seated
2.04769,130,0.0107381,-0.0379659,0.0,0.0,0.0,0.0,0.0,0.0,0.0,0.0,10.5469,0.0,0.00674,0.13537,Nothing,seated
2.06022,131,0.00786179,-0.0329806,0.0,0.0,0.0,0.0,0.0,0.0,0.0,0.0,10.5469,0.0,0.00674,0.13537,Nothing,seated
2.07107,132,0.00786179,-0.0329806,0.0,0.0,0.0,0.0,0.0,0.0,0.0,0.0,10.5469,0.0,0.00674,0.13537,Nothing,seated
2.08135,133,0.00977915,-0.0320222,0.0,0.0,0.0,0.0,0.0,0.0,0.0,0.0,10.5469,0.0,0.00674,0.13537,Nothing,seated
2.10407,134,0.0107381,-0.0320222,0.0,0.0,0.0,0.0,0.0,0.0,0.0,0.0,10.7227,2.55793,0.00674,0.13537,Nothing,seated
2.11957,135,0.00690335,-0.0320222,0.0,0.0,0.0,0.0,0.0,0.0,0.0,0.0,10.7227,2.44555,0.00674,0.13537,Nothing,seated
2.13347,136,0.00690335,-0.034898,0.0,0.0,0.0,0.0,0.0,0.0,0.0,0.0,10.7227,2.39984,0.00674,0.13537,Nothing,seated
2.14682,137,0.00690335,-0.034898,0.0,0.0,0.0,0.0,0.0,0.0,0.0,0.0,10.7227,2.3207,0.00674,0.13537,Nothing,seated
2.15846,138,0.00594443,-0.0272281,0.0,0.0,0.0,0.0,0.0,0.0,0.0,0.0,10.7227,2.27962,0.00674,0.13537,Nothing,seated
2.17035,139,0.00594443,-0.0272281,0.0,0.0,0.0,0.0,0.0,0.0,0.0,0.0,10.7227,0.0,0.00674,0.13537,Nothing,seated
2.18208,140,0.00306815,-0.028187,0.0,0.0,0.0,0.0,0.0,0.0,0.0,0.0,10.7227,0.0,0.00674,0.13537,Nothing,seated
2.19216,141,0.00306815,-0.0272281,0.0,0.0,0.0,0.0,0.0,0.0,0.0,0.0,10.7227,0.0,0.00674,0.13537,Nothing,seated
2.20547,142,0.00306815,-0.0272281,0.0,0.0,0.0,0.0,0.0,0.0,0.0,0.0,10.7227,0.0,0.00674,0.13537,Nothing,seated
2.2197,143,1.74846e-07,-0.0301043,0.0,0.0,0.0,0.0,0.0,0.0,0.0,0.0,10.7227,0.0,0.00674,0.13537,Nothing,seated
2.23098,144,1.74846e-07,-0.0301043,0.0,0.0,0.0,0.0,0.0,0.0,0.0,0.0,10.7227,0.0,0.00674,0.13537,Nothing,seated
2.24104,145,-0.00671083,-0.028187,0.0,0.0,0.0,0.0,0.0,0.0,0.0,0.0,10.7227,0.0,0.00674,0.13537,Nothing,seated
2.25295,146,-0.00671083,-0.028187,0.0,0.0,0.0,0.0,0.0,0.0,0.0,0.0,10.7227,0.0,0.00674,0.13537,Nothing,seated
2.26446,147,-0.000958268,-0.0339395,0.0,0.0,0.0,0.0,0.0,0.0,0.0,0.0,10.7227,0.0,0.00674,0.13537,Nothing,seated
2.27647,148,-0.000958268,-0.0379659,0.0,0.0,0.0,0.0,0.0,0.0,0.0,0.0,10.7227,0.0,0.00674,0.13537,Nothing,seated
2.28995,149,0.00115078,-0.0379659,0.0,0.0,0.0,0.0,0.0,0.0,0.0,0.0,10.7227,0.0,0.00674,0.13537,Nothing,seated
2.30147,150,-0.00671083,-0.0554153,0.0,0.0,0.0,0.0,0.0,0.0,0.0,0.0,10.7227,0.0,0.00674,0.13537,Nothing,seated
2.31457,151,-0.00671083,-0.0730559,0.0,0.0,0.0,0.0,0.0,0.0,0.0,0.0,10.5469,-2.85281,0.00674,0.13537,Nothing,seated
2.3257,152,-0.013614,-0.0730559,0.0,0.0,0.0,0.0,0.0,0.0,0.0,0.0,10.5469,-2.8706,0.00674,0.13537,Nothing,seated
2.33608,153,-0.013614,-0.0985586,0.0,0.0,0.0,0.0,0.0,0.0,0.0,0.0,10.5469,-2.94891,0.00674,0.13537,Nothing,seated
2.34615,154,-0.00862819,-0.0985586,0.0,0.0,0.0,0.0,0.0,0.0,0.0,0.0,10.5469,-3.12812,0.00674,0.13537,Nothing,seated
2.35735,155,-0.000958268,-0.0985586,0.0,0.0,0.0,0.0,0.0,0.0,0.0,0.0,10.5469,-3.14569,0.00674,0.13537,Nothing,seated
2.36858,156,-0.000958268,-0.136908,0.0,0.0,0.0,0.0,0.0,0.0,0.0,0.0,10.3711,-3.25465,0.00674,0.13537,Nothing,seated
2.37935,157,-0.000766579,-0.136716,0.0,0.0,0.0,0.0,0.0,0.0,0.0,0.0,10.3711,-3.27601,0.00674,0.13537,Nothing,seated
2.39035,158,0.000191863,-0.155699,0.0,0.0,0.0,0.0,0.0,0.0,0.0,0.0,10.3711,-3.23901,0.00674,0.13537,Nothing,seated
2.40402,159,0.0350901,-0.193282,0.0,0.0,0.0,0.0,0.0,0.0,0.0,0.0,10.1953,-6.0741,0.00674,0.13537,Nothing,seated
2.41632,160,0.0487043,-0.193282,0.0,0.0,0.0,0.0,0.0,0.0,0.0,0.0,10.1953,-5.96121,0.00674,0.13537,Nothing,seated
2.42756,161,0.0485122,-0.193282,0.0,0.0,0.0,0.0,0.0,0.0,0.0,0.0,10.1953,-2.97991,0.00674,0.13537,Nothing,seated
2.44207,162,0.0483205,-0.193857,0.0,0.0,0.0,0.0,0.0,0.0,0.0,0.0,10.0195,-5.60599,0.00674,0.13537,Nothing,seated
2.46383,163,0.0456364,-0.195391,0.0,0.0,0.0,0.0,0.0,0.0,0.0,0.0,10.0195,-4.78415,0.00674,0.13537,Nothing,seated
2.49538,164,0.0429518,-0.196541,0.0,0.0,0.0,0.0,0.0,0.0,0.0,0.0,9.66797,-5.77234,0.00674,0.13537,Nothing,seated
2.5102,165,0.0421845,-0.198267,0.0,0.0,0.0,0.0,0.0,0.0,0.0,0.0,9.49219,-7.49017,0.00674,0.13537,Nothing,seated
2.52107,166,0.0412261,-0.200568,0.0,0.0,0.0,0.0,0.0,0.0,0.0,0.0,9.49219,-7.51956,0.00674,0.13537,Nothing,seated
2.53225,167,0.0402672,-0.202677,0.0,0.0,0.0,0.0,0.0,0.0,0.0,0.0,9.31641,-7.79675,0.00674,0.13537,Nothing,seated
2.54369,168,0.0393087,-0.206129,0.0,0.0,0.0,0.0,0.0,0.0,0.0,0.0,9.14062,-11.0055,0.00674,0.13537,Nothing,seated
2.55835,169,0.00210923,-0.200376,0.0,0.0,0.0,0.0,0.0,0.0,0.0,0.0,8.96484,-11.1664,0.00674,0.13537,Nothing,seated
2.56995,170,0.00210923,-0.193282,0.0,0.0,0.0,0.0,0.0,0.0,0.0,0.0,8.78906,-11.7674,0.00674,0.13537,Nothing,seated
2.58015,171,0.00210923,-0.193282,0.0,0.0,0.0,0.0,0.0,0.0,0.0,0.0,8.78906,-11.9018,0.00674,0.13537,Nothing,seated
2.59057,172,-0.000958268,-0.199226,0.0,0.0,0.0,0.0,0.0,0.0,0.0,0.0,8.61328,-12.0563,0.00674,0.13537,Nothing,seated
2.60146,173,-0.000958268,-0.199226,0.0,0.0,0.0,0.0,0.0,0.0,0.0,0.0,8.4375,-12.1707,0.00674,0.13537,Nothing,seated
2.61295,174,-0.000958268,-0.203636,0.0,0.0,0.0,0.0,0.0,0.0,0.0,0.0,8.26172,-12.8784,0.00674,0.13537,Nothing,seated
2.62757,175,-0.00134212,-0.205554,0.0,0.0,0.0,0.0,0.0,0.0,0.0,0.0,7.91016,-15.2516,0.00674,0.13537,Nothing,seated
2.6407,176,-0.00153381,-0.207663,0.0,0.0,0.0,0.0,0.0,0.0,0.0,0.0,7.73438,-17.4182,0.00674,0.13537,Nothing,seated
2.65195,177,-0.00191719,-0.209964,0.0,0.0,0.0,0.0,0.0,0.0,0.0,0.0,7.55859,-17.1807,0.00674,0.13537,Nothing,seated
2.66435,178,-0.00230056,-0.214374,0.0,0.0,0.0,0.0,0.0,0.0,0.0,0.0,7.20703,-19.5664,0.00674,0.13537,Nothing,seated
2.67615,179,-0.00249225,-0.217058,0.0,0.0,0.0,0.0,0.0,0.0,0.0,0.0,7.03125,-19.4676,0.00674,0.13537,Nothing,seated
2.68832,180,-0.0030678,-0.219743,0.0,0.0,0.0,0.0,0.0,0.0,0.0,0.0,6.67969,-20.2543,0.00674,0.13537,Nothing,seated
2.70508,181,-0.00325948,-0.225303,0.0,0.0,0.0,0.0,0.0,0.0,0.0,0.0,6.32812,-21.8413,0.00674,0.13537,Nothing,seated
2.71657,182,-0.0174487,-0.204211,0.0,0.0,0.0,0.0,0.0,0.0,0.0,0.0,6.15234,-21.7645,0.00674,0.13537,Nothing,seated
2.72957,183,-0.0224341,-0.198267,0.0,0.0,0.0,0.0,0.0,0.0,0.0,0.0,5.80078,-21.5633,0.00674,0.13537,Nothing,seated
2.74046,184,-0.0224341,-0.198267,0.0,0.0,0.0,0.0,0.0,0.0,0.0,0.0,5.625,-21.8671,0.00674,0.13537,Nothing,seated
2.7507,185,-0.0164903,-0.197308,0.0,0.0,0.0,0.0,0.0,0.0,0.0,0.0,5.27344,-22.5462,0.00674,0.13537,Nothing,seated
2.76307,186,-0.0164903,-0.199993,0.0,0.0,0.0,0.0,0.0,0.0,0.0,0.0,5.09766,-21.2186,0.00674,0.13537,Nothing,seated
2.77357,187,-0.0162981,-0.203636,0.0,0.0,0.0,0.0,0.0,0.0,0.0,0.0,4.92188,-21.5857,0.00674,0.13537,Nothing,seated
2.78457,188,-0.0162981,-0.209772,0.0,0.0,0.0,0.0,0.0,0.0,0.0,0.0,4.57031,-22.3718,0.00674,0.13537,Nothing,seated
2.79646,189,-0.0162981,-0.213415,0.0,0.0,0.0,0.0,0.0,0.0,0.0,0.0,4.21875,-25.1111,0.00674,0.13537,Nothing,seated
2.80869,190,-0.0162981,-0.216867,0.0,0.0,0.0,0.0,0.0,0.0,0.0,0.0,3.86719,-24.2477,0.00674,0.13537,Nothing,seated
2.82107,191,-0.0162981,-0.220318,0.0,0.0,0.0,0.0,0.0,0.0,0.0,0.0,3.69141,-24.2457,0.00674,0.13537,Nothing,seated
2.83295,192,-0.0162981,-0.224345,0.0,0.0,0.0,0.0,0.0,0.0,0.0,0.0,3.33984,-26.6439,0.00674,0.13537,Nothing,seated
2.84346,193,-0.0162981,-0.227605,0.0,0.0,0.0,0.0,0.0,0.0,0.0,0.0,3.16406,-23.8764,0.00674,0.13537,Nothing,seated
2.85369,194,-0.0184076,-0.200185,0.0,0.0,0.0,0.0,0.0,0.0,0.0,0.0,2.8125,-24.5719,0.00674,0.13537,Nothing,seated
2.86552,195,-0.0184076,-0.200185,0.0,0.0,0.0,0.0,0.0,0.0,0.0,0.0,2.46094,-24.7453,0.00674,0.13537,Nothing,seated
2.87757,196,-0.0174487,-0.205554,0.0,0.0,0.0,0.0,0.0,0.0,0.0,0.0,2.28516,-24.8903,0.00674,0.13537,Nothing,seated
2.88857,197,-0.0174487,-0.20958,0.0,0.0,0.0,0.0,0.0,0.0,0.0,0.0,1.93359,-25.2818,0.00674,0.13537,Nothing,seated
2.9002,198,-0.0224341,-0.203252,0.0,0.0,0.0,0.0,0.0,0.0,0.0,0.0,1.58203,-27.8855,0.00674,0.13537,Nothing,seated
2.91183,199,-0.0224341,-0.203252,0.0,0.0,0.0,0.0,0.0,0.0,0.0,0.0,1.40625,-24.1894,0.00674,0.13537,Nothing,seated
2.92307,200,-0.0174487,-0.203252,0.0,0.0,0.0,0.0,0.0,0.0,0.0,0.0,1.05469,-24.4344,0.00674,0.13537,Nothing,seated
2.93346,201,-0.0174487,-0.203252,0.0,0.0,0.0,0.0,0.0,0.0,0.0,0.0,0.703125,-28.305,0.00674,0.13537,Nothing,seated
2.94446,202,-0.0145724,-0.204211,0.0,0.0,0.0,0.0,0.0,0.0,0.0,0.0,0.527344,-25.1597,0.00674,0.13537,Nothing,seated
2.95569,203,-0.0145724,-0.209388,0.0,0.0,0.0,0.0,0.0,0.0,0.0,0.0,0.175781,-25.3397,0.00674,0.13537,Nothing,seated
2.96795,204,-0.0164903,-0.204211,0.0,0.0,0.0,0.0,0.0,0.0,0.0,0.0,0.0,-25.0553,0.00674,0.13537,Nothing,seated
2.98035,205,-0.013614,-0.204211,0.0,0.0,0.0,0.0,0.0,0.0,0.0,0.0,-0.351562,-24.5531,0.00674,0.13537,Nothing,seated
2.99157,206,-0.013614,-0.204211,0.0,0.0,0.0,0.0,0.0,0.0,0.0,0.0,-0.703125,-24.2024,0.00674,0.13537,Nothing,seated
3.00283,207,-0.0116962,-0.202102,0.0,0.0,0.0,0.0,0.0,0.0,0.0,0.0,-1.05469,-27.1068,0.00674,0.13537,Nothing,seated
3.01369,208,-0.0116962,-0.202102,0.0,0.0,0.0,0.0,0.0,0.0,0.0,0.0,-1.23047,-24.2469,0.00674,0.13537,Nothing,seated
3.02415,209,-0.00786144,-0.209197,0.0,0.0,0.0,0.0,0.0,0.0,0.0,0.0,-1.58203,-28.15,0.00674,0.13537,Nothing,seated
3.03932,210,-0.00766975,-0.201143,0.0,0.0,0.0,0.0,0.0,0.0,0.0,0.0,-1.93359,-26.8255,0.00674,0.13537,Nothing,seated
3.05135,211,-0.00766975,-0.201143,0.0,0.0,0.0,0.0,0.0,0.0,0.0,0.0,-2.28516,-26.4629,0.00674,0.13537,Nothing,seated
3.06383,212,-0.00287611,-0.199226,0.0,0.0,0.0,0.0,0.0,0.0,0.0,0.0,-2.63672,-25.9354,0.00674,0.13537,Nothing,seated
3.07615,213,-0.00287611,-0.20191,0.0,0.0,0.0,0.0,0.0,0.0,0.0,0.0,-2.8125,-25.3295,0.00674,0.13537,Nothing,seated
3.08695,214,-0.00479347,-0.206129,0.0,0.0,0.0,0.0,0.0,0.0,0.0,0.0,-3.16406,-25.1924,0.00674,0.13537,Nothing,seated
3.09702,215,-0.00479347,-0.207088,0.0,0.0,0.0,0.0,0.0,0.0,0.0,0.0,-3.33984,-24.3722,0.00674,0.13537,Nothing,seated
3.10715,216,0.00594443,-0.207088,0.0,0.0,0.0,0.0,0.0,0.0,0.0,0.0,-3.69141,-25.2021,0.00674,0.13537,Nothing,seated
3.12469,217,0.00594443,-0.203252,0.0,0.0,0.0,0.0,0.0,0.0,0.0,0.0,-4.04297,-23.1033,0.00674,0.13537,Nothing,seated
3.13757,218,0.00594443,-0.203252,0.0,0.0,0.0,0.0,0.0,0.0,0.0,0.0,-4.39453,-25.7563,0.00674,0.13537,Nothing,seated
3.14901,219,0.00882071,-0.203252,0.0,0.0,0.0,0.0,0.0,0.0,0.0,0.0,-4.74609,-25.4945,0.00674,0.13537,Nothing,seated
3.1607,220,0.0128471,-0.20517,0.0,0.0,0.0,0.0,0.0,0.0,0.0,0.0,-4.92188,-24.8453,0.00674,0.13537,Nothing,seated
3.17619,221,0.0128471,-0.20517,0.0,0.0,0.0,0.0,0.0,0.0,0.0,0.0,-5.27344,-22.9144,0.00674,0.13537,Nothing,seated
3.18695,222,0.0128471,-0.20843,0.0,0.0,0.0,0.0,0.0,0.0,0.0,0.0,-5.625,-25.4113,0.00674,0.13537,Nothing,seated
3.19701,223,0.0128471,-0.212073,0.0,0.0,0.0,0.0,0.0,0.0,0.0,0.0,-5.80078,-23.6584,0.00674,0.13537,Nothing,seated
3.20753,224,0.0128471,-0.218592,0.0,0.0,0.0,0.0,0.0,0.0,0.0,0.0,-5.97656,-21.0264,0.00674,0.13537,Nothing,seated
3.22007,225,0.0128471,-0.198267,0.0,0.0,0.0,0.0,0.0,0.0,0.0,0.0,-6.32812,-23.6847,0.00674,0.13537,Nothing,seated
3.23095,226,0.0157234,-0.198267,0.0,0.0,0.0,0.0,0.0,0.0,0.0,0.0,-6.50391,-22.4702,0.00674,0.13537,Nothing,seated
3.24269,227,0.0166823,-0.200185,0.0,0.0,0.0,0.0,0.0,0.0,0.0,0.0,-6.85547,-22.0743,0.00674,0.13537,Nothing,seated
3.25507,228,0.0166823,-0.202486,0.0,0.0,0.0,0.0,0.0,0.0,0.0,0.0,-7.03125,-21.1938,0.00674,0.13537,Nothing,seated
3.2654,229,0.0166823,-0.205937,0.0,0.0,0.0,0.0,0.0,0.0,0.0,0.0,-7.20703,-21.2612,0.00674,0.13537,Nothing,seated
3.27707,230,0.016874,-0.212456,0.0,0.0,0.0,0.0,0.0,0.0,0.0,0.0,-7.38281,-18.5032,0.00674,0.13537,Nothing,seated
3.2892,231,0.0170657,-0.215524,0.0,0.0,0.0,0.0,0.0,0.0,0.0,0.0,-7.73438,-21.1243,0.00674,0.13537,Nothing,seated
3.29945,232,0.0172574,-0.217826,0.0,0.0,0.0,0.0,0.0,0.0,0.0,0.0,-7.91016,-18.5809,0.00674,0.13537,Nothing,seated
3.31195,233,0.0170657,-0.223386,0.0,0.0,0.0,0.0,0.0,0.0,0.0,0.0,-8.08594,-18.5426,0.00674,0.13537,Nothing,seated
3.32815,234,0.0172574,-0.225687,0.0,0.0,0.0,0.0,0.0,0.0,0.0,0.0,-8.26172,-16.8077,0.00674,0.13537,Nothing,seated
3.34156,235,0.0172574,-0.227605,0.0,0.0,0.0,0.0,0.0,0.0,0.0,0.0,-8.61328,-19.0786,0.00674,0.13537,Nothing,seated
3.35308,236,0.0174491,-0.229714,0.0,0.0,0.0,0.0,0.0,0.0,0.0,0.0,-8.78906,-16.5114,0.00674,0.13537,Nothing,seated
3.36314,237,0.0174491,-0.231631,0.0,0.0,0.0,0.0,0.0,0.0,0.0,0.0,-8.78906,-13.8,0.00674,0.13537,Nothing,seated
3.37558,238,0.0176412,-0.235274,0.0,0.0,0.0,0.0,0.0,0.0,0.0,0.0,-8.96484,-13.8134,0.00674,0.13537,Nothing,seated
3.38716,239,0.0176412,-0.236425,0.0,0.0,0.0,0.0,0.0,0.0,0.0,0.0,-9.14062,-14.895,0.00674,0.13537,Nothing,seated
3.40035,240,0.0174491,-0.237959,0.0,0.0,0.0,0.0,0.0,0.0,0.0,0.0,-9.31641,-11.9607,0.00674,0.13537,Nothing,seated
3.41146,241,0.0172574,-0.239301,0.0,0.0,0.0,0.0,0.0,0.0,0.0,0.0,-9.49219,-12.0427,0.00674,0.13537,Nothing,seated
3.42295,242,0.0170657,-0.240452,0.0,0.0,0.0,0.0,0.0,0.0,0.0,0.0,-9.49219,-11.7572,0.00674,0.13537,Nothing,seated
3.43335,243,0.016874,-0.241602,0.0,0.0,0.0,0.0,0.0,0.0,0.0,0.0,-9.66797,-12.1701,0.00674,0.13537,Nothing,seated
3.44569,244,0.0166823,-0.243328,0.0,0.0,0.0,0.0,0.0,0.0,0.0,0.0,-9.84375,-12.0121,0.00674,0.13537,Nothing,seated
3.45707,245,0.0164906,-0.244095,0.0,0.0,0.0,0.0,0.0,0.0,0.0,0.0,-9.84375,-9.29782,0.00674,0.13537,Nothing,seated
3.46713,246,0.0162989,-0.244478,0.0,0.0,0.0,0.0,0.0,0.0,0.0,0.0,-10.0195,-9.4723,0.00674,0.13537,Nothing,seated
3.48145,247,0.0155317,-0.244862,0.0,0.0,0.0,0.0,0.0,0.0,0.0,0.0,-10.0195,-9.01364,0.00674,0.13537,Nothing,seated
3.49247,248,0.0151483,-0.245053,0.0,0.0,0.0,0.0,0.0,0.0,0.0,0.0,-10.1953,-8.9208,0.00674,0.13537,Nothing,seated
3.50253,249,0.0149566,-0.245245,0.0,0.0,0.0,0.0,0.0,0.0,0.0,0.0,-10.1953,-6.185,0.00674,0.13537,Nothing,seated
3.51315,250,0.0145733,-0.245245,0.0,0.0,0.0,0.0,0.0,0.0,0.0,0.0,-10.1953,-6.26827,0.00674,0.13537,Nothing,seated
3.52463,251,0.0143811,-0.244862,0.0,0.0,0.0,0.0,0.0,0.0,0.0,0.0,-10.1953,-3.05729,0.00674,0.13537,Nothing,seated
3.53707,252,0.0139977,-0.244478,0.0,0.0,0.0,0.0,0.0,0.0,0.0,0.0,-10.3711,-6.32101,0.00674,0.13537,Nothing,seated
3.55043,253,0.013806,-0.243903,0.0,0.0,0.0,0.0,0.0,0.0,0.0,0.0,-10.3711,-3.03229,0.00674,0.13537,Nothing,seated
3.56864,254,0.0126554,-0.242753,0.0,0.0,0.0,0.0,0.0,0.0,0.0,0.0,-10.3711,-2.65913,0.00674,0.13537,Nothing,seated
3.58205,255,0.0115053,-0.241985,0.0,0.0,0.0,0.0,0.0,0.0,0.0,0.0,-10.3711,-2.55129,0.00674,0.13537,Nothing,seated
3.59346,256,0.0109298,-0.241219,0.0,0.0,0.0,0.0,0.0,0.0,0.0,0.0,-10.3711,-2.55373,0.00674,0.13537,Nothing,seated
3.60735,257,0.0105464,-0.239493,0.0,0.0,0.0,0.0,0.0,0.0,0.0,0.0,-10.3711,0.0,0.00674,0.13537,Nothing,seated
3.62039,258,0.00958746,-0.238342,0.0,0.0,0.0,0.0,0.0,0.0,0.0,0.0,-10.3711,0.0,0.00674,0.13537,Nothing,seated
3.64108,259,0.0090124,-0.23585,0.0,0.0,0.0,0.0,0.0,0.0,0.0,0.0,-10.3711,0.0,0.00674,0.13537,Nothing,seated
3.65347,260,0.00786179,-0.234507,0.0,0.0,0.0,0.0,0.0,0.0,0.0,0.0,-10.3711,0.0,0.00674,0.13537,Nothing,seated
3.66521,261,0.00747841,-0.233357,0.0,0.0,0.0,0.0,0.0,0.0,0.0,0.0,-10.3711,0.0,0.00674,0.13537,Nothing,seated
3.68316,262,0.0063278,-0.228563,0.0,0.0,0.0,0.0,0.0,0.0,0.0,0.0,-10.1953,2.31883,0.00674,0.13537,Nothing,seated
3.69769,263,0.00594443,-0.226646,0.0,0.0,0.0,0.0,0.0,0.0,0.0,0.0,-10.1953,2.27381,0.00674,0.13537,Nothing,seated
3.70947,264,0.00536936,-0.225303,0.0,0.0,0.0,0.0,0.0,0.0,0.0,0.0,-10.0195,5.14078,0.00674,0.13537,Nothing,seated
3.72435,265,0.00421875,-0.223386,0.0,0.0,0.0,0.0,0.0,0.0,0.0,0.0,-9.84375,7.44028,0.00674,0.13537,Nothing,seated
3.73747,266,0.00345152,-0.219551,0.0,0.0,0.0,0.0,0.0,0.0,0.0,0.0,-9.84375,7.29838,0.00674,0.13537,Nothing,seated
3.75176,267,0.00249308,-0.217634,0.0,0.0,0.0,0.0,0.0,0.0,0.0,0.0,-9.66797,7.68646,0.00674,0.13537,Nothing,seated
3.76246,268,0.00191754,-0.215524,0.0,0.0,0.0,0.0,0.0,0.0,0.0,0.0,-9.66797,8.14191,0.00674,0.13537,Nothing,seated
3.77296,269,0.00153416,-0.21169,0.0,0.0,0.0,0.0,0.0,0.0,0.0,0.0,-9.49219,8.30607,0.00674,0.13537,Nothing,seated
3.78947,270,0.000959094,-0.209005,0.0,0.0,0.0,0.0,0.0,0.0,0.0,0.0,-9.31641,8.09815,0.00674,0.13537,Nothing,seated
3.80107,271,0.000383552,-0.206896,0.0,0.0,0.0,0.0,0.0,0.0,0.0,0.0,-9.14062,11.0542,0.00674,0.13537,Nothing,seated
3.81114,272,-0.000383202,-0.204978,0.0,0.0,0.0,0.0,0.0,0.0,0.0,0.0,-8.96484,11.8413,0.00674,0.13537,Nothing,seated
3.82157,273,-0.000574891,-0.202486,0.0,0.0,0.0,0.0,0.0,0.0,0.0,0.0,-8.96484,11.8954,0.00674,0.13537,Nothing,seated
3.8337,274,-0.000766579,-0.199993,0.0,0.0,0.0,0.0,0.0,0.0,0.0,0.0,-8.78906,11.5758,0.00674,0.13537,Nothing,seated
3.84446,275,-0.00115043,-0.197692,0.0,0.0,0.0,0.0,0.0,0.0,0.0,0.0,-8.61328,12.7857,0.00674,0.13537,Nothing,seated
3.85683,276,-0.00134212,-0.195199,0.0,0.0,0.0,0.0,0.0,0.0,0.0,0.0,-8.4375,12.6112,0.00674,0.13537,Nothing,seated
3.87007,277,-0.00134212,-0.190214,0.0,0.0,0.0,0.0,0.0,0.0,0.0,0.0,-8.26172,11.9317,0.00674,0.13537,Nothing,seated
3.8811,278,-0.00153381,-0.187721,0.0,0.0,0.0,0.0,0.0,0.0,0.0,0.0,-8.08594,14.7646,0.00674,0.13537,Nothing,seated
3.8992,279,-0.00191719,-0.182927,0.0,0.0,0.0,0.0,0.0,0.0,0.0,0.0,-7.73438,16.1021,0.00674,0.13537,Nothing,seated
3.91135,280,-0.00191719,-0.180434,0.0,0.0,0.0,0.0,0.0,0.0,0.0,0.0,-7.55859,15.768,0.00674,0.13537,Nothing,seated
3.9237,281,-0.00210888,-0.17775,0.0,0.0,0.0,0.0,0.0,0.0,0.0,0.0,-7.20703,18.4007,0.00674,0.13537,Nothing,seated
3.93673,282,-0.00230056,-0.175257,0.0,0.0,0.0,0.0,0.0,0.0,0.0,0.0,-7.03125,18.4592,0.00674,0.13537,Nothing,seated
3.94859,283,-0.00249225,-0.170272,0.0,0.0,0.0,0.0,0.0,0.0,0.0,0.0,-6.85547,18.2327,0.00674,0.13537,Nothing,seated
3.96036,284,-0.00249225,-0.168163,0.0,0.0,0.0,0.0,0.0,0.0,0.0,0.0,-6.67969,17.2452,0.00674,0.13537,Nothing,seated
3.97157,285,-0.00249225,-0.165478,0.0,0.0,0.0,0.0,0.0,0.0,0.0,0.0,-6.32812,20.4318,0.00674,0.13537,Nothing,seated
3.982,286,-0.00230056,-0.162986,0.0,0.0,0.0,0.0,0.0,0.0,0.0,0.0,-6.15234,18.0891,0.00674,0.13537,Nothing,seated
3.99695,287,-0.00210888,-0.160493,0.0,0.0,0.0,0.0,0.0,0.0,0.0,0.0,-5.80078,20.4326,0.00674,0.13537,Nothing,seated
4.00746,288,-0.00191719,-0.155891,0.0,0.0,0.0,0.0,0.0,0.0,0.0,0.0,-5.625,20.8986,0.00674,0.13537,Nothing,seated
4.02132,289,-0.00153381,-0.153207,0.0,0.0,0.0,0.0,0.0,0.0,0.0,0.0,-5.27344,23.065,0.00674,0.13537,Nothing,seated
4.03416,290,-0.00115043,-0.150714,0.0,0.0,0.0,0.0,0.0,0.0,0.0,0.0,-5.09766,19.6608,0.00674,0.13537,Nothing,seated
4.04607,291,-0.000766579,-0.14803,0.0,0.0,0.0,0.0,0.0,0.0,0.0,0.0,-4.74609,21.95,0.00674,0.13537,Nothing,seated
4.05883,292,-0.000383202,-0.142852,0.0,0.0,0.0,0.0,0.0,0.0,0.0,0.0,-4.39453,22.7269,0.00674,0.13537,Nothing,seated
4.07007,293,1.74846e-07,-0.14036,0.0,0.0,0.0,0.0,0.0,0.0,0.0,0.0,-4.21875,22.4615,0.00674,0.13537,Nothing,seated
4.08014,294,0.000383552,-0.13825,0.0,0.0,0.0,0.0,0.0,0.0,0.0,0.0,-4.04297,20.9207,0.00674,0.13537,Nothing,seated
4.09382,295,0.00115078,-0.135565,0.0,0.0,0.0,0.0,0.0,0.0,0.0,0.0,-3.69141,23.5675,0.00674,0.13537,Nothing,seated
4.10389,296,0.00153416,-0.133073,0.0,0.0,0.0,0.0,0.0,0.0,0.0,0.0,-3.33984,24.3216,0.00674,0.13537,Nothing,seated
4.11396,297,0.00191754,-0.13058,0.0,0.0,0.0,0.0,0.0,0.0,0.0,0.0,-3.16406,22.319,0.00674,0.13537,Nothing,seated
4.12403,298,0.00230139,-0.128088,0.0,0.0,0.0,0.0,0.0,0.0,0.0,0.0,-2.8125,26.063,0.00674,0.13537,Nothing,seated
4.13683,299,0.014765,-0.208238,0.0,0.0,0.0,0.0,0.0,0.0,0.0,0.0,-2.63672,24.8056,0.00674,0.13537,Nothing,seated
4.14957,300,0.014765,-0.209197,0.0,0.0,0.0,0.0,0.0,0.0,0.0,0.0,-2.28516,25.2251,0.00674,0.13537,Nothing,seated
4.16347,301,0.0176412,-0.210156,0.0,0.0,0.0,0.0,0.0,0.0,0.0,0.0,-1.93359,23.6012,0.00674,0.13537,Nothing,seated
4.17683,302,0.0176412,-0.210156,0.0,0.0,0.0,0.0,0.0,0.0,0.0,0.0,-1.58203,25.1627,0.00674,0.13537,Nothing,seated
4.18747,303,0.0178329,-0.20191,0.0,0.0,0.0,0.0,0.0,0.0,0.0,0.0,-1.23047,24.9376,0.00674,0.13537,Nothing,seated
4.20144,304,0.0180246,-0.1975,0.0,0.0,0.0,0.0,0.0,0.0,0.0,0.0,-0.878906,27.2058,0.00674,0.13537,Nothing,seated
4.21346,305,0.0185997,-0.207088,0.0,0.0,0.0,0.0,0.0,0.0,0.0,0.0,-0.527344,27.5126,0.00674,0.13537,Nothing,seated
4.22508,306,0.0157234,-0.209197,0.0,0.0,0.0,0.0,0.0,0.0,0.0,0.0,-0.351562,25.6807,0.00674,0.13537,Nothing,seated
4.23657,307,0.0157234,-0.209197,0.0,0.0,0.0,0.0,0.0,0.0,0.0,0.0,0.0,26.4808,0.00674,0.13537,Nothing,seated
4.24769,308,0.0157234,-0.207088,0.0,0.0,0.0,0.0,0.0,0.0,0.0,0.0,0.175781,23.349,0.00674,0.13537,Nothing,seated
4.25957,309,0.0157234,-0.209197,0.0,0.0,0.0,0.0,0.0,0.0,0.0,0.0,0.527344,24.1926,0.00674,0.13537,Nothing,seated
4.27183,310,0.013806,-0.209197,0.0,0.0,0.0,0.0,0.0,0.0,0.0,0.0,0.878906,24.094,0.00674,0.13537,Nothing,seated
4.28308,311,0.013806,-0.208238,0.0,0.0,0.0,0.0,0.0,0.0,0.0,0.0,1.23047,27.2758,0.00674,0.13537,Nothing,seated
4.29315,312,0.014765,-0.208238,0.0,0.0,0.0,0.0,0.0,0.0,0.0,0.0,1.40625,24.8556,0.00674,0.13537,Nothing,seated
4.30407,313,0.014765,-0.211114,0.0,0.0,0.0,0.0,0.0,0.0,0.0,0.0,1.75781,28.0607,0.00674,0.13537,Nothing,seated
4.31414,314,0.013806,-0.211114,0.0,0.0,0.0,0.0,0.0,0.0,0.0,0.0,1.93359,25.7692,0.00674,0.13537,Nothing,seated
4.32535,315,0.00882071,-0.209197,0.0,0.0,0.0,0.0,0.0,0.0,0.0,0.0,2.28516,26.2761,0.00674,0.13537,Nothing,seated
4.33757,316,0.00882071,-0.209197,0.0,0.0,0.0,0.0,0.0,0.0,0.0,0.0,2.63672,25.8043,0.00674,0.13537,Nothing,seated
4.34872,317,0.00786179,-0.208238,0.0,0.0,0.0,0.0,0.0,0.0,0.0,0.0,2.8125,25.3046,0.00674,0.13537,Nothing,seated
4.35995,318,0.00786179,-0.207088,0.0,0.0,0.0,0.0,0.0,0.0,0.0,0.0,3.16406,25.1664,0.00674,0.13537,Nothing,seated
4.37116,319,0.00210923,-0.207088,0.0,0.0,0.0,0.0,0.0,0.0,0.0,0.0,3.33984,24.6613,0.00674,0.13537,Nothing,seated
4.38181,320,0.00210923,-0.207088,0.0,0.0,0.0,0.0,0.0,0.0,0.0,0.0,3.69141,24.9075,0.00674,0.13537,Nothing,seated
4.39307,321,0.00498551,-0.206129,0.0,0.0,0.0,0.0,0.0,0.0,0.0,0.0,3.86719,22.1711,0.00674,0.13537,Nothing,seated
4.40507,322,0.00498551,-0.206129,0.0,0.0,0.0,0.0,0.0,0.0,0.0,0.0,4.21875,24.9561,0.00674,0.13537,Nothing,seated
4.41595,323,-0.00191719,-0.203252,0.0,0.0,0.0,0.0,0.0,0.0,0.0,0.0,4.57031,25.1116,0.00674,0.13537,Nothing,seated
4.42602,324,-0.0017255,-0.200568,0.0,0.0,0.0,0.0,0.0,0.0,0.0,0.0,4.74609,25.6338,0.00674,0.13537,Nothing,seated
4.43695,325,-0.00153381,-0.20517,0.0,0.0,0.0,0.0,0.0,0.0,0.0,0.0,4.92188,22.3126,0.00674,0.13537,Nothing,seated
4.44983,326,-0.000958268,-0.206129,0.0,0.0,0.0,0.0,0.0,0.0,0.0,0.0,5.27344,24.7746,0.00674,0.13537,Nothing,seated
4.46107,327,-0.00575239,-0.206129,0.0,0.0,0.0,0.0,0.0,0.0,0.0,0.0,5.44922,21.9731,0.00674,0.13537,Nothing,seated
4.47119,328,-0.00575239,-0.20517,0.0,0.0,0.0,0.0,0.0,0.0,0.0,0.0,5.80078,22.2749,0.00674,0.13537,Nothing,seated
4.4819,329,-0.00766975,-0.20517,0.0,0.0,0.0,0.0,0.0,0.0,0.0,0.0,5.97656,22.0191,0.00674,0.13537,Nothing,seated
4.49283,330,-0.00862819,-0.20076,0.0,0.0,0.0,0.0,0.0,0.0,0.0,0.0,6.15234,22.0205,0.00674,0.13537,Nothing,seated
4.50589,331,-0.00862819,-0.1975,0.0,0.0,0.0,0.0,0.0,0.0,0.0,0.0,6.50391,21.9527,0.00674,0.13537,Nothing,seated
4.51645,332,-0.0084365,-0.193474,0.0,0.0,0.0,0.0,0.0,0.0,0.0,0.0,6.67969,22.2198,0.00674,0.13537,Nothing,seated
4.52669,333,-0.00824482,-0.188872,0.0,0.0,0.0,0.0,0.0,0.0,0.0,0.0,6.85547,19.0027,0.00674,0.13537,Nothing,seated
4.53675,334,-0.00805313,-0.185229,0.0,0.0,0.0,0.0,0.0,0.0,0.0,0.0,7.03125,19.229,0.00674,0.13537,Nothing,seated
4.54683,335,-0.00805313,-0.181968,0.0,0.0,0.0,0.0,0.0,0.0,0.0,0.0,7.20703,19.5332,0.00674,0.13537,Nothing,seated
4.55695,336,-0.00805313,-0.178517,0.0,0.0,0.0,0.0,0.0,0.0,0.0,0.0,7.38281,17.2119,0.00674,0.13537,Nothing,seated
4.56715,337,-0.00805313,-0.176025,0.0,0.0,0.0,0.0,0.0,0.0,0.0,0.0,7.55859,17.3337,0.00674,0.13537,Nothing,seated
4.57869,338,-0.00805313,-0.172764,0.0,0.0,0.0,0.0,0.0,0.0,0.0,0.0,7.91016,20.2824,0.00674,0.13537,Nothing,seated
4.58946,339,-0.00805313,-0.169889,0.0,0.0,0.0,0.0,0.0,0.0,0.0,0.0,8.08594,20.0099,0.00674,0.13537,Nothing,seated
4.60016,340,-0.00805313,-0.167204,0.0,0.0,0.0,0.0,0.0,0.0,0.0,0.0,8.08594,16.4802,0.00674,0.13537,Nothing,seated
4.61047,341,-0.00824482,-0.164903,0.0,0.0,0.0,0.0,0.0,0.0,0.0,0.0,8.4375,19.7077,0.00674,0.13537,Nothing,seated
4.62054,342,-0.00824482,-0.16241,0.0,0.0,0.0,0.0,0.0,0.0,0.0,0.0,8.4375,16.4641,0.00674,0.13537,Nothing,seated
4.63061,343,-0.0084365,-0.158,0.0,0.0,0.0,0.0,0.0,0.0,0.0,0.0,8.61328,13.5443,0.00674,0.13537,Nothing,seated
4.64136,344,-0.0084365,-0.156274,0.0,0.0,0.0,0.0,0.0,0.0,0.0,0.0,8.78906,13.5491,0.00674,0.13537,Nothing,seated
4.65595,345,-0.0164903,-0.197308,0.0,0.0,0.0,0.0,0.0,0.0,0.0,0.0,8.96484,15.753,0.00674,0.13537,Nothing,seated
4.66657,346,-0.0164903,-0.195583,0.0,0.0,0.0,0.0,0.0,0.0,0.0,0.0,9.14062,12.5323,0.00674,0.13537,Nothing,seated
4.67915,347,-0.0162981,-0.192706,0.0,0.0,0.0,0.0,0.0,0.0,0.0,0.0,9.31641,14.9948,0.00674,0.13537,Nothing,seated
4.68957,348,-0.0161064,-0.190597,0.0,0.0,0.0,0.0,0.0,0.0,0.0,0.0,9.31641,11.925,0.00674,0.13537,Nothing,seated
4.69964,349,-0.0157231,-0.18542,0.0,0.0,0.0,0.0,0.0,0.0,0.0,0.0,9.49219,12.0644,0.00674,0.13537,Nothing,seated
4.71235,350,-0.0155314,-0.183311,0.0,0.0,0.0,0.0,0.0,0.0,0.0,0.0,9.66797,12.466,0.00674,0.13537,Nothing,seated
4.72395,351,-0.0155314,-0.181393,0.0,0.0,0.0,0.0,0.0,0.0,0.0,0.0,9.66797,9.19034,0.00674,0.13537,Nothing,seated
4.73402,352,-0.0153397,-0.179476,0.0,0.0,0.0,0.0,0.0,0.0,0.0,0.0,9.84375,9.61089,0.00674,0.13537,Nothing,seated
4.74446,353,-0.0149563,-0.178134,0.0,0.0,0.0,0.0,0.0,0.0,0.0,0.0,9.84375,9.60659,0.00674,0.13537,Nothing,seated
4.75715,354,-0.0147641,-0.174874,0.0,0.0,0.0,0.0,0.0,0.0,0.0,0.0,10.0195,9.16943,0.00674,0.13537,Nothing,seated
4.77907,355,-0.0143808,-0.172189,0.0,0.0,0.0,0.0,0.0,0.0,0.0,0.0,10.1953,7.9038,0.00674,0.13537,Nothing,seated
4.79583,356,-0.0138057,-0.170272,0.0,0.0,0.0,0.0,0.0,0.0,0.0,0.0,10.1953,7.33695,0.00674,0.13537,Nothing,seated
4.81557,357,-0.0134223,-0.168738,0.0,0.0,0.0,0.0,0.0,0.0,0.0,0.0,10.1953,4.31076,0.00674,0.13537,Nothing,seated
4.83147,358,-0.0130385,-0.168355,0.0,0.0,0.0,0.0,0.0,0.0,0.0,0.0,10.3711,6.0608,0.00674,0.13537,Nothing,seated
4.85216,359,-0.013614,-0.168546,0.0,0.0,0.0,0.0,0.0,0.0,0.0,0.0,10.3711,3.70026,0.00674,0.13537,Nothing,seated
4.86383,360,-0.0139974,-0.169697,0.0,0.0,0.0,0.0,0.0,0.0,0.0,0.0,10.5469,4.14802,0.00674,0.13537,Nothing,seated
4.87846,361,-0.0139974,-0.170847,0.0,0.0,0.0,0.0,0.0,0.0,0.0,0.0,10.3711,2.1271,0.00674,0.13537,Nothing,seated
4.89823,362,-0.0128468,-0.171423,0.0,0.0,0.0,0.0,0.0,0.0,0.0,0.0,10.3711,2.12665,0.00674,0.13537,Nothing,seated
4.91307,363,0.0224349,-0.177559,0.0,0.0,0.0,0.0,0.0,0.0,0.0,0.0,10.3711,0.0,0.00674,0.13537,Nothing,seated
4.92483,364,-0.0193661,-0.177559,0.0,0.0,0.0,0.0,0.0,0.0,0.0,0.0,10.3711,0.0,0.00674,0.13537,Nothing,seated
4.93635,365,-0.0195583,-0.176408,0.0,0.0,0.0,0.0,0.0,0.0,0.0,0.0,10.3711,-2.42369,0.00674,0.13537,Nothing,seated
4.95683,366,-0.0197499,-0.175641,0.0,0.0,0.0,0.0,0.0,0.0,0.0,0.0,10.1953,-2.24307,0.00674,0.13537,Nothing,seated
4.97783,367,-0.018791,-0.175832,0.0,0.0,0.0,0.0,0.0,0.0,0.0,0.0,10.0195,-4.41673,0.00674,0.13537,Nothing,seated
4.98936,368,-0.0178321,-0.177366,0.0,0.0,0.0,0.0,0.0,0.0,0.0,0.0,10.0195,-4.60846,0.00674,0.13537,Nothing,seated
5.00232,369,-0.0159147,-0.182927,0.0,0.0,0.0,0.0,0.0,0.0,0.0,0.0,9.84375,-6.80539,0.00674,0.13537,Nothing,seated
5.02695,370,-0.0147641,-0.186187,0.0,0.0,0.0,0.0,0.0,0.0,0.0,0.0,9.66797,-7.76082,0.00674,0.13537,Nothing,seated
5.04344,371,-0.0141891,-0.187338,0.0,0.0,0.0,0.0,0.0,0.0,0.0,0.0,9.49219,-8.11801,0.00674,0.13537,Nothing,seated
5.05583,372,-0.01208,-0.188488,0.0,0.0,0.0,0.0,0.0,0.0,0.0,0.0,9.31641,-9.01419,0.00674,0.13537,Nothing,seated
5.06657,373,-0.0111211,-0.190022,0.0,0.0,0.0,0.0,0.0,0.0,0.0,0.0,9.14062,-11.3827,0.00674,0.13537,Nothing,seated
5.0767,374,-0.0101622,-0.191556,0.0,0.0,0.0,0.0,0.0,0.0,0.0,0.0,8.96484,-11.8173,0.00674,0.13537,Nothing,seated
5.08695,375,-0.00939542,-0.193474,0.0,0.0,0.0,0.0,0.0,0.0,0.0,0.0,8.78906,-14.6482,0.00674,0.13537,Nothing,seated
5.09702,376,-0.00862819,-0.195583,0.0,0.0,0.0,0.0,0.0,0.0,0.0,0.0,8.61328,-16.4048,0.00674,0.13537,Nothing,seated
5.10709,377,-0.00747806,-0.197308,0.0,0.0,0.0,0.0,0.0,0.0,0.0,0.0,8.61328,-13.7184,0.00674,0.13537,Nothing,seated
5.11807,378,-0.00632745,-0.199034,0.0,0.0,0.0,0.0,0.0,0.0,0.0,0.0,8.4375,-13.6527,0.00674,0.13537,Nothing,seated
5.12857,379,-0.00556022,-0.200376,0.0,0.0,0.0,0.0,0.0,0.0,0.0,0.0,8.26172,-13.5547,0.00674,0.13537,Nothing,seated
5.14008,380,-0.00479347,-0.203636,0.0,0.0,0.0,0.0,0.0,0.0,0.0,0.0,8.08594,-13.2356,0.00674,0.13537,Nothing,seated
5.15247,381,-0.00402624,-0.205937,0.0,0.0,0.0,0.0,0.0,0.0,0.0,0.0,7.73438,-15.8511,0.00674,0.13537,Nothing,seated
5.16522,382,-0.00287611,-0.20843,0.0,0.0,0.0,0.0,0.0,0.0,0.0,0.0,7.55859,-18.1412,0.00674,0.13537,Nothing,seated
5.17595,383,-0.00230056,-0.211114,0.0,0.0,0.0,0.0,0.0,0.0,0.0,0.0,7.38281,-18.2211,0.00674,0.13537,Nothing,seated
5.18657,384,-0.0017255,-0.213799,0.0,0.0,0.0,0.0,0.0,0.0,0.0,0.0,7.20703,-18.1839,0.00674,0.13537,Nothing,seated
5.19958,385,-0.00153381,-0.215908,0.0,0.0,0.0,0.0,0.0,0.0,0.0,0.0,7.03125,-17.7243,0.00674,0.13537,Nothing,seated
5.21057,386,0.0157234,-0.199226,0.0,0.0,0.0,0.0,0.0,0.0,0.0,0.0,6.85547,-15.1266,0.00674,0.13537,Nothing,seated
5.22246,387,0.0157234,-0.199226,0.0,0.0,0.0,0.0,0.0,0.0,0.0,0.0,6.50391,-18.4261,0.00674,0.13537,Nothing,seated
5.2352,388,0.0166823,-0.197308,0.0,0.0,0.0,0.0,0.0,0.0,0.0,0.0,6.32812,-17.8012,0.00674,0.13537,Nothing,seated
5.2457,389,0.0166823,-0.199609,0.0,0.0,0.0,0.0,0.0,0.0,0.0,0.0,6.15234,-17.8384,0.00674,0.13537,Nothing,seated
5.25647,390,0.0162989,-0.202677,0.0,0.0,0.0,0.0,0.0,0.0,0.0,0.0,5.97656,-18.5401,0.00674,0.13537,Nothing,seated
5.27016,391,0.0159151,-0.205745,0.0,0.0,0.0,0.0,0.0,0.0,0.0,0.0,5.625,-20.6508,0.00674,0.13537,Nothing,seated
5.28057,392,0.01534,-0.208813,0.0,0.0,0.0,0.0,0.0,0.0,0.0,0.0,5.44922,-18.1504,0.00674,0.13537,Nothing,seated
5.29183,393,0.0149566,-0.212073,0.0,0.0,0.0,0.0,0.0,0.0,0.0,0.0,5.27344,-18.6267,0.00674,0.13537,Nothing,seated
5.30245,394,0.0145733,-0.215333,0.0,0.0,0.0,0.0,0.0,0.0,0.0,0.0,4.92188,-21.6812,0.00674,0.13537,Nothing,seated
5.31307,395,0.0141894,-0.220894,0.0,0.0,0.0,0.0,0.0,0.0,0.0,0.0,4.74609,-21.7389,0.00674,0.13537,Nothing,seated
5.32469,396,0.0136144,-0.223962,0.0,0.0,0.0,0.0,0.0,0.0,0.0,0.0,4.39453,-22.5613,0.00674,0.13537,Nothing,seated
5.3367,397,0.0124637,-0.226837,0.0,0.0,0.0,0.0,0.0,0.0,0.0,0.0,4.21875,-21.9234,0.00674,0.13537,Nothing,seated
5.34857,398,0.0118887,-0.229905,0.0,0.0,0.0,0.0,0.0,0.0,0.0,0.0,3.86719,-24.7821,0.00674,0.13537,Nothing,seated
5.35983,399,0.0115053,-0.232398,0.0,0.0,0.0,0.0,0.0,0.0,0.0,0.0,3.69141,-21.4443,0.00674,0.13537,Nothing,seated
5.37208,400,0.0107381,-0.238534,0.0,0.0,0.0,0.0,0.0,0.0,0.0,0.0,3.33984,-23.8308,0.00674,0.13537,Nothing,seated
5.38308,401,0.00997132,-0.207279,0.0,0.0,0.0,0.0,0.0,0.0,0.0,0.0,3.16406,-21.0757,0.00674,0.13537,Nothing,seated
5.39315,402,-0.0145724,-0.202294,0.0,0.0,0.0,0.0,0.0,0.0,0.0,0.0,2.8125,-24.9104,0.00674,0.13537,Nothing,seated
5.4047,403,-0.0145724,-0.202294,0.0,0.0,0.0,0.0,0.0,0.0,0.0,0.0,2.46094,-25.0529,0.00674,0.13537,Nothing,seated
5.41583,404,-0.0116962,-0.197308,0.0,0.0,0.0,0.0,0.0,0.0,0.0,0.0,2.28516,-25.1094,0.00674,0.13537,Nothing,seated
5.4292,405,-0.0116962,-0.200376,0.0,0.0,0.0,0.0,0.0,0.0,0.0,0.0,1.93359,-24.6209,0.00674,0.13537,Nothing,seated
5.44069,406,-0.0214756,-0.206129,0.0,0.0,0.0,0.0,0.0,0.0,0.0,0.0,1.58203,-27.4575,0.00674,0.13537,Nothing,seated
5.45195,407,-0.0214756,-0.206129,0.0,0.0,0.0,0.0,0.0,0.0,0.0,0.0,1.40625,-23.913,0.00674,0.13537,Nothing,seated
5.46202,408,-0.0164903,-0.213799,0.0,0.0,0.0,0.0,0.0,0.0,0.0,0.0,1.05469,-24.5331,0.00674,0.13537,Nothing,seated
5.47623,409,-0.0162981,-0.217634,0.0,0.0,0.0,0.0,0.0,0.0,0.0,0.0,0.703125,-26.1957,0.00674,0.13537,Nothing,seated
5.48936,410,-0.0174487,-0.202102,0.0,0.0,0.0,0.0,0.0,0.0,0.0,0.0,0.351562,-26.2944,0.00674,0.13537,Nothing,seated
5.50116,411,-0.013614,-0.198267,0.0,0.0,0.0,0.0,0.0,0.0,0.0,0.0,0.0,-26.163,0.00674,0.13537,Nothing,seated
5.51247,412,-0.013614,-0.203252,0.0,0.0,0.0,0.0,0.0,0.0,0.0,0.0,-0.175781,-26.1445,0.00674,0.13537,Nothing,seated
5.52796,413,-0.0155314,-0.203252,0.0,0.0,0.0,0.0,0.0,0.0,0.0,0.0,-0.527344,-23.9941,0.00674,0.13537,Nothing,seated
5.53947,414,-0.0184076,-0.206129,0.0,0.0,0.0,0.0,0.0,0.0,0.0,0.0,-0.878906,-25.0159,0.00674,0.13537,Nothing,seated
5.55216,415,-0.0184076,-0.206129,0.0,0.0,0.0,0.0,0.0,0.0,0.0,0.0,-1.23047,-25.1935,0.00674,0.13537,Nothing,seated
5.5627,416,-0.0164903,-0.207088,0.0,0.0,0.0,0.0,0.0,0.0,0.0,0.0,-1.40625,-22.8536,0.00674,0.13537,Nothing,seated
5.57596,417,-0.0164903,-0.20517,0.0,0.0,0.0,0.0,0.0,0.0,0.0,0.0,-1.75781,-24.9175,0.00674,0.13537,Nothing,seated
5.58708,418,-0.013614,-0.20517,0.0,0.0,0.0,0.0,0.0,0.0,0.0,0.0,-2.10938,-26.7597,0.00674,0.13537,Nothing,seated
5.59845,419,-0.0116962,-0.201143,0.0,0.0,0.0,0.0,0.0,0.0,0.0,0.0,-2.46094,-26.8195,0.00674,0.13537,Nothing,seated
5.60983,420,-0.0116962,-0.201143,0.0,0.0,0.0,0.0,0.0,0.0,0.0,0.0,-2.63672,-24.3836,0.00674,0.13537,Nothing,seated
5.6199,421,-0.0107377,-0.198267,0.0,0.0,0.0,0.0,0.0,0.0,0.0,0.0,-2.8125,-24.5822,0.00674,0.13537,Nothing,seated
5.63216,422,-0.0107377,-0.198267,0.0,0.0,0.0,0.0,0.0,0.0,0.0,0.0,-3.16406,-25.0213,0.00674,0.13537,Nothing,seated
5.64295,423,-0.0126551,-0.204211,0.0,0.0,0.0,0.0,0.0,0.0,0.0,0.0,-3.51562,-25.1661,0.00674,0.13537,Nothing,seated
5.65316,424,-0.0126551,-0.204211,0.0,0.0,0.0,0.0,0.0,0.0,0.0,0.0,-3.69141,-22.4936,0.00674,0.13537,Nothing,seated
5.66332,425,-0.0107377,-0.211114,0.0,0.0,0.0,0.0,0.0,0.0,0.0,0.0,-3.86719,-23.0037,0.00674,0.13537,Nothing,seated
5.67616,426,-0.0109294,-0.214949,0.0,0.0,0.0,0.0,0.0,0.0,0.0,0.0,-4.21875,-24.9968,0.00674,0.13537,Nothing,seated
5.68636,427,-0.0109294,-0.218592,0.0,0.0,0.0,0.0,0.0,0.0,0.0,0.0,-4.57031,-25.9472,0.00674,0.13537,Nothing,seated
5.69857,428,-0.0109294,-0.221469,0.0,0.0,0.0,0.0,0.0,0.0,0.0,0.0,-4.74609,-22.1239,0.00674,0.13537,Nothing,seated
5.71047,429,-0.0109294,-0.22818,0.0,0.0,0.0,0.0,0.0,0.0,0.0,0.0,-5.09766,-24.5373,0.00674,0.13537,Nothing,seated
5.72435,430,-0.0109294,-0.231631,0.0,0.0,0.0,0.0,0.0,0.0,0.0,0.0,-5.27344,-23.0414,0.00674,0.13537,Nothing,seated
5.73716,431,-0.0107377,-0.234124,0.0,0.0,0.0,0.0,0.0,0.0,0.0,0.0,-5.625,-23.054,0.00674,0.13537,Nothing,seated
5.74793,432,-0.0107377,-0.237,0.0,0.0,0.0,0.0,0.0,0.0,0.0,0.0,-5.80078,-19.9825,0.00674,0.13537,Nothing,seated
5.75869,433,-0.010546,-0.239685,0.0,0.0,0.0,0.0,0.0,0.0,0.0,0.0,-5.97656,-20.4663,0.00674,0.13537,Nothing,seated
5.76958,434,-0.0101622,-0.242369,0.0,0.0,0.0,0.0,0.0,0.0,0.0,0.0,-6.32812,-20.8181,0.00674,0.13537,Nothing,seated
5.78236,435,-0.00997049,-0.247163,0.0,0.0,0.0,0.0,0.0,0.0,0.0,0.0,-6.50391,-21.2121,0.00674,0.13537,Nothing,seated
5.79683,436,-0.0097788,-0.248889,0.0,0.0,0.0,0.0,0.0,0.0,0.0,0.0,-6.85547,-20.6208,0.00674,0.13537,Nothing,seated
5.80746,437,-0.00958711,-0.251189,0.0,0.0,0.0,0.0,0.0,0.0,0.0,0.0,-7.03125,-20.6691,0.00674,0.13537,Nothing,seated
5.81945,438,0.00306815,-0.198267,0.0,0.0,0.0,0.0,0.0,0.0,0.0,0.0,-7.20703,-20.2518,0.00674,0.13537,Nothing,seated
5.83316,439,0.00306815,-0.202294,0.0,0.0,0.0,0.0,0.0,0.0,0.0,0.0,-7.38281,-16.5882,0.00674,0.13537,Nothing,seated
5.84557,440,0.00690335,-0.204211,0.0,0.0,0.0,0.0,0.0,0.0,0.0,0.0,-7.73438,-19.4661,0.00674,0.13537,Nothing,seated
5.85857,441,0.00690335,-0.206512,0.0,0.0,0.0,0.0,0.0,0.0,0.0,0.0,-7.91016,-17.0812,0.00674,0.13537,Nothing,seated
5.86946,442,0.00709503,-0.209388,0.0,0.0,0.0,0.0,0.0,0.0,0.0,0.0,-8.08594,-17.0115,0.00674,0.13537,Nothing,seated
5.88007,443,0.00728672,-0.212073,0.0,0.0,0.0,0.0,0.0,0.0,0.0,0.0,-8.26172,-17.3976,0.00674,0.13537,Nothing,seated
5.89015,444,0.00747841,-0.214758,0.0,0.0,0.0,0.0,0.0,0.0,0.0,0.0,-8.4375,-18.5064,0.00674,0.13537,Nothing,seated
5.90296,445,0.0076701,-0.216867,0.0,0.0,0.0,0.0,0.0,0.0,0.0,0.0,-8.61328,-15.3156,0.00674,0.13537,Nothing,seated
5.91582,446,0.0076701,-0.220701,0.0,0.0,0.0,0.0,0.0,0.0,0.0,0.0,-8.78906,-15.3539,0.00674,0.13537,Nothing,seated
5.92696,447,0.00786179,-0.222428,0.0,0.0,0.0,0.0,0.0,0.0,0.0,0.0,-8.96484,-15.2867,0.00674,0.13537,Nothing,seated
5.93935,448,0.00824517,-0.224153,0.0,0.0,0.0,0.0,0.0,0.0,0.0,0.0,-9.14062,-14.8274,0.00674,0.13537,Nothing,seated
5.95135,449,0.00843733,-0.225879,0.0,0.0,0.0,0.0,0.0,0.0,0.0,0.0,-9.14062,-11.4877,0.00674,0.13537,Nothing,seated
5.96445,450,0.00862902,-0.228563,0.0,0.0,0.0,0.0,0.0,0.0,0.0,0.0,-9.31641,-11.4339,0.00674,0.13537,Nothing,seated
5.97636,451,0.00882071,-0.229714,0.0,0.0,0.0,0.0,0.0,0.0,0.0,0.0,-9.49219,-11.6145,0.00674,0.13537,Nothing,seated
5.98795,452,0.0090124,-0.230673,0.0,0.0,0.0,0.0,0.0,0.0,0.0,0.0,-9.49219,-8.64598,0.00674,0.13537,Nothing,seated
5.9997,453,0.00939577,-0.231439,0.0,0.0,0.0,0.0,0.0,0.0,0.0,0.0,-9.66797,-8.73882,0.00674,0.13537,Nothing,seated
6.01215,454,0.00958746,-0.232207,0.0,0.0,0.0,0.0,0.0,0.0,0.0,0.0,-9.84375,-11.5651,0.00674,0.13537,Nothing,seated
6.02316,455,0.00977915,-0.233357,0.0,0.0,0.0,0.0,0.0,0.0,0.0,0.0,-9.84375,-8.98308,0.00674,0.13537,Nothing,seated
6.03808,456,0.010163,-0.233549,0.0,0.0,0.0,0.0,0.0,0.0,0.0,0.0,-10.0195,-8.54388,0.00674,0.13537,Nothing,seated
6.04845,457,0.0103547,-0.233741,0.0,0.0,0.0,0.0,0.0,0.0,0.0,0.0,-10.0195,-8.71675,0.00674,0.13537,Nothing,seated
6.05946,458,0.0103547,-0.233932,0.0,0.0,0.0,0.0,0.0,0.0,0.0,0.0,-10.0195,-5.8821,0.00674,0.13537,Nothing,seated
6.07057,459,0.0105464,-0.233932,0.0,0.0,0.0,0.0,0.0,0.0,0.0,0.0,-10.1953,-6.01763,0.00674,0.13537,Nothing,seated
6.08064,460,0.0107381,-0.233741,0.0,0.0,0.0,0.0,0.0,0.0,0.0,0.0,-10.1953,-6.11607,0.00674,0.13537,Nothing,seated
6.09071,461,0.0107381,-0.233357,0.0,0.0,0.0,0.0,0.0,0.0,0.0,0.0,-10.1953,-3.33993,0.00674,0.13537,Nothing,seated
6.1047,462,0.0109298,-0.232782,0.0,0.0,0.0,0.0,0.0,0.0,0.0,0.0,-10.1953,-3.12478,0.00674,0.13537,Nothing,seated
6.11623,463,0.0109298,-0.232398,0.0,0.0,0.0,0.0,0.0,0.0,0.0,0.0,-10.1953,-3.09671,0.00674,0.13537,Nothing,seated
6.12657,464,0.0109298,-0.232015,0.0,0.0,0.0,0.0,0.0,0.0,0.0,0.0,-10.1953,0.0,0.00674,0.13537,Nothing,seated
6.13719,465,0.0109298,-0.231439,0.0,0.0,0.0,0.0,0.0,0.0,0.0,0.0,-10.1953,0.0,0.00674,0.13537,Nothing,seated
6.14823,466,0.0109298,-0.230673,0.0,0.0,0.0,0.0,0.0,0.0,0.0,0.0,-10.1953,0.0,0.00674,0.13537,Nothing,seated
6.16007,467,0.0107381,-0.230097,0.0,0.0,0.0,0.0,0.0,0.0,0.0,0.0,-10.1953,0.0,0.00674,0.13537,Nothing,seated
6.17095,468,0.0107381,-0.229139,0.0,0.0,0.0,0.0,0.0,0.0,0.0,0.0,-10.1953,0.0,0.00674,0.13537,Nothing,seated
6.18102,469,0.0103547,-0.22818,0.0,0.0,0.0,0.0,0.0,0.0,0.0,0.0,-10.1953,0.0,0.00674,0.13537,Nothing,seated
6.19132,470,0.0103547,-0.22703,0.0,0.0,0.0,0.0,0.0,0.0,0.0,0.0,-10.1953,0.0,0.00674,0.13537,Nothing,seated
6.20307,471,0.010163,-0.225687,0.0,0.0,0.0,0.0,0.0,0.0,0.0,0.0,-10.0195,3.20523,0.00674,0.13537,Nothing,seated
6.21315,472,0.00997132,-0.224345,0.0,0.0,0.0,0.0,0.0,0.0,0.0,0.0,-10.0195,3.31156,0.00674,0.13537,Nothing,seated
6.22358,473,0.00977915,-0.223003,0.0,0.0,0.0,0.0,0.0,0.0,0.0,0.0,-10.0195,3.34025,0.00674,0.13537,Nothing,seated
6.23365,474,0.00958746,-0.221469,0.0,0.0,0.0,0.0,0.0,0.0,0.0,0.0,-9.84375,6.68002,0.00674,0.13537,Nothing,seated
6.24483,475,0.00939577,-0.219935,0.0,0.0,0.0,0.0,0.0,0.0,0.0,0.0,-9.84375,6.57004,0.00674,0.13537,Nothing,seated
6.25635,476,0.0090124,-0.216675,0.0,0.0,0.0,0.0,0.0,0.0,0.0,0.0,-9.84375,3.29926,0.00674,0.13537,Nothing,seated
6.26799,477,0.00882071,-0.214949,0.0,0.0,0.0,0.0,0.0,0.0,0.0,0.0,-9.66797,6.41046,0.00674,0.13537,Nothing,seated
6.28015,478,0.00805348,-0.213415,0.0,0.0,0.0,0.0,0.0,0.0,0.0,0.0,-9.49219,9.32129,0.00674,0.13537,Nothing,seated
6.29416,479,0.0076701,-0.209772,0.0,0.0,0.0,0.0,0.0,0.0,0.0,0.0,-9.49219,5.81009,0.00674,0.13537,Nothing,seated
6.3087,480,0.00709503,-0.207854,0.0,0.0,0.0,0.0,0.0,0.0,0.0,0.0,-9.31641,8.25692,0.00674,0.13537,Nothing,seated
6.31957,481,0.00671118,-0.205937,0.0,0.0,0.0,0.0,0.0,0.0,0.0,0.0,-9.14062,11.122,0.00674,0.13537,Nothing,seated
6.32969,482,0.00575274,-0.203828,0.0,0.0,0.0,0.0,0.0,0.0,0.0,0.0,-9.14062,8.54662,0.00674,0.13537,Nothing,seated
6.34008,483,0.00575274,-0.201719,0.0,0.0,0.0,0.0,0.0,0.0,0.0,0.0,-8.96484,8.80026,0.00674,0.13537,Nothing,seated
6.35096,484,0.00498551,-0.199418,0.0,0.0,0.0,0.0,0.0,0.0,0.0,0.0,-8.78906,12.3773,0.00674,0.13537,Nothing,seated
6.36164,485,0.00479382,-0.197308,0.0,0.0,0.0,0.0,0.0,0.0,0.0,0.0,-8.61328,13.2795,0.00674,0.13537,Nothing,seated
6.37171,486,0.00441044,-0.195391,0.0,0.0,0.0,0.0,0.0,0.0,0.0,0.0,-8.4375,13.4848,0.00674,0.13537,Nothing,seated
6.38178,487,0.00402706,-0.19309,0.0,0.0,0.0,0.0,0.0,0.0,0.0,0.0,-8.4375,13.4998,0.00674,0.13537,Nothing,seated
6.39215,488,0.00345152,-0.190981,0.0,0.0,0.0,0.0,0.0,0.0,0.0,0.0,-8.26172,13.5016,0.00674,0.13537,Nothing,seated
6.40296,489,0.00325983,-0.189063,0.0,0.0,0.0,0.0,0.0,0.0,0.0,0.0,-8.08594,13.5211,0.00674,0.13537,Nothing,seated
6.4157,490,0.00287646,-0.18427,0.0,0.0,0.0,0.0,0.0,0.0,0.0,0.0,-7.91016,13.0087,0.00674,0.13537,Nothing,seated
6.42675,491,0.00249308,-0.181968,0.0,0.0,0.0,0.0,0.0,0.0,0.0,0.0,-7.73438,12.7766,0.00674,0.13537,Nothing,seated
6.43711,492,0.00191754,-0.179476,0.0,0.0,0.0,0.0,0.0,0.0,0.0,0.0,-7.55859,15.8839,0.00674,0.13537,Nothing,seated
6.44916,493,0.00134247,-0.177175,0.0,0.0,0.0,0.0,0.0,0.0,0.0,0.0,-7.38281,15.418,0.00674,0.13537,Nothing,seated
6.45983,494,0.000959094,-0.175257,0.0,0.0,0.0,0.0,0.0,0.0,0.0,0.0,-7.20703,15.4565,0.00674,0.13537,Nothing,seated
6.4699,495,0.000575717,-0.172764,0.0,0.0,0.0,0.0,0.0,0.0,0.0,0.0,-7.03125,16.2154,0.00674,0.13537,Nothing,seated
6.48008,496,0.000191863,-0.170272,0.0,0.0,0.0,0.0,0.0,0.0,0.0,0.0,-6.85547,16.4783,0.00674,0.13537,Nothing,seated
6.49015,497,1.74846e-07,-0.167779,0.0,0.0,0.0,0.0,0.0,0.0,0.0,0.0,-6.67969,16.57,0.00674,0.13537,Nothing,seated
6.50048,498,-0.000191514,-0.165095,0.0,0.0,0.0,0.0,0.0,0.0,0.0,0.0,-6.32812,20.5511,0.00674,0.13537,Nothing,seated
6.51055,499,-0.000383202,-0.162602,0.0,0.0,0.0,0.0,0.0,0.0,0.0,0.0,-6.15234,20.7943,0.00674,0.13537,Nothing,seated
6.5207,500,-0.000574891,-0.159918,0.0,0.0,0.0,0.0,0.0,0.0,0.0,0.0,-5.97656,20.7613,0.00674,0.13537,Nothing,seated
6.53079,501,-0.000766579,-0.157233,0.0,0.0,0.0,0.0,0.0,0.0,0.0,0.0,-5.80078,20.7984,0.00674,0.13537,Nothing,seated
6.54086,502,-0.000958268,-0.155124,0.0,0.0,0.0,0.0,0.0,0.0,0.0,0.0,-5.625,20.7998,0.00674,0.13537,Nothing,seated
6.55157,503,-0.000958268,-0.152631,0.0,0.0,0.0,0.0,0.0,0.0,0.0,0.0,-5.27344,20.6412,0.00674,0.13537,Nothing,seated
6.56235,504,-0.00115043,-0.150139,0.0,0.0,0.0,0.0,0.0,0.0,0.0,0.0,-5.09766,20.3587,0.00674,0.13537,Nothing,seated
6.57242,505,-0.00115043,-0.147071,0.0,0.0,0.0,0.0,0.0,0.0,0.0,0.0,-4.92188,20.391,0.00674,0.13537,Nothing,seated
6.58284,506,-0.00115043,-0.145153,0.0,0.0,0.0,0.0,0.0,0.0,0.0,0.0,-4.74609,20.2654,0.00674,0.13537,Nothing,seated
6.59291,507,-0.00134212,-0.141894,0.0,0.0,0.0,0.0,0.0,0.0,0.0,0.0,-4.39453,23.6425,0.00674,0.13537,Nothing,seated
6.60298,508,-0.00115043,-0.139976,0.0,0.0,0.0,0.0,0.0,0.0,0.0,0.0,-4.21875,20.5188,0.00674,0.13537,Nothing,seated
6.61304,509,-0.000958268,-0.137675,0.0,0.0,0.0,0.0,0.0,0.0,0.0,0.0,-4.04297,20.8063,0.00674,0.13537,Nothing,seated
6.62416,510,-0.000958268,-0.135182,0.0,0.0,0.0,0.0,0.0,0.0,0.0,0.0,-3.69141,23.7841,0.00674,0.13537,Nothing,seated
6.6357,511,-0.000766579,-0.130197,0.0,0.0,0.0,0.0,0.0,0.0,0.0,0.0,-3.51562,23.2784,0.00674,0.13537,Nothing,seated
6.64777,512,-0.000766579,-0.127896,0.0,0.0,0.0,0.0,0.0,0.0,0.0,0.0,-3.16406,22.4269,0.00674,0.13537,Nothing,seated
6.65947,513,-0.000574891,-0.125403,0.0,0.0,0.0,0.0,0.0,0.0,0.0,0.0,-2.8125,24.8929,0.00674,0.13537,Nothing,seated
6.67096,514,1.74846e-07,-0.204211,0.0,0.0,0.0,0.0,0.0,0.0,0.0,0.0,-2.63672,24.2816,0.00674,0.13537,Nothing,seated
6.68113,515,1.74846e-07,-0.210156,0.0,0.0,0.0,0.0,0.0,0.0,0.0,0.0,-2.46094,21.5963,0.00674,0.13537,Nothing,seated
6.69346,516,1.74846e-07,-0.210156,0.0,0.0,0.0,0.0,0.0,0.0,0.0,0.0,-2.10938,24.343,0.00674,0.13537,Nothing,seated
6.70508,517,0.000191863,-0.207471,0.0,0.0,0.0,0.0,0.0,0.0,0.0,0.0,-1.75781,24.5405,0.00674,0.13537,Nothing,seated
6.71696,518,0.000383552,-0.198651,0.0,0.0,0.0,0.0,0.0,0.0,0.0,0.0,-1.40625,24.4615,0.00674,0.13537,Nothing,seated
6.72998,519,0.00402706,-0.204211,0.0,0.0,0.0,0.0,0.0,0.0,0.0,0.0,-1.05469,26.8055,0.00674,0.13537,Nothing,seated
6.74183,520,0.0118887,-0.208238,0.0,0.0,0.0,0.0,0.0,0.0,0.0,0.0,-0.878906,26.0636,0.00674,0.13537,Nothing,seated
6.7577,521,0.0118887,-0.209197,0.0,0.0,0.0,0.0,0.0,0.0,0.0,0.0,-0.527344,24.6294,0.00674,0.13537,Nothing,seated
6.76858,522,0.00805348,-0.20632,0.0,0.0,0.0,0.0,0.0,0.0,0.0,0.0,-0.175781,24.9128,0.00674,0.13537,Nothing,seated
6.77999,523,0.00805348,-0.202677,0.0,0.0,0.0,0.0,0.0,0.0,0.0,0.0,0.175781,25.0985,0.00674,0.13537,Nothing,seated
6.79147,524,0.00977915,-0.206129,0.0,0.0,0.0,0.0,0.0,0.0,0.0,0.0,0.351562,22.8695,0.00674,0.13537,Nothing,seated
6.80316,525,0.013806,-0.209197,0.0,0.0,0.0,0.0,0.0,0.0,0.0,0.0,0.703125,25.795,0.00674,0.13537,Nothing,seated
6.81536,526,0.013806,-0.209197,0.0,0.0,0.0,0.0,0.0,0.0,0.0,0.0,1.05469,27.4358,0.00674,0.13537,Nothing,seated
6.82783,527,0.00977915,-0.209197,0.0,0.0,0.0,0.0,0.0,0.0,0.0,0.0,1.23047,23.7342,0.00674,0.13537,Nothing,seated
6.8402,528,0.014765,-0.208238,0.0,0.0,0.0,0.0,0.0,0.0,0.0,0.0,1.58203,23.3567,0.00674,0.13537,Nothing,seated
6.8507,529,0.014765,-0.208238,0.0,0.0,0.0,0.0,0.0,0.0,0.0,0.0,1.75781,23.7393,0.00674,0.13537,Nothing,seated
6.8622,530,0.014765,-0.208238,0.0,0.0,0.0,0.0,0.0,0.0,0.0,0.0,2.10938,23.8209,0.00674,0.13537,Nothing,seated
6.87335,531,0.0157234,-0.203252,0.0,0.0,0.0,0.0,0.0,0.0,0.0,0.0,2.46094,24.2499,0.00674,0.13537,Nothing,seated
6.88716,532,0.0128471,-0.210156,0.0,0.0,0.0,0.0,0.0,0.0,0.0,0.0,2.8125,26.6658,0.00674,0.13537,Nothing,seated
6.90295,533,0.0128471,-0.210156,0.0,0.0,0.0,0.0,0.0,0.0,0.0,0.0,3.16406,25.2099,0.00674,0.13537,Nothing,seated
6.91335,534,0.0128471,-0.206129,0.0,0.0,0.0,0.0,0.0,0.0,0.0,0.0,3.33984,25.254,0.00674,0.13537,Nothing,seated
6.92608,535,0.014765,-0.206129,0.0,0.0,0.0,0.0,0.0,0.0,0.0,0.0,3.69141,24.7657,0.00674,0.13537,Nothing,seated
6.93757,536,0.014765,-0.209197,0.0,0.0,0.0,0.0,0.0,0.0,0.0,0.0,3.86719,21.8967,0.00674,0.13537,Nothing,seated
6.94908,537,0.0118887,-0.20632,0.0,0.0,0.0,0.0,0.0,0.0,0.0,0.0,4.21875,22.7104,0.00674,0.13537,Nothing,seated
6.9612,538,0.0118887,-0.20191,0.0,0.0,0.0,0.0,0.0,0.0,0.0,0.0,4.39453,21.1258,0.00674,0.13537,Nothing,seated
6.97257,539,0.0120804,-0.198459,0.0,0.0,0.0,0.0,0.0,0.0,0.0,0.0,4.74609,23.7443,0.00674,0.13537,Nothing,seated
6.98333,540,0.0120804,-0.19424,0.0,0.0,0.0,0.0,0.0,0.0,0.0,0.0,4.92188,21.491,0.00674,0.13537,Nothing,seated
6.99535,541,0.0118887,-0.206129,0.0,0.0,0.0,0.0,0.0,0.0,0.0,0.0,5.27344,24.338,0.00674,0.13537,Nothing,seated
7.00869,542,0.0118887,-0.204211,0.0,0.0,0.0,0.0,0.0,0.0,0.0,0.0,5.625,23.5876,0.00674,0.13537,Nothing,seated
7.02016,543,0.0109298,-0.203444,0.0,0.0,0.0,0.0,0.0,0.0,0.0,0.0,5.80078,23.8505,0.00674,0.13537,Nothing,seated
7.03195,544,0.0109298,-0.200185,0.0,0.0,0.0,0.0,0.0,0.0,0.0,0.0,5.97656,20.722,0.00674,0.13537,Nothing,seated
7.04296,545,0.0109298,-0.196158,0.0,0.0,0.0,0.0,0.0,0.0,0.0,0.0,6.32812,23.5836,0.00674,0.13537,Nothing,seated
7.05408,546,0.0107381,-0.192323,0.0,0.0,0.0,0.0,0.0,0.0,0.0,0.0,6.50391,20.9534,0.00674,0.13537,Nothing,seated
7.06658,547,0.0107381,-0.184845,0.0,0.0,0.0,0.0,0.0,0.0,0.0,0.0,6.67969,18.2215,0.00674,0.13537,Nothing,seated
7.07947,548,0.0105464,-0.181393,0.0,0.0,0.0,0.0,0.0,0.0,0.0,0.0,7.03125,20.7467,0.00674,0.13537,Nothing,seated
7.09136,549,0.0103547,-0.175449,0.0,0.0,0.0,0.0,0.0,0.0,0.0,0.0,7.20703,20.7132,0.00674,0.13537,Nothing,seated
7.1172,550,0.010163,-0.169505,0.0,0.0,0.0,0.0,0.0,0.0,0.0,0.0,7.55859,16.5743,0.00674,0.13537,Nothing,seated
7.13107,551,0.00977915,-0.166821,0.0,0.0,0.0,0.0,0.0,0.0,0.0,0.0,7.91016,18.2635,0.00674,0.13537,Nothing,seated
7.14195,552,0.00958746,-0.164136,0.0,0.0,0.0,0.0,0.0,0.0,0.0,0.0,8.08594,18.6558,0.00674,0.13537,Nothing,seated
7.15203,553,0.00939577,-0.162219,0.0,0.0,0.0,0.0,0.0,0.0,0.0,0.0,8.08594,14.5352,0.00674,0.13537,Nothing,seated
7.1621,554,0.00920409,-0.159918,0.0,0.0,0.0,0.0,0.0,0.0,0.0,0.0,8.26172,14.91,0.00674,0.13537,Nothing,seated
7.17247,555,0.0090124,-0.157617,0.0,0.0,0.0,0.0,0.0,0.0,0.0,0.0,8.4375,15.9029,0.00674,0.13537,Nothing,seated
7.18253,556,0.00862902,-0.155316,0.0,0.0,0.0,0.0,0.0,0.0,0.0,0.0,8.61328,13.664,0.00674,0.13537,Nothing,seated
7.1926,557,0.00824517,-0.153398,0.0,0.0,0.0,0.0,0.0,0.0,0.0,0.0,8.78906,13.8831,0.00674,0.13537,Nothing,seated
7.20267,558,0.00805348,-0.151481,0.0,0.0,0.0,0.0,0.0,0.0,0.0,0.0,8.78906,13.8846,0.00674,0.13537,Nothing,seated
7.21616,559,0.00747841,-0.149755,0.0,0.0,0.0,0.0,0.0,0.0,0.0,0.0,8.96484,13.0057,0.00674,0.13537,Nothing,seated
7.22657,560,0.00709503,-0.148413,0.0,0.0,0.0,0.0,0.0,0.0,0.0,0.0,9.14062,12.9947,0.00674,0.13537,Nothing,seated
7.23708,561,0.00671118,-0.147071,0.0,0.0,0.0,0.0,0.0,0.0,0.0,0.0,9.31641,12.8904,0.00674,0.13537,Nothing,seated
7.24715,562,0.0063278,-0.144578,0.0,0.0,0.0,0.0,0.0,0.0,0.0,0.0,9.31641,9.66811,0.00674,0.13537,Nothing,seated
7.26096,563,0.00613612,-0.143428,0.0,0.0,0.0,0.0,0.0,0.0,0.0,0.0,9.49219,12.063,0.00674,0.13537,Nothing,seated
7.27207,564,0.00594443,-0.14266,0.0,0.0,0.0,0.0,0.0,0.0,0.0,0.0,9.49219,9.43099,0.00674,0.13537,Nothing,seated
7.28214,565,0.00575274,-0.141894,0.0,0.0,0.0,0.0,0.0,0.0,0.0,0.0,9.66797,9.49055,0.00674,0.13537,Nothing,seated
7.29257,566,0.00536936,-0.141318,0.0,0.0,0.0,0.0,0.0,0.0,0.0,0.0,9.66797,6.33568,0.00674,0.13537,Nothing,seated
7.30263,567,0.00498551,-0.140743,0.0,0.0,0.0,0.0,0.0,0.0,0.0,0.0,9.84375,9.50405,0.00674,0.13537,Nothing,seated
7.31636,568,0.00421875,-0.139976,0.0,0.0,0.0,0.0,0.0,0.0,0.0,0.0,9.84375,6.34577,0.00674,0.13537,Nothing,seated
7.32858,569,0.00383538,-0.139976,0.0,0.0,0.0,0.0,0.0,0.0,0.0,0.0,10.0195,9.33297,0.00674,0.13537,Nothing,seated
7.34145,570,0.00306815,-0.139784,0.0,0.0,0.0,0.0,0.0,0.0,0.0,0.0,10.0195,5.92793,0.00674,0.13537,Nothing,seated
7.35983,571,0.00249308,-0.139784,0.0,0.0,0.0,0.0,0.0,0.0,0.0,0.0,10.0195,5.22693,0.00674,0.13537,Nothing,seated
7.38156,572,0.00172585,-0.139976,0.0,0.0,0.0,0.0,0.0,0.0,0.0,0.0,10.1953,4.45433,0.00674,0.13537,Nothing,seated
7.39637,573,0.00134247,-0.140935,0.0,0.0,0.0,0.0,0.0,0.0,0.0,0.0,10.1953,4.39358,0.00674,0.13537,Nothing,seated
7.41035,574,0.000959094,-0.14151,0.0,0.0,0.0,0.0,0.0,0.0,0.0,0.0,10.1953,2.14952,0.00674,0.13537,Nothing,seated
7.42195,575,0.000383552,-0.142085,0.0,0.0,0.0,0.0,0.0,0.0,0.0,0.0,10.1953,2.18343,0.00674,0.13537,Nothing,seated
7.43247,576,1.74846e-07,-0.142852,0.0,0.0,0.0,0.0,0.0,0.0,0.0,0.0,10.1953,2.41999,0.00674,0.13537,Nothing,seated
7.44415,577,1.74846e-07,-0.143619,0.0,0.0,0.0,0.0,0.0,0.0,0.0,0.0,10.1953,0.0,0.00674,0.13537,Nothing,seated
7.45683,578,1.74846e-07,-0.146496,0.0,0.0,0.0,0.0,0.0,0.0,0.0,0.0,10.0195,-2.90739,0.00674,0.13537,Nothing,seated
7.48045,579,-0.000191514,-0.147646,0.0,0.0,0.0,0.0,0.0,0.0,0.0,0.0,10.0195,-2.50785,0.00674,0.13537,Nothing,seated
7.49508,580,-0.000191514,-0.148988,0.0,0.0,0.0,0.0,0.0,0.0,0.0,0.0,10.0195,-2.40369,0.00674,0.13537,Nothing,seated
7.50558,581,-0.000383202,-0.15033,0.0,0.0,0.0,0.0,0.0,0.0,0.0,0.0,9.84375,-4.80862,0.00674,0.13537,Nothing,seated
7.51636,582,-0.000574891,-0.153398,0.0,0.0,0.0,0.0,0.0,0.0,0.0,0.0,9.84375,-4.8688,0.00674,0.13537,Nothing,seated
7.53196,583,-0.000574891,-0.154932,0.0,0.0,0.0,0.0,0.0,0.0,0.0,0.0,9.66797,-4.67988,0.00674,0.13537,Nothing,seated
7.54358,584,-0.000766579,-0.156658,0.0,0.0,0.0,0.0,0.0,0.0,0.0,0.0,9.66797,-5.56902,0.00674,0.13537,Nothing,seated
7.55635,585,-0.000766579,-0.158192,0.0,0.0,0.0,0.0,0.0,0.0,0.0,0.0,9.49219,-8.60702,0.00674,0.13537,Nothing,seated
7.56725,586,-0.000958268,-0.160109,0.0,0.0,0.0,0.0,0.0,0.0,0.0,0.0,9.49219,-5.70035,0.00674,0.13537,Nothing,seated
7.57996,587,-0.000958268,-0.161452,0.0,0.0,0.0,0.0,0.0,0.0,0.0,0.0,9.31641,-8.29212,0.00674,0.13537,Nothing,seated
7.59135,588,-0.000958268,-0.165478,0.0,0.0,0.0,0.0,0.0,0.0,0.0,0.0,9.14062,-8.87826,0.00674,0.13537,Nothing,seated
7.60457,589,-0.00115043,-0.167587,0.0,0.0,0.0,0.0,0.0,0.0,0.0,0.0,8.96484,-11.5269,0.00674,0.13537,Nothing,seated
7.6232,590,-0.000958268,-0.171806,0.0,0.0,0.0,0.0,0.0,0.0,0.0,0.0,8.78906,-10.5176,0.00674,0.13537,Nothing,seated
7.63359,591,-0.000958268,-0.173532,0.0,0.0,0.0,0.0,0.0,0.0,0.0,0.0,8.61328,-13.2484,0.00674,0.13537,Nothing,seated
7.64463,592,-0.000574891,-0.175641,0.0,0.0,0.0,0.0,0.0,0.0,0.0,0.0,8.4375,-13.5902,0.00674,0.13537,Nothing,seated
7.65583,593,-0.000383202,-0.177942,0.0,0.0,0.0,0.0,0.0,0.0,0.0,0.0,8.4375,-10.9045,0.00674,0.13537,Nothing,seated
7.6659,594,1.74846e-07,-0.180243,0.0,0.0,0.0,0.0,0.0,0.0,0.0,0.0,8.26172,-11.4649,0.00674,0.13537,Nothing,seated
7.67847,595,0.000191863,-0.182544,0.0,0.0,0.0,0.0,0.0,0.0,0.0,0.0,8.08594,-12.7233,0.00674,0.13537,Nothing,seated
7.68958,596,0.000383552,-0.187529,0.0,0.0,0.0,0.0,0.0,0.0,0.0,0.0,7.91016,-12.5593,0.00674,0.13537,Nothing,seated
7.69997,597,0.000575717,-0.189447,0.0,0.0,0.0,0.0,0.0,0.0,0.0,0.0,7.73438,-12.7055,0.00674,0.13537,Nothing,seated
7.71004,598,0.000767406,-0.19194,0.0,0.0,0.0,0.0,0.0,0.0,0.0,0.0,7.55859,-16.2143,0.00674,0.13537,Nothing,seated
7.72155,599,0.00134247,-0.194432,0.0,0.0,0.0,0.0,0.0,0.0,0.0,0.0,7.38281,-15.7955,0.00674,0.13537,Nothing,seated
7.73533,600,0.00172585,-0.196925,0.0,0.0,0.0,0.0,0.0,0.0,0.0,0.0,7.03125,-18.5488,0.00674,0.13537,Nothing,seated
7.74845,601,0.00191754,-0.201719,0.0,0.0,0.0,0.0,0.0,0.0,0.0,0.0,6.85547,-17.915,0.00674,0.13537,Nothing,seated
7.76008,602,0.00210923,-0.204403,0.0,0.0,0.0,0.0,0.0,0.0,0.0,0.0,6.67969,-17.5466,0.00674,0.13537,Nothing,seated
7.77014,603,0.00230139,-0.207088,0.0,0.0,0.0,0.0,0.0,0.0,0.0,0.0,6.50391,-17.5472,0.00674,0.13537,Nothing,seated
7.78232,604,0.00249308,-0.209772,0.0,0.0,0.0,0.0,0.0,0.0,0.0,0.0,6.15234,-20.2454,0.00674,0.13537,Nothing,seated
7.79344,605,0.00268477,-0.212456,0.0,0.0,0.0,0.0,0.0,0.0,0.0,0.0,5.97656,-18.1476,0.00674,0.13537,Nothing,seated
7.80351,606,0.00268477,-0.215333,0.0,0.0,0.0,0.0,0.0,0.0,0.0,0.0,5.80078,-19.1552,0.00674,0.13537,Nothing,seated
7.81371,607,0.00287646,-0.217442,0.0,0.0,0.0,0.0,0.0,0.0,0.0,0.0,5.625,-19.6631,0.00674,0.13537,Nothing,seated
7.82608,608,0.00306815,-0.220126,0.0,0.0,0.0,0.0,0.0,0.0,0.0,0.0,5.27344,-21.9966,0.00674,0.13537,Nothing,seated
7.83658,609,0.00325983,-0.225687,0.0,0.0,0.0,0.0,0.0,0.0,0.0,0.0,5.09766,-19.4408,0.00674,0.13537,Nothing,seated
7.85116,610,0.00345152,-0.228563,0.0,0.0,0.0,0.0,0.0,0.0,0.0,0.0,4.74609,-21.3207,0.00674,0.13537,Nothing,seated
7.86215,611,0.00345152,-0.231248,0.0,0.0,0.0,0.0,0.0,0.0,0.0,0.0,4.57031,-20.9812,0.00674,0.13537,Nothing,seated
7.87283,612,0.00345152,-0.234124,0.0,0.0,0.0,0.0,0.0,0.0,0.0,0.0,4.21875,-23.788,0.00674,0.13537,Nothing,seated
7.88495,613,0.00345152,-0.237,0.0,0.0,0.0,0.0,0.0,0.0,0.0,0.0,4.04297,-20.9023,0.00674,0.13537,Nothing,seated
7.89957,614,0.00364321,-0.239685,0.0,0.0,0.0,0.0,0.0,0.0,0.0,0.0,3.69141,-22.3218,0.00674,0.13537,Nothing,seated
7.91108,615,0.00690335,-0.201143,0.0,0.0,0.0,0.0,0.0,0.0,0.0,0.0,3.33984,-23.469,0.00674,0.13537,Nothing,seated
7.92114,616,0.00690335,-0.203252,0.0,0.0,0.0,0.0,0.0,0.0,0.0,0.0,3.16406,-23.8417,0.00674,0.13537,Nothing,seated
7.93332,617,0.00498551,-0.203252,0.0,0.0,0.0,0.0,0.0,0.0,0.0,0.0,2.8125,-23.246,0.00674,0.13537,Nothing,seated
7.94615,618,0.00479382,-0.207088,0.0,0.0,0.0,0.0,0.0,0.0,0.0,0.0,2.46094,-25.8492,0.00674,0.13537,Nothing,seated
7.9577,619,0.00479382,-0.210922,0.0,0.0,0.0,0.0,0.0,0.0,0.0,0.0,2.28516,-24.1949,0.00674,0.13537,Nothing,seated
7.97347,620,0.00460213,-0.218401,0.0,0.0,0.0,0.0,0.0,0.0,0.0,0.0,1.93359,-22.5381,0.00674,0.13537,Nothing,seated
7.98783,621,1.74846e-07,-0.203252,0.0,0.0,0.0,0.0,0.0,0.0,0.0,0.0,1.58203,-23.7204,0.00674,0.13537,Nothing,seated
7.99916,622,-0.000958268,-0.20517,0.0,0.0,0.0,0.0,0.0,0.0,0.0,0.0,1.23047,-24.0316,0.00674,0.13537,Nothing,seated
8.00958,623,-0.000958268,-0.20517,0.0,0.0,0.0,0.0,0.0,0.0,0.0,0.0,1.05469,-22.1721,0.00674,0.13537,Nothing,seated
8.02047,624,-0.00766975,-0.206896,0.0,0.0,0.0,0.0,0.0,0.0,0.0,0.0,0.703125,-25.2004,0.00674,0.13537,Nothing,seated
8.03247,625,-0.00786144,-0.210922,0.0,0.0,0.0,0.0,0.0,0.0,0.0,0.0,0.351562,-26.814,0.00674,0.13537,Nothing,seated
8.04472,626,-0.00786144,-0.214949,0.0,0.0,0.0,0.0,0.0,0.0,0.0,0.0,0.175781,-24.721,0.00674,0.13537,Nothing,seated
8.0557,627,-0.0107377,-0.20517,0.0,0.0,0.0,0.0,0.0,0.0,0.0,0.0,-0.175781,-24.8709,0.00674,0.13537,Nothing,seated
8.06697,628,-0.0107377,-0.20517,0.0,0.0,0.0,0.0,0.0,0.0,0.0,0.0,-0.351562,-24.5037,0.00674,0.13537,Nothing,seated
8.07858,629,-0.00958711,-0.207088,0.0,0.0,0.0,0.0,0.0,0.0,0.0,0.0,-0.703125,-24.2013,0.00674,0.13537,Nothing,seated
8.09136,630,-0.00958711,-0.20517,0.0,0.0,0.0,0.0,0.0,0.0,0.0,0.0,-1.05469,-23.8792,0.00674,0.13537,Nothing,seated
8.10296,631,-0.0116962,-0.20517,0.0,0.0,0.0,0.0,0.0,0.0,0.0,0.0,-1.23047,-24.1457,0.00674,0.13537,Nothing,seated
8.11381,632,-0.00958711,-0.204211,0.0,0.0,0.0,0.0,0.0,0.0,0.0,0.0,-1.58203,-24.1983,0.00674,0.13537,Nothing,seated
8.12616,633,-0.00958711,-0.204211,0.0,0.0,0.0,0.0,0.0,0.0,0.0,0.0,-1.93359,-26.7285,0.00674,0.13537,Nothing,seated
8.13715,634,-0.00862819,-0.202294,0.0,0.0,0.0,0.0,0.0,0.0,0.0,0.0,-2.10938,-24.0081,0.00674,0.13537,Nothing,seated
8.1504,635,-0.00862819,-0.20517,0.0,0.0,0.0,0.0,0.0,0.0,0.0,0.0,-2.46094,-23.8194,0.00674,0.13537,Nothing,seated
8.16195,636,-0.0107377,-0.20517,0.0,0.0,0.0,0.0,0.0,0.0,0.0,0.0,-2.8125,-26.8158,0.00674,0.13537,Nothing,seated
8.17247,637,-0.0107377,-0.202294,0.0,0.0,0.0,0.0,0.0,0.0,0.0,0.0,-2.98828,-23.9736,0.00674,0.13537,Nothing,seated
8.18411,638,-0.0145724,-0.202294,0.0,0.0,0.0,0.0,0.0,0.0,0.0,0.0,-3.16406,-21.2311,0.00674,0.13537,Nothing,seated
8.19748,639,-0.0107377,-0.203252,0.0,0.0,0.0,0.0,0.0,0.0,0.0,0.0,-3.51562,-23.3096,0.00674,0.13537,Nothing,seated
8.20908,640,-0.0107377,-0.203252,0.0,0.0,0.0,0.0,0.0,0.0,0.0,0.0,-3.86719,-23.9644,0.00674,0.13537,Nothing,seated
8.2197,641,-0.0116962,-0.203252,0.0,0.0,0.0,0.0,0.0,0.0,0.0,0.0,-4.04297,-21.3094,0.00674,0.13537,Nothing,seated
8.2305,642,-0.0116962,-0.203252,0.0,0.0,0.0,0.0,0.0,0.0,0.0,0.0,-4.39453,-24.2324,0.00674,0.13537,Nothing,seated
8.24396,643,-0.0126551,-0.203252,0.0,0.0,0.0,0.0,0.0,0.0,0.0,0.0,-4.57031,-23.4957,0.00674,0.13537,Nothing,seated
8.2567,644,-0.0116962,-0.201143,0.0,0.0,0.0,0.0,0.0,0.0,0.0,0.0,-4.92188,-23.7479,0.00674,0.13537,Nothing,seated
8.26758,645,-0.0116962,-0.203444,0.0,0.0,0.0,0.0,0.0,0.0,0.0,0.0,-5.09766,-21.0343,0.00674,0.13537,Nothing,seated
8.27895,646,-0.0116962,-0.207088,0.0,0.0,0.0,0.0,0.0,0.0,0.0,0.0,-5.44922,-23.7326,0.00674,0.13537,Nothing,seated
8.2907,647,-0.0116962,-0.210539,0.0,0.0,0.0,0.0,0.0,0.0,0.0,0.0,-5.625,-20.4418,0.00674,0.13537,Nothing,seated
8.30147,648,-0.00862819,-0.203252,0.0,0.0,0.0,0.0,0.0,0.0,0.0,0.0,-5.80078,-21.3981,0.00674,0.13537,Nothing,seated
8.31235,649,-0.00862819,-0.205937,0.0,0.0,0.0,0.0,0.0,0.0,0.0,0.0,-6.15234,-22.1111,0.00674,0.13537,Nothing,seated
8.32408,650,-0.00882036,-0.208622,0.0,0.0,0.0,0.0,0.0,0.0,0.0,0.0,-6.32812,-21.7783,0.00674,0.13537,Nothing,seated
8.33484,651,-0.00862819,-0.21169,0.0,0.0,0.0,0.0,0.0,0.0,0.0,0.0,-6.50391,-18.8724,0.00674,0.13537,Nothing,seated
8.34707,652,-0.00862819,-0.217634,0.0,0.0,0.0,0.0,0.0,0.0,0.0,0.0,-6.67969,-18.7075,0.00674,0.13537,Nothing,seated
8.36247,653,-0.0084365,-0.219935,0.0,0.0,0.0,0.0,0.0,0.0,0.0,0.0,-7.03125,-20.1716,0.00674,0.13537,Nothing,seated
8.37359,654,-0.0084365,-0.222619,0.0,0.0,0.0,0.0,0.0,0.0,0.0,0.0,-7.20703,-17.2223,0.00674,0.13537,Nothing,seated
8.38433,655,-0.00805313,-0.225112,0.0,0.0,0.0,0.0,0.0,0.0,0.0,0.0,-7.38281,-17.5039,0.00674,0.13537,Nothing,seated
8.39658,656,-0.00786144,-0.227605,0.0,0.0,0.0,0.0,0.0,0.0,0.0,0.0,-7.55859,-17.0816,0.00674,0.13537,Nothing,seated
8.40757,657,-0.00786144,-0.229522,0.0,0.0,0.0,0.0,0.0,0.0,0.0,0.0,-7.73438,-17.4327,0.00674,0.13537,Nothing,seated
8.41896,658,-0.00766975,-0.231056,0.0,0.0,0.0,0.0,0.0,0.0,0.0,0.0,-7.91016,-15.5588,0.00674,0.13537,Nothing,seated
8.42996,659,-0.00747806,-0.233357,0.0,0.0,0.0,0.0,0.0,0.0,0.0,0.0,-8.08594,-15.5911,0.00674,0.13537,Nothing,seated
8.44057,660,-0.00728637,-0.236425,0.0,0.0,0.0,0.0,0.0,0.0,0.0,0.0,-8.26172,-15.6272,0.00674,0.13537,Nothing,seated
8.45208,661,-0.00709421,-0.237959,0.0,0.0,0.0,0.0,0.0,0.0,0.0,0.0,-8.4375,-15.837,0.00674,0.13537,Nothing,seated
8.46215,662,-0.00671083,-0.239301,0.0,0.0,0.0,0.0,0.0,0.0,0.0,0.0,-8.61328,-16.1056,0.00674,0.13537,Nothing,seated
8.47287,663,-0.00651914,-0.240643,0.0,0.0,0.0,0.0,0.0,0.0,0.0,0.0,-8.61328,-13.0428,0.00674,0.13537,Nothing,seated
8.48297,664,-0.00613577,-0.241794,0.0,0.0,0.0,0.0,0.0,0.0,0.0,0.0,-8.78906,-13.2631,0.00674,0.13537,Nothing,seated
8.49558,665,-0.00556022,-0.242944,0.0,0.0,0.0,0.0,0.0,0.0,0.0,0.0,-8.96484,-12.7829,0.00674,0.13537,Nothing,seated
8.50708,666,-0.00536853,-0.243711,0.0,0.0,0.0,0.0,0.0,0.0,0.0,0.0,-9.14062,-12.7839,0.00674,0.13537,Nothing,seated
8.51715,667,-0.00498516,-0.244478,0.0,0.0,0.0,0.0,0.0,0.0,0.0,0.0,-9.14062,-9.58752,0.00674,0.13537,Nothing,seated
8.52887,668,-0.00479347,-0.245245,0.0,0.0,0.0,0.0,0.0,0.0,0.0,0.0,-9.31641,-12.554,0.00674,0.13537,Nothing,seated
8.54083,669,-0.00460178,-0.245821,0.0,0.0,0.0,0.0,0.0,0.0,0.0,0.0,-9.49219,-12.1522,0.00674,0.13537,Nothing,seated
8.55196,670,-0.00402624,-0.246396,0.0,0.0,0.0,0.0,0.0,0.0,0.0,0.0,-9.49219,-9.35302,0.00674,0.13537,Nothing,seated
8.56257,671,-0.00383455,-0.246587,0.0,0.0,0.0,0.0,0.0,0.0,0.0,0.0,-9.49219,-6.3353,0.00674,0.13537,Nothing,seated
8.57347,672,-0.00345117,-0.246779,0.0,0.0,0.0,0.0,0.0,0.0,0.0,0.0,-9.66797,-9.36304,0.00674,0.13537,Nothing,seated
8.58416,673,-0.0030678,-0.246779,0.0,0.0,0.0,0.0,0.0,0.0,0.0,0.0,-9.66797,-6.35858,0.00674,0.13537,Nothing,seated
8.59796,674,-0.00249225,-0.246587,0.0,0.0,0.0,0.0,0.0,0.0,0.0,0.0,-9.84375,-6.15423,0.00674,0.13537,Nothing,seated
8.60958,675,-0.00210888,-0.246204,0.0,0.0,0.0,0.0,0.0,0.0,0.0,0.0,-9.84375,-6.10192,0.00674,0.13537,Nothing,seated
8.62195,676,-0.00191719,-0.246012,0.0,0.0,0.0,0.0,0.0,0.0,0.0,0.0,-9.84375,-5.92003,0.00674,0.13537,Nothing,seated
8.63308,677,-0.0017255,-0.245629,0.0,0.0,0.0,0.0,0.0,0.0,0.0,0.0,-9.84375,-2.94891,0.00674,0.13537,Nothing,seated
8.64347,678,-0.00134212,-0.24467,0.0,0.0,0.0,0.0,0.0,0.0,0.0,0.0,-10.0195,-5.92781,0.00674,0.13537,Nothing,seated
8.65615,679,-0.000766579,-0.244095,0.0,0.0,0.0,0.0,0.0,0.0,0.0,0.0,-10.0195,-3.02049,0.00674,0.13537,Nothing,seated
8.66733,680,-0.000383202,-0.243328,0.0,0.0,0.0,0.0,0.0,0.0,0.0,0.0,-10.0195,-3.04374,0.00674,0.13537,Nothing,seated
8.67915,681,-0.000191514,-0.242561,0.0,0.0,0.0,0.0,0.0,0.0,0.0,0.0,-10.0195,-3.0732,0.00674,0.13537,Nothing,seated
8.68996,682,0.000191863,-0.240643,0.0,0.0,0.0,0.0,0.0,0.0,0.0,0.0,-10.0195,-3.09058,0.00674,0.13537,Nothing,seated
8.70258,683,0.000383552,-0.239493,0.0,0.0,0.0,0.0,0.0,0.0,0.0,0.0,-10.0195,0.0,0.00674,0.13537,Nothing,seated
8.71496,684,0.00115078,-0.238151,0.0,0.0,0.0,0.0,0.0,0.0,0.0,0.0,-10.0195,0.0,0.00674,0.13537,Nothing,seated
8.72596,685,0.00153416,-0.236808,0.0,0.0,0.0,0.0,0.0,0.0,0.0,0.0,-10.0195,0.0,0.00674,0.13537,Nothing,seated
8.73616,686,0.00153416,-0.235658,0.0,0.0,0.0,0.0,0.0,0.0,0.0,0.0,-9.84375,3.08359,0.00674,0.13537,Nothing,seated
8.74686,687,0.00191754,-0.234124,0.0,0.0,0.0,0.0,0.0,0.0,0.0,0.0,-9.84375,3.08907,0.00674,0.13537,Nothing,seated
8.75693,688,0.00210923,-0.23259,0.0,0.0,0.0,0.0,0.0,0.0,0.0,0.0,-9.84375,3.23428,0.00674,0.13537,Nothing,seated
8.77136,689,0.00230139,-0.22933,0.0,0.0,0.0,0.0,0.0,0.0,0.0,0.0,-9.84375,3.11644,0.00674,0.13537,Nothing,seated
8.78336,690,0.00249308,-0.227605,0.0,0.0,0.0,0.0,0.0,0.0,0.0,0.0,-9.66797,6.12435,0.00674,0.13537,Nothing,seated
8.7957,691,0.00268477,-0.225879,0.0,0.0,0.0,0.0,0.0,0.0,0.0,0.0,-9.66797,2.95234,0.00674,0.13537,Nothing,seated
8.80795,692,0.00268477,-0.222619,0.0,0.0,0.0,0.0,0.0,0.0,0.0,0.0,-9.49219,5.7544,0.00674,0.13537,Nothing,seated
8.82407,693,0.00287646,-0.22051,0.0,0.0,0.0,0.0,0.0,0.0,0.0,0.0,-9.49219,5.23607,0.00674,0.13537,Nothing,seated
8.83557,694,0.00287646,-0.218592,0.0,0.0,0.0,0.0,0.0,0.0,0.0,0.0,-9.31641,8.21235,0.00674,0.13537,Nothing,seated
8.84653,695,0.00268477,-0.216675,0.0,0.0,0.0,0.0,0.0,0.0,0.0,0.0,-9.14062,8.34783,0.00674,0.13537,Nothing,seated
8.85695,696,0.00268477,-0.213032,0.0,0.0,0.0,0.0,0.0,0.0,0.0,0.0,-9.14062,8.60873,0.00674,0.13537,Nothing,seated
8.87396,697,0.00249308,-0.210731,0.0,0.0,0.0,0.0,0.0,0.0,0.0,0.0,-8.96484,7.98991,0.00674,0.13537,Nothing,seated
8.8847,698,0.00249308,-0.20843,0.0,0.0,0.0,0.0,0.0,0.0,0.0,0.0,-8.78906,11.597,0.00674,0.13537,Nothing,seated
8.8977,699,0.00210923,-0.205745,0.0,0.0,0.0,0.0,0.0,0.0,0.0,0.0,-8.61328,11.3185,0.00674,0.13537,Nothing,seated
8.91057,700,0.00210923,-0.203636,0.0,0.0,0.0,0.0,0.0,0.0,0.0,0.0,-8.4375,10.98,0.00674,0.13537,Nothing,seated
8.92196,701,0.00191754,-0.201335,0.0,0.0,0.0,0.0,0.0,0.0,0.0,0.0,-8.26172,13.5214,0.00674,0.13537,Nothing,seated
8.93202,702,0.00191754,-0.199418,0.0,0.0,0.0,0.0,0.0,0.0,0.0,0.0,-8.26172,12.1086,0.00674,0.13537,Nothing,seated
8.94209,703,0.00172585,-0.197117,0.0,0.0,0.0,0.0,0.0,0.0,0.0,0.0,-8.08594,12.2517,0.00674,0.13537,Nothing,seated
8.9527,704,0.00172585,-0.194624,0.0,0.0,0.0,0.0,0.0,0.0,0.0,0.0,-7.91016,12.7826,0.00674,0.13537,Nothing,seated
8.96277,705,0.00153416,-0.189638,0.0,0.0,0.0,0.0,0.0,0.0,0.0,0.0,-7.73438,13.4701,0.00674,0.13537,Nothing,seated
8.97665,706,0.00153416,-0.187146,0.0,0.0,0.0,0.0,0.0,0.0,0.0,0.0,-7.55859,12.8566,0.00674,0.13537,Nothing,seated
8.98741,707,0.00134247,-0.185229,0.0,0.0,0.0,0.0,0.0,0.0,0.0,0.0,-7.38281,15.8682,0.00674,0.13537,Nothing,seated
8.99933,708,0.00115078,-0.182544,0.0,0.0,0.0,0.0,0.0,0.0,0.0,0.0,-7.03125,18.4267,0.00674,0.13537,Nothing,seated
9.01307,709,0.000959094,-0.177366,0.0,0.0,0.0,0.0,0.0,0.0,0.0,0.0,-6.85547,17.47,0.00674,0.13537,Nothing,seated
9.02596,710,0.000767406,-0.174682,0.0,0.0,0.0,0.0,0.0,0.0,0.0,0.0,-6.67969,16.6917,0.00674,0.13537,Nothing,seated
9.03716,711,0.000383552,-0.171998,0.0,0.0,0.0,0.0,0.0,0.0,0.0,0.0,-6.50391,17.4295,0.00674,0.13537,Nothing,seated
9.04745,712,0.000383552,-0.169889,0.0,0.0,0.0,0.0,0.0,0.0,0.0,0.0,-6.15234,20.4947,0.00674,0.13537,Nothing,seated
9.05958,713,0.000191863,-0.167204,0.0,0.0,0.0,0.0,0.0,0.0,0.0,0.0,-5.97656,17.5051,0.00674,0.13537,Nothing,seated
9.07196,714,1.74846e-07,-0.164519,0.0,0.0,0.0,0.0,0.0,0.0,0.0,0.0,-5.80078,17.9104,0.00674,0.13537,Nothing,seated
9.08447,715,-0.000191514,-0.159342,0.0,0.0,0.0,0.0,0.0,0.0,0.0,0.0,-5.44922,21.0283,0.00674,0.13537,Nothing,seated
9.09583,716,-0.000191514,-0.15685,0.0,0.0,0.0,0.0,0.0,0.0,0.0,0.0,-5.27344,20.9702,0.00674,0.13537,Nothing,seated
9.1077,717,-0.000574891,-0.154741,0.0,0.0,0.0,0.0,0.0,0.0,0.0,0.0,-4.92188,20.4225,0.00674,0.13537,Nothing,seated
9.11936,718,-0.000574891,-0.152248,0.0,0.0,0.0,0.0,0.0,0.0,0.0,0.0,-4.74609,20.5815,0.00674,0.13537,Nothing,seated
9.13049,719,-0.000766579,-0.149563,0.0,0.0,0.0,0.0,0.0,0.0,0.0,0.0,-4.57031,21.0241,0.00674,0.13537,Nothing,seated
9.14357,720,-0.000958268,-0.144578,0.0,0.0,0.0,0.0,0.0,0.0,0.0,0.0,-4.21875,20.8197,0.00674,0.13537,Nothing,seated
9.16037,721,-0.000958268,-0.142085,0.0,0.0,0.0,0.0,0.0,0.0,0.0,0.0,-3.86719,21.7921,0.00674,0.13537,Nothing,seated
9.17616,722,-0.00115043,-0.137099,0.0,0.0,0.0,0.0,0.0,0.0,0.0,0.0,-3.51562,20.5425,0.00674,0.13537,Nothing,seated
9.19195,723,-0.00115043,-0.135182,0.0,0.0,0.0,0.0,0.0,0.0,0.0,0.0,-3.16406,21.794,0.00674,0.13537,Nothing,seated
9.20496,724,-0.00671083,-0.204211,0.0,0.0,0.0,0.0,0.0,0.0,0.0,0.0,-2.8125,23.6051,0.00674,0.13537,Nothing,seated
9.2232,725,-0.00383455,-0.206129,0.0,0.0,0.0,0.0,0.0,0.0,0.0,0.0,-2.46094,22.0756,0.00674,0.13537,Nothing,seated
9.23736,726,-0.00383455,-0.207088,0.0,0.0,0.0,0.0,0.0,0.0,0.0,0.0,-1.93359,25.1123,0.00674,0.13537,Nothing,seated
9.24847,727,-0.00191719,-0.207088,0.0,0.0,0.0,0.0,0.0,0.0,0.0,0.0,-1.75781,24.3081,0.00674,0.13537,Nothing,seated
9.2612,728,-0.00191719,-0.202677,0.0,0.0,0.0,0.0,0.0,0.0,0.0,0.0,-1.40625,25.3861,0.00674,0.13537,Nothing,seated
9.28033,729,-0.00191719,-0.208238,0.0,0.0,0.0,0.0,0.0,0.0,0.0,0.0,-1.05469,23.3219,0.00674,0.13537,Nothing,seated
9.29235,730,-0.00191719,-0.208238,0.0,0.0,0.0,0.0,0.0,0.0,0.0,0.0,-0.703125,25.4185,0.00674,0.13537,Nothing,seated
9.30358,731,1.74846e-07,-0.20517,0.0,0.0,0.0,0.0,0.0,0.0,0.0,0.0,-0.527344,21.2373,0.00674,0.13537,Nothing,seated
9.3147,732,1.74846e-07,-0.20517,0.0,0.0,0.0,0.0,0.0,0.0,0.0,0.0,-0.175781,23.8874,0.00674,0.13537,Nothing,seated
9.32653,733,0.00402706,-0.208238,0.0,0.0,0.0,0.0,0.0,0.0,0.0,0.0,0.175781,24.2146,0.00674,0.13537,Nothing,seated
9.33916,734,0.00115078,-0.208238,0.0,0.0,0.0,0.0,0.0,0.0,0.0,0.0,0.351562,23.904,0.00674,0.13537,Nothing,seated
9.35006,735,0.00115078,-0.208238,0.0,0.0,0.0,0.0,0.0,0.0,0.0,0.0,0.703125,24.3691,0.00674,0.13537,Nothing,seated
9.36013,736,0.00402706,-0.208238,0.0,0.0,0.0,0.0,0.0,0.0,0.0,0.0,0.878906,24.8676,0.00674,0.13537,Nothing,seated
9.37034,737,0.00402706,-0.208238,0.0,0.0,0.0,0.0,0.0,0.0,0.0,0.0,1.23047,25.2751,0.00674,0.13537,Nothing,seated
9.38197,738,0.00402706,-0.208238,0.0,0.0,0.0,0.0,0.0,0.0,0.0,0.0,1.40625,22.1961,0.00674,0.13537,Nothing,seated
9.39547,739,0.00402706,-0.204211,0.0,0.0,0.0,0.0,0.0,0.0,0.0,0.0,1.75781,24.9707,0.00674,0.13537,Nothing,seated
9.40658,740,0.00690335,-0.204211,0.0,0.0,0.0,0.0,0.0,0.0,0.0,0.0,2.10938,24.8804,0.00674,0.13537,Nothing,seated
9.41884,741,0.00690335,-0.204211,0.0,0.0,0.0,0.0,0.0,0.0,0.0,0.0,2.28516,23.9535,0.00674,0.13537,Nothing,seated
9.43017,742,0.00690335,-0.207279,0.0,0.0,0.0,0.0,0.0,0.0,0.0,0.0,2.63672,23.5012,0.00674,0.13537,Nothing,seated
9.44045,743,0.00690335,-0.207279,0.0,0.0,0.0,0.0,0.0,0.0,0.0,0.0,2.8125,24.0457,0.00674,0.13537,Nothing,seated
9.45052,744,0.00690335,-0.206129,0.0,0.0,0.0,0.0,0.0,0.0,0.0,0.0,3.16406,25.5476,0.00674,0.13537,Nothing,seated
9.46058,745,0.00690335,-0.206129,0.0,0.0,0.0,0.0,0.0,0.0,0.0,0.0,3.33984,22.7856,0.00674,0.13537,Nothing,seated
9.47062,746,0.00882071,-0.207279,0.0,0.0,0.0,0.0,0.0,0.0,0.0,0.0,3.51562,23.7637,0.00674,0.13537,Nothing,seated
9.48068,747,0.00882071,-0.207279,0.0,0.0,0.0,0.0,0.0,0.0,0.0,0.0,3.86719,24.3618,0.00674,0.13537,Nothing,seated
9.49071,748,0.00690335,-0.204211,0.0,0.0,0.0,0.0,0.0,0.0,0.0,0.0,4.04297,24.4834,0.00674,0.13537,Nothing,seated
9.50077,749,0.00690335,-0.204211,0.0,0.0,0.0,0.0,0.0,0.0,0.0,0.0,4.21875,20.9875,0.00674,0.13537,Nothing,seated
9.5108,750,0.00690335,-0.207279,0.0,0.0,0.0,0.0,0.0,0.0,0.0,0.0,4.39453,21.0038,0.00674,0.13537,Nothing,seated
9.52136,751,0.00690335,-0.203252,0.0,0.0,0.0,0.0,0.0,0.0,0.0,0.0,4.74609,24.2498,0.00674,0.13537,Nothing,seated
9.53608,752,0.00977915,-0.203252,0.0,0.0,0.0,0.0,0.0,0.0,0.0,0.0,5.09766,22.2124,0.00674,0.13537,Nothing,seated
9.54784,753,0.00786179,-0.200376,0.0,0.0,0.0,0.0,0.0,0.0,0.0,0.0,5.27344,21.5379,0.00674,0.13537,Nothing,seated
9.55983,754,0.00805348,-0.19635,0.0,0.0,0.0,0.0,0.0,0.0,0.0,0.0,5.44922,20.8327,0.00674,0.13537,Nothing,seated
9.57308,755,0.00824517,-0.192323,0.0,0.0,0.0,0.0,0.0,0.0,0.0,0.0,5.80078,22.579,0.00674,0.13537,Nothing,seated
9.58408,756,0.00824517,-0.188488,0.0,0.0,0.0,0.0,0.0,0.0,0.0,0.0,5.97656,19.6183,0.00674,0.13537,Nothing,seated
9.59507,757,0.00594443,-0.199226,0.0,0.0,0.0,0.0,0.0,0.0,0.0,0.0,6.15234,17.8789,0.00674,0.13537,Nothing,seated
9.60608,758,0.00594443,-0.199226,0.0,0.0,0.0,0.0,0.0,0.0,0.0,0.0,6.50391,21.127,0.00674,0.13537,Nothing,seated
9.61616,759,0.00594443,-0.192515,0.0,0.0,0.0,0.0,0.0,0.0,0.0,0.0,6.67969,21.8464,0.00674,0.13537,Nothing,seated
9.62802,760,0.00613612,-0.189063,0.0,0.0,0.0,0.0,0.0,0.0,0.0,0.0,6.85547,19.1958,0.00674,0.13537,Nothing,seated
9.64021,761,0.0063278,-0.185804,0.0,0.0,0.0,0.0,0.0,0.0,0.0,0.0,7.03125,18.7888,0.00674,0.13537,Nothing,seated
9.65284,762,0.00613612,-0.182736,0.0,0.0,0.0,0.0,0.0,0.0,0.0,0.0,7.20703,18.2564,0.00674,0.13537,Nothing,seated
9.66351,763,0.00613612,-0.179668,0.0,0.0,0.0,0.0,0.0,0.0,0.0,0.0,7.38281,15.3027,0.00674,0.13537,Nothing,seated
9.67583,764,0.00613612,-0.174682,0.0,0.0,0.0,0.0,0.0,0.0,0.0,0.0,7.73438,17.6734,0.00674,0.13537,Nothing,seated
9.68784,765,0.00613612,-0.171998,0.0,0.0,0.0,0.0,0.0,0.0,0.0,0.0,7.91016,17.6317,0.00674,0.13537,Nothing,seated
9.69984,766,0.00594443,-0.169313,0.0,0.0,0.0,0.0,0.0,0.0,0.0,0.0,8.08594,17.6869,0.00674,0.13537,Nothing,seated
9.71136,767,0.00575274,-0.166821,0.0,0.0,0.0,0.0,0.0,0.0,0.0,0.0,8.08594,15.0199,0.00674,0.13537,Nothing,seated
9.72436,768,0.00575274,-0.16241,0.0,0.0,0.0,0.0,0.0,0.0,0.0,0.0,8.4375,17.3344,0.00674,0.13537,Nothing,seated
9.73647,769,0.00575274,-0.160685,0.0,0.0,0.0,0.0,0.0,0.0,0.0,0.0,8.4375,11.5958,0.00674,0.13537,Nothing,seated
9.74745,770,0.00556105,-0.158767,0.0,0.0,0.0,0.0,0.0,0.0,0.0,0.0,8.61328,11.7947,0.00674,0.13537,Nothing,seated
9.75908,771,0.00556105,-0.15685,0.0,0.0,0.0,0.0,0.0,0.0,0.0,0.0,8.78906,11.8702,0.00674,0.13537,Nothing,seated
9.77136,772,0.00556105,-0.155507,0.0,0.0,0.0,0.0,0.0,0.0,0.0,0.0,8.78906,11.7178,0.00674,0.13537,Nothing,seated
9.78245,773,0.00536936,-0.152439,0.0,0.0,0.0,0.0,0.0,0.0,0.0,0.0,8.96484,9.07723,0.00674,0.13537,Nothing,seated
9.79607,774,0.00536936,-0.151097,0.0,0.0,0.0,0.0,0.0,0.0,0.0,0.0,9.14062,11.7972,0.00674,0.13537,Nothing,seated
9.80658,775,0.0051772,-0.149947,0.0,0.0,0.0,0.0,0.0,0.0,0.0,0.0,9.31641,11.8921,0.00674,0.13537,Nothing,seated
9.81696,776,0.00498551,-0.148988,0.0,0.0,0.0,0.0,0.0,0.0,0.0,0.0,9.31641,9.111,0.00674,0.13537,Nothing,seated
9.82821,777,0.00460213,-0.14803,0.0,0.0,0.0,0.0,0.0,0.0,0.0,0.0,9.49219,12.3693,0.00674,0.13537,Nothing,seated
9.83916,778,0.00441044,-0.147262,0.0,0.0,0.0,0.0,0.0,0.0,0.0,0.0,9.49219,9.30005,0.00674,0.13537,Nothing,seated
9.8492,779,0.00421875,-0.146687,0.0,0.0,0.0,0.0,0.0,0.0,0.0,0.0,9.49219,6.61704,0.00674,0.13537,Nothing,seated
9.86083,780,0.00402706,-0.146112,0.0,0.0,0.0,0.0,0.0,0.0,0.0,0.0,9.66797,6.48016,0.00674,0.13537,Nothing,seated
9.87216,781,0.00364321,-0.145728,0.0,0.0,0.0,0.0,0.0,0.0,0.0,0.0,9.66797,6.36849,0.00674,0.13537,Nothing,seated
9.88247,782,0.00345152,-0.145345,0.0,0.0,0.0,0.0,0.0,0.0,0.0,0.0,9.84375,6.47854,0.00674,0.13537,Nothing,seated
9.89254,783,0.00306815,-0.144962,0.0,0.0,0.0,0.0,0.0,0.0,0.0,0.0,9.84375,6.58594,0.00674,0.13537,Nothing,seated
9.9026,784,0.00268477,-0.144962,0.0,0.0,0.0,0.0,0.0,0.0,0.0,0.0,9.84375,6.58324,0.00674,0.13537,Nothing,seated
9.91324,785,0.00249308,-0.144769,0.0,0.0,0.0,0.0,0.0,0.0,0.0,0.0,9.84375,3.35399,0.00674,0.13537,Nothing,seated
9.92696,786,0.00230139,-0.145153,0.0,0.0,0.0,0.0,0.0,0.0,0.0,0.0,9.84375,3.20803,0.00674,0.13537,Nothing,seated
9.94135,787,0.00172585,-0.145728,0.0,0.0,0.0,0.0,0.0,0.0,0.0,0.0,9.84375,0.0,0.00674,0.13537,Nothing,seated
9.96084,788,0.00115078,-0.147071,0.0,0.0,0.0,0.0,0.0,0.0,0.0,0.0,9.84375,0.0,0.00674,0.13537,Nothing,seated
9.97958,789,0.000767406,-0.148413,0.0,0.0,0.0,0.0,0.0,0.0,0.0,0.0,9.84375,0.0,0.00674,0.13537,Nothing,seated
9.99821,790,0.000383552,-0.14918,0.0,0.0,0.0,0.0,0.0,0.0,0.0,0.0,9.84375,0.0,0.00674,0.13537,Nothing,seated
10.0097,791,-0.000191514,-0.149947,0.0,0.0,0.0,0.0,0.0,0.0,0.0,0.0,9.84375,0.0,0.00674,0.13537,Nothing,seated
10.0212,792,-0.000383202,-0.150905,0.0,0.0,0.0,0.0,0.0,0.0,0.0,0.0,9.84375,0.0,0.00674,0.13537,Nothing,seated
