0.00179696,0,-0.00383455,-0.239301,0.0,0.0,0.0,0.0,0.0,0.0,0.0,0.0,0.175781,0.0,0.00674,0.13537,None,seated
0.011975,1,-0.00383455,-0.239301,0.0,0.0,0.0,0.0,0.0,0.0,0.0,0.0,0.175781,0.0,0.00674,0.13537,Nothing,seated
0.022042,2,-0.000958268,-0.238342,0.0,0.0,0.0,0.0,0.0,0.0,0.0,0.0,0.175781,0.0,0.00674,0.13537,Nothing,seated
0.032109,3,-0.000958268,-0.238342,0.0,0.0,0.0,0.0,0.0,0.0,0.0,0.0,0.175781,0.0,0.00674,0.13537,Nothing,seated
0.0427661,4,-0.00383455,-0.238342,0.0,0.0,0.0,0.0,0.0,0.0,0.0,0.0,0.175781,0.0,0.00674,0.13537,Nothing,seated
0.0543499,5,-0.00383455,-0.238342,0.0,0.0,0.0,0.0,0.0,0.0,0.0,0.0,0.175781,0.0,0.00674,0.13537,Nothing,seated
0.066081,6,1.74846e-07,-0.238342,0.0,0.0,0.0,0.0,0.0,0.0,0.0,0.0,0.175781,0.0,0.00674,0.13537,Nothing,seated
0.0783491,7,-0.00191719,-0.24141,0.0,0.0,0.0,0.0,0.0,0.0,0.0,0.0,0.175781,0.0,0.00674,0.13537,Nothing,seated
0.0912111,8,-0.00191719,-0.24141,0.0,0.0,0.0,0.0,0.0,0.0,0.0,0.0,0.175781,0.0,0.00674,0.13537,Nothing,seated
0.10268,9,-0.00191719,-0.24141,0.0,0.0,0.0,0.0,0.0,0.0,0.0,0.0,0.175781,0.0,0.00674,0.13537,Nothing,seated
0.112995,10,1.74846e-07,-0.241219,0.0,0.0,0.0,0.0,0.0,0.0,0.0,0.0,0.175781,0.0,0.00674,0.13537,Nothing,seated
0.124604,11,1.74846e-07,-0.241219,0.0,0.0,0.0,0.0,0.0,0.0,0.0,0.0,0.175781,0.0,0.00674,0.13537,Nothing,seated
0.134953,12,-0.000958268,-0.241219,0.0,0.0,0.0,0.0,0.0,0.0,0.0,0.0,0.175781,0.0,0.00674,0.13537,Nothing,seated
0.146207,13,-0.00191719,-0.242369,0.0,0.0,0.0,0.0,0.0,0.0,0.0,0.0,0.175781,0.0,0.00674,0.13537,Nothing,seated
0.15759,14,-0.00191719,-0.242369,0.0,0.0,0.0,0.0,0.0,0.0,0.0,0.0,0.175781,0.0,0.00674,0.13537,Nothing,seated
0.171206,15,-0.000958268,-0.241219,0.0,0.0,0.0,0.0,0.0,0.0,0.0,0.0,0.175781,0.0,0.00674,0.13537,Nothing,seated
0.181988,16,-0.000766579,-0.241027,0.0,0.0,0.0,0.0,0.0,0.0,0.0,0.0,0.175781,0.0,0.00674,0.13537,Nothing,seated
0.19411,17,-0.00191719,-0.242369,0.0,0.0,0.0,0.0,0.0,0.0,0.0,0.0,0.175781,0.0,0.00674,0.13537,Nothing,seated
0.205769,18,-0.00191719,-0.24141,0.0,0.0,0.0,0.0,0.0,0.0,0.0,0.0,0.175781,0.0,0.00674,0.13537,Nothing,seated
0.21608,19,-0.00287611,-0.24141,0.0,0.0,0.0,0.0,0.0,0.0,0.0,0.0,0.175781,0.0,0.00674,0.13537,Nothing,seated
0.226144,20,-0.00287611,-0.243328,0.0,0.0,0.0,0.0,0.0,0.0,0.0,0.0,0.175781,0.0,0.00674,0.13537,Nothing,seated
0.236362,21,1.74846e-07,-0.243328,0.0,0.0,0.0,0.0,0.0,0.0,0.0,0.0,0.175781,0.0,0.00674,0.13537,Nothing,seated
0.246433,22,1.74846e-07,-0.238342,0.0,0.0,0.0,0.0,0.0,0.0,0.0,0.0,0.175781,0.0,0.00674,0.13537,Nothing,seated
0.256497,23,0.00210923,-0.238342,0.0,0.0,0.0,0.0,0.0,0.0,0.0,0.0,0.175781,0.0,0.00674,0.13537,Nothing,seated
0.266764,24,0.00210923,-0.239301,0.0,0.0,0.0,0.0,0.0,0.0,0.0,0.0,0.175781,0.0,0.00674,0.13537,Nothing,seated
0.278583,25,0.00115078,-0.239301,0.0,0.0,0.0,0.0,0.0,0.0,0.0,0.0,0.175781,0.0,0.00674,0.13537,Nothing,seated
0.289471,26,0.00498551,-0.24026,0.0,0.0,0.0,0.0,0.0,0.0,0.0,0.0,0.175781,0.0,0.00674,0.13537,Nothing,seated
0.299766,27,0.00498551,-0.24026,0.0,0.0,0.0,0.0,0.0,0.0,0.0,0.0,0.175781,0.0,0.00674,0.13537,Nothing,seated
0.309833,28,0.00498551,-0.240068,0.0,0.0,0.0,0.0,0.0,0.0,0.0,0.0,0.175781,0.0,0.00674,0.13537,Nothing,seated
0.320162,29,1.74846e-07,-0.238342,0.0,0.0,0.0,0.0,0.0,0.0,0.0,0.0,0.175781,0.0,0.00674,0.13537,Nothing,seated
0.330227,30,0.00402706,-0.239301,0.0,0.0,0.0,0.0,0.0,0.0,0.0,0.0,0.175781,0.0,0.00674,0.13537,Nothing,seated
0.340294,31,0.00402706,-0.239301,0.0,0.0,0.0,0.0,0.0,0.0,0.0,0.0,0.175781,0.0,0.00674,0.13537,Nothing,seated
0.350355,32,0.00498551,-0.244287,0.0,0.0,0.0,0.0,0.0,0.0,0.0,0.0,0.175781,0.0,0.00674,0.13537,Nothing,seated
0.360423,33,0.00498551,-0.244287,0.0,0.0,0.0,0.0,0.0,0.0,0.0,0.0,0.175781,0.0,0.00674,0.13537,Nothing,seated
0.37049,34,1.74846e-07,-0.24026,0.0,0.0,0.0,0.0,0.0,0.0,0.0,0.0,0.175781,0.0,0.00674,0.13537,Nothing,seated
0.380559,35,1.74846e-07,-0.24026,0.0,0.0,0.0,0.0,0.0,0.0,0.0,0.0,0.175781,0.0,0.00674,0.13537,Nothing,seated
0.390623,36,0.00306815,-0.239301,0.0,0.0,0.0,0.0,0.0,0.0,0.0,0.0,0.175781,0.0,0.00674,0.13537,Nothing,seated
0.40116,37,0.00306815,-0.239301,0.0,0.0,0.0,0.0,0.0,0.0,0.0,0.0,0.175781,0.0,0.00674,0.13537,Nothing,seated
0.412087,38,0.00210923,-0.241219,0.0,0.0,0.0,0.0,0.0,0.0,0.0,0.0,0.175781,0.0,0.00674,0.13537,Nothing,seated
0.422335,39,0.00210923,-0.241219,0.0,0.0,0.0,0.0,0.0,0.0,0.0,0.0,0.175781,0.0,0.00674,0.13537,Nothing,seated
0.434463,40,0.00210923,-0.237192,0.0,0.0,0.0,0.0,0.0,0.0,0.0,0.0,0.175781,0.0,0.00674,0.13537,Nothing,seated
0.445081,41,0.00210923,-0.241219,0.0,0.0,0.0,0.0,0.0,0.0,0.0,0.0,0.175781,0.0,0.00674,0.13537,Nothing,seated
0.45521,42,0.00498551,-0.241219,0.0,0.0,0.0,0.0,0.0,0.0,0.0,0.0,0.175781,0.0,0.00674,0.13537,Nothing,seated
0.46599,43,1.74846e-07,-0.239301,0.0,0.0,0.0,0.0,0.0,0.0,0.0,0.0,0.175781,0.0,0.00674,0.13537,Nothing,seated
0.480207,44,1.74846e-07,-0.239301,0.0,0.0,0.0,0.0,0.0,0.0,0.0,0.0,0.175781,0.0,0.00674,0.13537,Nothing,seated
0.491212,45,0.00115078,-0.241219,0.0,0.0,0.0,0.0,0.0,0.0,0.0,0.0,0.175781,0.0,0.00674,0.13537,Nothing,seated
0.501764,46,0.00115078,-0.241219,0.0,0.0,0.0,0.0,0.0,0.0,0.0,0.0,0.175781,0.0,0.00674,0.13537,Nothing,seated
0.512335,47,-0.00191719,-0.238342,0.0,0.0,0.0,0.0,0.0,0.0,0.0,0.0,0.175781,0.0,0.00674,0.13537,Nothing,seated
0.522362,48,-0.00191719,-0.238342,0.0,0.0,0.0,0.0,0.0,0.0,0.0,0.0,0.175781,0.0,0.00674,0.13537,Nothing,seated
0.532463,49,-0.00191719,-0.238342,0.0,0.0,0.0,0.0,0.0,0.0,0.0,0.0,0.175781,0.0,0.00674,0.13537,Nothing,seated
0.542529,50,-0.00191719,-0.24026,0.0,0.0,0.0,0.0,0.0,0.0,0.0,0.0,0.175781,0.0,0.00674,0.13537,Nothing,seated
0.554683,51,-0.000958268,-0.24141,0.0,0.0,0.0,0.0,0.0,0.0,0.0,0.0,0.175781,0.0,0.00674,0.13537,Nothing,seated
0.565206,52,-0.000958268,-0.24141,0.0,0.0,0.0,0.0,0.0,0.0,0.0,0.0,0.175781,0.0,0.00674,0.13537,Nothing,seated
0.575272,53,-0.00191719,-0.236233,0.0,0.0,0.0,0.0,0.0,0.0,0.0,0.0,0.175781,0.0,0.00674,0.13537,Nothing,seated
0.585338,54,-0.00191719,-0.236233,0.0,0.0,0.0,0.0,0.0,0.0,0.0,0.0,0.175781,0.0,0.00674,0.13537,Nothing,seated
0.595588,55,-0.00191719,-0.238342,0.0,0.0,0.0,0.0,0.0,0.0,0.0,0.0,0.175781,0.0,0.00674,0.13537,Nothing,seated
0.605769,56,-0.00191719,-0.238342,0.0,0.0,0.0,0.0,0.0,0.0,0.0,0.0,0.175781,0.0,0.00674,0.13537,Nothing,seated
0.617464,57,-0.00191719,-0.241219,0.0,0.0,0.0,0.0,0.0,0.0,0.0,0.0,0.175781,0.0,0.00674,0.13537,Nothing,seated
0.627764,58,-0.00191719,-0.241219,0.0,0.0,0.0,0.0,0.0,0.0,0.0,0.0,0.175781,0.0,0.00674,0.13537,Nothing,seated
0.638469,59,-0.00191719,-0.239301,0.0,0.0,0.0,0.0,0.0,0.0,0.0,0.0,0.175781,0.0,0.00674,0.13537,Nothing,seated
0.648534,60,-0.00575239,-0.239301,0.0,0.0,0.0,0.0,0.0,0.0,0.0,0.0,0.175781,0.0,0.00674,0.13537,Nothing,seated
0.658606,61,-0.000958268,-0.24026,0.0,0.0,0.0,0.0,0.0,0.0,0.0,0.0,0.175781,0.0,0.00674,0.13537,Nothing,seated
0.668671,62,-0.000958268,-0.24026,0.0,0.0,0.0,0.0,0.0,0.0,0.0,0.0,0.175781,0.0,0.00674,0.13537,Nothing,seated
0.679081,63,-0.00479347,-0.24026,0.0,0.0,0.0,0.0,0.0,0.0,0.0,0.0,0.175781,0.0,0.00674,0.13537,Nothing,seated
0.692652,64,-0.00479347,-0.237384,0.0,0.0,0.0,0.0,0.0,0.0,0.0,0.0,0.175781,0.0,0.00674,0.13537,Nothing,seated
0.705961,65,-0.000958268,-0.237384,0.0,0.0,0.0,0.0,0.0,0.0,0.0,0.0,0.175781,0.0,0.00674,0.13537,Nothing,seated
0.718335,66,-0.00287611,-0.244287,0.0,0.0,0.0,0.0,0.0,0.0,0.0,0.0,0.175781,0.0,0.00674,0.13537,Nothing,seated
0.728862,67,-0.00287611,-0.244287,0.0,0.0,0.0,0.0,0.0,0.0,0.0,0.0,0.175781,0.0,0.00674,0.13537,Nothing,seated
0.738929,68,-0.00575239,-0.239301,0.0,0.0,0.0,0.0,0.0,0.0,0.0,0.0,0.175781,0.0,0.00674,0.13537,Nothing,seated
0.748993,69,-0.00575239,-0.239301,0.0,0.0,0.0,0.0,0.0,0.0,0.0,0.0,0.175781,0.0,0.00674,0.13537,Nothing,seated
0.759058,70,-0.00191719,-0.239301,0.0,0.0,0.0,0.0,0.0,0.0,0.0,0.0,0.175781,0.0,0.00674,0.13537,Nothing,seated
0.769122,71,-0.00191719,-0.239301,0.0,0.0,0.0,0.0,0.0,0.0,0.0,0.0,0.175781,0.0,0.00674,0.13537,Nothing,seated
0.779194,72,-0.00479347,-0.239301,0.0,0.0,0.0,0.0,0.0,0.0,0.0,0.0,0.175781,0.0,0.00674,0.13537,Nothing,seated
0.78935,73,-0.00479347,-0.239301,0.0,0.0,0.0,0.0,0.0,0.0,0.0,0.0,0.175781,0.0,0.00674,0.13537,Nothing,seated
0.799419,74,-0.00383455,-0.24026,0.0,0.0,0.0,0.0,0.0,0.0,0.0,0.0,0.175781,0.0,0.00674,0.13537,Nothing,seated
0.809487,75,-0.00383455,-0.24026,0.0,0.0,0.0,0.0,0.0,0.0,0.0,0.0,0.175781,0.0,0.00674,0.13537,Nothing,seated
0.819556,76,-0.000958268,-0.24026,0.0,0.0,0.0,0.0,0.0,0.0,0.0,0.0,0.175781,0.0,0.00674,0.13537,Nothing,seated
0.829677,77,-0.000958268,-0.24026,0.0,0.0,0.0,0.0,0.0,0.0,0.0,0.0,0.175781,0.0,0.00674,0.13537,Nothing,seated
0.839749,78,-0.00287611,-0.236233,0.0,0.0,0.0,0.0,0.0,0.0,0.0,0.0,0.175781,0.0,0.00674,0.13537,Nothing,seated
0.849831,79,-0.00287611,-0.236233,0.0,0.0,0.0,0.0,0.0,0.0,0.0,0.0,0.175781,0.0,0.00674,0.13537,Nothing,seated
0.859896,80,-0.00383455,-0.24026,0.0,0.0,0.0,0.0,0.0,0.0,0.0,0.0,0.175781,0.0,0.00674,0.13537,Nothing,seated
0.869966,81,-0.00383455,-0.24026,0.0,0.0,0.0,0.0,0.0,0.0,0.0,0.0,0.175781,0.0,0.00674,0.13537,Nothing,seated
0.880037,82,-0.00383455,-0.242369,0.0,0.0,0.0,0.0,0.0,0.0,0.0,0.0,0.175781,0.0,0.00674,0.13537,Nothing,seated
0.895081,83,-0.00479347,-0.241219,0.0,0.0,0.0,0.0,0.0,0.0,0.0,0.0,0.175781,0.0,0.00674,0.13537,Nothing,seated
0.907332,84,-0.00479347,-0.241219,0.0,0.0,0.0,0.0,0.0,0.0,0.0,0.0,0.175781,0.0,0.00674,0.13537,Nothing,seated
0.919635,85,-0.00479347,-0.239301,0.0,0.0,0.0,0.0,0.0,0.0,0.0,0.0,0.175781,0.0,0.00674,0.13537,Nothing,seated
0.930206,86,-0.00287611,-0.239301,0.0,0.0,0.0,0.0,0.0,0.0,0.0,0.0,0.175781,0.0,0.00674,0.13537,Nothing,seated
0.940467,87,-0.00287611,-0.24141,0.0,0.0,0.0,0.0,0.0,0.0,0.0,0.0,0.175781,0.0,0.00674,0.13537,Nothing,seated
0.951208,88,-0.000958268,-0.24141,0.0,0.0,0.0,0.0,0.0,0.0,0.0,0.0,0.175781,0.0,0.00674,0.13537,Nothing,seated
0.962206,89,-0.000958268,-0.239301,0.0,0.0,0.0,0.0,0.0,0.0,0.0,0.0,0.175781,0.0,0.00674,0.13537,Nothing,seated
0.972274,90,-0.000958268,-0.239301,0.0,0.0,0.0,0.0,0.0,0.0,0.0,0.0,0.175781,0.0,0.00674,0.13537,Nothing,seated
0.982346,91,1.74846e-07,-0.242369,0.0,0.0,0.0,0.0,0.0,0.0,0.0,0.0,0.175781,0.0,0.00674,0.13537,Nothing,seated
0.992417,92,1.74846e-07,-0.242369,0.0,0.0,0.0,0.0,0.0,0.0,0.0,0.0,0.175781,0.0,0.00674,0.13537,Nothing,seated
1.00247,93,-0.000958268,-0.24026,0.0,0.0,0.0,0.0,0.0,0.0,0.0,0.0,0.175781,0.0,0.00674,0.13537,Nothing,seated
1.01462,94,-0.000958268,-0.24026,0.0,0.0,0.0,0.0,0.0,0.0,0.0,0.0,0.175781,0.0,0.00674,0.13537,Nothing,seated
1.02469,95,-0.000958268,-0.24026,0.0,0.0,0.0,0.0,0.0,0.0,0.0,0.0,0.175781,0.0,0.00674,0.13537,Nothing,seated
1.03576,96,0.00210923,-0.239301,0.0,0.0,0.0,0.0,0.0,0.0,0.0,0.0,0.175781,0.0,0.00674,0.13537,Nothing,seated
1.04633,97,0.00210923,-0.24026,0.0,0.0,0.0,0.0,0.0,0.0,0.0,0.0,0.175781,0.0,0.00674,0.13537,Nothing,seated
1.05635,98,0.00115078,-0.24026,0.0,0.0,0.0,0.0,0.0,0.0,0.0,0.0,0.175781,0.0,0.00674,0.13537,Nothing,seated
1.06642,99,0.00115078,-0.242369,0.0,0.0,0.0,0.0,0.0,0.0,0.0,0.0,0.175781,0.0,0.00674,0.13537,Nothing,seated
1.07649,100,-0.00191719,-0.242369,0.0,0.0,0.0,0.0,0.0,0.0,0.0,0.0,0.175781,0.0,0.00674,0.13537,Nothing,seated
1.08655,101,-0.00191719,-0.239301,0.0,0.0,0.0,0.0,0.0,0.0,0.0,0.0,0.175781,0.0,0.00674,0.13537,Nothing,seated
1.09663,102,0.00402706,-0.239301,0.0,0.0,0.0,0.0,0.0,0.0,0.0,0.0,0.175781,0.0,0.00674,0.13537,Nothing,seated
1.1067,103,0.00402706,-0.24026,0.0,0.0,0.0,0.0,0.0,0.0,0.0,0.0,0.175781,0.0,0.00674,0.13537,Nothing,seated
1.11821,104,0.00306815,-0.24026,0.0,0.0,0.0,0.0,0.0,0.0,0.0,0.0,0.175781,0.0,0.00674,0.13537,Nothing,seated
1.12899,105,0.00210923,-0.241219,0.0,0.0,0.0,0.0,0.0,0.0,0.0,0.0,0.175781,0.0,0.00674,0.13537,Nothing,seated
1.13964,106,0.00210923,-0.241219,0.0,0.0,0.0,0.0,0.0,0.0,0.0,0.0,0.175781,0.0,0.00674,0.13537,Nothing,seated
1.14971,107,0.00402706,-0.24026,0.0,0.0,0.0,0.0,0.0,0.0,0.0,0.0,0.175781,0.0,0.00674,0.13537,Nothing,seated
1.15981,108,0.00402706,-0.24026,0.0,0.0,0.0,0.0,0.0,0.0,0.0,0.0,0.175781,0.0,0.00674,0.13537,Nothing,seated
1.16988,109,0.00210923,-0.239301,0.0,0.0,0.0,0.0,0.0,0.0,0.0,0.0,0.175781,0.0,0.00674,0.13537,Nothing,seated
1.18033,110,0.00210923,-0.239301,0.0,0.0,0.0,0.0,0.0,0.0,0.0,0.0,0.175781,0.0,0.00674,0.13537,Nothing,seated
1.19035,111,0.00115078,-0.238342,0.0,0.0,0.0,0.0,0.0,0.0,0.0,0.0,0.175781,0.0,0.00674,0.13537,Nothing,seated
1.20042,112,0.00115078,-0.238342,0.0,0.0,0.0,0.0,0.0,0.0,0.0,0.0,0.175781,0.0,0.00674,0.13537,Nothing,seated
1.21049,113,0.00402706,-0.24141,0.0,0.0,0.0,0.0,0.0,0.0,0.0,0.0,0.175781,0.0,0.00674,0.13537,Nothing,seated
1.22056,114,0.00402706,-0.24141,0.0,0.0,0.0,0.0,0.0,0.0,0.0,0.0,0.175781,0.0,0.00674,0.13537,Nothing,seated
1.23132,115,0.00210923,-0.238342,0.0,0.0,0.0,0.0,0.0,0.0,0.0,0.0,0.175781,0.0,0.00674,0.13537,Nothing,seated
1.24246,116,0.00210923,-0.238342,0.0,0.0,0.0,0.0,0.0,0.0,0.0,0.0,0.175781,0.0,0.00674,0.13537,Nothing,seated
1.2534,117,0.00306815,-0.243328,0.0,0.0,0.0,0.0,0.0,0.0,0.0,0.0,0.175781,0.0,0.00674,0.13537,Nothing,seated
1.26421,118,0.00306815,-0.243328,0.0,0.0,0.0,0.0,0.0,0.0,0.0,0.0,0.175781,0.0,0.00674,0.13537,Nothing,seated
1.27521,119,0.00402706,-0.239301,0.0,0.0,0.0,0.0,0.0,0.0,0.0,0.0,0.175781,0.0,0.00674,0.13537,Nothing,seated
1.2861,120,0.00402706,-0.24026,0.0,0.0,0.0,0.0,0.0,0.0,0.0,0.0,0.175781,0.0,0.00674,0.13537,Nothing,seated
1.29835,121,0.00306815,-0.24026,0.0,0.0,0.0,0.0,0.0,0.0,0.0,0.0,0.175781,0.0,0.00674,0.13537,Nothing,seated
1.30872,122,0.00306815,-0.239301,0.0,0.0,0.0,0.0,0.0,0.0,0.0,0.0,0.175781,0.0,0.00674,0.13537,Nothing,seated
1.31965,123,0.00115078,-0.239301,0.0,0.0,0.0,0.0,0.0,0.0,0.0,0.0,0.175781,0.0,0.00674,0.13537,Nothing,seated
1.33133,124,1.74846e-07,-0.24141,0.0,0.0,0.0,0.0,0.0,0.0,0.0,0.0,0.175781,0.0,0.00674,0.13537,Nothing,seated
1.34147,125,1.74846e-07,-0.24141,0.0,0.0,0.0,0.0,0.0,0.0,0.0,0.0,0.175781,0.0,0.00674,0.13537,Nothing,seated
1.35153,126,-0.00383455,-0.242369,0.0,0.0,0.0,0.0,0.0,0.0,0.0,0.0,0.175781,0.0,0.00674,0.13537,Nothing,seated
1.3616,127,-0.00383455,-0.242369,0.0,0.0,0.0,0.0,0.0,0.0,0.0,0.0,0.175781,0.0,0.00674,0.13537,Nothing,seated
1.37167,128,0.00115078,-0.243328,0.0,0.0,0.0,0.0,0.0,0.0,0.0,0.0,0.175781,0.0,0.00674,0.13537,Nothing,seated
1.38174,129,0.00115078,-0.243328,0.0,0.0,0.0,0.0,0.0,0.0,0.0,0.0,0.175781,0.0,0.00674,0.13537,Nothing,seated
1.39262,130,1.74846e-07,-0.241219,0.0,0.0,0.0,0.0,0.0,0.0,0.0,0.0,0.175781,0.0,0.00674,0.13537,Nothing,seated
1.40296,131,1.74846e-07,-0.241219,0.0,0.0,0.0,0.0,0.0,0.0,0.0,0.0,0.175781,0.0,0.00674,0.13537,Nothing,seated
1.41303,132,-0.00191719,-0.238342,0.0,0.0,0.0,0.0,0.0,0.0,0.0,0.0,0.175781,0.0,0.00674,0.13537,Nothing,seated
1.4231,133,-0.00191719,-0.238342,0.0,0.0,0.0,0.0,0.0,0.0,0.0,0.0,0.175781,0.0,0.00674,0.13537,Nothing,seated
1.43468,134,0.00115078,-0.238342,0.0,0.0,0.0,0.0,0.0,0.0,0.0,0.0,0.175781,0.0,0.00674,0.13537,Nothing,seated
1.44521,135,0.00115078,-0.24026,0.0,0.0,0.0,0.0,0.0,0.0,0.0,0.0,0.175781,0.0,0.00674,0.13537,Nothing,seated
1.45535,136,-0.00287611,-0.24026,0.0,0.0,0.0,0.0,0.0,0.0,0.0,0.0,0.175781,0.0,0.00674,0.13537,Nothing,seated
1.46541,137,-0.00287611,-0.24026,0.0,0.0,0.0,0.0,0.0,0.0,0.0,0.0,0.175781,0.0,0.00674,0.13537,Nothing,seated
1.47548,138,-0.000958268,-0.241219,0.0,0.0,0.0,0.0,0.0,0.0,0.0,0.0,0.175781,0.0,0.00674,0.13537,Nothing,seated
1.48555,139,-0.000958268,-0.241219,0.0,0.0,0.0,0.0,0.0,0.0,0.0,0.0,0.175781,0.0,0.00674,0.13537,Nothing,seated
1.49708,140,-0.000958268,-0.239301,0.0,0.0,0.0,0.0,0.0,0.0,0.0,0.0,0.175781,0.0,0.00674,0.13537,Nothing,seated
1.50859,141,-0.00479347,-0.239301,0.0,0.0,0.0,0.0,0.0,0.0,0.0,0.0,0.175781,0.0,0.00674,0.13537,Nothing,seated
1.51906,142,-0.00287611,-0.241219,0.0,0.0,0.0,0.0,0.0,0.0,0.0,0.0,0.175781,0.0,0.00674,0.13537,Nothing,seated
1.53247,143,-0.00287611,-0.241219,0.0,0.0,0.0,0.0,0.0,0.0,0.0,0.0,0.175781,0.0,0.00674,0.13537,Nothing,seated
1.54375,144,1.74846e-07,-0.239301,0.0,0.0,0.0,0.0,0.0,0.0,0.0,0.0,0.175781,0.0,0.00674,0.13537,Nothing,seated
1.55409,145,1.74846e-07,-0.239301,0.0,0.0,0.0,0.0,0.0,0.0,0.0,0.0,0.175781,0.0,0.00674,0.13537,Nothing,seated
1.56521,146,-0.00479347,-0.24026,0.0,0.0,0.0,0.0,0.0,0.0,0.0,0.0,0.175781,0.0,0.00674,0.13537,Nothing,seated
1.57568,147,-0.00479347,-0.24026,0.0,0.0,0.0,0.0,0.0,0.0,0.0,0.0,0.175781,0.0,0.00674,0.13537,Nothing,seated
1.58575,148,-0.00383455,-0.239301,0.0,0.0,0.0,0.0,0.0,0.0,0.0,0.0,0.175781,0.0,0.00674,0.13537,Nothing,seated
1.59821,149,-0.00383455,-0.239301,0.0,0.0,0.0,0.0,0.0,0.0,0.0,0.0,0.175781,0.0,0.00674,0.13537,Nothing,seated
1.60947,150,-0.00479347,-0.24026,0.0,0.0,0.0,0.0,0.0,0.0,0.0,0.0,0.175781,0.0,0.00674,0.13537,Nothing,seated
1.61955,151,-0.00479347,-0.237384,0.0,0.0,0.0,0.0,0.0,0.0,0.0,0.0,0.175781,0.0,0.00674,0.13537,Nothing,seated
1.62962,152,-0.00191719,-0.237384,0.0,0.0,0.0,0.0,0.0,0.0,0.0,0.0,0.175781,0.0,0.00674,0.13537,Nothing,seated
1.63968,153,-0.00191719,-0.238342,0.0,0.0,0.0,0.0,0.0,0.0,0.0,0.0,0.175781,0.0,0.00674,0.13537,Nothing,seated
1.64975,154,-0.00287611,-0.238342,0.0,0.0,0.0,0.0,0.0,0.0,0.0,0.0,0.175781,0.0,0.00674,0.13537,Nothing,seated
1.65977,155,-0.00287611,-0.242369,0.0,0.0,0.0,0.0,0.0,0.0,0.0,0.0,0.175781,0.0,0.00674,0.13537,Nothing,seated
1.67009,156,-0.00287611,-0.242369,0.0,0.0,0.0,0.0,0.0,0.0,0.0,0.0,0.175781,0.0,0.00674,0.13537,Nothing,seated
1.68068,157,-0.00287611,-0.242369,0.0,0.0,0.0,0.0,0.0,0.0,0.0,0.0,0.175781,0.0,0.00674,0.13537,Nothing,seated
1.69075,158,-0.00479347,-0.242369,0.0,0.0,0.0,0.0,0.0,0.0,0.0,0.0,0.175781,0.0,0.00674,0.13537,Nothing,seated
1.70133,159,-0.000958268,-0.24141,0.0,0.0,0.0,0.0,0.0,0.0,0.0,0.0,0.175781,0.0,0.00674,0.13537,Nothing,seated
1.7114,160,-0.000958268,-0.24141,0.0,0.0,0.0,0.0,0.0,0.0,0.0,0.0,0.175781,0.0,0.00674,0.13537,Nothing,seated
1.7216,161,-0.00287611,-0.24141,0.0,0.0,0.0,0.0,0.0,0.0,0.0,0.0,0.175781,0.0,0.00674,0.13537,Nothing,seated
1.73166,162,-0.00287611,-0.24141,0.0,0.0,0.0,0.0,0.0,0.0,0.0,0.0,0.175781,0.0,0.00674,0.13537,Nothing,seated
1.74174,163,1.74846e-07,-0.24141,0.0,0.0,0.0,0.0,0.0,0.0,0.0,0.0,0.175781,0.0,0.00674,0.13537,Nothing,seated
1.75183,164,1.74846e-07,-0.24141,0.0,0.0,0.0,0.0,0.0,0.0,0.0,0.0,0.175781,0.0,0.00674,0.13537,Nothing,seated
1.76193,165,-0.00383455,-0.241219,0.0,0.0,0.0,0.0,0.0,0.0,0.0,0.0,0.175781,0.0,0.00674,0.13537,Nothing,seated
1.772,166,-0.00383455,-0.241219,0.0,0.0,0.0,0.0,0.0,0.0,0.0,0.0,0.175781,0.0,0.00674,0.13537,Nothing,seated
1.78206,167,-0.00191719,-0.24026,0.0,0.0,0.0,0.0,0.0,0.0,0.0,0.0,0.175781,0.0,0.00674,0.13537,Nothing,seated
1.79234,168,-0.00191719,-0.24026,0.0,0.0,0.0,0.0,0.0,0.0,0.0,0.0,0.175781,0.0,0.00674,0.13537,Nothing,seated
1.80235,169,1.74846e-07,-0.24026,0.0,0.0,0.0,0.0,0.0,0.0,0.0,0.0,0.175781,0.0,0.00674,0.13537,Nothing,seated
1.81242,170,1.74846e-07,-0.24026,0.0,0.0,0.0,0.0,0.0,0.0,0.0,0.0,0.175781,0.0,0.00674,0.13537,Nothing,seated
1.82249,171,-0.00287611,-0.236233,0.0,0.0,0.0,0.0,0.0,0.0,0.0,0.0,0.175781,0.0,0.00674,0.13537,Nothing,seated
1.83421,172,-0.00287611,-0.236233,0.0,0.0,0.0,0.0,0.0,0.0,0.0,0.0,0.175781,0.0,0.00674,0.13537,Nothing,seated
1.84448,173,0.00210923,-0.24026,0.0,0.0,0.0,0.0,0.0,0.0,0.0,0.0,0.175781,0.0,0.00674,0.13537,Nothing,seated
1.85468,174,0.00210923,-0.24026,0.0,0.0,0.0,0.0,0.0,0.0,0.0,0.0,0.175781,0.0,0.00674,0.13537,Nothing,seated
1.86475,175,1.74846e-07,-0.24141,0.0,0.0,0.0,0.0,0.0,0.0,0.0,0.0,0.175781,0.0,0.00674,0.13537,Nothing,seated
1.87482,176,1.74846e-07,-0.24141,0.0,0.0,0.0,0.0,0.0,0.0,0.0,0.0,0.175781,0.0,0.00674,0.13537,Nothing,seated
1.88489,177,1.74846e-07,-0.239301,0.0,0.0,0.0,0.0,0.0,0.0,0.0,0.0,0.175781,0.0,0.00674,0.13537,Nothing,seated
1.89495,178,1.74846e-07,-0.239301,0.0,0.0,0.0,0.0,0.0,0.0,0.0,0.0,0.175781,0.0,0.00674,0.13537,Nothing,seated
1.90502,179,0.00306815,-0.24026,0.0,0.0,0.0,0.0,0.0,0.0,0.0,0.0,0.175781,0.0,0.00674,0.13537,Nothing,seated
1.91509,180,0.00306815,-0.24026,0.0,0.0,0.0,0.0,0.0,0.0,0.0,0.0,0.175781,0.0,0.00674,0.13537,Nothing,seated
1.92516,181,-0.00191719,-0.239301,0.0,0.0,0.0,0.0,0.0,0.0,0.0,0.0,0.175781,0.0,0.00674,0.13537,Nothing,seated
1.93721,182,-0.00191719,-0.239301,0.0,0.0,0.0,0.0,0.0,0.0,0.0,0.0,0.175781,0.0,0.00674,0.13537,Nothing,seated
1.94777,183,0.00210923,-0.24141,0.0,0.0,0.0,0.0,0.0,0.0,0.0,0.0,0.175781,0.0,0.00674,0.13537,Nothing,seated
1.95808,184,0.00210923,-0.24141,0.0,0.0,0.0,0.0,0.0,0.0,0.0,0.0,0.175781,0.0,0.00674,0.13537,Nothing,seated
1.96815,185,0.00306815,-0.242369,0.0,0.0,0.0,0.0,0.0,0.0,0.0,0.0,0.175781,0.0,0.00674,0.13537,Nothing,seated
1.97822,186,0.00306815,-0.242369,0.0,0.0,0.0,0.0,0.0,0.0,0.0,0.0,0.175781,0.0,0.00674,0.13537,Nothing,seated
1.98829,187,1.74846e-07,-0.237384,0.0,0.0,0.0,0.0,0.0,0.0,0.0,0.0,0.175781,0.0,0.00674,0.13537,Nothing,seated
1.99836,188,1.74846e-07,-0.237384,0.0,0.0,0.0,0.0,0.0,0.0,0.0,0.0,0.175781,0.0,0.00674,0.13537,Nothing,seated
2.00899,189,1.74846e-07,-0.239301,0.0,0.0,0.0,0.0,0.0,0.0,0.0,0.0,0.175781,0.0,0.00674,0.13537,Nothing,seated
2.02077,190,0.00115078,-0.239301,0.0,0.0,0.0,0.0,0.0,0.0,0.0,0.0,0.175781,0.0,0.00674,0.13537,Nothing,seated
2.03159,191,0.00115078,-0.243328,0.0,0.0,0.0,0.0,0.0,0.0,0.0,0.0,0.175781,0.0,0.00674,0.13537,Nothing,seated
2.04309,192,0.00115078,-0.243328,0.0,0.0,0.0,0.0,0.0,0.0,0.0,0.0,0.175781,0.0,0.00674,0.13537,Nothing,seated
2.05468,193,0.00210923,-0.237192,0.0,0.0,0.0,0.0,0.0,0.0,0.0,0.0,0.175781,0.0,0.00674,0.13537,Nothing,seated
2.06475,194,0.00210923,-0.237192,0.0,0.0,0.0,0.0,0.0,0.0,0.0,0.0,0.175781,0.0,0.00674,0.13537,Nothing,seated
2.07484,195,0.00210923,-0.241219,0.0,0.0,0.0,0.0,0.0,0.0,0.0,0.0,0.175781,0.0,0.00674,0.13537,Nothing,seated
2.08491,196,0.00210923,-0.241219,0.0,0.0,0.0,0.0,0.0,0.0,0.0,0.0,0.175781,0.0,0.00674,0.13537,Nothing,seated
2.09536,197,0.00115078,-0.239301,0.0,0.0,0.0,0.0,0.0,0.0,0.0,0.0,0.175781,0.0,0.00674,0.13537,Nothing,seated
2.10543,198,0.00115078,-0.239301,0.0,0.0,0.0,0.0,0.0,0.0,0.0,0.0,0.175781,0.0,0.00674,0.13537,Nothing,seated
2.11668,199,0.00115078,-0.242369,0.0,0.0,0.0,0.0,0.0,0.0,0.0,0.0,0.175781,0.0,0.00674,0.13537,Nothing,seated
2.12721,200,0.00115078,-0.245437,0.0,0.0,0.0,0.0,0.0,0.0,0.0,0.0,0.175781,0.0,0.00674,0.13537,Nothing,seated
2.13928,201,1.74846e-07,-0.245437,0.0,0.0,0.0,0.0,0.0,0.0,0.0,0.0,0.175781,0.0,0.00674,0.13537,Nothing,seated
2.15047,202,1.74846e-07,-0.239301,0.0,0.0,0.0,0.0,0.0,0.0,0.0,0.0,0.175781,0.0,0.00674,0.13537,Nothing,seated
2.16053,203,1.74846e-07,-0.239301,0.0,0.0,0.0,0.0,0.0,0.0,0.0,0.0,0.175781,0.0,0.00674,0.13537,Nothing,seated
2.1706,204,1.74846e-07,-0.242369,0.0,0.0,0.0,0.0,0.0,0.0,0.0,0.0,0.175781,0.0,0.00674,0.13537,Nothing,seated
2.18208,205,0.00306815,-0.242369,0.0,0.0,0.0,0.0,0.0,0.0,0.0,0.0,0.175781,0.0,0.00674,0.13537,Nothing,seated
2.19409,206,1.74846e-07,-0.239301,0.0,0.0,0.0,0.0,0.0,0.0,0.0,0.0,0.175781,0.0,0.00674,0.13537,Nothing,seated
2.20477,207,1.74846e-07,-0.239301,0.0,0.0,0.0,0.0,0.0,0.0,0.0,0.0,0.175781,0.0,0.00674,0.13537,Nothing,seated
2.21559,208,1.74846e-07,-0.24026,0.0,0.0,0.0,0.0,0.0,0.0,0.0,0.0,0.175781,0.0,0.00674,0.13537,Nothing,seated
2.22566,209,1.74846e-07,-0.24026,0.0,0.0,0.0,0.0,0.0,0.0,0.0,0.0,0.175781,0.0,0.00674,0.13537,Nothing,seated
2.23572,210,0.00115078,-0.243328,0.0,0.0,0.0,0.0,0.0,0.0,0.0,0.0,0.175781,0.0,0.00674,0.13537,Nothing,seated
2.2458,211,0.00115078,-0.243328,0.0,0.0,0.0,0.0,0.0,0.0,0.0,0.0,0.175781,0.0,0.00674,0.13537,Nothing,seated
2.25586,212,1.74846e-07,-0.241219,0.0,0.0,0.0,0.0,0.0,0.0,0.0,0.0,0.175781,0.0,0.00674,0.13537,Nothing,seated
2.26593,213,1.74846e-07,-0.241219,0.0,0.0,0.0,0.0,0.0,0.0,0.0,0.0,0.175781,0.0,0.00674,0.13537,Nothing,seated
2.27599,214,0.00210923,-0.238342,0.0,0.0,0.0,0.0,0.0,0.0,0.0,0.0,0.175781,0.0,0.00674,0.13537,Nothing,seated
2.28606,215,0.00210923,-0.238342,0.0,0.0,0.0,0.0,0.0,0.0,0.0,0.0,0.175781,0.0,0.00674,0.13537,Nothing,seated
2.29612,216,1.74846e-07,-0.24026,0.0,0.0,0.0,0.0,0.0,0.0,0.0,0.0,0.175781,0.0,0.00674,0.13537,Nothing,seated
2.30618,217,1.74846e-07,-0.24026,0.0,0.0,0.0,0.0,0.0,0.0,0.0,0.0,0.175781,0.0,0.00674,0.13537,Nothing,seated
2.31973,218,1.74846e-07,-0.24026,0.0,0.0,0.0,0.0,0.0,0.0,0.0,0.0,0.175781,0.0,0.00674,0.13537,Nothing,seated
2.33008,219,1.74846e-07,-0.243328,0.0,0.0,0.0,0.0,0.0,0.0,0.0,0.0,0.175781,0.0,0.00674,0.13537,Nothing,seated
2.3416,220,-0.00383455,-0.243328,0.0,0.0,0.0,0.0,0.0,0.0,0.0,0.0,0.175781,0.0,0.00674,0.13537,Nothing,seated
2.35435,221,-0.00383455,-0.24141,0.0,0.0,0.0,0.0,0.0,0.0,0.0,0.0,0.175781,0.0,0.00674,0.13537,Nothing,seated
2.36459,222,-0.00383455,-0.24141,0.0,0.0,0.0,0.0,0.0,0.0,0.0,0.0,0.175781,0.0,0.00674,0.13537,Nothing,seated
2.37477,223,-0.00383455,-0.237384,0.0,0.0,0.0,0.0,0.0,0.0,0.0,0.0,0.175781,0.0,0.00674,0.13537,Nothing,seated
2.38481,224,-0.00383455,-0.237384,0.0,0.0,0.0,0.0,0.0,0.0,0.0,0.0,0.175781,0.0,0.00674,0.13537,Nothing,seated
2.3956,225,-0.00383455,-0.237384,0.0,0.0,0.0,0.0,0.0,0.0,0.0,0.0,0.175781,0.0,0.00674,0.13537,Nothing,seated
2.40567,226,-0.00383455,-0.239301,0.0,0.0,0.0,0.0,0.0,0.0,0.0,0.0,0.175781,0.0,0.00674,0.13537,Nothing,seated
2.41574,227,-0.00383455,-0.239301,0.0,0.0,0.0,0.0,0.0,0.0,0.0,0.0,0.175781,0.0,0.00674,0.13537,Nothing,seated
2.42621,228,-0.00479347,-0.245245,0.0,0.0,0.0,0.0,0.0,0.0,0.0,0.0,0.175781,0.0,0.00674,0.13537,Nothing,seated
2.43635,229,-0.00479347,-0.245245,0.0,0.0,0.0,0.0,0.0,0.0,0.0,0.0,0.175781,0.0,0.00674,0.13537,Nothing,seated
2.44821,230,-0.00383455,-0.239301,0.0,0.0,0.0,0.0,0.0,0.0,0.0,0.0,0.175781,0.0,0.00674,0.13537,Nothing,seated
2.45947,231,-0.00383455,-0.239301,0.0,0.0,0.0,0.0,0.0,0.0,0.0,0.0,0.175781,0.0,0.00674,0.13537,Nothing,seated
2.46954,232,-0.00287611,-0.243328,0.0,0.0,0.0,0.0,0.0,0.0,0.0,0.0,0.175781,0.0,0.00674,0.13537,Nothing,seated
2.47977,233,-0.00287611,-0.239301,0.0,0.0,0.0,0.0,0.0,0.0,0.0,0.0,0.175781,0.0,0.00674,0.13537,Nothing,seated
2.49047,234,-0.00287611,-0.239301,0.0,0.0,0.0,0.0,0.0,0.0,0.0,0.0,0.175781,0.0,0.00674,0.13537,Nothing,seated
2.50054,235,-0.00287611,-0.239301,0.0,0.0,0.0,0.0,0.0,0.0,0.0,0.0,0.175781,0.0,0.00674,0.13537,Nothing,seated
2.51061,236,1.74846e-07,-0.24141,0.0,0.0,0.0,0.0,0.0,0.0,0.0,0.0,0.175781,0.0,0.00674,0.13537,Nothing,seated
2.52068,237,1.74846e-07,-0.24141,0.0,0.0,0.0,0.0,0.0,0.0,0.0,0.0,0.175781,0.0,0.00674,0.13537,Nothing,seated
2.53075,238,-0.00479347,-0.24141,0.0,0.0,0.0,0.0,0.0,0.0,0.0,0.0,0.175781,0.0,0.00674,0.13537,Nothing,seated
2.54149,239,-0.00479347,-0.238342,0.0,0.0,0.0,0.0,0.0,0.0,0.0,0.0,0.175781,0.0,0.00674,0.13537,Nothing,seated
2.55244,240,-0.00383455,-0.238342,0.0,0.0,0.0,0.0,0.0,0.0,0.0,0.0,0.175781,0.0,0.00674,0.13537,Nothing,seated
2.56277,241,-0.00383455,-0.239301,0.0,0.0,0.0,0.0,0.0,0.0,0.0,0.0,0.175781,0.0,0.00674,0.13537,Nothing,seated
2.57447,242,0.00210923,-0.239301,0.0,0.0,0.0,0.0,0.0,0.0,0.0,0.0,0.175781,0.0,0.00674,0.13537,Nothing,seated
2.58454,243,0.00210923,-0.24026,0.0,0.0,0.0,0.0,0.0,0.0,0.0,0.0,0.175781,0.0,0.00674,0.13537,Nothing,seated
2.59508,244,-0.00479347,-0.24026,0.0,0.0,0.0,0.0,0.0,0.0,0.0,0.0,0.175781,0.0,0.00674,0.13537,Nothing,seated
2.607,245,-0.00287611,-0.241219,0.0,0.0,0.0,0.0,0.0,0.0,0.0,0.0,0.175781,0.0,0.00674,0.13537,Nothing,seated
2.61869,246,-0.00287611,-0.241219,0.0,0.0,0.0,0.0,0.0,0.0,0.0,0.0,0.175781,0.0,0.00674,0.13537,Nothing,seated
2.62876,247,1.74846e-07,-0.245245,0.0,0.0,0.0,0.0,0.0,0.0,0.0,0.0,0.175781,0.0,0.00674,0.13537,Nothing,seated
2.63916,248,1.74846e-07,-0.245245,0.0,0.0,0.0,0.0,0.0,0.0,0.0,0.0,0.175781,0.0,0.00674,0.13537,Nothing,seated
2.65033,249,-0.00191719,-0.238342,0.0,0.0,0.0,0.0,0.0,0.0,0.0,0.0,0.175781,0.0,0.00674,0.13537,Nothing,seated
2.66233,250,-0.00191719,-0.24026,0.0,0.0,0.0,0.0,0.0,0.0,0.0,0.0,0.175781,0.0,0.00674,0.13537,Nothing,seated
2.67392,251,0.00402706,-0.24026,0.0,0.0,0.0,0.0,0.0,0.0,0.0,0.0,0.175781,0.0,0.00674,0.13537,Nothing,seated
2.6842,252,0.00115078,-0.239301,0.0,0.0,0.0,0.0,0.0,0.0,0.0,0.0,0.175781,0.0,0.00674,0.13537,Nothing,seated
2.69459,253,0.00115078,-0.239301,0.0,0.0,0.0,0.0,0.0,0.0,0.0,0.0,0.175781,0.0,0.00674,0.13537,Nothing,seated
2.70466,254,-0.000958268,-0.235274,0.0,0.0,0.0,0.0,0.0,0.0,0.0,0.0,0.175781,0.0,0.00674,0.13537,Nothing,seated
2.71473,255,-0.000958268,-0.235274,0.0,0.0,0.0,0.0,0.0,0.0,0.0,0.0,0.175781,0.0,0.00674,0.13537,Nothing,seated
2.7248,256,-0.00383455,-0.239301,0.0,0.0,0.0,0.0,0.0,0.0,0.0,0.0,0.175781,0.0,0.00674,0.13537,Nothing,seated
2.73549,257,-0.00383455,-0.239301,0.0,0.0,0.0,0.0,0.0,0.0,0.0,0.0,0.175781,0.0,0.00674,0.13537,Nothing,seated
2.74556,258,-0.000958268,-0.241219,0.0,0.0,0.0,0.0,0.0,0.0,0.0,0.0,0.175781,0.0,0.00674,0.13537,Nothing,seated
2.75563,259,-0.000958268,-0.241219,0.0,0.0,0.0,0.0,0.0,0.0,0.0,0.0,0.175781,0.0,0.00674,0.13537,Nothing,seated
2.7657,260,0.00306815,-0.24026,0.0,0.0,0.0,0.0,0.0,0.0,0.0,0.0,0.175781,0.0,0.00674,0.13537,Nothing,seated
2.77577,261,0.00306815,-0.24026,0.0,0.0,0.0,0.0,0.0,0.0,0.0,0.0,0.175781,0.0,0.00674,0.13537,Nothing,seated
2.78611,262,0.00115078,-0.24141,0.0,0.0,0.0,0.0,0.0,0.0,0.0,0.0,0.175781,0.0,0.00674,0.13537,Nothing,seated
2.79619,263,0.00115078,-0.24141,0.0,0.0,0.0,0.0,0.0,0.0,0.0,0.0,0.175781,0.0,0.00674,0.13537,Nothing,seated
2.80646,264,0.00210923,-0.237384,0.0,0.0,0.0,0.0,0.0,0.0,0.0,0.0,0.175781,0.0,0.00674,0.13537,Nothing,seated
2.81653,265,0.00210923,-0.237384,0.0,0.0,0.0,0.0,0.0,0.0,0.0,0.0,0.175781,0.0,0.00674,0.13537,Nothing,seated
2.8266,266,0.00306815,-0.243328,0.0,0.0,0.0,0.0,0.0,0.0,0.0,0.0,0.175781,0.0,0.00674,0.13537,Nothing,seated
2.83847,267,0.00306815,-0.243328,0.0,0.0,0.0,0.0,0.0,0.0,0.0,0.0,0.175781,0.0,0.00674,0.13537,Nothing,seated
2.85209,268,0.00115078,-0.239301,0.0,0.0,0.0,0.0,0.0,0.0,0.0,0.0,0.175781,0.0,0.00674,0.13537,Nothing,seated
2.86447,269,0.00115078,-0.239301,0.0,0.0,0.0,0.0,0.0,0.0,0.0,0.0,0.175781,0.0,0.00674,0.13537,Nothing,seated
2.87535,270,0.00210923,-0.239301,0.0,0.0,0.0,0.0,0.0,0.0,0.0,0.0,0.175781,0.0,0.00674,0.13537,Nothing,seated
2.88541,271,0.00115078,-0.239301,0.0,0.0,0.0,0.0,0.0,0.0,0.0,0.0,0.175781,0.0,0.00674,0.13537,Nothing,seated
2.89548,272,0.00115078,-0.242369,0.0,0.0,0.0,0.0,0.0,0.0,0.0,0.0,0.175781,0.0,0.00674,0.13537,Nothing,seated
2.90555,273,0.00115078,-0.242369,0.0,0.0,0.0,0.0,0.0,0.0,0.0,0.0,0.175781,0.0,0.00674,0.13537,Nothing,seated
2.91568,274,1.74846e-07,-0.24026,0.0,0.0,0.0,0.0,0.0,0.0,0.0,0.0,0.175781,0.0,0.00674,0.13537,Nothing,seated
