0.00178003,0,-0.000958268,-0.234316,0.0,0.0,0.0,0.0,0.0,0.0,0.0,0.0,0.878906,0.0,0.00674,0.13537,None,seated
0.01615,1,-0.000958268,-0.237384,0.0,0.0,0.0,0.0,0.0,0.0,0.0,0.0,0.878906,0.0,0.00674,0.13537,Nothing,seated
0.026823,2,0.00115078,-0.237384,0.0,0.0,0.0,0.0,0.0,0.0,0.0,0.0,0.878906,0.0,0.00674,0.13537,Nothing,seated
0.040082,3,-0.000958268,-0.236233,0.0,0.0,0.0,0.0,0.0,0.0,0.0,0.0,0.878906,0.0,0.00674,0.13537,Nothing,seated
0.0525291,4,-0.000958268,-0.236233,0.0,0.0,0.0,0.0,0.0,0.0,0.0,0.0,0.878906,0.0,0.00674,0.13537,Nothing,seated
0.0633302,5,-0.00191719,-0.236233,0.0,0.0,0.0,0.0,0.0,0.0,0.0,0.0,0.878906,0.0,0.00674,0.13537,Nothing,seated
0.0742061,6,-0.00191719,-0.232207,0.0,0.0,0.0,0.0,0.0,0.0,0.0,0.0,0.878906,0.0,0.00674,0.13537,Nothing,seated
0.0880742,7,-0.00479347,-0.232207,0.0,0.0,0.0,0.0,0.0,0.0,0.0,0.0,0.878906,0.0,0.00674,0.13537,Nothing,seated
0.098948,8,-0.000958268,-0.232207,0.0,0.0,0.0,0.0,0.0,0.0,0.0,0.0,0.878906,0.0,0.00674,0.13537,Nothing,seated
0.111514,9,-0.000958268,-0.231248,0.0,0.0,0.0,0.0,0.0,0.0,0.0,0.0,0.878906,0.0,0.00674,0.13537,Nothing,seated
0.123375,10,1.74846e-07,-0.231248,0.0,0.0,0.0,0.0,0.0,0.0,0.0,0.0,0.878906,0.0,0.00674,0.13537,Nothing,seated
0.13672,11,1.74846e-07,-0.232207,0.0,0.0,0.0,0.0,0.0,0.0,0.0,0.0,0.878906,0.0,0.00674,0.13537,Nothing,seated
0.147876,12,-0.00191719,-0.235274,0.0,0.0,0.0,0.0,0.0,0.0,0.0,0.0,0.878906,0.0,0.00674,0.13537,Nothing,seated
0.163725,13,-0.00191719,-0.234316,0.0,0.0,0.0,0.0,0.0,0.0,0.0,0.0,0.878906,0.0,0.00674,0.13537,Nothing,seated
0.178325,14,0.00306815,-0.234316,0.0,0.0,0.0,0.0,0.0,0.0,0.0,0.0,0.703125,-2.63102,0.00674,0.13537,Nothing,seated
0.192825,15,-0.00191719,-0.237384,0.0,0.0,0.0,0.0,0.0,0.0,0.0,0.0,0.703125,-2.53105,0.00674,0.13537,Nothing,seated
0.204331,16,-0.000958268,-0.234316,0.0,0.0,0.0,0.0,0.0,0.0,0.0,0.0,0.703125,-2.59989,0.00674,0.13537,Nothing,seated
0.214731,17,-0.000958268,-0.234316,0.0,0.0,0.0,0.0,0.0,0.0,0.0,0.0,0.703125,-2.62929,0.00674,0.13537,Nothing,seated
0.225945,18,-0.000958268,-0.234316,0.0,0.0,0.0,0.0,0.0,0.0,0.0,0.0,0.703125,-2.82516,0.00674,0.13537,Nothing,seated
0.236518,19,1.74846e-07,-0.237384,0.0,0.0,0.0,0.0,0.0,0.0,0.0,0.0,0.703125,0.0,0.00674,0.13537,Nothing,seated
0.246818,20,1.74846e-07,-0.237384,0.0,0.0,0.0,0.0,0.0,0.0,0.0,0.0,0.703125,0.0,0.00674,0.13537,Nothing,seated
0.257831,21,-0.00191719,-0.235274,0.0,0.0,0.0,0.0,0.0,0.0,0.0,0.0,0.703125,0.0,0.00674,0.13537,Nothing,seated
0.268949,22,-0.00191719,-0.233357,0.0,0.0,0.0,0.0,0.0,0.0,0.0,0.0,0.703125,0.0,0.00674,0.13537,Nothing,seated
0.279014,23,1.74846e-07,-0.233357,0.0,0.0,0.0,0.0,0.0,0.0,0.0,0.0,0.703125,0.0,0.00674,0.13537,Nothing,seated
0.289324,24,1.74846e-07,-0.232207,0.0,0.0,0.0,0.0,0.0,0.0,0.0,0.0,0.703125,0.0,0.00674,0.13537,Nothing,seated
0.301235,25,-0.00287611,-0.232207,0.0,0.0,0.0,0.0,0.0,0.0,0.0,0.0,0.703125,0.0,0.00674,0.13537,Nothing,seated
0.312324,26,0.00690335,-0.233357,0.0,0.0,0.0,0.0,0.0,0.0,0.0,0.0,0.703125,0.0,0.00674,0.13537,Nothing,seated
0.322393,27,0.00690335,-0.233357,0.0,0.0,0.0,0.0,0.0,0.0,0.0,0.0,0.703125,0.0,0.00674,0.13537,Nothing,seated
0.33246,28,0.00402706,-0.232207,0.0,0.0,0.0,0.0,0.0,0.0,0.0,0.0,0.703125,0.0,0.00674,0.13537,Nothing,seated
0.343948,29,0.00402706,-0.237192,0.0,0.0,0.0,0.0,0.0,0.0,0.0,0.0,0.703125,0.0,0.00674,0.13537,Nothing,seated
0.356517,30,1.74846e-07,-0.237192,0.0,0.0,0.0,0.0,0.0,0.0,0.0,0.0,0.703125,0.0,0.00674,0.13537,Nothing,seated
0.369439,31,0.00115078,-0.237384,0.0,0.0,0.0,0.0,0.0,0.0,0.0,0.0,0.703125,0.0,0.00674,0.13537,Nothing,seated
0.379834,32,0.00115078,-0.237384,0.0,0.0,0.0,0.0,0.0,0.0,0.0,0.0,0.703125,0.0,0.00674,0.13537,Nothing,seated
0.3917,33,0.00498551,-0.235274,0.0,0.0,0.0,0.0,0.0,0.0,0.0,0.0,0.703125,0.0,0.00674,0.13537,Nothing,seated
0.403202,34,0.00498551,-0.235274,0.0,0.0,0.0,0.0,0.0,0.0,0.0,0.0,0.703125,0.0,0.00674,0.13537,Nothing,seated
0.413271,35,0.00210923,-0.232207,0.0,0.0,0.0,0.0,0.0,0.0,0.0,0.0,0.703125,0.0,0.00674,0.13537,Nothing,seated
0.423574,36,0.00210923,-0.232207,0.0,0.0,0.0,0.0,0.0,0.0,0.0,0.0,0.703125,0.0,0.00674,0.13537,Nothing,seated
0.436353,37,0.00210923,-0.232207,0.0,0.0,0.0,0.0,0.0,0.0,0.0,0.0,0.703125,0.0,0.00674,0.13537,Nothing,seated
0.447065,38,0.00210923,-0.237384,0.0,0.0,0.0,0.0,0.0,0.0,0.0,0.0,0.703125,0.0,0.00674,0.13537,Nothing,seated
0.457516,39,0.00210923,-0.237384,0.0,0.0,0.0,0.0,0.0,0.0,0.0,0.0,0.703125,0.0,0.00674,0.13537,Nothing,seated
0.46907,40,0.00210923,-0.237384,0.0,0.0,0.0,0.0,0.0,0.0,0.0,0.0,0.703125,0.0,0.00674,0.13537,Nothing,seated
0.479941,41,0.00402706,-0.237384,0.0,0.0,0.0,0.0,0.0,0.0,0.0,0.0,0.703125,0.0,0.00674,0.13537,Nothing,seated
0.493198,42,0.00402706,-0.238342,0.0,0.0,0.0,0.0,0.0,0.0,0.0,0.0,0.527344,-3.09229,0.00674,0.13537,Nothing,seated
0.504204,43,0.00402706,-0.238342,0.0,0.0,0.0,0.0,0.0,0.0,0.0,0.0,0.527344,-3.07638,0.00674,0.13537,Nothing,seated
0.515725,44,0.00115078,-0.235274,0.0,0.0,0.0,0.0,0.0,0.0,0.0,0.0,0.527344,-3.01983,0.00674,0.13537,Nothing,seated
0.529429,45,0.00115078,-0.235274,0.0,0.0,0.0,0.0,0.0,0.0,0.0,0.0,0.527344,-2.91226,0.00674,0.13537,Nothing,seated
0.540068,46,0.00306815,-0.235274,0.0,0.0,0.0,0.0,0.0,0.0,0.0,0.0,0.527344,-2.9235,0.00674,0.13537,Nothing,seated
0.550107,47,0.00306815,-0.232207,0.0,0.0,0.0,0.0,0.0,0.0,0.0,0.0,0.527344,0.0,0.00674,0.13537,Nothing,seated
0.560163,48,0.00115078,-0.232207,0.0,0.0,0.0,0.0,0.0,0.0,0.0,0.0,0.527344,0.0,0.00674,0.13537,Nothing,seated
0.572328,49,1.74846e-07,-0.237384,0.0,0.0,0.0,0.0,0.0,0.0,0.0,0.0,0.527344,0.0,0.00674,0.13537,Nothing,seated
0.583071,50,1.74846e-07,-0.237384,0.0,0.0,0.0,0.0,0.0,0.0,0.0,0.0,0.527344,0.0,0.00674,0.13537,Nothing,seated
0.596201,51,-0.000958268,-0.239301,0.0,0.0,0.0,0.0,0.0,0.0,0.0,0.0,0.527344,0.0,0.00674,0.13537,Nothing,seated
0.606823,52,-0.000958268,-0.239301,0.0,0.0,0.0,0.0,0.0,0.0,0.0,0.0,0.527344,0.0,0.00674,0.13537,Nothing,seated
0.617029,53,0.00402706,-0.236233,0.0,0.0,0.0,0.0,0.0,0.0,0.0,0.0,0.527344,0.0,0.00674,0.13537,Nothing,seated
0.627324,54,0.00402706,-0.236233,0.0,0.0,0.0,0.0,0.0,0.0,0.0,0.0,0.527344,0.0,0.00674,0.13537,Nothing,seated
0.637518,55,0.00402706,-0.235274,0.0,0.0,0.0,0.0,0.0,0.0,0.0,0.0,0.527344,0.0,0.00674,0.13537,Nothing,seated
0.649945,56,1.74846e-07,-0.235274,0.0,0.0,0.0,0.0,0.0,0.0,0.0,0.0,0.527344,0.0,0.00674,0.13537,Nothing,seated
0.661071,57,0.00115078,-0.237384,0.0,0.0,0.0,0.0,0.0,0.0,0.0,0.0,0.527344,0.0,0.00674,0.13537,Nothing,seated
0.672326,58,0.00115078,-0.237384,0.0,0.0,0.0,0.0,0.0,0.0,0.0,0.0,0.527344,0.0,0.00674,0.13537,Nothing,seated
0.685414,59,-0.00191719,-0.237384,0.0,0.0,0.0,0.0,0.0,0.0,0.0,0.0,0.527344,0.0,0.00674,0.13537,Nothing,seated
0.697851,60,-0.00191719,-0.237192,0.0,0.0,0.0,0.0,0.0,0.0,0.0,0.0,0.527344,0.0,0.00674,0.13537,Nothing,seated
0.71244,61,-0.00191719,-0.237192,0.0,0.0,0.0,0.0,0.0,0.0,0.0,0.0,0.527344,0.0,0.00674,0.13537,Nothing,seated
0.722729,62,-0.000958268,-0.239301,0.0,0.0,0.0,0.0,0.0,0.0,0.0,0.0,0.527344,0.0,0.00674,0.13537,Nothing,seated
0.733205,63,-0.000958268,-0.239301,0.0,0.0,0.0,0.0,0.0,0.0,0.0,0.0,0.527344,0.0,0.00674,0.13537,Nothing,seated
0.745613,64,1.74846e-07,-0.235274,0.0,0.0,0.0,0.0,0.0,0.0,0.0,0.0,0.527344,0.0,0.00674,0.13537,Nothing,seated
0.757729,65,1.74846e-07,-0.233357,0.0,0.0,0.0,0.0,0.0,0.0,0.0,0.0,0.527344,0.0,0.00674,0.13537,Nothing,seated
0.772433,66,-0.000958268,-0.233357,0.0,0.0,0.0,0.0,0.0,0.0,0.0,0.0,0.527344,0.0,0.00674,0.13537,Nothing,seated
0.784701,67,0.00210923,-0.235274,0.0,0.0,0.0,0.0,0.0,0.0,0.0,0.0,0.527344,0.0,0.00674,0.13537,Nothing,seated
0.798837,68,0.00210923,-0.22818,0.0,0.0,0.0,0.0,0.0,0.0,0.0,0.0,0.527344,0.0,0.00674,0.13537,Nothing,seated
0.810722,69,0.00594443,-0.22818,0.0,0.0,0.0,0.0,0.0,0.0,0.0,0.0,0.527344,0.0,0.00674,0.13537,Nothing,seated
0.822331,70,0.00402706,-0.234316,0.0,0.0,0.0,0.0,0.0,0.0,0.0,0.0,0.351562,-2.72098,0.00674,0.13537,Nothing,seated
0.833728,71,0.00402706,-0.234316,0.0,0.0,0.0,0.0,0.0,0.0,0.0,0.0,0.351562,-2.86779,0.00674,0.13537,Nothing,seated
0.849365,72,0.00594443,-0.237384,0.0,0.0,0.0,0.0,0.0,0.0,0.0,0.0,0.351562,-2.71838,0.00674,0.13537,Nothing,seated
0.861724,73,-0.00191719,-0.235274,0.0,0.0,0.0,0.0,0.0,0.0,0.0,0.0,0.351562,-2.79519,0.00674,0.13537,Nothing,seated
0.876948,74,-0.00191719,-0.235274,0.0,0.0,0.0,0.0,0.0,0.0,0.0,0.0,0.351562,-2.65426,0.00674,0.13537,Nothing,seated
0.887829,75,-0.00575239,-0.236233,0.0,0.0,0.0,0.0,0.0,0.0,0.0,0.0,0.351562,0.0,0.00674,0.13537,Nothing,seated
0.898946,76,-0.00575239,-0.233357,0.0,0.0,0.0,0.0,0.0,0.0,0.0,0.0,0.351562,0.0,0.00674,0.13537,Nothing,seated
0.913516,77,-0.00191719,-0.233357,0.0,0.0,0.0,0.0,0.0,0.0,0.0,0.0,0.351562,0.0,0.00674,0.13537,Nothing,seated
0.924436,78,1.74846e-07,-0.232207,0.0,0.0,0.0,0.0,0.0,0.0,0.0,0.0,0.351562,0.0,0.00674,0.13537,Nothing,seated
0.937074,79,1.74846e-07,-0.232207,0.0,0.0,0.0,0.0,0.0,0.0,0.0,0.0,0.351562,0.0,0.00674,0.13537,Nothing,seated
0.947947,80,-0.00287611,-0.237192,0.0,0.0,0.0,0.0,0.0,0.0,0.0,0.0,0.351562,0.0,0.00674,0.13537,Nothing,seated
0.958946,81,-0.00287611,-0.235274,0.0,0.0,0.0,0.0,0.0,0.0,0.0,0.0,0.351562,0.0,0.00674,0.13537,Nothing,seated
0.972311,82,0.00115078,-0.235274,0.0,0.0,0.0,0.0,0.0,0.0,0.0,0.0,0.351562,0.0,0.00674,0.13537,Nothing,seated
0.985346,83,0.00210923,-0.233357,0.0,0.0,0.0,0.0,0.0,0.0,0.0,0.0,0.351562,0.0,0.00674,0.13537,Nothing,seated
0.998956,84,0.00210923,-0.230289,0.0,0.0,0.0,0.0,0.0,0.0,0.0,0.0,0.351562,0.0,0.00674,0.13537,Nothing,seated
1.01221,85,0.00115078,-0.230289,0.0,0.0,0.0,0.0,0.0,0.0,0.0,0.0,0.351562,0.0,0.00674,0.13537,Nothing,seated
1.02285,86,0.00115078,-0.235274,0.0,0.0,0.0,0.0,0.0,0.0,0.0,0.0,0.351562,0.0,0.00674,0.13537,Nothing,seated
1.03307,87,0.00115078,-0.235274,0.0,0.0,0.0,0.0,0.0,0.0,0.0,0.0,0.351562,0.0,0.00674,0.13537,Nothing,seated
1.04314,88,0.00498551,-0.239301,0.0,0.0,0.0,0.0,0.0,0.0,0.0,0.0,0.351562,0.0,0.00674,0.13537,Nothing,seated
1.05373,89,0.00498551,-0.239301,0.0,0.0,0.0,0.0,0.0,0.0,0.0,0.0,0.351562,0.0,0.00674,0.13537,Nothing,seated
1.06512,90,0.00498551,-0.239301,0.0,0.0,0.0,0.0,0.0,0.0,0.0,0.0,0.351562,0.0,0.00674,0.13537,Nothing,seated
1.07673,91,1.74846e-07,-0.237192,0.0,0.0,0.0,0.0,0.0,0.0,0.0,0.0,0.351562,0.0,0.00674,0.13537,Nothing,seated
1.08895,92,1.74846e-07,-0.233357,0.0,0.0,0.0,0.0,0.0,0.0,0.0,0.0,0.351562,0.0,0.00674,0.13537,Nothing,seated
1.10007,93,0.00402706,-0.233357,0.0,0.0,0.0,0.0,0.0,0.0,0.0,0.0,0.351562,0.0,0.00674,0.13537,Nothing,seated
1.11195,94,0.00306815,-0.237384,0.0,0.0,0.0,0.0,0.0,0.0,0.0,0.0,0.351562,0.0,0.00674,0.13537,Nothing,seated
1.12294,95,0.00306815,-0.237384,0.0,0.0,0.0,0.0,0.0,0.0,0.0,0.0,0.351562,0.0,0.00674,0.13537,Nothing,seated
1.13346,96,-0.000958268,-0.237384,0.0,0.0,0.0,0.0,0.0,0.0,0.0,0.0,0.351562,0.0,0.00674,0.13537,Nothing,seated
1.14353,97,-0.000958268,-0.237384,0.0,0.0,0.0,0.0,0.0,0.0,0.0,0.0,0.351562,0.0,0.00674,0.13537,Nothing,seated
1.15507,98,0.00306815,-0.239301,0.0,0.0,0.0,0.0,0.0,0.0,0.0,0.0,0.351562,0.0,0.00674,0.13537,Nothing,seated
1.16652,99,0.00306815,-0.239301,0.0,0.0,0.0,0.0,0.0,0.0,0.0,0.0,0.351562,0.0,0.00674,0.13537,Nothing,seated
1.17744,100,-0.000958268,-0.236233,0.0,0.0,0.0,0.0,0.0,0.0,0.0,0.0,0.351562,0.0,0.00674,0.13537,Nothing,seated
1.18872,101,-0.000958268,-0.233357,0.0,0.0,0.0,0.0,0.0,0.0,0.0,0.0,0.351562,0.0,0.00674,0.13537,Nothing,seated
1.2012,102,1.74846e-07,-0.233357,0.0,0.0,0.0,0.0,0.0,0.0,0.0,0.0,0.351562,0.0,0.00674,0.13537,Nothing,seated
1.21435,103,-0.00191719,-0.237384,0.0,0.0,0.0,0.0,0.0,0.0,0.0,0.0,0.351562,0.0,0.00674,0.13537,Nothing,seated
1.22483,104,-0.00191719,-0.237384,0.0,0.0,0.0,0.0,0.0,0.0,0.0,0.0,0.351562,0.0,0.00674,0.13537,Nothing,seated
1.23633,105,-0.00479347,-0.235274,0.0,0.0,0.0,0.0,0.0,0.0,0.0,0.0,0.351562,0.0,0.00674,0.13537,Nothing,seated
1.24709,106,-0.00479347,-0.235274,0.0,0.0,0.0,0.0,0.0,0.0,0.0,0.0,0.351562,0.0,0.00674,0.13537,Nothing,seated
1.25715,107,0.00210923,-0.236233,0.0,0.0,0.0,0.0,0.0,0.0,0.0,0.0,0.351562,0.0,0.00674,0.13537,Nothing,seated
1.26722,108,0.00210923,-0.236233,0.0,0.0,0.0,0.0,0.0,0.0,0.0,0.0,0.351562,0.0,0.00674,0.13537,Nothing,seated
1.27794,109,-0.00191719,-0.24026,0.0,0.0,0.0,0.0,0.0,0.0,0.0,0.0,0.351562,0.0,0.00674,0.13537,Nothing,seated
1.29194,110,-0.00191719,-0.238342,0.0,0.0,0.0,0.0,0.0,0.0,0.0,0.0,0.351562,0.0,0.00674,0.13537,Nothing,seated
1.30336,111,-0.00383455,-0.238342,0.0,0.0,0.0,0.0,0.0,0.0,0.0,0.0,0.351562,0.0,0.00674,0.13537,Nothing,seated
1.31344,112,-0.00383455,-0.239301,0.0,0.0,0.0,0.0,0.0,0.0,0.0,0.0,0.351562,0.0,0.00674,0.13537,Nothing,seated
1.32383,113,-0.00383455,-0.239301,0.0,0.0,0.0,0.0,0.0,0.0,0.0,0.0,0.351562,0.0,0.00674,0.13537,Nothing,seated
1.33573,114,0.00115078,-0.235274,0.0,0.0,0.0,0.0,0.0,0.0,0.0,0.0,0.351562,0.0,0.00674,0.13537,Nothing,seated
1.3476,115,0.00115078,-0.235274,0.0,0.0,0.0,0.0,0.0,0.0,0.0,0.0,0.351562,0.0,0.00674,0.13537,Nothing,seated
1.3577,116,1.74846e-07,-0.237384,0.0,0.0,0.0,0.0,0.0,0.0,0.0,0.0,0.351562,0.0,0.00674,0.13537,Nothing,seated
1.3681,117,0.000191863,-0.237192,0.0,0.0,0.0,0.0,0.0,0.0,0.0,0.0,0.351562,0.0,0.00674,0.13537,Nothing,seated
1.37873,118,-0.00191719,-0.236233,0.0,0.0,0.0,0.0,0.0,0.0,0.0,0.0,0.351562,0.0,0.00674,0.13537,Nothing,seated
1.39221,119,1.74846e-07,-0.236233,0.0,0.0,0.0,0.0,0.0,0.0,0.0,0.0,0.351562,0.0,0.00674,0.13537,Nothing,seated
1.40283,120,1.74846e-07,-0.236233,0.0,0.0,0.0,0.0,0.0,0.0,0.0,0.0,0.351562,0.0,0.00674,0.13537,Nothing,seated
1.41895,121,0.00115078,-0.24026,0.0,0.0,0.0,0.0,0.0,0.0,0.0,0.0,0.351562,0.0,0.00674,0.13537,Nothing,seated
1.43075,122,0.00115078,-0.235274,0.0,0.0,0.0,0.0,0.0,0.0,0.0,0.0,0.351562,0.0,0.00674,0.13537,Nothing,seated
1.44283,123,-0.00191719,-0.235274,0.0,0.0,0.0,0.0,0.0,0.0,0.0,0.0,0.351562,0.0,0.00674,0.13537,Nothing,seated
1.45533,124,0.00115078,-0.232207,0.0,0.0,0.0,0.0,0.0,0.0,0.0,0.0,0.351562,0.0,0.00674,0.13537,Nothing,seated
1.46721,125,0.00115078,-0.232207,0.0,0.0,0.0,0.0,0.0,0.0,0.0,0.0,0.351562,0.0,0.00674,0.13537,Nothing,seated
1.47807,126,-0.00191719,-0.235274,0.0,0.0,0.0,0.0,0.0,0.0,0.0,0.0,0.351562,0.0,0.00674,0.13537,Nothing,seated
1.48814,127,-0.00191719,-0.235274,0.0,0.0,0.0,0.0,0.0,0.0,0.0,0.0,0.351562,0.0,0.00674,0.13537,Nothing,seated
1.49822,128,-0.00191719,-0.235274,0.0,0.0,0.0,0.0,0.0,0.0,0.0,0.0,0.351562,0.0,0.00674,0.13537,Nothing,seated
1.50933,129,-0.000958268,-0.235274,0.0,0.0,0.0,0.0,0.0,0.0,0.0,0.0,0.351562,0.0,0.00674,0.13537,Nothing,seated
1.52152,130,-0.000958268,-0.236233,0.0,0.0,0.0,0.0,0.0,0.0,0.0,0.0,0.351562,0.0,0.00674,0.13537,Nothing,seated
1.53283,131,-0.00191719,-0.234316,0.0,0.0,0.0,0.0,0.0,0.0,0.0,0.0,0.527344,3.2102,0.00674,0.13537,Nothing,seated
1.54408,132,-0.000958268,-0.234316,0.0,0.0,0.0,0.0,0.0,0.0,0.0,0.0,0.527344,3.14278,0.00674,0.13537,Nothing,seated
1.55552,133,-0.000958268,-0.234316,0.0,0.0,0.0,0.0,0.0,0.0,0.0,0.0,0.527344,3.06783,0.00674,0.13537,Nothing,seated
1.56583,134,-0.000958268,-0.237384,0.0,0.0,0.0,0.0,0.0,0.0,0.0,0.0,0.527344,3.11073,0.00674,0.13537,Nothing,seated
1.5762,135,-0.000958268,-0.237384,0.0,0.0,0.0,0.0,0.0,0.0,0.0,0.0,0.527344,3.2145,0.00674,0.13537,Nothing,seated
1.58757,136,-0.00575239,-0.237192,0.0,0.0,0.0,0.0,0.0,0.0,0.0,0.0,0.527344,0.0,0.00674,0.13537,Nothing,seated
1.59782,137,0.00306815,-0.237192,0.0,0.0,0.0,0.0,0.0,0.0,0.0,0.0,0.527344,0.0,0.00674,0.13537,Nothing,seated
1.60807,138,0.00306815,-0.237192,0.0,0.0,0.0,0.0,0.0,0.0,0.0,0.0,0.527344,0.0,0.00674,0.13537,Nothing,seated
1.61895,139,0.00306815,-0.237192,0.0,0.0,0.0,0.0,0.0,0.0,0.0,0.0,0.527344,0.0,0.00674,0.13537,Nothing,seated
1.62982,140,1.74846e-07,-0.238342,0.0,0.0,0.0,0.0,0.0,0.0,0.0,0.0,0.527344,0.0,0.00674,0.13537,Nothing,seated
1.63995,141,1.74846e-07,-0.238342,0.0,0.0,0.0,0.0,0.0,0.0,0.0,0.0,0.527344,0.0,0.00674,0.13537,Nothing,seated
1.65001,142,-0.000958268,-0.234316,0.0,0.0,0.0,0.0,0.0,0.0,0.0,0.0,0.527344,0.0,0.00674,0.13537,Nothing,seated
1.66044,143,-0.000958268,-0.234316,0.0,0.0,0.0,0.0,0.0,0.0,0.0,0.0,0.527344,0.0,0.00674,0.13537,Nothing,seated
1.67051,144,1.74846e-07,-0.238342,0.0,0.0,0.0,0.0,0.0,0.0,0.0,0.0,0.527344,0.0,0.00674,0.13537,Nothing,seated
1.68144,145,1.74846e-07,-0.237384,0.0,0.0,0.0,0.0,0.0,0.0,0.0,0.0,0.527344,0.0,0.00674,0.13537,Nothing,seated
1.69233,146,1.74846e-07,-0.237384,0.0,0.0,0.0,0.0,0.0,0.0,0.0,0.0,0.527344,0.0,0.00674,0.13537,Nothing,seated
1.70352,147,0.00115078,-0.233357,0.0,0.0,0.0,0.0,0.0,0.0,0.0,0.0,0.527344,0.0,0.00674,0.13537,Nothing,seated
1.71844,148,0.00115078,-0.238342,0.0,0.0,0.0,0.0,0.0,0.0,0.0,0.0,0.527344,0.0,0.00674,0.13537,Nothing,seated
1.73423,149,-0.00191719,-0.238342,0.0,0.0,0.0,0.0,0.0,0.0,0.0,0.0,0.527344,0.0,0.00674,0.13537,Nothing,seated
1.7447,150,0.00210923,-0.237384,0.0,0.0,0.0,0.0,0.0,0.0,0.0,0.0,0.527344,0.0,0.00674,0.13537,Nothing,seated
1.7582,151,0.00210923,-0.237384,0.0,0.0,0.0,0.0,0.0,0.0,0.0,0.0,0.527344,0.0,0.00674,0.13537,Nothing,seated
1.76883,152,0.00402706,-0.238342,0.0,0.0,0.0,0.0,0.0,0.0,0.0,0.0,0.527344,0.0,0.00674,0.13537,Nothing,seated
1.77994,153,0.00402706,-0.235274,0.0,0.0,0.0,0.0,0.0,0.0,0.0,0.0,0.527344,0.0,0.00674,0.13537,Nothing,seated
1.79244,154,-0.000958268,-0.235274,0.0,0.0,0.0,0.0,0.0,0.0,0.0,0.0,0.527344,0.0,0.00674,0.13537,Nothing,seated
1.80295,155,-0.000958268,-0.235274,0.0,0.0,0.0,0.0,0.0,0.0,0.0,0.0,0.527344,0.0,0.00674,0.13537,Nothing,seated
1.81432,156,-0.00191719,-0.235274,0.0,0.0,0.0,0.0,0.0,0.0,0.0,0.0,0.527344,0.0,0.00674,0.13537,Nothing,seated
1.82507,157,0.00115078,-0.238342,0.0,0.0,0.0,0.0,0.0,0.0,0.0,0.0,0.527344,0.0,0.00674,0.13537,Nothing,seated
1.83554,158,0.00115078,-0.238342,0.0,0.0,0.0,0.0,0.0,0.0,0.0,0.0,0.527344,0.0,0.00674,0.13537,Nothing,seated
1.84633,159,0.00306815,-0.235274,0.0,0.0,0.0,0.0,0.0,0.0,0.0,0.0,0.527344,0.0,0.00674,0.13537,Nothing,seated
1.85639,160,0.00306815,-0.235274,0.0,0.0,0.0,0.0,0.0,0.0,0.0,0.0,0.527344,0.0,0.00674,0.13537,Nothing,seated
1.86646,161,0.00498551,-0.237384,0.0,0.0,0.0,0.0,0.0,0.0,0.0,0.0,0.527344,0.0,0.00674,0.13537,Nothing,seated
1.87653,162,0.00498551,-0.237384,0.0,0.0,0.0,0.0,0.0,0.0,0.0,0.0,0.527344,0.0,0.00674,0.13537,Nothing,seated
1.88895,163,0.00498551,-0.235274,0.0,0.0,0.0,0.0,0.0,0.0,0.0,0.0,0.527344,0.0,0.00674,0.13537,Nothing,seated
1.90051,164,0.00498551,-0.237384,0.0,0.0,0.0,0.0,0.0,0.0,0.0,0.0,0.527344,0.0,0.00674,0.13537,Nothing,seated
1.91282,165,0.00210923,-0.237384,0.0,0.0,0.0,0.0,0.0,0.0,0.0,0.0,0.527344,0.0,0.00674,0.13537,Nothing,seated
1.92495,166,-0.00191719,-0.236233,0.0,0.0,0.0,0.0,0.0,0.0,0.0,0.0,0.527344,0.0,0.00674,0.13537,Nothing,seated
1.93683,167,-0.00191719,-0.236233,0.0,0.0,0.0,0.0,0.0,0.0,0.0,0.0,0.527344,0.0,0.00674,0.13537,Nothing,seated
1.94883,168,0.00115078,-0.232207,0.0,0.0,0.0,0.0,0.0,0.0,0.0,0.0,0.703125,2.93551,0.00674,0.13537,Nothing,seated
1.96145,169,0.00115078,-0.236233,0.0,0.0,0.0,0.0,0.0,0.0,0.0,0.0,0.703125,2.88479,0.00674,0.13537,Nothing,seated
1.974,170,-0.000958268,-0.236233,0.0,0.0,0.0,0.0,0.0,0.0,0.0,0.0,0.703125,2.87328,0.00674,0.13537,Nothing,seated
1.98496,171,1.74846e-07,-0.236233,0.0,0.0,0.0,0.0,0.0,0.0,0.0,0.0,0.703125,2.92925,0.00674,0.13537,Nothing,seated
1.99652,172,1.74846e-07,-0.239301,0.0,0.0,0.0,0.0,0.0,0.0,0.0,0.0,0.703125,2.94486,0.00674,0.13537,Nothing,seated
2.00883,173,1.74846e-07,-0.239301,0.0,0.0,0.0,0.0,0.0,0.0,0.0,0.0,0.703125,0.0,0.00674,0.13537,Nothing,seated
2.02008,174,1.74846e-07,-0.234316,0.0,0.0,0.0,0.0,0.0,0.0,0.0,0.0,0.703125,0.0,0.00674,0.13537,Nothing,seated
2.03042,175,1.74846e-07,-0.234316,0.0,0.0,0.0,0.0,0.0,0.0,0.0,0.0,0.703125,0.0,0.00674,0.13537,Nothing,seated
2.04049,176,-0.00287611,-0.237384,0.0,0.0,0.0,0.0,0.0,0.0,0.0,0.0,0.703125,0.0,0.00674,0.13537,Nothing,seated
2.05233,177,-0.00287611,-0.237384,0.0,0.0,0.0,0.0,0.0,0.0,0.0,0.0,0.703125,0.0,0.00674,0.13537,Nothing,seated
2.06273,178,0.00115078,-0.237384,0.0,0.0,0.0,0.0,0.0,0.0,0.0,0.0,0.703125,0.0,0.00674,0.13537,Nothing,seated
2.07295,179,0.00115078,-0.237384,0.0,0.0,0.0,0.0,0.0,0.0,0.0,0.0,0.703125,0.0,0.00674,0.13537,Nothing,seated
2.08361,180,1.74846e-07,-0.237384,0.0,0.0,0.0,0.0,0.0,0.0,0.0,0.0,0.703125,0.0,0.00674,0.13537,Nothing,seated
2.09572,181,-0.00287611,-0.235274,0.0,0.0,0.0,0.0,0.0,0.0,0.0,0.0,0.703125,0.0,0.00674,0.13537,Nothing,seated
2.11221,182,-0.00287611,-0.234316,0.0,0.0,0.0,0.0,0.0,0.0,0.0,0.0,0.703125,0.0,0.00674,0.13537,Nothing,seated
2.12283,183,-0.000958268,-0.234316,0.0,0.0,0.0,0.0,0.0,0.0,0.0,0.0,0.703125,0.0,0.00674,0.13537,Nothing,seated
2.13307,184,-0.000958268,-0.236233,0.0,0.0,0.0,0.0,0.0,0.0,0.0,0.0,0.703125,0.0,0.00674,0.13537,Nothing,seated
2.14344,185,-0.000958268,-0.236233,0.0,0.0,0.0,0.0,0.0,0.0,0.0,0.0,0.703125,0.0,0.00674,0.13537,Nothing,seated
2.15784,186,-0.00191719,-0.235274,0.0,0.0,0.0,0.0,0.0,0.0,0.0,0.0,0.703125,0.0,0.00674,0.13537,Nothing,seated
2.16933,187,-0.00191719,-0.235274,0.0,0.0,0.0,0.0,0.0,0.0,0.0,0.0,0.703125,0.0,0.00674,0.13537,Nothing,seated
2.18022,188,1.74846e-07,-0.237384,0.0,0.0,0.0,0.0,0.0,0.0,0.0,0.0,0.703125,0.0,0.00674,0.13537,Nothing,seated
2.1946,189,1.74846e-07,-0.238342,0.0,0.0,0.0,0.0,0.0,0.0,0.0,0.0,0.703125,0.0,0.00674,0.13537,Nothing,seated
2.20733,190,-0.00191719,-0.238342,0.0,0.0,0.0,0.0,0.0,0.0,0.0,0.0,0.703125,0.0,0.00674,0.13537,Nothing,seated
2.22007,191,-0.000958268,-0.234316,0.0,0.0,0.0,0.0,0.0,0.0,0.0,0.0,0.703125,0.0,0.00674,0.13537,Nothing,seated
2.23344,192,-0.000958268,-0.238342,0.0,0.0,0.0,0.0,0.0,0.0,0.0,0.0,0.703125,0.0,0.00674,0.13537,Nothing,seated
2.24495,193,1.74846e-07,-0.238342,0.0,0.0,0.0,0.0,0.0,0.0,0.0,0.0,0.703125,0.0,0.00674,0.13537,Nothing,seated
2.25633,194,1.74846e-07,-0.234316,0.0,0.0,0.0,0.0,0.0,0.0,0.0,0.0,0.703125,0.0,0.00674,0.13537,Nothing,seated
2.2664,195,1.74846e-07,-0.234316,0.0,0.0,0.0,0.0,0.0,0.0,0.0,0.0,0.703125,0.0,0.00674,0.13537,Nothing,seated
2.27695,196,0.00306815,-0.238342,0.0,0.0,0.0,0.0,0.0,0.0,0.0,0.0,0.703125,0.0,0.00674,0.13537,Nothing,seated
2.2877,197,0.00306815,-0.238342,0.0,0.0,0.0,0.0,0.0,0.0,0.0,0.0,0.703125,0.0,0.00674,0.13537,Nothing,seated
2.29895,198,0.00210923,-0.235274,0.0,0.0,0.0,0.0,0.0,0.0,0.0,0.0,0.703125,0.0,0.00674,0.13537,Nothing,seated
2.31252,199,0.00210923,-0.235274,0.0,0.0,0.0,0.0,0.0,0.0,0.0,0.0,0.703125,0.0,0.00674,0.13537,Nothing,seated
2.32295,200,-0.00191719,-0.235274,0.0,0.0,0.0,0.0,0.0,0.0,0.0,0.0,0.703125,0.0,0.00674,0.13537,Nothing,seated
2.33421,201,-0.00191719,-0.237384,0.0,0.0,0.0,0.0,0.0,0.0,0.0,0.0,0.703125,0.0,0.00674,0.13537,Nothing,seated
2.34633,202,-0.00191719,-0.237384,0.0,0.0,0.0,0.0,0.0,0.0,0.0,0.0,0.703125,0.0,0.00674,0.13537,Nothing,seated
2.35673,203,-0.00191719,-0.232207,0.0,0.0,0.0,0.0,0.0,0.0,0.0,0.0,0.703125,0.0,0.00674,0.13537,Nothing,seated
2.36701,204,-0.00191719,-0.232207,0.0,0.0,0.0,0.0,0.0,0.0,0.0,0.0,0.703125,0.0,0.00674,0.13537,Nothing,seated
2.37708,205,1.74846e-07,-0.237384,0.0,0.0,0.0,0.0,0.0,0.0,0.0,0.0,0.703125,0.0,0.00674,0.13537,Nothing,seated
2.38803,206,1.74846e-07,-0.237384,0.0,0.0,0.0,0.0,0.0,0.0,0.0,0.0,0.703125,0.0,0.00674,0.13537,Nothing,seated
2.39921,207,0.00210923,-0.237384,0.0,0.0,0.0,0.0,0.0,0.0,0.0,0.0,0.703125,0.0,0.00674,0.13537,Nothing,seated
2.41082,208,0.00210923,-0.239301,0.0,0.0,0.0,0.0,0.0,0.0,0.0,0.0,0.703125,0.0,0.00674,0.13537,Nothing,seated
2.42395,209,1.74846e-07,-0.237192,0.0,0.0,0.0,0.0,0.0,0.0,0.0,0.0,0.703125,0.0,0.00674,0.13537,Nothing,seated
2.43783,210,0.00115078,-0.237384,0.0,0.0,0.0,0.0,0.0,0.0,0.0,0.0,0.703125,0.0,0.00674,0.13537,Nothing,seated
2.45183,211,0.00115078,-0.235274,0.0,0.0,0.0,0.0,0.0,0.0,0.0,0.0,0.703125,0.0,0.00674,0.13537,Nothing,seated
2.46367,212,-0.00191719,-0.235274,0.0,0.0,0.0,0.0,0.0,0.0,0.0,0.0,0.703125,0.0,0.00674,0.13537,Nothing,seated
2.47533,213,-0.00191719,-0.235274,0.0,0.0,0.0,0.0,0.0,0.0,0.0,0.0,0.703125,0.0,0.00674,0.13537,Nothing,seated
2.48644,214,-0.00383455,-0.236233,0.0,0.0,0.0,0.0,0.0,0.0,0.0,0.0,0.703125,0.0,0.00674,0.13537,Nothing,seated
2.49651,215,-0.00383455,-0.236233,0.0,0.0,0.0,0.0,0.0,0.0,0.0,0.0,0.703125,0.0,0.00674,0.13537,Nothing,seated
2.5072,216,1.74846e-07,-0.235274,0.0,0.0,0.0,0.0,0.0,0.0,0.0,0.0,0.703125,0.0,0.00674,0.13537,Nothing,seated
2.51852,217,1.74846e-07,-0.235274,0.0,0.0,0.0,0.0,0.0,0.0,0.0,0.0,0.703125,0.0,0.00674,0.13537,Nothing,seated
2.52883,218,-0.000958268,-0.235274,0.0,0.0,0.0,0.0,0.0,0.0,0.0,0.0,0.703125,0.0,0.00674,0.13537,Nothing,seated
2.54194,219,-0.000958268,-0.237384,0.0,0.0,0.0,0.0,0.0,0.0,0.0,0.0,0.703125,0.0,0.00674,0.13537,Nothing,seated
2.55333,220,0.00115078,-0.237384,0.0,0.0,0.0,0.0,0.0,0.0,0.0,0.0,0.703125,0.0,0.00674,0.13537,Nothing,seated
2.5634,221,0.00115078,-0.236233,0.0,0.0,0.0,0.0,0.0,0.0,0.0,0.0,0.703125,0.0,0.00674,0.13537,Nothing,seated
2.57558,222,0.00115078,-0.236233,0.0,0.0,0.0,0.0,0.0,0.0,0.0,0.0,0.703125,0.0,0.00674,0.13537,Nothing,seated
2.58633,223,0.00115078,-0.235274,0.0,0.0,0.0,0.0,0.0,0.0,0.0,0.0,0.703125,0.0,0.00674,0.13537,Nothing,seated
2.59643,224,1.74846e-07,-0.235274,0.0,0.0,0.0,0.0,0.0,0.0,0.0,0.0,0.703125,0.0,0.00674,0.13537,Nothing,seated
2.6065,225,1.74846e-07,-0.237384,0.0,0.0,0.0,0.0,0.0,0.0,0.0,0.0,0.703125,0.0,0.00674,0.13537,Nothing,seated
2.62052,226,0.00115078,-0.237384,0.0,0.0,0.0,0.0,0.0,0.0,0.0,0.0,0.703125,0.0,0.00674,0.13537,Nothing,seated
2.63221,227,0.00115078,-0.234316,0.0,0.0,0.0,0.0,0.0,0.0,0.0,0.0,0.703125,0.0,0.00674,0.13537,Nothing,seated
2.64407,228,0.00115078,-0.237384,0.0,0.0,0.0,0.0,0.0,0.0,0.0,0.0,0.703125,0.0,0.00674,0.13537,Nothing,seated
2.65633,229,0.00306815,-0.237384,0.0,0.0,0.0,0.0,0.0,0.0,0.0,0.0,0.703125,0.0,0.00674,0.13537,Nothing,seated
2.66692,230,0.00306815,-0.236233,0.0,0.0,0.0,0.0,0.0,0.0,0.0,0.0,0.703125,0.0,0.00674,0.13537,Nothing,seated
2.67744,231,1.74846e-07,-0.236233,0.0,0.0,0.0,0.0,0.0,0.0,0.0,0.0,0.703125,0.0,0.00674,0.13537,Nothing,seated
2.68751,232,-0.000958268,-0.237384,0.0,0.0,0.0,0.0,0.0,0.0,0.0,0.0,0.703125,0.0,0.00674,0.13537,Nothing,seated
2.69874,233,-0.000958268,-0.237384,0.0,0.0,0.0,0.0,0.0,0.0,0.0,0.0,0.703125,0.0,0.00674,0.13537,Nothing,seated
2.71194,234,0.00402706,-0.235274,0.0,0.0,0.0,0.0,0.0,0.0,0.0,0.0,0.703125,0.0,0.00674,0.13537,Nothing,seated
2.72552,235,0.00402706,-0.237384,0.0,0.0,0.0,0.0,0.0,0.0,0.0,0.0,0.703125,0.0,0.00674,0.13537,Nothing,seated
2.73644,236,0.00402706,-0.237384,0.0,0.0,0.0,0.0,0.0,0.0,0.0,0.0,0.703125,0.0,0.00674,0.13537,Nothing,seated
2.74672,237,-0.00191719,-0.237384,0.0,0.0,0.0,0.0,0.0,0.0,0.0,0.0,0.703125,0.0,0.00674,0.13537,Nothing,seated
2.75784,238,-0.00191719,-0.237384,0.0,0.0,0.0,0.0,0.0,0.0,0.0,0.0,0.703125,0.0,0.00674,0.13537,Nothing,seated
2.76808,239,-0.00287611,-0.237192,0.0,0.0,0.0,0.0,0.0,0.0,0.0,0.0,0.703125,0.0,0.00674,0.13537,Nothing,seated
2.77815,240,-0.00287611,-0.237192,0.0,0.0,0.0,0.0,0.0,0.0,0.0,0.0,0.703125,0.0,0.00674,0.13537,Nothing,seated
2.78821,241,1.74846e-07,-0.234316,0.0,0.0,0.0,0.0,0.0,0.0,0.0,0.0,0.703125,0.0,0.00674,0.13537,Nothing,seated
2.79827,242,1.74846e-07,-0.234316,0.0,0.0,0.0,0.0,0.0,0.0,0.0,0.0,0.703125,0.0,0.00674,0.13537,Nothing,seated
2.80834,243,0.00115078,-0.231248,0.0,0.0,0.0,0.0,0.0,0.0,0.0,0.0,0.703125,0.0,0.00674,0.13537,Nothing,seated
2.81841,244,0.00115078,-0.231248,0.0,0.0,0.0,0.0,0.0,0.0,0.0,0.0,0.703125,0.0,0.00674,0.13537,Nothing,seated
2.82848,245,0.00210923,-0.231248,0.0,0.0,0.0,0.0,0.0,0.0,0.0,0.0,0.703125,0.0,0.00674,0.13537,Nothing,seated
2.83874,246,0.00210923,-0.235274,0.0,0.0,0.0,0.0,0.0,0.0,0.0,0.0,0.703125,0.0,0.00674,0.13537,Nothing,seated
2.84884,247,1.74846e-07,-0.234316,0.0,0.0,0.0,0.0,0.0,0.0,0.0,0.0,0.703125,0.0,0.00674,0.13537,Nothing,seated
2.86007,248,1.74846e-07,-0.235274,0.0,0.0,0.0,0.0,0.0,0.0,0.0,0.0,0.703125,0.0,0.00674,0.13537,Nothing,seated
2.87433,249,-0.000958268,-0.235274,0.0,0.0,0.0,0.0,0.0,0.0,0.0,0.0,0.703125,0.0,0.00674,0.13537,Nothing,seated
2.88683,250,1.74846e-07,-0.235274,0.0,0.0,0.0,0.0,0.0,0.0,0.0,0.0,0.527344,-3.01243,0.00674,0.13537,Nothing,seated
2.89849,251,1.74846e-07,-0.235274,0.0,0.0,0.0,0.0,0.0,0.0,0.0,0.0,0.527344,-2.94171,0.00674,0.13537,Nothing,seated
2.9087,252,1.74846e-07,-0.235274,0.0,0.0,0.0,0.0,0.0,0.0,0.0,0.0,0.527344,-2.93649,0.00674,0.13537,Nothing,seated
2.91952,253,-0.000958268,-0.236233,0.0,0.0,0.0,0.0,0.0,0.0,0.0,0.0,0.527344,-2.957,0.00674,0.13537,Nothing,seated
2.93295,254,-0.000958268,-0.233357,0.0,0.0,0.0,0.0,0.0,0.0,0.0,0.0,0.527344,-2.99896,0.00674,0.13537,Nothing,seated
2.94644,255,-0.00191719,-0.233357,0.0,0.0,0.0,0.0,0.0,0.0,0.0,0.0,0.527344,0.0,0.00674,0.13537,Nothing,seated
2.95945,256,1.74846e-07,-0.236233,0.0,0.0,0.0,0.0,0.0,0.0,0.0,0.0,0.527344,0.0,0.00674,0.13537,Nothing,seated
2.96983,257,1.74846e-07,-0.236233,0.0,0.0,0.0,0.0,0.0,0.0,0.0,0.0,0.527344,0.0,0.00674,0.13537,Nothing,seated
2.98034,258,0.00306815,-0.234316,0.0,0.0,0.0,0.0,0.0,0.0,0.0,0.0,0.527344,0.0,0.00674,0.13537,Nothing,seated
2.99041,259,0.00306815,-0.234316,0.0,0.0,0.0,0.0,0.0,0.0,0.0,0.0,0.527344,0.0,0.00674,0.13537,Nothing,seated
3.00195,260,1.74846e-07,-0.233357,0.0,0.0,0.0,0.0,0.0,0.0,0.0,0.0,0.527344,0.0,0.00674,0.13537,Nothing,seated
3.01339,261,1.74846e-07,-0.233357,0.0,0.0,0.0,0.0,0.0,0.0,0.0,0.0,0.527344,0.0,0.00674,0.13537,Nothing,seated
3.02347,262,1.74846e-07,-0.237384,0.0,0.0,0.0,0.0,0.0,0.0,0.0,0.0,0.527344,0.0,0.00674,0.13537,Nothing,seated
3.03353,263,1.74846e-07,-0.235274,0.0,0.0,0.0,0.0,0.0,0.0,0.0,0.0,0.527344,0.0,0.00674,0.13537,Nothing,seated
3.04656,264,-0.00191719,-0.235274,0.0,0.0,0.0,0.0,0.0,0.0,0.0,0.0,0.527344,0.0,0.00674,0.13537,Nothing,seated
3.05957,265,1.74846e-07,-0.237384,0.0,0.0,0.0,0.0,0.0,0.0,0.0,0.0,0.527344,0.0,0.00674,0.13537,Nothing,seated
3.0697,266,1.74846e-07,-0.237384,0.0,0.0,0.0,0.0,0.0,0.0,0.0,0.0,0.527344,0.0,0.00674,0.13537,Nothing,seated
3.08048,267,-0.00191719,-0.237384,0.0,0.0,0.0,0.0,0.0,0.0,0.0,0.0,0.527344,0.0,0.00674,0.13537,Nothing,seated
3.09055,268,-0.00191719,-0.237384,0.0,0.0,0.0,0.0,0.0,0.0,0.0,0.0,0.527344,0.0,0.00674,0.13537,Nothing,seated
3.10273,269,-0.00383455,-0.234316,0.0,0.0,0.0,0.0,0.0,0.0,0.0,0.0,0.527344,0.0,0.00674,0.13537,Nothing,seated
3.11595,270,-0.000958268,-0.235274,0.0,0.0,0.0,0.0,0.0,0.0,0.0,0.0,0.527344,0.0,0.00674,0.13537,Nothing,seated
3.12847,271,-0.000958268,-0.235274,0.0,0.0,0.0,0.0,0.0,0.0,0.0,0.0,0.527344,0.0,0.00674,0.13537,Nothing,seated
3.13908,272,-0.000958268,-0.233357,0.0,0.0,0.0,0.0,0.0,0.0,0.0,0.0,0.527344,0.0,0.00674,0.13537,Nothing,seated
3.15258,273,-0.000958268,-0.237384,0.0,0.0,0.0,0.0,0.0,0.0,0.0,0.0,0.527344,0.0,0.00674,0.13537,Nothing,seated
3.16652,274,1.74846e-07,-0.237384,0.0,0.0,0.0,0.0,0.0,0.0,0.0,0.0,0.527344,0.0,0.00674,0.13537,Nothing,seated
3.17773,275,-0.00191719,-0.237384,0.0,0.0,0.0,0.0,0.0,0.0,0.0,0.0,0.527344,0.0,0.00674,0.13537,Nothing,seated
3.18857,276,-0.00383455,-0.233357,0.0,0.0,0.0,0.0,0.0,0.0,0.0,0.0,0.527344,0.0,0.00674,0.13537,Nothing,seated
3.21908,277,-0.00191719,-0.234316,0.0,0.0,0.0,0.0,0.0,0.0,0.0,0.0,0.527344,0.0,0.00674,0.13537,Nothing,seated
3.23379,278,-0.00191719,-0.235274,0.0,0.0,0.0,0.0,0.0,0.0,0.0,0.0,0.527344,0.0,0.00674,0.13537,Nothing,seated
3.24676,279,-0.00479347,-0.235274,0.0,0.0,0.0,0.0,0.0,0.0,0.0,0.0,0.527344,0.0,0.00674,0.13537,Nothing,seated
3.25852,280,-0.000958268,-0.236233,0.0,0.0,0.0,0.0,0.0,0.0,0.0,0.0,0.527344,0.0,0.00674,0.13537,Nothing,seated
3.26944,281,-0.000958268,-0.236233,0.0,0.0,0.0,0.0,0.0,0.0,0.0,0.0,0.527344,0.0,0.00674,0.13537,Nothing,seated
3.27951,282,1.74846e-07,-0.236233,0.0,0.0,0.0,0.0,0.0,0.0,0.0,0.0,0.527344,0.0,0.00674,0.13537,Nothing,seated
3.29273,283,1.74846e-07,-0.236233,0.0,0.0,0.0,0.0,0.0,0.0,0.0,0.0,0.527344,0.0,0.00674,0.13537,Nothing,seated
3.30452,284,0.00115078,-0.237384,0.0,0.0,0.0,0.0,0.0,0.0,0.0,0.0,0.527344,0.0,0.00674,0.13537,Nothing,seated
3.31857,285,0.00115078,-0.238342,0.0,0.0,0.0,0.0,0.0,0.0,0.0,0.0,0.527344,0.0,0.00674,0.13537,Nothing,seated
3.32943,286,-0.000958268,-0.238342,0.0,0.0,0.0,0.0,0.0,0.0,0.0,0.0,0.527344,0.0,0.00674,0.13537,Nothing,seated
3.34044,287,0.00306815,-0.233357,0.0,0.0,0.0,0.0,0.0,0.0,0.0,0.0,0.527344,0.0,0.00674,0.13537,Nothing,seated
3.35295,288,0.00306815,-0.237384,0.0,0.0,0.0,0.0,0.0,0.0,0.0,0.0,0.527344,0.0,0.00674,0.13537,Nothing,seated
3.36697,289,0.00210923,-0.237384,0.0,0.0,0.0,0.0,0.0,0.0,0.0,0.0,0.351562,-2.81471,0.00674,0.13537,Nothing,seated
3.37795,290,0.00210923,-0.237384,0.0,0.0,0.0,0.0,0.0,0.0,0.0,0.0,0.351562,-2.96057,0.00674,0.13537,Nothing,seated
3.38843,291,0.00210923,-0.234316,0.0,0.0,0.0,0.0,0.0,0.0,0.0,0.0,0.351562,-2.9794,0.00674,0.13537,Nothing,seated
3.39904,292,-0.000958268,-0.234316,0.0,0.0,0.0,0.0,0.0,0.0,0.0,0.0,0.351562,-2.99948,0.00674,0.13537,Nothing,seated
3.41152,293,-0.000958268,-0.234316,0.0,0.0,0.0,0.0,0.0,0.0,0.0,0.0,0.351562,-3.00116,0.00674,0.13537,Nothing,seated
3.42157,294,-0.000958268,-0.234316,0.0,0.0,0.0,0.0,0.0,0.0,0.0,0.0,0.351562,0.0,0.00674,0.13537,Nothing,seated
3.43284,295,0.00210923,-0.237384,0.0,0.0,0.0,0.0,0.0,0.0,0.0,0.0,0.351562,0.0,0.00674,0.13537,Nothing,seated
3.44395,296,0.00210923,-0.235274,0.0,0.0,0.0,0.0,0.0,0.0,0.0,0.0,0.351562,0.0,0.00674,0.13537,Nothing,seated
3.45676,297,1.74846e-07,-0.235274,0.0,0.0,0.0,0.0,0.0,0.0,0.0,0.0,0.351562,0.0,0.00674,0.13537,Nothing,seated
3.47245,298,0.00210923,-0.235274,0.0,0.0,0.0,0.0,0.0,0.0,0.0,0.0,0.351562,0.0,0.00674,0.13537,Nothing,seated
3.48507,299,0.00210923,-0.237384,0.0,0.0,0.0,0.0,0.0,0.0,0.0,0.0,0.351562,0.0,0.00674,0.13537,Nothing,seated
3.49663,300,0.00115078,-0.237384,0.0,0.0,0.0,0.0,0.0,0.0,0.0,0.0,0.351562,0.0,0.00674,0.13537,Nothing,seated
3.50695,301,0.00115078,-0.234316,0.0,0.0,0.0,0.0,0.0,0.0,0.0,0.0,0.351562,0.0,0.00674,0.13537,Nothing,seated
3.51707,302,1.74846e-07,-0.234316,0.0,0.0,0.0,0.0,0.0,0.0,0.0,0.0,0.351562,0.0,0.00674,0.13537,Nothing,seated
3.52714,303,1.74846e-07,-0.236233,0.0,0.0,0.0,0.0,0.0,0.0,0.0,0.0,0.351562,0.0,0.00674,0.13537,Nothing,seated
3.53782,304,0.00210923,-0.236233,0.0,0.0,0.0,0.0,0.0,0.0,0.0,0.0,0.351562,0.0,0.00674,0.13537,Nothing,seated
3.54895,305,0.00115078,-0.238342,0.0,0.0,0.0,0.0,0.0,0.0,0.0,0.0,0.351562,0.0,0.00674,0.13537,Nothing,seated
3.56052,306,0.00115078,-0.238342,0.0,0.0,0.0,0.0,0.0,0.0,0.0,0.0,0.351562,0.0,0.00674,0.13537,Nothing,seated
3.57345,307,1.74846e-07,-0.237384,0.0,0.0,0.0,0.0,0.0,0.0,0.0,0.0,0.351562,0.0,0.00674,0.13537,Nothing,seated
3.58395,308,1.74846e-07,-0.237384,0.0,0.0,0.0,0.0,0.0,0.0,0.0,0.0,0.351562,0.0,0.00674,0.13537,Nothing,seated
3.59543,309,0.00115078,-0.237384,0.0,0.0,0.0,0.0,0.0,0.0,0.0,0.0,0.351562,0.0,0.00674,0.13537,Nothing,seated
3.60721,310,0.00115078,-0.236233,0.0,0.0,0.0,0.0,0.0,0.0,0.0,0.0,0.351562,0.0,0.00674,0.13537,Nothing,seated
3.61833,311,0.00306815,-0.236233,0.0,0.0,0.0,0.0,0.0,0.0,0.0,0.0,0.351562,0.0,0.00674,0.13537,Nothing,seated
3.62852,312,0.00306815,-0.237384,0.0,0.0,0.0,0.0,0.0,0.0,0.0,0.0,0.351562,0.0,0.00674,0.13537,Nothing,seated
3.64044,313,1.74846e-07,-0.237384,0.0,0.0,0.0,0.0,0.0,0.0,0.0,0.0,0.351562,0.0,0.00674,0.13537,Nothing,seated
3.65244,314,1.74846e-07,-0.236233,0.0,0.0,0.0,0.0,0.0,0.0,0.0,0.0,0.351562,0.0,0.00674,0.13537,Nothing,seated
3.66542,315,1.74846e-07,-0.236233,0.0,0.0,0.0,0.0,0.0,0.0,0.0,0.0,0.351562,0.0,0.00674,0.13537,Nothing,seated
3.6782,316,0.00115078,-0.238342,0.0,0.0,0.0,0.0,0.0,0.0,0.0,0.0,0.351562,0.0,0.00674,0.13537,Nothing,seated
3.68952,317,0.00115078,-0.237384,0.0,0.0,0.0,0.0,0.0,0.0,0.0,0.0,0.351562,0.0,0.00674,0.13537,Nothing,seated
3.70052,318,0.00115078,-0.237384,0.0,0.0,0.0,0.0,0.0,0.0,0.0,0.0,0.351562,0.0,0.00674,0.13537,Nothing,seated
3.71382,319,1.74846e-07,-0.234316,0.0,0.0,0.0,0.0,0.0,0.0,0.0,0.0,0.351562,0.0,0.00674,0.13537,Nothing,seated
3.72495,320,1.74846e-07,-0.234316,0.0,0.0,0.0,0.0,0.0,0.0,0.0,0.0,0.351562,0.0,0.00674,0.13537,Nothing,seated
3.73683,321,1.74846e-07,-0.237384,0.0,0.0,0.0,0.0,0.0,0.0,0.0,0.0,0.351562,0.0,0.00674,0.13537,Nothing,seated
3.75234,322,-0.00191719,-0.235274,0.0,0.0,0.0,0.0,0.0,0.0,0.0,0.0,0.351562,0.0,0.00674,0.13537,Nothing,seated
3.76396,323,-0.00191719,-0.233357,0.0,0.0,0.0,0.0,0.0,0.0,0.0,0.0,0.351562,0.0,0.00674,0.13537,Nothing,seated
3.77838,324,-0.000958268,-0.233357,0.0,0.0,0.0,0.0,0.0,0.0,0.0,0.0,0.351562,0.0,0.00674,0.13537,Nothing,seated
3.78983,325,0.00115078,-0.237384,0.0,0.0,0.0,0.0,0.0,0.0,0.0,0.0,0.351562,0.0,0.00674,0.13537,Nothing,seated
3.80108,326,0.00115078,-0.237384,0.0,0.0,0.0,0.0,0.0,0.0,0.0,0.0,0.351562,0.0,0.00674,0.13537,Nothing,seated
3.81221,327,0.00115078,-0.237384,0.0,0.0,0.0,0.0,0.0,0.0,0.0,0.0,0.351562,0.0,0.00674,0.13537,Nothing,seated
3.82352,328,-0.000958268,-0.234316,0.0,0.0,0.0,0.0,0.0,0.0,0.0,0.0,0.351562,0.0,0.00674,0.13537,Nothing,seated
3.83709,329,-0.000958268,-0.237384,0.0,0.0,0.0,0.0,0.0,0.0,0.0,0.0,0.351562,0.0,0.00674,0.13537,Nothing,seated
3.84896,330,0.00115078,-0.237384,0.0,0.0,0.0,0.0,0.0,0.0,0.0,0.0,0.351562,0.0,0.00674,0.13537,Nothing,seated
3.86012,331,0.00115078,-0.237384,0.0,0.0,0.0,0.0,0.0,0.0,0.0,0.0,0.351562,0.0,0.00674,0.13537,Nothing,seated
3.87144,332,0.00115078,-0.237384,0.0,0.0,0.0,0.0,0.0,0.0,0.0,0.0,0.351562,0.0,0.00674,0.13537,Nothing,seated
3.88244,333,-0.000958268,-0.232207,0.0,0.0,0.0,0.0,0.0,0.0,0.0,0.0,0.351562,0.0,0.00674,0.13537,Nothing,seated
3.89272,334,-0.000958268,-0.232207,0.0,0.0,0.0,0.0,0.0,0.0,0.0,0.0,0.351562,0.0,0.00674,0.13537,Nothing,seated
3.90452,335,-0.000958268,-0.238342,0.0,0.0,0.0,0.0,0.0,0.0,0.0,0.0,0.351562,0.0,0.00674,0.13537,Nothing,seated
