0.00181198,0,-0.00191719,-0.0799591,0.0,0.0,0.0,0.0,0.0,0.0,0.0,0.0,9.49219,0.0,0.00674,0.13537,None,seated
0.0144129,1,0.00115078,-0.0799591,0.0,0.0,0.0,0.0,0.0,0.0,0.0,0.0,9.49219,0.0,0.00674,0.13537,Nothing,seated
0.0257399,2,0.00115078,-0.0799591,0.0,0.0,0.0,0.0,0.0,0.0,0.0,0.0,9.49219,0.0,0.00674,0.13537,Nothing,seated
0.0362239,3,0.00306815,-0.0799591,0.0,0.0,0.0,0.0,0.0,0.0,0.0,0.0,9.49219,0.0,0.00674,0.13537,Nothing,seated
0.0485299,4,0.00306815,-0.0761239,0.0,0.0,0.0,0.0,0.0,0.0,0.0,0.0,9.49219,0.0,0.00674,0.13537,Nothing,seated
0.0594599,5,0.00210923,-0.0761239,0.0,0.0,0.0,0.0,0.0,0.0,0.0,0.0,9.49219,0.0,0.00674,0.13537,Nothing,seated
0.0757458,6,0.00210923,-0.0780412,0.0,0.0,0.0,0.0,0.0,0.0,0.0,0.0,9.49219,0.0,0.00674,0.13537,Nothing,seated
0.0888369,7,0.00210923,-0.0770828,0.0,0.0,0.0,0.0,0.0,0.0,0.0,0.0,9.49219,0.0,0.00674,0.13537,Nothing,seated
0.102212,8,0.00786179,-0.0770828,0.0,0.0,0.0,0.0,0.0,0.0,0.0,0.0,9.66797,2.66383,0.00674,0.13537,Nothing,seated
0.115796,9,0.00690335,-0.0770828,0.0,0.0,0.0,0.0,0.0,0.0,0.0,0.0,9.66797,2.61323,0.00674,0.13537,Nothing,seated
0.128328,10,0.00690335,-0.0749733,0.0,0.0,0.0,0.0,0.0,0.0,0.0,0.0,9.66797,2.55244,0.00674,0.13537,Nothing,seated
0.142345,11,0.00690335,-0.0749733,0.0,0.0,0.0,0.0,0.0,0.0,0.0,0.0,9.66797,2.63939,0.00674,0.13537,Nothing,seated
0.154623,12,0.00210923,-0.0711386,0.0,0.0,0.0,0.0,0.0,0.0,0.0,0.0,9.66797,2.67201,0.00674,0.13537,Nothing,seated
0.168068,13,0.0128471,-0.101434,0.0,0.0,0.0,0.0,0.0,0.0,0.0,0.0,9.66797,0.0,0.00674,0.13537,Nothing,seated
0.18221,14,0.0128471,-0.101434,0.0,0.0,0.0,0.0,0.0,0.0,0.0,0.0,9.66797,0.0,0.00674,0.13537,Nothing,seated
0.194533,15,0.00402706,-0.0730559,0.0,0.0,0.0,0.0,0.0,0.0,0.0,0.0,9.66797,0.0,0.00674,0.13537,Nothing,seated
0.206339,16,0.00383538,-0.0732476,0.0,0.0,0.0,0.0,0.0,0.0,0.0,0.0,9.84375,2.74684,0.00674,0.13537,Nothing,seated
0.229335,17,0.00345152,-0.0738231,0.0,0.0,0.0,0.0,0.0,0.0,0.0,0.0,9.84375,2.35279,0.00674,0.13537,Nothing,seated
0.248737,18,0.00230139,-0.0868618,0.0,0.0,0.0,0.0,0.0,0.0,0.0,0.0,9.84375,2.17905,0.00674,0.13537,Nothing,seated
0.282337,19,0.00498551,-0.0799591,0.0,0.0,0.0,0.0,0.0,0.0,0.0,0.0,9.84375,1.75558,0.00674,0.13537,Nothing,seated
0.536449,20,-0.00287611,-0.0749733,0.0,0.0,0.0,0.0,0.0,0.0,0.0,0.0,10.0195,1.02821,0.00674,0.13537,Nothing,seated
0.555447,21,0.00115078,-0.072097,0.0,0.0,0.0,0.0,0.0,0.0,0.0,0.0,10.0195,0.503515,0.00674,0.13537,Nothing,seated
0.57674,22,-0.000958268,-0.072097,0.0,0.0,0.0,0.0,0.0,0.0,0.0,0.0,10.0195,0.505983,0.00674,0.13537,Nothing,seated
0.599399,23,-0.00383455,-0.0770828,0.0,0.0,0.0,0.0,0.0,0.0,0.0,0.0,10.0195,0.501284,0.00674,0.13537,Nothing,seated
0.618539,24,-0.00383455,-0.075165,0.0,0.0,0.0,0.0,0.0,0.0,0.0,0.0,9.84375,0.0,0.00674,0.13537,Nothing,seated
0.629732,25,1.74846e-07,-0.075165,0.0,0.0,0.0,0.0,0.0,0.0,0.0,0.0,9.84375,-1.88439,0.00674,0.13537,Nothing,seated
0.642218,26,-0.00191719,-0.072097,0.0,0.0,0.0,0.0,0.0,0.0,0.0,0.0,9.84375,-2.02581,0.00674,0.13537,Nothing,seated
0.653532,27,-0.00191719,-0.072097,0.0,0.0,0.0,0.0,0.0,0.0,0.0,0.0,9.84375,-2.28906,0.00674,0.13537,Nothing,seated
0.663605,28,-0.00191719,-0.072097,0.0,0.0,0.0,0.0,0.0,0.0,0.0,0.0,9.84375,-2.73776,0.00674,0.13537,Nothing,seated
0.676959,29,-0.00479347,-0.0740148,0.0,0.0,0.0,0.0,0.0,0.0,0.0,0.0,9.84375,0.0,0.00674,0.13537,Nothing,seated
0.689447,30,-0.00287611,-0.0740148,0.0,0.0,0.0,0.0,0.0,0.0,0.0,0.0,9.84375,0.0,0.00674,0.13537,Nothing,seated
0.703748,31,-0.00287611,-0.0740148,0.0,0.0,0.0,0.0,0.0,0.0,0.0,0.0,9.84375,0.0,0.00674,0.13537,Nothing,seated
0.714447,32,0.00402706,-0.072097,0.0,0.0,0.0,0.0,0.0,0.0,0.0,0.0,9.84375,0.0,0.00674,0.13537,Nothing,seated
0.727456,33,0.00115078,-0.0673034,0.0,0.0,0.0,0.0,0.0,0.0,0.0,0.0,9.84375,0.0,0.00674,0.13537,Nothing,seated
0.739083,34,0.00115078,-0.0711386,0.0,0.0,0.0,0.0,0.0,0.0,0.0,0.0,9.84375,0.0,0.00674,0.13537,Nothing,seated
0.75183,35,1.74846e-07,-0.0711386,0.0,0.0,0.0,0.0,0.0,0.0,0.0,0.0,9.84375,0.0,0.00674,0.13537,Nothing,seated
0.763455,36,-0.00191719,-0.0711386,0.0,0.0,0.0,0.0,0.0,0.0,0.0,0.0,9.84375,0.0,0.00674,0.13537,Nothing,seated
0.774493,37,-0.00191719,-0.0711386,0.0,0.0,0.0,0.0,0.0,0.0,0.0,0.0,9.84375,0.0,0.00674,0.13537,Nothing,seated
0.786214,38,0.00210923,-0.0711386,0.0,0.0,0.0,0.0,0.0,0.0,0.0,0.0,9.84375,0.0,0.00674,0.13537,Nothing,seated
0.799211,39,0.00210923,-0.0692212,0.0,0.0,0.0,0.0,0.0,0.0,0.0,0.0,9.84375,0.0,0.00674,0.13537,Nothing,seated
0.813951,40,0.00210923,-0.0651943,0.0,0.0,0.0,0.0,0.0,0.0,0.0,0.0,9.84375,0.0,0.00674,0.13537,Nothing,seated
0.827343,41,-0.000958268,-0.0651943,0.0,0.0,0.0,0.0,0.0,0.0,0.0,0.0,9.84375,0.0,0.00674,0.13537,Nothing,seated
0.838452,42,-0.000958268,-0.0701796,0.0,0.0,0.0,0.0,0.0,0.0,0.0,0.0,9.84375,0.0,0.00674,0.13537,Nothing,seated
0.848536,43,-0.00287611,-0.0770828,0.0,0.0,0.0,0.0,0.0,0.0,0.0,0.0,9.84375,0.0,0.00674,0.13537,Nothing,seated
0.858845,44,-0.00287611,-0.0770828,0.0,0.0,0.0,0.0,0.0,0.0,0.0,0.0,9.84375,0.0,0.00674,0.13537,Nothing,seated
0.869957,45,-0.00287611,-0.072097,0.0,0.0,0.0,0.0,0.0,0.0,0.0,0.0,9.84375,0.0,0.00674,0.13537,Nothing,seated
0.882735,46,-0.00287611,-0.072097,0.0,0.0,0.0,0.0,0.0,0.0,0.0,0.0,9.84375,0.0,0.00674,0.13537,Nothing,seated
0.897082,47,-0.000958268,-0.0730559,0.0,0.0,0.0,0.0,0.0,0.0,0.0,0.0,9.84375,0.0,0.00674,0.13537,Nothing,seated
0.909845,48,-0.000958268,-0.0749733,0.0,0.0,0.0,0.0,0.0,0.0,0.0,0.0,9.84375,0.0,0.00674,0.13537,Nothing,seated
0.925829,49,-0.000958268,-0.0828349,0.0,0.0,0.0,0.0,0.0,0.0,0.0,0.0,9.84375,0.0,0.00674,0.13537,Nothing,seated
0.93896,50,-0.000958268,-0.0828349,0.0,0.0,0.0,0.0,0.0,0.0,0.0,0.0,9.84375,0.0,0.00674,0.13537,Nothing,seated
0.949953,51,-0.000958268,-0.0799591,0.0,0.0,0.0,0.0,0.0,0.0,0.0,0.0,9.84375,0.0,0.00674,0.13537,Nothing,seated
0.96002,52,-0.00575239,-0.0799591,0.0,0.0,0.0,0.0,0.0,0.0,0.0,0.0,9.84375,0.0,0.00674,0.13537,Nothing,seated
0.975449,53,-0.00287611,-0.0740148,0.0,0.0,0.0,0.0,0.0,0.0,0.0,0.0,9.66797,-2.67943,0.00674,0.13537,Nothing,seated
0.987211,54,-0.00383455,-0.0780412,0.0,0.0,0.0,0.0,0.0,0.0,0.0,0.0,9.66797,-2.86372,0.00674,0.13537,Nothing,seated
1.00271,55,-0.00383455,-0.0780412,0.0,0.0,0.0,0.0,0.0,0.0,0.0,0.0,9.66797,-2.75753,0.00674,0.13537,Nothing,seated
1.01334,56,-0.00191719,-0.0809175,0.0,0.0,0.0,0.0,0.0,0.0,0.0,0.0,9.66797,-2.77327,0.00674,0.13537,Nothing,seated
1.02633,57,-0.00191719,-0.0809175,0.0,0.0,0.0,0.0,0.0,0.0,0.0,0.0,9.66797,-2.65086,0.00674,0.13537,Nothing,seated
1.03896,58,1.74846e-07,-0.0818764,0.0,0.0,0.0,0.0,0.0,0.0,0.0,0.0,9.66797,0.0,0.00674,0.13537,Nothing,seated
1.05171,59,1.74846e-07,-0.0818764,0.0,0.0,0.0,0.0,0.0,0.0,0.0,0.0,9.66797,0.0,0.00674,0.13537,Nothing,seated
1.06273,60,1.74846e-07,-0.0818764,0.0,0.0,0.0,0.0,0.0,0.0,0.0,0.0,9.66797,0.0,0.00674,0.13537,Nothing,seated
1.07633,61,1.74846e-07,-0.0663449,0.0,0.0,0.0,0.0,0.0,0.0,0.0,0.0,9.66797,0.0,0.00674,0.13537,Nothing,seated
1.08834,62,1.74846e-07,-0.0651943,0.0,0.0,0.0,0.0,0.0,0.0,0.0,0.0,9.66797,0.0,0.00674,0.13537,Nothing,seated
1.10395,63,-0.000958268,-0.0651943,0.0,0.0,0.0,0.0,0.0,0.0,0.0,0.0,9.66797,0.0,0.00674,0.13537,Nothing,seated
1.11876,64,-0.00191719,-0.0651943,0.0,0.0,0.0,0.0,0.0,0.0,0.0,0.0,9.66797,0.0,0.00674,0.13537,Nothing,seated
1.13196,65,-0.00191719,-0.0651943,0.0,0.0,0.0,0.0,0.0,0.0,0.0,0.0,9.66797,0.0,0.00674,0.13537,Nothing,seated
1.14534,66,-0.00153381,-0.0651943,0.0,0.0,0.0,0.0,0.0,0.0,0.0,0.0,9.49219,-2.54737,0.00674,0.13537,Nothing,seated
1.15717,67,-0.00134212,-0.065386,0.0,0.0,0.0,0.0,0.0,0.0,0.0,0.0,9.49219,-2.55385,0.00674,0.13537,Nothing,seated
1.1676,68,0.00402706,-0.072097,0.0,0.0,0.0,0.0,0.0,0.0,0.0,0.0,9.49219,-2.76181,0.00674,0.13537,Nothing,seated
1.17984,69,1.74846e-07,-0.062318,0.0,0.0,0.0,0.0,0.0,0.0,0.0,0.0,9.49219,-2.87793,0.00674,0.13537,Nothing,seated
1.19085,70,1.74846e-07,-0.062318,0.0,0.0,0.0,0.0,0.0,0.0,0.0,0.0,9.49219,-2.98495,0.00674,0.13537,Nothing,seated
1.20285,71,0.00210923,-0.0682623,0.0,0.0,0.0,0.0,0.0,0.0,0.0,0.0,9.49219,0.0,0.00674,0.13537,Nothing,seated
1.21408,72,0.00210923,-0.0682623,0.0,0.0,0.0,0.0,0.0,0.0,0.0,0.0,9.49219,0.0,0.00674,0.13537,Nothing,seated
1.22708,73,0.00210923,-0.0651943,0.0,0.0,0.0,0.0,0.0,0.0,0.0,0.0,9.49219,0.0,0.00674,0.13537,Nothing,seated
1.24183,74,0.00210923,-0.0673034,0.0,0.0,0.0,0.0,0.0,0.0,0.0,0.0,9.49219,0.0,0.00674,0.13537,Nothing,seated
1.25353,75,0.00210923,-0.0673034,0.0,0.0,0.0,0.0,0.0,0.0,0.0,0.0,9.49219,0.0,0.00674,0.13537,Nothing,seated
1.26595,76,1.74846e-07,-0.0584833,0.0,0.0,0.0,0.0,0.0,0.0,0.0,0.0,9.49219,0.0,0.00674,0.13537,Nothing,seated
1.27645,77,1.74846e-07,-0.0584833,0.0,0.0,0.0,0.0,0.0,0.0,0.0,0.0,9.49219,0.0,0.00674,0.13537,Nothing,seated
1.28708,78,0.00210923,-0.0632769,0.0,0.0,0.0,0.0,0.0,0.0,0.0,0.0,9.49219,0.0,0.00674,0.13537,Nothing,seated
1.30033,79,0.00210923,-0.0584833,0.0,0.0,0.0,0.0,0.0,0.0,0.0,0.0,9.49219,0.0,0.00674,0.13537,Nothing,seated
1.31195,80,0.00498551,-0.0584833,0.0,0.0,0.0,0.0,0.0,0.0,0.0,0.0,9.49219,0.0,0.00674,0.13537,Nothing,seated
1.32645,81,1.74846e-07,-0.0692212,0.0,0.0,0.0,0.0,0.0,0.0,0.0,0.0,9.49219,0.0,0.00674,0.13537,Nothing,seated
1.33934,82,1.74846e-07,-0.0682623,0.0,0.0,0.0,0.0,0.0,0.0,0.0,0.0,9.49219,0.0,0.00674,0.13537,Nothing,seated
1.35093,83,0.00115078,-0.0682623,0.0,0.0,0.0,0.0,0.0,0.0,0.0,0.0,9.49219,0.0,0.00674,0.13537,Nothing,seated
1.36253,84,0.00115078,-0.072097,0.0,0.0,0.0,0.0,0.0,0.0,0.0,0.0,9.49219,0.0,0.00674,0.13537,Nothing,seated
1.37345,85,0.00115078,-0.072097,0.0,0.0,0.0,0.0,0.0,0.0,0.0,0.0,9.49219,0.0,0.00674,0.13537,Nothing,seated
1.38352,86,0.00115078,-0.0749733,0.0,0.0,0.0,0.0,0.0,0.0,0.0,0.0,9.49219,0.0,0.00674,0.13537,Nothing,seated
1.39445,87,0.00115078,-0.0790002,0.0,0.0,0.0,0.0,0.0,0.0,0.0,0.0,9.49219,0.0,0.00674,0.13537,Nothing,seated
1.41495,88,0.00210923,-0.0790002,0.0,0.0,0.0,0.0,0.0,0.0,0.0,0.0,9.49219,0.0,0.00674,0.13537,Nothing,seated
1.42844,89,0.00115078,-0.0730559,0.0,0.0,0.0,0.0,0.0,0.0,0.0,0.0,9.66797,2.66711,0.00674,0.13537,Nothing,seated
1.44199,90,0.00115078,-0.0730559,0.0,0.0,0.0,0.0,0.0,0.0,0.0,0.0,9.66797,2.56462,0.00674,0.13537,Nothing,seated
1.45283,91,1.74846e-07,-0.0730559,0.0,0.0,0.0,0.0,0.0,0.0,0.0,0.0,9.66797,2.53608,0.00674,0.13537,Nothing,seated
1.46283,92,1.74846e-07,-0.072097,0.0,0.0,0.0,0.0,0.0,0.0,0.0,0.0,9.66797,2.57035,0.00674,0.13537,Nothing,seated
1.4729,93,-0.00191719,-0.072097,0.0,0.0,0.0,0.0,0.0,0.0,0.0,0.0,9.66797,3.03338,0.00674,0.13537,Nothing,seated
1.48308,94,-0.00191719,-0.0740148,0.0,0.0,0.0,0.0,0.0,0.0,0.0,0.0,9.66797,0.0,0.00674,0.13537,Nothing,seated
1.49353,95,0.00115078,-0.0740148,0.0,0.0,0.0,0.0,0.0,0.0,0.0,0.0,9.66797,0.0,0.00674,0.13537,Nothing,seated
1.50945,96,0.00115078,-0.0770828,0.0,0.0,0.0,0.0,0.0,0.0,0.0,0.0,9.66797,0.0,0.00674,0.13537,Nothing,seated
1.52234,97,0.00115078,-0.0740148,0.0,0.0,0.0,0.0,0.0,0.0,0.0,0.0,9.66797,0.0,0.00674,0.13537,Nothing,seated
1.53495,98,1.74846e-07,-0.0740148,0.0,0.0,0.0,0.0,0.0,0.0,0.0,0.0,9.66797,0.0,0.00674,0.13537,Nothing,seated
1.55024,99,0.00306815,-0.0740148,0.0,0.0,0.0,0.0,0.0,0.0,0.0,0.0,9.66797,0.0,0.00674,0.13537,Nothing,seated
1.56273,100,1.74846e-07,-0.0730559,0.0,0.0,0.0,0.0,0.0,0.0,0.0,0.0,9.66797,0.0,0.00674,0.13537,Nothing,seated
1.57474,101,1.74846e-07,-0.0730559,0.0,0.0,0.0,0.0,0.0,0.0,0.0,0.0,9.66797,0.0,0.00674,0.13537,Nothing,seated
1.58921,102,-0.00191719,-0.0711386,0.0,0.0,0.0,0.0,0.0,0.0,0.0,0.0,9.66797,0.0,0.00674,0.13537,Nothing,seated
1.602,103,0.00115078,-0.0730559,0.0,0.0,0.0,0.0,0.0,0.0,0.0,0.0,9.66797,0.0,0.00674,0.13537,Nothing,seated
1.61701,104,0.00115078,-0.0692212,0.0,0.0,0.0,0.0,0.0,0.0,0.0,0.0,9.66797,0.0,0.00674,0.13537,Nothing,seated
1.63274,105,0.00115078,-0.0692212,0.0,0.0,0.0,0.0,0.0,0.0,0.0,0.0,9.66797,0.0,0.00674,0.13537,Nothing,seated
1.64653,106,0.00498551,-0.0730559,0.0,0.0,0.0,0.0,0.0,0.0,0.0,0.0,9.66797,0.0,0.00674,0.13537,Nothing,seated
1.65734,107,0.00498551,-0.0730559,0.0,0.0,0.0,0.0,0.0,0.0,0.0,0.0,9.66797,0.0,0.00674,0.13537,Nothing,seated
1.66845,108,0.00306815,-0.0711386,0.0,0.0,0.0,0.0,0.0,0.0,0.0,0.0,9.66797,0.0,0.00674,0.13537,Nothing,seated
1.68253,109,-0.00191719,-0.0673034,0.0,0.0,0.0,0.0,0.0,0.0,0.0,0.0,9.66797,0.0,0.00674,0.13537,Nothing,seated
1.69422,110,-0.00191719,-0.0673034,0.0,0.0,0.0,0.0,0.0,0.0,0.0,0.0,9.66797,0.0,0.00674,0.13537,Nothing,seated
1.70574,111,-0.00191719,-0.0673034,0.0,0.0,0.0,0.0,0.0,0.0,0.0,0.0,9.66797,0.0,0.00674,0.13537,Nothing,seated
1.71764,112,-0.000958268,-0.0673034,0.0,0.0,0.0,0.0,0.0,0.0,0.0,0.0,9.66797,0.0,0.00674,0.13537,Nothing,seated
1.73034,113,-0.000958268,-0.0711386,0.0,0.0,0.0,0.0,0.0,0.0,0.0,0.0,9.66797,0.0,0.00674,0.13537,Nothing,seated
1.74395,114,-0.000958268,-0.0730559,0.0,0.0,0.0,0.0,0.0,0.0,0.0,0.0,9.66797,0.0,0.00674,0.13537,Nothing,seated
1.76273,115,0.00115078,-0.0730559,0.0,0.0,0.0,0.0,0.0,0.0,0.0,0.0,9.66797,0.0,0.00674,0.13537,Nothing,seated
1.77496,116,0.00115078,-0.0749733,0.0,0.0,0.0,0.0,0.0,0.0,0.0,0.0,9.66797,0.0,0.00674,0.13537,Nothing,seated
1.78693,117,-0.00191719,-0.0749733,0.0,0.0,0.0,0.0,0.0,0.0,0.0,0.0,9.66797,0.0,0.00674,0.13537,Nothing,seated
1.79733,118,-0.00191719,-0.0730559,0.0,0.0,0.0,0.0,0.0,0.0,0.0,0.0,9.66797,0.0,0.00674,0.13537,Nothing,seated
1.80784,119,-0.000958268,-0.0730559,0.0,0.0,0.0,0.0,0.0,0.0,0.0,0.0,9.66797,0.0,0.00674,0.13537,Nothing,seated
1.81796,120,-0.000958268,-0.0749733,0.0,0.0,0.0,0.0,0.0,0.0,0.0,0.0,9.66797,0.0,0.00674,0.13537,Nothing,seated
1.83008,121,-0.000958268,-0.0749733,0.0,0.0,0.0,0.0,0.0,0.0,0.0,0.0,9.66797,0.0,0.00674,0.13537,Nothing,seated
1.84345,122,-0.000958268,-0.0749733,0.0,0.0,0.0,0.0,0.0,0.0,0.0,0.0,9.66797,0.0,0.00674,0.13537,Nothing,seated
1.85873,123,-0.00191719,-0.0740148,0.0,0.0,0.0,0.0,0.0,0.0,0.0,0.0,9.66797,0.0,0.00674,0.13537,Nothing,seated
1.86954,124,-0.00191719,-0.0770828,0.0,0.0,0.0,0.0,0.0,0.0,0.0,0.0,9.66797,0.0,0.00674,0.13537,Nothing,seated
1.88284,125,0.00115078,-0.0770828,0.0,0.0,0.0,0.0,0.0,0.0,0.0,0.0,9.66797,0.0,0.00674,0.13537,Nothing,seated
1.89473,126,-0.00191719,-0.0711386,0.0,0.0,0.0,0.0,0.0,0.0,0.0,0.0,9.66797,0.0,0.00674,0.13537,Nothing,seated
1.90622,127,-0.000958268,-0.0730559,0.0,0.0,0.0,0.0,0.0,0.0,0.0,0.0,9.66797,0.0,0.00674,0.13537,Nothing,seated
1.92571,128,-0.000958268,-0.0761239,0.0,0.0,0.0,0.0,0.0,0.0,0.0,0.0,9.66797,0.0,0.00674,0.13537,Nothing,seated
1.94296,129,1.74846e-07,-0.0761239,0.0,0.0,0.0,0.0,0.0,0.0,0.0,0.0,9.66797,0.0,0.00674,0.13537,Nothing,seated
1.95621,130,1.74846e-07,-0.0749733,0.0,0.0,0.0,0.0,0.0,0.0,0.0,0.0,9.66797,0.0,0.00674,0.13537,Nothing,seated
1.96795,131,1.74846e-07,-0.0749733,0.0,0.0,0.0,0.0,0.0,0.0,0.0,0.0,9.66797,0.0,0.00674,0.13537,Nothing,seated
1.97958,132,-0.000958268,-0.0740148,0.0,0.0,0.0,0.0,0.0,0.0,0.0,0.0,9.66797,0.0,0.00674,0.13537,Nothing,seated
1.99034,133,0.00115078,-0.0692212,0.0,0.0,0.0,0.0,0.0,0.0,0.0,0.0,9.66797,0.0,0.00674,0.13537,Nothing,seated
2.00771,134,0.00115078,-0.0761239,0.0,0.0,0.0,0.0,0.0,0.0,0.0,0.0,9.66797,0.0,0.00674,0.13537,Nothing,seated
2.02321,135,-0.000958268,-0.0761239,0.0,0.0,0.0,0.0,0.0,0.0,0.0,0.0,9.66797,0.0,0.00674,0.13537,Nothing,seated
2.03496,136,0.00115078,-0.0790002,0.0,0.0,0.0,0.0,0.0,0.0,0.0,0.0,9.66797,0.0,0.00674,0.13537,Nothing,seated
2.05008,137,0.00115078,-0.0790002,0.0,0.0,0.0,0.0,0.0,0.0,0.0,0.0,9.66797,0.0,0.00674,0.13537,Nothing,seated
2.06234,138,-0.000958268,-0.0740148,0.0,0.0,0.0,0.0,0.0,0.0,0.0,0.0,9.66797,0.0,0.00674,0.13537,Nothing,seated
2.07434,139,-0.000958268,-0.0730559,0.0,0.0,0.0,0.0,0.0,0.0,0.0,0.0,9.66797,0.0,0.00674,0.13537,Nothing,seated
2.08784,140,0.00210923,-0.0730559,0.0,0.0,0.0,0.0,0.0,0.0,0.0,0.0,9.66797,0.0,0.00674,0.13537,Nothing,seated
2.09858,141,-0.000958268,-0.0730559,0.0,0.0,0.0,0.0,0.0,0.0,0.0,0.0,9.66797,0.0,0.00674,0.13537,Nothing,seated
2.10953,142,-0.000958268,-0.0730559,0.0,0.0,0.0,0.0,0.0,0.0,0.0,0.0,9.66797,0.0,0.00674,0.13537,Nothing,seated
2.12308,143,0.00210923,-0.0770828,0.0,0.0,0.0,0.0,0.0,0.0,0.0,0.0,9.66797,0.0,0.00674,0.13537,Nothing,seated
2.13454,144,0.00210923,-0.072097,0.0,0.0,0.0,0.0,0.0,0.0,0.0,0.0,9.66797,0.0,0.00674,0.13537,Nothing,seated
2.14808,145,0.00115078,-0.0692212,0.0,0.0,0.0,0.0,0.0,0.0,0.0,0.0,9.66797,0.0,0.00674,0.13537,Nothing,seated
2.16434,146,-0.00191719,-0.0692212,0.0,0.0,0.0,0.0,0.0,0.0,0.0,0.0,9.66797,0.0,0.00674,0.13537,Nothing,seated
2.17696,147,-0.00287611,-0.0682623,0.0,0.0,0.0,0.0,0.0,0.0,0.0,0.0,9.66797,0.0,0.00674,0.13537,Nothing,seated
2.18808,148,-0.00287611,-0.0682623,0.0,0.0,0.0,0.0,0.0,0.0,0.0,0.0,9.66797,0.0,0.00674,0.13537,Nothing,seated
2.20183,149,-0.00191719,-0.0692212,0.0,0.0,0.0,0.0,0.0,0.0,0.0,0.0,9.66797,0.0,0.00674,0.13537,Nothing,seated
2.21284,150,-0.00191719,-0.0749733,0.0,0.0,0.0,0.0,0.0,0.0,0.0,0.0,9.66797,0.0,0.00674,0.13537,Nothing,seated
2.22473,151,1.74846e-07,-0.0749733,0.0,0.0,0.0,0.0,0.0,0.0,0.0,0.0,9.66797,0.0,0.00674,0.13537,Nothing,seated
2.23871,152,1.74846e-07,-0.0740148,0.0,0.0,0.0,0.0,0.0,0.0,0.0,0.0,9.66797,0.0,0.00674,0.13537,Nothing,seated
2.25253,153,0.00210923,-0.0740148,0.0,0.0,0.0,0.0,0.0,0.0,0.0,0.0,9.66797,0.0,0.00674,0.13537,Nothing,seated
2.26595,154,-0.00287611,-0.0692212,0.0,0.0,0.0,0.0,0.0,0.0,0.0,0.0,9.66797,0.0,0.00674,0.13537,Nothing,seated
2.27732,155,-0.00287611,-0.0692212,0.0,0.0,0.0,0.0,0.0,0.0,0.0,0.0,9.66797,0.0,0.00674,0.13537,Nothing,seated
2.29122,156,-0.00383455,-0.0651943,0.0,0.0,0.0,0.0,0.0,0.0,0.0,0.0,9.66797,0.0,0.00674,0.13537,Nothing,seated
2.30734,157,-0.000958268,-0.0673034,0.0,0.0,0.0,0.0,0.0,0.0,0.0,0.0,9.66797,0.0,0.00674,0.13537,Nothing,seated
2.32808,158,-0.000958268,-0.0711386,0.0,0.0,0.0,0.0,0.0,0.0,0.0,0.0,9.66797,0.0,0.00674,0.13537,Nothing,seated
2.35334,159,1.74846e-07,-0.0730559,0.0,0.0,0.0,0.0,0.0,0.0,0.0,0.0,9.66797,0.0,0.00674,0.13537,Nothing,seated
2.36658,160,-0.00191719,-0.072097,0.0,0.0,0.0,0.0,0.0,0.0,0.0,0.0,9.66797,0.0,0.00674,0.13537,Nothing,seated
2.37885,161,-0.00191719,-0.072097,0.0,0.0,0.0,0.0,0.0,0.0,0.0,0.0,9.66797,0.0,0.00674,0.13537,Nothing,seated
2.38971,162,-0.000958268,-0.0692212,0.0,0.0,0.0,0.0,0.0,0.0,0.0,0.0,9.66797,0.0,0.00674,0.13537,Nothing,seated
2.39978,163,-0.000958268,-0.0692212,0.0,0.0,0.0,0.0,0.0,0.0,0.0,0.0,9.66797,0.0,0.00674,0.13537,Nothing,seated
2.40984,164,-0.00191719,-0.0740148,0.0,0.0,0.0,0.0,0.0,0.0,0.0,0.0,9.66797,0.0,0.00674,0.13537,Nothing,seated
2.41991,165,-0.00191719,-0.0740148,0.0,0.0,0.0,0.0,0.0,0.0,0.0,0.0,9.66797,0.0,0.00674,0.13537,Nothing,seated
2.42998,166,0.00498551,-0.0780412,0.0,0.0,0.0,0.0,0.0,0.0,0.0,0.0,9.66797,0.0,0.00674,0.13537,Nothing,seated
2.44245,167,0.00498551,-0.0780412,0.0,0.0,0.0,0.0,0.0,0.0,0.0,0.0,9.66797,0.0,0.00674,0.13537,Nothing,seated
2.45508,168,0.00115078,-0.0749733,0.0,0.0,0.0,0.0,0.0,0.0,0.0,0.0,9.66797,0.0,0.00674,0.13537,Nothing,seated
2.4682,169,-0.00191719,-0.0730559,0.0,0.0,0.0,0.0,0.0,0.0,0.0,0.0,9.66797,0.0,0.00674,0.13537,Nothing,seated
2.47946,170,-0.00191719,-0.0730559,0.0,0.0,0.0,0.0,0.0,0.0,0.0,0.0,9.66797,0.0,0.00674,0.13537,Nothing,seated
2.48953,171,0.00210923,-0.0711386,0.0,0.0,0.0,0.0,0.0,0.0,0.0,0.0,9.66797,0.0,0.00674,0.13537,Nothing,seated
2.4996,172,0.00210923,-0.0711386,0.0,0.0,0.0,0.0,0.0,0.0,0.0,0.0,9.66797,0.0,0.00674,0.13537,Nothing,seated
2.51033,173,-0.000958268,-0.0692212,0.0,0.0,0.0,0.0,0.0,0.0,0.0,0.0,9.66797,0.0,0.00674,0.13537,Nothing,seated
2.52553,174,-0.000958268,-0.0730559,0.0,0.0,0.0,0.0,0.0,0.0,0.0,0.0,9.66797,0.0,0.00674,0.13537,Nothing,seated
2.53945,175,1.74846e-07,-0.0730559,0.0,0.0,0.0,0.0,0.0,0.0,0.0,0.0,9.66797,0.0,0.00674,0.13537,Nothing,seated
2.55393,176,-0.000958268,-0.0740148,0.0,0.0,0.0,0.0,0.0,0.0,0.0,0.0,9.66797,0.0,0.00674,0.13537,Nothing,seated
2.56822,177,-0.000958268,-0.0711386,0.0,0.0,0.0,0.0,0.0,0.0,0.0,0.0,9.66797,0.0,0.00674,0.13537,Nothing,seated
2.57945,178,-0.000958268,-0.0711386,0.0,0.0,0.0,0.0,0.0,0.0,0.0,0.0,9.66797,0.0,0.00674,0.13537,Nothing,seated
2.59122,179,-0.00191719,-0.0692212,0.0,0.0,0.0,0.0,0.0,0.0,0.0,0.0,9.66797,0.0,0.00674,0.13537,Nothing,seated
2.60348,180,-0.00191719,-0.0701796,0.0,0.0,0.0,0.0,0.0,0.0,0.0,0.0,9.66797,0.0,0.00674,0.13537,Nothing,seated
2.61485,181,0.00210923,-0.0701796,0.0,0.0,0.0,0.0,0.0,0.0,0.0,0.0,9.66797,0.0,0.00674,0.13537,Nothing,seated
2.62709,182,1.74846e-07,-0.0692212,0.0,0.0,0.0,0.0,0.0,0.0,0.0,0.0,9.66797,0.0,0.00674,0.13537,Nothing,seated
2.63783,183,0.000191863,-0.0690295,0.0,0.0,0.0,0.0,0.0,0.0,0.0,0.0,9.66797,0.0,0.00674,0.13537,Nothing,seated
2.6479,184,1.74846e-07,-0.0711386,0.0,0.0,0.0,0.0,0.0,0.0,0.0,0.0,9.66797,0.0,0.00674,0.13537,Nothing,seated
2.65921,185,1.74846e-07,-0.0711386,0.0,0.0,0.0,0.0,0.0,0.0,0.0,0.0,9.66797,0.0,0.00674,0.13537,Nothing,seated
2.67234,186,-0.000958268,-0.0682623,0.0,0.0,0.0,0.0,0.0,0.0,0.0,0.0,9.66797,0.0,0.00674,0.13537,Nothing,seated
2.68383,187,-0.000958268,-0.0682623,0.0,0.0,0.0,0.0,0.0,0.0,0.0,0.0,9.66797,0.0,0.00674,0.13537,Nothing,seated
2.69421,188,-0.000958268,-0.0711386,0.0,0.0,0.0,0.0,0.0,0.0,0.0,0.0,9.66797,0.0,0.00674,0.13537,Nothing,seated
2.70708,189,1.74846e-07,-0.0711386,0.0,0.0,0.0,0.0,0.0,0.0,0.0,0.0,9.66797,0.0,0.00674,0.13537,Nothing,seated
2.71729,190,1.74846e-07,-0.072097,0.0,0.0,0.0,0.0,0.0,0.0,0.0,0.0,9.66797,0.0,0.00674,0.13537,Nothing,seated
2.72753,191,1.74846e-07,-0.072097,0.0,0.0,0.0,0.0,0.0,0.0,0.0,0.0,9.66797,0.0,0.00674,0.13537,Nothing,seated
2.73809,192,1.74846e-07,-0.072097,0.0,0.0,0.0,0.0,0.0,0.0,0.0,0.0,9.66797,0.0,0.00674,0.13537,Nothing,seated
2.75023,193,1.74846e-07,-0.072097,0.0,0.0,0.0,0.0,0.0,0.0,0.0,0.0,9.66797,0.0,0.00674,0.13537,Nothing,seated
2.76321,194,0.00115078,-0.0692212,0.0,0.0,0.0,0.0,0.0,0.0,0.0,0.0,9.66797,0.0,0.00674,0.13537,Nothing,seated
2.77685,195,0.00115078,-0.0730559,0.0,0.0,0.0,0.0,0.0,0.0,0.0,0.0,9.66797,0.0,0.00674,0.13537,Nothing,seated
2.78759,196,0.00210923,-0.0730559,0.0,0.0,0.0,0.0,0.0,0.0,0.0,0.0,9.66797,0.0,0.00674,0.13537,Nothing,seated
2.79774,197,0.00210923,-0.0711386,0.0,0.0,0.0,0.0,0.0,0.0,0.0,0.0,9.66797,0.0,0.00674,0.13537,Nothing,seated
2.80845,198,-0.00191719,-0.0711386,0.0,0.0,0.0,0.0,0.0,0.0,0.0,0.0,9.66797,0.0,0.00674,0.13537,Nothing,seated
2.82222,199,-0.00287611,-0.0642354,0.0,0.0,0.0,0.0,0.0,0.0,0.0,0.0,9.66797,0.0,0.00674,0.13537,Nothing,seated
2.83359,200,-0.00287611,-0.0642354,0.0,0.0,0.0,0.0,0.0,0.0,0.0,0.0,9.66797,0.0,0.00674,0.13537,Nothing,seated
2.84408,201,-0.00287611,-0.0651943,0.0,0.0,0.0,0.0,0.0,0.0,0.0,0.0,9.66797,0.0,0.00674,0.13537,Nothing,seated
2.85634,202,-0.00287611,-0.0673034,0.0,0.0,0.0,0.0,0.0,0.0,0.0,0.0,9.66797,0.0,0.00674,0.13537,Nothing,seated
2.86934,203,0.00115078,-0.0673034,0.0,0.0,0.0,0.0,0.0,0.0,0.0,0.0,9.66797,0.0,0.00674,0.13537,Nothing,seated
2.88185,204,-0.000958268,-0.0682623,0.0,0.0,0.0,0.0,0.0,0.0,0.0,0.0,9.66797,0.0,0.00674,0.13537,Nothing,seated
2.89337,205,-0.000958268,-0.0651943,0.0,0.0,0.0,0.0,0.0,0.0,0.0,0.0,9.66797,0.0,0.00674,0.13537,Nothing,seated
2.90635,206,1.74846e-07,-0.0651943,0.0,0.0,0.0,0.0,0.0,0.0,0.0,0.0,9.66797,0.0,0.00674,0.13537,Nothing,seated
2.91783,207,0.00498551,-0.0673034,0.0,0.0,0.0,0.0,0.0,0.0,0.0,0.0,9.66797,0.0,0.00674,0.13537,Nothing,seated
2.92791,208,0.00498551,-0.0673034,0.0,0.0,0.0,0.0,0.0,0.0,0.0,0.0,9.66797,0.0,0.00674,0.13537,Nothing,seated
2.94471,209,-0.000958268,-0.0711386,0.0,0.0,0.0,0.0,0.0,0.0,0.0,0.0,9.66797,0.0,0.00674,0.13537,Nothing,seated
2.95591,210,-0.000958268,-0.075165,0.0,0.0,0.0,0.0,0.0,0.0,0.0,0.0,9.66797,0.0,0.00674,0.13537,Nothing,seated
2.96699,211,1.74846e-07,-0.075165,0.0,0.0,0.0,0.0,0.0,0.0,0.0,0.0,9.66797,0.0,0.00674,0.13537,Nothing,seated
2.97974,212,-0.000958268,-0.0749733,0.0,0.0,0.0,0.0,0.0,0.0,0.0,0.0,9.66797,0.0,0.00674,0.13537,Nothing,seated
2.99053,213,-0.000958268,-0.0749733,0.0,0.0,0.0,0.0,0.0,0.0,0.0,0.0,9.66797,0.0,0.00674,0.13537,Nothing,seated
3.00195,214,0.00115078,-0.0711386,0.0,0.0,0.0,0.0,0.0,0.0,0.0,0.0,9.66797,0.0,0.00674,0.13537,Nothing,seated
3.01308,215,0.00115078,-0.0711386,0.0,0.0,0.0,0.0,0.0,0.0,0.0,0.0,9.66797,0.0,0.00674,0.13537,Nothing,seated
3.02334,216,1.74846e-07,-0.0711386,0.0,0.0,0.0,0.0,0.0,0.0,0.0,0.0,9.66797,0.0,0.00674,0.13537,Nothing,seated
3.03348,217,1.74846e-07,-0.0701796,0.0,0.0,0.0,0.0,0.0,0.0,0.0,0.0,9.66797,0.0,0.00674,0.13537,Nothing,seated
3.04496,218,-0.00287611,-0.0701796,0.0,0.0,0.0,0.0,0.0,0.0,0.0,0.0,9.66797,0.0,0.00674,0.13537,Nothing,seated
3.05785,219,1.74846e-07,-0.0749733,0.0,0.0,0.0,0.0,0.0,0.0,0.0,0.0,9.66797,0.0,0.00674,0.13537,Nothing,seated
3.07295,220,1.74846e-07,-0.0740148,0.0,0.0,0.0,0.0,0.0,0.0,0.0,0.0,9.66797,0.0,0.00674,0.13537,Nothing,seated
3.08774,221,-0.000958268,-0.0740148,0.0,0.0,0.0,0.0,0.0,0.0,0.0,0.0,9.66797,0.0,0.00674,0.13537,Nothing,seated
3.09845,222,-0.000958268,-0.0740148,0.0,0.0,0.0,0.0,0.0,0.0,0.0,0.0,9.66797,0.0,0.00674,0.13537,Nothing,seated
3.10995,223,-0.00479347,-0.0740148,0.0,0.0,0.0,0.0,0.0,0.0,0.0,0.0,9.66797,0.0,0.00674,0.13537,Nothing,seated
3.12263,224,-0.00287611,-0.0749733,0.0,0.0,0.0,0.0,0.0,0.0,0.0,0.0,9.66797,0.0,0.00674,0.13537,Nothing,seated
3.13333,225,-0.00287611,-0.0749733,0.0,0.0,0.0,0.0,0.0,0.0,0.0,0.0,9.66797,0.0,0.00674,0.13537,Nothing,seated
3.14621,226,1.74846e-07,-0.0740148,0.0,0.0,0.0,0.0,0.0,0.0,0.0,0.0,9.66797,0.0,0.00674,0.13537,Nothing,seated
3.15785,227,1.74846e-07,-0.0780412,0.0,0.0,0.0,0.0,0.0,0.0,0.0,0.0,9.66797,0.0,0.00674,0.13537,Nothing,seated
3.16934,228,-0.00383455,-0.0780412,0.0,0.0,0.0,0.0,0.0,0.0,0.0,0.0,9.66797,0.0,0.00674,0.13537,Nothing,seated
3.18608,229,-0.00191719,-0.0770828,0.0,0.0,0.0,0.0,0.0,0.0,0.0,0.0,9.66797,0.0,0.00674,0.13537,Nothing,seated
3.19684,230,-0.00191719,-0.0770828,0.0,0.0,0.0,0.0,0.0,0.0,0.0,0.0,9.66797,0.0,0.00674,0.13537,Nothing,seated
3.20691,231,-0.00191719,-0.072097,0.0,0.0,0.0,0.0,0.0,0.0,0.0,0.0,9.66797,0.0,0.00674,0.13537,Nothing,seated
3.21701,232,-0.00287611,-0.072097,0.0,0.0,0.0,0.0,0.0,0.0,0.0,0.0,9.66797,0.0,0.00674,0.13537,Nothing,seated
3.22745,233,-0.00287611,-0.0730559,0.0,0.0,0.0,0.0,0.0,0.0,0.0,0.0,9.66797,0.0,0.00674,0.13537,Nothing,seated
3.23771,234,0.00115078,-0.0730559,0.0,0.0,0.0,0.0,0.0,0.0,0.0,0.0,9.66797,0.0,0.00674,0.13537,Nothing,seated
3.25134,235,-0.00191719,-0.0799591,0.0,0.0,0.0,0.0,0.0,0.0,0.0,0.0,9.66797,0.0,0.00674,0.13537,Nothing,seated
3.26321,236,-0.00191719,-0.0887791,0.0,0.0,0.0,0.0,0.0,0.0,0.0,0.0,9.66797,0.0,0.00674,0.13537,Nothing,seated
3.27874,237,-0.000958268,-0.0809175,0.0,0.0,0.0,0.0,0.0,0.0,0.0,0.0,9.66797,0.0,0.00674,0.13537,Nothing,seated
3.29595,238,-0.00191719,-0.0809175,0.0,0.0,0.0,0.0,0.0,0.0,0.0,0.0,9.66797,0.0,0.00674,0.13537,Nothing,seated
3.30695,239,-0.00191719,-0.0728642,0.0,0.0,0.0,0.0,0.0,0.0,0.0,0.0,9.66797,0.0,0.00674,0.13537,Nothing,seated
3.31707,240,-0.00766975,-0.0730559,0.0,0.0,0.0,0.0,0.0,0.0,0.0,0.0,9.66797,0.0,0.00674,0.13537,Nothing,seated
3.32738,241,-0.00766975,-0.0740148,0.0,0.0,0.0,0.0,0.0,0.0,0.0,0.0,9.66797,0.0,0.00674,0.13537,Nothing,seated
3.33745,242,-0.00575239,-0.0740148,0.0,0.0,0.0,0.0,0.0,0.0,0.0,0.0,9.66797,0.0,0.00674,0.13537,Nothing,seated
3.35133,243,-0.00479347,-0.0790002,0.0,0.0,0.0,0.0,0.0,0.0,0.0,0.0,9.66797,0.0,0.00674,0.13537,Nothing,seated
3.36321,244,-0.00479347,-0.0790002,0.0,0.0,0.0,0.0,0.0,0.0,0.0,0.0,9.66797,0.0,0.00674,0.13537,Nothing,seated
3.37671,245,-0.00287611,-0.0809175,0.0,0.0,0.0,0.0,0.0,0.0,0.0,0.0,9.49219,-2.94747,0.00674,0.13537,Nothing,seated
3.38973,246,-0.00287611,-0.0809175,0.0,0.0,0.0,0.0,0.0,0.0,0.0,0.0,9.49219,-2.81918,0.00674,0.13537,Nothing,seated
3.40153,247,-0.00479347,-0.0809175,0.0,0.0,0.0,0.0,0.0,0.0,0.0,0.0,9.49219,-2.74307,0.00674,0.13537,Nothing,seated
3.41258,248,-0.00671083,-0.0761239,0.0,0.0,0.0,0.0,0.0,0.0,0.0,0.0,9.49219,-2.87008,0.00674,0.13537,Nothing,seated
3.42373,249,-0.00671083,-0.0780412,0.0,0.0,0.0,0.0,0.0,0.0,0.0,0.0,9.49219,-2.90446,0.00674,0.13537,Nothing,seated
3.43885,250,-0.00383455,-0.0780412,0.0,0.0,0.0,0.0,0.0,0.0,0.0,0.0,9.49219,0.0,0.00674,0.13537,Nothing,seated
3.4556,251,1.74846e-07,-0.0809175,0.0,0.0,0.0,0.0,0.0,0.0,0.0,0.0,9.49219,0.0,0.00674,0.13537,Nothing,seated
3.46745,252,1.74846e-07,-0.0926143,0.0,0.0,0.0,0.0,0.0,0.0,0.0,0.0,9.49219,0.0,0.00674,0.13537,Nothing,seated
3.48133,253,1.74846e-07,-0.0926143,0.0,0.0,0.0,0.0,0.0,0.0,0.0,0.0,9.49219,0.0,0.00674,0.13537,Nothing,seated
3.49595,254,-0.00191719,-0.0818764,0.0,0.0,0.0,0.0,0.0,0.0,0.0,0.0,9.49219,0.0,0.00674,0.13537,Nothing,seated
3.51095,255,-0.00766975,-0.0761239,0.0,0.0,0.0,0.0,0.0,0.0,0.0,0.0,9.49219,0.0,0.00674,0.13537,Nothing,seated
3.52222,256,-0.00766975,-0.0761239,0.0,0.0,0.0,0.0,0.0,0.0,0.0,0.0,9.49219,0.0,0.00674,0.13537,Nothing,seated
3.53376,257,-0.00383455,-0.0818764,0.0,0.0,0.0,0.0,0.0,0.0,0.0,0.0,9.49219,0.0,0.00674,0.13537,Nothing,seated
3.54621,258,1.74846e-07,-0.0897381,0.0,0.0,0.0,0.0,0.0,0.0,0.0,0.0,9.31641,-2.70945,0.00674,0.13537,Nothing,seated
3.56335,259,1.74846e-07,-0.090697,0.0,0.0,0.0,0.0,0.0,0.0,0.0,0.0,9.31641,-2.60826,0.00674,0.13537,Nothing,seated
3.57753,260,0.00498551,-0.090697,0.0,0.0,0.0,0.0,0.0,0.0,0.0,0.0,9.31641,-2.64022,0.00674,0.13537,Nothing,seated
3.58845,261,0.00498551,-0.0809175,0.0,0.0,0.0,0.0,0.0,0.0,0.0,0.0,9.31641,-2.65395,0.00674,0.13537,Nothing,seated
3.5988,262,-0.000958268,-0.0809175,0.0,0.0,0.0,0.0,0.0,0.0,0.0,0.0,9.31641,-2.70233,0.00674,0.13537,Nothing,seated
3.60889,263,-0.000958268,-0.0770828,0.0,0.0,0.0,0.0,0.0,0.0,0.0,0.0,9.31641,0.0,0.00674,0.13537,Nothing,seated
3.61895,264,-0.00479347,-0.0770828,0.0,0.0,0.0,0.0,0.0,0.0,0.0,0.0,9.31641,0.0,0.00674,0.13537,Nothing,seated
3.62902,265,0.00402706,-0.0809175,0.0,0.0,0.0,0.0,0.0,0.0,0.0,0.0,9.31641,0.0,0.00674,0.13537,Nothing,seated
3.63985,266,0.00402706,-0.0809175,0.0,0.0,0.0,0.0,0.0,0.0,0.0,0.0,9.14062,-3.42,0.00674,0.13537,Nothing,seated
3.65027,267,0.00402706,-0.0809175,0.0,0.0,0.0,0.0,0.0,0.0,0.0,0.0,9.14062,-3.41569,0.00674,0.13537,Nothing,seated
3.66208,268,0.00882071,-0.0828349,0.0,0.0,0.0,0.0,0.0,0.0,0.0,0.0,9.14062,-3.30472,0.00674,0.13537,Nothing,seated
3.67274,269,0.0090124,-0.0830271,0.0,0.0,0.0,0.0,0.0,0.0,0.0,0.0,9.14062,-3.26798,0.00674,0.13537,Nothing,seated
3.68665,270,0.00920409,-0.0830271,0.0,0.0,0.0,0.0,0.0,0.0,0.0,0.0,9.14062,-3.05028,0.00674,0.13537,Nothing,seated
3.70137,271,0.00920409,-0.0832187,0.0,0.0,0.0,0.0,0.0,0.0,0.0,0.0,9.14062,0.0,0.00674,0.13537,Nothing,seated
3.71259,272,0.00882071,-0.0878207,0.0,0.0,0.0,0.0,0.0,0.0,0.0,0.0,9.14062,0.0,0.00674,0.13537,Nothing,seated
3.72296,273,0.00977915,-0.0937645,0.0,0.0,0.0,0.0,0.0,0.0,0.0,0.0,9.14062,0.0,0.00674,0.13537,Nothing,seated
3.73322,274,0.00977915,-0.0937645,0.0,0.0,0.0,0.0,0.0,0.0,0.0,0.0,9.14062,0.0,0.00674,0.13537,Nothing,seated
3.74554,275,0.00977915,-0.0985586,0.0,0.0,0.0,0.0,0.0,0.0,0.0,0.0,9.14062,0.0,0.00674,0.13537,Nothing,seated
3.75831,276,0.00977915,-0.0983664,0.0,0.0,0.0,0.0,0.0,0.0,0.0,0.0,9.14062,0.0,0.00674,0.13537,Nothing,seated
3.76997,277,0.00939577,-0.0983664,0.0,0.0,0.0,0.0,0.0,0.0,0.0,0.0,8.96484,-3.06351,0.00674,0.13537,Nothing,seated
3.7837,278,-0.00191719,-0.0966408,0.0,0.0,0.0,0.0,0.0,0.0,0.0,0.0,8.96484,-2.89394,0.00674,0.13537,Nothing,seated
3.79745,279,-0.00191719,-0.0966408,0.0,0.0,0.0,0.0,0.0,0.0,0.0,0.0,8.96484,-2.73675,0.00674,0.13537,Nothing,seated
3.80921,280,0.00594443,-0.0977914,0.0,0.0,0.0,0.0,0.0,0.0,0.0,0.0,8.96484,-2.76063,0.00674,0.13537,Nothing,seated
3.82196,281,0.00575274,-0.0981747,0.0,0.0,0.0,0.0,0.0,0.0,0.0,0.0,8.96484,-2.76169,0.00674,0.13537,Nothing,seated
3.83396,282,0.00556105,-0.0985586,0.0,0.0,0.0,0.0,0.0,0.0,0.0,0.0,8.78906,-2.74688,0.00674,0.13537,Nothing,seated
3.84573,283,0.00536936,-0.0991337,0.0,0.0,0.0,0.0,0.0,0.0,0.0,0.0,8.78906,-2.83363,0.00674,0.13537,Nothing,seated
3.85754,284,0.00594443,-0.104502,0.0,0.0,0.0,0.0,0.0,0.0,0.0,0.0,8.78906,-2.92525,0.00674,0.13537,Nothing,seated
3.86896,285,-0.00383455,-0.104502,0.0,0.0,0.0,0.0,0.0,0.0,0.0,0.0,8.78906,-2.94209,0.00674,0.13537,Nothing,seated
3.87903,286,-0.00383455,-0.100476,0.0,0.0,0.0,0.0,0.0,0.0,0.0,0.0,8.78906,-3.08047,0.00674,0.13537,Nothing,seated
3.88974,287,-0.00575239,-0.100476,0.0,0.0,0.0,0.0,0.0,0.0,0.0,0.0,8.78906,0.0,0.00674,0.13537,Nothing,seated
3.90223,288,-0.00383455,-0.0975997,0.0,0.0,0.0,0.0,0.0,0.0,0.0,0.0,8.78906,0.0,0.00674,0.13537,Nothing,seated
3.91485,289,-0.00383455,-0.0977914,0.0,0.0,0.0,0.0,0.0,0.0,0.0,0.0,8.78906,0.0,0.00674,0.13537,Nothing,seated
3.92584,290,-0.00383455,-0.0979831,0.0,0.0,0.0,0.0,0.0,0.0,0.0,0.0,8.61328,-3.09001,0.00674,0.13537,Nothing,seated
3.93592,291,-0.00383455,-0.0981747,0.0,0.0,0.0,0.0,0.0,0.0,0.0,0.0,8.61328,-3.08984,0.00674,0.13537,Nothing,seated
3.94596,292,-0.00383455,-0.0985586,0.0,0.0,0.0,0.0,0.0,0.0,0.0,0.0,8.61328,-3.12689,0.00674,0.13537,Nothing,seated
3.95602,293,-0.00383455,-0.105461,0.0,0.0,0.0,0.0,0.0,0.0,0.0,0.0,8.61328,-3.26768,0.00674,0.13537,Nothing,seated
3.96796,294,0.00210923,-0.105461,0.0,0.0,0.0,0.0,0.0,0.0,0.0,0.0,8.4375,-6.61989,0.00674,0.13537,Nothing,seated
3.98145,295,0.00594443,-0.114282,0.0,0.0,0.0,0.0,0.0,0.0,0.0,0.0,8.4375,-3.16108,0.00674,0.13537,Nothing,seated
3.99246,296,0.00594443,-0.114282,0.0,0.0,0.0,0.0,0.0,0.0,0.0,0.0,8.4375,-3.10897,0.00674,0.13537,Nothing,seated
4.00351,297,0.00882071,-0.110447,0.0,0.0,0.0,0.0,0.0,0.0,0.0,0.0,8.4375,-3.05415,0.00674,0.13537,Nothing,seated
4.01433,298,0.00882071,-0.110447,0.0,0.0,0.0,0.0,0.0,0.0,0.0,0.0,8.4375,-3.01455,0.00674,0.13537,Nothing,seated
4.02934,299,-0.00287611,-0.104502,0.0,0.0,0.0,0.0,0.0,0.0,0.0,0.0,8.26172,-2.86377,0.00674,0.13537,Nothing,seated
4.04185,300,-0.00287611,-0.0975997,0.0,0.0,0.0,0.0,0.0,0.0,0.0,0.0,8.26172,-2.91057,0.00674,0.13537,Nothing,seated
4.05275,301,-0.00479347,-0.0975997,0.0,0.0,0.0,0.0,0.0,0.0,0.0,0.0,8.26172,-2.91554,0.00674,0.13537,Nothing,seated
4.06281,302,-0.00479347,-0.0979831,0.0,0.0,0.0,0.0,0.0,0.0,0.0,0.0,8.26172,-2.96418,0.00674,0.13537,Nothing,seated
4.07288,303,-0.00479347,-0.0985586,0.0,0.0,0.0,0.0,0.0,0.0,0.0,0.0,8.08594,-6.00467,0.00674,0.13537,Nothing,seated
4.08291,304,-0.00479347,-0.0993254,0.0,0.0,0.0,0.0,0.0,0.0,0.0,0.0,8.08594,-3.28157,0.00674,0.13537,Nothing,seated
4.09434,305,-0.00441009,-0.100284,0.0,0.0,0.0,0.0,0.0,0.0,0.0,0.0,8.08594,-3.34875,0.00674,0.13537,Nothing,seated
4.10774,306,-0.00766975,-0.104886,0.0,0.0,0.0,0.0,0.0,0.0,0.0,0.0,8.08594,-3.19642,0.00674,0.13537,Nothing,seated
4.12245,307,-0.00766975,-0.105461,0.0,0.0,0.0,0.0,0.0,0.0,0.0,0.0,7.91016,-5.89553,0.00674,0.13537,Nothing,seated
4.13374,308,-0.013614,-0.099517,0.0,0.0,0.0,0.0,0.0,0.0,0.0,0.0,7.91016,-2.88861,0.00674,0.13537,Nothing,seated
4.14396,309,-0.013614,-0.0985586,0.0,0.0,0.0,0.0,0.0,0.0,0.0,0.0,7.91016,-2.87938,0.00674,0.13537,Nothing,seated
4.15402,310,-0.013614,-0.0985586,0.0,0.0,0.0,0.0,0.0,0.0,0.0,0.0,7.91016,-2.94524,0.00674,0.13537,Nothing,seated
4.16754,311,-0.00383455,-0.105461,0.0,0.0,0.0,0.0,0.0,0.0,0.0,0.0,7.73438,-5.87926,0.00674,0.13537,Nothing,seated
4.17953,312,-0.00383455,-0.105653,0.0,0.0,0.0,0.0,0.0,0.0,0.0,0.0,7.73438,-3.07908,0.00674,0.13537,Nothing,seated
4.19222,313,-0.00479347,-0.0975997,0.0,0.0,0.0,0.0,0.0,0.0,0.0,0.0,7.73438,-3.00572,0.00674,0.13537,Nothing,seated
4.20341,314,-0.00479347,-0.0975997,0.0,0.0,0.0,0.0,0.0,0.0,0.0,0.0,7.73438,-2.9564,0.00674,0.13537,Nothing,seated
4.21358,315,-0.00766975,-0.0947234,0.0,0.0,0.0,0.0,0.0,0.0,0.0,0.0,7.55859,-5.90289,0.00674,0.13537,Nothing,seated
4.22374,316,-0.00766975,-0.0947234,0.0,0.0,0.0,0.0,0.0,0.0,0.0,0.0,7.55859,-3.12771,0.00674,0.13537,Nothing,seated
4.2338,317,-0.00766975,-0.0887791,0.0,0.0,0.0,0.0,0.0,0.0,0.0,0.0,7.55859,-3.2392,0.00674,0.13537,Nothing,seated
4.24387,318,-0.00766975,-0.0887791,0.0,0.0,0.0,0.0,0.0,0.0,0.0,0.0,7.38281,-6.807,0.00674,0.13537,Nothing,seated
4.25394,319,-0.00383455,-0.0891625,0.0,0.0,0.0,0.0,0.0,0.0,0.0,0.0,7.38281,-6.95849,0.00674,0.13537,Nothing,seated
4.264,320,-0.00383455,-0.0887791,0.0,0.0,0.0,0.0,0.0,0.0,0.0,0.0,7.38281,-3.48616,0.00674,0.13537,Nothing,seated
4.27845,321,0.00306815,-0.0926143,0.0,0.0,0.0,0.0,0.0,0.0,0.0,0.0,7.38281,-3.2129,0.00674,0.13537,Nothing,seated
4.29008,322,0.00306815,-0.0916554,0.0,0.0,0.0,0.0,0.0,0.0,0.0,0.0,7.38281,-3.12327,0.00674,0.13537,Nothing,seated
4.30154,323,-0.00383455,-0.0916554,0.0,0.0,0.0,0.0,0.0,0.0,0.0,0.0,7.20703,-3.0479,0.00674,0.13537,Nothing,seated
4.31384,324,-0.00479347,-0.0929977,0.0,0.0,0.0,0.0,0.0,0.0,0.0,0.0,7.20703,-2.93413,0.00674,0.13537,Nothing,seated
4.32608,325,-0.00479347,-0.0926143,0.0,0.0,0.0,0.0,0.0,0.0,0.0,0.0,7.20703,-2.83166,0.00674,0.13537,Nothing,seated
4.33687,326,-0.000958268,-0.0849444,0.0,0.0,0.0,0.0,0.0,0.0,0.0,0.0,7.20703,-3.00899,0.00674,0.13537,Nothing,seated
4.34745,327,-0.000958268,-0.0849444,0.0,0.0,0.0,0.0,0.0,0.0,0.0,0.0,7.03125,-6.12809,0.00674,0.13537,Nothing,seated
4.35834,328,-0.000958268,-0.075165,0.0,0.0,0.0,0.0,0.0,0.0,0.0,0.0,7.03125,-3.09475,0.00674,0.13537,Nothing,seated
4.36885,329,-0.000958268,-0.0755488,0.0,0.0,0.0,0.0,0.0,0.0,0.0,0.0,7.03125,-3.19571,0.00674,0.13537,Nothing,seated
4.37892,330,-0.000958268,-0.0799591,0.0,0.0,0.0,0.0,0.0,0.0,0.0,0.0,7.03125,-3.32667,0.00674,0.13537,Nothing,seated
4.38949,331,-0.000958268,-0.0828349,0.0,0.0,0.0,0.0,0.0,0.0,0.0,0.0,7.03125,-3.34025,0.00674,0.13537,Nothing,seated
4.40258,332,-0.00287611,-0.0828349,0.0,0.0,0.0,0.0,0.0,0.0,0.0,0.0,7.03125,0.0,0.00674,0.13537,Nothing,seated
4.41474,333,-0.00479347,-0.0897381,0.0,0.0,0.0,0.0,0.0,0.0,0.0,0.0,7.03125,0.0,0.00674,0.13537,Nothing,seated
4.42673,334,-0.00479347,-0.0897381,0.0,0.0,0.0,0.0,0.0,0.0,0.0,0.0,6.85547,-3.03672,0.00674,0.13537,Nothing,seated
4.43734,335,-0.00191719,-0.0937645,0.0,0.0,0.0,0.0,0.0,0.0,0.0,0.0,6.85547,-3.0088,0.00674,0.13537,Nothing,seated
4.4474,336,-0.00191719,-0.0937645,0.0,0.0,0.0,0.0,0.0,0.0,0.0,0.0,6.85547,-3.03532,0.00674,0.13537,Nothing,seated
4.45771,337,0.00498551,-0.0956823,0.0,0.0,0.0,0.0,0.0,0.0,0.0,0.0,6.85547,-3.18884,0.00674,0.13537,Nothing,seated
4.46781,338,0.00498551,-0.0956823,0.0,0.0,0.0,0.0,0.0,0.0,0.0,0.0,6.85547,-3.31213,0.00674,0.13537,Nothing,seated
4.48331,339,0.00306815,-0.0916554,0.0,0.0,0.0,0.0,0.0,0.0,0.0,0.0,6.67969,-3.10689,0.00674,0.13537,Nothing,seated
4.49908,340,0.00306815,-0.0916554,0.0,0.0,0.0,0.0,0.0,0.0,0.0,0.0,6.67969,-2.84734,0.00674,0.13537,Nothing,seated
4.50996,341,-0.000958268,-0.0916554,0.0,0.0,0.0,0.0,0.0,0.0,0.0,0.0,6.67969,-2.81002,0.00674,0.13537,Nothing,seated
4.52003,342,0.00210923,-0.0916554,0.0,0.0,0.0,0.0,0.0,0.0,0.0,0.0,6.67969,-2.82058,0.00674,0.13537,Nothing,seated
4.53086,343,0.00210923,-0.0937645,0.0,0.0,0.0,0.0,0.0,0.0,0.0,0.0,6.67969,-2.78814,0.00674,0.13537,Nothing,seated
4.54184,344,0.00594443,-0.0937645,0.0,0.0,0.0,0.0,0.0,0.0,0.0,0.0,6.67969,0.0,0.00674,0.13537,Nothing,seated
4.55274,345,0.00594443,-0.0966408,0.0,0.0,0.0,0.0,0.0,0.0,0.0,0.0,6.67969,0.0,0.00674,0.13537,Nothing,seated
4.56308,346,0.00690335,-0.0966408,0.0,0.0,0.0,0.0,0.0,0.0,0.0,0.0,6.67969,0.0,0.00674,0.13537,Nothing,seated
4.57756,347,0.00594443,-0.0985586,0.0,0.0,0.0,0.0,0.0,0.0,0.0,0.0,6.67969,0.0,0.00674,0.13537,Nothing,seated
4.58974,348,0.00594443,-0.0947234,0.0,0.0,0.0,0.0,0.0,0.0,0.0,0.0,6.67969,0.0,0.00674,0.13537,Nothing,seated
4.60252,349,0.00786179,-0.0947234,0.0,0.0,0.0,0.0,0.0,0.0,0.0,0.0,6.67969,0.0,0.00674,0.13537,Nothing,seated
4.61354,350,0.00977915,-0.0985586,0.0,0.0,0.0,0.0,0.0,0.0,0.0,0.0,6.67969,0.0,0.00674,0.13537,Nothing,seated
4.62396,351,0.00997132,-0.0983664,0.0,0.0,0.0,0.0,0.0,0.0,0.0,0.0,6.50391,-2.88724,0.00674,0.13537,Nothing,seated
4.63403,352,0.00977915,-0.0985586,0.0,0.0,0.0,0.0,0.0,0.0,0.0,0.0,6.50391,-3.11312,0.00674,0.13537,Nothing,seated
4.64585,353,0.014765,-0.0937645,0.0,0.0,0.0,0.0,0.0,0.0,0.0,0.0,6.50391,-3.13279,0.00674,0.13537,Nothing,seated
4.65609,354,0.014765,-0.0937645,0.0,0.0,0.0,0.0,0.0,0.0,0.0,0.0,6.50391,-3.28141,0.00674,0.13537,Nothing,seated
4.66709,355,0.00977915,-0.0956823,0.0,0.0,0.0,0.0,0.0,0.0,0.0,0.0,6.50391,-3.2828,0.00674,0.13537,Nothing,seated
4.68155,356,0.00977915,-0.0985586,0.0,0.0,0.0,0.0,0.0,0.0,0.0,0.0,6.50391,0.0,0.00674,0.13537,Nothing,seated
4.69546,357,0.00882071,-0.0985586,0.0,0.0,0.0,0.0,0.0,0.0,0.0,0.0,6.50391,0.0,0.00674,0.13537,Nothing,seated
4.70762,358,0.0107381,-0.102585,0.0,0.0,0.0,0.0,0.0,0.0,0.0,0.0,6.50391,0.0,0.00674,0.13537,Nothing,seated
4.72346,359,0.0107381,-0.103544,0.0,0.0,0.0,0.0,0.0,0.0,0.0,0.0,6.50391,0.0,0.00674,0.13537,Nothing,seated
4.73484,360,0.00594443,-0.103544,0.0,0.0,0.0,0.0,0.0,0.0,0.0,0.0,6.50391,0.0,0.00674,0.13537,Nothing,seated
4.74634,361,0.00786179,-0.10642,0.0,0.0,0.0,0.0,0.0,0.0,0.0,0.0,6.50391,0.0,0.00674,0.13537,Nothing,seated
4.75974,362,0.00786179,-0.10642,0.0,0.0,0.0,0.0,0.0,0.0,0.0,0.0,6.67969,2.73432,0.00674,0.13537,Nothing,seated
4.77108,363,0.00115078,-0.107379,0.0,0.0,0.0,0.0,0.0,0.0,0.0,0.0,6.67969,2.76972,0.00674,0.13537,Nothing,seated
4.78319,364,0.00115078,-0.107379,0.0,0.0,0.0,0.0,0.0,0.0,0.0,0.0,6.67969,2.94288,0.00674,0.13537,Nothing,seated
4.79474,365,1.74846e-07,-0.107379,0.0,0.0,0.0,0.0,0.0,0.0,0.0,0.0,6.67969,2.93494,0.00674,0.13537,Nothing,seated
4.80985,366,-0.00383455,-0.107379,0.0,0.0,0.0,0.0,0.0,0.0,0.0,0.0,6.67969,2.76773,0.00674,0.13537,Nothing,seated
4.82321,367,-0.00383455,-0.099517,0.0,0.0,0.0,0.0,0.0,0.0,0.0,0.0,6.67969,0.0,0.00674,0.13537,Nothing,seated
4.83534,368,-0.00766975,-0.099517,0.0,0.0,0.0,0.0,0.0,0.0,0.0,0.0,6.67969,0.0,0.00674,0.13537,Nothing,seated
4.84696,369,-0.0107377,-0.104502,0.0,0.0,0.0,0.0,0.0,0.0,0.0,0.0,6.67969,0.0,0.00674,0.13537,Nothing,seated
4.85703,370,-0.0107377,-0.104502,0.0,0.0,0.0,0.0,0.0,0.0,0.0,0.0,6.67969,0.0,0.00674,0.13537,Nothing,seated
4.86721,371,-0.0097788,-0.107379,0.0,0.0,0.0,0.0,0.0,0.0,0.0,0.0,6.67969,0.0,0.00674,0.13537,Nothing,seated
4.87737,372,-0.0097788,-0.107379,0.0,0.0,0.0,0.0,0.0,0.0,0.0,0.0,6.67969,0.0,0.00674,0.13537,Nothing,seated
4.88822,373,-0.013614,-0.107379,0.0,0.0,0.0,0.0,0.0,0.0,0.0,0.0,6.67969,0.0,0.00674,0.13537,Nothing,seated
4.90013,374,-0.013614,-0.101627,0.0,0.0,0.0,0.0,0.0,0.0,0.0,0.0,6.67969,0.0,0.00674,0.13537,Nothing,seated
4.91196,375,-0.0205167,-0.101627,0.0,0.0,0.0,0.0,0.0,0.0,0.0,0.0,6.67969,0.0,0.00674,0.13537,Nothing,seated
4.92534,376,-0.0205167,-0.102585,0.0,0.0,0.0,0.0,0.0,0.0,0.0,0.0,6.67969,0.0,0.00674,0.13537,Nothing,seated
4.93828,377,-0.020325,-0.10201,0.0,0.0,0.0,0.0,0.0,0.0,0.0,0.0,6.67969,0.0,0.00674,0.13537,Nothing,seated
4.95046,378,-0.0224341,-0.10642,0.0,0.0,0.0,0.0,0.0,0.0,0.0,0.0,6.85547,2.82397,0.00674,0.13537,Nothing,seated
4.96308,379,-0.0224341,-0.113323,0.0,0.0,0.0,0.0,0.0,0.0,0.0,0.0,6.85547,2.79225,0.00674,0.13537,Nothing,seated
4.97546,380,-0.0253103,-0.113323,0.0,0.0,0.0,0.0,0.0,0.0,0.0,0.0,6.85547,2.76824,0.00674,0.13537,Nothing,seated
4.98683,381,-0.0312546,-0.116199,0.0,0.0,0.0,0.0,0.0,0.0,0.0,0.0,6.85547,2.85859,0.00674,0.13537,Nothing,seated
4.99834,382,-0.0312546,-0.116199,0.0,0.0,0.0,0.0,0.0,0.0,0.0,0.0,6.85547,2.92659,0.00674,0.13537,Nothing,seated
5.01009,383,-0.0272277,-0.117158,0.0,0.0,0.0,0.0,0.0,0.0,0.0,0.0,6.85547,0.0,0.00674,0.13537,Nothing,seated
5.02222,384,-0.0272277,-0.117158,0.0,0.0,0.0,0.0,0.0,0.0,0.0,0.0,6.85547,0.0,0.00674,0.13537,Nothing,seated
5.03393,385,-0.0262693,-0.117158,0.0,0.0,0.0,0.0,0.0,0.0,0.0,0.0,6.85547,0.0,0.00674,0.13537,Nothing,seated
5.04396,386,-0.0262693,-0.12617,0.0,0.0,0.0,0.0,0.0,0.0,0.0,0.0,6.85547,0.0,0.00674,0.13537,Nothing,seated
5.05403,387,-0.023393,-0.12617,0.0,0.0,0.0,0.0,0.0,0.0,0.0,0.0,6.85547,0.0,0.00674,0.13537,Nothing,seated
5.06636,388,-0.0214756,-0.124061,0.0,0.0,0.0,0.0,0.0,0.0,0.0,0.0,7.03125,3.12372,0.00674,0.13537,Nothing,seated
5.07734,389,-0.0214756,-0.124061,0.0,0.0,0.0,0.0,0.0,0.0,0.0,0.0,7.03125,3.189,0.00674,0.13537,Nothing,seated
5.08746,390,-0.0174487,-0.120226,0.0,0.0,0.0,0.0,0.0,0.0,0.0,0.0,7.03125,3.28426,0.00674,0.13537,Nothing,seated
5.10274,391,-0.0174487,-0.118308,0.0,0.0,0.0,0.0,0.0,0.0,0.0,0.0,7.03125,2.99034,0.00674,0.13537,Nothing,seated
5.11521,392,-0.0107377,-0.118308,0.0,0.0,0.0,0.0,0.0,0.0,0.0,0.0,7.03125,2.87309,0.00674,0.13537,Nothing,seated
5.12821,393,-0.0107377,-0.118308,0.0,0.0,0.0,0.0,0.0,0.0,0.0,0.0,7.03125,0.0,0.00674,0.13537,Nothing,seated
5.13945,394,-0.0107377,-0.119267,0.0,0.0,0.0,0.0,0.0,0.0,0.0,0.0,7.03125,0.0,0.00674,0.13537,Nothing,seated
5.15012,395,-0.00191719,-0.129813,0.0,0.0,0.0,0.0,0.0,0.0,0.0,0.0,7.03125,0.0,0.00674,0.13537,Nothing,seated
5.16221,396,-0.00191719,-0.12943,0.0,0.0,0.0,0.0,0.0,0.0,0.0,0.0,7.03125,0.0,0.00674,0.13537,Nothing,seated
5.17371,397,-0.00191719,-0.131922,0.0,0.0,0.0,0.0,0.0,0.0,0.0,0.0,7.03125,0.0,0.00674,0.13537,Nothing,seated
5.18377,398,0.00210923,-0.131922,0.0,0.0,0.0,0.0,0.0,0.0,0.0,0.0,7.03125,0.0,0.00674,0.13537,Nothing,seated
5.19645,399,0.0107381,-0.130964,0.0,0.0,0.0,0.0,0.0,0.0,0.0,0.0,7.03125,0.0,0.00674,0.13537,Nothing,seated
5.20708,400,0.0107381,-0.130964,0.0,0.0,0.0,0.0,0.0,0.0,0.0,0.0,7.03125,0.0,0.00674,0.13537,Nothing,seated
5.21854,401,0.0166823,-0.12617,0.0,0.0,0.0,0.0,0.0,0.0,0.0,0.0,7.03125,0.0,0.00674,0.13537,Nothing,seated
5.23054,402,0.0166823,-0.128088,0.0,0.0,0.0,0.0,0.0,0.0,0.0,0.0,7.03125,0.0,0.00674,0.13537,Nothing,seated
5.24274,403,0.0166823,-0.128088,0.0,0.0,0.0,0.0,0.0,0.0,0.0,0.0,7.03125,0.0,0.00674,0.13537,Nothing,seated
5.25596,404,0.0176412,-0.130005,0.0,0.0,0.0,0.0,0.0,0.0,0.0,0.0,7.03125,0.0,0.00674,0.13537,Nothing,seated
5.2695,405,0.0176412,-0.136908,0.0,0.0,0.0,0.0,0.0,0.0,0.0,0.0,7.03125,0.0,0.00674,0.13537,Nothing,seated
5.28222,406,0.0176412,-0.136908,0.0,0.0,0.0,0.0,0.0,0.0,0.0,0.0,7.03125,0.0,0.00674,0.13537,Nothing,seated
5.29496,407,0.0176412,-0.136716,0.0,0.0,0.0,0.0,0.0,0.0,0.0,0.0,7.03125,0.0,0.00674,0.13537,Nothing,seated
5.30629,408,0.0185997,-0.140935,0.0,0.0,0.0,0.0,0.0,0.0,0.0,0.0,7.03125,0.0,0.00674,0.13537,Nothing,seated
5.31908,409,0.021476,-0.144769,0.0,0.0,0.0,0.0,0.0,0.0,0.0,0.0,7.03125,0.0,0.00674,0.13537,Nothing,seated
5.33045,410,0.021476,-0.144769,0.0,0.0,0.0,0.0,0.0,0.0,0.0,0.0,7.03125,0.0,0.00674,0.13537,Nothing,seated
5.34325,411,0.0262696,-0.138826,0.0,0.0,0.0,0.0,0.0,0.0,0.0,0.0,7.03125,0.0,0.00674,0.13537,Nothing,seated
5.35574,412,0.0262696,-0.138826,0.0,0.0,0.0,0.0,0.0,0.0,0.0,0.0,7.03125,0.0,0.00674,0.13537,Nothing,seated
5.36628,413,0.0262696,-0.138826,0.0,0.0,0.0,0.0,0.0,0.0,0.0,0.0,7.03125,0.0,0.00674,0.13537,Nothing,seated
5.37774,414,0.0243522,-0.130964,0.0,0.0,0.0,0.0,0.0,0.0,0.0,0.0,7.03125,0.0,0.00674,0.13537,Nothing,seated
5.38822,415,0.0243522,-0.130964,0.0,0.0,0.0,0.0,0.0,0.0,0.0,0.0,7.03125,0.0,0.00674,0.13537,Nothing,seated
5.39963,416,0.0185997,-0.124061,0.0,0.0,0.0,0.0,0.0,0.0,0.0,0.0,7.03125,0.0,0.00674,0.13537,Nothing,seated
5.41074,417,0.0185997,-0.124061,0.0,0.0,0.0,0.0,0.0,0.0,0.0,0.0,7.03125,0.0,0.00674,0.13537,Nothing,seated
5.42371,418,0.0187914,-0.127129,0.0,0.0,0.0,0.0,0.0,0.0,0.0,0.0,6.85547,-3.06052,0.00674,0.13537,Nothing,seated
5.44408,419,0.0166823,-0.120226,0.0,0.0,0.0,0.0,0.0,0.0,0.0,0.0,6.85547,-2.64959,0.00674,0.13537,Nothing,seated
5.45585,420,0.0157234,-0.122143,0.0,0.0,0.0,0.0,0.0,0.0,0.0,0.0,6.85547,-2.59909,0.00674,0.13537,Nothing,seated
5.4823,421,0.0161073,-0.11524,0.0,0.0,0.0,0.0,0.0,0.0,0.0,0.0,6.85547,-2.12625,0.00674,0.13537,Nothing,seated
5.49474,422,0.014765,-0.112364,0.0,0.0,0.0,0.0,0.0,0.0,0.0,0.0,6.85547,-2.09278,0.00674,0.13537,Nothing,seated
5.50709,423,0.014765,-0.112364,0.0,0.0,0.0,0.0,0.0,0.0,0.0,0.0,6.85547,0.0,0.00674,0.13537,Nothing,seated
5.51922,424,0.0166823,-0.120226,0.0,0.0,0.0,0.0,0.0,0.0,0.0,0.0,6.85547,0.0,0.00674,0.13537,Nothing,seated
5.53196,425,0.0166823,-0.120034,0.0,0.0,0.0,0.0,0.0,0.0,0.0,0.0,6.85547,0.0,0.00674,0.13537,Nothing,seated
5.54485,426,0.016874,-0.119842,0.0,0.0,0.0,0.0,0.0,0.0,0.0,0.0,6.85547,0.0,0.00674,0.13537,Nothing,seated
5.55722,427,0.0176412,-0.134032,0.0,0.0,0.0,0.0,0.0,0.0,0.0,0.0,6.85547,0.0,0.00674,0.13537,Nothing,seated
5.56809,428,0.0176412,-0.134032,0.0,0.0,0.0,0.0,0.0,0.0,0.0,0.0,6.85547,0.0,0.00674,0.13537,Nothing,seated
5.58252,429,0.0107381,-0.135949,0.0,0.0,0.0,0.0,0.0,0.0,0.0,0.0,6.67969,-2.77687,0.00674,0.13537,Nothing,seated
5.59353,430,0.0107381,-0.135758,0.0,0.0,0.0,0.0,0.0,0.0,0.0,0.0,6.67969,-2.8548,0.00674,0.13537,Nothing,seated
5.60558,431,0.00997132,-0.135758,0.0,0.0,0.0,0.0,0.0,0.0,0.0,0.0,6.67969,-2.89443,0.00674,0.13537,Nothing,seated
5.61721,432,0.00690335,-0.138826,0.0,0.0,0.0,0.0,0.0,0.0,0.0,0.0,6.67969,-2.93011,0.00674,0.13537,Nothing,seated
5.63045,433,0.00210923,-0.141894,0.0,0.0,0.0,0.0,0.0,0.0,0.0,0.0,6.67969,-2.81849,0.00674,0.13537,Nothing,seated
5.64309,434,0.00210923,-0.152631,0.0,0.0,0.0,0.0,0.0,0.0,0.0,0.0,6.67969,0.0,0.00674,0.13537,Nothing,seated
5.65485,435,0.00306815,-0.152631,0.0,0.0,0.0,0.0,0.0,0.0,0.0,0.0,6.67969,0.0,0.00674,0.13537,Nothing,seated
5.66638,436,-0.00191719,-0.166629,0.0,0.0,0.0,0.0,0.0,0.0,0.0,0.0,6.67969,0.0,0.00674,0.13537,Nothing,seated
5.67729,437,-0.00191719,-0.166629,0.0,0.0,0.0,0.0,0.0,0.0,0.0,0.0,6.67969,0.0,0.00674,0.13537,Nothing,seated
5.68734,438,-0.000958268,-0.183502,0.0,0.0,0.0,0.0,0.0,0.0,0.0,0.0,6.67969,0.0,0.00674,0.13537,Nothing,seated
5.70045,439,0.00210923,-0.183502,0.0,0.0,0.0,0.0,0.0,0.0,0.0,0.0,6.67969,0.0,0.00674,0.13537,Nothing,seated
5.71208,440,0.00210923,-0.183502,0.0,0.0,0.0,0.0,0.0,0.0,0.0,0.0,6.50391,-3.07127,0.00674,0.13537,Nothing,seated
5.72245,441,0.00210923,-0.183502,0.0,0.0,0.0,0.0,0.0,0.0,0.0,0.0,6.50391,-3.13508,0.00674,0.13537,Nothing,seated
5.73445,442,0.00210923,-0.18542,0.0,0.0,0.0,0.0,0.0,0.0,0.0,0.0,6.50391,-3.07505,0.00674,0.13537,Nothing,seated
5.74774,443,-0.00383455,-0.191364,0.0,0.0,0.0,0.0,0.0,0.0,0.0,0.0,6.50391,-2.91032,0.00674,0.13537,Nothing,seated
5.75899,444,-0.00383455,-0.191364,0.0,0.0,0.0,0.0,0.0,0.0,0.0,0.0,6.32812,-6.00523,0.00674,0.13537,Nothing,seated
5.76905,445,-0.00766975,-0.193282,0.0,0.0,0.0,0.0,0.0,0.0,0.0,0.0,6.32812,-3.0856,0.00674,0.13537,Nothing,seated
5.77934,446,-0.00766975,-0.193282,0.0,0.0,0.0,0.0,0.0,0.0,0.0,0.0,6.32812,-3.08986,0.00674,0.13537,Nothing,seated
5.79074,447,-0.00805313,-0.194049,0.0,0.0,0.0,0.0,0.0,0.0,0.0,0.0,6.32812,-3.12256,0.00674,0.13537,Nothing,seated
5.80285,448,-0.00824482,-0.195583,0.0,0.0,0.0,0.0,0.0,0.0,0.0,0.0,6.15234,-6.37915,0.00674,0.13537,Nothing,seated
5.81619,449,-0.00862819,-0.19635,0.0,0.0,0.0,0.0,0.0,0.0,0.0,0.0,6.15234,-3.07288,0.00674,0.13537,Nothing,seated
5.82875,450,-0.00901205,-0.197308,0.0,0.0,0.0,0.0,0.0,0.0,0.0,0.0,5.97656,-5.88952,0.00674,0.13537,Nothing,seated
5.84034,451,-0.00920374,-0.198267,0.0,0.0,0.0,0.0,0.0,0.0,0.0,0.0,5.97656,-5.76349,0.00674,0.13537,Nothing,seated
5.85184,452,-0.00920374,-0.200185,0.0,0.0,0.0,0.0,0.0,0.0,0.0,0.0,5.97656,-5.75454,0.00674,0.13537,Nothing,seated
5.86345,453,-0.00939542,-0.201335,0.0,0.0,0.0,0.0,0.0,0.0,0.0,0.0,5.80078,-5.80181,0.00674,0.13537,Nothing,seated
5.87484,454,-0.00958711,-0.203252,0.0,0.0,0.0,0.0,0.0,0.0,0.0,0.0,5.80078,-5.99493,0.00674,0.13537,Nothing,seated
5.88618,455,-0.0164903,-0.20632,0.0,0.0,0.0,0.0,0.0,0.0,0.0,0.0,5.625,-6.12148,0.00674,0.13537,Nothing,seated
5.89734,456,-0.0174487,-0.20632,0.0,0.0,0.0,0.0,0.0,0.0,0.0,0.0,5.625,-6.16751,0.00674,0.13537,Nothing,seated
5.90885,457,-0.0145724,-0.20632,0.0,0.0,0.0,0.0,0.0,0.0,0.0,0.0,5.44922,-9.24876,0.00674,0.13537,Nothing,seated
5.91909,458,-0.0145724,-0.206512,0.0,0.0,0.0,0.0,0.0,0.0,0.0,0.0,5.27344,-9.47815,0.00674,0.13537,Nothing,seated
5.93035,459,-0.0147641,-0.207471,0.0,0.0,0.0,0.0,0.0,0.0,0.0,0.0,5.27344,-9.49932,0.00674,0.13537,Nothing,seated
5.94322,460,-0.0149563,-0.205362,0.0,0.0,0.0,0.0,0.0,0.0,0.0,0.0,5.09766,-9.24535,0.00674,0.13537,Nothing,seated
5.95484,461,-0.013614,-0.205362,0.0,0.0,0.0,0.0,0.0,0.0,0.0,0.0,5.09766,-9.17194,0.00674,0.13537,Nothing,seated
5.96609,462,-0.013614,-0.206129,0.0,0.0,0.0,0.0,0.0,0.0,0.0,0.0,4.92188,-9.214,0.00674,0.13537,Nothing,seated
5.98571,463,-0.0138057,-0.209005,0.0,0.0,0.0,0.0,0.0,0.0,0.0,0.0,4.74609,-7.91512,0.00674,0.13537,Nothing,seated
5.99785,464,-0.0139974,-0.210539,0.0,0.0,0.0,0.0,0.0,0.0,0.0,0.0,4.57031,-10.4173,0.00674,0.13537,Nothing,seated
6.00887,465,-0.0139974,-0.212265,0.0,0.0,0.0,0.0,0.0,0.0,0.0,0.0,4.57031,-8.03228,0.00674,0.13537,Nothing,seated
6.01943,466,-0.0141891,-0.215716,0.0,0.0,0.0,0.0,0.0,0.0,0.0,0.0,4.39453,-10.8855,0.00674,0.13537,Nothing,seated
6.03974,467,-0.0141891,-0.217442,0.0,0.0,0.0,0.0,0.0,0.0,0.0,0.0,4.21875,-9.54618,0.00674,0.13537,Nothing,seated
6.05454,468,-0.0126551,-0.213224,0.0,0.0,0.0,0.0,0.0,0.0,0.0,0.0,4.04297,-10.2157,0.00674,0.13537,Nothing,seated
6.07522,469,-0.00862819,-0.205554,0.0,0.0,0.0,0.0,0.0,0.0,0.0,0.0,3.69141,-11.3594,0.00674,0.13537,Nothing,seated
6.08696,470,-0.00882036,-0.207471,0.0,0.0,0.0,0.0,0.0,0.0,0.0,0.0,3.69141,-11.2545,0.00674,0.13537,Nothing,seated
6.09703,471,-0.00882036,-0.20958,0.0,0.0,0.0,0.0,0.0,0.0,0.0,0.0,3.51562,-11.3267,0.00674,0.13537,Nothing,seated
6.10783,472,-0.00901205,-0.211114,0.0,0.0,0.0,0.0,0.0,0.0,0.0,0.0,3.33984,-12.908,0.00674,0.13537,Nothing,seated
6.1179,473,-0.00901205,-0.213032,0.0,0.0,0.0,0.0,0.0,0.0,0.0,0.0,3.16406,-13.8723,0.00674,0.13537,Nothing,seated
6.12797,474,-0.00920374,-0.191364,0.0,0.0,0.0,0.0,0.0,0.0,0.0,0.0,3.16406,-9.99729,0.00674,0.13537,Nothing,seated
6.13922,475,-0.0145724,-0.191364,0.0,0.0,0.0,0.0,0.0,0.0,0.0,0.0,2.98828,-13.4556,0.00674,0.13537,Nothing,seated
6.15221,476,-0.0174487,-0.179476,0.0,0.0,0.0,0.0,0.0,0.0,0.0,0.0,2.8125,-12.741,0.00674,0.13537,Nothing,seated
6.16334,477,-0.0174487,-0.179859,0.0,0.0,0.0,0.0,0.0,0.0,0.0,0.0,2.63672,-12.6673,0.00674,0.13537,Nothing,seated
6.1735,478,-0.023393,-0.164519,0.0,0.0,0.0,0.0,0.0,0.0,0.0,0.0,2.46094,-12.6464,0.00674,0.13537,Nothing,seated
6.18496,479,-0.023393,-0.164519,0.0,0.0,0.0,0.0,0.0,0.0,0.0,0.0,2.46094,-12.3368,0.00674,0.13537,Nothing,seated
6.19654,480,-0.023393,-0.167587,0.0,0.0,0.0,0.0,0.0,0.0,0.0,0.0,2.28516,-12.2666,0.00674,0.13537,Nothing,seated
6.20796,481,-0.0174487,-0.167587,0.0,0.0,0.0,0.0,0.0,0.0,0.0,0.0,2.10938,-12.614,0.00674,0.13537,Nothing,seated
6.21896,482,-0.0097788,-0.162602,0.0,0.0,0.0,0.0,0.0,0.0,0.0,0.0,1.93359,-12.6418,0.00674,0.13537,Nothing,seated
6.22921,483,-0.00958711,-0.164328,0.0,0.0,0.0,0.0,0.0,0.0,0.0,0.0,1.75781,-12.6194,0.00674,0.13537,Nothing,seated
6.23985,484,-0.00920374,-0.166245,0.0,0.0,0.0,0.0,0.0,0.0,0.0,0.0,1.75781,-12.8102,0.00674,0.13537,Nothing,seated
6.25471,485,-0.00882036,-0.169313,0.0,0.0,0.0,0.0,0.0,0.0,0.0,0.0,1.58203,-12.0866,0.00674,0.13537,Nothing,seated
6.26625,486,-0.0084365,-0.170655,0.0,0.0,0.0,0.0,0.0,0.0,0.0,0.0,1.40625,-12.0607,0.00674,0.13537,Nothing,seated
6.27754,487,-0.00805313,-0.171806,0.0,0.0,0.0,0.0,0.0,0.0,0.0,0.0,1.23047,-12.0034,0.00674,0.13537,Nothing,seated
6.28822,488,-0.00805313,-0.172573,0.0,0.0,0.0,0.0,0.0,0.0,0.0,0.0,1.23047,-8.9368,0.00674,0.13537,Nothing,seated
6.29932,489,-0.00786144,-0.173723,0.0,0.0,0.0,0.0,0.0,0.0,0.0,0.0,1.05469,-11.8236,0.00674,0.13537,Nothing,seated
6.3094,490,1.74846e-07,-0.141894,0.0,0.0,0.0,0.0,0.0,0.0,0.0,0.0,1.05469,-9.64349,0.00674,0.13537,Nothing,seated
6.32171,491,0.0118887,-0.131922,0.0,0.0,0.0,0.0,0.0,0.0,0.0,0.0,0.878906,-9.50924,0.00674,0.13537,Nothing,seated
6.33369,492,0.0118887,-0.128088,0.0,0.0,0.0,0.0,0.0,0.0,0.0,0.0,0.703125,-9.39051,0.00674,0.13537,Nothing,seated
6.34622,493,0.0128471,-0.128088,0.0,0.0,0.0,0.0,0.0,0.0,0.0,0.0,0.703125,-9.09305,0.00674,0.13537,Nothing,seated
6.36134,494,0.00786179,-0.132881,0.0,0.0,0.0,0.0,0.0,0.0,0.0,0.0,0.527344,-8.50292,0.00674,0.13537,Nothing,seated
6.37422,495,0.00786179,-0.132881,0.0,0.0,0.0,0.0,0.0,0.0,0.0,0.0,0.351562,-10.8467,0.00674,0.13537,Nothing,seated
6.38625,496,0.00977915,-0.136908,0.0,0.0,0.0,0.0,0.0,0.0,0.0,0.0,0.351562,-8.17051,0.00674,0.13537,Nothing,seated
6.39774,497,0.00977915,-0.13825,0.0,0.0,0.0,0.0,0.0,0.0,0.0,0.0,0.351562,-5.48939,0.00674,0.13537,Nothing,seated
6.4078,498,0.00997132,-0.139209,0.0,0.0,0.0,0.0,0.0,0.0,0.0,0.0,0.175781,-8.56234,0.00674,0.13537,Nothing,seated
6.41922,499,0.010163,-0.140167,0.0,0.0,0.0,0.0,0.0,0.0,0.0,0.0,0.175781,-6.07365,0.00674,0.13537,Nothing,seated
6.43108,500,0.010163,-0.140935,0.0,0.0,0.0,0.0,0.0,0.0,0.0,0.0,0.175781,-3.0912,0.00674,0.13537,Nothing,seated
6.44254,501,0.010163,-0.141701,0.0,0.0,0.0,0.0,0.0,0.0,0.0,0.0,0.0,-6.24578,0.00674,0.13537,Nothing,seated
6.45384,502,0.010163,-0.142085,0.0,0.0,0.0,0.0,0.0,0.0,0.0,0.0,0.0,-6.26683,0.00674,0.13537,Nothing,seated
6.46601,503,0.0103547,-0.142852,0.0,0.0,0.0,0.0,0.0,0.0,0.0,0.0,0.0,-3.01983,0.00674,0.13537,Nothing,seated
6.47708,504,0.0103547,-0.144003,0.0,0.0,0.0,0.0,0.0,0.0,0.0,0.0,0.0,-3.03779,0.00674,0.13537,Nothing,seated
6.48809,505,0.0105464,-0.144962,0.0,0.0,0.0,0.0,0.0,0.0,0.0,0.0,0.0,-3.08381,0.00674,0.13537,Nothing,seated
6.4994,506,0.0109298,-0.161643,0.0,0.0,0.0,0.0,0.0,0.0,0.0,0.0,-0.175781,-3.09154,0.00674,0.13537,Nothing,seated
6.51108,507,0.020517,-0.161643,0.0,0.0,0.0,0.0,0.0,0.0,0.0,0.0,-0.175781,-3.07063,0.00674,0.13537,Nothing,seated
6.52396,508,0.0166823,-0.171806,0.0,0.0,0.0,0.0,0.0,0.0,0.0,0.0,-0.175781,-3.03338,0.00674,0.13537,Nothing,seated
6.53696,509,0.0166823,-0.172189,0.0,0.0,0.0,0.0,0.0,0.0,0.0,0.0,-0.175781,-2.93567,0.00674,0.13537,Nothing,seated
6.54754,510,0.0164906,-0.172573,0.0,0.0,0.0,0.0,0.0,0.0,0.0,0.0,-0.175781,-2.95658,0.00674,0.13537,Nothing,seated
6.55761,511,0.0164906,-0.173148,0.0,0.0,0.0,0.0,0.0,0.0,0.0,0.0,-0.175781,0.0,0.00674,0.13537,Nothing,seated
6.56785,512,0.0166823,-0.173723,0.0,0.0,0.0,0.0,0.0,0.0,0.0,0.0,-0.351562,-3.09653,0.00674,0.13537,Nothing,seated
6.57792,513,0.0166823,-0.174107,0.0,0.0,0.0,0.0,0.0,0.0,0.0,0.0,-0.351562,-3.25805,0.00674,0.13537,Nothing,seated
6.58799,514,0.016874,-0.174682,0.0,0.0,0.0,0.0,0.0,0.0,0.0,0.0,-0.351562,-3.44498,0.00674,0.13537,Nothing,seated
6.5989,515,0.0166823,-0.175066,0.0,0.0,0.0,0.0,0.0,0.0,0.0,0.0,-0.351562,-3.42259,0.00674,0.13537,Nothing,seated
6.60935,516,0.0164906,-0.175449,0.0,0.0,0.0,0.0,0.0,0.0,0.0,0.0,-0.351562,-3.39746,0.00674,0.13537,Nothing,seated
6.62175,517,0.0107381,-0.19635,0.0,0.0,0.0,0.0,0.0,0.0,0.0,0.0,-0.351562,0.0,0.00674,0.13537,Nothing,seated
6.63249,518,0.0107381,-0.209197,0.0,0.0,0.0,0.0,0.0,0.0,0.0,0.0,-0.351562,0.0,0.00674,0.13537,Nothing,seated
6.64351,519,0.00882071,-0.209197,0.0,0.0,0.0,0.0,0.0,0.0,0.0,0.0,-0.351562,0.0,0.00674,0.13537,Nothing,seated
6.65545,520,0.00882071,-0.209197,0.0,0.0,0.0,0.0,0.0,0.0,0.0,0.0,-0.351562,0.0,0.00674,0.13537,Nothing,seated
6.66774,521,0.0090124,-0.209388,0.0,0.0,0.0,0.0,0.0,0.0,0.0,0.0,-0.351562,0.0,0.00674,0.13537,Nothing,seated
6.67934,522,0.00402706,-0.215333,0.0,0.0,0.0,0.0,0.0,0.0,0.0,0.0,-0.351562,0.0,0.00674,0.13537,Nothing,seated
6.69046,523,1.74846e-07,-0.215333,0.0,0.0,0.0,0.0,0.0,0.0,0.0,0.0,-0.351562,0.0,0.00674,0.13537,Nothing,seated
6.70134,524,1.74846e-07,-0.215333,0.0,0.0,0.0,0.0,0.0,0.0,0.0,0.0,-0.351562,0.0,0.00674,0.13537,Nothing,seated
6.71354,525,0.00882071,-0.224345,0.0,0.0,0.0,0.0,0.0,0.0,0.0,0.0,-0.527344,-3.02637,0.00674,0.13537,Nothing,seated
6.72554,526,0.0090124,-0.224345,0.0,0.0,0.0,0.0,0.0,0.0,0.0,0.0,-0.527344,-3.0412,0.00674,0.13537,Nothing,seated
6.73846,527,0.00939577,-0.224537,0.0,0.0,0.0,0.0,0.0,0.0,0.0,0.0,-0.527344,-2.97356,0.00674,0.13537,Nothing,seated
6.74996,528,0.00997132,-0.224728,0.0,0.0,0.0,0.0,0.0,0.0,0.0,0.0,-0.527344,-2.95401,0.00674,0.13537,Nothing,seated
6.76003,529,0.00958746,-0.224728,0.0,0.0,0.0,0.0,0.0,0.0,0.0,0.0,-0.527344,-2.99506,0.00674,0.13537,Nothing,seated
6.77222,530,0.00939577,-0.224728,0.0,0.0,0.0,0.0,0.0,0.0,0.0,0.0,-0.527344,0.0,0.00674,0.13537,Nothing,seated
6.78375,531,0.00920409,-0.224728,0.0,0.0,0.0,0.0,0.0,0.0,0.0,0.0,-0.527344,0.0,0.00674,0.13537,Nothing,seated
6.79381,532,0.0090124,-0.224537,0.0,0.0,0.0,0.0,0.0,0.0,0.0,0.0,-0.527344,0.0,0.00674,0.13537,Nothing,seated
6.80384,533,0.00882071,-0.234316,0.0,0.0,0.0,0.0,0.0,0.0,0.0,0.0,-0.527344,0.0,0.00674,0.13537,Nothing,seated
6.82346,534,-0.0097788,-0.234316,0.0,0.0,0.0,0.0,0.0,0.0,0.0,0.0,-0.527344,0.0,0.00674,0.13537,Nothing,seated
6.83535,535,-0.0097788,-0.235274,0.0,0.0,0.0,0.0,0.0,0.0,0.0,0.0,-0.527344,0.0,0.00674,0.13537,Nothing,seated
6.84634,536,-0.0097788,-0.234891,0.0,0.0,0.0,0.0,0.0,0.0,0.0,0.0,-0.527344,0.0,0.00674,0.13537,Nothing,seated
6.85854,537,-0.00958711,-0.232207,0.0,0.0,0.0,0.0,0.0,0.0,0.0,0.0,-0.527344,0.0,0.00674,0.13537,Nothing,seated
6.87054,538,-0.0145724,-0.232207,0.0,0.0,0.0,0.0,0.0,0.0,0.0,0.0,-0.527344,0.0,0.00674,0.13537,Nothing,seated
6.88209,539,-0.0145724,-0.232207,0.0,0.0,0.0,0.0,0.0,0.0,0.0,0.0,-0.527344,0.0,0.00674,0.13537,Nothing,seated
6.89396,540,-0.0193661,-0.233357,0.0,0.0,0.0,0.0,0.0,0.0,0.0,0.0,-0.527344,0.0,0.00674,0.13537,Nothing,seated
6.90555,541,-0.0193661,-0.230289,0.0,0.0,0.0,0.0,0.0,0.0,0.0,0.0,-0.527344,0.0,0.00674,0.13537,Nothing,seated
6.91697,542,-0.0214756,-0.230289,0.0,0.0,0.0,0.0,0.0,0.0,0.0,0.0,-0.527344,0.0,0.00674,0.13537,Nothing,seated
6.92922,543,-0.0193661,-0.233357,0.0,0.0,0.0,0.0,0.0,0.0,0.0,0.0,-0.527344,0.0,0.00674,0.13537,Nothing,seated
6.94174,544,-0.0193661,-0.233357,0.0,0.0,0.0,0.0,0.0,0.0,0.0,0.0,-0.527344,0.0,0.00674,0.13537,Nothing,seated
6.95322,545,-0.023393,-0.232207,0.0,0.0,0.0,0.0,0.0,0.0,0.0,0.0,-0.351562,2.96652,0.00674,0.13537,Nothing,seated
6.96612,546,-0.023393,-0.237192,0.0,0.0,0.0,0.0,0.0,0.0,0.0,0.0,-0.351562,2.90193,0.00674,0.13537,Nothing,seated
6.97775,547,-0.023393,-0.237192,0.0,0.0,0.0,0.0,0.0,0.0,0.0,0.0,-0.351562,2.89214,0.00674,0.13537,Nothing,seated
6.98859,548,-0.023393,-0.232398,0.0,0.0,0.0,0.0,0.0,0.0,0.0,0.0,-0.351562,2.9608,0.00674,0.13537,Nothing,seated
7.00055,549,-0.0253103,-0.232398,0.0,0.0,0.0,0.0,0.0,0.0,0.0,0.0,-0.351562,2.98913,0.00674,0.13537,Nothing,seated
7.01122,550,-0.0262693,-0.230289,0.0,0.0,0.0,0.0,0.0,0.0,0.0,0.0,-0.351562,0.0,0.00674,0.13537,Nothing,seated
7.02222,551,-0.0262693,-0.230289,0.0,0.0,0.0,0.0,0.0,0.0,0.0,0.0,-0.351562,0.0,0.00674,0.13537,Nothing,seated
7.03474,552,-0.0243519,-0.236233,0.0,0.0,0.0,0.0,0.0,0.0,0.0,0.0,-0.351562,0.0,0.00674,0.13537,Nothing,seated
7.04622,553,-0.0243519,-0.236233,0.0,0.0,0.0,0.0,0.0,0.0,0.0,0.0,-0.351562,0.0,0.00674,0.13537,Nothing,seated
7.06134,554,-0.0253103,-0.237192,0.0,0.0,0.0,0.0,0.0,0.0,0.0,0.0,-0.351562,0.0,0.00674,0.13537,Nothing,seated
7.07545,555,-0.0243519,-0.231248,0.0,0.0,0.0,0.0,0.0,0.0,0.0,0.0,-0.351562,0.0,0.00674,0.13537,Nothing,seated
7.08685,556,-0.0243519,-0.231248,0.0,0.0,0.0,0.0,0.0,0.0,0.0,0.0,-0.175781,2.71972,0.00674,0.13537,Nothing,seated
7.09722,557,-0.0174487,-0.233357,0.0,0.0,0.0,0.0,0.0,0.0,0.0,0.0,-0.175781,2.81348,0.00674,0.13537,Nothing,seated
7.10974,558,-0.0174487,-0.231248,0.0,0.0,0.0,0.0,0.0,0.0,0.0,0.0,-0.175781,2.76726,0.00674,0.13537,Nothing,seated
7.12275,559,-0.0174487,-0.231248,0.0,0.0,0.0,0.0,0.0,0.0,0.0,0.0,-0.175781,2.86258,0.00674,0.13537,Nothing,seated
7.13354,560,-0.0155314,-0.234316,0.0,0.0,0.0,0.0,0.0,0.0,0.0,0.0,-0.175781,3.02627,0.00674,0.13537,Nothing,seated
7.14586,561,-0.0155314,-0.234316,0.0,0.0,0.0,0.0,0.0,0.0,0.0,0.0,-0.175781,0.0,0.00674,0.13537,Nothing,seated
7.15738,562,-0.0155314,-0.233741,0.0,0.0,0.0,0.0,0.0,0.0,0.0,0.0,-0.175781,0.0,0.00674,0.13537,Nothing,seated
7.17149,563,-0.0107377,-0.234316,0.0,0.0,0.0,0.0,0.0,0.0,0.0,0.0,-0.175781,0.0,0.00674,0.13537,Nothing,seated
7.18752,564,-0.00383455,-0.231248,0.0,0.0,0.0,0.0,0.0,0.0,0.0,0.0,-0.175781,0.0,0.00674,0.13537,Nothing,seated
7.20175,565,-0.00479347,-0.232207,0.0,0.0,0.0,0.0,0.0,0.0,0.0,0.0,-0.175781,0.0,0.00674,0.13537,Nothing,seated
7.21283,566,-0.00479347,-0.232207,0.0,0.0,0.0,0.0,0.0,0.0,0.0,0.0,-0.175781,0.0,0.00674,0.13537,Nothing,seated
7.22296,567,0.00210923,-0.234316,0.0,0.0,0.0,0.0,0.0,0.0,0.0,0.0,-0.175781,0.0,0.00674,0.13537,Nothing,seated
7.23303,568,0.00210923,-0.234316,0.0,0.0,0.0,0.0,0.0,0.0,0.0,0.0,-0.175781,0.0,0.00674,0.13537,Nothing,seated
7.24659,569,0.00210923,-0.237192,0.0,0.0,0.0,0.0,0.0,0.0,0.0,0.0,-0.175781,0.0,0.00674,0.13537,Nothing,seated
7.25809,570,0.00210923,-0.233357,0.0,0.0,0.0,0.0,0.0,0.0,0.0,0.0,-0.175781,0.0,0.00674,0.13537,Nothing,seated
7.26885,571,0.0107381,-0.233357,0.0,0.0,0.0,0.0,0.0,0.0,0.0,0.0,-0.175781,0.0,0.00674,0.13537,Nothing,seated
7.28192,572,0.00977915,-0.234316,0.0,0.0,0.0,0.0,0.0,0.0,0.0,0.0,-0.175781,0.0,0.00674,0.13537,Nothing,seated
7.29296,573,0.00977915,-0.234316,0.0,0.0,0.0,0.0,0.0,0.0,0.0,0.0,0.0,2.93301,0.00674,0.13537,Nothing,seated
7.30303,574,0.013806,-0.237384,0.0,0.0,0.0,0.0,0.0,0.0,0.0,0.0,0.0,3.11425,0.00674,0.13537,Nothing,seated
7.31321,575,0.013806,-0.237384,0.0,0.0,0.0,0.0,0.0,0.0,0.0,0.0,0.0,3.18862,0.00674,0.13537,Nothing,seated
7.32571,576,0.0157234,-0.231248,0.0,0.0,0.0,0.0,0.0,0.0,0.0,0.0,0.0,3.09159,0.00674,0.13537,Nothing,seated
7.33684,577,0.0157234,-0.231248,0.0,0.0,0.0,0.0,0.0,0.0,0.0,0.0,0.0,3.20049,0.00674,0.13537,Nothing,seated
7.349,578,0.014765,-0.235274,0.0,0.0,0.0,0.0,0.0,0.0,0.0,0.0,0.0,0.0,0.00674,0.13537,Nothing,seated
7.36322,579,0.0176412,-0.234316,0.0,0.0,0.0,0.0,0.0,0.0,0.0,0.0,0.0,0.0,0.00674,0.13537,Nothing,seated
7.37422,580,0.0176412,-0.234316,0.0,0.0,0.0,0.0,0.0,0.0,0.0,0.0,0.0,0.0,0.00674,0.13537,Nothing,seated
7.38634,581,0.0176412,-0.237384,0.0,0.0,0.0,0.0,0.0,0.0,0.0,0.0,0.0,0.0,0.00674,0.13537,Nothing,seated
7.39784,582,0.0176412,-0.237384,0.0,0.0,0.0,0.0,0.0,0.0,0.0,0.0,0.0,0.0,0.00674,0.13537,Nothing,seated
7.40791,583,0.0195586,-0.233357,0.0,0.0,0.0,0.0,0.0,0.0,0.0,0.0,0.0,0.0,0.00674,0.13537,Nothing,seated
7.41798,584,0.0195586,-0.233357,0.0,0.0,0.0,0.0,0.0,0.0,0.0,0.0,0.0,0.0,0.00674,0.13537,Nothing,seated
7.42834,585,0.021476,-0.235274,0.0,0.0,0.0,0.0,0.0,0.0,0.0,0.0,0.175781,3.24817,0.00674,0.13537,Nothing,seated
7.4384,586,0.021476,-0.235274,0.0,0.0,0.0,0.0,0.0,0.0,0.0,0.0,0.175781,3.37703,0.00674,0.13537,Nothing,seated
7.44846,587,0.0233933,-0.237192,0.0,0.0,0.0,0.0,0.0,0.0,0.0,0.0,0.175781,3.47305,0.00674,0.13537,Nothing,seated
7.45945,588,0.0233933,-0.232207,0.0,0.0,0.0,0.0,0.0,0.0,0.0,0.0,0.175781,3.41051,0.00674,0.13537,Nothing,seated
7.47074,589,0.0224349,-0.232207,0.0,0.0,0.0,0.0,0.0,0.0,0.0,0.0,0.175781,3.33148,0.00674,0.13537,Nothing,seated
7.48434,590,0.0166823,-0.233357,0.0,0.0,0.0,0.0,0.0,0.0,0.0,0.0,0.175781,0.0,0.00674,0.13537,Nothing,seated
7.49722,591,0.0166823,-0.233357,0.0,0.0,0.0,0.0,0.0,0.0,0.0,0.0,0.175781,0.0,0.00674,0.13537,Nothing,seated
7.50885,592,0.0195586,-0.233357,0.0,0.0,0.0,0.0,0.0,0.0,0.0,0.0,0.175781,0.0,0.00674,0.13537,Nothing,seated
7.51892,593,0.0195586,-0.235274,0.0,0.0,0.0,0.0,0.0,0.0,0.0,0.0,0.175781,0.0,0.00674,0.13537,Nothing,seated
7.52898,594,0.0157234,-0.235274,0.0,0.0,0.0,0.0,0.0,0.0,0.0,0.0,0.351562,3.01834,0.00674,0.13537,Nothing,seated
7.53996,595,0.0157234,-0.232207,0.0,0.0,0.0,0.0,0.0,0.0,0.0,0.0,0.351562,3.16034,0.00674,0.13537,Nothing,seated
7.55034,596,0.013806,-0.232207,0.0,0.0,0.0,0.0,0.0,0.0,0.0,0.0,0.351562,3.30883,0.00674,0.13537,Nothing,seated
7.56196,597,0.013806,-0.232207,0.0,0.0,0.0,0.0,0.0,0.0,0.0,0.0,0.351562,3.30965,0.00674,0.13537,Nothing,seated
7.57222,598,0.013806,-0.238342,0.0,0.0,0.0,0.0,0.0,0.0,0.0,0.0,0.351562,3.29779,0.00674,0.13537,Nothing,seated
7.58336,599,0.013806,-0.238342,0.0,0.0,0.0,0.0,0.0,0.0,0.0,0.0,0.351562,0.0,0.00674,0.13537,Nothing,seated
7.59343,600,0.0118887,-0.231248,0.0,0.0,0.0,0.0,0.0,0.0,0.0,0.0,0.351562,0.0,0.00674,0.13537,Nothing,seated
7.60478,601,0.0118887,-0.231248,0.0,0.0,0.0,0.0,0.0,0.0,0.0,0.0,0.351562,0.0,0.00674,0.13537,Nothing,seated
7.61715,602,0.0107381,-0.236233,0.0,0.0,0.0,0.0,0.0,0.0,0.0,0.0,0.351562,0.0,0.00674,0.13537,Nothing,seated
7.62874,603,0.0107381,-0.235274,0.0,0.0,0.0,0.0,0.0,0.0,0.0,0.0,0.351562,0.0,0.00674,0.13537,Nothing,seated
7.64109,604,0.00882071,-0.235274,0.0,0.0,0.0,0.0,0.0,0.0,0.0,0.0,0.351562,0.0,0.00674,0.13537,Nothing,seated
7.6525,605,0.00690335,-0.230289,0.0,0.0,0.0,0.0,0.0,0.0,0.0,0.0,0.351562,0.0,0.00674,0.13537,Nothing,seated
7.66587,606,0.00690335,-0.230289,0.0,0.0,0.0,0.0,0.0,0.0,0.0,0.0,0.351562,0.0,0.00674,0.13537,Nothing,seated
7.67685,607,0.00498551,-0.236233,0.0,0.0,0.0,0.0,0.0,0.0,0.0,0.0,0.351562,0.0,0.00674,0.13537,Nothing,seated
7.68822,608,0.00498551,-0.236233,0.0,0.0,0.0,0.0,0.0,0.0,0.0,0.0,0.527344,2.95522,0.00674,0.13537,Nothing,seated
7.70422,609,1.74846e-07,-0.236233,0.0,0.0,0.0,0.0,0.0,0.0,0.0,0.0,0.527344,2.78403,0.00674,0.13537,Nothing,seated
7.71554,610,1.74846e-07,-0.237384,0.0,0.0,0.0,0.0,0.0,0.0,0.0,0.0,0.527344,2.78864,0.00674,0.13537,Nothing,seated
7.72645,611,1.74846e-07,-0.237384,0.0,0.0,0.0,0.0,0.0,0.0,0.0,0.0,0.527344,2.90125,0.00674,0.13537,Nothing,seated
7.73797,612,1.74846e-07,-0.235274,0.0,0.0,0.0,0.0,0.0,0.0,0.0,0.0,0.527344,2.87619,0.00674,0.13537,Nothing,seated
7.7489,613,1.74846e-07,-0.235274,0.0,0.0,0.0,0.0,0.0,0.0,0.0,0.0,0.527344,0.0,0.00674,0.13537,Nothing,seated
7.76172,614,-0.00191719,-0.233357,0.0,0.0,0.0,0.0,0.0,0.0,0.0,0.0,0.527344,0.0,0.00674,0.13537,Nothing,seated
7.77347,615,-0.00575239,-0.234316,0.0,0.0,0.0,0.0,0.0,0.0,0.0,0.0,0.527344,0.0,0.00674,0.13537,Nothing,seated
7.78759,616,-0.00575239,-0.234316,0.0,0.0,0.0,0.0,0.0,0.0,0.0,0.0,0.527344,0.0,0.00674,0.13537,Nothing,seated
7.79823,617,-0.00479347,-0.22933,0.0,0.0,0.0,0.0,0.0,0.0,0.0,0.0,0.527344,0.0,0.00674,0.13537,Nothing,seated
7.80874,618,-0.00479347,-0.22933,0.0,0.0,0.0,0.0,0.0,0.0,0.0,0.0,0.527344,0.0,0.00674,0.13537,Nothing,seated
7.81912,619,-0.013614,-0.235274,0.0,0.0,0.0,0.0,0.0,0.0,0.0,0.0,0.527344,0.0,0.00674,0.13537,Nothing,seated
7.83008,620,-0.013614,-0.233357,0.0,0.0,0.0,0.0,0.0,0.0,0.0,0.0,0.527344,0.0,0.00674,0.13537,Nothing,seated
7.84196,621,-0.013614,-0.233357,0.0,0.0,0.0,0.0,0.0,0.0,0.0,0.0,0.703125,3.23329,0.00674,0.13537,Nothing,seated
7.85272,622,-0.013614,-0.237384,0.0,0.0,0.0,0.0,0.0,0.0,0.0,0.0,0.703125,3.22604,0.00674,0.13537,Nothing,seated
7.86309,623,-0.0164903,-0.237384,0.0,0.0,0.0,0.0,0.0,0.0,0.0,0.0,0.703125,3.23446,0.00674,0.13537,Nothing,seated
7.87334,624,-0.0164903,-0.235274,0.0,0.0,0.0,0.0,0.0,0.0,0.0,0.0,0.703125,3.24209,0.00674,0.13537,Nothing,seated
7.88522,625,-0.0164903,-0.235274,0.0,0.0,0.0,0.0,0.0,0.0,0.0,0.0,0.703125,3.18796,0.00674,0.13537,Nothing,seated
7.89825,626,-0.0214756,-0.22933,0.0,0.0,0.0,0.0,0.0,0.0,0.0,0.0,0.703125,0.0,0.00674,0.13537,Nothing,seated
7.91023,627,-0.0214756,-0.235274,0.0,0.0,0.0,0.0,0.0,0.0,0.0,0.0,0.703125,0.0,0.00674,0.13537,Nothing,seated
7.92197,628,-0.0184076,-0.235274,0.0,0.0,0.0,0.0,0.0,0.0,0.0,0.0,0.703125,0.0,0.00674,0.13537,Nothing,seated
7.93496,629,-0.0193661,-0.233357,0.0,0.0,0.0,0.0,0.0,0.0,0.0,0.0,0.703125,0.0,0.00674,0.13537,Nothing,seated
7.94622,630,-0.0193661,-0.233357,0.0,0.0,0.0,0.0,0.0,0.0,0.0,0.0,0.703125,0.0,0.00674,0.13537,Nothing,seated
7.95762,631,-0.0262693,-0.233357,0.0,0.0,0.0,0.0,0.0,0.0,0.0,0.0,0.703125,0.0,0.00674,0.13537,Nothing,seated
7.96835,632,-0.0262693,-0.233357,0.0,0.0,0.0,0.0,0.0,0.0,0.0,0.0,0.703125,0.0,0.00674,0.13537,Nothing,seated
7.98312,633,-0.0193661,-0.236233,0.0,0.0,0.0,0.0,0.0,0.0,0.0,0.0,0.703125,0.0,0.00674,0.13537,Nothing,seated
7.99522,634,-0.0193661,-0.237384,0.0,0.0,0.0,0.0,0.0,0.0,0.0,0.0,0.703125,0.0,0.00674,0.13537,Nothing,seated
8.00622,635,-0.0193661,-0.237384,0.0,0.0,0.0,0.0,0.0,0.0,0.0,0.0,0.703125,0.0,0.00674,0.13537,Nothing,seated
8.01722,636,-0.0193661,-0.233357,0.0,0.0,0.0,0.0,0.0,0.0,0.0,0.0,0.703125,0.0,0.00674,0.13537,Nothing,seated
8.02934,637,-0.0193661,-0.233357,0.0,0.0,0.0,0.0,0.0,0.0,0.0,0.0,0.703125,0.0,0.00674,0.13537,Nothing,seated
8.04209,638,-0.0164903,-0.233357,0.0,0.0,0.0,0.0,0.0,0.0,0.0,0.0,0.703125,0.0,0.00674,0.13537,Nothing,seated
8.05334,639,-0.0164903,-0.233357,0.0,0.0,0.0,0.0,0.0,0.0,0.0,0.0,0.703125,0.0,0.00674,0.13537,Nothing,seated
8.06746,640,-0.0164903,-0.233357,0.0,0.0,0.0,0.0,0.0,0.0,0.0,0.0,0.703125,0.0,0.00674,0.13537,Nothing,seated
8.07954,641,-0.0116962,-0.234316,0.0,0.0,0.0,0.0,0.0,0.0,0.0,0.0,0.703125,0.0,0.00674,0.13537,Nothing,seated
8.09096,642,-0.0116962,-0.234316,0.0,0.0,0.0,0.0,0.0,0.0,0.0,0.0,0.703125,0.0,0.00674,0.13537,Nothing,seated
8.10585,643,-0.0097788,-0.234316,0.0,0.0,0.0,0.0,0.0,0.0,0.0,0.0,0.703125,0.0,0.00674,0.13537,Nothing,seated
8.11675,644,-0.00575239,-0.233357,0.0,0.0,0.0,0.0,0.0,0.0,0.0,0.0,0.703125,0.0,0.00674,0.13537,Nothing,seated
8.12685,645,-0.00575239,-0.233357,0.0,0.0,0.0,0.0,0.0,0.0,0.0,0.0,0.527344,-2.95949,0.00674,0.13537,Nothing,seated
8.13809,646,-0.000958268,-0.234316,0.0,0.0,0.0,0.0,0.0,0.0,0.0,0.0,0.527344,-3.00222,0.00674,0.13537,Nothing,seated
8.1487,647,-0.000958268,-0.234316,0.0,0.0,0.0,0.0,0.0,0.0,0.0,0.0,0.527344,-3.04435,0.00674,0.13537,Nothing,seated
8.15909,648,-0.00191719,-0.235274,0.0,0.0,0.0,0.0,0.0,0.0,0.0,0.0,0.527344,-3.30218,0.00674,0.13537,Nothing,seated
8.17022,649,-0.00191719,-0.235274,0.0,0.0,0.0,0.0,0.0,0.0,0.0,0.0,0.527344,-3.28745,0.00674,0.13537,Nothing,seated
8.18422,650,0.00210923,-0.233357,0.0,0.0,0.0,0.0,0.0,0.0,0.0,0.0,0.527344,0.0,0.00674,0.13537,Nothing,seated
8.19585,651,0.00690335,-0.233357,0.0,0.0,0.0,0.0,0.0,0.0,0.0,0.0,0.527344,0.0,0.00674,0.13537,Nothing,seated
8.20622,652,0.00690335,-0.234316,0.0,0.0,0.0,0.0,0.0,0.0,0.0,0.0,0.527344,0.0,0.00674,0.13537,Nothing,seated
8.21735,653,0.00690335,-0.234316,0.0,0.0,0.0,0.0,0.0,0.0,0.0,0.0,0.527344,0.0,0.00674,0.13537,Nothing,seated
8.22754,654,0.00690335,-0.232207,0.0,0.0,0.0,0.0,0.0,0.0,0.0,0.0,0.527344,0.0,0.00674,0.13537,Nothing,seated
8.23761,655,0.00690335,-0.232207,0.0,0.0,0.0,0.0,0.0,0.0,0.0,0.0,0.527344,0.0,0.00674,0.13537,Nothing,seated
8.24768,656,0.00882071,-0.237384,0.0,0.0,0.0,0.0,0.0,0.0,0.0,0.0,0.527344,0.0,0.00674,0.13537,Nothing,seated
8.25774,657,0.00882071,-0.237384,0.0,0.0,0.0,0.0,0.0,0.0,0.0,0.0,0.527344,0.0,0.00674,0.13537,Nothing,seated
8.26781,658,0.0107381,-0.231248,0.0,0.0,0.0,0.0,0.0,0.0,0.0,0.0,0.351562,-3.48345,0.00674,0.13537,Nothing,seated
8.27922,659,0.0107381,-0.234316,0.0,0.0,0.0,0.0,0.0,0.0,0.0,0.0,0.351562,-3.40148,0.00674,0.13537,Nothing,seated
8.29145,660,0.0118887,-0.234316,0.0,0.0,0.0,0.0,0.0,0.0,0.0,0.0,0.351562,-3.2647,0.00674,0.13537,Nothing,seated
8.30435,661,0.00882071,-0.236233,0.0,0.0,0.0,0.0,0.0,0.0,0.0,0.0,0.351562,-3.10167,0.00674,0.13537,Nothing,seated
8.31551,662,0.00882071,-0.236233,0.0,0.0,0.0,0.0,0.0,0.0,0.0,0.0,0.351562,-3.04273,0.00674,0.13537,Nothing,seated
8.32609,663,0.00977915,-0.235274,0.0,0.0,0.0,0.0,0.0,0.0,0.0,0.0,0.351562,0.0,0.00674,0.13537,Nothing,seated
8.33659,664,0.00977915,-0.235274,0.0,0.0,0.0,0.0,0.0,0.0,0.0,0.0,0.351562,0.0,0.00674,0.13537,Nothing,seated
8.34666,665,0.0157234,-0.232207,0.0,0.0,0.0,0.0,0.0,0.0,0.0,0.0,0.351562,0.0,0.00674,0.13537,Nothing,seated
8.35674,666,0.0157234,-0.232207,0.0,0.0,0.0,0.0,0.0,0.0,0.0,0.0,0.351562,0.0,0.00674,0.13537,Nothing,seated
8.36722,667,0.014765,-0.235274,0.0,0.0,0.0,0.0,0.0,0.0,0.0,0.0,0.351562,0.0,0.00674,0.13537,Nothing,seated
8.37822,668,0.014765,-0.235274,0.0,0.0,0.0,0.0,0.0,0.0,0.0,0.0,0.351562,0.0,0.00674,0.13537,Nothing,seated
8.38859,669,0.0157234,-0.235274,0.0,0.0,0.0,0.0,0.0,0.0,0.0,0.0,0.351562,0.0,0.00674,0.13537,Nothing,seated
8.39868,670,0.0157234,-0.235274,0.0,0.0,0.0,0.0,0.0,0.0,0.0,0.0,0.351562,0.0,0.00674,0.13537,Nothing,seated
8.41034,671,0.0118887,-0.235274,0.0,0.0,0.0,0.0,0.0,0.0,0.0,0.0,0.351562,0.0,0.00674,0.13537,Nothing,seated
8.42225,672,0.0118887,-0.232207,0.0,0.0,0.0,0.0,0.0,0.0,0.0,0.0,0.351562,0.0,0.00674,0.13537,Nothing,seated
8.43454,673,0.013806,-0.232207,0.0,0.0,0.0,0.0,0.0,0.0,0.0,0.0,0.351562,0.0,0.00674,0.13537,Nothing,seated
8.44622,674,0.0157234,-0.234316,0.0,0.0,0.0,0.0,0.0,0.0,0.0,0.0,0.175781,-3.05022,0.00674,0.13537,Nothing,seated
8.45834,675,0.0157234,-0.234316,0.0,0.0,0.0,0.0,0.0,0.0,0.0,0.0,0.175781,-2.94622,0.00674,0.13537,Nothing,seated
8.47096,676,0.014765,-0.237384,0.0,0.0,0.0,0.0,0.0,0.0,0.0,0.0,0.175781,-2.89964,0.00674,0.13537,Nothing,seated
8.48202,677,0.014765,-0.233357,0.0,0.0,0.0,0.0,0.0,0.0,0.0,0.0,0.175781,-2.94119,0.00674,0.13537,Nothing,seated
8.49308,678,0.0128471,-0.233357,0.0,0.0,0.0,0.0,0.0,0.0,0.0,0.0,0.175781,-3.00239,0.00674,0.13537,Nothing,seated
8.50785,679,0.0107381,-0.238342,0.0,0.0,0.0,0.0,0.0,0.0,0.0,0.0,0.175781,0.0,0.00674,0.13537,Nothing,seated
8.51858,680,0.0107381,-0.238342,0.0,0.0,0.0,0.0,0.0,0.0,0.0,0.0,0.175781,0.0,0.00674,0.13537,Nothing,seated
8.52896,681,0.0118887,-0.235274,0.0,0.0,0.0,0.0,0.0,0.0,0.0,0.0,0.175781,0.0,0.00674,0.13537,Nothing,seated
8.53938,682,0.0118887,-0.235274,0.0,0.0,0.0,0.0,0.0,0.0,0.0,0.0,0.175781,0.0,0.00674,0.13537,Nothing,seated
8.56296,683,0.00882071,-0.235274,0.0,0.0,0.0,0.0,0.0,0.0,0.0,0.0,0.175781,0.0,0.00674,0.13537,Nothing,seated
8.57875,684,0.00882071,-0.235274,0.0,0.0,0.0,0.0,0.0,0.0,0.0,0.0,0.0,-2.47944,0.00674,0.13537,Nothing,seated
8.58934,685,0.00498551,-0.235274,0.0,0.0,0.0,0.0,0.0,0.0,0.0,0.0,0.0,-2.48414,0.00674,0.13537,Nothing,seated
8.5994,686,0.00498551,-0.235274,0.0,0.0,0.0,0.0,0.0,0.0,0.0,0.0,0.0,-2.49549,0.00674,0.13537,Nothing,seated
8.61272,687,0.00690335,-0.239301,0.0,0.0,0.0,0.0,0.0,0.0,0.0,0.0,0.0,-2.39693,0.00674,0.13537,Nothing,seated
8.62486,688,0.00210923,-0.239301,0.0,0.0,0.0,0.0,0.0,0.0,0.0,0.0,0.0,-2.83993,0.00674,0.13537,Nothing,seated
8.63776,689,0.00210923,-0.232207,0.0,0.0,0.0,0.0,0.0,0.0,0.0,0.0,0.0,0.0,0.00674,0.13537,Nothing,seated
8.6485,690,0.00210923,-0.232207,0.0,0.0,0.0,0.0,0.0,0.0,0.0,0.0,0.0,0.0,0.00674,0.13537,Nothing,seated
8.65856,691,0.00498551,-0.237384,0.0,0.0,0.0,0.0,0.0,0.0,0.0,0.0,0.0,0.0,0.00674,0.13537,Nothing,seated
8.66946,692,0.00498551,-0.237384,0.0,0.0,0.0,0.0,0.0,0.0,0.0,0.0,0.0,0.0,0.00674,0.13537,Nothing,seated
8.68214,693,-0.00191719,-0.233357,0.0,0.0,0.0,0.0,0.0,0.0,0.0,0.0,0.0,0.0,0.00674,0.13537,Nothing,seated
8.69634,694,-0.00479347,-0.233357,0.0,0.0,0.0,0.0,0.0,0.0,0.0,0.0,0.0,0.0,0.00674,0.13537,Nothing,seated
8.71222,695,-0.00479347,-0.235274,0.0,0.0,0.0,0.0,0.0,0.0,0.0,0.0,0.0,0.0,0.00674,0.13537,Nothing,seated
8.72542,696,-0.00575239,-0.235274,0.0,0.0,0.0,0.0,0.0,0.0,0.0,0.0,0.0,0.0,0.00674,0.13537,Nothing,seated
8.73909,697,-0.00766975,-0.235274,0.0,0.0,0.0,0.0,0.0,0.0,0.0,0.0,0.0,0.0,0.00674,0.13537,Nothing,seated
8.74934,698,-0.00766975,-0.235274,0.0,0.0,0.0,0.0,0.0,0.0,0.0,0.0,-0.175781,-2.61592,0.00674,0.13537,Nothing,seated
8.76385,699,-0.0097788,-0.236233,0.0,0.0,0.0,0.0,0.0,0.0,0.0,0.0,-0.175781,-2.60373,0.00674,0.13537,Nothing,seated
8.77635,700,-0.0097788,-0.232207,0.0,0.0,0.0,0.0,0.0,0.0,0.0,0.0,-0.175781,-2.74099,0.00674,0.13537,Nothing,seated
8.78809,701,-0.013614,-0.232207,0.0,0.0,0.0,0.0,0.0,0.0,0.0,0.0,-0.175781,-2.80474,0.00674,0.13537,Nothing,seated
8.79985,702,-0.013614,-0.233357,0.0,0.0,0.0,0.0,0.0,0.0,0.0,0.0,-0.175781,-2.89281,0.00674,0.13537,Nothing,seated
8.81096,703,-0.013614,-0.233357,0.0,0.0,0.0,0.0,0.0,0.0,0.0,0.0,-0.175781,0.0,0.00674,0.13537,Nothing,seated
8.82246,704,-0.013614,-0.234316,0.0,0.0,0.0,0.0,0.0,0.0,0.0,0.0,-0.175781,0.0,0.00674,0.13537,Nothing,seated
8.83446,705,-0.013614,-0.232207,0.0,0.0,0.0,0.0,0.0,0.0,0.0,0.0,-0.175781,0.0,0.00674,0.13537,Nothing,seated
8.84606,706,-0.0164903,-0.232207,0.0,0.0,0.0,0.0,0.0,0.0,0.0,0.0,-0.175781,0.0,0.00674,0.13537,Nothing,seated
8.85722,707,-0.0155314,-0.231248,0.0,0.0,0.0,0.0,0.0,0.0,0.0,0.0,-0.175781,0.0,0.00674,0.13537,Nothing,seated
8.86954,708,-0.0155314,-0.231248,0.0,0.0,0.0,0.0,0.0,0.0,0.0,0.0,-0.175781,0.0,0.00674,0.13537,Nothing,seated
8.88309,709,-0.0184076,-0.234316,0.0,0.0,0.0,0.0,0.0,0.0,0.0,0.0,-0.351562,-2.89912,0.00674,0.13537,Nothing,seated
8.89396,710,-0.0184076,-0.234316,0.0,0.0,0.0,0.0,0.0,0.0,0.0,0.0,-0.351562,-2.95437,0.00674,0.13537,Nothing,seated
8.90598,711,-0.0164903,-0.234316,0.0,0.0,0.0,0.0,0.0,0.0,0.0,0.0,-0.351562,-2.93356,0.00674,0.13537,Nothing,seated
8.91846,712,-0.0155314,-0.234316,0.0,0.0,0.0,0.0,0.0,0.0,0.0,0.0,-0.351562,-2.87054,0.00674,0.13537,Nothing,seated
8.92971,713,-0.0155314,-0.234316,0.0,0.0,0.0,0.0,0.0,0.0,0.0,0.0,-0.351562,-2.92152,0.00674,0.13537,Nothing,seated
8.93986,714,-0.0164903,-0.232207,0.0,0.0,0.0,0.0,0.0,0.0,0.0,0.0,-0.351562,0.0,0.00674,0.13537,Nothing,seated
8.95185,715,-0.0164903,-0.232207,0.0,0.0,0.0,0.0,0.0,0.0,0.0,0.0,-0.351562,0.0,0.00674,0.13537,Nothing,seated
8.96234,716,-0.0155314,-0.232207,0.0,0.0,0.0,0.0,0.0,0.0,0.0,0.0,-0.351562,0.0,0.00674,0.13537,Nothing,seated
8.97302,717,-0.0155314,-0.233357,0.0,0.0,0.0,0.0,0.0,0.0,0.0,0.0,-0.351562,0.0,0.00674,0.13537,Nothing,seated
8.98559,718,-0.013614,-0.233357,0.0,0.0,0.0,0.0,0.0,0.0,0.0,0.0,-0.351562,0.0,0.00674,0.13537,Nothing,seated
8.99844,719,-0.0145724,-0.233357,0.0,0.0,0.0,0.0,0.0,0.0,0.0,0.0,-0.351562,0.0,0.00674,0.13537,Nothing,seated
9.00922,720,-0.0145724,-0.233357,0.0,0.0,0.0,0.0,0.0,0.0,0.0,0.0,-0.351562,0.0,0.00674,0.13537,Nothing,seated
9.02309,721,-0.00766975,-0.231248,0.0,0.0,0.0,0.0,0.0,0.0,0.0,0.0,-0.351562,0.0,0.00674,0.13537,Nothing,seated
9.03359,722,-0.00766975,-0.231248,0.0,0.0,0.0,0.0,0.0,0.0,0.0,0.0,-0.351562,0.0,0.00674,0.13537,Nothing,seated
9.04366,723,-0.00766975,-0.232207,0.0,0.0,0.0,0.0,0.0,0.0,0.0,0.0,-0.351562,0.0,0.00674,0.13537,Nothing,seated
9.05372,724,-0.00766975,-0.232207,0.0,0.0,0.0,0.0,0.0,0.0,0.0,0.0,-0.351562,0.0,0.00674,0.13537,Nothing,seated
9.06514,725,-0.00383455,-0.236233,0.0,0.0,0.0,0.0,0.0,0.0,0.0,0.0,-0.351562,0.0,0.00674,0.13537,Nothing,seated
9.07746,726,-0.00383455,-0.239301,0.0,0.0,0.0,0.0,0.0,0.0,0.0,0.0,-0.527344,-3.23273,0.00674,0.13537,Nothing,seated
9.09034,727,1.74846e-07,-0.239301,0.0,0.0,0.0,0.0,0.0,0.0,0.0,0.0,-0.527344,-3.09733,0.00674,0.13537,Nothing,seated
9.10246,728,-0.00383455,-0.231248,0.0,0.0,0.0,0.0,0.0,0.0,0.0,0.0,-0.527344,-2.9893,0.00674,0.13537,Nothing,seated
9.11345,729,-0.00383455,-0.231248,0.0,0.0,0.0,0.0,0.0,0.0,0.0,0.0,-0.527344,-2.9429,0.00674,0.13537,Nothing,seated
9.12534,730,0.00115078,-0.233357,0.0,0.0,0.0,0.0,0.0,0.0,0.0,0.0,-0.527344,-2.91976,0.00674,0.13537,Nothing,seated
9.13741,731,0.00115078,-0.236233,0.0,0.0,0.0,0.0,0.0,0.0,0.0,0.0,-0.527344,0.0,0.00674,0.13537,Nothing,seated
9.14886,732,0.00210923,-0.236233,0.0,0.0,0.0,0.0,0.0,0.0,0.0,0.0,-0.527344,0.0,0.00674,0.13537,Nothing,seated
9.15937,733,0.00210923,-0.236233,0.0,0.0,0.0,0.0,0.0,0.0,0.0,0.0,-0.527344,0.0,0.00674,0.13537,Nothing,seated
9.17022,734,0.00402706,-0.232207,0.0,0.0,0.0,0.0,0.0,0.0,0.0,0.0,-0.527344,0.0,0.00674,0.13537,Nothing,seated
9.18322,735,0.00402706,-0.235274,0.0,0.0,0.0,0.0,0.0,0.0,0.0,0.0,-0.527344,0.0,0.00674,0.13537,Nothing,seated
9.19534,736,0.00690335,-0.235274,0.0,0.0,0.0,0.0,0.0,0.0,0.0,0.0,-0.527344,0.0,0.00674,0.13537,Nothing,seated
9.20822,737,0.00786179,-0.233357,0.0,0.0,0.0,0.0,0.0,0.0,0.0,0.0,-0.527344,0.0,0.00674,0.13537,Nothing,seated
9.21971,738,0.00786179,-0.233357,0.0,0.0,0.0,0.0,0.0,0.0,0.0,0.0,-0.527344,0.0,0.00674,0.13537,Nothing,seated
9.22978,739,0.0118887,-0.237192,0.0,0.0,0.0,0.0,0.0,0.0,0.0,0.0,-0.527344,0.0,0.00674,0.13537,Nothing,seated
9.23984,740,0.0118887,-0.237192,0.0,0.0,0.0,0.0,0.0,0.0,0.0,0.0,-0.527344,0.0,0.00674,0.13537,Nothing,seated
9.2501,741,0.0118887,-0.233357,0.0,0.0,0.0,0.0,0.0,0.0,0.0,0.0,-0.527344,0.0,0.00674,0.13537,Nothing,seated
9.26222,742,0.0118887,-0.233357,0.0,0.0,0.0,0.0,0.0,0.0,0.0,0.0,-0.527344,0.0,0.00674,0.13537,Nothing,seated
9.27422,743,0.00977915,-0.234316,0.0,0.0,0.0,0.0,0.0,0.0,0.0,0.0,-0.527344,0.0,0.00674,0.13537,Nothing,seated
9.28622,744,0.0118887,-0.236233,0.0,0.0,0.0,0.0,0.0,0.0,0.0,0.0,-0.527344,0.0,0.00674,0.13537,Nothing,seated
9.29835,745,0.0118887,-0.236233,0.0,0.0,0.0,0.0,0.0,0.0,0.0,0.0,-0.527344,0.0,0.00674,0.13537,Nothing,seated
9.31054,746,0.0118887,-0.234316,0.0,0.0,0.0,0.0,0.0,0.0,0.0,0.0,-0.527344,0.0,0.00674,0.13537,Nothing,seated
9.32246,747,0.0118887,-0.234316,0.0,0.0,0.0,0.0,0.0,0.0,0.0,0.0,-0.527344,0.0,0.00674,0.13537,Nothing,seated
9.33422,748,0.0128471,-0.234316,0.0,0.0,0.0,0.0,0.0,0.0,0.0,0.0,-0.527344,0.0,0.00674,0.13537,Nothing,seated
9.34685,749,0.013806,-0.235274,0.0,0.0,0.0,0.0,0.0,0.0,0.0,0.0,-0.527344,0.0,0.00674,0.13537,Nothing,seated
9.35796,750,0.013806,-0.235274,0.0,0.0,0.0,0.0,0.0,0.0,0.0,0.0,-0.527344,0.0,0.00674,0.13537,Nothing,seated
9.36803,751,0.013806,-0.236233,0.0,0.0,0.0,0.0,0.0,0.0,0.0,0.0,-0.527344,0.0,0.00674,0.13537,Nothing,seated
9.38109,752,0.0118887,-0.236233,0.0,0.0,0.0,0.0,0.0,0.0,0.0,0.0,-0.527344,0.0,0.00674,0.13537,Nothing,seated
9.39275,753,0.014765,-0.234316,0.0,0.0,0.0,0.0,0.0,0.0,0.0,0.0,-0.527344,0.0,0.00674,0.13537,Nothing,seated
9.40475,754,0.014765,-0.236233,0.0,0.0,0.0,0.0,0.0,0.0,0.0,0.0,-0.527344,0.0,0.00674,0.13537,Nothing,seated
9.41834,755,0.0107381,-0.236233,0.0,0.0,0.0,0.0,0.0,0.0,0.0,0.0,-0.527344,0.0,0.00674,0.13537,Nothing,seated
9.43074,756,0.0107381,-0.233357,0.0,0.0,0.0,0.0,0.0,0.0,0.0,0.0,-0.527344,0.0,0.00674,0.13537,Nothing,seated
9.44228,757,0.0107381,-0.233357,0.0,0.0,0.0,0.0,0.0,0.0,0.0,0.0,-0.527344,0.0,0.00674,0.13537,Nothing,seated
9.45371,758,0.0118887,-0.236233,0.0,0.0,0.0,0.0,0.0,0.0,0.0,0.0,-0.527344,0.0,0.00674,0.13537,Nothing,seated
9.46654,759,0.0118887,-0.234316,0.0,0.0,0.0,0.0,0.0,0.0,0.0,0.0,-0.527344,0.0,0.00674,0.13537,Nothing,seated
9.478,760,0.0107381,-0.234316,0.0,0.0,0.0,0.0,0.0,0.0,0.0,0.0,-0.527344,0.0,0.00674,0.13537,Nothing,seated
9.48975,761,0.00690335,-0.232207,0.0,0.0,0.0,0.0,0.0,0.0,0.0,0.0,-0.351562,2.97881,0.00674,0.13537,Nothing,seated
9.50186,762,0.00690335,-0.232207,0.0,0.0,0.0,0.0,0.0,0.0,0.0,0.0,-0.351562,2.95015,0.00674,0.13537,Nothing,seated
9.51296,763,0.00690335,-0.233357,0.0,0.0,0.0,0.0,0.0,0.0,0.0,0.0,-0.351562,2.96704,0.00674,0.13537,Nothing,seated
9.52305,764,0.00690335,-0.234316,0.0,0.0,0.0,0.0,0.0,0.0,0.0,0.0,-0.351562,3.11075,0.00674,0.13537,Nothing,seated
9.53575,765,0.00306815,-0.234316,0.0,0.0,0.0,0.0,0.0,0.0,0.0,0.0,-0.351562,3.04393,0.00674,0.13537,Nothing,seated
9.54746,766,0.00306815,-0.237192,0.0,0.0,0.0,0.0,0.0,0.0,0.0,0.0,-0.351562,0.0,0.00674,0.13537,Nothing,seated
9.55885,767,0.00498551,-0.237192,0.0,0.0,0.0,0.0,0.0,0.0,0.0,0.0,-0.351562,0.0,0.00674,0.13537,Nothing,seated
9.56909,768,0.00306815,-0.237192,0.0,0.0,0.0,0.0,0.0,0.0,0.0,0.0,-0.351562,0.0,0.00674,0.13537,Nothing,seated
9.58074,769,0.00306815,-0.233357,0.0,0.0,0.0,0.0,0.0,0.0,0.0,0.0,-0.351562,0.0,0.00674,0.13537,Nothing,seated
9.59134,770,0.00210923,-0.233357,0.0,0.0,0.0,0.0,0.0,0.0,0.0,0.0,-0.351562,0.0,0.00674,0.13537,Nothing,seated
9.60199,771,0.00210923,-0.235274,0.0,0.0,0.0,0.0,0.0,0.0,0.0,0.0,-0.351562,0.0,0.00674,0.13537,Nothing,seated
9.61236,772,-0.000958268,-0.232207,0.0,0.0,0.0,0.0,0.0,0.0,0.0,0.0,-0.351562,0.0,0.00674,0.13537,Nothing,seated
9.62409,773,-0.000958268,-0.232207,0.0,0.0,0.0,0.0,0.0,0.0,0.0,0.0,-0.351562,0.0,0.00674,0.13537,Nothing,seated
9.63597,774,-0.000958268,-0.232207,0.0,0.0,0.0,0.0,0.0,0.0,0.0,0.0,-0.351562,0.0,0.00674,0.13537,Nothing,seated
9.64697,775,-0.00575239,-0.232207,0.0,0.0,0.0,0.0,0.0,0.0,0.0,0.0,-0.351562,0.0,0.00674,0.13537,Nothing,seated
9.65703,776,-0.00575239,-0.234316,0.0,0.0,0.0,0.0,0.0,0.0,0.0,0.0,-0.175781,3.1934,0.00674,0.13537,Nothing,seated
9.66754,777,-0.00287611,-0.234316,0.0,0.0,0.0,0.0,0.0,0.0,0.0,0.0,-0.175781,3.18532,0.00674,0.13537,Nothing,seated
9.67761,778,-0.00287611,-0.234316,0.0,0.0,0.0,0.0,0.0,0.0,0.0,0.0,-0.175781,3.28435,0.00674,0.13537,Nothing,seated
9.6885,779,-0.0097788,-0.234316,0.0,0.0,0.0,0.0,0.0,0.0,0.0,0.0,-0.175781,3.34631,0.00674,0.13537,Nothing,seated
9.70035,780,-0.0097788,-0.234316,0.0,0.0,0.0,0.0,0.0,0.0,0.0,0.0,-0.175781,3.29272,0.00674,0.13537,Nothing,seated
9.71209,781,-0.0097788,-0.234316,0.0,0.0,0.0,0.0,0.0,0.0,0.0,0.0,-0.175781,0.0,0.00674,0.13537,Nothing,seated
9.72396,782,-0.00575239,-0.232207,0.0,0.0,0.0,0.0,0.0,0.0,0.0,0.0,-0.175781,0.0,0.00674,0.13537,Nothing,seated
9.73609,783,-0.00575239,-0.232207,0.0,0.0,0.0,0.0,0.0,0.0,0.0,0.0,-0.175781,0.0,0.00674,0.13537,Nothing,seated
9.74709,784,-0.0126551,-0.234124,0.0,0.0,0.0,0.0,0.0,0.0,0.0,0.0,-0.175781,0.0,0.00674,0.13537,Nothing,seated
9.759,785,-0.0126551,-0.233357,0.0,0.0,0.0,0.0,0.0,0.0,0.0,0.0,-0.175781,0.0,0.00674,0.13537,Nothing,seated
9.76962,786,-0.013614,-0.233357,0.0,0.0,0.0,0.0,0.0,0.0,0.0,0.0,0.0,3.0552,0.00674,0.13537,Nothing,seated
9.78009,787,-0.013614,-0.233357,0.0,0.0,0.0,0.0,0.0,0.0,0.0,0.0,0.0,3.13179,0.00674,0.13537,Nothing,seated
9.79054,788,-0.0116962,-0.233357,0.0,0.0,0.0,0.0,0.0,0.0,0.0,0.0,0.0,3.2284,0.00674,0.13537,Nothing,seated
9.80254,789,-0.0116962,-0.233357,0.0,0.0,0.0,0.0,0.0,0.0,0.0,0.0,0.0,3.16967,0.00674,0.13537,Nothing,seated
9.81349,790,-0.0116962,-0.233357,0.0,0.0,0.0,0.0,0.0,0.0,0.0,0.0,0.0,3.22587,0.00674,0.13537,Nothing,seated
9.82434,791,-0.0126551,-0.234316,0.0,0.0,0.0,0.0,0.0,0.0,0.0,0.0,0.0,0.0,0.00674,0.13537,Nothing,seated
9.83572,792,-0.0126551,-0.234316,0.0,0.0,0.0,0.0,0.0,0.0,0.0,0.0,0.0,0.0,0.00674,0.13537,Nothing,seated
9.84579,793,-0.0116962,-0.234316,0.0,0.0,0.0,0.0,0.0,0.0,0.0,0.0,0.0,0.0,0.00674,0.13537,Nothing,seated
9.85585,794,-0.0116962,-0.234316,0.0,0.0,0.0,0.0,0.0,0.0,0.0,0.0,0.0,0.0,0.00674,0.13537,Nothing,seated
9.86592,795,-0.0107377,-0.232207,0.0,0.0,0.0,0.0,0.0,0.0,0.0,0.0,0.0,0.0,0.00674,0.13537,Nothing,seated
9.87722,796,-0.0107377,-0.232207,0.0,0.0,0.0,0.0,0.0,0.0,0.0,0.0,0.0,0.0,0.00674,0.13537,Nothing,seated
9.88835,797,-0.0145724,-0.232207,0.0,0.0,0.0,0.0,0.0,0.0,0.0,0.0,0.0,0.0,0.00674,0.13537,Nothing,seated
9.89872,798,-0.0145724,-0.234316,0.0,0.0,0.0,0.0,0.0,0.0,0.0,0.0,0.0,0.0,0.00674,0.13537,Nothing,seated
9.91698,799,-0.0116962,-0.232207,0.0,0.0,0.0,0.0,0.0,0.0,0.0,0.0,0.175781,2.87587,0.00674,0.13537,Nothing,seated
9.93855,800,-0.0107377,-0.233357,0.0,0.0,0.0,0.0,0.0,0.0,0.0,0.0,0.175781,2.42049,0.00674,0.13537,Nothing,seated
9.95297,801,-0.0107377,-0.233357,0.0,0.0,0.0,0.0,0.0,0.0,0.0,0.0,0.175781,2.32064,0.00674,0.13537,Nothing,seated
9.96486,802,-0.00671083,-0.235274,0.0,0.0,0.0,0.0,0.0,0.0,0.0,0.0,0.175781,2.29731,0.00674,0.13537,Nothing,seated
9.97545,803,-0.00671083,-0.235274,0.0,0.0,0.0,0.0,0.0,0.0,0.0,0.0,0.175781,2.29061,0.00674,0.13537,Nothing,seated
9.98609,804,-0.00671083,-0.235274,0.0,0.0,0.0,0.0,0.0,0.0,0.0,0.0,0.175781,0.0,0.00674,0.13537,Nothing,seated
9.99675,805,-0.00671083,-0.235274,0.0,0.0,0.0,0.0,0.0,0.0,0.0,0.0,0.175781,0.0,0.00674,0.13537,Nothing,seated
10.0073,806,-0.00766975,-0.235274,0.0,0.0,0.0,0.0,0.0,0.0,0.0,0.0,0.175781,0.0,0.00674,0.13537,Nothing,seated
10.0187,807,-0.00383455,-0.235274,0.0,0.0,0.0,0.0,0.0,0.0,0.0,0.0,0.175781,0.0,0.00674,0.13537,Nothing,seated
10.0309,808,-0.00383455,-0.235274,0.0,0.0,0.0,0.0,0.0,0.0,0.0,0.0,0.175781,0.0,0.00674,0.13537,DecreaseSmallAngle,seated
10.0435,809,-0.00287611,-0.234316,0.0,0.0,0.0,0.0,0.0,0.0,0.0,0.0,0.351562,3.06447,0.00674,0.13537,DecreaseSmallAngle,seated
10.0554,810,-0.00287611,-0.234316,0.0,0.0,0.0,0.0,0.0,0.0,0.0,0.0,0.351562,2.99508,0.00674,0.13537,DecreaseSmallAngle,seated
10.0667,811,0.00306815,-0.235274,0.0,0.0,0.0,0.0,0.0,0.0,0.0,0.0,0.351562,2.96234,0.00674,0.13537,DecreaseSmallAngle,seated
10.0767,812,0.00306815,-0.235274,0.0,0.0,0.0,0.0,0.0,0.0,0.0,0.0,0.351562,3.02899,0.00674,0.13537,DecreaseSmallAngle,seated
10.0879,813,0.00306815,-0.231248,0.0,0.0,0.0,0.0,0.0,0.0,0.0,0.0,0.351562,3.07984,0.00674,0.13537,DecreaseSmallAngle,seated
10.0994,814,0.00306815,-0.232207,0.0,0.0,0.0,0.0,0.0,0.0,0.0,0.0,0.351562,0.0,0.00674,0.13537,DecreaseSmallAngle,seated
10.1118,815,0.00498551,-0.232207,0.0,0.0,0.0,0.0,0.0,0.0,0.0,0.0,0.351562,0.0,0.00674,0.13537,DecreaseSmallAngle,seated
10.1234,816,0.00498551,-0.235274,0.0,0.0,0.0,0.0,0.0,0.0,0.0,0.0,0.351562,0.0,0.00674,0.13537,DecreaseSmallAngle,seated
10.1351,817,0.00498551,-0.235274,0.0,0.0,0.0,0.0,0.0,0.0,0.0,0.0,0.351562,0.0,0.00674,0.13537,DecreaseSmallAngle,seated
10.1477,818,0.00498551,-0.233357,0.0,0.0,0.0,0.0,0.0,0.0,0.0,0.0,0.351562,0.0,0.00674,0.13537,DecreaseSmallAngle,seated
10.1616,819,0.00977915,-0.233357,0.0,0.0,0.0,0.0,0.0,0.0,0.0,0.0,0.351562,0.0,0.00674,0.13537,DecreaseSmallAngle,seated
10.1729,820,0.00977915,-0.236233,0.0,0.0,0.0,0.0,0.0,0.0,0.0,0.0,0.351562,0.0,0.00674,0.13537,DecreaseSmallAngle,seated
10.1834,821,0.00786179,-0.236233,0.0,0.0,0.0,0.0,0.0,0.0,0.0,0.0,0.351562,0.0,0.00674,0.13537,DecreaseSmallAngle,seated
10.1953,822,0.00786179,-0.231248,0.0,0.0,0.0,0.0,0.0,0.0,0.0,0.0,0.351562,0.0,0.00674,0.13537,DecreaseSmallAngle,seated
10.2065,823,0.00786179,-0.233357,0.0,0.0,0.0,0.0,0.0,0.0,0.0,0.0,0.351562,0.0,0.00674,0.13537,DecreaseSmallAngle,seated
10.2187,824,0.0107381,-0.233357,0.0,0.0,0.0,0.0,0.0,0.0,0.0,0.0,0.351562,0.0,0.00674,0.13537,DecreaseSmallAngle,seated
10.2304,825,0.00786179,-0.236233,0.0,0.0,0.0,0.0,0.0,0.0,0.0,0.0,0.351562,0.0,0.00674,0.13537,DecreaseSmallAngle,seated
10.2431,826,0.00805348,-0.23585,0.0,0.0,0.0,0.0,0.0,0.0,0.0,0.0,0.351562,0.0,0.00674,0.13537,DecreaseSmallAngle,seated
10.2551,827,0.0118887,-0.235274,0.0,0.0,0.0,0.0,0.0,0.0,0.0,0.0,0.351562,0.0,0.00674,0.13537,DecreaseSmallAngle,seated
10.2667,828,0.0118887,-0.233357,0.0,0.0,0.0,0.0,0.0,0.0,0.0,0.0,0.527344,2.92083,0.00674,0.13537,DecreaseSmallAngle,seated
10.2791,829,0.0118887,-0.233357,0.0,0.0,0.0,0.0,0.0,0.0,0.0,0.0,0.527344,2.91093,0.00674,0.13537,DecreaseSmallAngle,seated
10.2897,830,0.0118887,-0.236233,0.0,0.0,0.0,0.0,0.0,0.0,0.0,0.0,0.527344,2.96703,0.00674,0.13537,DecreaseSmallAngle,seated
10.3014,831,0.013806,-0.236233,0.0,0.0,0.0,0.0,0.0,0.0,0.0,0.0,0.527344,3.01194,0.00674,0.13537,DecreaseSmallAngle,seated
10.316,832,0.0136144,-0.236233,0.0,0.0,0.0,0.0,0.0,0.0,0.0,0.0,0.527344,2.88579,0.00674,0.13537,DecreaseSmallAngle,seated
10.3276,833,0.00882071,-0.233357,0.0,0.0,0.0,0.0,0.0,0.0,0.0,0.0,0.527344,0.0,0.00674,0.13537,DecreaseSmallAngle,seated
10.3421,834,0.0107381,-0.233357,0.0,0.0,0.0,0.0,0.0,0.0,0.0,0.0,0.527344,0.0,0.00674,0.13537,DecreaseSmallAngle,seated
10.3545,835,0.00690335,-0.233357,0.0,0.0,0.0,0.0,0.0,0.0,0.0,0.0,0.527344,0.0,0.00674,0.13537,DecreaseSmallAngle,seated
10.3659,836,0.00690335,-0.233357,0.0,0.0,0.0,0.0,0.0,0.0,0.0,0.0,0.527344,0.0,0.00674,0.13537,DecreaseSmallAngle,seated
10.3763,837,0.00977915,-0.235274,0.0,0.0,0.0,0.0,0.0,0.0,0.0,0.0,0.527344,0.0,0.00674,0.13537,DecreaseSmallAngle,seated
10.3882,838,0.00977915,-0.234316,0.0,0.0,0.0,0.0,0.0,0.0,0.0,0.0,0.527344,0.0,0.00674,0.13537,DecreaseSmallAngle,seated
10.4016,839,0.00690335,-0.234316,0.0,0.0,0.0,0.0,0.0,0.0,0.0,0.0,0.527344,0.0,0.00674,0.13537,DecreaseSmallAngle,seated
10.4169,840,0.00594443,-0.231248,0.0,0.0,0.0,0.0,0.0,0.0,0.0,0.0,0.527344,0.0,0.00674,0.13537,DecreaseSmallAngle,seated
10.4277,841,0.00594443,-0.231248,0.0,0.0,0.0,0.0,0.0,0.0,0.0,0.0,0.527344,0.0,0.00674,0.13537,DecreaseSmallAngle,seated
10.4647,842,0.00115078,-0.234316,0.0,0.0,0.0,0.0,0.0,0.0,0.0,0.0,0.527344,0.0,0.00674,0.13537,DecreaseSmallAngle,seated
10.4776,843,0.00306815,-0.234316,0.0,0.0,0.0,0.0,0.0,0.0,0.0,0.0,0.527344,0.0,0.00674,0.13537,DecreaseSmallAngle,seated
10.4912,844,0.00306815,-0.238342,0.0,0.0,0.0,0.0,0.0,0.0,0.0,0.0,0.527344,0.0,0.00674,0.13537,DecreaseSmallAngle,seated
10.5026,845,0.00210923,-0.238342,0.0,0.0,0.0,0.0,0.0,0.0,0.0,0.0,0.527344,0.0,0.00674,0.13537,DecreaseSmallAngle,seated
10.5142,846,0.00115078,-0.233357,0.0,0.0,0.0,0.0,0.0,0.0,0.0,0.0,0.527344,0.0,0.00674,0.13537,DecreaseSmallAngle,seated
10.5267,847,0.00115078,-0.233357,0.0,0.0,0.0,0.0,0.0,0.0,0.0,0.0,0.527344,0.0,0.00674,0.13537,DecreaseSmallAngle,seated
10.5383,848,-0.000958268,-0.234316,0.0,0.0,0.0,0.0,0.0,0.0,0.0,0.0,0.527344,0.0,0.00674,0.13537,DecreaseSmallAngle,seated
10.5506,849,-0.000958268,-0.233357,0.0,0.0,0.0,0.0,0.0,0.0,0.0,0.0,0.527344,0.0,0.00674,0.13537,DecreaseSmallAngle,seated
10.563,850,-0.00191719,-0.233357,0.0,0.0,0.0,0.0,0.0,0.0,0.0,0.0,0.527344,0.0,0.00674,0.13537,DecreaseSmallAngle,seated
10.5751,851,-0.00287611,-0.233357,0.0,0.0,0.0,0.0,0.0,0.0,0.0,0.0,0.527344,0.0,0.00674,0.13537,DecreaseSmallAngle,seated
10.5863,852,-0.00287611,-0.231248,0.0,0.0,0.0,0.0,0.0,0.0,0.0,0.0,0.527344,0.0,0.00674,0.13537,DecreaseSmallAngle,seated
