0.00181103,0,0.00115078,-0.207279,0.0,0.0,0.0,0.0,0.0,0.0,0.0,0.0,0.351562,0.0,0.00674,0.13537,None,seated
0.013315,1,0.00115078,-0.207279,0.0,0.0,0.0,0.0,0.0,0.0,0.0,0.0,0.351562,0.0,0.00674,0.13537,Nothing,seated
0.0235951,2,-0.00287611,-0.204211,0.0,0.0,0.0,0.0,0.0,0.0,0.0,0.0,0.351562,0.0,0.00674,0.13537,Nothing,seated
0.036581,3,-0.00287611,-0.203252,0.0,0.0,0.0,0.0,0.0,0.0,0.0,0.0,0.351562,0.0,0.00674,0.13537,Nothing,seated
0.0476642,4,-0.00383455,-0.203252,0.0,0.0,0.0,0.0,0.0,0.0,0.0,0.0,0.351562,0.0,0.00674,0.13537,Nothing,seated
0.0593472,5,0.00210923,-0.209197,0.0,0.0,0.0,0.0,0.0,0.0,0.0,0.0,0.351562,0.0,0.00674,0.13537,Nothing,seated
0.072464,6,0.00210923,-0.209197,0.0,0.0,0.0,0.0,0.0,0.0,0.0,0.0,0.351562,0.0,0.00674,0.13537,Nothing,seated
0.0839632,7,-0.00191719,-0.205362,0.0,0.0,0.0,0.0,0.0,0.0,0.0,0.0,0.351562,0.0,0.00674,0.13537,Nothing,seated
0.096338,8,-0.00191719,-0.20632,0.0,0.0,0.0,0.0,0.0,0.0,0.0,0.0,0.351562,0.0,0.00674,0.13537,Nothing,seated
0.107468,9,-0.000958268,-0.20632,0.0,0.0,0.0,0.0,0.0,0.0,0.0,0.0,0.351562,0.0,0.00674,0.13537,Nothing,seated
0.121044,10,-0.00191719,-0.207279,0.0,0.0,0.0,0.0,0.0,0.0,0.0,0.0,0.175781,-2.84911,0.00674,0.13537,Nothing,seated
0.131675,11,-0.00191719,-0.207279,0.0,0.0,0.0,0.0,0.0,0.0,0.0,0.0,0.175781,-2.96873,0.00674,0.13537,Nothing,seated
0.143084,12,0.00210923,-0.204211,0.0,0.0,0.0,0.0,0.0,0.0,0.0,0.0,0.175781,-2.97325,0.00674,0.13537,Nothing,seated
0.155343,13,0.00210923,-0.207279,0.0,0.0,0.0,0.0,0.0,0.0,0.0,0.0,0.175781,-2.97909,0.00674,0.13537,Nothing,seated
0.166461,14,0.00306815,-0.207279,0.0,0.0,0.0,0.0,0.0,0.0,0.0,0.0,0.175781,-2.9797,0.00674,0.13537,Nothing,seated
0.179587,15,1.74846e-07,-0.202294,0.0,0.0,0.0,0.0,0.0,0.0,0.0,0.0,0.175781,0.0,0.00674,0.13537,Nothing,seated
0.19108,16,1.74846e-07,-0.202294,0.0,0.0,0.0,0.0,0.0,0.0,0.0,0.0,0.175781,0.0,0.00674,0.13537,Nothing,seated
0.201148,17,0.00115078,-0.204211,0.0,0.0,0.0,0.0,0.0,0.0,0.0,0.0,0.175781,0.0,0.00674,0.13537,Nothing,seated
0.214954,18,0.00115078,-0.204211,0.0,0.0,0.0,0.0,0.0,0.0,0.0,0.0,0.175781,0.0,0.00674,0.13537,Nothing,seated
0.226478,19,0.00306815,-0.205362,0.0,0.0,0.0,0.0,0.0,0.0,0.0,0.0,0.175781,0.0,0.00674,0.13537,Nothing,seated
0.241078,20,0.00210923,-0.20632,0.0,0.0,0.0,0.0,0.0,0.0,0.0,0.0,0.175781,0.0,0.00674,0.13537,Nothing,seated
0.255207,21,0.00210923,-0.20632,0.0,0.0,0.0,0.0,0.0,0.0,0.0,0.0,0.175781,0.0,0.00674,0.13537,Nothing,seated
0.266048,22,0.00210923,-0.20632,0.0,0.0,0.0,0.0,0.0,0.0,0.0,0.0,0.175781,0.0,0.00674,0.13537,Nothing,seated
0.278587,23,0.00306815,-0.20632,0.0,0.0,0.0,0.0,0.0,0.0,0.0,0.0,0.175781,0.0,0.00674,0.13537,Nothing,seated
0.289704,24,0.00306815,-0.203252,0.0,0.0,0.0,0.0,0.0,0.0,0.0,0.0,0.175781,0.0,0.00674,0.13537,Nothing,seated
0.299906,25,0.00306815,-0.203252,0.0,0.0,0.0,0.0,0.0,0.0,0.0,0.0,0.175781,0.0,0.00674,0.13537,Nothing,seated
0.312868,26,0.00594443,-0.203252,0.0,0.0,0.0,0.0,0.0,0.0,0.0,0.0,0.175781,0.0,0.00674,0.13537,Nothing,seated
0.324857,27,0.00594443,-0.205362,0.0,0.0,0.0,0.0,0.0,0.0,0.0,0.0,0.175781,0.0,0.00674,0.13537,Nothing,seated
0.336957,28,0.00594443,-0.205362,0.0,0.0,0.0,0.0,0.0,0.0,0.0,0.0,0.175781,0.0,0.00674,0.13537,Nothing,seated
0.348206,29,0.00594443,-0.207279,0.0,0.0,0.0,0.0,0.0,0.0,0.0,0.0,0.175781,0.0,0.00674,0.13537,Nothing,seated
0.361595,30,1.74846e-07,-0.207279,0.0,0.0,0.0,0.0,0.0,0.0,0.0,0.0,0.175781,0.0,0.00674,0.13537,Nothing,seated
0.372868,31,1.74846e-07,-0.205362,0.0,0.0,0.0,0.0,0.0,0.0,0.0,0.0,0.175781,0.0,0.00674,0.13537,Nothing,seated
0.383981,32,1.74846e-07,-0.204211,0.0,0.0,0.0,0.0,0.0,0.0,0.0,0.0,0.175781,0.0,0.00674,0.13537,Nothing,seated
0.397078,33,0.00306815,-0.204211,0.0,0.0,0.0,0.0,0.0,0.0,0.0,0.0,0.175781,0.0,0.00674,0.13537,Nothing,seated
0.407956,34,0.00210923,-0.205362,0.0,0.0,0.0,0.0,0.0,0.0,0.0,0.0,0.175781,0.0,0.00674,0.13537,Nothing,seated
0.420339,35,0.00210923,-0.205362,0.0,0.0,0.0,0.0,0.0,0.0,0.0,0.0,0.175781,0.0,0.00674,0.13537,Nothing,seated
0.438838,36,0.00306815,-0.205362,0.0,0.0,0.0,0.0,0.0,0.0,0.0,0.0,0.175781,0.0,0.00674,0.13537,Nothing,seated
0.450735,37,0.00115078,-0.204211,0.0,0.0,0.0,0.0,0.0,0.0,0.0,0.0,0.175781,0.0,0.00674,0.13537,Nothing,seated
0.461831,38,0.00115078,-0.204211,0.0,0.0,0.0,0.0,0.0,0.0,0.0,0.0,0.175781,0.0,0.00674,0.13537,Nothing,seated
0.471862,39,0.00210923,-0.207279,0.0,0.0,0.0,0.0,0.0,0.0,0.0,0.0,0.175781,0.0,0.00674,0.13537,Nothing,seated
0.482938,40,0.00210923,-0.207088,0.0,0.0,0.0,0.0,0.0,0.0,0.0,0.0,0.175781,0.0,0.00674,0.13537,Nothing,seated
0.496208,41,1.74846e-07,-0.207279,0.0,0.0,0.0,0.0,0.0,0.0,0.0,0.0,0.175781,0.0,0.00674,0.13537,Nothing,seated
0.508208,42,0.00115078,-0.204211,0.0,0.0,0.0,0.0,0.0,0.0,0.0,0.0,0.175781,0.0,0.00674,0.13537,Nothing,seated
0.51986,43,0.00115078,-0.204211,0.0,0.0,0.0,0.0,0.0,0.0,0.0,0.0,0.175781,0.0,0.00674,0.13537,Nothing,seated
0.531204,44,0.00306815,-0.205362,0.0,0.0,0.0,0.0,0.0,0.0,0.0,0.0,0.175781,0.0,0.00674,0.13537,Nothing,seated
0.541269,45,0.00306815,-0.205362,0.0,0.0,0.0,0.0,0.0,0.0,0.0,0.0,0.175781,0.0,0.00674,0.13537,Nothing,seated
0.552867,46,-0.000958268,-0.204211,0.0,0.0,0.0,0.0,0.0,0.0,0.0,0.0,0.175781,0.0,0.00674,0.13537,Nothing,seated
0.56415,47,-0.000958268,-0.204211,0.0,0.0,0.0,0.0,0.0,0.0,0.0,0.0,0.175781,0.0,0.00674,0.13537,Nothing,seated
0.575162,48,0.00210923,-0.203252,0.0,0.0,0.0,0.0,0.0,0.0,0.0,0.0,0.175781,0.0,0.00674,0.13537,Nothing,seated
0.587582,49,0.00210923,-0.20632,0.0,0.0,0.0,0.0,0.0,0.0,0.0,0.0,0.175781,0.0,0.00674,0.13537,Nothing,seated
0.59964,50,0.00115078,-0.20632,0.0,0.0,0.0,0.0,0.0,0.0,0.0,0.0,0.175781,0.0,0.00674,0.13537,Nothing,seated
0.61083,51,0.00115078,-0.205362,0.0,0.0,0.0,0.0,0.0,0.0,0.0,0.0,0.175781,0.0,0.00674,0.13537,Nothing,seated
0.620898,52,-0.000958268,-0.205362,0.0,0.0,0.0,0.0,0.0,0.0,0.0,0.0,0.175781,0.0,0.00674,0.13537,Nothing,seated
0.630977,53,-0.000958268,-0.203252,0.0,0.0,0.0,0.0,0.0,0.0,0.0,0.0,0.175781,0.0,0.00674,0.13537,Nothing,seated
0.647459,54,-0.00191719,-0.204211,0.0,0.0,0.0,0.0,0.0,0.0,0.0,0.0,0.175781,0.0,0.00674,0.13537,Nothing,seated
0.659666,55,-0.00383455,-0.204211,0.0,0.0,0.0,0.0,0.0,0.0,0.0,0.0,0.351562,2.92842,0.00674,0.13537,Nothing,seated
0.672859,56,1.74846e-07,-0.204211,0.0,0.0,0.0,0.0,0.0,0.0,0.0,0.0,0.351562,2.83386,0.00674,0.13537,Nothing,seated
0.685977,57,1.74846e-07,-0.208238,0.0,0.0,0.0,0.0,0.0,0.0,0.0,0.0,0.351562,2.70105,0.00674,0.13537,Nothing,seated
0.697211,58,-0.00191719,-0.208238,0.0,0.0,0.0,0.0,0.0,0.0,0.0,0.0,0.351562,2.65395,0.00674,0.13537,Nothing,seated
0.707585,59,-0.00191719,-0.203252,0.0,0.0,0.0,0.0,0.0,0.0,0.0,0.0,0.351562,2.92354,0.00674,0.13537,Nothing,seated
0.719651,60,-0.00287611,-0.203252,0.0,0.0,0.0,0.0,0.0,0.0,0.0,0.0,0.351562,0.0,0.00674,0.13537,Nothing,seated
0.730976,61,1.74846e-07,-0.205362,0.0,0.0,0.0,0.0,0.0,0.0,0.0,0.0,0.351562,0.0,0.00674,0.13537,Nothing,seated
0.742334,62,1.74846e-07,-0.205362,0.0,0.0,0.0,0.0,0.0,0.0,0.0,0.0,0.351562,0.0,0.00674,0.13537,Nothing,seated
0.75272,63,1.74846e-07,-0.205362,0.0,0.0,0.0,0.0,0.0,0.0,0.0,0.0,0.351562,0.0,0.00674,0.13537,Nothing,seated
0.766322,64,-0.00287611,-0.207279,0.0,0.0,0.0,0.0,0.0,0.0,0.0,0.0,0.351562,0.0,0.00674,0.13537,Nothing,seated
0.778865,65,-0.00383455,-0.203252,0.0,0.0,0.0,0.0,0.0,0.0,0.0,0.0,0.527344,2.96857,0.00674,0.13537,Nothing,seated
0.794083,66,-0.00383455,-0.203252,0.0,0.0,0.0,0.0,0.0,0.0,0.0,0.0,0.527344,2.78545,0.00674,0.13537,Nothing,seated
0.805668,67,-0.00191719,-0.207279,0.0,0.0,0.0,0.0,0.0,0.0,0.0,0.0,0.527344,2.77546,0.00674,0.13537,Nothing,seated
0.817338,68,-0.00191719,-0.205362,0.0,0.0,0.0,0.0,0.0,0.0,0.0,0.0,0.527344,2.72032,0.00674,0.13537,Nothing,seated
0.82908,69,-0.00383455,-0.205362,0.0,0.0,0.0,0.0,0.0,0.0,0.0,0.0,0.527344,2.80094,0.00674,0.13537,Nothing,seated
0.840464,70,-0.00191719,-0.20632,0.0,0.0,0.0,0.0,0.0,0.0,0.0,0.0,0.527344,0.0,0.00674,0.13537,Nothing,seated
0.85201,71,-0.00191719,-0.20632,0.0,0.0,0.0,0.0,0.0,0.0,0.0,0.0,0.527344,0.0,0.00674,0.13537,Nothing,seated
0.862998,72,-0.00191719,-0.207279,0.0,0.0,0.0,0.0,0.0,0.0,0.0,0.0,0.527344,0.0,0.00674,0.13537,Nothing,seated
0.876084,73,-0.00191719,-0.204211,0.0,0.0,0.0,0.0,0.0,0.0,0.0,0.0,0.703125,2.99222,0.00674,0.13537,Nothing,seated
0.888961,74,-0.000958268,-0.204211,0.0,0.0,0.0,0.0,0.0,0.0,0.0,0.0,0.703125,2.93551,0.00674,0.13537,Nothing,seated
0.900343,75,-0.000958268,-0.208238,0.0,0.0,0.0,0.0,0.0,0.0,0.0,0.0,0.703125,2.9356,0.00674,0.13537,Nothing,seated
0.910411,76,0.00210923,-0.208238,0.0,0.0,0.0,0.0,0.0,0.0,0.0,0.0,0.703125,3.0099,0.00674,0.13537,Nothing,seated
0.923211,77,-0.00191719,-0.199226,0.0,0.0,0.0,0.0,0.0,0.0,0.0,0.0,0.703125,2.91932,0.00674,0.13537,Nothing,seated
0.933671,78,-0.00191719,-0.199226,0.0,0.0,0.0,0.0,0.0,0.0,0.0,0.0,0.703125,0.0,0.00674,0.13537,Nothing,seated
0.94608,79,1.74846e-07,-0.207279,0.0,0.0,0.0,0.0,0.0,0.0,0.0,0.0,0.703125,0.0,0.00674,0.13537,Nothing,seated
0.960084,80,1.74846e-07,-0.20632,0.0,0.0,0.0,0.0,0.0,0.0,0.0,0.0,0.878906,2.9424,0.00674,0.13537,Nothing,seated
0.972672,81,-0.00383455,-0.20632,0.0,0.0,0.0,0.0,0.0,0.0,0.0,0.0,0.878906,2.8233,0.00674,0.13537,Nothing,seated
0.98398,82,0.00210923,-0.207279,0.0,0.0,0.0,0.0,0.0,0.0,0.0,0.0,0.878906,2.89261,0.00674,0.13537,Nothing,seated
0.99608,83,0.00210923,-0.207279,0.0,0.0,0.0,0.0,0.0,0.0,0.0,0.0,0.878906,2.81659,0.00674,0.13537,Nothing,seated
1.00696,84,0.00210923,-0.202294,0.0,0.0,0.0,0.0,0.0,0.0,0.0,0.0,0.878906,2.88748,0.00674,0.13537,Nothing,seated
1.01702,85,0.00210923,-0.202294,0.0,0.0,0.0,0.0,0.0,0.0,0.0,0.0,0.878906,0.0,0.00674,0.13537,Nothing,seated
1.02708,86,0.00115078,-0.207279,0.0,0.0,0.0,0.0,0.0,0.0,0.0,0.0,0.878906,0.0,0.00674,0.13537,Nothing,seated
1.03867,87,0.00115078,-0.205362,0.0,0.0,0.0,0.0,0.0,0.0,0.0,0.0,0.878906,0.0,0.00674,0.13537,Nothing,seated
1.05108,88,-0.00287611,-0.205362,0.0,0.0,0.0,0.0,0.0,0.0,0.0,0.0,0.878906,0.0,0.00674,0.13537,Nothing,seated
1.06228,89,0.00210923,-0.207279,0.0,0.0,0.0,0.0,0.0,0.0,0.0,0.0,1.05469,3.17725,0.00674,0.13537,Nothing,seated
1.07237,90,0.00210923,-0.207279,0.0,0.0,0.0,0.0,0.0,0.0,0.0,0.0,1.05469,3.17588,0.00674,0.13537,Nothing,seated
1.08398,91,0.00115078,-0.203252,0.0,0.0,0.0,0.0,0.0,0.0,0.0,0.0,1.05469,3.08914,0.00674,0.13537,Nothing,seated
1.09621,92,0.00115078,-0.203252,0.0,0.0,0.0,0.0,0.0,0.0,0.0,0.0,1.05469,3.0551,0.00674,0.13537,Nothing,seated
1.10696,93,0.00402706,-0.204211,0.0,0.0,0.0,0.0,0.0,0.0,0.0,0.0,1.05469,3.14586,0.00674,0.13537,Nothing,seated
1.11809,94,0.00402706,-0.20632,0.0,0.0,0.0,0.0,0.0,0.0,0.0,0.0,1.05469,0.0,0.00674,0.13537,Nothing,seated
1.12908,95,0.00498551,-0.20632,0.0,0.0,0.0,0.0,0.0,0.0,0.0,0.0,1.05469,0.0,0.00674,0.13537,Nothing,seated
1.14186,96,0.00402706,-0.205362,0.0,0.0,0.0,0.0,0.0,0.0,0.0,0.0,1.23047,3.0371,0.00674,0.13537,Nothing,seated
1.15276,97,0.00402706,-0.205362,0.0,0.0,0.0,0.0,0.0,0.0,0.0,0.0,1.23047,3.10854,0.00674,0.13537,Nothing,seated
1.16286,98,0.00402706,-0.20632,0.0,0.0,0.0,0.0,0.0,0.0,0.0,0.0,1.23047,3.14433,0.00674,0.13537,Nothing,seated
1.17334,99,0.00402706,-0.20632,0.0,0.0,0.0,0.0,0.0,0.0,0.0,0.0,1.23047,3.18139,0.00674,0.13537,Nothing,seated
1.18341,100,0.00498551,-0.205362,0.0,0.0,0.0,0.0,0.0,0.0,0.0,0.0,1.23047,3.23561,0.00674,0.13537,Nothing,seated
1.19621,101,0.00498551,-0.205362,0.0,0.0,0.0,0.0,0.0,0.0,0.0,0.0,1.23047,0.0,0.00674,0.13537,Nothing,seated
1.20708,102,0.00594443,-0.205362,0.0,0.0,0.0,0.0,0.0,0.0,0.0,0.0,1.23047,0.0,0.00674,0.13537,Nothing,seated
1.21944,103,0.00594443,-0.20632,0.0,0.0,0.0,0.0,0.0,0.0,0.0,0.0,1.23047,0.0,0.00674,0.13537,Nothing,seated
1.23198,104,0.00306815,-0.20632,0.0,0.0,0.0,0.0,0.0,0.0,0.0,0.0,1.23047,0.0,0.00674,0.13537,Nothing,seated
1.24298,105,0.00306815,-0.203252,0.0,0.0,0.0,0.0,0.0,0.0,0.0,0.0,1.23047,0.0,0.00674,0.13537,Nothing,seated
1.25621,106,1.74846e-07,-0.203252,0.0,0.0,0.0,0.0,0.0,0.0,0.0,0.0,1.40625,2.92963,0.00674,0.13537,Nothing,seated
1.26683,107,1.74846e-07,-0.205362,0.0,0.0,0.0,0.0,0.0,0.0,0.0,0.0,1.40625,2.942,0.00674,0.13537,Nothing,seated
1.27921,108,1.74846e-07,-0.205362,0.0,0.0,0.0,0.0,0.0,0.0,0.0,0.0,1.40625,2.94106,0.00674,0.13537,Nothing,seated
1.28998,109,1.74846e-07,-0.208238,0.0,0.0,0.0,0.0,0.0,0.0,0.0,0.0,1.40625,3.03076,0.00674,0.13537,Nothing,seated
1.30234,110,1.74846e-07,-0.208238,0.0,0.0,0.0,0.0,0.0,0.0,0.0,0.0,1.40625,2.96112,0.00674,0.13537,Nothing,seated
1.31283,111,-0.00191719,-0.20632,0.0,0.0,0.0,0.0,0.0,0.0,0.0,0.0,1.40625,0.0,0.00674,0.13537,Nothing,seated
1.32496,112,-0.00191719,-0.20632,0.0,0.0,0.0,0.0,0.0,0.0,0.0,0.0,1.40625,0.0,0.00674,0.13537,Nothing,seated
1.33613,113,0.00210923,-0.204211,0.0,0.0,0.0,0.0,0.0,0.0,0.0,0.0,1.40625,0.0,0.00674,0.13537,Nothing,seated
1.34758,114,0.00210923,-0.207279,0.0,0.0,0.0,0.0,0.0,0.0,0.0,0.0,1.58203,3.05134,0.00674,0.13537,Nothing,seated
1.35967,115,-0.000958268,-0.207279,0.0,0.0,0.0,0.0,0.0,0.0,0.0,0.0,1.58203,3.06609,0.00674,0.13537,Nothing,seated
1.37121,116,-0.000958268,-0.20632,0.0,0.0,0.0,0.0,0.0,0.0,0.0,0.0,1.58203,3.01099,0.00674,0.13537,Nothing,seated
1.38127,117,0.00210923,-0.20632,0.0,0.0,0.0,0.0,0.0,0.0,0.0,0.0,1.58203,3.12134,0.00674,0.13537,Nothing,seated
1.39134,118,0.00210923,-0.20632,0.0,0.0,0.0,0.0,0.0,0.0,0.0,0.0,1.58203,3.18391,0.00674,0.13537,Nothing,seated
1.40269,119,-0.00191719,-0.20632,0.0,0.0,0.0,0.0,0.0,0.0,0.0,0.0,1.58203,0.0,0.00674,0.13537,Nothing,seated
1.41541,120,1.74846e-07,-0.207279,0.0,0.0,0.0,0.0,0.0,0.0,0.0,0.0,1.58203,0.0,0.00674,0.13537,Nothing,seated
1.42586,121,1.74846e-07,-0.207279,0.0,0.0,0.0,0.0,0.0,0.0,0.0,0.0,1.58203,0.0,0.00674,0.13537,Nothing,seated
1.43597,122,0.00115078,-0.20632,0.0,0.0,0.0,0.0,0.0,0.0,0.0,0.0,1.58203,0.0,0.00674,0.13537,Nothing,seated
1.44604,123,0.00115078,-0.20632,0.0,0.0,0.0,0.0,0.0,0.0,0.0,0.0,1.58203,0.0,0.00674,0.13537,Nothing,seated
1.46267,124,-0.000958268,-0.20632,0.0,0.0,0.0,0.0,0.0,0.0,0.0,0.0,1.58203,0.0,0.00674,0.13537,Nothing,seated
1.47535,125,-0.00191719,-0.20632,0.0,0.0,0.0,0.0,0.0,0.0,0.0,0.0,1.58203,0.0,0.00674,0.13537,Nothing,seated
1.48947,126,-0.00191719,-0.204211,0.0,0.0,0.0,0.0,0.0,0.0,0.0,0.0,1.58203,0.0,0.00674,0.13537,Nothing,seated
1.50034,127,1.74846e-07,-0.204211,0.0,0.0,0.0,0.0,0.0,0.0,0.0,0.0,1.58203,0.0,0.00674,0.13537,Nothing,seated
1.51042,128,1.74846e-07,-0.205362,0.0,0.0,0.0,0.0,0.0,0.0,0.0,0.0,1.58203,0.0,0.00674,0.13537,Nothing,seated
1.52135,129,1.74846e-07,-0.205362,0.0,0.0,0.0,0.0,0.0,0.0,0.0,0.0,1.58203,0.0,0.00674,0.13537,Nothing,seated
1.53141,130,1.74846e-07,-0.204211,0.0,0.0,0.0,0.0,0.0,0.0,0.0,0.0,1.75781,3.1352,0.00674,0.13537,Nothing,seated
1.5422,131,-0.00383455,-0.204211,0.0,0.0,0.0,0.0,0.0,0.0,0.0,0.0,1.75781,3.33317,0.00674,0.13537,Nothing,seated
1.55227,132,-0.00383455,-0.207279,0.0,0.0,0.0,0.0,0.0,0.0,0.0,0.0,1.75781,3.38529,0.00674,0.13537,Nothing,seated
1.56234,133,-0.00383455,-0.207279,0.0,0.0,0.0,0.0,0.0,0.0,0.0,0.0,1.75781,3.38529,0.00674,0.13537,Nothing,seated
1.57241,134,-0.00383455,-0.208238,0.0,0.0,0.0,0.0,0.0,0.0,0.0,0.0,1.75781,3.44277,0.00674,0.13537,Nothing,seated
1.58408,135,-0.000958268,-0.208238,0.0,0.0,0.0,0.0,0.0,0.0,0.0,0.0,1.75781,0.0,0.00674,0.13537,Nothing,seated
1.59834,136,-0.00191719,-0.207279,0.0,0.0,0.0,0.0,0.0,0.0,0.0,0.0,1.75781,0.0,0.00674,0.13537,Nothing,seated
1.61198,137,-0.00191719,-0.204211,0.0,0.0,0.0,0.0,0.0,0.0,0.0,0.0,1.75781,0.0,0.00674,0.13537,Nothing,seated
1.62296,138,-0.000958268,-0.204211,0.0,0.0,0.0,0.0,0.0,0.0,0.0,0.0,1.75781,0.0,0.00674,0.13537,Nothing,seated
1.63309,139,-0.000958268,-0.204211,0.0,0.0,0.0,0.0,0.0,0.0,0.0,0.0,1.75781,0.0,0.00674,0.13537,Nothing,seated
1.64317,140,-0.00383455,-0.204211,0.0,0.0,0.0,0.0,0.0,0.0,0.0,0.0,1.75781,0.0,0.00674,0.13537,Nothing,seated
1.65323,141,-0.00383455,-0.204211,0.0,0.0,0.0,0.0,0.0,0.0,0.0,0.0,1.75781,0.0,0.00674,0.13537,Nothing,seated
1.66386,142,-0.00383455,-0.205362,0.0,0.0,0.0,0.0,0.0,0.0,0.0,0.0,1.75781,0.0,0.00674,0.13537,Nothing,seated
1.67559,143,-0.00287611,-0.202294,0.0,0.0,0.0,0.0,0.0,0.0,0.0,0.0,1.75781,0.0,0.00674,0.13537,Nothing,seated
1.68712,144,-0.00287611,-0.202294,0.0,0.0,0.0,0.0,0.0,0.0,0.0,0.0,1.75781,0.0,0.00674,0.13537,Nothing,seated
1.69734,145,0.00210923,-0.207279,0.0,0.0,0.0,0.0,0.0,0.0,0.0,0.0,1.75781,0.0,0.00674,0.13537,Nothing,seated
1.70821,146,0.00210923,-0.205362,0.0,0.0,0.0,0.0,0.0,0.0,0.0,0.0,1.75781,0.0,0.00674,0.13537,Nothing,seated
1.72159,147,0.00210923,-0.205362,0.0,0.0,0.0,0.0,0.0,0.0,0.0,0.0,1.75781,0.0,0.00674,0.13537,Nothing,seated
1.73521,148,-0.000958268,-0.204211,0.0,0.0,0.0,0.0,0.0,0.0,0.0,0.0,1.75781,0.0,0.00674,0.13537,Nothing,seated
1.74608,149,-0.000958268,-0.204211,0.0,0.0,0.0,0.0,0.0,0.0,0.0,0.0,1.75781,0.0,0.00674,0.13537,Nothing,seated
1.75721,150,-0.00191719,-0.204211,0.0,0.0,0.0,0.0,0.0,0.0,0.0,0.0,1.75781,0.0,0.00674,0.13537,Nothing,seated
1.76847,151,-0.00191719,-0.207279,0.0,0.0,0.0,0.0,0.0,0.0,0.0,0.0,1.58203,-2.91725,0.00674,0.13537,Nothing,seated
1.77921,152,-0.00383455,-0.207279,0.0,0.0,0.0,0.0,0.0,0.0,0.0,0.0,1.58203,-3.05048,0.00674,0.13537,Nothing,seated
1.78928,153,-0.00383455,-0.202294,0.0,0.0,0.0,0.0,0.0,0.0,0.0,0.0,1.58203,-3.25069,0.00674,0.13537,Nothing,seated
1.80008,154,0.00210923,-0.20632,0.0,0.0,0.0,0.0,0.0,0.0,0.0,0.0,1.58203,-3.25521,0.00674,0.13537,Nothing,seated
1.81234,155,0.00210923,-0.20632,0.0,0.0,0.0,0.0,0.0,0.0,0.0,0.0,1.58203,-3.18872,0.00674,0.13537,Nothing,seated
1.82258,156,0.00210923,-0.203252,0.0,0.0,0.0,0.0,0.0,0.0,0.0,0.0,1.58203,0.0,0.00674,0.13537,Nothing,seated
1.83359,157,1.74846e-07,-0.203252,0.0,0.0,0.0,0.0,0.0,0.0,0.0,0.0,1.58203,0.0,0.00674,0.13537,Nothing,seated
1.84483,158,-0.00191719,-0.205362,0.0,0.0,0.0,0.0,0.0,0.0,0.0,0.0,1.58203,0.0,0.00674,0.13537,Nothing,seated
1.85573,159,-0.00191719,-0.205362,0.0,0.0,0.0,0.0,0.0,0.0,0.0,0.0,1.58203,0.0,0.00674,0.13537,Nothing,seated
1.86809,160,0.00115078,-0.203252,0.0,0.0,0.0,0.0,0.0,0.0,0.0,0.0,1.58203,0.0,0.00674,0.13537,Nothing,seated
1.8792,161,0.00115078,-0.203252,0.0,0.0,0.0,0.0,0.0,0.0,0.0,0.0,1.58203,0.0,0.00674,0.13537,Nothing,seated
1.88959,162,0.00306815,-0.205362,0.0,0.0,0.0,0.0,0.0,0.0,0.0,0.0,1.58203,0.0,0.00674,0.13537,Nothing,seated
1.90222,163,0.00306815,-0.207279,0.0,0.0,0.0,0.0,0.0,0.0,0.0,0.0,1.58203,0.0,0.00674,0.13537,Nothing,seated
1.91567,164,1.74846e-07,-0.207279,0.0,0.0,0.0,0.0,0.0,0.0,0.0,0.0,1.58203,0.0,0.00674,0.13537,Nothing,seated
1.92709,165,1.74846e-07,-0.204211,0.0,0.0,0.0,0.0,0.0,0.0,0.0,0.0,1.58203,0.0,0.00674,0.13537,Nothing,seated
1.93716,166,1.74846e-07,-0.204211,0.0,0.0,0.0,0.0,0.0,0.0,0.0,0.0,1.58203,0.0,0.00674,0.13537,Nothing,seated
1.94723,167,1.74846e-07,-0.20632,0.0,0.0,0.0,0.0,0.0,0.0,0.0,0.0,1.58203,0.0,0.00674,0.13537,Nothing,seated
1.95809,168,1.74846e-07,-0.20632,0.0,0.0,0.0,0.0,0.0,0.0,0.0,0.0,1.40625,-3.1462,0.00674,0.13537,Nothing,seated
1.96887,169,-0.000958268,-0.203252,0.0,0.0,0.0,0.0,0.0,0.0,0.0,0.0,1.40625,-3.3041,0.00674,0.13537,Nothing,seated
1.99635,170,0.00210923,-0.203252,0.0,0.0,0.0,0.0,0.0,0.0,0.0,0.0,1.40625,-2.53818,0.00674,0.13537,Nothing,seated
2.00771,171,0.00402706,-0.204211,0.0,0.0,0.0,0.0,0.0,0.0,0.0,0.0,1.40625,-2.49152,0.00674,0.13537,Nothing,seated
2.02068,172,0.00402706,-0.204211,0.0,0.0,0.0,0.0,0.0,0.0,0.0,0.0,1.40625,-2.39321,0.00674,0.13537,Nothing,seated
2.03298,173,0.00306815,-0.203252,0.0,0.0,0.0,0.0,0.0,0.0,0.0,0.0,1.40625,0.0,0.00674,0.13537,Nothing,seated
2.04398,174,0.00306815,-0.202294,0.0,0.0,0.0,0.0,0.0,0.0,0.0,0.0,1.23047,-2.34028,0.00674,0.13537,Nothing,seated
2.05509,175,1.74846e-07,-0.202294,0.0,0.0,0.0,0.0,0.0,0.0,0.0,0.0,1.23047,-2.99243,0.00674,0.13537,Nothing,seated
2.06767,176,0.00306815,-0.20632,0.0,0.0,0.0,0.0,0.0,0.0,0.0,0.0,1.23047,-2.93168,0.00674,0.13537,Nothing,seated
2.07958,177,0.00306815,-0.205362,0.0,0.0,0.0,0.0,0.0,0.0,0.0,0.0,1.23047,-2.9842,0.00674,0.13537,Nothing,seated
2.09498,178,0.00210923,-0.205362,0.0,0.0,0.0,0.0,0.0,0.0,0.0,0.0,1.23047,-2.83505,0.00674,0.13537,Nothing,seated
2.10583,179,0.00306815,-0.209197,0.0,0.0,0.0,0.0,0.0,0.0,0.0,0.0,1.23047,0.0,0.00674,0.13537,Nothing,seated
2.11784,180,0.00306815,-0.209197,0.0,0.0,0.0,0.0,0.0,0.0,0.0,0.0,1.23047,0.0,0.00674,0.13537,Nothing,seated
2.12967,181,0.00115078,-0.204211,0.0,0.0,0.0,0.0,0.0,0.0,0.0,0.0,1.23047,0.0,0.00674,0.13537,Nothing,seated
2.14486,182,1.74846e-07,-0.203252,0.0,0.0,0.0,0.0,0.0,0.0,0.0,0.0,1.23047,0.0,0.00674,0.13537,Nothing,seated
2.15608,183,1.74846e-07,-0.203252,0.0,0.0,0.0,0.0,0.0,0.0,0.0,0.0,1.05469,-2.8768,0.00674,0.13537,Nothing,seated
2.16615,184,-0.000958268,-0.207279,0.0,0.0,0.0,0.0,0.0,0.0,0.0,0.0,1.05469,-2.91448,0.00674,0.13537,Nothing,seated
2.17721,185,-0.000958268,-0.207279,0.0,0.0,0.0,0.0,0.0,0.0,0.0,0.0,1.05469,-2.96052,0.00674,0.13537,Nothing,seated
2.19367,186,0.00115078,-0.20632,0.0,0.0,0.0,0.0,0.0,0.0,0.0,0.0,1.05469,-2.74663,0.00674,0.13537,Nothing,seated
2.20559,187,-0.00191719,-0.20632,0.0,0.0,0.0,0.0,0.0,0.0,0.0,0.0,1.05469,-2.89481,0.00674,0.13537,Nothing,seated
2.21685,188,-0.00191719,-0.20632,0.0,0.0,0.0,0.0,0.0,0.0,0.0,0.0,1.05469,0.0,0.00674,0.13537,Nothing,seated
2.22692,189,0.00306815,-0.204211,0.0,0.0,0.0,0.0,0.0,0.0,0.0,0.0,1.05469,0.0,0.00674,0.13537,Nothing,seated
2.23709,190,0.00306815,-0.204211,0.0,0.0,0.0,0.0,0.0,0.0,0.0,0.0,1.05469,0.0,0.00674,0.13537,Nothing,seated
2.24721,191,-0.000958268,-0.201335,0.0,0.0,0.0,0.0,0.0,0.0,0.0,0.0,0.878906,-3.28343,0.00674,0.13537,Nothing,seated
2.25846,192,-0.000958268,-0.201335,0.0,0.0,0.0,0.0,0.0,0.0,0.0,0.0,0.878906,-3.32427,0.00674,0.13537,Nothing,seated
2.26938,193,-0.00191719,-0.207279,0.0,0.0,0.0,0.0,0.0,0.0,0.0,0.0,0.878906,-3.34675,0.00674,0.13537,Nothing,seated
2.27998,194,-0.00191719,-0.207279,0.0,0.0,0.0,0.0,0.0,0.0,0.0,0.0,0.878906,-3.3132,0.00674,0.13537,Nothing,seated
2.29009,195,-0.00383455,-0.202294,0.0,0.0,0.0,0.0,0.0,0.0,0.0,0.0,0.878906,-3.31657,0.00674,0.13537,Nothing,seated
2.30199,196,-0.00383455,-0.202294,0.0,0.0,0.0,0.0,0.0,0.0,0.0,0.0,0.878906,0.0,0.00674,0.13537,Nothing,seated
2.31359,197,-0.00191719,-0.205362,0.0,0.0,0.0,0.0,0.0,0.0,0.0,0.0,0.878906,0.0,0.00674,0.13537,Nothing,seated
2.32608,198,-0.00191719,-0.205362,0.0,0.0,0.0,0.0,0.0,0.0,0.0,0.0,0.878906,0.0,0.00674,0.13537,Nothing,seated
2.33826,199,0.00115078,-0.205362,0.0,0.0,0.0,0.0,0.0,0.0,0.0,0.0,0.878906,0.0,0.00674,0.13537,Nothing,seated
2.3495,200,-0.00287611,-0.205362,0.0,0.0,0.0,0.0,0.0,0.0,0.0,0.0,0.703125,-2.95882,0.00674,0.13537,Nothing,seated
2.36047,201,-0.00287611,-0.203252,0.0,0.0,0.0,0.0,0.0,0.0,0.0,0.0,0.703125,-3.00553,0.00674,0.13537,Nothing,seated
2.37071,202,-0.00383455,-0.203252,0.0,0.0,0.0,0.0,0.0,0.0,0.0,0.0,0.703125,-3.07713,0.00674,0.13537,Nothing,seated
2.38252,203,-0.00383455,-0.205362,0.0,0.0,0.0,0.0,0.0,0.0,0.0,0.0,0.703125,-3.11443,0.00674,0.13537,Nothing,seated
2.39358,204,-0.00383455,-0.203252,0.0,0.0,0.0,0.0,0.0,0.0,0.0,0.0,0.703125,-3.1773,0.00674,0.13537,Nothing,seated
2.40487,205,-0.00287611,-0.203252,0.0,0.0,0.0,0.0,0.0,0.0,0.0,0.0,0.703125,0.0,0.00674,0.13537,Nothing,seated
2.41667,206,-0.000958268,-0.204211,0.0,0.0,0.0,0.0,0.0,0.0,0.0,0.0,0.703125,0.0,0.00674,0.13537,Nothing,seated
2.43021,207,-0.000958268,-0.204211,0.0,0.0,0.0,0.0,0.0,0.0,0.0,0.0,0.527344,-2.95451,0.00674,0.13537,Nothing,seated
2.44097,208,1.74846e-07,-0.203252,0.0,0.0,0.0,0.0,0.0,0.0,0.0,0.0,0.527344,-3.00733,0.00674,0.13537,Nothing,seated
2.45109,209,1.74846e-07,-0.203252,0.0,0.0,0.0,0.0,0.0,0.0,0.0,0.0,0.527344,-3.05648,0.00674,0.13537,Nothing,seated
2.46116,210,-0.00191719,-0.205362,0.0,0.0,0.0,0.0,0.0,0.0,0.0,0.0,0.527344,-3.12244,0.00674,0.13537,Nothing,seated
2.47124,211,-0.00191719,-0.20632,0.0,0.0,0.0,0.0,0.0,0.0,0.0,0.0,0.527344,-3.2211,0.00674,0.13537,Nothing,seated
2.48241,212,-0.00191719,-0.20632,0.0,0.0,0.0,0.0,0.0,0.0,0.0,0.0,0.527344,0.0,0.00674,0.13537,Nothing,seated
2.49359,213,-0.00191719,-0.204211,0.0,0.0,0.0,0.0,0.0,0.0,0.0,0.0,0.527344,0.0,0.00674,0.13537,Nothing,seated
2.50546,214,-0.00191719,-0.204211,0.0,0.0,0.0,0.0,0.0,0.0,0.0,0.0,0.527344,0.0,0.00674,0.13537,Nothing,seated
2.51667,215,-0.000958268,-0.202294,0.0,0.0,0.0,0.0,0.0,0.0,0.0,0.0,0.527344,0.0,0.00674,0.13537,Nothing,seated
2.53098,216,-0.000958268,-0.205362,0.0,0.0,0.0,0.0,0.0,0.0,0.0,0.0,0.527344,0.0,0.00674,0.13537,Nothing,seated
2.54221,217,-0.000958268,-0.205362,0.0,0.0,0.0,0.0,0.0,0.0,0.0,0.0,0.351562,-2.93963,0.00674,0.13537,Nothing,seated
2.55284,218,-0.000958268,-0.204211,0.0,0.0,0.0,0.0,0.0,0.0,0.0,0.0,0.351562,-2.96677,0.00674,0.13537,Nothing,seated
2.56508,219,-0.00575239,-0.204211,0.0,0.0,0.0,0.0,0.0,0.0,0.0,0.0,0.351562,-2.94832,0.00674,0.13537,Nothing,seated
2.57621,220,-0.000958268,-0.207279,0.0,0.0,0.0,0.0,0.0,0.0,0.0,0.0,0.351562,-2.95262,0.00674,0.13537,Nothing,seated
2.58698,221,-0.000958268,-0.207279,0.0,0.0,0.0,0.0,0.0,0.0,0.0,0.0,0.351562,-3.13895,0.00674,0.13537,Nothing,seated
