4.053115844726562500e-06 2.969824373722076416e-01 -3.353027403354644775e-01 -9.934541702270507812e+00 3.728425595909357071e-03 2.982740476727485657e-02 2.849582396447658539e-02 0.000000000000000000e+00 0.000000000000000000e+00 0.000000000000000000e+00 0.000000000000000000e+00 0.000000000000000000e+00 1.000000000000000000e+00
2.437880039215087891e-01 4.598437547683715820e-01 -1.293310642242431641e+00 -9.944121360778808594e+00 4.793690051883459091e-03 1.025317013263702393e-01 9.321063756942749023e-02 -4.395604395604395531e-01 -3.076923076923077094e+00 2.901098901098901450e+00 3.516483516483516203e-01 -1.757812500000000000e-01 1.000000000000000000e+00
4.438600540161132812e-01 9.580078534781932831e-03 -1.916015744209289551e-01 -7.893984794616699219e+00 3.009372018277645111e-02 -4.910869002342224121e-01 5.060006305575370789e-02 -9.670329670329670391e-01 -1.643956043956043800e+01 1.283516483516483397e+01 2.637362637362637430e-01 -8.789062500000000000e-01 1.000000000000000000e+00
6.439311504364013672e-01 -1.360371112823486328e+00 -3.832031488418579102e-01 -1.035606479644775391e+01 -6.098638847470283508e-02 -1.623729348182678223e+00 1.544633507728576660e-02 -8.791208791208790507e-02 -4.043956043956043800e+00 1.846153846153846256e+00 1.054945054945054972e+00 -1.757812500000000000e-01 1.000000000000000000e+00
8.440041542053222656e-01 -6.437812805175781250e+00 -8.622070550918579102e-01 -7.711963176727294922e+00 -1.331580569967627525e-03 -1.734783172607421875e+00 -1.358212232589721680e-01 -1.494505494505494525e+00 1.978021978021978100e+01 -1.494505494505494525e+01 2.637362637362637430e-01 5.273437500000000000e-01 1.000000000000000000e+00
1.044076204299926758e+00 -7.204218864440917969e+00 -1.628613322973251343e-01 -7.405400753021240234e+00 -1.278317254036664963e-02 6.191849708557128906e-01 9.294432401657104492e-02 -1.054945054945054972e+00 1.318681318681318793e+01 -7.648351648351648713e+00 9.670329670329670391e-01 1.757812500000000000e-01 1.000000000000000000e+00
1.244148015975952148e+00 -3.640429735183715820e+00 -2.203418016433715820e-01 -8.583750724792480469e+00 1.411475427448749542e-02 1.023985505104064941e+00 5.965480953454971313e-02 7.912087912087911734e-01 -5.626373626373625925e+00 4.571428571428571175e+00 7.032967032967032406e-01 -5.273437500000000000e-01 1.000000000000000000e+00
1.444219112396240234e+00 -3.650009870529174805e+00 -2.874023616313934326e-01 -8.555009841918945312e+00 1.571265049278736115e-02 -7.259777188301086426e-01 -5.965480953454971313e-02 -8.791208791208791062e-01 3.692307692307692513e+00 -2.725274725274725363e+00 3.516483516483516203e-01 -1.757812500000000000e-01 1.000000000000000000e+00
1.644291162490844727e+00 -6.255791187286376953e+00 -2.874023616313934326e-01 -8.440049171447753906e+00 -1.997370831668376923e-02 -7.350324839353561401e-02 4.607268795371055603e-02 -1.406593406593406481e+00 8.879120879120879550e+00 -5.274725274725274637e+00 9.670329670329670391e-01 -1.757812500000000000e-01 1.000000000000000000e+00
1.844361066818237305e+00 -4.588857650756835938e+00 -3.448828160762786865e-01 -8.353828430175781250e+00 3.195793367922306061e-03 5.667206645011901855e-01 3.488741070032119751e-02 -8.791208791208790507e-02 1.054945054945054972e+00 0.000000000000000000e+00 7.032967032967032406e-01 -5.273437500000000000e-01 1.000000000000000000e+00
2.044432163238525391e+00 -4.445156574249267578e+00 -3.257226645946502686e-01 -8.545430183410644531e+00 -4.793690051883459091e-03 -3.227751255035400391e-01 -9.321063756942749023e-03 -2.637362637362637430e-01 5.010989010989010950e+00 -3.164835164835164694e+00 7.032967032967032406e-01 -1.757812500000000000e-01 1.000000000000000000e+00
2.244577169418334961e+00 -5.384004116058349609e+00 -3.448828160762786865e-01 -8.555009841918945312e+00 -3.462109481915831566e-03 4.447479173541069031e-02 2.530003152787685394e-02 -3.516483516483516203e-01 5.450549450549450725e+00 -3.076923076923077094e+00 7.032967032967032406e-01 -1.757812500000000000e-01 1.000000000000000000e+00
2.444720029830932617e+00 -4.483476638793945312e+00 -3.161425888538360596e-01 -8.353828430175781250e+00 -3.728425595909357071e-03 7.137271761894226074e-02 3.542004153132438660e-02 -1.758241758241758101e-01 3.692307692307692513e+00 -2.197802197802197988e+00 8.791208791208791062e-01 -1.757812500000000000e-01 1.000000000000000000e+00
2.644864082336425781e+00 -5.106181621551513672e+00 -2.874023616313934326e-01 -8.440049171447753906e+00 1.917476020753383636e-02 -6.151902303099632263e-02 -1.118527725338935852e-02 -7.032967032967032406e-01 5.274725274725274637e+00 -3.164835164835164694e+00 6.153846153846154188e-01 -1.757812500000000000e-01 1.000000000000000000e+00
2.845010995864868164e+00 -4.751718997955322266e+00 -2.586621344089508057e-01 -8.420888900756835938e+00 -3.728425595909357071e-03 1.083906590938568115e-01 4.207794740796089172e-02 -3.516483516483516203e-01 4.307692307692308376e+00 -2.373626373626373631e+00 7.912087912087911734e-01 0.000000000000000000e+00 1.000000000000000000e+00
3.045158147811889648e+00 -4.914580345153808594e+00 -3.257226645946502686e-01 -8.430469512939453125e+00 7.456851191818714142e-03 -1.091896090656518936e-02 -1.065264455974102020e-03 -3.516483516483516203e-01 4.923076923076923350e+00 -2.901098901098901450e+00 8.791208791208791062e-01 0.000000000000000000e+00 1.000000000000000000e+00
3.245304107666015625e+00 -4.809199333190917969e+00 -3.161425888538360596e-01 -8.440049171447753906e+00 -1.331580569967627525e-03 5.965480953454971313e-02 3.435477986931800842e-02 -2.637362637362637430e-01 4.659340659340659663e+00 -2.725274725274725363e+00 8.791208791208791062e-01 0.000000000000000000e+00 1.000000000000000000e+00
3.445451021194458008e+00 -4.924160480499267578e+00 -2.874023616313934326e-01 -8.449628829956054688e+00 1.278317254036664963e-02 5.060005933046340942e-03 -2.929477253928780556e-03 -4.395604395604395531e-01 4.923076923076923350e+00 -2.813186813186812962e+00 8.791208791208791062e-01 0.000000000000000000e+00 1.000000000000000000e+00
3.645595073699951172e+00 -4.866679668426513672e+00 -2.299218773841857910e-01 -8.449628829956054688e+00 -7.190534844994544983e-03 2.423476614058017731e-02 3.595267608761787415e-02 -4.395604395604395531e-01 4.835164835164835750e+00 -2.813186813186812962e+00 7.912087912087911734e-01 -1.757812500000000000e-01 1.000000000000000000e+00
3.845725059509277344e+00 -4.895420074462890625e+00 -2.586621344089508057e-01 -8.449628829956054688e+00 1.145159266889095306e-02 1.731054671108722687e-02 2.663161139935255051e-04 -4.395604395604395531e-01 4.835164835164835750e+00 -2.813186813186812962e+00 7.912087912087911734e-01 -1.757812500000000000e-01 1.000000000000000000e+00
4.045873165130615234e+00 -4.790039062500000000e+00 -3.353027403354644775e-01 -8.401728630065917969e+00 -5.592638626694679260e-03 2.157160453498363495e-02 2.503371424973011017e-02 -2.637362637362637430e-01 4.923076923076923350e+00 -2.813186813186812962e+00 7.912087912087911734e-01 -1.757812500000000000e-01 0.000000000000000000e+00
4.245946168899536133e+00 -3.506308794021606445e+00 -7.568262219429016113e-01 -7.826924324035644531e+00 -3.462109481915831566e-03 -7.084008306264877319e-02 -2.636529505252838135e-02 8.791208791208791062e-01 1.019780219780219710e+01 -7.120879120879120450e+00 8.791208791208790507e-02 -1.757812500000000000e-01 0.000000000000000000e+00
4.446017980575561523e+00 -4.445156574249267578e+00 -4.406836032867431641e-01 -8.171807289123535156e+00 -5.512743443250656128e-02 -4.380899965763092041e-01 -1.877528578042984009e-01 4.395604395604395531e-01 2.637362637362637585e+01 -2.452747252747252560e+01 -1.406593406593406481e+00 5.273437500000000000e-01 0.000000000000000000e+00
4.646084070205688477e+00 -5.968389034271240234e+00 6.706055253744125366e-02 -9.053174018859863281e+00 1.004011780023574829e-01 1.553954482078552246e+00 9.214537590742111206e-02 -1.758241758241758212e+00 2.162637362637362770e+01 -1.459340659340659485e+01 -1.142857142857142794e+00 1.757812500000000000e-01 0.000000000000000000e+00
4.846156120300292969e+00 6.897656321525573730e-01 -2.969824373722076416e-01 -8.660390853881835938e+00 3.462109481915831566e-03 2.926015138626098633e+00 7.137271761894226074e-02 8.791208791208790507e-02 -1.178021978021978100e+01 1.028571428571428470e+01 -2.901098901098901450e+00 -1.054687500000000000e+00 0.000000000000000000e+00
5.046226024627685547e+00 3.151845932006835938e+00 9.580078534781932831e-03 -8.938213348388671875e+00 -7.163903117179870605e-02 -1.300954222679138184e+00 8.468852192163467407e-02 -1.054945054945054972e+00 -3.516483516483516203e-01 2.637362637362637430e-01 8.791208791208790507e-02 0.000000000000000000e+00 0.000000000000000000e+00
5.250007152557373047e+00 -2.663261890411376953e+00 -2.011816501617431641e-01 -1.009740257263183594e+01 -1.278317254036664963e-02 -9.661948680877685547e-01 -4.420847445726394653e-02 -2.461538461538461675e+00 1.204395604395604380e+01 -7.032967032967032850e+00 7.032967032967032406e-01 3.515625000000000000e-01 0.000000000000000000e+00
5.455888032913208008e+00 7.376660704612731934e-01 -2.299218773841857910e-01 -1.001118183135986328e+01 6.498113274574279785e-02 1.246625781059265137e+00 8.868326246738433838e-02 1.230769230769230838e+00 -3.780219780219780557e+00 4.219780219780219888e+00 -6.153846153846154188e-01 -1.757812500000000000e-01 0.000000000000000000e+00
5.655959129333496094e+00 1.647773504257202148e+00 -2.490820437669754028e-01 -9.762100219726562500e+00 -3.568635880947113037e-02 -5.526059269905090332e-01 -4.474110901355743408e-02 3.516483516483516203e-01 1.230769230769230838e+00 -3.516483516483516203e-01 1.758241758241758101e-01 3.515625000000000000e-01 0.000000000000000000e+00
5.856037139892578125e+00 -8.526269793510437012e-01 -3.832031488418579102e-01 -1.020278358459472656e+01 7.989482954144477844e-03 5.512743443250656128e-02 1.544633507728576660e-02 -1.054945054945054972e+00 4.307692307692308376e+00 -1.494505494505494525e+00 -1.758241758241758101e-01 3.515625000000000000e-01 0.000000000000000000e+00
6.118756055831909180e+00 9.005273580551147461e-01 -2.586621344089508057e-01 -9.848320960998535156e+00 -3.728425595909357071e-03 -1.997370831668376923e-02 -2.130528911948204041e-03 -7.032967032967032406e-01 9.670329670329670391e-01 1.758241758241758101e-01 0.000000000000000000e+00 1.757812500000000000e-01 0.000000000000000000e+00
6.327255010604858398e+00 0.000000000000000000e+00 -2.874023616313934326e-01 -1.001118183135986328e+01 0.000000000000000000e+00 -4.101268202066421509e-02 -8.788431994616985321e-03 -1.142857142857142794e+00 2.197802197802197988e+00 -2.637362637362637430e-01 -2.637362637362637430e-01 0.000000000000000000e+00 0.000000000000000000e+00
6.561141014099121094e+00 5.748047232627868652e-01 -3.161425888538360596e-01 -9.896221160888671875e+00 -4.793690051883459091e-03 -4.687163606286048889e-02 -3.328951448202133179e-02 -7.032967032967032406e-01 1.670329670329670391e+00 0.000000000000000000e+00 2.637362637362637430e-01 -1.757812500000000000e-01 0.000000000000000000e+00
6.867264986038208008e+00 4.694238603115081787e-01 -3.161425888538360596e-01 -9.915381431579589844e+00 -4.793690051883459091e-03 1.890844479203224182e-02 6.578008085489273071e-02 -7.032967032967032406e-01 1.582417582417582347e+00 8.791208791208790507e-02 2.637362637362637430e-01 -1.757812500000000000e-01 0.000000000000000000e+00
7.067337989807128906e+00 3.736230731010437012e-01 -2.778222858905792236e-01 -9.953701972961425781e+00 4.527374170720577240e-03 4.074636474251747131e-02 -1.704423129558563232e-02 -8.791208791208791062e-01 1.406593406593406481e+00 1.758241758241758101e-01 3.516483516483516203e-01 -3.515625000000000000e-01 0.000000000000000000e+00
7.281008005142211914e+00 3.448828160762786865e-01 -2.969824373722076416e-01 -9.934541702270507812e+00 6.657903082668781281e-03 4.074636474251747131e-02 3.888215124607086182e-02 -6.153846153846154188e-01 1.494505494505494525e+00 8.791208791208790507e-02 3.516483516483516203e-01 -1.757812500000000000e-01 0.000000000000000000e+00
7.507147073745727539e+00 4.023633003234863281e-01 -2.682422101497650146e-01 -9.924961090087890625e+00 -2.663161139935255051e-04 3.036003746092319489e-02 1.810949668288230896e-02 -7.032967032967032406e-01 1.494505494505494525e+00 8.791208791208790507e-02 3.516483516483516203e-01 -1.757812500000000000e-01 0.000000000000000000e+00
7.804665088653564453e+00 3.927832245826721191e-01 -2.874023616313934326e-01 -9.972861289978027344e+00 3.462109481915831566e-03 3.808320313692092896e-02 1.731054671108722687e-02 -7.912087912087911734e-01 1.406593406593406481e+00 1.758241758241758101e-01 3.516483516483516203e-01 0.000000000000000000e+00 0.000000000000000000e+00
8.075386047363281250e+00 3.640429973602294922e-01 -2.874023616313934326e-01 -9.905800819396972656e+00 -2.396845025941729546e-03 3.808320313692092896e-02 1.171790901571512222e-02 -7.912087912087911734e-01 1.406593406593406481e+00 1.758241758241758101e-01 2.637362637362637430e-01 1.757812500000000000e-01 0.000000000000000000e+00
8.283259153366088867e+00 4.023633003234863281e-01 -2.969824373722076416e-01 -9.915381431579589844e+00 7.723167538642883301e-03 3.036003746092319489e-02 2.716424316167831421e-02 -7.032967032967032406e-01 1.406593406593406481e+00 1.758241758241758101e-01 3.516483516483516203e-01 1.757812500000000000e-01 0.000000000000000000e+00
8.504279136657714844e+00 3.832031488418579102e-01 -2.778222858905792236e-01 -9.924961090087890625e+00 5.326322279870510101e-03 2.769687585532665253e-02 1.970739290118217468e-02 -7.032967032967032406e-01 1.406593406593406481e+00 1.758241758241758101e-01 3.516483516483516203e-01 1.757812500000000000e-01 0.000000000000000000e+00
8.835515022277832031e+00 3.736230731010437012e-01 -2.969824373722076416e-01 -9.934541702270507812e+00 2.663161139935255051e-04 1.997370831668376923e-02 1.278317254036664963e-02 -7.912087912087911734e-01 1.406593406593406481e+00 1.758241758241758101e-01 3.516483516483516203e-01 0.000000000000000000e+00 0.000000000000000000e+00
9.383261203765869141e+00 3.927832245826721191e-01 -2.969824373722076416e-01 -9.934541702270507812e+00 -7.190534844994544983e-03 2.183792181313037872e-02 1.304948981851339340e-02 -7.032967032967032406e-01 1.406593406593406481e+00 2.637362637362637430e-01 2.637362637362637430e-01 -3.515625000000000000e-01 0.000000000000000000e+00
9.583330154418945312e+00 4.023633003234863281e-01 -3.257226645946502686e-01 -9.934541702270507812e+00 4.793690051883459091e-03 2.876213937997817993e-02 1.837581209838390350e-02 -7.032967032967032406e-01 1.406593406593406481e+00 2.637362637362637430e-01 3.516483516483516203e-01 -3.515625000000000000e-01 0.000000000000000000e+00
9.794023990631103516e+00 4.023633003234863281e-01 -2.682422101497650146e-01 -9.924961090087890625e+00 -1.597896683961153030e-03 3.408846259117126465e-02 1.331580616533756256e-02 -7.912087912087911734e-01 1.318681318681318659e+00 2.637362637362637430e-01 3.516483516483516203e-01 -1.757812500000000000e-01 0.000000000000000000e+00
1.009876298904418945e+01 3.927832245826721191e-01 -2.682422101497650146e-01 -9.944121360778808594e+00 1.065264455974102020e-03 4.207794740796089172e-02 2.050634101033210754e-02 -7.032967032967032406e-01 1.318681318681318659e+00 2.637362637362637430e-01 3.516483516483516203e-01 0.000000000000000000e+00 0.000000000000000000e+00
1.048671698570251465e+01 3.927832245826721191e-01 -2.874023616313934326e-01 -9.915381431579589844e+00 5.592638626694679260e-03 4.500742256641387939e-02 2.157160453498363495e-02 -7.032967032967032406e-01 1.318681318681318659e+00 2.637362637362637430e-01 3.516483516483516203e-01 1.757812500000000000e-01 0.000000000000000000e+00
1.083028221130371094e+01 4.215234518051147461e-01 -2.969824373722076416e-01 -9.934541702270507812e+00 2.396845025941729546e-03 3.249056637287139893e-02 1.518001873046159744e-02 -7.912087912087911734e-01 1.318681318681318659e+00 2.637362637362637430e-01 3.516483516483516203e-01 1.757812500000000000e-01 0.000000000000000000e+00
1.109677219390869141e+01 3.927832245826721191e-01 -2.969824373722076416e-01 -9.924961090087890625e+00 2.130528911948204041e-03 2.503371424973011017e-02 1.784317940473556519e-02 -7.032967032967032406e-01 1.318681318681318659e+00 2.637362637362637430e-01 2.637362637362637430e-01 1.757812500000000000e-01 0.000000000000000000e+00
1.134851002693176270e+01 3.927832245826721191e-01 -2.969824373722076416e-01 -9.905800819396972656e+00 7.989483419805765152e-04 1.731054671108722687e-02 1.624528318643569946e-02 -7.032967032967032406e-01 1.318681318681318659e+00 2.637362637362637430e-01 3.516483516483516203e-01 0.000000000000000000e+00 0.000000000000000000e+00
