0.000109911,0,-1.55197,-0.268242,-9.63756,0.0,0.0,0.0,0.0,0.0,0.0,0.0,0.0,0.0,0.00674,0.13537,None,seated
0.150274,1,-1.54239,-0.249082,-9.6184,0.0,0.0,0.0,0.0,0.0,0.0,0.0,0.0,0.0,0.00674,0.13537,Nothing,seated
0.30044,2,-1.54239,-0.287402,-9.64714,0.0,0.0,0.0,0.0,0.0,0.0,0.0,0.0,0.0,0.00674,0.13537,Nothing,seated
0.450607,3,-1.55197,-0.229922,-9.65672,0.0,0.0,0.0,0.0,0.0,0.0,0.0,0.0,0.0,0.00674,0.13537,Nothing,seated
0.600774,4,-1.46575,-0.277822,-9.63756,0.0,0.0,0.0,0.0,0.0,0.0,0.0,0.0,0.0,0.00674,0.13537,Nothing,seated
0.750944,5,-1.38911,-0.258662,-9.65672,0.0,0.0,0.0,0.0,0.0,0.0,0.0,0.175781,0.234115,0.00674,0.13537,Nothing,seated
0.90109,6,-1.37953,-0.287402,-9.64714,0.0,0.0,0.0,0.0,0.0,0.0,0.0,0.351562,0.46824,0.00674,0.13537,Nothing,seated
1.05125,7,-1.38911,-0.258662,-9.69504,0.0,0.0,0.0,0.0,0.0,0.0,0.0,0.703125,0.936491,0.00674,0.13537,Nothing,seated
1.20139,8,-1.36995,-0.258662,-9.65672,0.0,0.0,0.0,0.0,0.0,0.0,0.0,1.05469,1.40479,0.00674,0.13537,Nothing,seated
1.35154,9,-1.32205,-0.306563,-9.65672,0.0,0.0,0.0,0.0,0.0,0.0,0.0,1.40625,1.87309,0.00674,0.13537,Nothing,seated
1.50168,10,-1.27415,-0.258662,-9.68546,0.0,0.0,0.0,0.0,0.0,0.0,0.0,1.93359,2.34144,0.00674,0.13537,Nothing,seated
1.65182,11,-1.20709,-0.258662,-9.69504,0.0,0.0,0.0,0.0,0.0,0.0,0.0,2.46094,2.80977,0.00674,0.13537,Nothing,seated
1.80194,12,-1.14961,-0.296982,-9.70462,0.0,0.0,0.0,0.0,0.0,0.0,0.0,2.8125,2.80989,0.00674,0.13537,Nothing,seated
1.95207,13,-1.13045,-0.296982,-9.74294,0.0,0.0,0.0,0.0,0.0,0.0,0.0,3.16406,2.80994,0.00674,0.13537,Nothing,seated
2.10223,14,-1.10171,-0.239502,-9.73336,0.0,0.0,0.0,0.0,0.0,0.0,0.0,3.51562,2.8099,0.00674,0.13537,Nothing,seated
2.25239,15,-0.986748,-0.287402,-9.70462,0.0,0.0,0.0,0.0,0.0,0.0,0.0,3.69141,2.34156,0.00674,0.13537,Nothing,seated
2.40255,16,-0.958008,-0.296982,-9.74294,0.0,0.0,0.0,0.0,0.0,0.0,0.0,3.86719,1.87316,0.00674,0.13537,Nothing,seated
2.5527,17,-0.814307,-0.277822,-9.72378,0.0,0.0,0.0,0.0,0.0,0.0,0.0,4.04297,1.63897,0.00674,0.13537,Nothing,seated
2.70286,18,-0.804727,-0.258662,-9.7621,0.0,0.0,0.0,0.0,0.0,0.0,0.0,4.39453,1.63889,0.00674,0.13537,Nothing,seated
2.85303,19,-0.785566,-0.268242,-9.73336,0.0,0.0,0.0,0.0,0.0,0.0,0.0,4.57031,1.40477,0.00674,0.13537,Nothing,seated
3.00319,20,-0.766406,-0.249082,-9.77168,0.0,0.0,0.0,0.0,0.0,0.0,0.0,4.74609,1.40474,0.00674,0.13537,Nothing,seated
3.15336,21,-0.737666,-0.306563,-9.7621,0.0,0.0,0.0,0.0,0.0,0.0,0.0,5.09766,1.63886,0.00674,0.13537,Nothing,seated
3.30353,22,-0.728086,-0.249082,-9.79084,0.0,0.0,0.0,0.0,0.0,0.0,0.0,5.27344,1.63882,0.00674,0.13537,Nothing,seated
3.45369,23,-0.689766,-0.287402,-9.74294,0.0,0.0,0.0,0.0,0.0,0.0,0.0,5.44922,1.40469,0.00674,0.13537,Nothing,seated
3.60386,24,-1.55197,-0.172441,-9.51302,0.0,0.0,0.0,0.0,0.0,0.0,0.0,5.27344,0.936464,0.00674,0.13537,Nothing,seated
3.75402,25,-1.51365,-0.191602,-9.55134,0.0,0.0,0.0,0.0,0.0,0.0,0.0,4.57031,-0.234116,0.00674,0.13537,Nothing,seated
3.90419,26,-1.59987,-0.431104,-9.65672,0.0,0.0,0.0,0.0,0.0,0.0,0.0,3.16406,-2.57527,0.00674,0.13537,Nothing,seated
4.05435,27,-1.51365,-0.392783,-9.65672,0.0,0.0,0.0,0.0,0.0,0.0,0.0,1.58203,-4.91649,0.00674,0.13537,Nothing,seated
4.20451,28,-1.54239,-0.258662,-9.6663,0.0,0.0,0.0,0.0,0.0,0.0,0.0,-0.351562,-7.72596,0.00674,0.13537,Nothing,seated
4.35468,29,-1.58071,-0.143701,-9.75252,0.0,0.0,0.0,0.0,0.0,0.0,0.0,-2.46094,-10.3011,0.00674,0.13537,Nothing,seated
4.50484,30,-1.53281,-0.134121,-9.64714,0.0,0.0,0.0,0.0,0.0,0.0,0.0,-3.86719,-11.2378,0.00674,0.13537,Nothing,seated
4.655,31,-1.55197,-0.344883,-9.6184,0.0,0.0,0.0,0.0,0.0,0.0,0.0,-4.92188,-10.7697,0.00674,0.13537,Nothing,seated
4.80514,32,-1.49449,-0.411943,-9.58966,0.0,0.0,0.0,0.0,0.0,0.0,0.0,-5.27344,-9.13102,0.00674,0.13537,Nothing,seated
4.95527,33,-1.50407,-0.325723,-9.63756,0.0,0.0,0.0,0.0,0.0,0.0,0.0,-4.74609,-5.85347,0.00674,0.13537,Nothing,seated
5.10542,34,-1.55197,-0.210762,-9.6663,0.0,0.0,0.0,0.0,0.0,0.0,0.0,-3.69141,-1.63901,0.00674,0.13537,Nothing,seated
5.25557,35,-1.55197,-0.143701,-9.69504,0.0,0.0,0.0,0.0,0.0,0.0,0.0,-2.28516,2.10731,0.00674,0.13537,Nothing,seated
5.40569,36,-1.53281,-0.191602,-9.7142,0.0,0.0,0.0,0.0,0.0,0.0,0.0,-0.351562,6.08812,0.00674,0.13537,IncreaseQuarterPeriod,seated
5.55583,37,-1.57113,-0.364043,-9.72378,0.0,0.0,0.0,0.0,0.0,0.0,0.0,1.75781,9.36629,0.00674,0.13537,IncreaseQuarterPeriod,seated
5.70598,38,-1.59029,-0.335303,-9.65672,0.0,0.0,0.0,0.0,0.0,0.0,0.0,3.51562,11.0052,0.00674,0.13537,IncreaseQuarterPeriod,seated
5.85612,39,-1.54239,-0.249082,-9.60882,0.0,0.0,0.0,0.0,0.0,0.0,0.0,4.74609,11.2395,0.00674,0.13537,IncreaseQuarterPeriod,seated
6.00625,40,-1.54239,-0.182021,-9.6184,0.0,0.0,0.0,0.0,0.0,0.0,0.0,5.27344,10.069,0.00674,0.13537,IncreaseQuarterPeriod,seated
6.1564,41,-1.53281,-0.191602,-9.58966,0.0,0.0,0.0,0.0,0.0,0.0,0.0,5.27344,7.49294,0.00674,0.13537,IncreaseQuarterPeriod,seated
6.30655,42,-1.52323,-0.287402,-9.62798,0.0,0.0,0.0,0.0,0.0,0.0,0.0,4.39453,3.51226,0.00674,0.13537,IncreaseQuarterPeriod,seated
6.45668,43,-1.55197,-0.364043,-9.63756,0.0,0.0,0.0,0.0,0.0,0.0,0.0,3.16406,-0.46831,0.00674,0.13537,IncreaseQuarterPeriod,seated
6.60676,44,-0.373623,0.182021,-9.39806,0.0,0.0,0.0,0.0,0.0,0.0,0.0,1.40625,-4.44936,0.0188,0.1476,IncreaseQuarterPeriod,extended
6.75691,45,-0.670605,0.0958008,-7.81734,0.0,0.0,0.0,0.0,0.0,0.0,0.0,-0.703125,-7.96174,0.0188,0.1476,IncreaseQuarterPeriod,extended
6.90707,46,-6.70606,0.201182,-7.72154,0.0,0.0,0.0,0.0,0.0,0.0,0.0,-2.63672,-10.5374,0.0188,0.1476,IncreaseQuarterPeriod,extended
7.05723,47,-7.06052,-0.0191602,-7.08926,0.0,0.0,0.0,0.0,0.0,0.0,0.0,-4.04297,-11.2399,0.0188,0.1476,IncreaseQuarterPeriod,extended
7.20738,48,-4.88584,-0.0191602,-6.9743,0.0,0.0,0.0,0.0,0.0,0.0,0.0,-5.27344,-11.2396,0.0188,0.1476,IncreaseQuarterPeriod,extended
7.35753,49,-5.97797,-0.124541,-7.60658,0.0,0.0,0.0,0.0,0.0,0.0,0.0,-5.44922,-9.13116,0.0188,0.1476,IncreaseQuarterPeriod,extended
7.50769,50,-6.19831,-0.296982,-7.34792,0.0,0.0,0.0,0.0,0.0,0.0,0.0,-4.92188,-5.61916,0.0188,0.1476,IncreaseQuarterPeriod,extended
7.65784,51,-6.46655,-0.105381,-7.62574,0.0,0.0,0.0,0.0,0.0,0.0,0.0,-4.21875,-2.10722,0.0188,0.1476,IncreaseQuarterPeriod,extended
7.808,52,-6.17915,-0.0958008,-7.46288,0.0,0.0,0.0,0.0,0.0,0.0,0.0,-2.46094,2.10721,0.0188,0.1476,IncreaseQuarterPeriod,extended
7.95808,53,-5.57561,-0.517324,-6.93598,0.0,0.0,0.0,0.0,0.0,0.0,0.0,-0.527344,6.32223,0.00674,0.13537,IncreaseQuarterPeriod,seated
8.10823,54,-5.3361,0.00958008,-7.55868,0.0,0.0,0.0,0.0,0.0,0.0,0.0,1.40625,9.13209,0.00674,0.13537,IncreaseQuarterPeriod,seated
8.2584,55,0.268242,-0.143701,-7.7886,0.0,0.0,0.0,0.0,0.0,0.0,0.0,3.16406,10.771,0.00674,0.13537,IncreaseQuarterPeriod,seated
8.40855,56,-1.90644,-0.229922,-9.7621,0.0,0.0,0.0,0.0,0.0,0.0,0.0,4.21875,11.2395,0.00674,0.13537,IncreaseQuarterPeriod,seated
8.5587,57,-1.9735,-0.258662,-9.77168,0.0,0.0,0.0,0.0,0.0,0.0,0.0,5.27344,10.3028,0.00674,0.13537,IncreaseQuarterPeriod,seated
8.70885,58,-1.50407,-0.191602,-9.331,0.0,0.0,0.0,0.0,0.0,0.0,0.0,5.09766,7.49223,0.00674,0.13537,IncreaseQuarterPeriod,seated
8.85901,59,-1.46575,-0.249082,-9.35974,0.0,0.0,0.0,0.0,0.0,0.0,0.0,4.57031,4.2144,0.00674,0.13537,IncreaseQuarterPeriod,seated
9.00916,60,-1.53281,-0.306563,-9.6663,0.0,0.0,0.0,0.0,0.0,0.0,0.0,3.16406,0.0,0.00674,0.13537,IncreaseQuarterPeriod,seated
9.15923,61,-2.28964,0.0479004,-10.653,0.0,0.0,0.0,0.0,0.0,0.0,0.0,1.58203,-3.51241,0.0188,0.1476,IncreaseQuarterPeriod,extended
9.30939,62,-1.17835,-0.651445,-7.5491,0.0,0.0,0.0,0.0,0.0,0.0,0.0,-0.527344,-7.72733,0.0188,0.1476,IncreaseQuarterPeriod,extended
9.45955,63,-7.31918,0.239502,-7.75028,0.0,0.0,0.0,0.0,0.0,0.0,0.0,-2.46094,-10.0688,0.0188,0.1476,IncreaseQuarterPeriod,extended
9.60968,64,-6.47613,-0.421523,-7.3575,0.0,0.0,0.0,0.0,0.0,0.0,0.0,-3.86719,-11.2399,0.0188,0.1476,IncreaseQuarterPeriod,extended
9.75984,65,-5.15408,-0.0670606,-7.03178,0.0,0.0,0.0,0.0,0.0,0.0,0.0,-4.92188,-10.7716,0.0188,0.1476,IncreaseQuarterPeriod,extended
9.90999,66,-6.06419,-0.268242,-7.5012,0.0,0.0,0.0,0.0,0.0,0.0,0.0,-5.27344,-9.13141,0.0188,0.1476,IncreaseQuarterPeriod,extended
10.0601,67,-6.18873,-0.306563,-7.39582,0.0,0.0,0.0,0.0,0.0,0.0,0.0,-4.92188,-5.85348,0.0188,0.1476,IncreaseQuarterPeriod,extended
10.2103,68,-6.44739,-0.0766406,-7.34792,0.0,0.0,0.0,0.0,0.0,0.0,0.0,-4.21875,-2.34141,0.0188,0.1476,IncreaseQuarterPeriod,extended
10.3604,69,-6.21747,-0.517324,-6.90724,0.0,0.0,0.0,0.0,0.0,0.0,0.0,-2.63672,1.63911,0.00674,0.13537,IncreaseQuarterPeriod,seated
10.5105,70,-5.82469,-0.287402,-7.7407,0.0,0.0,0.0,0.0,0.0,0.0,0.0,-0.703125,5.61981,0.00674,0.13537,IncreaseQuarterPeriod,seated
10.6607,71,3.12311,0.220342,-8.93821,0.0,0.0,0.0,0.0,0.0,0.0,0.0,1.23047,8.66382,0.00674,0.13537,IncreaseQuarterPeriod,seated
10.8109,72,-2.03098,-0.220342,-9.41722,0.0,0.0,0.0,0.0,0.0,0.0,0.0,2.8125,10.3028,0.00674,0.13537,IncreaseQuarterPeriod,seated
10.961,73,-1.90644,-0.373623,-9.72378,0.0,0.0,0.0,0.0,0.0,0.0,0.0,4.39453,11.4736,0.00674,0.13537,IncreaseQuarterPeriod,seated
11.1112,74,-1.58071,-0.201182,-9.39806,0.0,0.0,0.0,0.0,0.0,0.0,0.0,5.09766,10.3018,0.00674,0.13537,IncreaseQuarterPeriod,seated
11.2613,75,-1.47533,-0.210762,-9.3789,0.0,0.0,0.0,0.0,0.0,0.0,0.0,5.09766,7.7265,0.00674,0.13537,IncreaseQuarterPeriod,seated
11.4114,76,-1.65735,-0.249082,-9.6663,0.0,0.0,0.0,0.0,0.0,0.0,0.0,4.39453,4.21453,0.00674,0.13537,IncreaseQuarterPeriod,seated
11.5616,77,-1.63819,-0.258662,-9.69504,0.0,0.0,0.0,0.0,0.0,0.0,0.0,3.33984,0.702448,0.00674,0.13537,IncreaseQuarterPeriod,seated
11.713,78,-0.0383203,-1.07297,-10.2794,0.0,0.0,0.0,0.0,0.0,0.0,0.0,1.75781,-3.50637,0.0188,0.1476,IncreaseQuarterPeriod,extended
11.8631,79,-0.881367,-0.498164,-7.39582,0.0,0.0,0.0,0.0,0.0,0.0,0.0,-0.527344,-7.48018,0.0188,0.1476,IncreaseQuarterPeriod,extended
12.0133,80,-7.43414,0.153281,-8.23887,0.0,0.0,0.0,0.0,0.0,0.0,0.0,-2.28516,-9.81747,0.0188,0.1476,IncreaseQuarterPeriod,extended
12.1635,81,-6.58151,-0.689766,-7.48204,0.0,0.0,0.0,0.0,0.0,0.0,0.0,-3.69141,-10.7524,0.0188,0.1476,IncreaseQuarterPeriod,extended
12.3136,82,-6.64857,-0.0766406,-7.20422,0.0,0.0,0.0,0.0,0.0,0.0,0.0,-4.92188,-10.9858,0.0188,0.1476,IncreaseQuarterPeriod,extended
12.4638,83,-5.87259,-0.114961,-7.30002,0.0,0.0,0.0,0.0,0.0,0.0,0.0,-5.27344,-9.36534,0.0188,0.1476,IncreaseQuarterPeriod,extended
12.6139,84,-6.36117,-0.316143,-7.49162,0.0,0.0,0.0,0.0,0.0,0.0,0.0,-4.92188,-5.8533,0.0188,0.1476,IncreaseQuarterPeriod,extended
12.7641,85,-6.26537,-0.220342,-7.51078,0.0,0.0,0.0,0.0,0.0,0.0,0.0,-4.21875,-2.57547,0.0188,0.1476,IncreaseQuarterPeriod,extended
12.9142,86,-6.61025,-0.229922,-6.85934,0.0,0.0,0.0,0.0,0.0,0.0,0.0,-2.63672,1.40494,0.00674,0.13537,IncreaseQuarterPeriod,seated
13.0643,87,-5.57561,0.316143,-8.28677,0.0,0.0,0.0,0.0,0.0,0.0,0.0,-0.878906,5.38566,0.00674,0.13537,IncreaseQuarterPeriod,seated
13.2145,88,-0.0766406,0.450264,-9.11065,0.0,0.0,0.0,0.0,0.0,0.0,0.0,1.05469,8.42965,0.00674,0.13537,IncreaseQuarterPeriod,seated
13.3646,89,-1.9256,-0.201182,-9.26394,0.0,0.0,0.0,0.0,0.0,0.0,0.0,2.98828,10.5371,0.00674,0.13537,IncreaseQuarterPeriod,seated
13.5147,90,-1.98308,-0.364043,-9.65672,0.0,0.0,0.0,0.0,0.0,0.0,0.0,4.21875,11.24,0.00674,0.13537,IncreaseQuarterPeriod,seated
13.6649,91,-1.81063,-0.258662,-9.43638,0.0,0.0,0.0,0.0,0.0,0.0,0.0,4.92188,10.0681,0.00674,0.13537,IncreaseQuarterPeriod,seated
13.815,92,-1.58071,-0.296982,-9.39806,0.0,0.0,0.0,0.0,0.0,0.0,0.0,5.09766,7.96083,0.00674,0.13537,IncreaseQuarterPeriod,seated
13.9652,93,-1.54239,-0.249082,-9.58008,0.0,0.0,0.0,0.0,0.0,0.0,0.0,4.57031,4.68285,0.00674,0.13537,IncreaseQuarterPeriod,seated
14.1154,94,-1.51365,-0.258662,-9.75252,0.0,0.0,0.0,0.0,0.0,0.0,0.0,3.16406,0.234144,0.00674,0.13537,IncreaseQuarterPeriod,seated
14.3153,95,-0.651445,-0.526904,-9.05317,0.0,0.0,0.0,0.0,0.0,0.0,0.0,1.40625,-3.51332,0.0188,0.1476,IncreaseQuarterPeriod,extended
14.4654,96,-1.76273,-0.124541,-8.69871,0.0,0.0,0.0,0.0,0.0,0.0,0.0,-0.703125,-7.02661,0.0188,0.1476,IncreaseQuarterPeriod,extended
14.6156,97,-11.9847,0.0,-7.70238,0.0,0.0,0.0,0.0,0.0,0.0,0.0,-2.46094,-9.44176,0.0188,0.1476,IncreaseQuarterPeriod,extended
14.7658,98,-8.18139,-0.268242,-7.75986,0.0,0.0,0.0,0.0,0.0,0.0,0.0,-3.86719,-10.5396,0.0188,0.1476,IncreaseQuarterPeriod,extended
14.9159,99,-7.58742,-0.306563,-8.28677,0.0,0.0,0.0,0.0,0.0,0.0,0.0,-4.92188,-10.1005,0.0188,0.1476,IncreaseQuarterPeriod,extended
15.0661,100,-5.88217,-0.105381,-7.15632,0.0,0.0,0.0,0.0,0.0,0.0,0.0,-5.27344,-8.89683,0.0188,0.1476,IncreaseQuarterPeriod,extended
15.2162,101,-6.21747,-0.210762,-7.4054,0.0,0.0,0.0,0.0,0.0,0.0,0.0,-4.74609,-5.38497,0.0188,0.1476,IncreaseQuarterPeriod,extended
15.3664,102,-6.50487,-0.153281,-7.62574,0.0,0.0,0.0,0.0,0.0,0.0,0.0,-3.86719,-1.87308,0.0188,0.1476,IncreaseQuarterPeriod,extended
15.5164,103,-6.66773,0.0,-7.2138,0.0,0.0,0.0,0.0,0.0,0.0,0.0,-2.28516,2.10745,0.00674,0.13537,IncreaseQuarterPeriod,seated
15.6666,104,-4.27272,0.153281,-7.84608,0.0,0.0,0.0,0.0,0.0,0.0,0.0,-0.351562,6.08815,0.00674,0.13537,IncreaseQuarterPeriod,seated
15.8167,105,2.49082,-0.747246,-9.11065,0.0,0.0,0.0,0.0,0.0,0.0,0.0,1.40625,8.89815,0.00674,0.13537,IncreaseQuarterPeriod,seated
15.9669,106,-1.98308,-0.249082,-9.35016,0.0,0.0,0.0,0.0,0.0,0.0,0.0,3.16406,10.5371,0.00674,0.13537,IncreaseQuarterPeriod,seated
16.117,107,-1.8298,-0.565225,-9.12023,0.0,0.0,0.0,0.0,0.0,0.0,0.0,4.57031,11.2398,0.00674,0.13537,IncreaseQuarterPeriod,seated
16.2672,108,-1.47533,-0.229922,-9.48428,0.0,0.0,0.0,0.0,0.0,0.0,0.0,4.92188,9.59991,0.00674,0.13537,IncreaseQuarterPeriod,seated
16.4173,109,-1.33163,-0.172441,-9.50344,0.0,0.0,0.0,0.0,0.0,0.0,0.0,4.92188,7.02451,0.00674,0.13537,IncreaseQuarterPeriod,seated
16.5674,110,-1.34121,-0.210762,-9.84832,0.0,0.0,0.0,0.0,0.0,0.0,0.0,4.21875,3.74648,0.00674,0.13537,IncreaseQuarterPeriod,seated
16.7176,111,-1.44659,-0.258662,-9.84832,0.0,0.0,0.0,0.0,0.0,0.0,0.0,2.98828,-0.23416,0.00674,0.13537,IncreaseQuarterPeriod,seated
16.8677,112,-0.440684,-0.603545,-7.96105,0.0,0.0,0.0,0.0,0.0,0.0,0.0,1.40625,-4.21518,0.0188,0.1476,IncreaseQuarterPeriod,extended
17.0178,113,-6.32285,-0.622705,-7.90356,0.0,0.0,0.0,0.0,0.0,0.0,0.0,-0.703125,-7.4934,0.0188,0.1476,IncreaseQuarterPeriod,extended
17.168,114,-5.10618,-0.0383203,-6.69648,0.0,0.0,0.0,0.0,0.0,0.0,0.0,-2.28516,-9.60058,0.0188,0.1476,IncreaseQuarterPeriod,extended
17.3182,115,-5.65225,-0.354463,-7.10842,0.0,0.0,0.0,0.0,0.0,0.0,0.0,-3.86719,-10.771,0.0188,0.1476,IncreaseQuarterPeriod,extended
17.4683,116,-5.92049,-0.134121,-7.12758,0.0,0.0,0.0,0.0,0.0,0.0,0.0,-4.92188,-10.5369,0.0188,0.1476,IncreaseQuarterPeriod,extended
17.6185,117,-6.45697,-0.344883,-7.80776,0.0,0.0,0.0,0.0,0.0,0.0,0.0,-5.09766,-8.66276,0.0188,0.1476,IncreaseQuarterPeriod,extended
17.7686,118,-6.19831,-0.201182,-7.32876,0.0,0.0,0.0,0.0,0.0,0.0,0.0,-4.74609,-5.385,0.0188,0.1476,IncreaseQuarterPeriod,extended
17.9188,119,-5.96839,-0.172441,-7.3096,0.0,0.0,0.0,0.0,0.0,0.0,0.0,-3.86719,-2.10721,0.0188,0.1476,IncreaseQuarterPeriod,extended
18.0689,120,-6.03545,-0.201182,-7.51078,0.0,0.0,0.0,0.0,0.0,0.0,0.0,-2.46094,1.87308,0.0188,0.1476,IncreaseQuarterPeriod,extended
18.219,121,-6.76354,0.191602,-7.09884,0.0,0.0,0.0,0.0,0.0,0.0,0.0,-0.703125,5.61984,0.00674,0.13537,IncreaseQuarterPeriod,seated
18.3692,122,-5.69057,-0.153281,-7.51078,0.0,0.0,0.0,0.0,0.0,0.0,0.0,1.23047,8.42977,0.00674,0.13537,IncreaseQuarterPeriod,seated
18.5193,123,-1.33163,0.182021,-9.79084,0.0,0.0,0.0,0.0,0.0,0.0,0.0,2.98828,10.3028,0.00674,0.13537,IncreaseQuarterPeriod,seated
18.6695,124,-2.1651,-0.574805,-9.70462,0.0,0.0,0.0,0.0,0.0,0.0,0.0,4.04297,10.5369,0.00674,0.13537,IncreaseQuarterPeriod,seated
18.8196,125,-1.60945,-0.411943,-9.7142,0.0,0.0,0.0,0.0,0.0,0.0,0.0,4.92188,9.83444,0.00674,0.13537,IncreaseQuarterPeriod,seated
18.9697,126,-1.71483,-0.277822,-9.58008,0.0,0.0,0.0,0.0,0.0,0.0,0.0,4.92188,7.49313,0.00674,0.13537,IncreaseQuarterPeriod,seated
19.1198,127,-1.57113,-0.249082,-9.30226,0.0,0.0,0.0,0.0,0.0,0.0,0.0,4.39453,4.21493,0.00674,0.13537,IncreaseQuarterPeriod,seated
19.27,128,-1.40827,-0.296982,-9.77168,0.0,0.0,0.0,0.0,0.0,0.0,0.0,3.16406,0.234168,0.00674,0.13537,IncreaseQuarterPeriod,seated
19.4201,129,-1.37953,0.239502,-10.8351,0.0,0.0,0.0,0.0,0.0,0.0,0.0,1.58203,-3.27871,0.0188,0.1476,IncreaseQuarterPeriod,extended
19.5702,130,-1.76273,-1.36037,-7.87482,0.0,0.0,0.0,0.0,0.0,0.0,0.0,-0.527344,-7.25998,0.0188,0.1476,IncreaseQuarterPeriod,extended
19.7204,131,-4.10985,-0.287402,-5.75763,0.0,0.0,0.0,0.0,0.0,0.0,0.0,-2.10938,-9.36635,0.0188,0.1476,IncreaseQuarterPeriod,extended
19.8705,132,-5.90133,-0.450264,-6.44739,0.0,0.0,0.0,0.0,0.0,0.0,0.0,-3.69141,-10.7715,0.0188,0.1476,IncreaseQuarterPeriod,extended
20.0207,133,-5.37442,-0.00958008,-7.14674,0.0,0.0,0.0,0.0,0.0,0.0,0.0,-4.74609,-10.5372,0.0188,0.1476,IncreaseQuarterPeriod,extended
20.1708,134,-6.10251,-0.0670606,-7.43414,0.0,0.0,0.0,0.0,0.0,0.0,0.0,-4.92188,-8.66289,0.0188,0.1476,IncreaseQuarterPeriod,extended
20.321,135,-6.35159,-0.268242,-7.48204,0.0,0.0,0.0,0.0,0.0,0.0,0.0,-4.74609,-5.61925,0.0188,0.1476,IncreaseQuarterPeriod,extended
20.4711,136,-6.19831,-0.0862207,-7.2617,0.0,0.0,0.0,0.0,0.0,0.0,0.0,-4.04297,-2.57549,0.0188,0.1476,IncreaseQuarterPeriod,extended
20.6212,137,-7.63532,-0.536484,-7.33834,0.0,0.0,0.0,0.0,0.0,0.0,0.0,-2.46094,1.6391,0.00674,0.13537,IncreaseQuarterPeriod,seated
20.7714,138,-3.13269,-0.124541,-6.7827,0.0,0.0,0.0,0.0,0.0,0.0,0.0,-0.703125,5.38565,0.00674,0.13537,IncreaseQuarterPeriod,seated
20.9215,139,4.53138,-0.536484,-7.8365,0.0,0.0,0.0,0.0,0.0,0.0,0.0,1.05469,7.96138,0.00674,0.13537,IncreaseQuarterPeriod,seated
21.0717,140,-2.15552,-0.364043,-9.96328,0.0,0.0,0.0,0.0,0.0,0.0,0.0,2.63672,9.83442,0.00674,0.13537,IncreaseQuarterPeriod,seated
21.2219,141,-1.66693,-0.344883,-9.77168,0.0,0.0,0.0,0.0,0.0,0.0,0.0,4.21875,11.0052,0.00674,0.13537,IncreaseQuarterPeriod,seated
21.372,142,-1.80105,-0.153281,-9.49386,0.0,0.0,0.0,0.0,0.0,0.0,0.0,4.74609,9.59939,0.00674,0.13537,IncreaseQuarterPeriod,seated
21.5222,143,-1.54239,-0.220342,-9.36932,0.0,0.0,0.0,0.0,0.0,0.0,0.0,4.92188,7.49225,0.00674,0.13537,IncreaseQuarterPeriod,seated
21.6723,144,-1.57113,-0.201182,-9.70462,0.0,0.0,0.0,0.0,0.0,0.0,0.0,4.21875,4.21439,0.00674,0.13537,IncreaseQuarterPeriod,seated
21.8224,145,-1.61903,-0.220342,-9.69504,0.0,0.0,0.0,0.0,0.0,0.0,0.0,3.16406,0.702427,0.00674,0.13537,IncreaseQuarterPeriod,seated
21.9725,146,-1.58071,-0.229922,-9.94412,0.0,0.0,0.0,0.0,0.0,0.0,0.0,1.75781,-3.27835,0.0188,0.1476,IncreaseQuarterPeriod,extended
22.1227,147,-0.0383203,-0.766406,-6.10251,0.0,0.0,0.0,0.0,0.0,0.0,0.0,-0.351562,-6.79076,0.0188,0.1476,IncreaseQuarterPeriod,extended
22.2728,148,-7.31918,-0.364043,-7.13716,0.0,0.0,0.0,0.0,0.0,0.0,0.0,-1.93359,-9.13225,0.0188,0.1476,IncreaseQuarterPeriod,extended
22.423,149,-5.78637,-0.0766406,-7.49162,0.0,0.0,0.0,0.0,0.0,0.0,0.0,-3.51562,-10.303,0.0188,0.1476,IncreaseQuarterPeriod,extended
22.5732,150,-5.66183,0.0,-6.88808,0.0,0.0,0.0,0.0,0.0,0.0,0.0,-4.57031,-10.3027,0.0188,0.1476,IncreaseQuarterPeriod,extended
22.7233,151,-5.84385,-0.191602,-7.18506,0.0,0.0,0.0,0.0,0.0,0.0,0.0,-4.92188,-8.89693,0.0188,0.1476,IncreaseQuarterPeriod,extended
22.8735,152,-6.25579,-0.354463,-7.43414,0.0,0.0,0.0,0.0,0.0,0.0,0.0,-4.74609,-5.85329,0.0188,0.1476,IncreaseQuarterPeriod,extended
23.0236,153,-6.28453,-0.220342,-7.597,0.0,0.0,0.0,0.0,0.0,0.0,0.0,-4.04297,-2.80961,0.0188,0.1476,IncreaseQuarterPeriod,extended
23.1737,154,-5.91091,-0.0191602,-6.80186,0.0,0.0,0.0,0.0,0.0,0.0,0.0,-2.63672,1.1708,0.00674,0.13537,IncreaseQuarterPeriod,seated
23.3238,155,-6.91682,0.651445,-10.2698,0.0,0.0,0.0,0.0,0.0,0.0,0.0,-0.878906,4.9174,0.00674,0.13537,IncreaseQuarterPeriod,seated
23.474,156,3.04646,-0.593965,-9.91538,0.0,0.0,0.0,0.0,0.0,0.0,0.0,0.878906,7.72724,0.00674,0.13537,IncreaseQuarterPeriod,seated
23.6242,157,-1.72441,-0.593965,-9.65672,0.0,0.0,0.0,0.0,0.0,0.0,0.0,2.46094,9.60034,0.00674,0.13537,IncreaseQuarterPeriod,seated
23.7743,158,-1.89686,-0.277822,-9.96328,0.0,0.0,0.0,0.0,0.0,0.0,0.0,4.04297,10.7711,0.00674,0.13537,IncreaseQuarterPeriod,seated
23.9245,159,-1.68609,-0.383203,-9.84832,0.0,0.0,0.0,0.0,0.0,0.0,0.0,4.74609,9.83346,0.00674,0.13537,IncreaseQuarterPeriod,seated
24.0746,160,-1.42743,-0.191602,-9.84832,0.0,0.0,0.0,0.0,0.0,0.0,0.0,4.92188,7.72654,0.00674,0.13537,IncreaseQuarterPeriod,seated
24.2247,161,-1.59987,-0.172441,-9.78126,0.0,0.0,0.0,0.0,0.0,0.0,0.0,4.39453,4.68293,0.00674,0.13537,IncreaseQuarterPeriod,seated
24.3749,162,-1.53281,-0.201182,-9.70462,0.0,0.0,0.0,0.0,0.0,0.0,0.0,3.33984,1.17075,0.00674,0.13537,IncreaseQuarterPeriod,seated
24.525,163,-1.69567,-0.546064,-9.45554,0.0,0.0,0.0,0.0,0.0,0.0,0.0,1.93359,-2.81012,0.0188,0.1476,IncreaseQuarterPeriod,extended
24.6751,164,-3.70749,0.00958008,-7.41498,0.0,0.0,0.0,0.0,0.0,0.0,0.0,0.0,-6.32273,0.0188,0.1476,IncreaseQuarterPeriod,extended
24.8253,165,-4.33978,0.823887,-7.52994,0.0,0.0,0.0,0.0,0.0,0.0,0.0,-1.75781,-8.89833,0.0188,0.1476,IncreaseQuarterPeriod,extended
24.9754,166,-6.34201,0.0287402,-7.8365,0.0,0.0,0.0,0.0,0.0,0.0,0.0,-3.33984,-10.3027,0.0188,0.1476,IncreaseQuarterPeriod,extended
25.1256,167,-5.92049,-0.220342,-7.43414,0.0,0.0,0.0,0.0,0.0,0.0,0.0,-4.39453,-10.3027,0.0188,0.1476,IncreaseQuarterPeriod,extended
25.2757,168,-6.16957,-0.0670606,-7.5012,0.0,0.0,0.0,0.0,0.0,0.0,0.0,-4.92188,-9.13183,0.0188,0.1476,IncreaseQuarterPeriod,extended
25.4258,169,-6.15999,-0.134121,-7.44372,0.0,0.0,0.0,0.0,0.0,0.0,0.0,-4.74609,-6.32207,0.0188,0.1476,IncreaseQuarterPeriod,extended
25.576,170,-6.09293,-0.162861,-7.3096,0.0,0.0,0.0,0.0,0.0,0.0,0.0,-4.04297,-3.04395,0.0188,0.1476,IncreaseQuarterPeriod,extended
25.7261,171,-6.43781,-0.182021,-7.31918,0.0,0.0,0.0,0.0,0.0,0.0,0.0,-2.8125,0.702545,0.00674,0.13537,IncreaseQuarterPeriod,seated
25.8762,172,-5.42232,-0.182021,-7.52036,0.0,0.0,0.0,0.0,0.0,0.0,0.0,-1.05469,4.44947,0.00674,0.13537,IncreaseQuarterPeriod,seated
26.0264,173,1.84896,-0.574805,-8.52627,0.0,0.0,0.0,0.0,0.0,0.0,0.0,0.703125,7.49314,0.00674,0.13537,IncreaseQuarterPeriod,seated
26.1765,174,-1.9256,-0.0670606,-10.4998,0.0,0.0,0.0,0.0,0.0,0.0,0.0,2.28516,9.36632,0.00674,0.13537,IncreaseQuarterPeriod,seated
26.3267,175,-1.84896,-0.392783,-9.7142,0.0,0.0,0.0,0.0,0.0,0.0,0.0,3.86719,10.5371,0.00674,0.13537,IncreaseQuarterPeriod,seated
26.4768,176,-1.76273,-0.201182,-9.27352,0.0,0.0,0.0,0.0,0.0,0.0,0.0,4.57031,9.83355,0.00674,0.13537,IncreaseQuarterPeriod,seated
26.627,177,-1.48491,-0.268242,-9.64714,0.0,0.0,0.0,0.0,0.0,0.0,0.0,4.74609,7.72644,0.00674,0.13537,IncreaseQuarterPeriod,seated
26.7771,178,-1.44659,-0.201182,-9.54176,0.0,0.0,0.0,0.0,0.0,0.0,0.0,4.39453,4.91718,0.00674,0.13537,IncreaseQuarterPeriod,seated
26.9272,179,-1.61903,-0.210762,-9.72378,0.0,0.0,0.0,0.0,0.0,0.0,0.0,3.33984,1.40493,0.00674,0.13537,IncreaseQuarterPeriod,seated
27.0774,180,-1.62861,-0.354463,-9.84832,0.0,0.0,0.0,0.0,0.0,0.0,0.0,2.10938,-2.34157,0.00674,0.13537,IncreaseQuarterPeriod,seated
27.2275,181,0.134121,-0.172441,-9.6184,0.0,0.0,0.0,0.0,0.0,0.0,0.0,0.351562,-5.62039,0.0188,0.1476,IncreaseQuarterPeriod,extended
27.3776,182,0.756826,-1.59029,-6.13125,0.0,0.0,0.0,0.0,0.0,0.0,0.0,-1.58203,-8.43044,0.0188,0.1476,IncreaseQuarterPeriod,extended
27.5277,183,-7.65448,1.04423,-6.34201,0.0,0.0,0.0,0.0,0.0,0.0,0.0,-3.16406,-10.0699,0.0188,0.1476,IncreaseQuarterPeriod,extended
27.6778,184,-6.05461,0.00958008,-7.61616,0.0,0.0,0.0,0.0,0.0,0.0,0.0,-4.21875,-10.0699,0.0188,0.1476,IncreaseQuarterPeriod,extended
27.828,185,-5.01996,-0.0574805,-6.77312,0.0,0.0,0.0,0.0,0.0,0.0,0.0,-4.92188,-9.36727,0.0188,0.1476,IncreaseQuarterPeriod,extended
27.9782,186,-6.64857,-0.220342,-7.80776,0.0,0.0,0.0,0.0,0.0,0.0,0.0,-4.74609,-6.7905,0.0188,0.1476,IncreaseQuarterPeriod,extended
28.1283,187,-6.21747,-0.249082,-7.5491,0.0,0.0,0.0,0.0,0.0,0.0,0.0,-4.04297,-3.27822,0.0188,0.1476,IncreaseQuarterPeriod,extended
28.2785,188,-5.89175,-0.114961,-7.2138,0.0,0.0,0.0,0.0,0.0,0.0,0.0,-2.98828,0.234136,0.0188,0.1476,IncreaseQuarterPeriod,extended
28.4285,189,-6.03545,-0.335303,-6.84976,0.0,0.0,0.0,0.0,0.0,0.0,0.0,-1.23047,3.98076,0.00674,0.13537,IncreaseQuarterPeriod,seated
28.5787,190,-4.34936,-0.153281,-7.3096,0.0,0.0,0.0,0.0,0.0,0.0,0.0,0.527344,7.25898,0.00674,0.13537,IncreaseQuarterPeriod,seated
28.7289,191,-1.35079,-0.0574805,-7.7886,0.0,0.0,0.0,0.0,0.0,0.0,0.0,2.10938,9.1321,0.00674,0.13537,IncreaseQuarterPeriod,seated
28.879,192,-1.89686,-0.335303,-10.0591,0.0,0.0,0.0,0.0,0.0,0.0,0.0,3.51562,10.0686,0.00674,0.13537,IncreaseQuarterPeriod,seated
29.0292,193,-1.62861,-0.268242,-9.26394,0.0,0.0,0.0,0.0,0.0,0.0,0.0,4.57031,10.0686,0.00674,0.13537,IncreaseQuarterPeriod,seated
29.1793,194,-1.39869,-0.191602,-9.49386,0.0,0.0,0.0,0.0,0.0,0.0,0.0,4.74609,7.9605,0.00674,0.13537,IncreaseQuarterPeriod,seated
29.3295,195,-1.28373,-0.153281,-9.29268,0.0,0.0,0.0,0.0,0.0,0.0,0.0,4.39453,5.15093,0.00674,0.13537,IncreaseQuarterPeriod,seated
29.4796,196,-1.55197,-0.201182,-9.51302,0.0,0.0,0.0,0.0,0.0,0.0,0.0,3.51562,1.87311,0.00674,0.13537,IncreaseQuarterPeriod,seated
29.6297,197,-1.43701,-0.239502,-9.84832,0.0,0.0,0.0,0.0,0.0,0.0,0.0,2.10938,-1.87331,0.00674,0.13537,IncreaseQuarterPeriod,seated
29.7798,198,-1.58071,-0.536484,-9.69504,0.0,0.0,0.0,0.0,0.0,0.0,0.0,0.351562,-5.62054,0.0188,0.1476,IncreaseQuarterPeriod,extended
29.9299,199,-7.60658,-0.306563,-8.31551,0.0,0.0,0.0,0.0,0.0,0.0,0.0,-1.40625,-8.19648,0.0188,0.1476,IncreaseQuarterPeriod,extended
30.0801,200,-3.53505,-0.584385,-5.61393,0.0,0.0,0.0,0.0,0.0,0.0,0.0,-2.8125,-9.60149,0.0188,0.1476,IncreaseQuarterPeriod,extended
30.2302,201,-5.97797,-0.191602,-7.34792,0.0,0.0,0.0,0.0,0.0,0.0,0.0,-4.04297,-10.0698,0.0188,0.1476,IncreaseQuarterPeriod,extended
30.3804,202,-5.75763,-0.0766406,-7.63532,0.0,0.0,0.0,0.0,0.0,0.0,0.0,-4.74609,-9.13213,0.0188,0.1476,IncreaseQuarterPeriod,extended
30.5305,203,-6.16957,-0.0958008,-7.33834,0.0,0.0,0.0,0.0,0.0,0.0,0.0,-4.74609,-6.78977,0.0188,0.1476,IncreaseQuarterPeriod,extended
30.6807,204,-6.28453,-0.229922,-7.31918,0.0,0.0,0.0,0.0,0.0,0.0,0.0,-4.04297,-3.51204,0.0188,0.1476,IncreaseQuarterPeriod,extended
30.8308,205,-5.97797,-0.210762,-7.32876,0.0,0.0,0.0,0.0,0.0,0.0,0.0,-2.98828,-0.234139,0.0188,0.1476,IncreaseQuarterPeriod,extended
30.9809,206,-5.83427,-0.641865,-6.76354,0.0,0.0,0.0,0.0,0.0,0.0,0.0,-1.40625,3.51247,0.00674,0.13537,IncreaseQuarterPeriod,seated
31.1311,207,-5.67141,-0.862207,-7.14674,0.0,0.0,0.0,0.0,0.0,0.0,0.0,0.351562,6.79074,0.00674,0.13537,IncreaseQuarterPeriod,seated
31.2812,208,0.958008,0.182021,-10.6435,0.0,0.0,0.0,0.0,0.0,0.0,0.0,1.93359,8.89808,0.00674,0.13537,IncreaseQuarterPeriod,seated
31.4314,209,-1.59029,-0.220342,-10.0112,0.0,0.0,0.0,0.0,0.0,0.0,0.0,3.51562,10.0686,0.00674,0.13537,IncreaseQuarterPeriod,seated
31.5815,210,-1.85854,-0.229922,-9.6184,0.0,0.0,0.0,0.0,0.0,0.0,0.0,4.39453,9.83467,0.00674,0.13537,IncreaseQuarterPeriod,seated
31.7317,211,-1.54239,-0.210762,-9.40764,0.0,0.0,0.0,0.0,0.0,0.0,0.0,4.57031,7.96051,0.00674,0.13537,IncreaseQuarterPeriod,seated
31.8818,212,-1.53281,-0.182021,-9.54176,0.0,0.0,0.0,0.0,0.0,0.0,0.0,4.39453,5.38505,0.00674,0.13537,IncreaseQuarterPeriod,seated
32.032,213,-1.62861,-0.191602,-9.6663,0.0,0.0,0.0,0.0,0.0,0.0,0.0,3.16406,1.63898,0.00674,0.13537,IncreaseQuarterPeriod,seated
32.2199,214,-2.05972,-0.249082,-10.3848,0.0,0.0,0.0,0.0,0.0,0.0,0.0,1.75781,-2.2293,0.0188,0.1476,IncreaseQuarterPeriod,extended
32.37,215,4.13859,0.852627,-8.97653,0.0,0.0,0.0,0.0,0.0,0.0,0.0,0.0,-5.57317,0.0188,0.1476,IncreaseQuarterPeriod,extended
32.5202,216,-12.9139,0.373623,-9.41722,0.0,0.0,0.0,0.0,0.0,0.0,0.0,-1.58203,-7.80253,0.0188,0.1476,IncreaseQuarterPeriod,extended
32.6704,217,-5.91091,0.249082,-7.4054,0.0,0.0,0.0,0.0,0.0,0.0,0.0,-2.98828,-9.36291,0.0188,0.1476,IncreaseQuarterPeriod,extended
32.8205,218,-7.5491,-0.0862207,-7.92272,0.0,0.0,0.0,0.0,0.0,0.0,0.0,-4.21875,-9.36281,0.0188,0.1476,IncreaseQuarterPeriod,extended
32.9707,219,-5.88217,-0.0479004,-7.23296,0.0,0.0,0.0,0.0,0.0,0.0,0.0,-4.74609,-8.66282,0.0188,0.1476,IncreaseQuarterPeriod,extended
33.1208,220,-6.15041,-0.258662,-7.52036,0.0,0.0,0.0,0.0,0.0,0.0,0.0,-4.57031,-6.08737,0.0188,0.1476,IncreaseQuarterPeriod,extended
33.271,221,-6.37075,-0.172441,-7.47246,0.0,0.0,0.0,0.0,0.0,0.0,0.0,-3.86719,-3.04365,0.0188,0.1476,IncreaseQuarterPeriod,extended
33.4211,222,-6.17915,-0.172441,-7.33834,0.0,0.0,0.0,0.0,0.0,0.0,0.0,-2.8125,0.234133,0.0188,0.1476,IncreaseQuarterPeriod,extended
33.5712,223,-6.65815,-0.220342,-7.3575,0.0,0.0,0.0,0.0,0.0,0.0,0.0,-1.05469,4.21482,0.00674,0.13537,IncreaseQuarterPeriod,seated
33.7214,224,-4.74214,-0.0958008,-7.03178,0.0,0.0,0.0,0.0,0.0,0.0,0.0,0.527344,7.0248,0.00674,0.13537,IncreaseQuarterPeriod,seated
33.8715,225,3.46799,0.0479004,-8.40173,0.0,0.0,0.0,0.0,0.0,0.0,0.0,2.10938,8.89785,0.00674,0.13537,IncreaseQuarterPeriod,seated
34.0217,226,-1.93518,-0.277822,-9.69504,0.0,0.0,0.0,0.0,0.0,0.0,0.0,3.69141,10.0688,0.00674,0.13537,IncreaseQuarterPeriod,seated
34.1718,227,-2.12678,-0.402363,-9.93454,0.0,0.0,0.0,0.0,0.0,0.0,0.0,4.39453,9.60065,0.00674,0.13537,IncreaseQuarterPeriod,seated
34.322,228,-1.58071,-0.0574805,-9.12982,0.0,0.0,0.0,0.0,0.0,0.0,0.0,4.57031,7.49248,0.00674,0.13537,IncreaseQuarterPeriod,seated
34.4721,229,-1.73399,-0.220342,-9.30226,0.0,0.0,0.0,0.0,0.0,0.0,0.0,4.21875,4.91693,0.00674,0.13537,IncreaseQuarterPeriod,seated
34.6223,230,-1.42743,-0.143701,-9.54176,0.0,0.0,0.0,0.0,0.0,0.0,0.0,2.63672,0.702421,0.00674,0.13537,IncreaseQuarterPeriod,seated
34.7724,231,-1.53281,-0.258662,-9.74294,0.0,0.0,0.0,0.0,0.0,0.0,0.0,1.93359,-2.34162,0.00674,0.13537,IncreaseQuarterPeriod,seated
34.9257,232,-1.68609,0.134121,-8.40173,0.0,0.0,0.0,0.0,0.0,0.0,0.0,0.351562,-5.36318,0.0188,0.1476,IncreaseQuarterPeriod,extended
35.0757,233,-2.33754,0.316143,-8.37299,0.0,0.0,0.0,0.0,0.0,0.0,0.0,-1.40625,-7.9294,0.0188,0.1476,IncreaseQuarterPeriod,extended
35.2258,234,-10.4135,-0.0287402,-7.15632,0.0,0.0,0.0,0.0,0.0,0.0,0.0,-2.8125,-9.32862,0.0188,0.1476,IncreaseQuarterPeriod,extended
35.376,235,-8.39215,0.0862207,-7.3096,0.0,0.0,0.0,0.0,0.0,0.0,0.0,-3.86719,-8.62911,0.0188,0.1476,IncreaseQuarterPeriod,extended
35.5262,236,-7.12758,-0.201182,-7.85566,0.0,0.0,0.0,0.0,0.0,0.0,0.0,-4.57031,-8.62812,0.0188,0.1476,IncreaseQuarterPeriod,extended
35.6763,237,-5.84385,-0.0670606,-7.32876,0.0,0.0,0.0,0.0,0.0,0.0,0.0,-4.57031,-6.55658,0.0188,0.1476,IncreaseQuarterPeriod,extended
35.8265,238,-6.07377,-0.182021,-7.47246,0.0,0.0,0.0,0.0,0.0,0.0,0.0,-3.86719,-3.27777,0.0188,0.1476,IncreaseQuarterPeriod,extended
35.9766,239,-6.18873,-0.201182,-7.56826,0.0,0.0,0.0,0.0,0.0,0.0,0.0,-2.8125,0.0,0.0188,0.1476,IncreaseQuarterPeriod,extended
36.1267,240,-5.94923,-0.00958008,-6.37075,0.0,0.0,0.0,0.0,0.0,0.0,0.0,-1.23047,3.51243,0.00674,0.13537,IncreaseQuarterPeriod,seated
36.2768,241,-4.65592,-0.622705,-8.10475,0.0,0.0,0.0,0.0,0.0,0.0,0.0,0.351562,6.55667,0.00674,0.13537,IncreaseQuarterPeriod,seated
36.427,242,-0.143701,-0.210762,-11.0458,0.0,0.0,0.0,0.0,0.0,0.0,0.0,1.93359,8.66422,0.00674,0.13537,IncreaseQuarterPeriod,seated
36.5771,243,-1.48491,-0.354463,-9.51302,0.0,0.0,0.0,0.0,0.0,0.0,0.0,3.16406,9.36672,0.00674,0.13537,IncreaseQuarterPeriod,seated
36.7273,244,-1.90644,-0.325723,-9.38848,0.0,0.0,0.0,0.0,0.0,0.0,0.0,4.21875,9.36674,0.00674,0.13537,IncreaseQuarterPeriod,seated
36.8774,245,-1.63819,-0.210762,-9.41722,0.0,0.0,0.0,0.0,0.0,0.0,0.0,4.39453,7.49265,0.00674,0.13537,IncreaseQuarterPeriod,seated
37.0276,246,-1.58071,-0.229922,-9.40764,0.0,0.0,0.0,0.0,0.0,0.0,0.0,4.21875,5.1511,0.00674,0.13537,IncreaseQuarterPeriod,seated
37.1777,247,-1.52323,-0.191602,-9.6663,0.0,0.0,0.0,0.0,0.0,0.0,0.0,3.16406,1.63912,0.00674,0.13537,IncreaseQuarterPeriod,seated
37.3278,248,-0.498164,-0.162861,-8.71787,0.0,0.0,0.0,0.0,0.0,0.0,0.0,2.10938,-1.40512,0.0188,0.1476,IncreaseQuarterPeriod,extended
37.4779,249,-1.75315,-0.479004,-7.85566,0.0,0.0,0.0,0.0,0.0,0.0,0.0,0.351562,-5.15209,0.0188,0.1476,IncreaseQuarterPeriod,extended
37.6281,250,-8.45921,-0.651445,-7.52994,0.0,0.0,0.0,0.0,0.0,0.0,0.0,-1.23047,-7.49364,0.0188,0.1476,IncreaseQuarterPeriod,extended
37.7782,251,-6.20789,-0.220342,-7.07968,0.0,0.0,0.0,0.0,0.0,0.0,0.0,-2.63672,-9.13285,0.0188,0.1476,IncreaseQuarterPeriod,extended
37.9284,252,-6.27495,0.0574805,-7.24254,0.0,0.0,0.0,0.0,0.0,0.0,0.0,-3.86719,-9.36632,0.0188,0.1476,IncreaseQuarterPeriod,extended
38.0785,253,-6.07377,-0.220342,-7.5012,0.0,0.0,0.0,0.0,0.0,0.0,0.0,-4.57031,-8.89698,0.0188,0.1476,IncreaseQuarterPeriod,extended
38.2287,254,-6.24621,-0.239502,-7.57784,0.0,0.0,0.0,0.0,0.0,0.0,0.0,-4.39453,-6.32154,0.0188,0.1476,IncreaseQuarterPeriod,extended
38.3788,255,-6.41865,-0.201182,-7.4054,0.0,0.0,0.0,0.0,0.0,0.0,0.0,-4.04297,-3.74612,0.0188,0.1476,IncreaseQuarterPeriod,extended
38.529,256,-6.20789,-0.239502,-7.29044,0.0,0.0,0.0,0.0,0.0,0.0,0.0,-2.98828,-0.468268,0.0188,0.1476,IncreaseQuarterPeriod,extended
38.6791,257,-6.09293,-0.0862207,-6.75396,0.0,0.0,0.0,0.0,0.0,0.0,0.0,-1.40625,3.27821,0.00674,0.13537,IncreaseQuarterPeriod,seated
38.8292,258,-6.26537,0.239502,-7.75028,0.0,0.0,0.0,0.0,0.0,0.0,0.0,0.175781,6.32225,0.00674,0.13537,IncreaseQuarterPeriod,seated
38.9794,259,5.20198,-0.785566,-8.48795,0.0,0.0,0.0,0.0,0.0,0.0,0.0,1.93359,8.42946,0.00674,0.13537,IncreaseQuarterPeriod,seated
39.1295,260,-1.18793,-0.296982,-8.95737,0.0,0.0,0.0,0.0,0.0,0.0,0.0,3.33984,9.83442,0.00674,0.13537,IncreaseQuarterPeriod,seated
39.2797,261,-1.90644,-0.459844,-9.5705,0.0,0.0,0.0,0.0,0.0,0.0,0.0,4.21875,9.60058,0.00674,0.13537,IncreaseQuarterPeriod,seated
39.4298,262,-1.59029,-0.210762,-9.26394,0.0,0.0,0.0,0.0,0.0,0.0,0.0,4.39453,7.72653,0.00674,0.13537,IncreaseQuarterPeriod,seated
39.58,263,-1.57113,-0.258662,-9.38848,0.0,0.0,0.0,0.0,0.0,0.0,0.0,4.21875,5.38522,0.00674,0.13537,IncreaseQuarterPeriod,seated
39.7301,264,-1.55197,-0.201182,-9.62798,0.0,0.0,0.0,0.0,0.0,0.0,0.0,3.51562,2.1073,0.00674,0.13537,IncreaseQuarterPeriod,seated
39.8802,265,-1.19751,-0.00958008,-10.0591,0.0,0.0,0.0,0.0,0.0,0.0,0.0,2.28516,-1.405,0.0188,0.1476,IncreaseQuarterPeriod,extended
40.0304,266,-2.55788,-0.325723,-7.31918,0.0,0.0,0.0,0.0,0.0,0.0,0.0,0.527344,-4.91737,0.0188,0.1476,IncreaseQuarterPeriod,extended
40.1805,267,-4.03321,0.172441,-5.88217,0.0,0.0,0.0,0.0,0.0,0.0,0.0,-1.05469,-7.25897,0.0188,0.1476,IncreaseQuarterPeriod,extended
40.3307,268,-5.52771,-0.258662,-6.75396,0.0,0.0,0.0,0.0,0.0,0.0,0.0,-2.46094,-8.89791,0.0188,0.1476,IncreaseQuarterPeriod,extended
40.4808,269,-5.59477,-0.0287402,-6.98388,0.0,0.0,0.0,0.0,0.0,0.0,0.0,-3.86719,-9.83458,0.0188,0.1476,IncreaseQuarterPeriod,extended
40.631,270,-5.96839,-0.239502,-7.49162,0.0,0.0,0.0,0.0,0.0,0.0,0.0,-4.39453,-8.8969,0.0188,0.1476,IncreaseQuarterPeriod,extended
40.7812,271,-6.24621,-0.229922,-7.41498,0.0,0.0,0.0,0.0,0.0,0.0,0.0,-4.57031,-6.78969,0.0188,0.1476,IncreaseQuarterPeriod,extended
40.9313,272,-6.24621,-0.191602,-7.42456,0.0,0.0,0.0,0.0,0.0,0.0,0.0,-4.04297,-3.98017,0.0188,0.1476,IncreaseQuarterPeriod,extended
41.0815,273,-6.23663,-0.191602,-7.48204,0.0,0.0,0.0,0.0,0.0,0.0,0.0,-2.98828,-0.702392,0.0188,0.1476,IncreaseQuarterPeriod,extended
41.2315,274,-6.30369,-0.507744,-7.05094,0.0,0.0,0.0,0.0,0.0,0.0,0.0,-1.58203,3.04404,0.00674,0.13537,IncreaseQuarterPeriod,seated
41.3817,275,-6.68689,-0.411943,-8.40173,0.0,0.0,0.0,0.0,0.0,0.0,0.0,0.0,5.85398,0.00674,0.13537,IncreaseQuarterPeriod,seated
41.5319,276,3.72665,0.0574805,-10.2315,0.0,0.0,0.0,0.0,0.0,0.0,0.0,1.58203,8.19544,0.00674,0.13537,IncreaseQuarterPeriod,seated
41.682,277,-1.59029,-0.316143,-9.74294,0.0,0.0,0.0,0.0,0.0,0.0,0.0,2.8125,9.13202,0.00674,0.13537,IncreaseQuarterPeriod,seated
41.8322,278,-1.72441,-0.421523,-9.8579,0.0,0.0,0.0,0.0,0.0,0.0,0.0,4.04297,9.36619,0.00674,0.13537,IncreaseQuarterPeriod,seated
41.9823,279,-1.49449,-0.191602,-9.17772,0.0,0.0,0.0,0.0,0.0,0.0,0.0,4.39453,7.9604,0.00674,0.13537,IncreaseQuarterPeriod,seated
42.1325,280,-1.46575,-0.172441,-9.2831,0.0,0.0,0.0,0.0,0.0,0.0,0.0,4.21875,5.61909,0.00674,0.13537,IncreaseQuarterPeriod,seated
42.2826,281,-1.38911,-0.239502,-9.87706,0.0,0.0,0.0,0.0,0.0,0.0,0.0,3.33984,2.34134,0.00674,0.13537,IncreaseQuarterPeriod,seated
42.4476,282,-1.42743,-0.268242,-9.84832,0.0,0.0,0.0,0.0,0.0,0.0,0.0,2.10938,-0.918363,0.0188,0.1476,IncreaseQuarterPeriod,extended
42.5978,283,-0.823887,-1.63819,-9.35974,0.0,0.0,0.0,0.0,0.0,0.0,0.0,0.703125,-4.36222,0.0188,0.1476,IncreaseQuarterPeriod,extended
42.748,284,-15.1078,-0.277822,-8.32509,0.0,0.0,0.0,0.0,0.0,0.0,0.0,-1.05469,-7.1173,0.0188,0.1476,IncreaseQuarterPeriod,extended
42.8981,285,-6.95514,-0.0479004,-7.71196,0.0,0.0,0.0,0.0,0.0,0.0,0.0,-2.46094,-8.72423,0.0188,0.1476,IncreaseQuarterPeriod,extended
43.0483,286,-7.5491,-0.162861,-7.52036,0.0,0.0,0.0,0.0,0.0,0.0,0.0,-3.69141,-9.18332,0.0188,0.1476,IncreaseQuarterPeriod,extended
43.1984,287,-5.86301,-0.0287402,-7.15632,0.0,0.0,0.0,0.0,0.0,0.0,0.0,-4.39453,-8.6627,0.0188,0.1476,IncreaseQuarterPeriod,extended
43.3486,288,-6.22705,-0.277822,-7.4054,0.0,0.0,0.0,0.0,0.0,0.0,0.0,-4.39453,-6.78969,0.0188,0.1476,IncreaseQuarterPeriod,extended
43.4988,289,-6.27495,-0.220342,-7.46288,0.0,0.0,0.0,0.0,0.0,0.0,0.0,-4.04297,-3.98015,0.0188,0.1476,IncreaseQuarterPeriod,extended
43.6489,290,-6.32285,-0.114961,-7.42456,0.0,0.0,0.0,0.0,0.0,0.0,0.0,-3.16406,-0.936539,0.0188,0.1476,IncreaseQuarterPeriod,extended
43.799,291,-6.7827,-0.517324,-7.00304,0.0,0.0,0.0,0.0,0.0,0.0,0.0,-1.58203,2.80991,0.00674,0.13537,IncreaseQuarterPeriod,seated
43.9491,292,-2.4525,0.249082,-6.61983,0.0,0.0,0.0,0.0,0.0,0.0,0.0,0.0,5.85399,0.00674,0.13537,IncreaseQuarterPeriod,seated
44.0993,293,4.54096,0.162861,-9.14898,0.0,0.0,0.0,0.0,0.0,0.0,0.0,1.58203,7.96132,0.00674,0.13537,IncreaseQuarterPeriod,seated
44.2494,294,-2.24174,-0.373623,-10.4614,0.0,0.0,0.0,0.0,0.0,0.0,0.0,2.8125,9.13219,0.00674,0.13537,IncreaseQuarterPeriod,seated
44.3996,295,-1.66693,-0.172441,-9.6663,0.0,0.0,0.0,0.0,0.0,0.0,0.0,3.86719,9.36629,0.00674,0.13537,IncreaseQuarterPeriod,seated
44.5498,296,-1.67651,-0.0862207,-9.36932,0.0,0.0,0.0,0.0,0.0,0.0,0.0,4.21875,7.72642,0.00674,0.13537,IncreaseQuarterPeriod,seated
44.6999,297,-1.46575,-0.229922,-9.44596,0.0,0.0,0.0,0.0,0.0,0.0,0.0,4.21875,5.61918,0.00674,0.13537,IncreaseQuarterPeriod,seated
44.8501,298,-1.60945,-0.258662,-9.78126,0.0,0.0,0.0,0.0,0.0,0.0,0.0,3.51562,2.57548,0.00674,0.13537,IncreaseQuarterPeriod,seated
45.0001,299,-1.14003,0.162861,-8.47837,0.0,0.0,0.0,0.0,0.0,0.0,0.0,2.28516,-0.702474,0.0188,0.1476,IncreaseQuarterPeriod,extended
45.1503,300,-0.373623,-0.900527,-7.32876,0.0,0.0,0.0,0.0,0.0,0.0,0.0,0.703125,-4.21497,0.0188,0.1476,IncreaseQuarterPeriod,extended
45.3004,301,-6.25579,0.277822,-6.90724,0.0,0.0,0.0,0.0,0.0,0.0,0.0,-0.878906,-6.79079,0.0188,0.1476,IncreaseQuarterPeriod,extended
45.4506,302,-6.21747,-0.153281,-7.5491,0.0,0.0,0.0,0.0,0.0,0.0,0.0,-2.28516,-8.664,0.0188,0.1476,IncreaseQuarterPeriod,extended
45.6007,303,-5.64267,-0.0862207,-6.86892,0.0,0.0,0.0,0.0,0.0,0.0,0.0,-3.51562,-9.36723,0.0188,0.1476,IncreaseQuarterPeriod,extended
45.7508,304,-6.32285,-0.134121,-7.61616,0.0,0.0,0.0,0.0,0.0,0.0,0.0,-4.21875,-8.66381,0.0188,0.1476,IncreaseQuarterPeriod,extended
45.901,305,-6.09293,-0.258662,-7.51078,0.0,0.0,0.0,0.0,0.0,0.0,0.0,-4.39453,-6.79038,0.0188,0.1476,IncreaseQuarterPeriod,extended
46.0511,306,-6.51445,-0.229922,-7.67364,0.0,0.0,0.0,0.0,0.0,0.0,0.0,-4.04297,-4.21468,0.0188,0.1476,IncreaseQuarterPeriod,extended
46.2013,307,-5.99713,-0.191602,-7.42456,0.0,0.0,0.0,0.0,0.0,0.0,0.0,-3.16406,-1.17077,0.0188,0.1476,IncreaseQuarterPeriod,extended
46.3514,308,-7.118,-0.0383203,-7.01262,0.0,0.0,0.0,0.0,0.0,0.0,0.0,-1.75781,2.34162,0.00674,0.13537,IncreaseQuarterPeriod,seated
46.5015,309,-4.22481,-0.306563,-9.26394,0.0,0.0,0.0,0.0,0.0,0.0,0.0,-0.351562,5.15152,0.00674,0.13537,IncreaseQuarterPeriod,seated
46.6517,310,2.53872,-0.316143,-9.45554,0.0,0.0,0.0,0.0,0.0,0.0,0.0,1.40625,7.72726,0.00674,0.13537,IncreaseQuarterPeriod,seated
46.8018,311,-1.72441,0.0,-10.2603,0.0,0.0,0.0,0.0,0.0,0.0,0.0,2.63672,8.89796,0.00674,0.13537,IncreaseQuarterPeriod,seated
46.952,312,-2.0214,-0.210762,-9.8579,0.0,0.0,0.0,0.0,0.0,0.0,0.0,3.86719,9.36623,0.00674,0.13537,IncreaseQuarterPeriod,seated
47.1022,313,-1.69567,-0.191602,-9.32142,0.0,0.0,0.0,0.0,0.0,0.0,0.0,4.21875,7.96043,0.00674,0.13537,IncreaseQuarterPeriod,seated
47.2523,314,-1.58071,-0.191602,-9.43638,0.0,0.0,0.0,0.0,0.0,0.0,0.0,4.21875,6.0874,0.00674,0.13537,IncreaseQuarterPeriod,seated
47.4025,315,-1.64777,-0.249082,-9.70462,0.0,0.0,0.0,0.0,0.0,0.0,0.0,3.51562,2.80957,0.00674,0.13537,IncreaseQuarterPeriod,seated
47.5526,316,-1.53281,-0.229922,-9.69504,0.0,0.0,0.0,0.0,0.0,0.0,0.0,2.46094,-0.234135,0.00674,0.13537,IncreaseQuarterPeriod,seated
47.7027,317,-2.18426,-0.354463,-10.3752,0.0,0.0,0.0,0.0,0.0,0.0,0.0,1.05469,-3.7466,0.0188,0.1476,IncreaseQuarterPeriod,extended
47.8528,318,-2.2609,0.0670606,-7.63532,0.0,0.0,0.0,0.0,0.0,0.0,0.0,-0.703125,-6.55653,0.0188,0.1476,IncreaseQuarterPeriod,extended
48.003,319,-7.33834,0.201182,-5.96839,0.0,0.0,0.0,0.0,0.0,0.0,0.0,-2.10938,-8.42963,0.0188,0.1476,IncreaseQuarterPeriod,extended
48.1532,320,-5.76721,-0.661025,-7.28086,0.0,0.0,0.0,0.0,0.0,0.0,0.0,-3.33984,-9.13202,0.0188,0.1476,IncreaseQuarterPeriod,extended
48.3033,321,-5.06786,-0.0670606,-7.17548,0.0,0.0,0.0,0.0,0.0,0.0,0.0,-4.21875,-8.8979,0.0188,0.1476,IncreaseQuarterPeriod,extended
48.4535,322,-6.18873,-0.239502,-7.55868,0.0,0.0,0.0,0.0,0.0,0.0,0.0,-4.39453,-7.25796,0.0188,0.1476,IncreaseQuarterPeriod,extended
48.6036,323,-6.44739,-0.258662,-7.5491,0.0,0.0,0.0,0.0,0.0,0.0,0.0,-4.04297,-4.44842,0.0188,0.1476,IncreaseQuarterPeriod,extended
48.7538,324,-6.37075,-0.143701,-7.52036,0.0,0.0,0.0,0.0,0.0,0.0,0.0,-3.33984,-1.63891,0.0188,0.1476,IncreaseQuarterPeriod,extended
48.9039,325,-6.20789,-0.143701,-7.44372,0.0,0.0,0.0,0.0,0.0,0.0,0.0,-1.93359,1.87306,0.0188,0.1476,IncreaseQuarterPeriod,extended
49.054,326,-5.62351,-0.344883,-7.04136,0.0,0.0,0.0,0.0,0.0,0.0,0.0,-0.351562,5.15145,0.00674,0.13537,IncreaseQuarterPeriod,seated
49.2042,327,-5.70973,0.182021,-7.47246,0.0,0.0,0.0,0.0,0.0,0.0,0.0,1.05469,7.2589,0.00674,0.13537,IncreaseQuarterPeriod,seated
49.3543,328,3.65959,-0.661025,-8.28677,0.0,0.0,0.0,0.0,0.0,0.0,0.0,2.63672,8.89789,0.00674,0.13537,IncreaseQuarterPeriod,seated
49.5045,329,-1.46575,-0.354463,-9.32142,0.0,0.0,0.0,0.0,0.0,0.0,0.0,3.51562,9.13204,0.00674,0.13537,IncreaseQuarterPeriod,seated
49.6547,330,-1.94476,-0.507744,-9.74294,0.0,0.0,0.0,0.0,0.0,0.0,0.0,4.21875,8.19542,0.00674,0.13537,IncreaseQuarterPeriod,seated
49.8047,331,-1.59029,-0.0574805,-9.2831,0.0,0.0,0.0,0.0,0.0,0.0,0.0,4.04297,5.85421,0.00674,0.13537,IncreaseQuarterPeriod,seated
49.9548,332,-1.56155,-0.239502,-9.4268,0.0,0.0,0.0,0.0,0.0,0.0,0.0,3.51562,3.27837,0.00674,0.13537,IncreaseQuarterPeriod,seated
50.105,333,-1.69567,-0.268242,-9.8579,0.0,0.0,0.0,0.0,0.0,0.0,0.0,2.46094,-0.234176,0.00674,0.13537,IncreaseQuarterPeriod,seated
50.2653,334,-1.30289,-0.0958008,-10.1836,0.0,0.0,0.0,0.0,0.0,0.0,0.0,1.05469,-3.23473,0.0188,0.1476,IncreaseQuarterPeriod,extended
50.4154,335,1.41785,0.364043,-8.46879,0.0,0.0,0.0,0.0,0.0,0.0,0.0,-0.527344,-6.23844,0.0188,0.1476,IncreaseQuarterPeriod,extended
50.5656,336,-12.4158,-0.258662,-9.12982,0.0,0.0,0.0,0.0,0.0,0.0,0.0,-2.10938,-8.08548,0.0188,0.1476,IncreaseQuarterPeriod,extended
50.7157,337,-7.18506,0.229922,-7.5012,0.0,0.0,0.0,0.0,0.0,0.0,0.0,-3.16406,-8.77841,0.0188,0.1476,IncreaseQuarterPeriod,extended
50.8659,338,-7.56826,-0.162861,-7.42456,0.0,0.0,0.0,0.0,0.0,0.0,0.0,-4.04297,-8.54732,0.0188,0.1476,IncreaseQuarterPeriod,extended
51.0161,339,-6.15041,-0.172441,-7.2138,0.0,0.0,0.0,0.0,0.0,0.0,0.0,-4.39453,-7.2581,0.0188,0.1476,IncreaseQuarterPeriod,extended
51.1662,340,-6.16957,-0.201182,-7.43414,0.0,0.0,0.0,0.0,0.0,0.0,0.0,-3.86719,-4.4485,0.0188,0.1476,IncreaseQuarterPeriod,extended
51.3164,341,-6.43781,-0.249082,-7.55868,0.0,0.0,0.0,0.0,0.0,0.0,0.0,-3.33984,-1.63894,0.0188,0.1476,IncreaseQuarterPeriod,extended
51.4665,342,-6.48571,-0.124541,-7.52036,0.0,0.0,0.0,0.0,0.0,0.0,0.0,-2.10938,1.4048,0.0188,0.1476,IncreaseQuarterPeriod,extended
51.6166,343,-6.62941,-0.373623,-7.6449,0.0,0.0,0.0,0.0,0.0,0.0,0.0,-0.351562,4.91737,0.00674,0.13537,IncreaseQuarterPeriod,seated
51.7667,344,-6.18873,0.316143,-8.17181,0.0,0.0,0.0,0.0,0.0,0.0,0.0,1.05469,7.25917,0.00674,0.13537,IncreaseQuarterPeriod,seated
51.9169,345,2.36628,0.383203,-8.38257,0.0,0.0,0.0,0.0,0.0,0.0,0.0,2.46094,8.42982,0.00674,0.13537,IncreaseQuarterPeriod,seated
52.0671,346,-1.93518,-0.114961,-9.44596,0.0,0.0,0.0,0.0,0.0,0.0,0.0,3.33984,8.89816,0.00674,0.13537,IncreaseQuarterPeriod,seated
52.2172,347,-2.09804,-0.440684,-9.91538,0.0,0.0,0.0,0.0,0.0,0.0,0.0,4.04297,8.19574,0.00674,0.13537,IncreaseQuarterPeriod,seated
52.3674,348,-1.56155,-0.239502,-9.4747,0.0,0.0,0.0,0.0,0.0,0.0,0.0,4.04297,5.85346,0.00674,0.13537,IncreaseQuarterPeriod,seated
52.5175,349,-1.63819,-0.201182,-9.58008,0.0,0.0,0.0,0.0,0.0,0.0,0.0,3.51562,3.27794,0.00674,0.13537,IncreaseQuarterPeriod,seated
52.6676,350,-1.37953,-0.258662,-9.41722,0.0,0.0,0.0,0.0,0.0,0.0,0.0,2.63672,0.234147,0.00674,0.13537,IncreaseQuarterPeriod,seated
52.8177,351,-1.82021,-0.249082,-7.76944,0.0,0.0,0.0,0.0,0.0,0.0,0.0,1.23047,-2.8101,0.0188,0.1476,IncreaseQuarterPeriod,extended
52.9678,352,-2.03098,-1.60945,-7.15632,0.0,0.0,0.0,0.0,0.0,0.0,0.0,-0.351562,-5.85437,0.0188,0.1476,IncreaseQuarterPeriod,extended
53.118,353,-2.95066,0.603545,-7.76944,0.0,0.0,0.0,0.0,0.0,0.0,0.0,-1.75781,-7.72768,0.0188,0.1476,IncreaseQuarterPeriod,extended
53.2682,354,-5.23072,0.00958008,-7.19464,0.0,0.0,0.0,0.0,0.0,0.0,0.0,-2.98828,-8.66414,0.0188,0.1476,IncreaseQuarterPeriod,extended
53.4183,355,-6.16957,-0.0670606,-7.08926,0.0,0.0,0.0,0.0,0.0,0.0,0.0,-3.86719,-8.66401,0.0188,0.1476,IncreaseQuarterPeriod,extended
53.5685,356,-5.92049,-0.162861,-7.3096,0.0,0.0,0.0,0.0,0.0,0.0,0.0,-4.21875,-7.25813,0.0188,0.1476,IncreaseQuarterPeriod,extended
53.7186,357,-6.20789,-0.316143,-7.43414,0.0,0.0,0.0,0.0,0.0,0.0,0.0,-4.04297,-4.91681,0.0188,0.1476,IncreaseQuarterPeriod,extended
53.8687,358,-6.22705,-0.153281,-7.5012,0.0,0.0,0.0,0.0,0.0,0.0,0.0,-3.33984,-2.10747,0.0188,0.1476,IncreaseQuarterPeriod,extended
54.0187,359,-6.55277,-0.421523,-7.4533,0.0,0.0,0.0,0.0,0.0,0.0,0.0,-2.10938,1.17094,0.00674,0.13537,IncreaseQuarterPeriod,seated
54.1689,360,-3.29555,-0.162861,-6.17915,0.0,0.0,0.0,0.0,0.0,0.0,0.0,-0.527344,4.44957,0.00674,0.13537,IncreaseQuarterPeriod,seated
54.3191,361,1.84896,-0.0383203,-9.97286,0.0,0.0,0.0,0.0,0.0,0.0,0.0,0.878906,6.79151,0.00674,0.13537,IncreaseQuarterPeriod,seated
54.4692,362,-2.62494,-0.373623,-10.2315,0.0,0.0,0.0,0.0,0.0,0.0,0.0,2.10938,8.19638,0.00674,0.13537,IncreaseQuarterPeriod,seated
54.6194,363,-2.12678,-0.229922,-9.84832,0.0,0.0,0.0,0.0,0.0,0.0,0.0,3.33984,8.89782,0.00674,0.13537,IncreaseQuarterPeriod,seated
54.7695,364,-1.63819,-0.162861,-9.54176,0.0,0.0,0.0,0.0,0.0,0.0,0.0,3.86719,7.96027,0.00674,0.13537,IncreaseQuarterPeriod,seated
54.9197,365,-1.39869,-0.239502,-9.35974,0.0,0.0,0.0,0.0,0.0,0.0,0.0,4.04297,6.08731,0.00674,0.13537,IncreaseQuarterPeriod,seated
55.0699,366,-1.64777,-0.162861,-9.70462,0.0,0.0,0.0,0.0,0.0,0.0,0.0,3.69141,3.74602,0.00674,0.13537,IncreaseQuarterPeriod,seated
55.22,367,-1.41785,-0.229922,-9.6663,0.0,0.0,0.0,0.0,0.0,0.0,0.0,2.8125,0.936532,0.00674,0.13537,IncreaseQuarterPeriod,seated
55.3701,368,0.689766,-0.287402,-8.24845,0.0,0.0,0.0,0.0,0.0,0.0,0.0,1.40625,-2.57576,0.0188,0.1476,IncreaseQuarterPeriod,extended
55.5202,369,-5.86301,0.172441,-7.29044,0.0,0.0,0.0,0.0,0.0,0.0,0.0,-0.175781,-5.38573,0.0188,0.1476,IncreaseQuarterPeriod,extended
55.6704,370,-2.96982,0.153281,-6.94556,0.0,0.0,0.0,0.0,0.0,0.0,0.0,-1.58203,-7.493,0.0188,0.1476,IncreaseQuarterPeriod,extended
55.8206,371,-6.76354,-0.210762,-7.89398,0.0,0.0,0.0,0.0,0.0,0.0,0.0,-2.8125,-8.66378,0.0188,0.1476,IncreaseQuarterPeriod,extended
55.9707,372,-5.95881,-0.124541,-7.49162,0.0,0.0,0.0,0.0,0.0,0.0,0.0,-3.86719,-8.89787,0.0188,0.1476,IncreaseQuarterPeriod,extended
56.1209,373,-6.61983,-0.229922,-7.9323,0.0,0.0,0.0,0.0,0.0,0.0,0.0,-4.21875,-7.49216,0.0188,0.1476,IncreaseQuarterPeriod,extended
56.271,374,-6.37075,-0.201182,-7.52994,0.0,0.0,0.0,0.0,0.0,0.0,0.0,-4.04297,-5.15085,0.0188,0.1476,IncreaseQuarterPeriod,extended
56.4212,375,-6.16957,-0.229922,-7.34792,0.0,0.0,0.0,0.0,0.0,0.0,0.0,-3.33984,-2.34136,0.0188,0.1476,IncreaseQuarterPeriod,extended
56.5712,376,-5.84385,-0.00958008,-6.8306,0.0,0.0,0.0,0.0,0.0,0.0,0.0,-2.28516,0.702485,0.00674,0.13537,IncreaseQuarterPeriod,seated
56.7214,377,-5.0008,0.239502,-8.27719,0.0,0.0,0.0,0.0,0.0,0.0,0.0,-0.878906,3.98074,0.00674,0.13537,IncreaseQuarterPeriod,seated
56.8716,378,3.31471,0.00958008,-8.93821,0.0,0.0,0.0,0.0,0.0,0.0,0.0,0.703125,6.55646,0.00674,0.13537,IncreaseQuarterPeriod,seated
57.0217,379,-1.85854,-0.469424,-9.72378,0.0,0.0,0.0,0.0,0.0,0.0,0.0,1.93359,7.96151,0.00674,0.13537,IncreaseQuarterPeriod,seated
57.1718,380,-1.76273,-0.354463,-9.88664,0.0,0.0,0.0,0.0,0.0,0.0,0.0,3.16406,8.66401,0.00674,0.13537,IncreaseQuarterPeriod,seated
57.322,381,-1.58071,-0.210762,-9.51302,0.0,0.0,0.0,0.0,0.0,0.0,0.0,3.86719,8.19479,0.00674,0.13537,IncreaseQuarterPeriod,seated
57.4722,382,-1.47533,-0.229922,-9.2352,0.0,0.0,0.0,0.0,0.0,0.0,0.0,4.04297,6.55581,0.00674,0.13537,IncreaseQuarterPeriod,seated
57.6223,383,-1.59029,-0.191602,-9.59924,0.0,0.0,0.0,0.0,0.0,0.0,0.0,3.69141,3.98035,0.00674,0.13537,IncreaseQuarterPeriod,seated
57.7725,384,-1.57113,-0.229922,-9.84832,0.0,0.0,0.0,0.0,0.0,0.0,0.0,2.8125,1.17066,0.00674,0.13537,IncreaseQuarterPeriod,seated
57.9226,385,-1.62861,-0.364043,-9.89622,0.0,0.0,0.0,0.0,0.0,0.0,0.0,1.58203,-2.10719,0.00674,0.13537,IncreaseQuarterPeriod,seated
58.0727,386,-1.58071,-0.153281,-8.40173,0.0,0.0,0.0,0.0,0.0,0.0,0.0,0.175781,-4.91732,0.0188,0.1476,IncreaseQuarterPeriod,extended
58.2229,387,0.421523,-0.852627,-7.38624,0.0,0.0,0.0,0.0,0.0,0.0,0.0,-1.40625,-7.25895,0.0188,0.1476,IncreaseQuarterPeriod,extended
58.373,388,-4.69424,-0.622705,-5.65225,0.0,0.0,0.0,0.0,0.0,0.0,0.0,-2.63672,-8.42962,0.0188,0.1476,IncreaseQuarterPeriod,extended
58.5232,389,-6.80186,-0.450264,-7.97063,0.0,0.0,0.0,0.0,0.0,0.0,0.0,-3.51562,-8.42972,0.0188,0.1476,IncreaseQuarterPeriod,extended
58.6733,390,-5.79595,-0.220342,-6.94556,0.0,0.0,0.0,0.0,0.0,0.0,0.0,-4.21875,-7.72715,0.0188,0.1476,IncreaseQuarterPeriod,extended
58.8235,391,-6.04503,-0.210762,-7.39582,0.0,0.0,0.0,0.0,0.0,0.0,0.0,-4.04297,-5.61913,0.0188,0.1476,IncreaseQuarterPeriod,extended
58.9736,392,-6.03545,-0.335303,-7.3575,0.0,0.0,0.0,0.0,0.0,0.0,0.0,-3.33984,-2.57543,0.0188,0.1476,IncreaseQuarterPeriod,extended
59.1238,393,-6.56235,-0.191602,-7.62574,0.0,0.0,0.0,0.0,0.0,0.0,0.0,-2.46094,0.234134,0.0188,0.1476,IncreaseQuarterPeriod,extended
59.2739,394,-6.28453,-0.354463,-6.62941,0.0,0.0,0.0,0.0,0.0,0.0,0.0,-1.05469,3.27823,0.00674,0.13537,IncreaseQuarterPeriod,seated
59.424,395,-5.27862,-0.249082,-5.75763,0.0,0.0,0.0,0.0,0.0,0.0,0.0,0.527344,6.32237,0.00674,0.13537,IncreaseQuarterPeriod,seated
59.5742,396,3.85119,-1.01549,-8.66997,0.0,0.0,0.0,0.0,0.0,0.0,0.0,1.75781,7.72717,0.00674,0.13537,IncreaseQuarterPeriod,seated
59.7243,397,-1.69567,-0.440684,-10.0974,0.0,0.0,0.0,0.0,0.0,0.0,0.0,2.8125,8.19552,0.00674,0.13537,IncreaseQuarterPeriod,seated
59.8745,398,-1.82021,-0.172441,-9.69504,0.0,0.0,0.0,0.0,0.0,0.0,0.0,3.86719,8.42969,0.00674,0.13537,IncreaseQuarterPeriod,seated
60.0246,399,-1.73399,-0.0574805,-9.19688,0.0,0.0,0.0,0.0,0.0,0.0,0.0,3.86719,6.55583,0.00674,0.13537,IncreaseQuarterPeriod,seated
60.1748,400,-1.49449,-0.229922,-9.5705,0.0,0.0,0.0,0.0,0.0,0.0,0.0,3.69141,4.21452,0.00674,0.13537,IncreaseQuarterPeriod,seated
60.3249,401,-1.37953,-0.191602,-9.55134,0.0,0.0,0.0,0.0,0.0,0.0,0.0,2.8125,1.40486,0.00674,0.13537,IncreaseQuarterPeriod,seated
60.4751,402,-1.47533,-0.287402,-9.68546,0.0,0.0,0.0,0.0,0.0,0.0,0.0,1.75781,-1.40487,0.00674,0.13537,IncreaseQuarterPeriod,seated
60.6251,403,0.507744,-0.479004,-8.66039,0.0,0.0,0.0,0.0,0.0,0.0,0.0,0.351562,-4.68334,0.0188,0.1476,IncreaseQuarterPeriod,extended
60.7753,404,-1.47533,-0.699346,-7.06052,0.0,0.0,0.0,0.0,0.0,0.0,0.0,-1.23047,-6.79067,0.0188,0.1476,IncreaseQuarterPeriod,extended
60.9255,405,-4.70382,0.172441,-6.17915,0.0,0.0,0.0,0.0,0.0,0.0,0.0,-2.46094,-8.19532,0.0188,0.1476,IncreaseQuarterPeriod,extended
61.0756,406,-5.56603,0.0287402,-7.06052,0.0,0.0,0.0,0.0,0.0,0.0,0.0,-3.33984,-8.19542,0.0188,0.1476,IncreaseQuarterPeriod,extended
61.2257,407,-5.0966,-0.143701,-7.13716,0.0,0.0,0.0,0.0,0.0,0.0,0.0,-4.04297,-7.72812,0.0188,0.1476,IncreaseQuarterPeriod,extended
61.3758,408,-5.89175,-0.316143,-7.47246,0.0,0.0,0.0,0.0,0.0,0.0,0.0,-3.86719,-5.61987,0.0188,0.1476,IncreaseQuarterPeriod,extended
61.526,409,-6.36117,-0.287402,-7.52036,0.0,0.0,0.0,0.0,0.0,0.0,0.0,-3.51562,-3.04412,0.0188,0.1476,IncreaseQuarterPeriod,extended
61.6761,410,-6.32285,-0.143701,-7.34792,0.0,0.0,0.0,0.0,0.0,0.0,0.0,-2.63672,-0.234165,0.0188,0.1476,IncreaseQuarterPeriod,extended
61.8262,411,-6.82102,-0.143701,-7.29044,0.0,0.0,0.0,0.0,0.0,0.0,0.0,-1.23047,2.81028,0.00674,0.13537,IncreaseQuarterPeriod,seated
61.9764,412,-6.66773,0.0287402,-7.70238,0.0,0.0,0.0,0.0,0.0,0.0,0.0,0.175781,5.6198,0.00674,0.13537,IncreaseQuarterPeriod,seated
62.1265,413,2.51956,-0.114961,-9.331,0.0,0.0,0.0,0.0,0.0,0.0,0.0,1.58203,7.25874,0.00674,0.13537,IncreaseQuarterPeriod,seated
62.2767,414,-1.72441,-0.699346,-9.7142,0.0,0.0,0.0,0.0,0.0,0.0,0.0,2.8125,8.42973,0.00674,0.13537,IncreaseQuarterPeriod,seated
62.4268,415,-1.27415,-0.402363,-9.84832,0.0,0.0,0.0,0.0,0.0,0.0,0.0,3.69141,8.42975,0.00674,0.13537,IncreaseQuarterPeriod,seated
62.577,416,-1.70525,-0.201182,-9.29268,0.0,0.0,0.0,0.0,0.0,0.0,0.0,3.86719,6.78982,0.00674,0.13537,IncreaseQuarterPeriod,seated
62.7272,417,-1.59987,-0.268242,-9.54176,0.0,0.0,0.0,0.0,0.0,0.0,0.0,3.69141,4.68263,0.00674,0.13537,IncreaseQuarterPeriod,seated
62.8773,418,-1.41785,-0.191602,-9.70462,0.0,0.0,0.0,0.0,0.0,0.0,0.0,2.98828,1.87308,0.00674,0.13537,IncreaseQuarterPeriod,seated
63.0274,419,-0.325723,-0.277822,-7.13716,0.0,0.0,0.0,0.0,0.0,0.0,0.0,1.93359,-1.17077,0.0188,0.1476,IncreaseQuarterPeriod,extended
63.1775,420,-3.34345,-0.728086,-5.87259,0.0,0.0,0.0,0.0,0.0,0.0,0.0,0.351562,-4.44892,0.0188,0.1476,IncreaseQuarterPeriod,extended
63.3277,421,-2.23216,-0.306563,-4.69424,0.0,0.0,0.0,0.0,0.0,0.0,0.0,-0.878906,-6.32216,0.0188,0.1476,IncreaseQuarterPeriod,extended
63.4779,422,-4.79962,-0.431104,-7.39582,0.0,0.0,0.0,0.0,0.0,0.0,0.0,-2.28516,-7.96113,0.0188,0.1476,IncreaseQuarterPeriod,extended
63.628,423,-5.01996,-0.239502,-6.93598,0.0,0.0,0.0,0.0,0.0,0.0,0.0,-3.33984,-8.42936,0.0188,0.1476,IncreaseQuarterPeriod,extended
63.7782,424,-6.21747,-0.124541,-7.5491,0.0,0.0,0.0,0.0,0.0,0.0,0.0,-3.86719,-7.72613,0.0188,0.1476,IncreaseQuarterPeriod,extended
63.9283,425,-6.41865,-0.258662,-7.49162,0.0,0.0,0.0,0.0,0.0,0.0,0.0,-3.86719,-5.61899,0.0188,0.1476,IncreaseQuarterPeriod,extended
64.0785,426,-6.15041,-0.249082,-7.44372,0.0,0.0,0.0,0.0,0.0,0.0,0.0,-3.51562,-3.51187,0.0188,0.1476,IncreaseQuarterPeriod,extended
64.2287,427,-6.19831,-0.172441,-7.47246,0.0,0.0,0.0,0.0,0.0,0.0,0.0,-2.63672,-0.468258,0.0188,0.1476,IncreaseQuarterPeriod,extended
64.3787,428,-6.51445,-0.0766406,-7.05094,0.0,0.0,0.0,0.0,0.0,0.0,0.0,-1.40625,2.57591,0.00674,0.13537,IncreaseQuarterPeriod,seated
64.5288,429,-6.32285,0.469424,-8.34425,0.0,0.0,0.0,0.0,0.0,0.0,0.0,0.0,5.15181,0.00674,0.13537,IncreaseQuarterPeriod,seated
64.679,430,2.96982,-0.306563,-8.71787,0.0,0.0,0.0,0.0,0.0,0.0,0.0,1.40625,7.02513,0.00674,0.13537,IncreaseQuarterPeriod,seated
64.8292,431,-1.65735,-0.641865,-9.70462,0.0,0.0,0.0,0.0,0.0,0.0,0.0,2.63672,8.19599,0.00674,0.13537,IncreaseQuarterPeriod,seated
64.9793,432,-1.80105,-0.479004,-9.31184,0.0,0.0,0.0,0.0,0.0,0.0,0.0,3.69141,8.4302,0.00674,0.13537,IncreaseQuarterPeriod,seated
65.1294,433,-1.82021,-0.306563,-9.50344,0.0,0.0,0.0,0.0,0.0,0.0,0.0,3.86719,7.02417,0.00674,0.13537,IncreaseQuarterPeriod,seated
65.2796,434,-1.50407,-0.210762,-9.43638,0.0,0.0,0.0,0.0,0.0,0.0,0.0,3.69141,4.91701,0.00674,0.13537,IncreaseQuarterPeriod,seated
