0.00177908,0,1.74846e-07,-0.195008,0.0,0.0,0.0,0.0,0.0,0.0,0.0,0.0,0.0,0.0,0.00674,0.13537,None,seated
0.019417,1,0.000191863,-0.195583,0.0,0.0,0.0,0.0,0.0,0.0,0.0,0.0,0.0,0.0,0.00674,0.13537,Nothing,seated
0.0361261,2,-0.000958268,-0.197117,0.0,0.0,0.0,0.0,0.0,0.0,0.0,0.0,0.0,0.0,0.00674,0.13537,Nothing,seated
0.0592241,3,-0.000574891,-0.196158,0.0,0.0,0.0,0.0,0.0,0.0,0.0,0.0,0.0,0.0,0.00674,0.13537,Nothing,seated
0.0733321,4,0.000959094,-0.195583,0.0,0.0,0.0,0.0,0.0,0.0,0.0,0.0,0.0,0.0,0.00674,0.13537,Nothing,seated
0.092206,5,1.74846e-07,-0.19635,0.0,0.0,0.0,0.0,0.0,0.0,0.0,0.0,0.0,0.0,0.00674,0.13537,Nothing,seated
0.12011,6,0.000191863,-0.195583,0.0,0.0,0.0,0.0,0.0,0.0,0.0,0.0,0.0,0.0,0.00674,0.13537,Nothing,seated
0.134115,7,0.00153416,-0.194432,0.0,0.0,0.0,0.0,0.0,0.0,0.0,0.0,0.0,0.0,0.00674,0.13537,Nothing,seated
0.147331,8,0.00115078,-0.194432,0.0,0.0,0.0,0.0,0.0,0.0,0.0,0.0,0.0,0.0,0.00674,0.13537,Nothing,seated
0.161627,9,0.000767406,-0.194816,0.0,0.0,0.0,0.0,0.0,0.0,0.0,0.0,0.0,0.0,0.00674,0.13537,Nothing,seated
0.176645,10,0.00115078,-0.195391,0.0,0.0,0.0,0.0,0.0,0.0,0.0,0.0,0.0,0.0,0.00674,0.13537,Nothing,seated
0.189841,11,0.00153416,-0.192898,0.0,0.0,0.0,0.0,0.0,0.0,0.0,0.0,0.0,0.0,0.00674,0.13537,Nothing,seated
0.203709,12,0.000959094,-0.193474,0.0,0.0,0.0,0.0,0.0,0.0,0.0,0.0,0.0,0.0,0.00674,0.13537,Nothing,seated
0.214452,13,0.000575717,-0.194049,0.0,0.0,0.0,0.0,0.0,0.0,0.0,0.0,0.0,0.0,0.00674,0.13537,Nothing,seated
0.225585,14,0.000767406,-0.194624,0.0,0.0,0.0,0.0,0.0,0.0,0.0,0.0,0.0,0.0,0.00674,0.13537,Nothing,seated
0.236824,15,0.00153416,-0.195391,0.0,0.0,0.0,0.0,0.0,0.0,0.0,0.0,0.0,0.0,0.00674,0.13537,Nothing,seated
0.248911,16,0.00230139,-0.193282,0.0,0.0,0.0,0.0,0.0,0.0,0.0,0.0,0.0,0.0,0.00674,0.13537,Nothing,seated
0.261449,17,0.00249308,-0.193665,0.0,0.0,0.0,0.0,0.0,0.0,0.0,0.0,0.0,0.0,0.00674,0.13537,Nothing,seated
0.273215,18,0.000959094,-0.19424,0.0,0.0,0.0,0.0,0.0,0.0,0.0,0.0,0.0,0.0,0.00674,0.13537,Nothing,seated
0.285823,19,0.000959094,-0.195008,0.0,0.0,0.0,0.0,0.0,0.0,0.0,0.0,0.0,0.0,0.00674,0.13537,Nothing,seated
0.299832,20,0.00153416,-0.194816,0.0,0.0,0.0,0.0,0.0,0.0,0.0,0.0,0.0,0.0,0.00674,0.13537,Nothing,seated
0.313592,21,0.00230139,-0.193665,0.0,0.0,0.0,0.0,0.0,0.0,0.0,0.0,0.0,0.0,0.00674,0.13537,Nothing,seated
0.327712,22,0.00191754,-0.19424,0.0,0.0,0.0,0.0,0.0,0.0,0.0,0.0,0.0,0.0,0.00674,0.13537,Nothing,seated
0.338909,23,0.00115078,-0.194816,0.0,0.0,0.0,0.0,0.0,0.0,0.0,0.0,0.0,0.0,0.00674,0.13537,Nothing,seated
0.350104,24,0.000959094,-0.195391,0.0,0.0,0.0,0.0,0.0,0.0,0.0,0.0,0.0,0.0,0.00674,0.13537,Nothing,seated
0.360223,25,0.00134247,-0.196158,0.0,0.0,0.0,0.0,0.0,0.0,0.0,0.0,0.0,0.0,0.00674,0.13537,Nothing,seated
0.370719,26,0.00210923,-0.195583,0.0,0.0,0.0,0.0,0.0,0.0,0.0,0.0,0.0,0.0,0.00674,0.13537,Nothing,seated
0.382832,27,0.00249308,-0.195008,0.0,0.0,0.0,0.0,0.0,0.0,0.0,0.0,0.0,0.0,0.00674,0.13537,Nothing,seated
0.396332,28,0.00153416,-0.195583,0.0,0.0,0.0,0.0,0.0,0.0,0.0,0.0,0.0,0.0,0.00674,0.13537,Nothing,seated
0.409333,29,0.00153416,-0.196733,0.0,0.0,0.0,0.0,0.0,0.0,0.0,0.0,0.0,0.0,0.00674,0.13537,Nothing,seated
0.421456,30,0.00172585,-0.196541,0.0,0.0,0.0,0.0,0.0,0.0,0.0,0.0,0.0,0.0,0.00674,0.13537,Nothing,seated
0.432459,31,0.00210923,-0.195774,0.0,0.0,0.0,0.0,0.0,0.0,0.0,0.0,0.0,0.0,0.00674,0.13537,Nothing,seated
0.443222,32,0.00191754,-0.19635,0.0,0.0,0.0,0.0,0.0,0.0,0.0,0.0,0.0,0.0,0.00674,0.13537,Nothing,seated
0.455236,33,0.00134247,-0.197692,0.0,0.0,0.0,0.0,0.0,0.0,0.0,0.0,0.0,0.0,0.00674,0.13537,Nothing,seated
0.465907,34,0.00134247,-0.198459,0.0,0.0,0.0,0.0,0.0,0.0,0.0,0.0,0.0,0.0,0.00674,0.13537,Nothing,seated
0.475979,35,0.00191754,-0.198651,0.0,0.0,0.0,0.0,0.0,0.0,0.0,0.0,0.0,0.0,0.00674,0.13537,Nothing,seated
0.486048,36,0.00210923,-0.198459,0.0,0.0,0.0,0.0,0.0,0.0,0.0,0.0,0.0,0.0,0.00674,0.13537,Nothing,seated
0.499472,37,0.00172585,-0.197884,0.0,0.0,0.0,0.0,0.0,0.0,0.0,0.0,-0.175781,-3.12499,0.00674,0.13537,Nothing,seated
0.511591,38,0.000959094,-0.199034,0.0,0.0,0.0,0.0,0.0,0.0,0.0,0.0,0.0,0.0,0.00674,0.13537,Nothing,seated
0.523331,39,0.000191863,-0.199801,0.0,0.0,0.0,0.0,0.0,0.0,0.0,0.0,0.0,0.0,0.00674,0.13537,Nothing,seated
0.536206,40,0.000767406,-0.199418,0.0,0.0,0.0,0.0,0.0,0.0,0.0,0.0,0.0,0.0,0.00674,0.13537,Nothing,seated
0.548387,41,0.000959094,-0.199226,0.0,0.0,0.0,0.0,0.0,0.0,0.0,0.0,-0.175781,-2.81976,0.00674,0.13537,Nothing,seated
0.559461,42,0.000767406,-0.198651,0.0,0.0,0.0,0.0,0.0,0.0,0.0,0.0,0.0,2.93023,0.00674,0.13537,Nothing,seated
0.569528,43,0.000191863,-0.198075,0.0,0.0,0.0,0.0,0.0,0.0,0.0,0.0,0.0,0.0,0.00674,0.13537,Nothing,seated
0.579585,44,-0.000191514,-0.198842,0.0,0.0,0.0,0.0,0.0,0.0,0.0,0.0,0.0,0.0,0.00674,0.13537,Nothing,seated
0.593332,45,1.74846e-07,-0.198075,0.0,0.0,0.0,0.0,0.0,0.0,0.0,0.0,0.0,0.0,0.00674,0.13537,Nothing,seated
0.60571,46,0.000383552,-0.197308,0.0,0.0,0.0,0.0,0.0,0.0,0.0,0.0,-0.175781,0.0,0.00674,0.13537,Nothing,seated
0.619586,47,-0.000191514,-0.197117,0.0,0.0,0.0,0.0,0.0,0.0,0.0,0.0,0.0,0.0,0.00674,0.13537,Nothing,seated
0.630328,48,-0.000958268,-0.196925,0.0,0.0,0.0,0.0,0.0,0.0,0.0,0.0,0.0,0.0,0.00674,0.13537,Nothing,seated
0.640393,49,-0.00115043,-0.198075,0.0,0.0,0.0,0.0,0.0,0.0,0.0,0.0,0.0,0.0,0.00674,0.13537,Nothing,seated
0.650458,50,-0.000958268,-0.198651,0.0,0.0,0.0,0.0,0.0,0.0,0.0,0.0,0.0,0.0,0.00674,0.13537,Nothing,seated
0.660523,51,-0.000191514,-0.197308,0.0,0.0,0.0,0.0,0.0,0.0,0.0,0.0,0.0,3.20693,0.00674,0.13537,Nothing,seated
0.670824,52,0.000191863,-0.19635,0.0,0.0,0.0,0.0,0.0,0.0,0.0,0.0,0.0,0.0,0.00674,0.13537,Nothing,seated
0.68271,53,-0.000383202,-0.195966,0.0,0.0,0.0,0.0,0.0,0.0,0.0,0.0,0.0,0.0,0.00674,0.13537,Nothing,seated
0.693712,54,-0.000958268,-0.196925,0.0,0.0,0.0,0.0,0.0,0.0,0.0,0.0,0.0,0.0,0.00674,0.13537,Nothing,seated
0.705206,55,-0.000958268,-0.197308,0.0,0.0,0.0,0.0,0.0,0.0,0.0,0.0,0.0,0.0,0.00674,0.13537,Nothing,seated
0.718909,56,0.000191863,-0.195966,0.0,0.0,0.0,0.0,0.0,0.0,0.0,0.0,0.0,0.0,0.00674,0.13537,Nothing,seated
0.729829,57,0.000767406,-0.194816,0.0,0.0,0.0,0.0,0.0,0.0,0.0,0.0,-0.175781,-2.97909,0.00674,0.13537,Nothing,seated
0.740465,58,0.000191863,-0.194816,0.0,0.0,0.0,0.0,0.0,0.0,0.0,0.0,0.0,0.0,0.00674,0.13537,Nothing,seated
0.750824,59,-0.000574891,-0.195583,0.0,0.0,0.0,0.0,0.0,0.0,0.0,0.0,0.0,0.0,0.00674,0.13537,Nothing,seated
0.766216,60,-0.000574891,-0.196733,0.0,0.0,0.0,0.0,0.0,0.0,0.0,0.0,0.0,0.0,0.00674,0.13537,Nothing,seated
0.782955,61,1.74846e-07,-0.195583,0.0,0.0,0.0,0.0,0.0,0.0,0.0,0.0,0.0,0.0,0.00674,0.13537,Nothing,seated
0.79371,62,0.000767406,-0.194049,0.0,0.0,0.0,0.0,0.0,0.0,0.0,0.0,0.0,2.7517,0.00674,0.13537,Nothing,seated
0.805911,63,-0.000191514,-0.194624,0.0,0.0,0.0,0.0,0.0,0.0,0.0,0.0,0.0,0.0,0.00674,0.13537,Nothing,seated
0.824286,64,1.74846e-07,-0.195391,0.0,0.0,0.0,0.0,0.0,0.0,0.0,0.0,0.0,0.0,0.00674,0.13537,Nothing,seated
0.835827,65,0.000575717,-0.194624,0.0,0.0,0.0,0.0,0.0,0.0,0.0,0.0,0.0,0.0,0.00674,0.13537,Nothing,seated
0.847083,66,0.000959094,-0.193282,0.0,0.0,0.0,0.0,0.0,0.0,0.0,0.0,0.0,0.0,0.00674,0.13537,Nothing,seated
0.858455,67,0.000575717,-0.193282,0.0,0.0,0.0,0.0,0.0,0.0,0.0,0.0,0.0,0.0,0.00674,0.13537,Nothing,seated
0.869908,68,1.74846e-07,-0.194432,0.0,0.0,0.0,0.0,0.0,0.0,0.0,0.0,0.0,0.0,0.00674,0.13537,Nothing,seated
0.883453,69,1.74846e-07,-0.195391,0.0,0.0,0.0,0.0,0.0,0.0,0.0,0.0,0.0,0.0,0.00674,0.13537,Nothing,seated
0.901106,70,0.000575717,-0.193665,0.0,0.0,0.0,0.0,0.0,0.0,0.0,0.0,0.0,0.0,0.00674,0.13537,Nothing,seated
0.913958,71,0.000959094,-0.193282,0.0,0.0,0.0,0.0,0.0,0.0,0.0,0.0,0.0,0.0,0.00674,0.13537,Nothing,seated
0.931331,72,-0.000191514,-0.194624,0.0,0.0,0.0,0.0,0.0,0.0,0.0,0.0,0.0,0.0,0.00674,0.13537,Nothing,seated
0.950327,73,-0.000191514,-0.195391,0.0,0.0,0.0,0.0,0.0,0.0,0.0,0.0,0.0,0.0,0.00674,0.13537,Nothing,seated
0.962328,74,0.000383552,-0.193474,0.0,0.0,0.0,0.0,0.0,0.0,0.0,0.0,0.0,0.0,0.00674,0.13537,Nothing,seated
0.974858,75,0.00115078,-0.19309,0.0,0.0,0.0,0.0,0.0,0.0,0.0,0.0,0.0,0.0,0.00674,0.13537,Nothing,seated
0.990081,76,0.000575717,-0.19309,0.0,0.0,0.0,0.0,0.0,0.0,0.0,0.0,0.0,0.0,0.00674,0.13537,Nothing,seated
1.00371,77,0.000383552,-0.194432,0.0,0.0,0.0,0.0,0.0,0.0,0.0,0.0,0.0,0.0,0.00674,0.13537,Nothing,seated
1.01545,78,0.000191863,-0.193665,0.0,0.0,0.0,0.0,0.0,0.0,0.0,0.0,0.0,0.0,0.00674,0.13537,Nothing,seated
1.02991,79,0.00134247,-0.192515,0.0,0.0,0.0,0.0,0.0,0.0,0.0,0.0,0.0,0.0,0.00674,0.13537,Nothing,seated
1.07196,80,0.000575717,-0.191556,0.0,0.0,0.0,0.0,0.0,0.0,0.0,0.0,0.0,0.0,0.00674,0.13537,Nothing,seated
1.14446,81,0.000575717,-0.192131,0.0,0.0,0.0,0.0,0.0,0.0,0.0,0.0,0.0,0.0,0.00674,0.13537,Nothing,seated
1.15583,82,0.00134247,-0.191364,0.0,0.0,0.0,0.0,0.0,0.0,0.0,0.0,0.0,0.0,0.00674,0.13537,Nothing,seated
1.16922,83,0.000767406,-0.191748,0.0,0.0,0.0,0.0,0.0,0.0,0.0,0.0,0.0,0.0,0.00674,0.13537,Nothing,seated
1.18146,84,0.000383552,-0.192898,0.0,0.0,0.0,0.0,0.0,0.0,0.0,0.0,0.0,0.0,0.00674,0.13537,Nothing,seated
1.19591,85,0.000191863,-0.193282,0.0,0.0,0.0,0.0,0.0,0.0,0.0,0.0,0.0,0.0,0.00674,0.13537,Nothing,seated
1.20721,86,0.000959094,-0.191364,0.0,0.0,0.0,0.0,0.0,0.0,0.0,0.0,0.0,0.0,0.00674,0.13537,Nothing,seated
1.22465,87,0.00153416,-0.191364,0.0,0.0,0.0,0.0,0.0,0.0,0.0,0.0,0.0,0.0,0.00674,0.13537,Nothing,seated
1.23491,88,0.00115078,-0.191172,0.0,0.0,0.0,0.0,0.0,0.0,0.0,0.0,0.0,0.0,0.00674,0.13537,Nothing,seated
1.24645,89,0.000383552,-0.19194,0.0,0.0,0.0,0.0,0.0,0.0,0.0,0.0,0.0,0.0,0.00674,0.13537,Nothing,seated
1.25861,90,0.000383552,-0.192706,0.0,0.0,0.0,0.0,0.0,0.0,0.0,0.0,0.0,0.0,0.00674,0.13537,Nothing,seated
1.26958,91,0.00115078,-0.191556,0.0,0.0,0.0,0.0,0.0,0.0,0.0,0.0,0.0,0.0,0.00674,0.13537,Nothing,seated
1.27965,92,0.00153416,-0.190022,0.0,0.0,0.0,0.0,0.0,0.0,0.0,0.0,0.0,0.0,0.00674,0.13537,Nothing,seated
1.29162,93,0.00115078,-0.190214,0.0,0.0,0.0,0.0,0.0,0.0,0.0,0.0,0.0,0.0,0.00674,0.13537,Nothing,seated
1.30946,94,0.000767406,-0.191172,0.0,0.0,0.0,0.0,0.0,0.0,0.0,0.0,0.0,0.0,0.00674,0.13537,Nothing,seated
1.32372,95,0.000767406,-0.190789,0.0,0.0,0.0,0.0,0.0,0.0,0.0,0.0,0.0,0.0,0.00674,0.13537,Nothing,seated
1.34022,96,0.00172585,-0.18983,0.0,0.0,0.0,0.0,0.0,0.0,0.0,0.0,0.0,0.0,0.00674,0.13537,Nothing,seated
1.35259,97,0.00153416,-0.189638,0.0,0.0,0.0,0.0,0.0,0.0,0.0,0.0,0.0,0.0,0.00674,0.13537,Nothing,seated
1.36641,98,0.000959094,-0.190597,0.0,0.0,0.0,0.0,0.0,0.0,0.0,0.0,0.0,0.0,0.00674,0.13537,Nothing,seated
1.37859,99,0.000959094,-0.191748,0.0,0.0,0.0,0.0,0.0,0.0,0.0,0.0,0.0,0.0,0.00674,0.13537,Nothing,seated
1.39322,100,0.00153416,-0.189447,0.0,0.0,0.0,0.0,0.0,0.0,0.0,0.0,0.0,0.0,0.00674,0.13537,Nothing,seated
1.40691,101,0.00172585,-0.189255,0.0,0.0,0.0,0.0,0.0,0.0,0.0,0.0,0.0,0.0,0.00674,0.13537,Nothing,seated
1.42083,102,0.00115078,-0.190022,0.0,0.0,0.0,0.0,0.0,0.0,0.0,0.0,0.0,0.0,0.00674,0.13537,Nothing,seated
1.43459,103,0.000575717,-0.190981,0.0,0.0,0.0,0.0,0.0,0.0,0.0,0.0,0.0,0.0,0.00674,0.13537,Nothing,seated
1.44659,104,0.000959094,-0.190214,0.0,0.0,0.0,0.0,0.0,0.0,0.0,0.0,0.0,0.0,0.00674,0.13537,Nothing,seated
1.45846,105,0.00153416,-0.189063,0.0,0.0,0.0,0.0,0.0,0.0,0.0,0.0,0.0,0.0,0.00674,0.13537,Nothing,seated
1.46971,106,0.00153416,-0.18868,0.0,0.0,0.0,0.0,0.0,0.0,0.0,0.0,0.0,0.0,0.00674,0.13537,Nothing,seated
1.48295,107,0.00115078,-0.189255,0.0,0.0,0.0,0.0,0.0,0.0,0.0,0.0,0.0,0.0,0.00674,0.13537,Nothing,seated
1.49533,108,1.74846e-07,-0.190214,0.0,0.0,0.0,0.0,0.0,0.0,0.0,0.0,0.175781,2.89398,0.00674,0.13537,Nothing,seated
1.51033,109,0.000191863,-0.190022,0.0,0.0,0.0,0.0,0.0,0.0,0.0,0.0,0.0,0.0,0.00674,0.13537,Nothing,seated
1.52359,110,0.000575717,-0.188104,0.0,0.0,0.0,0.0,0.0,0.0,0.0,0.0,0.0,0.0,0.00674,0.13537,Nothing,seated
1.53546,111,0.000575717,-0.188104,0.0,0.0,0.0,0.0,0.0,0.0,0.0,0.0,0.0,0.0,0.00674,0.13537,Nothing,seated
1.54687,112,1.74846e-07,-0.188488,0.0,0.0,0.0,0.0,0.0,0.0,0.0,0.0,0.0,0.0,0.00674,0.13537,Nothing,seated
1.56091,113,-0.000191514,-0.189638,0.0,0.0,0.0,0.0,0.0,0.0,0.0,0.0,0.175781,0.0,0.00674,0.13537,Nothing,seated
1.57259,114,1.74846e-07,-0.190022,0.0,0.0,0.0,0.0,0.0,0.0,0.0,0.0,0.0,0.0,0.00674,0.13537,Nothing,seated
1.58266,115,0.000383552,-0.188296,0.0,0.0,0.0,0.0,0.0,0.0,0.0,0.0,0.0,0.0,0.00674,0.13537,Nothing,seated
1.59459,116,0.000383552,-0.188488,0.0,0.0,0.0,0.0,0.0,0.0,0.0,0.0,0.0,0.0,0.00674,0.13537,Nothing,seated
1.60663,117,-0.000766579,-0.18868,0.0,0.0,0.0,0.0,0.0,0.0,0.0,0.0,0.0,0.0,0.00674,0.13537,Nothing,seated
1.62411,118,-0.00115043,-0.190214,0.0,0.0,0.0,0.0,0.0,0.0,0.0,0.0,0.175781,0.0,0.00674,0.13537,Nothing,seated
1.63843,119,-0.000766579,-0.189063,0.0,0.0,0.0,0.0,0.0,0.0,0.0,0.0,0.0,0.0,0.00674,0.13537,Nothing,seated
1.64933,120,-0.000191514,-0.188488,0.0,0.0,0.0,0.0,0.0,0.0,0.0,0.0,0.0,0.0,0.00674,0.13537,Nothing,seated
1.6594,121,-0.000191514,-0.18868,0.0,0.0,0.0,0.0,0.0,0.0,0.0,0.0,0.0,0.0,0.00674,0.13537,Nothing,seated
1.67106,122,-0.00115043,-0.189063,0.0,0.0,0.0,0.0,0.0,0.0,0.0,0.0,0.175781,2.72837,0.00674,0.13537,Nothing,seated
1.68271,123,-0.00153381,-0.18983,0.0,0.0,0.0,0.0,0.0,0.0,0.0,0.0,0.175781,0.0,0.00674,0.13537,Nothing,seated
1.69359,124,-0.00115043,-0.18983,0.0,0.0,0.0,0.0,0.0,0.0,0.0,0.0,0.175781,3.18669,0.00674,0.13537,Nothing,seated
1.70366,125,-0.000383202,-0.188872,0.0,0.0,0.0,0.0,0.0,0.0,0.0,0.0,0.0,0.0,0.00674,0.13537,Nothing,seated
1.71592,126,-0.000191514,-0.188488,0.0,0.0,0.0,0.0,0.0,0.0,0.0,0.0,0.0,0.0,0.00674,0.13537,Nothing,seated
1.72834,127,-0.000383202,-0.18868,0.0,0.0,0.0,0.0,0.0,0.0,0.0,0.0,0.175781,0.0,0.00674,0.13537,Nothing,seated
1.74271,128,-0.00134212,-0.190214,0.0,0.0,0.0,0.0,0.0,0.0,0.0,0.0,0.175781,0.0,0.00674,0.13537,Nothing,seated
1.75923,129,-0.000958268,-0.189063,0.0,0.0,0.0,0.0,0.0,0.0,0.0,0.0,0.175781,0.0,0.00674,0.13537,Nothing,seated
1.77021,130,-0.000766579,-0.188296,0.0,0.0,0.0,0.0,0.0,0.0,0.0,0.0,0.0,0.0,0.00674,0.13537,Nothing,seated
1.78271,131,-0.000958268,-0.187529,0.0,0.0,0.0,0.0,0.0,0.0,0.0,0.0,0.0,0.0,0.00674,0.13537,Nothing,seated
1.79583,132,-0.00153381,-0.189447,0.0,0.0,0.0,0.0,0.0,0.0,0.0,0.0,0.175781,0.0,0.00674,0.13537,Nothing,seated
1.81146,133,-0.00230056,-0.190981,0.0,0.0,0.0,0.0,0.0,0.0,0.0,0.0,0.175781,0.0,0.00674,0.13537,Nothing,seated
1.82371,134,-0.00191719,-0.190981,0.0,0.0,0.0,0.0,0.0,0.0,0.0,0.0,0.175781,0.0,0.00674,0.13537,Nothing,seated
1.83395,135,-0.00153381,-0.190214,0.0,0.0,0.0,0.0,0.0,0.0,0.0,0.0,0.0,0.0,0.00674,0.13537,Nothing,seated
1.84859,136,-0.00191719,-0.189447,0.0,0.0,0.0,0.0,0.0,0.0,0.0,0.0,0.175781,2.66833,0.00674,0.13537,Nothing,seated
1.85933,137,-0.00268442,-0.190406,0.0,0.0,0.0,0.0,0.0,0.0,0.0,0.0,0.175781,0.0,0.00674,0.13537,Nothing,seated
1.87283,138,-0.00287611,-0.191748,0.0,0.0,0.0,0.0,0.0,0.0,0.0,0.0,0.175781,0.0,0.00674,0.13537,Nothing,seated
1.88645,139,-0.00268442,-0.190981,0.0,0.0,0.0,0.0,0.0,0.0,0.0,0.0,0.175781,0.0,0.00674,0.13537,Nothing,seated
1.90433,140,-0.00249225,-0.18983,0.0,0.0,0.0,0.0,0.0,0.0,0.0,0.0,0.0,0.0,0.00674,0.13537,Nothing,seated
1.91896,141,-0.00345117,-0.190789,0.0,0.0,0.0,0.0,0.0,0.0,0.0,0.0,0.175781,0.0,0.00674,0.13537,Nothing,seated
1.93333,142,-0.00345117,-0.191748,0.0,0.0,0.0,0.0,0.0,0.0,0.0,0.0,0.175781,0.0,0.00674,0.13537,Nothing,seated
1.94546,143,-0.00325948,-0.190597,0.0,0.0,0.0,0.0,0.0,0.0,0.0,0.0,0.175781,0.0,0.00674,0.13537,Nothing,seated
1.96038,144,-0.00325948,-0.190214,0.0,0.0,0.0,0.0,0.0,0.0,0.0,0.0,0.0,-2.37787,0.00674,0.13537,Nothing,seated
1.97159,145,-0.00402624,-0.189638,0.0,0.0,0.0,0.0,0.0,0.0,0.0,0.0,0.175781,2.61358,0.00674,0.13537,Nothing,seated
1.98433,146,-0.00460178,-0.192323,0.0,0.0,0.0,0.0,0.0,0.0,0.0,0.0,0.175781,0.0,0.00674,0.13537,Nothing,seated
2.00022,147,-0.0042184,-0.192323,0.0,0.0,0.0,0.0,0.0,0.0,0.0,0.0,0.175781,0.0,0.00674,0.13537,Nothing,seated
2.01433,148,-0.00364286,-0.191364,0.0,0.0,0.0,0.0,0.0,0.0,0.0,0.0,0.0,-2.55233,0.00674,0.13537,Nothing,seated
2.03395,149,-0.0042184,-0.191172,0.0,0.0,0.0,0.0,0.0,0.0,0.0,0.0,0.175781,2.3891,0.00674,0.13537,Nothing,seated
2.04783,150,-0.00479347,-0.192898,0.0,0.0,0.0,0.0,0.0,0.0,0.0,0.0,0.175781,0.0,0.00674,0.13537,Nothing,seated
2.05908,151,-0.00498516,-0.192706,0.0,0.0,0.0,0.0,0.0,0.0,0.0,0.0,0.175781,0.0,0.00674,0.13537,Nothing,seated
2.07159,152,-0.00383455,-0.19194,0.0,0.0,0.0,0.0,0.0,0.0,0.0,0.0,0.0,-2.46296,0.00674,0.13537,Nothing,seated
2.08359,153,-0.00383455,-0.190981,0.0,0.0,0.0,0.0,0.0,0.0,0.0,0.0,0.0,0.0,0.00674,0.13537,Nothing,seated
2.09633,154,-0.0042184,-0.191172,0.0,0.0,0.0,0.0,0.0,0.0,0.0,0.0,0.0,-2.8181,0.00674,0.13537,Nothing,seated
2.10797,155,-0.00556022,-0.192323,0.0,0.0,0.0,0.0,0.0,0.0,0.0,0.0,0.175781,0.0,0.00674,0.13537,Nothing,seated
2.11971,156,-0.00536853,-0.192131,0.0,0.0,0.0,0.0,0.0,0.0,0.0,0.0,0.175781,0.0,0.00674,0.13537,Nothing,seated
2.13082,157,-0.00479347,-0.191172,0.0,0.0,0.0,0.0,0.0,0.0,0.0,0.0,0.0,0.0,0.00674,0.13537,Nothing,seated
2.14491,158,-0.00441009,-0.190597,0.0,0.0,0.0,0.0,0.0,0.0,0.0,0.0,0.0,0.0,0.00674,0.13537,Nothing,seated
2.15633,159,-0.00460178,-0.190981,0.0,0.0,0.0,0.0,0.0,0.0,0.0,0.0,0.0,0.0,0.00674,0.13537,Nothing,seated
2.16811,160,-0.00517685,-0.192131,0.0,0.0,0.0,0.0,0.0,0.0,0.0,0.0,0.175781,0.0,0.00674,0.13537,Nothing,seated
2.18071,161,-0.00517685,-0.191364,0.0,0.0,0.0,0.0,0.0,0.0,0.0,0.0,0.175781,0.0,0.00674,0.13537,Nothing,seated
2.19695,162,-0.00460178,-0.190789,0.0,0.0,0.0,0.0,0.0,0.0,0.0,0.0,0.0,0.0,0.00674,0.13537,Nothing,seated
2.2082,163,-0.00441009,-0.190597,0.0,0.0,0.0,0.0,0.0,0.0,0.0,0.0,0.0,0.0,0.00674,0.13537,Nothing,seated
2.21846,164,-0.00479347,-0.190597,0.0,0.0,0.0,0.0,0.0,0.0,0.0,0.0,0.0,0.0,0.00674,0.13537,Nothing,seated
2.23483,165,-0.00594408,-0.191556,0.0,0.0,0.0,0.0,0.0,0.0,0.0,0.0,0.175781,0.0,0.00674,0.13537,Nothing,seated
2.25672,166,-0.00479347,-0.190981,0.0,0.0,0.0,0.0,0.0,0.0,0.0,0.0,0.0,-2.31269,0.00674,0.13537,Nothing,seated
2.26834,167,-0.00441009,-0.190597,0.0,0.0,0.0,0.0,0.0,0.0,0.0,0.0,0.0,0.0,0.00674,0.13537,Nothing,seated
2.28121,168,-0.00479347,-0.190022,0.0,0.0,0.0,0.0,0.0,0.0,0.0,0.0,0.0,0.0,0.00674,0.13537,Nothing,seated
2.29447,169,-0.00536853,-0.193282,0.0,0.0,0.0,0.0,0.0,0.0,0.0,0.0,0.0,0.0,0.00674,0.13537,Nothing,seated
2.31459,170,-0.00460178,-0.19309,0.0,0.0,0.0,0.0,0.0,0.0,0.0,0.0,0.0,-2.20374,0.00674,0.13537,Nothing,seated
2.32546,171,-0.0042184,-0.192131,0.0,0.0,0.0,0.0,0.0,0.0,0.0,0.0,0.0,0.0,0.00674,0.13537,Nothing,seated
2.34033,172,-0.00402624,-0.190981,0.0,0.0,0.0,0.0,0.0,0.0,0.0,0.0,0.0,0.0,0.00674,0.13537,Nothing,seated
2.35221,173,-0.00517685,-0.192706,0.0,0.0,0.0,0.0,0.0,0.0,0.0,0.0,0.0,0.0,0.00674,0.13537,Nothing,seated
2.36611,174,-0.00517685,-0.194624,0.0,0.0,0.0,0.0,0.0,0.0,0.0,0.0,0.0,0.0,0.00674,0.13537,Nothing,seated
2.37946,175,-0.00460178,-0.194816,0.0,0.0,0.0,0.0,0.0,0.0,0.0,0.0,0.0,0.0,0.00674,0.13537,Nothing,seated
2.39133,176,-0.00325948,-0.193857,0.0,0.0,0.0,0.0,0.0,0.0,0.0,0.0,0.0,0.0,0.00674,0.13537,Nothing,seated
2.40522,177,-0.00287611,-0.193857,0.0,0.0,0.0,0.0,0.0,0.0,0.0,0.0,0.0,0.0,0.00674,0.13537,Nothing,seated
2.42011,178,-0.00383455,-0.194624,0.0,0.0,0.0,0.0,0.0,0.0,0.0,0.0,0.0,0.0,0.00674,0.13537,Nothing,seated
2.43283,179,-0.00364286,-0.195391,0.0,0.0,0.0,0.0,0.0,0.0,0.0,0.0,0.0,0.0,0.00674,0.13537,Nothing,seated
2.44791,180,-0.00325948,-0.194432,0.0,0.0,0.0,0.0,0.0,0.0,0.0,0.0,0.0,0.0,0.00674,0.13537,Nothing,seated
2.46371,181,-0.0030678,-0.19309,0.0,0.0,0.0,0.0,0.0,0.0,0.0,0.0,0.0,0.0,0.00674,0.13537,Nothing,seated
2.47591,182,-0.00345117,-0.194624,0.0,0.0,0.0,0.0,0.0,0.0,0.0,0.0,0.0,0.0,0.00674,0.13537,Nothing,seated
2.49045,183,-0.00345117,-0.195391,0.0,0.0,0.0,0.0,0.0,0.0,0.0,0.0,0.0,0.0,0.00674,0.13537,Nothing,seated
2.50359,184,-0.0030678,-0.195966,0.0,0.0,0.0,0.0,0.0,0.0,0.0,0.0,0.0,0.0,0.00674,0.13537,Nothing,seated
2.51445,185,-0.00268442,-0.195391,0.0,0.0,0.0,0.0,0.0,0.0,0.0,0.0,0.0,0.0,0.00674,0.13537,Nothing,seated
2.52511,186,-0.00230056,-0.19424,0.0,0.0,0.0,0.0,0.0,0.0,0.0,0.0,0.0,0.0,0.00674,0.13537,Nothing,seated
2.53711,187,-0.00325948,-0.195199,0.0,0.0,0.0,0.0,0.0,0.0,0.0,0.0,0.0,0.0,0.00674,0.13537,Nothing,seated
2.55304,188,-0.0030678,-0.19635,0.0,0.0,0.0,0.0,0.0,0.0,0.0,0.0,0.0,0.0,0.00674,0.13537,Nothing,seated
2.56883,189,-0.00210888,-0.195966,0.0,0.0,0.0,0.0,0.0,0.0,0.0,0.0,0.0,0.0,0.00674,0.13537,Nothing,seated
2.58259,190,-0.00153381,-0.194816,0.0,0.0,0.0,0.0,0.0,0.0,0.0,0.0,0.0,0.0,0.00674,0.13537,Nothing,seated
2.59346,191,-0.00191719,-0.19424,0.0,0.0,0.0,0.0,0.0,0.0,0.0,0.0,0.0,0.0,0.00674,0.13537,Nothing,seated
2.60406,192,-0.00268442,-0.194816,0.0,0.0,0.0,0.0,0.0,0.0,0.0,0.0,0.0,0.0,0.00674,0.13537,Nothing,seated
2.61871,193,-0.00249225,-0.195199,0.0,0.0,0.0,0.0,0.0,0.0,0.0,0.0,0.0,0.0,0.00674,0.13537,Nothing,seated
2.62983,194,-0.00210888,-0.195391,0.0,0.0,0.0,0.0,0.0,0.0,0.0,0.0,0.0,0.0,0.00674,0.13537,Nothing,seated
2.64271,195,-0.00115043,-0.194049,0.0,0.0,0.0,0.0,0.0,0.0,0.0,0.0,0.0,0.0,0.00674,0.13537,Nothing,seated
2.65333,196,-0.00153381,-0.193857,0.0,0.0,0.0,0.0,0.0,0.0,0.0,0.0,0.0,0.0,0.00674,0.13537,Nothing,seated
2.66689,197,-0.00230056,-0.195391,0.0,0.0,0.0,0.0,0.0,0.0,0.0,0.0,0.0,0.0,0.00674,0.13537,Nothing,seated
2.68571,198,-0.00249225,-0.196158,0.0,0.0,0.0,0.0,0.0,0.0,0.0,0.0,0.0,0.0,0.00674,0.13537,Nothing,seated
2.69645,199,-0.00210888,-0.195774,0.0,0.0,0.0,0.0,0.0,0.0,0.0,0.0,0.0,0.0,0.00674,0.13537,Nothing,seated
2.70859,200,-0.00134212,-0.19424,0.0,0.0,0.0,0.0,0.0,0.0,0.0,0.0,0.0,0.0,0.00674,0.13537,Nothing,seated
2.71959,201,-0.00153381,-0.194624,0.0,0.0,0.0,0.0,0.0,0.0,0.0,0.0,0.0,0.0,0.00674,0.13537,Nothing,seated
2.72968,202,-0.00191719,-0.195199,0.0,0.0,0.0,0.0,0.0,0.0,0.0,0.0,0.0,0.0,0.00674,0.13537,Nothing,seated
2.74271,203,-0.00191719,-0.195966,0.0,0.0,0.0,0.0,0.0,0.0,0.0,0.0,0.0,0.0,0.00674,0.13537,Nothing,seated
2.75911,204,-0.000958268,-0.194624,0.0,0.0,0.0,0.0,0.0,0.0,0.0,0.0,0.0,0.0,0.00674,0.13537,Nothing,seated
2.77171,205,-0.000958268,-0.193857,0.0,0.0,0.0,0.0,0.0,0.0,0.0,0.0,0.0,0.0,0.00674,0.13537,Nothing,seated
2.78322,206,-0.00153381,-0.194624,0.0,0.0,0.0,0.0,0.0,0.0,0.0,0.0,0.0,0.0,0.00674,0.13537,Nothing,seated
2.79396,207,-0.00191719,-0.195008,0.0,0.0,0.0,0.0,0.0,0.0,0.0,0.0,0.0,0.0,0.00674,0.13537,Nothing,seated
2.80406,208,-0.00134212,-0.195583,0.0,0.0,0.0,0.0,0.0,0.0,0.0,0.0,0.0,0.0,0.00674,0.13537,Nothing,seated
2.81591,209,-0.000958268,-0.194432,0.0,0.0,0.0,0.0,0.0,0.0,0.0,0.0,0.0,0.0,0.00674,0.13537,Nothing,seated
2.83022,210,-0.000383202,-0.192898,0.0,0.0,0.0,0.0,0.0,0.0,0.0,0.0,0.0,0.0,0.00674,0.13537,Nothing,seated
2.84386,211,-0.0017255,-0.194049,0.0,0.0,0.0,0.0,0.0,0.0,0.0,0.0,0.0,0.0,0.00674,0.13537,Nothing,seated
2.86246,212,-0.0017255,-0.195199,0.0,0.0,0.0,0.0,0.0,0.0,0.0,0.0,0.0,0.0,0.00674,0.13537,Nothing,seated
2.87433,213,-0.00153381,-0.195008,0.0,0.0,0.0,0.0,0.0,0.0,0.0,0.0,0.0,0.0,0.00674,0.13537,Nothing,seated
2.88982,214,1.74846e-07,-0.193857,0.0,0.0,0.0,0.0,0.0,0.0,0.0,0.0,0.0,0.0,0.00674,0.13537,Nothing,seated
2.90731,215,-0.000574891,-0.19424,0.0,0.0,0.0,0.0,0.0,0.0,0.0,0.0,0.0,0.0,0.00674,0.13537,Nothing,seated
2.91859,216,-0.000958268,-0.195774,0.0,0.0,0.0,0.0,0.0,0.0,0.0,0.0,0.0,0.0,0.00674,0.13537,Nothing,seated
2.93111,217,-0.00134212,-0.19635,0.0,0.0,0.0,0.0,0.0,0.0,0.0,0.0,0.0,0.0,0.00674,0.13537,Nothing,seated
2.94459,218,-0.000383202,-0.195008,0.0,0.0,0.0,0.0,0.0,0.0,0.0,0.0,0.0,0.0,0.00674,0.13537,Nothing,seated
2.95991,219,0.000191863,-0.193857,0.0,0.0,0.0,0.0,0.0,0.0,0.0,0.0,0.0,0.0,0.00674,0.13537,Nothing,seated
2.97211,220,1.74846e-07,-0.193857,0.0,0.0,0.0,0.0,0.0,0.0,0.0,0.0,0.0,0.0,0.00674,0.13537,Nothing,seated
2.98559,221,-0.000574891,-0.194432,0.0,0.0,0.0,0.0,0.0,0.0,0.0,0.0,0.0,0.0,0.00674,0.13537,Nothing,seated
2.9989,222,-0.000574891,-0.193857,0.0,0.0,0.0,0.0,0.0,0.0,0.0,0.0,0.0,0.0,0.00674,0.13537,Nothing,seated
3.01112,223,-0.000191514,-0.192706,0.0,0.0,0.0,0.0,0.0,0.0,0.0,0.0,0.0,0.0,0.00674,0.13537,Nothing,seated
3.02298,224,-0.000574891,-0.192515,0.0,0.0,0.0,0.0,0.0,0.0,0.0,0.0,0.0,0.0,0.00674,0.13537,Nothing,seated
3.03522,225,-0.000958268,-0.192515,0.0,0.0,0.0,0.0,0.0,0.0,0.0,0.0,0.0,0.0,0.00674,0.13537,Nothing,seated
3.04872,226,-0.00134212,-0.194624,0.0,0.0,0.0,0.0,0.0,0.0,0.0,0.0,0.0,0.0,0.00674,0.13537,Nothing,seated
3.06182,227,-0.000766579,-0.193665,0.0,0.0,0.0,0.0,0.0,0.0,0.0,0.0,0.0,0.0,0.00674,0.13537,Nothing,seated
3.07433,228,-0.000574891,-0.192706,0.0,0.0,0.0,0.0,0.0,0.0,0.0,0.0,0.0,0.0,0.00674,0.13537,Nothing,seated
3.0873,229,-0.000766579,-0.192706,0.0,0.0,0.0,0.0,0.0,0.0,0.0,0.0,0.0,0.0,0.00674,0.13537,Nothing,seated
3.10045,230,-0.00134212,-0.193474,0.0,0.0,0.0,0.0,0.0,0.0,0.0,0.0,0.0,0.0,0.00674,0.13537,Nothing,seated
3.11083,231,-0.00210888,-0.19424,0.0,0.0,0.0,0.0,0.0,0.0,0.0,0.0,0.0,0.0,0.00674,0.13537,Nothing,seated
3.12309,232,-0.00191719,-0.194049,0.0,0.0,0.0,0.0,0.0,0.0,0.0,0.0,0.0,0.0,0.00674,0.13537,Nothing,seated
3.13433,233,-0.0017255,-0.19309,0.0,0.0,0.0,0.0,0.0,0.0,0.0,0.0,0.0,0.0,0.00674,0.13537,Nothing,seated
3.14472,234,-0.00210888,-0.192131,0.0,0.0,0.0,0.0,0.0,0.0,0.0,0.0,0.0,0.0,0.00674,0.13537,Nothing,seated
3.15583,235,-0.00287611,-0.191172,0.0,0.0,0.0,0.0,0.0,0.0,0.0,0.0,0.0,0.0,0.00674,0.13537,Nothing,seated
3.16759,236,-0.0042184,-0.193282,0.0,0.0,0.0,0.0,0.0,0.0,0.0,0.0,0.0,0.0,0.00674,0.13537,Nothing,seated
3.1792,237,-0.00556022,-0.193665,0.0,0.0,0.0,0.0,0.0,0.0,0.0,0.0,0.0,0.0,0.00674,0.13537,Nothing,seated
3.19086,238,-0.00517685,-0.193282,0.0,0.0,0.0,0.0,0.0,0.0,0.0,0.0,0.0,0.0,0.00674,0.13537,Nothing,seated
3.20233,239,-0.00498516,-0.192515,0.0,0.0,0.0,0.0,0.0,0.0,0.0,0.0,-0.175781,-3.05134,0.00674,0.13537,Nothing,seated
3.21291,240,-0.00460178,-0.190789,0.0,0.0,0.0,0.0,0.0,0.0,0.0,0.0,-0.175781,-3.07966,0.00674,0.13537,Nothing,seated
3.22459,241,-0.00479347,-0.190214,0.0,0.0,0.0,0.0,0.0,0.0,0.0,0.0,-0.175781,-3.08372,0.00674,0.13537,Nothing,seated
3.23466,242,-0.00536853,-0.190597,0.0,0.0,0.0,0.0,0.0,0.0,0.0,0.0,-0.175781,-3.16986,0.00674,0.13537,Nothing,seated
3.24491,243,-0.00556022,-0.189063,0.0,0.0,0.0,0.0,0.0,0.0,0.0,0.0,-0.175781,-3.25237,0.00674,0.13537,Nothing,seated
3.25934,244,-0.00517685,-0.187721,0.0,0.0,0.0,0.0,0.0,0.0,0.0,0.0,-0.175781,0.0,0.00674,0.13537,Nothing,seated
3.27053,245,-0.00402624,-0.184845,0.0,0.0,0.0,0.0,0.0,0.0,0.0,0.0,-0.175781,0.0,0.00674,0.13537,Nothing,seated
3.28323,246,-0.00325948,-0.182352,0.0,0.0,0.0,0.0,0.0,0.0,0.0,0.0,-0.175781,0.0,0.00674,0.13537,Nothing,seated
3.29421,247,-0.00191719,-0.181202,0.0,0.0,0.0,0.0,0.0,0.0,0.0,0.0,-0.175781,0.0,0.00674,0.13537,Nothing,seated
3.30446,248,-0.00191719,-0.179476,0.0,0.0,0.0,0.0,0.0,0.0,0.0,0.0,0.0,2.95182,0.00674,0.13537,Nothing,seated
3.31452,249,-0.000383202,-0.176983,0.0,0.0,0.0,0.0,0.0,0.0,0.0,0.0,0.0,3.18508,0.00674,0.13537,Nothing,seated
3.32583,250,0.00210923,-0.174107,0.0,0.0,0.0,0.0,0.0,0.0,0.0,0.0,0.0,3.17868,0.00674,0.13537,Nothing,seated
3.33875,251,0.00210923,-0.170464,0.0,0.0,0.0,0.0,0.0,0.0,0.0,0.0,0.0,3.1658,0.00674,0.13537,Nothing,seated
3.35011,252,0.00191754,-0.165478,0.0,0.0,0.0,0.0,0.0,0.0,0.0,0.0,0.175781,6.28993,0.00674,0.13537,Nothing,seated
3.36591,253,0.00210923,-0.162986,0.0,0.0,0.0,0.0,0.0,0.0,0.0,0.0,0.175781,2.86061,0.00674,0.13537,Nothing,seated
3.38011,254,0.00325983,-0.157041,0.0,0.0,0.0,0.0,0.0,0.0,0.0,0.0,0.351562,5.36017,0.00674,0.13537,Nothing,seated
3.39146,255,0.00383538,-0.153782,0.0,0.0,0.0,0.0,0.0,0.0,0.0,0.0,0.351562,5.35664,0.00674,0.13537,Nothing,seated
3.40259,256,0.00364321,-0.151097,0.0,0.0,0.0,0.0,0.0,0.0,0.0,0.0,0.351562,5.50721,0.00674,0.13537,Nothing,seated
3.41308,257,0.00306815,-0.149755,0.0,0.0,0.0,0.0,0.0,0.0,0.0,0.0,0.527344,5.58292,0.00674,0.13537,Nothing,seated
3.42346,258,0.00249308,-0.147837,0.0,0.0,0.0,0.0,0.0,0.0,0.0,0.0,0.703125,9.16274,0.00674,0.13537,Nothing,seated
3.43353,259,0.00268477,-0.145153,0.0,0.0,0.0,0.0,0.0,0.0,0.0,0.0,0.703125,6.58145,0.00674,0.13537,Nothing,seated
3.44522,260,0.00364321,-0.14266,0.0,0.0,0.0,0.0,0.0,0.0,0.0,0.0,0.878906,9.80904,0.00674,0.13537,Nothing,seated
3.45612,261,0.00306815,-0.138633,0.0,0.0,0.0,0.0,0.0,0.0,0.0,0.0,0.878906,9.85098,0.00674,0.13537,Nothing,seated
3.47045,262,0.00249308,-0.137675,0.0,0.0,0.0,0.0,0.0,0.0,0.0,0.0,1.05469,9.19088,0.00674,0.13537,Nothing,seated
3.48371,263,0.00191754,-0.136524,0.0,0.0,0.0,0.0,0.0,0.0,0.0,0.0,1.23047,8.75273,0.00674,0.13537,Nothing,seated
3.49377,264,0.00268477,-0.133648,0.0,0.0,0.0,0.0,0.0,0.0,0.0,0.0,1.23047,8.7539,0.00674,0.13537,Nothing,seated
3.50546,265,0.00325983,-0.131539,0.0,0.0,0.0,0.0,0.0,0.0,0.0,0.0,1.40625,8.75494,0.00674,0.13537,Nothing,seated
3.51583,266,0.00287646,-0.129046,0.0,0.0,0.0,0.0,0.0,0.0,0.0,0.0,1.40625,8.83146,0.00674,0.13537,Nothing,seated
3.52633,267,0.00210923,-0.126745,0.0,0.0,0.0,0.0,0.0,0.0,0.0,0.0,1.58203,9.43739,0.00674,0.13537,Nothing,seated
3.5364,268,0.00210923,-0.125403,0.0,0.0,0.0,0.0,0.0,0.0,0.0,0.0,1.75781,10.0088,0.00674,0.13537,Nothing,seated
3.54646,269,0.00249308,-0.124061,0.0,0.0,0.0,0.0,0.0,0.0,0.0,0.0,1.75781,10.0081,0.00674,0.13537,Nothing,seated
3.55653,270,0.00306815,-0.121376,0.0,0.0,0.0,0.0,0.0,0.0,0.0,0.0,1.93359,10.3249,0.00674,0.13537,Nothing,seated
3.56911,271,0.00364321,-0.116774,0.0,0.0,0.0,0.0,0.0,0.0,0.0,0.0,2.10938,13.1958,0.00674,0.13537,Nothing,seated
3.58491,272,0.00249308,-0.114282,0.0,0.0,0.0,0.0,0.0,0.0,0.0,0.0,2.28516,12.0028,0.00674,0.13537,Nothing,seated
3.59883,273,0.00210923,-0.111214,0.0,0.0,0.0,0.0,0.0,0.0,0.0,0.0,2.46094,11.2628,0.00674,0.13537,Nothing,seated
3.61038,274,0.00210923,-0.108913,0.0,0.0,0.0,0.0,0.0,0.0,0.0,0.0,2.46094,10.9997,0.00674,0.13537,Nothing,seated
3.62183,275,0.00383538,-0.106804,0.0,0.0,0.0,0.0,0.0,0.0,0.0,0.0,2.63672,10.7682,0.00674,0.13537,Nothing,seated
3.63383,276,0.00402706,-0.104695,0.0,0.0,0.0,0.0,0.0,0.0,0.0,0.0,2.8125,10.8644,0.00674,0.13537,Nothing,seated
3.64633,277,0.00364321,-0.102968,0.0,0.0,0.0,0.0,0.0,0.0,0.0,0.0,2.98828,11.4476,0.00674,0.13537,Nothing,seated
3.65896,278,0.00325983,-0.101818,0.0,0.0,0.0,0.0,0.0,0.0,0.0,0.0,3.16406,11.6926,0.00674,0.13537,Nothing,seated
3.67145,279,0.00345152,-0.0999004,0.0,0.0,0.0,0.0,0.0,0.0,0.0,0.0,3.16406,11.5133,0.00674,0.13537,Nothing,seated
3.68311,280,0.00479382,-0.0985586,0.0,0.0,0.0,0.0,0.0,0.0,0.0,0.0,3.33984,11.4736,0.00674,0.13537,Nothing,seated
3.69423,281,0.00594443,-0.0970246,0.0,0.0,0.0,0.0,0.0,0.0,0.0,0.0,3.51562,11.6425,0.00674,0.13537,Nothing,seated
3.70436,282,0.00651949,-0.0952985,0.0,0.0,0.0,0.0,0.0,0.0,0.0,0.0,3.51562,9.08868,0.00674,0.13537,Nothing,seated
3.71445,283,0.0063278,-0.0947234,0.0,0.0,0.0,0.0,0.0,0.0,0.0,0.0,3.69141,9.5036,0.00674,0.13537,Nothing,seated
3.72451,284,0.00613612,-0.0945317,0.0,0.0,0.0,0.0,0.0,0.0,0.0,0.0,3.86719,13.2517,0.00674,0.13537,Nothing,seated
3.73455,285,0.00613612,-0.0931894,0.0,0.0,0.0,0.0,0.0,0.0,0.0,0.0,3.86719,10.2508,0.00674,0.13537,Nothing,seated
3.74462,286,0.00690335,-0.091272,0.0,0.0,0.0,0.0,0.0,0.0,0.0,0.0,4.04297,10.4636,0.00674,0.13537,Nothing,seated
3.75522,287,0.0076701,-0.0897381,0.0,0.0,0.0,0.0,0.0,0.0,0.0,0.0,4.21875,13.823,0.00674,0.13537,Nothing,seated
3.76547,288,0.0076701,-0.0887791,0.0,0.0,0.0,0.0,0.0,0.0,0.0,0.0,4.21875,10.3368,0.00674,0.13537,Nothing,seated
3.77612,289,0.00709503,-0.0880124,0.0,0.0,0.0,0.0,0.0,0.0,0.0,0.0,4.39453,10.2184,0.00674,0.13537,Nothing,seated
3.78883,290,0.00728672,-0.0870535,0.0,0.0,0.0,0.0,0.0,0.0,0.0,0.0,4.57031,12.9539,0.00674,0.13537,Nothing,seated
3.80233,291,0.00786179,-0.0853278,0.0,0.0,0.0,0.0,0.0,0.0,0.0,0.0,4.74609,12.1842,0.00674,0.13537,Nothing,seated
3.81411,292,0.0090124,-0.0841772,0.0,0.0,0.0,0.0,0.0,0.0,0.0,0.0,4.74609,8.95504,0.00674,0.13537,Nothing,seated
3.82583,293,0.00824517,-0.0834104,0.0,0.0,0.0,0.0,0.0,0.0,0.0,0.0,4.92188,11.6471,0.00674,0.13537,Nothing,seated
3.83883,294,0.0076701,-0.0839855,0.0,0.0,0.0,0.0,0.0,0.0,0.0,0.0,5.09766,11.2118,0.00674,0.13537,Nothing,seated
3.85091,295,0.00728672,-0.0839855,0.0,0.0,0.0,0.0,0.0,0.0,0.0,0.0,5.27344,11.3263,0.00674,0.13537,Nothing,seated
3.86245,296,0.00747841,-0.0830271,0.0,0.0,0.0,0.0,0.0,0.0,0.0,0.0,5.44922,11.695,0.00674,0.13537,Nothing,seated
3.87633,297,0.0090124,-0.0822598,0.0,0.0,0.0,0.0,0.0,0.0,0.0,0.0,5.625,14.1253,0.00674,0.13537,Nothing,seated
3.88921,298,0.00882071,-0.0809175,0.0,0.0,0.0,0.0,0.0,0.0,0.0,0.0,5.625,11.0945,0.00674,0.13537,Nothing,seated
3.90133,299,0.00843733,-0.0814931,0.0,0.0,0.0,0.0,0.0,0.0,0.0,0.0,5.80078,11.2506,0.00674,0.13537,Nothing,seated
3.91359,300,0.00690335,-0.0816848,0.0,0.0,0.0,0.0,0.0,0.0,0.0,0.0,5.97656,11.2181,0.00674,0.13537,Nothing,seated
3.92421,301,0.00709503,-0.0807258,0.0,0.0,0.0,0.0,0.0,0.0,0.0,0.0,5.97656,8.539,0.00674,0.13537,Nothing,seated
3.93421,302,0.00690335,-0.0799591,0.0,0.0,0.0,0.0,0.0,0.0,0.0,0.0,6.15234,9.11066,0.00674,0.13537,Nothing,seated
3.94434,303,0.00651949,-0.0795752,0.0,0.0,0.0,0.0,0.0,0.0,0.0,0.0,6.32812,12.7546,0.00674,0.13537,Nothing,seated
3.95483,304,0.00556105,-0.0788085,0.0,0.0,0.0,0.0,0.0,0.0,0.0,0.0,6.32812,9.85686,0.00674,0.13537,Nothing,seated
3.96611,305,0.00441044,-0.0795752,0.0,0.0,0.0,0.0,0.0,0.0,0.0,0.0,6.50391,10.041,0.00674,0.13537,Nothing,seated
3.97921,306,0.00345152,-0.0803425,0.0,0.0,0.0,0.0,0.0,0.0,0.0,0.0,6.67969,12.7843,0.00674,0.13537,Nothing,seated
3.99039,307,0.00345152,-0.0797669,0.0,0.0,0.0,0.0,0.0,0.0,0.0,0.0,6.67969,9.38752,0.00674,0.13537,Nothing,seated
4.00133,308,0.00325983,-0.0795752,0.0,0.0,0.0,0.0,0.0,0.0,0.0,0.0,6.85547,9.25313,0.00674,0.13537,Nothing,seated
4.01246,309,0.00287646,-0.0788085,0.0,0.0,0.0,0.0,0.0,0.0,0.0,0.0,6.85547,9.15099,0.00674,0.13537,Nothing,seated
4.02259,310,0.00210923,-0.0780412,0.0,0.0,0.0,0.0,0.0,0.0,0.0,0.0,7.03125,9.33601,0.00674,0.13537,Nothing,seated
4.03266,311,0.00115078,-0.0795752,0.0,0.0,0.0,0.0,0.0,0.0,0.0,0.0,7.03125,6.57743,0.00674,0.13537,Nothing,seated
4.04771,312,0.000383552,-0.0791919,0.0,0.0,0.0,0.0,0.0,0.0,0.0,0.0,7.20703,9.19986,0.00674,0.13537,Nothing,seated
4.05912,313,0.000191863,-0.0791919,0.0,0.0,0.0,0.0,0.0,0.0,0.0,0.0,7.20703,6.08344,0.00674,0.13537,Nothing,seated
4.07039,314,-0.000383202,-0.0784251,0.0,0.0,0.0,0.0,0.0,0.0,0.0,0.0,7.38281,9.1023,0.00674,0.13537,Nothing,seated
4.08286,315,-0.000958268,-0.0786168,0.0,0.0,0.0,0.0,0.0,0.0,0.0,0.0,7.38281,5.83351,0.00674,0.13537,Nothing,seated
4.09533,316,-0.00230056,-0.0790002,0.0,0.0,0.0,0.0,0.0,0.0,0.0,0.0,7.38281,5.60983,0.00674,0.13537,Nothing,seated
4.10634,317,-0.0030678,-0.0790002,0.0,0.0,0.0,0.0,0.0,0.0,0.0,0.0,7.55859,5.99668,0.00674,0.13537,Nothing,seated
4.1164,318,-0.00325948,-0.0790002,0.0,0.0,0.0,0.0,0.0,0.0,0.0,0.0,7.55859,6.13722,0.00674,0.13537,Nothing,seated
4.12745,319,-0.00345117,-0.0782329,0.0,0.0,0.0,0.0,0.0,0.0,0.0,0.0,7.55859,3.08069,0.00674,0.13537,Nothing,seated
4.13833,320,-0.00383455,-0.0776579,0.0,0.0,0.0,0.0,0.0,0.0,0.0,0.0,7.73438,6.33767,0.00674,0.13537,Nothing,seated
4.14859,321,-0.00498516,-0.0782329,0.0,0.0,0.0,0.0,0.0,0.0,0.0,0.0,7.73438,6.60054,0.00674,0.13537,Nothing,seated
4.15964,322,-0.00594408,-0.0788085,0.0,0.0,0.0,0.0,0.0,0.0,0.0,0.0,7.73438,3.2976,0.00674,0.13537,Nothing,seated
4.16991,323,-0.00594408,-0.0793835,0.0,0.0,0.0,0.0,0.0,0.0,0.0,0.0,7.73438,3.28506,0.00674,0.13537,Nothing,seated
4.18559,324,-0.00536853,-0.0786168,0.0,0.0,0.0,0.0,0.0,0.0,0.0,0.0,7.91016,6.04734,0.00674,0.13537,Nothing,seated
4.19712,325,-0.00536853,-0.0776579,0.0,0.0,0.0,0.0,0.0,0.0,0.0,0.0,7.91016,2.99018,0.00674,0.13537,Nothing,seated
4.20796,326,-0.00613577,-0.0772745,0.0,0.0,0.0,0.0,0.0,0.0,0.0,0.0,7.91016,2.96087,0.00674,0.13537,Nothing,seated
4.21833,327,-0.00690252,-0.0774662,0.0,0.0,0.0,0.0,0.0,0.0,0.0,0.0,7.91016,2.99525,0.00674,0.13537,Nothing,seated
4.2284,328,-0.00709421,-0.0772745,0.0,0.0,0.0,0.0,0.0,0.0,0.0,0.0,8.08594,6.01115,0.00674,0.13537,Nothing,seated
4.24123,329,-0.00709421,-0.0765073,0.0,0.0,0.0,0.0,0.0,0.0,0.0,0.0,8.08594,3.15937,0.00674,0.13537,Nothing,seated
4.25233,330,-0.00671083,-0.0757405,0.0,0.0,0.0,0.0,0.0,0.0,0.0,0.0,8.08594,3.18357,0.00674,0.13537,Nothing,seated
4.26529,331,-0.00671083,-0.0755488,0.0,0.0,0.0,0.0,0.0,0.0,0.0,0.0,8.08594,3.06614,0.00674,0.13537,Nothing,seated
4.27821,332,-0.00671083,-0.0759322,0.0,0.0,0.0,0.0,0.0,0.0,0.0,0.0,8.08594,2.93556,0.00674,0.13537,Nothing,seated
4.29091,333,-0.00632745,-0.0757405,0.0,0.0,0.0,0.0,0.0,0.0,0.0,0.0,8.08594,0.0,0.00674,0.13537,Nothing,seated
4.30421,334,-0.00498516,-0.0749733,0.0,0.0,0.0,0.0,0.0,0.0,0.0,0.0,8.26172,2.79072,0.00674,0.13537,Nothing,seated
4.31591,335,-0.00498516,-0.0740148,0.0,0.0,0.0,0.0,0.0,0.0,0.0,0.0,8.26172,2.76476,0.00674,0.13537,Nothing,seated
4.32683,336,-0.00517685,-0.0732476,0.0,0.0,0.0,0.0,0.0,0.0,0.0,0.0,8.26172,2.85652,0.00674,0.13537,Nothing,seated
4.33833,337,-0.00517685,-0.0734393,0.0,0.0,0.0,0.0,0.0,0.0,0.0,0.0,8.26172,2.92363,0.00674,0.13537,Nothing,seated
4.35072,338,-0.00460178,-0.0730559,0.0,0.0,0.0,0.0,0.0,0.0,0.0,0.0,8.4375,5.87804,0.00674,0.13537,Nothing,seated
4.36233,339,-0.00364286,-0.0722892,0.0,0.0,0.0,0.0,0.0,0.0,0.0,0.0,8.4375,3.0245,0.00674,0.13537,Nothing,seated
4.3734,340,-0.0030678,-0.0713302,0.0,0.0,0.0,0.0,0.0,0.0,0.0,0.0,8.4375,3.05772,0.00674,0.13537,Nothing,seated
4.38383,341,-0.00287611,-0.0696046,0.0,0.0,0.0,0.0,0.0,0.0,0.0,0.0,8.4375,3.08389,0.00674,0.13537,Nothing,seated
4.39522,342,-0.0030678,-0.0697963,0.0,0.0,0.0,0.0,0.0,0.0,0.0,0.0,8.4375,3.08979,0.00674,0.13537,Nothing,seated
4.40634,343,-0.00345117,-0.0697963,0.0,0.0,0.0,0.0,0.0,0.0,0.0,0.0,8.4375,0.0,0.00674,0.13537,Nothing,seated
4.41823,344,-0.00230056,-0.0696046,0.0,0.0,0.0,0.0,0.0,0.0,0.0,0.0,8.4375,0.0,0.00674,0.13537,Nothing,seated
4.42896,345,-0.00153381,-0.0690295,0.0,0.0,0.0,0.0,0.0,0.0,0.0,0.0,8.61328,3.16374,0.00674,0.13537,Nothing,seated
4.43903,346,-0.00115043,-0.0678789,0.0,0.0,0.0,0.0,0.0,0.0,0.0,0.0,8.61328,3.18422,0.00674,0.13537,Nothing,seated
4.44911,347,-0.000958268,-0.0671117,0.0,0.0,0.0,0.0,0.0,0.0,0.0,0.0,8.61328,3.26204,0.00674,0.13537,Nothing,seated
4.45933,348,-0.000766579,-0.0661532,0.0,0.0,0.0,0.0,0.0,0.0,0.0,0.0,8.61328,3.31681,0.00674,0.13537,Nothing,seated
4.46978,349,-0.000191514,-0.0650026,0.0,0.0,0.0,0.0,0.0,0.0,0.0,0.0,8.61328,3.40967,0.00674,0.13537,Nothing,seated
4.48133,350,0.000191863,-0.0625097,0.0,0.0,0.0,0.0,0.0,0.0,0.0,0.0,8.61328,0.0,0.00674,0.13537,Nothing,seated
4.49433,351,0.000575717,-0.0615513,0.0,0.0,0.0,0.0,0.0,0.0,0.0,0.0,8.61328,0.0,0.00674,0.13537,Nothing,seated
4.50759,352,0.000383552,-0.0604007,0.0,0.0,0.0,0.0,0.0,0.0,0.0,0.0,8.78906,3.00593,0.00674,0.13537,Nothing,seated
4.51833,353,0.000575717,-0.0596334,0.0,0.0,0.0,0.0,0.0,0.0,0.0,0.0,8.78906,2.97949,0.00674,0.13537,Nothing,seated
4.52846,354,0.000959094,-0.0590584,0.0,0.0,0.0,0.0,0.0,0.0,0.0,0.0,8.78906,2.99564,0.00674,0.13537,Nothing,seated
4.53853,355,0.00172585,-0.0579078,0.0,0.0,0.0,0.0,0.0,0.0,0.0,0.0,8.78906,3.07336,0.00674,0.13537,Nothing,seated
4.54855,356,0.00230139,-0.057141,0.0,0.0,0.0,0.0,0.0,0.0,0.0,0.0,8.78906,3.24196,0.00674,0.13537,Nothing,seated
4.55872,357,0.00230139,-0.0567576,0.0,0.0,0.0,0.0,0.0,0.0,0.0,0.0,8.78906,0.0,0.00674,0.13537,Nothing,seated
4.57019,358,0.00191754,-0.0563738,0.0,0.0,0.0,0.0,0.0,0.0,0.0,0.0,8.78906,0.0,0.00674,0.13537,Nothing,seated
4.58446,359,0.00191754,-0.0561821,0.0,0.0,0.0,0.0,0.0,0.0,0.0,0.0,8.78906,0.0,0.00674,0.13537,Nothing,seated
4.59834,360,0.00306815,-0.0554153,0.0,0.0,0.0,0.0,0.0,0.0,0.0,0.0,8.78906,0.0,0.00674,0.13537,Nothing,seated
4.61133,361,0.00364321,-0.054073,0.0,0.0,0.0,0.0,0.0,0.0,0.0,0.0,8.78906,0.0,0.00674,0.13537,Nothing,seated
4.62283,362,0.00345152,-0.0536897,0.0,0.0,0.0,0.0,0.0,0.0,0.0,0.0,8.78906,0.0,0.00674,0.13537,Nothing,seated
4.63483,363,0.00306815,-0.0534975,0.0,0.0,0.0,0.0,0.0,0.0,0.0,0.0,8.78906,0.0,0.00674,0.13537,Nothing,seated
4.64683,364,0.00325983,-0.0534975,0.0,0.0,0.0,0.0,0.0,0.0,0.0,0.0,8.78906,0.0,0.00674,0.13537,Nothing,seated
4.65846,365,0.00402706,-0.052539,0.0,0.0,0.0,0.0,0.0,0.0,0.0,0.0,8.96484,2.92403,0.00674,0.13537,Nothing,seated
4.66853,366,0.00441044,-0.0513884,0.0,0.0,0.0,0.0,0.0,0.0,0.0,0.0,8.96484,3.07332,0.00674,0.13537,Nothing,seated
4.67912,367,0.00460213,-0.0502378,0.0,0.0,0.0,0.0,0.0,0.0,0.0,0.0,8.96484,3.12313,0.00674,0.13537,Nothing,seated
4.69112,368,0.00479382,-0.0488955,0.0,0.0,0.0,0.0,0.0,0.0,0.0,0.0,8.96484,3.12281,0.00674,0.13537,Nothing,seated
4.70233,369,0.00460213,-0.0479371,0.0,0.0,0.0,0.0,0.0,0.0,0.0,0.0,8.96484,3.16712,0.00674,0.13537,Nothing,seated
4.71546,370,0.00479382,-0.0460197,0.0,0.0,0.0,0.0,0.0,0.0,0.0,0.0,8.96484,0.0,0.00674,0.13537,Nothing,seated
4.72634,371,0.00460213,-0.0450608,0.0,0.0,0.0,0.0,0.0,0.0,0.0,0.0,9.14062,3.04071,0.00674,0.13537,Nothing,seated
4.73772,372,0.00441044,-0.0444857,0.0,0.0,0.0,0.0,0.0,0.0,0.0,0.0,9.14062,2.99954,0.00674,0.13537,Nothing,seated
4.74911,373,0.00441044,-0.0441019,0.0,0.0,0.0,0.0,0.0,0.0,0.0,0.0,9.14062,3.03094,0.00674,0.13537,Nothing,seated
4.76221,374,0.00460213,-0.0437185,0.0,0.0,0.0,0.0,0.0,0.0,0.0,0.0,9.14062,2.9356,0.00674,0.13537,Nothing,seated
4.77412,375,0.00498551,-0.0437185,0.0,0.0,0.0,0.0,0.0,0.0,0.0,0.0,9.14062,2.99665,0.00674,0.13537,Nothing,seated
4.78533,376,0.00498551,-0.0441019,0.0,0.0,0.0,0.0,0.0,0.0,0.0,0.0,9.14062,0.0,0.00674,0.13537,Nothing,seated
4.79811,377,0.00460213,-0.0441019,0.0,0.0,0.0,0.0,0.0,0.0,0.0,0.0,9.14062,0.0,0.00674,0.13537,Nothing,seated
4.81221,378,0.00421875,-0.0441019,0.0,0.0,0.0,0.0,0.0,0.0,0.0,0.0,9.14062,0.0,0.00674,0.13537,Nothing,seated
4.82634,379,0.00402706,-0.0534975,0.0,0.0,0.0,0.0,0.0,0.0,0.0,0.0,9.14062,0.0,0.00674,0.13537,Nothing,seated
4.83922,380,-0.0116962,-0.0467865,0.0,0.0,0.0,0.0,0.0,0.0,0.0,0.0,9.14062,0.0,0.00674,0.13537,Nothing,seated
4.85171,381,-0.0116962,-0.0465948,0.0,0.0,0.0,0.0,0.0,0.0,0.0,0.0,9.14062,0.0,0.00674,0.13537,Nothing,seated
4.8624,382,-0.0116962,-0.0462114,0.0,0.0,0.0,0.0,0.0,0.0,0.0,0.0,9.14062,0.0,0.00674,0.13537,Nothing,seated
4.87271,383,-0.01208,-0.0454442,0.0,0.0,0.0,0.0,0.0,0.0,0.0,0.0,9.14062,0.0,0.00674,0.13537,Nothing,seated
4.88296,384,-0.0122717,-0.0442941,0.0,0.0,0.0,0.0,0.0,0.0,0.0,0.0,9.31641,3.10462,0.00674,0.13537,Nothing,seated
4.89492,385,-0.0122717,-0.0437185,0.0,0.0,0.0,0.0,0.0,0.0,0.0,0.0,9.31641,3.15608,0.00674,0.13537,Nothing,seated
4.90812,386,-0.01208,-0.0433351,0.0,0.0,0.0,0.0,0.0,0.0,0.0,0.0,9.31641,3.11609,0.00674,0.13537,Nothing,seated
4.92329,387,-0.01208,-0.0431434,0.0,0.0,0.0,0.0,0.0,0.0,0.0,0.0,9.31641,2.8869,0.00674,0.13537,Nothing,seated
4.93471,388,-0.0122717,-0.0429518,0.0,0.0,0.0,0.0,0.0,0.0,0.0,0.0,9.31641,2.83522,0.00674,0.13537,Nothing,seated
4.94659,389,-0.013614,-0.0437185,0.0,0.0,0.0,0.0,0.0,0.0,0.0,0.0,9.31641,0.0,0.00674,0.13537,Nothing,seated
4.95833,390,-0.013614,-0.0418012,0.0,0.0,0.0,0.0,0.0,0.0,0.0,0.0,9.31641,0.0,0.00674,0.13537,Nothing,seated
4.96908,391,-0.013614,-0.0418012,0.0,0.0,0.0,0.0,0.0,0.0,0.0,0.0,9.31641,0.0,0.00674,0.13537,Nothing,seated
4.97922,392,-0.0145724,-0.0379659,0.0,0.0,0.0,0.0,0.0,0.0,0.0,0.0,9.31641,0.0,0.00674,0.13537,Nothing,seated
4.98929,393,-0.0145724,-0.0360486,0.0,0.0,0.0,0.0,0.0,0.0,0.0,0.0,9.31641,0.0,0.00674,0.13537,Nothing,seated
5.00433,394,-0.0126551,-0.0360486,0.0,0.0,0.0,0.0,0.0,0.0,0.0,0.0,9.31641,0.0,0.00674,0.13537,Nothing,seated
5.01833,395,-0.00671083,-0.0360486,0.0,0.0,0.0,0.0,0.0,0.0,0.0,0.0,9.31641,0.0,0.00674,0.13537,Nothing,seated
5.03071,396,-0.00671083,-0.0301043,0.0,0.0,0.0,0.0,0.0,0.0,0.0,0.0,9.31641,0.0,0.00674,0.13537,Nothing,seated
5.04283,397,-0.00651914,-0.029721,0.0,0.0,0.0,0.0,0.0,0.0,0.0,0.0,9.31641,0.0,0.00674,0.13537,Nothing,seated
5.05446,398,-0.00383455,-0.0360486,0.0,0.0,0.0,0.0,0.0,0.0,0.0,0.0,9.31641,0.0,0.00674,0.13537,Nothing,seated
5.06592,399,-0.00671083,-0.0398838,0.0,0.0,0.0,0.0,0.0,0.0,0.0,0.0,9.31641,0.0,0.00674,0.13537,Nothing,seated
5.07946,400,-0.00575239,-0.0398838,0.0,0.0,0.0,0.0,0.0,0.0,0.0,0.0,9.31641,0.0,0.00674,0.13537,Nothing,seated
5.09059,401,-0.00575239,-0.0339395,0.0,0.0,0.0,0.0,0.0,0.0,0.0,0.0,9.31641,0.0,0.00674,0.13537,Nothing,seated
5.10791,402,-0.000958268,-0.0320222,0.0,0.0,0.0,0.0,0.0,0.0,0.0,0.0,9.31641,0.0,0.00674,0.13537,Nothing,seated
5.12083,403,0.00210923,-0.034898,0.0,0.0,0.0,0.0,0.0,0.0,0.0,0.0,9.31641,0.0,0.00674,0.13537,Nothing,seated
5.13271,404,0.00210923,-0.034898,0.0,0.0,0.0,0.0,0.0,0.0,0.0,0.0,9.31641,0.0,0.00674,0.13537,Nothing,seated
5.14433,405,0.00210923,-0.0339395,0.0,0.0,0.0,0.0,0.0,0.0,0.0,0.0,9.31641,0.0,0.00674,0.13537,Nothing,seated
5.15821,406,-0.00479347,-0.0339395,0.0,0.0,0.0,0.0,0.0,0.0,0.0,0.0,9.49219,2.59954,0.00674,0.13537,Nothing,seated
5.16992,407,-0.00575239,-0.0310633,0.0,0.0,0.0,0.0,0.0,0.0,0.0,0.0,9.49219,2.83491,0.00674,0.13537,Nothing,seated
5.18233,408,-0.00575239,-0.028187,0.0,0.0,0.0,0.0,0.0,0.0,0.0,0.0,9.49219,2.85828,0.00674,0.13537,Nothing,seated
5.19933,409,1.74846e-07,-0.028187,0.0,0.0,0.0,0.0,0.0,0.0,0.0,0.0,9.49219,2.63858,0.00674,0.13537,Nothing,seated
5.21092,410,-0.000958268,-0.0339395,0.0,0.0,0.0,0.0,0.0,0.0,0.0,0.0,9.49219,2.6401,0.00674,0.13537,Nothing,seated
5.22283,411,-0.000958268,-0.0339395,0.0,0.0,0.0,0.0,0.0,0.0,0.0,0.0,9.49219,0.0,0.00674,0.13537,Nothing,seated
5.23492,412,0.00210923,-0.0339395,0.0,0.0,0.0,0.0,0.0,0.0,0.0,0.0,9.49219,0.0,0.00674,0.13537,Nothing,seated
5.24683,413,-0.000958268,-0.0310633,0.0,0.0,0.0,0.0,0.0,0.0,0.0,0.0,9.49219,0.0,0.00674,0.13537,Nothing,seated
5.25891,414,-0.000958268,-0.0310633,0.0,0.0,0.0,0.0,0.0,0.0,0.0,0.0,9.49219,0.0,0.00674,0.13537,Nothing,seated
5.2736,415,-0.00479347,-0.0212843,0.0,0.0,0.0,0.0,0.0,0.0,0.0,0.0,9.49219,0.0,0.00674,0.13537,Nothing,seated
5.29011,416,1.74846e-07,-0.0241606,0.0,0.0,0.0,0.0,0.0,0.0,0.0,0.0,9.49219,0.0,0.00674,0.13537,Nothing,seated
5.30709,417,0.00402706,-0.0329806,0.0,0.0,0.0,0.0,0.0,0.0,0.0,0.0,9.49219,0.0,0.00674,0.13537,Nothing,seated
5.3196,418,0.00402706,-0.0329806,0.0,0.0,0.0,0.0,0.0,0.0,0.0,0.0,9.49219,0.0,0.00674,0.13537,Nothing,seated
5.33346,419,0.00210923,-0.0320222,0.0,0.0,0.0,0.0,0.0,0.0,0.0,0.0,9.66797,2.35809,0.00674,0.13537,Nothing,seated
5.34523,420,0.00210923,-0.028187,0.0,0.0,0.0,0.0,0.0,0.0,0.0,0.0,9.66797,2.45409,0.00674,0.13537,Nothing,seated
5.35933,421,-0.00191719,-0.0272281,0.0,0.0,0.0,0.0,0.0,0.0,0.0,0.0,9.66797,2.53935,0.00674,0.13537,Nothing,seated
5.37912,422,0.00115078,-0.0272281,0.0,0.0,0.0,0.0,0.0,0.0,0.0,0.0,9.66797,2.44052,0.00674,0.13537,Nothing,seated
5.39359,423,0.00115078,-0.0301043,0.0,0.0,0.0,0.0,0.0,0.0,0.0,0.0,9.66797,2.37571,0.00674,0.13537,Nothing,seated
5.41883,424,-0.00191719,-0.0301043,0.0,0.0,0.0,0.0,0.0,0.0,0.0,0.0,9.66797,0.0,0.00674,0.13537,Nothing,seated
5.43967,425,1.74846e-07,-0.0320222,0.0,0.0,0.0,0.0,0.0,0.0,0.0,0.0,9.66797,0.0,0.00674,0.13537,Nothing,seated
5.45883,426,0.00786179,-0.0272281,0.0,0.0,0.0,0.0,0.0,0.0,0.0,0.0,9.66797,0.0,0.00674,0.13537,Nothing,seated
5.4796,427,0.00690335,-0.0272281,0.0,0.0,0.0,0.0,0.0,0.0,0.0,0.0,9.84375,1.74945,0.00674,0.13537,Nothing,seated
5.49346,428,0.00306815,-0.0272281,0.0,0.0,0.0,0.0,0.0,0.0,0.0,0.0,9.84375,1.76017,0.00674,0.13537,Nothing,seated
5.51521,429,0.00306815,-0.0360486,0.0,0.0,0.0,0.0,0.0,0.0,0.0,0.0,9.84375,1.82387,0.00674,0.13537,Nothing,seated
5.52796,430,0.00306815,-0.0310633,0.0,0.0,0.0,0.0,0.0,0.0,0.0,0.0,9.84375,1.99095,0.00674,0.13537,Nothing,seated
5.53989,431,0.00306815,-0.0310633,0.0,0.0,0.0,0.0,0.0,0.0,0.0,0.0,9.84375,2.16863,0.00674,0.13537,Nothing,seated
5.55149,432,0.00402706,-0.0291459,0.0,0.0,0.0,0.0,0.0,0.0,0.0,0.0,9.84375,0.0,0.00674,0.13537,Nothing,seated
5.56184,433,0.00402706,-0.0291459,0.0,0.0,0.0,0.0,0.0,0.0,0.0,0.0,9.84375,0.0,0.00674,0.13537,Nothing,seated
5.57383,434,0.00210923,-0.028187,0.0,0.0,0.0,0.0,0.0,0.0,0.0,0.0,9.84375,0.0,0.00674,0.13537,Nothing,seated
5.58675,435,1.74846e-07,-0.028187,0.0,0.0,0.0,0.0,0.0,0.0,0.0,0.0,9.84375,0.0,0.00674,0.13537,Nothing,seated
5.60134,436,1.74846e-07,-0.0301043,0.0,0.0,0.0,0.0,0.0,0.0,0.0,0.0,9.84375,0.0,0.00674,0.13537,Nothing,seated
5.61359,437,1.74846e-07,-0.0301043,0.0,0.0,0.0,0.0,0.0,0.0,0.0,0.0,9.84375,0.0,0.00674,0.13537,Nothing,seated
5.62439,438,1.74846e-07,-0.0339395,0.0,0.0,0.0,0.0,0.0,0.0,0.0,0.0,10.0195,2.81013,0.00674,0.13537,Nothing,seated
5.63946,439,-0.00287611,-0.0329806,0.0,0.0,0.0,0.0,0.0,0.0,0.0,0.0,10.0195,2.67837,0.00674,0.13537,Nothing,seated
5.65211,440,-0.00287611,-0.0329806,0.0,0.0,0.0,0.0,0.0,0.0,0.0,0.0,10.0195,2.68922,0.00674,0.13537,Nothing,seated
5.66384,441,-0.00287611,-0.0320222,0.0,0.0,0.0,0.0,0.0,0.0,0.0,0.0,10.0195,2.81246,0.00674,0.13537,Nothing,seated
5.67562,442,-0.00287611,-0.0329806,0.0,0.0,0.0,0.0,0.0,0.0,0.0,0.0,10.0195,2.83405,0.00674,0.13537,Nothing,seated
5.68643,443,-0.00383455,-0.0329806,0.0,0.0,0.0,0.0,0.0,0.0,0.0,0.0,10.0195,0.0,0.00674,0.13537,Nothing,seated
5.6965,444,-0.00383455,-0.0329806,0.0,0.0,0.0,0.0,0.0,0.0,0.0,0.0,10.0195,0.0,0.00674,0.13537,Nothing,seated
5.70655,445,-0.00191719,-0.0370075,0.0,0.0,0.0,0.0,0.0,0.0,0.0,0.0,10.0195,0.0,0.00674,0.13537,Nothing,seated
5.72147,446,-0.00766975,-0.0379659,0.0,0.0,0.0,0.0,0.0,0.0,0.0,0.0,10.0195,0.0,0.00674,0.13537,Nothing,seated
5.73446,447,-0.00766975,-0.0379659,0.0,0.0,0.0,0.0,0.0,0.0,0.0,0.0,10.0195,0.0,0.00674,0.13537,Nothing,seated
5.74846,448,-0.00862819,-0.0370075,0.0,0.0,0.0,0.0,0.0,0.0,0.0,0.0,10.0195,0.0,0.00674,0.13537,Nothing,seated
5.75984,449,-0.00862819,-0.0339395,0.0,0.0,0.0,0.0,0.0,0.0,0.0,0.0,10.0195,0.0,0.00674,0.13537,Nothing,seated
5.77123,450,-0.0107377,-0.0339395,0.0,0.0,0.0,0.0,0.0,0.0,0.0,0.0,10.0195,0.0,0.00674,0.13537,Nothing,seated
5.78259,451,-0.00766975,-0.0379659,0.0,0.0,0.0,0.0,0.0,0.0,0.0,0.0,10.0195,0.0,0.00674,0.13537,Nothing,seated
5.79522,452,-0.00766975,-0.0379659,0.0,0.0,0.0,0.0,0.0,0.0,0.0,0.0,10.0195,0.0,0.00674,0.13537,Nothing,seated
5.80712,453,-0.00766975,-0.034898,0.0,0.0,0.0,0.0,0.0,0.0,0.0,0.0,10.1953,2.99666,0.00674,0.13537,Nothing,seated
5.82533,454,-0.0116962,-0.034898,0.0,0.0,0.0,0.0,0.0,0.0,0.0,0.0,10.1953,2.68377,0.00674,0.13537,Nothing,seated
5.83923,455,-0.0116962,-0.0408422,0.0,0.0,0.0,0.0,0.0,0.0,0.0,0.0,10.1953,2.58498,0.00674,0.13537,Nothing,seated
5.85012,456,-0.0193661,-0.0408422,0.0,0.0,0.0,0.0,0.0,0.0,0.0,0.0,10.1953,2.60304,0.00674,0.13537,Nothing,seated
5.86272,457,-0.0302957,-0.028187,0.0,0.0,0.0,0.0,0.0,0.0,0.0,0.0,10.1953,2.60434,0.00674,0.13537,Nothing,seated
5.87324,458,-0.0302957,-0.028187,0.0,0.0,0.0,0.0,0.0,0.0,0.0,0.0,10.1953,0.0,0.00674,0.13537,Nothing,seated
5.88359,459,-0.0164903,-0.0310633,0.0,0.0,0.0,0.0,0.0,0.0,0.0,0.0,10.1953,0.0,0.00674,0.13537,Nothing,seated
5.89459,460,-0.0164903,-0.0310633,0.0,0.0,0.0,0.0,0.0,0.0,0.0,0.0,10.1953,0.0,0.00674,0.13537,Nothing,seated
5.90684,461,-0.00575239,-0.0427601,0.0,0.0,0.0,0.0,0.0,0.0,0.0,0.0,10.1953,0.0,0.00674,0.13537,Nothing,seated
5.91934,462,-0.0116962,-0.0272281,0.0,0.0,0.0,0.0,0.0,0.0,0.0,0.0,10.1953,0.0,0.00674,0.13537,Nothing,seated
5.93059,463,-0.0116962,-0.0272281,0.0,0.0,0.0,0.0,0.0,0.0,0.0,0.0,10.1953,0.0,0.00674,0.13537,Nothing,seated
5.94533,464,-0.00575239,-0.0370075,0.0,0.0,0.0,0.0,0.0,0.0,0.0,0.0,10.1953,0.0,0.00674,0.13537,Nothing,seated
5.95799,465,-0.00575239,-0.0272281,0.0,0.0,0.0,0.0,0.0,0.0,0.0,0.0,10.1953,0.0,0.00674,0.13537,Nothing,seated
5.96948,466,0.00115078,-0.0272281,0.0,0.0,0.0,0.0,0.0,0.0,0.0,0.0,10.1953,0.0,0.00674,0.13537,Nothing,seated
5.97955,467,0.00115078,-0.028187,0.0,0.0,0.0,0.0,0.0,0.0,0.0,0.0,10.1953,0.0,0.00674,0.13537,Nothing,seated
5.98962,468,-0.00383455,-0.028187,0.0,0.0,0.0,0.0,0.0,0.0,0.0,0.0,10.1953,0.0,0.00674,0.13537,Nothing,seated
6.00459,469,-0.00383455,-0.0339395,0.0,0.0,0.0,0.0,0.0,0.0,0.0,0.0,10.1953,0.0,0.00674,0.13537,Nothing,seated
6.01568,470,-0.00383455,-0.0310633,0.0,0.0,0.0,0.0,0.0,0.0,0.0,0.0,10.1953,0.0,0.00674,0.13537,Nothing,seated
6.02846,471,-0.00383455,-0.0310633,0.0,0.0,0.0,0.0,0.0,0.0,0.0,0.0,10.1953,0.0,0.00674,0.13537,Nothing,seated
6.04109,472,-0.00383455,-0.0308716,0.0,0.0,0.0,0.0,0.0,0.0,0.0,0.0,10.1953,0.0,0.00674,0.13537,Nothing,seated
6.05296,473,-0.00383455,-0.0262696,0.0,0.0,0.0,0.0,0.0,0.0,0.0,0.0,10.1953,0.0,0.00674,0.13537,Nothing,seated
6.06533,474,-0.00383455,-0.0262696,0.0,0.0,0.0,0.0,0.0,0.0,0.0,0.0,10.1953,0.0,0.00674,0.13537,Nothing,seated
6.07608,475,-0.00383455,-0.0203254,0.0,0.0,0.0,0.0,0.0,0.0,0.0,0.0,10.1953,0.0,0.00674,0.13537,Nothing,seated
6.08636,476,-0.00383455,-0.0262696,0.0,0.0,0.0,0.0,0.0,0.0,0.0,0.0,10.1953,0.0,0.00674,0.13537,Nothing,seated
6.09642,477,-0.00383455,-0.0262696,0.0,0.0,0.0,0.0,0.0,0.0,0.0,0.0,10.1953,0.0,0.00674,0.13537,Nothing,seated
6.10649,478,1.74846e-07,-0.0262696,0.0,0.0,0.0,0.0,0.0,0.0,0.0,0.0,10.1953,0.0,0.00674,0.13537,Nothing,seated
6.11655,479,1.74846e-07,-0.0241606,0.0,0.0,0.0,0.0,0.0,0.0,0.0,0.0,10.1953,0.0,0.00674,0.13537,Nothing,seated
6.13083,480,-0.00191719,-0.0291459,0.0,0.0,0.0,0.0,0.0,0.0,0.0,0.0,10.1953,0.0,0.00674,0.13537,Nothing,seated
6.14722,481,-0.000958268,-0.025119,0.0,0.0,0.0,0.0,0.0,0.0,0.0,0.0,10.1953,0.0,0.00674,0.13537,Nothing,seated
6.15923,482,-0.000958268,-0.0262696,0.0,0.0,0.0,0.0,0.0,0.0,0.0,0.0,10.1953,0.0,0.00674,0.13537,Nothing,seated
6.1706,483,-0.00191719,-0.0262696,0.0,0.0,0.0,0.0,0.0,0.0,0.0,0.0,10.1953,0.0,0.00674,0.13537,Nothing,seated
6.18146,484,0.00115078,-0.0262696,0.0,0.0,0.0,0.0,0.0,0.0,0.0,0.0,10.1953,0.0,0.00674,0.13537,Nothing,seated
6.19271,485,0.00115078,-0.0262696,0.0,0.0,0.0,0.0,0.0,0.0,0.0,0.0,10.1953,0.0,0.00674,0.13537,Nothing,seated
6.20293,486,1.74846e-07,-0.028187,0.0,0.0,0.0,0.0,0.0,0.0,0.0,0.0,10.1953,0.0,0.00674,0.13537,Nothing,seated
6.21296,487,1.74846e-07,-0.028187,0.0,0.0,0.0,0.0,0.0,0.0,0.0,0.0,10.1953,0.0,0.00674,0.13537,Nothing,seated
6.22599,488,1.74846e-07,-0.0241606,0.0,0.0,0.0,0.0,0.0,0.0,0.0,0.0,10.1953,0.0,0.00674,0.13537,Nothing,seated
6.24592,489,-0.00191719,-0.0212843,0.0,0.0,0.0,0.0,0.0,0.0,0.0,0.0,10.1953,0.0,0.00674,0.13537,Nothing,seated
6.25912,490,-0.00383455,-0.0212843,0.0,0.0,0.0,0.0,0.0,0.0,0.0,0.0,10.1953,0.0,0.00674,0.13537,Nothing,seated
6.27034,491,0.00306815,-0.0222427,0.0,0.0,0.0,0.0,0.0,0.0,0.0,0.0,10.1953,0.0,0.00674,0.13537,Nothing,seated
6.28297,492,0.00306815,-0.0241606,0.0,0.0,0.0,0.0,0.0,0.0,0.0,0.0,10.1953,0.0,0.00674,0.13537,Nothing,seated
6.29893,493,0.00115078,-0.0241606,0.0,0.0,0.0,0.0,0.0,0.0,0.0,0.0,10.1953,0.0,0.00674,0.13537,Nothing,seated
6.3106,494,-0.00287611,-0.0193664,0.0,0.0,0.0,0.0,0.0,0.0,0.0,0.0,10.1953,0.0,0.00674,0.13537,Nothing,seated
6.32423,495,-0.00287611,-0.0222427,0.0,0.0,0.0,0.0,0.0,0.0,0.0,0.0,10.1953,0.0,0.00674,0.13537,Nothing,seated
6.33996,496,1.74846e-07,-0.0222427,0.0,0.0,0.0,0.0,0.0,0.0,0.0,0.0,10.1953,0.0,0.00674,0.13537,Nothing,seated
6.35293,497,1.74846e-07,-0.0174491,0.0,0.0,0.0,0.0,0.0,0.0,0.0,0.0,10.1953,0.0,0.00674,0.13537,Nothing,seated
6.36846,498,1.74846e-07,-0.0291459,0.0,0.0,0.0,0.0,0.0,0.0,0.0,0.0,10.0195,-2.52789,0.00674,0.13537,Nothing,seated
6.37933,499,0.00115078,-0.0291459,0.0,0.0,0.0,0.0,0.0,0.0,0.0,0.0,10.0195,-2.55719,0.00674,0.13537,Nothing,seated
6.39659,500,-0.00191719,-0.0272281,0.0,0.0,0.0,0.0,0.0,0.0,0.0,0.0,10.0195,-2.42923,0.00674,0.13537,Nothing,seated
6.41222,501,-0.000958268,-0.025119,0.0,0.0,0.0,0.0,0.0,0.0,0.0,0.0,10.0195,-2.43262,0.00674,0.13537,Nothing,seated
6.43333,502,0.00115078,-0.0241606,0.0,0.0,0.0,0.0,0.0,0.0,0.0,0.0,10.0195,-2.18622,0.00674,0.13537,Nothing,seated
6.44683,503,0.00115078,-0.028187,0.0,0.0,0.0,0.0,0.0,0.0,0.0,0.0,10.0195,0.0,0.00674,0.13537,Nothing,seated
6.46346,504,1.74846e-07,-0.028187,0.0,0.0,0.0,0.0,0.0,0.0,0.0,0.0,10.0195,0.0,0.00674,0.13537,Nothing,seated
6.47492,505,1.74846e-07,-0.0320222,0.0,0.0,0.0,0.0,0.0,0.0,0.0,0.0,10.0195,0.0,0.00674,0.13537,Nothing,seated
6.48691,506,1.74846e-07,-0.028187,0.0,0.0,0.0,0.0,0.0,0.0,0.0,0.0,10.0195,0.0,0.00674,0.13537,Nothing,seated
6.50412,507,-0.00287611,-0.028187,0.0,0.0,0.0,0.0,0.0,0.0,0.0,0.0,10.0195,0.0,0.00674,0.13537,Nothing,seated
6.51491,508,-0.00383455,-0.0212843,0.0,0.0,0.0,0.0,0.0,0.0,0.0,0.0,10.0195,0.0,0.00674,0.13537,Nothing,seated
6.52622,509,-0.00383455,-0.025119,0.0,0.0,0.0,0.0,0.0,0.0,0.0,0.0,10.0195,0.0,0.00674,0.13537,Nothing,seated
6.54104,510,-0.00479347,-0.025119,0.0,0.0,0.0,0.0,0.0,0.0,0.0,0.0,10.0195,0.0,0.00674,0.13537,Nothing,seated
6.55562,511,-0.000958268,-0.0272281,0.0,0.0,0.0,0.0,0.0,0.0,0.0,0.0,10.0195,0.0,0.00674,0.13537,Nothing,seated
6.56676,512,-0.000958268,-0.0272281,0.0,0.0,0.0,0.0,0.0,0.0,0.0,0.0,10.0195,0.0,0.00674,0.13537,Nothing,seated
6.57884,513,-0.00383455,-0.0241606,0.0,0.0,0.0,0.0,0.0,0.0,0.0,0.0,10.0195,0.0,0.00674,0.13537,Nothing,seated
6.59046,514,-0.000958268,-0.0241606,0.0,0.0,0.0,0.0,0.0,0.0,0.0,0.0,10.0195,0.0,0.00674,0.13537,Nothing,seated
6.60291,515,-0.000958268,-0.0241606,0.0,0.0,0.0,0.0,0.0,0.0,0.0,0.0,10.0195,0.0,0.00674,0.13537,Nothing,seated
6.61422,516,-0.00383455,-0.0203254,0.0,0.0,0.0,0.0,0.0,0.0,0.0,0.0,10.0195,0.0,0.00674,0.13537,Nothing,seated
6.62434,517,-0.00383455,-0.0203254,0.0,0.0,0.0,0.0,0.0,0.0,0.0,0.0,10.0195,0.0,0.00674,0.13537,Nothing,seated
6.63759,518,-0.00766975,-0.0212843,0.0,0.0,0.0,0.0,0.0,0.0,0.0,0.0,10.0195,0.0,0.00674,0.13537,Nothing,seated
6.64923,519,-0.00575239,-0.0212843,0.0,0.0,0.0,0.0,0.0,0.0,0.0,0.0,10.0195,0.0,0.00674,0.13537,Nothing,seated
6.66247,520,-0.00575239,-0.0222427,0.0,0.0,0.0,0.0,0.0,0.0,0.0,0.0,10.0195,0.0,0.00674,0.13537,Nothing,seated
6.67346,521,-0.00383455,-0.0203254,0.0,0.0,0.0,0.0,0.0,0.0,0.0,0.0,10.0195,0.0,0.00674,0.13537,Nothing,seated
6.68354,522,-0.00383455,-0.0203254,0.0,0.0,0.0,0.0,0.0,0.0,0.0,0.0,10.0195,0.0,0.00674,0.13537,Nothing,seated
6.69361,523,-0.00383455,-0.0203254,0.0,0.0,0.0,0.0,0.0,0.0,0.0,0.0,10.0195,0.0,0.00674,0.13537,Nothing,seated
6.70423,524,-0.00862819,-0.0193664,0.0,0.0,0.0,0.0,0.0,0.0,0.0,0.0,10.0195,0.0,0.00674,0.13537,Nothing,seated
6.71429,525,-0.00862819,-0.0193664,0.0,0.0,0.0,0.0,0.0,0.0,0.0,0.0,10.0195,0.0,0.00674,0.13537,Nothing,seated
6.72734,526,-0.00766975,-0.018408,0.0,0.0,0.0,0.0,0.0,0.0,0.0,0.0,10.0195,0.0,0.00674,0.13537,Nothing,seated
6.73931,527,-0.0097788,-0.0203254,0.0,0.0,0.0,0.0,0.0,0.0,0.0,0.0,10.1953,3.15201,0.00674,0.13537,Nothing,seated
6.75212,528,-0.0097788,-0.0203254,0.0,0.0,0.0,0.0,0.0,0.0,0.0,0.0,10.1953,3.0042,0.00674,0.13537,Nothing,seated
6.76346,529,-0.0097788,-0.025119,0.0,0.0,0.0,0.0,0.0,0.0,0.0,0.0,10.1953,2.96757,0.00674,0.13537,Nothing,seated
6.77423,530,-0.0097788,-0.025119,0.0,0.0,0.0,0.0,0.0,0.0,0.0,0.0,10.1953,2.933,0.00674,0.13537,Nothing,seated
6.78559,531,-0.00766975,-0.0241606,0.0,0.0,0.0,0.0,0.0,0.0,0.0,0.0,10.1953,3.01766,0.00674,0.13537,Nothing,seated
6.81872,532,-0.00862819,-0.0232016,0.0,0.0,0.0,0.0,0.0,0.0,0.0,0.0,10.1953,0.0,0.00674,0.13537,Nothing,seated
6.82909,533,-0.00766975,-0.0222427,0.0,0.0,0.0,0.0,0.0,0.0,0.0,0.0,10.1953,0.0,0.00674,0.13537,Nothing,seated
6.84046,534,-0.00766975,-0.0262696,0.0,0.0,0.0,0.0,0.0,0.0,0.0,0.0,10.1953,0.0,0.00674,0.13537,Nothing,seated
6.85392,535,-0.00671083,-0.0272281,0.0,0.0,0.0,0.0,0.0,0.0,0.0,0.0,10.1953,0.0,0.00674,0.13537,Nothing,seated
6.87146,536,-0.00383455,-0.0272281,0.0,0.0,0.0,0.0,0.0,0.0,0.0,0.0,10.1953,0.0,0.00674,0.13537,Nothing,seated
6.88259,537,-0.00383455,-0.028187,0.0,0.0,0.0,0.0,0.0,0.0,0.0,0.0,10.1953,0.0,0.00674,0.13537,Nothing,seated
6.89266,538,-0.00383455,-0.028187,0.0,0.0,0.0,0.0,0.0,0.0,0.0,0.0,10.1953,0.0,0.00674,0.13537,Nothing,seated
6.90359,539,-0.000958268,-0.0272281,0.0,0.0,0.0,0.0,0.0,0.0,0.0,0.0,10.1953,0.0,0.00674,0.13537,Nothing,seated
6.91898,540,-0.000958268,-0.0301043,0.0,0.0,0.0,0.0,0.0,0.0,0.0,0.0,10.1953,0.0,0.00674,0.13537,Nothing,seated
6.93259,541,-0.000958268,-0.0301043,0.0,0.0,0.0,0.0,0.0,0.0,0.0,0.0,10.1953,0.0,0.00674,0.13537,Nothing,seated
6.94872,542,-0.00191719,-0.0320222,0.0,0.0,0.0,0.0,0.0,0.0,0.0,0.0,10.1953,0.0,0.00674,0.13537,Nothing,seated
6.96134,543,1.74846e-07,-0.0301043,0.0,0.0,0.0,0.0,0.0,0.0,0.0,0.0,10.1953,0.0,0.00674,0.13537,Nothing,seated
6.9744,544,1.74846e-07,-0.0301043,0.0,0.0,0.0,0.0,0.0,0.0,0.0,0.0,10.1953,0.0,0.00674,0.13537,Nothing,seated
6.98597,545,0.00306815,-0.0320222,0.0,0.0,0.0,0.0,0.0,0.0,0.0,0.0,10.1953,0.0,0.00674,0.13537,Nothing,seated
6.99908,546,0.00306815,-0.0291459,0.0,0.0,0.0,0.0,0.0,0.0,0.0,0.0,10.1953,0.0,0.00674,0.13537,Nothing,seated
7.01159,547,-0.000958268,-0.0291459,0.0,0.0,0.0,0.0,0.0,0.0,0.0,0.0,10.1953,0.0,0.00674,0.13537,Nothing,seated
7.02346,548,-0.00287611,-0.0291459,0.0,0.0,0.0,0.0,0.0,0.0,0.0,0.0,10.1953,0.0,0.00674,0.13537,Nothing,seated
7.03595,549,-0.00287611,-0.0320222,0.0,0.0,0.0,0.0,0.0,0.0,0.0,0.0,10.1953,0.0,0.00674,0.13537,Nothing,seated
7.05559,550,-0.000958268,-0.0320222,0.0,0.0,0.0,0.0,0.0,0.0,0.0,0.0,10.1953,0.0,0.00674,0.13537,Nothing,seated
7.06886,551,0.00210923,-0.0301043,0.0,0.0,0.0,0.0,0.0,0.0,0.0,0.0,10.1953,0.0,0.00674,0.13537,Nothing,seated
7.08646,552,-0.00383455,-0.0310633,0.0,0.0,0.0,0.0,0.0,0.0,0.0,0.0,10.1953,0.0,0.00674,0.13537,Nothing,seated
7.10171,553,-0.00383455,-0.0272281,0.0,0.0,0.0,0.0,0.0,0.0,0.0,0.0,10.1953,0.0,0.00674,0.13537,Nothing,seated
7.11646,554,-0.00383455,-0.0272281,0.0,0.0,0.0,0.0,0.0,0.0,0.0,0.0,10.1953,0.0,0.00674,0.13537,Nothing,seated
7.12821,555,-0.00383455,-0.0272281,0.0,0.0,0.0,0.0,0.0,0.0,0.0,0.0,10.1953,0.0,0.00674,0.13537,Nothing,seated
7.13923,556,-0.00383455,-0.0272281,0.0,0.0,0.0,0.0,0.0,0.0,0.0,0.0,10.1953,0.0,0.00674,0.13537,Nothing,seated
7.14991,557,1.74846e-07,-0.0291459,0.0,0.0,0.0,0.0,0.0,0.0,0.0,0.0,10.1953,0.0,0.00674,0.13537,Nothing,seated
7.16322,558,1.74846e-07,-0.0241606,0.0,0.0,0.0,0.0,0.0,0.0,0.0,0.0,10.1953,0.0,0.00674,0.13537,Nothing,seated
7.17472,559,-0.00287611,-0.0241606,0.0,0.0,0.0,0.0,0.0,0.0,0.0,0.0,10.1953,0.0,0.00674,0.13537,Nothing,seated
7.18478,560,-0.00287611,-0.0222427,0.0,0.0,0.0,0.0,0.0,0.0,0.0,0.0,10.1953,0.0,0.00674,0.13537,Nothing,seated
7.19659,561,-0.00575239,-0.0222427,0.0,0.0,0.0,0.0,0.0,0.0,0.0,0.0,10.1953,0.0,0.00674,0.13537,Nothing,seated
7.20812,562,-0.00671083,-0.0262696,0.0,0.0,0.0,0.0,0.0,0.0,0.0,0.0,10.1953,0.0,0.00674,0.13537,Nothing,seated
7.21949,563,-0.00671083,-0.0272281,0.0,0.0,0.0,0.0,0.0,0.0,0.0,0.0,10.1953,0.0,0.00674,0.13537,Nothing,seated
7.23333,564,-0.00671083,-0.0272281,0.0,0.0,0.0,0.0,0.0,0.0,0.0,0.0,10.1953,0.0,0.00674,0.13537,Nothing,seated
7.24883,565,-0.00671083,-0.025119,0.0,0.0,0.0,0.0,0.0,0.0,0.0,0.0,10.1953,0.0,0.00674,0.13537,Nothing,seated
7.26249,566,-0.00766975,-0.025119,0.0,0.0,0.0,0.0,0.0,0.0,0.0,0.0,10.1953,0.0,0.00674,0.13537,Nothing,seated
7.27491,567,-0.00862819,-0.0203254,0.0,0.0,0.0,0.0,0.0,0.0,0.0,0.0,10.1953,0.0,0.00674,0.13537,Nothing,seated
7.29012,568,-0.00862819,-0.0193664,0.0,0.0,0.0,0.0,0.0,0.0,0.0,0.0,10.1953,0.0,0.00674,0.13537,Nothing,seated
7.30484,569,-0.00671083,-0.0193664,0.0,0.0,0.0,0.0,0.0,0.0,0.0,0.0,10.1953,0.0,0.00674,0.13537,Nothing,seated
7.3194,570,-0.00766975,-0.0272281,0.0,0.0,0.0,0.0,0.0,0.0,0.0,0.0,10.1953,0.0,0.00674,0.13537,Nothing,seated
7.33587,571,-0.00287611,-0.0301043,0.0,0.0,0.0,0.0,0.0,0.0,0.0,0.0,10.1953,0.0,0.00674,0.13537,Nothing,seated
7.34838,572,-0.00287611,-0.028187,0.0,0.0,0.0,0.0,0.0,0.0,0.0,0.0,10.1953,0.0,0.00674,0.13537,Nothing,seated
7.36192,573,-0.00383455,-0.0241606,0.0,0.0,0.0,0.0,0.0,0.0,0.0,0.0,10.1953,0.0,0.00674,0.13537,Nothing,seated
7.38272,574,-0.00383455,-0.0241606,0.0,0.0,0.0,0.0,0.0,0.0,0.0,0.0,10.1953,0.0,0.00674,0.13537,Nothing,seated
7.39283,575,-0.00383455,-0.028187,0.0,0.0,0.0,0.0,0.0,0.0,0.0,0.0,10.1953,0.0,0.00674,0.13537,Nothing,seated
7.40331,576,-0.00766975,-0.028187,0.0,0.0,0.0,0.0,0.0,0.0,0.0,0.0,10.1953,0.0,0.00674,0.13537,Nothing,seated
7.41446,577,-0.00287611,-0.0291459,0.0,0.0,0.0,0.0,0.0,0.0,0.0,0.0,10.1953,0.0,0.00674,0.13537,Nothing,seated
7.4266,578,-0.00287611,-0.0291459,0.0,0.0,0.0,0.0,0.0,0.0,0.0,0.0,10.1953,0.0,0.00674,0.13537,Nothing,seated
7.43972,579,-0.00287611,-0.028187,0.0,0.0,0.0,0.0,0.0,0.0,0.0,0.0,10.1953,0.0,0.00674,0.13537,Nothing,seated
7.45248,580,-0.00287611,-0.0301043,0.0,0.0,0.0,0.0,0.0,0.0,0.0,0.0,10.1953,0.0,0.00674,0.13537,Nothing,seated
7.46683,581,-0.00191719,-0.0301043,0.0,0.0,0.0,0.0,0.0,0.0,0.0,0.0,10.1953,0.0,0.00674,0.13537,Nothing,seated
7.48196,582,-0.00287611,-0.0272281,0.0,0.0,0.0,0.0,0.0,0.0,0.0,0.0,10.1953,0.0,0.00674,0.13537,Nothing,seated
7.49391,583,-0.00287611,-0.0301043,0.0,0.0,0.0,0.0,0.0,0.0,0.0,0.0,10.1953,0.0,0.00674,0.13537,Nothing,seated
7.50509,584,-0.00383455,-0.0301043,0.0,0.0,0.0,0.0,0.0,0.0,0.0,0.0,10.1953,0.0,0.00674,0.13537,Nothing,seated
7.51522,585,-0.00383455,-0.0310633,0.0,0.0,0.0,0.0,0.0,0.0,0.0,0.0,10.1953,0.0,0.00674,0.13537,Nothing,seated
7.52734,586,-0.00287611,-0.0310633,0.0,0.0,0.0,0.0,0.0,0.0,0.0,0.0,10.1953,0.0,0.00674,0.13537,Nothing,seated
7.53972,587,-0.00191719,-0.0320222,0.0,0.0,0.0,0.0,0.0,0.0,0.0,0.0,10.1953,0.0,0.00674,0.13537,Nothing,seated
7.54995,588,-0.00191719,-0.0301043,0.0,0.0,0.0,0.0,0.0,0.0,0.0,0.0,10.1953,0.0,0.00674,0.13537,Nothing,seated
7.56434,589,-0.00383455,-0.0301043,0.0,0.0,0.0,0.0,0.0,0.0,0.0,0.0,10.0195,-2.96652,0.00674,0.13537,Nothing,seated
7.57747,590,-0.00575239,-0.0329806,0.0,0.0,0.0,0.0,0.0,0.0,0.0,0.0,10.0195,-2.82397,0.00674,0.13537,Nothing,seated
7.58846,591,-0.00575239,-0.0329806,0.0,0.0,0.0,0.0,0.0,0.0,0.0,0.0,10.0195,-2.87572,0.00674,0.13537,Nothing,seated
7.59853,592,-0.00191719,-0.0291459,0.0,0.0,0.0,0.0,0.0,0.0,0.0,0.0,10.0195,-2.98871,0.00674,0.13537,Nothing,seated
7.6096,593,-0.00191719,-0.0339395,0.0,0.0,0.0,0.0,0.0,0.0,0.0,0.0,10.0195,-2.94699,0.00674,0.13537,Nothing,seated
7.62275,594,-0.00191719,-0.0339395,0.0,0.0,0.0,0.0,0.0,0.0,0.0,0.0,10.0195,0.0,0.00674,0.13537,Nothing,seated
7.63523,595,1.74846e-07,-0.0339395,0.0,0.0,0.0,0.0,0.0,0.0,0.0,0.0,10.0195,0.0,0.00674,0.13537,Nothing,seated
7.64683,596,1.74846e-07,-0.0339395,0.0,0.0,0.0,0.0,0.0,0.0,0.0,0.0,10.0195,0.0,0.00674,0.13537,Nothing,seated
7.65892,597,-0.00479347,-0.0310633,0.0,0.0,0.0,0.0,0.0,0.0,0.0,0.0,10.0195,0.0,0.00674,0.13537,Nothing,seated
7.67034,598,-0.00479347,-0.0241606,0.0,0.0,0.0,0.0,0.0,0.0,0.0,0.0,10.0195,0.0,0.00674,0.13537,Nothing,seated
7.68289,599,-0.00479347,-0.0241606,0.0,0.0,0.0,0.0,0.0,0.0,0.0,0.0,10.0195,0.0,0.00674,0.13537,Nothing,seated
7.69802,600,-0.00460178,-0.0241606,0.0,0.0,0.0,0.0,0.0,0.0,0.0,0.0,10.0195,0.0,0.00674,0.13537,Nothing,seated
7.71385,601,-0.00441009,-0.0241606,0.0,0.0,0.0,0.0,0.0,0.0,0.0,0.0,10.0195,0.0,0.00674,0.13537,Nothing,seated
7.72592,602,-0.00383455,-0.0339395,0.0,0.0,0.0,0.0,0.0,0.0,0.0,0.0,10.0195,0.0,0.00674,0.13537,Nothing,seated
7.73872,603,-0.00671083,-0.0310633,0.0,0.0,0.0,0.0,0.0,0.0,0.0,0.0,10.0195,0.0,0.00674,0.13537,Nothing,seated
7.75012,604,-0.00671083,-0.025119,0.0,0.0,0.0,0.0,0.0,0.0,0.0,0.0,10.0195,0.0,0.00674,0.13537,Nothing,seated
7.76784,605,-0.00671083,-0.025119,0.0,0.0,0.0,0.0,0.0,0.0,0.0,0.0,10.0195,0.0,0.00674,0.13537,Nothing,seated
7.78434,606,-0.00671083,-0.0262696,0.0,0.0,0.0,0.0,0.0,0.0,0.0,0.0,10.0195,0.0,0.00674,0.13537,Nothing,seated
7.79583,607,-0.00671083,-0.0370075,0.0,0.0,0.0,0.0,0.0,0.0,0.0,0.0,10.0195,0.0,0.00674,0.13537,Nothing,seated
7.80723,608,-0.00479347,-0.0370075,0.0,0.0,0.0,0.0,0.0,0.0,0.0,0.0,10.0195,0.0,0.00674,0.13537,Nothing,seated
7.82034,609,-0.00479347,-0.0370075,0.0,0.0,0.0,0.0,0.0,0.0,0.0,0.0,10.0195,0.0,0.00674,0.13537,Nothing,seated
7.83359,610,-0.00191719,-0.0408422,0.0,0.0,0.0,0.0,0.0,0.0,0.0,0.0,10.0195,0.0,0.00674,0.13537,Nothing,seated
7.84512,611,-0.00191719,-0.034898,0.0,0.0,0.0,0.0,0.0,0.0,0.0,0.0,10.0195,0.0,0.00674,0.13537,Nothing,seated
7.85834,612,-0.00671083,-0.0360486,0.0,0.0,0.0,0.0,0.0,0.0,0.0,0.0,10.0195,0.0,0.00674,0.13537,Nothing,seated
7.87683,613,-0.00383455,-0.0398838,0.0,0.0,0.0,0.0,0.0,0.0,0.0,0.0,10.0195,0.0,0.00674,0.13537,Nothing,seated
7.90023,614,-0.00383455,-0.0398838,0.0,0.0,0.0,0.0,0.0,0.0,0.0,0.0,9.84375,-2.20019,0.00674,0.13537,Nothing,seated
7.91496,615,-0.00191719,-0.0398838,0.0,0.0,0.0,0.0,0.0,0.0,0.0,0.0,9.84375,-2.16035,0.00674,0.13537,Nothing,seated
7.92746,616,-0.00383455,-0.0379659,0.0,0.0,0.0,0.0,0.0,0.0,0.0,0.0,9.84375,-2.1348,0.00674,0.13537,Nothing,seated
7.94192,617,-0.00383455,-0.0377743,0.0,0.0,0.0,0.0,0.0,0.0,0.0,0.0,9.84375,-2.10318,0.00674,0.13537,Nothing,seated
7.95847,618,-0.00191719,-0.0360486,0.0,0.0,0.0,0.0,0.0,0.0,0.0,0.0,9.84375,-2.15338,0.00674,0.13537,Nothing,seated
7.98947,619,-0.00575239,-0.0301043,0.0,0.0,0.0,0.0,0.0,0.0,0.0,0.0,9.84375,0.0,0.00674,0.13537,Nothing,seated
8.0026,620,-0.00575239,-0.028187,0.0,0.0,0.0,0.0,0.0,0.0,0.0,0.0,9.84375,0.0,0.00674,0.13537,Nothing,seated
8.01346,621,-0.00862819,-0.028187,0.0,0.0,0.0,0.0,0.0,0.0,0.0,0.0,9.84375,0.0,0.00674,0.13537,Nothing,seated
8.02353,622,-0.00862819,-0.025119,0.0,0.0,0.0,0.0,0.0,0.0,0.0,0.0,9.84375,0.0,0.00674,0.13537,Nothing,seated
8.03355,623,-0.00383455,-0.025119,0.0,0.0,0.0,0.0,0.0,0.0,0.0,0.0,9.84375,0.0,0.00674,0.13537,Nothing,seated
8.04446,624,-0.00383455,-0.0232016,0.0,0.0,0.0,0.0,0.0,0.0,0.0,0.0,9.84375,0.0,0.00674,0.13537,Nothing,seated
8.05521,625,1.74846e-07,-0.0232016,0.0,0.0,0.0,0.0,0.0,0.0,0.0,0.0,9.84375,0.0,0.00674,0.13537,Nothing,seated
8.06992,626,-0.00383455,-0.018408,0.0,0.0,0.0,0.0,0.0,0.0,0.0,0.0,9.84375,0.0,0.00674,0.13537,Nothing,seated
8.08412,627,-0.00862819,-0.018408,0.0,0.0,0.0,0.0,0.0,0.0,0.0,0.0,9.84375,0.0,0.00674,0.13537,Nothing,seated
8.09759,628,-0.00862819,-0.018408,0.0,0.0,0.0,0.0,0.0,0.0,0.0,0.0,9.84375,0.0,0.00674,0.13537,Nothing,seated
8.10809,629,-0.00575239,-0.018408,0.0,0.0,0.0,0.0,0.0,0.0,0.0,0.0,9.66797,-2.76269,0.00674,0.13537,Nothing,seated
8.11996,630,-0.00575239,-0.0174491,0.0,0.0,0.0,0.0,0.0,0.0,0.0,0.0,9.66797,-2.71472,0.00674,0.13537,Nothing,seated
8.14012,631,-0.00479347,-0.0174491,0.0,0.0,0.0,0.0,0.0,0.0,0.0,0.0,9.66797,-2.50416,0.00674,0.13537,Nothing,seated
8.15159,632,-0.00287611,-0.0232016,0.0,0.0,0.0,0.0,0.0,0.0,0.0,0.0,9.66797,-2.60517,0.00674,0.13537,Nothing,seated
8.16391,633,-0.00287611,-0.0212843,0.0,0.0,0.0,0.0,0.0,0.0,0.0,0.0,9.66797,-2.65044,0.00674,0.13537,Nothing,seated
8.17883,634,-0.00766975,-0.025119,0.0,0.0,0.0,0.0,0.0,0.0,0.0,0.0,9.66797,0.0,0.00674,0.13537,Nothing,seated
8.19692,635,-0.00191719,-0.025119,0.0,0.0,0.0,0.0,0.0,0.0,0.0,0.0,9.66797,0.0,0.00674,0.13537,Nothing,seated
8.21012,636,-0.00287611,-0.0262696,0.0,0.0,0.0,0.0,0.0,0.0,0.0,0.0,9.66797,0.0,0.00674,0.13537,Nothing,seated
8.22263,637,-0.00287611,-0.0329806,0.0,0.0,0.0,0.0,0.0,0.0,0.0,0.0,9.66797,0.0,0.00674,0.13537,Nothing,seated
8.23614,638,-0.00383455,-0.0329806,0.0,0.0,0.0,0.0,0.0,0.0,0.0,0.0,9.66797,0.0,0.00674,0.13537,Nothing,seated
8.25072,639,0.00210923,-0.0339395,0.0,0.0,0.0,0.0,0.0,0.0,0.0,0.0,9.66797,0.0,0.00674,0.13537,Nothing,seated
8.26523,640,0.00115078,-0.0320222,0.0,0.0,0.0,0.0,0.0,0.0,0.0,0.0,9.66797,0.0,0.00674,0.13537,Nothing,seated
8.28647,641,0.00115078,-0.0320222,0.0,0.0,0.0,0.0,0.0,0.0,0.0,0.0,9.66797,0.0,0.00674,0.13537,Nothing,seated
8.30192,642,-0.000958268,-0.0320222,0.0,0.0,0.0,0.0,0.0,0.0,0.0,0.0,9.66797,0.0,0.00674,0.13537,Nothing,seated
8.31423,643,-0.00191719,-0.0358569,0.0,0.0,0.0,0.0,0.0,0.0,0.0,0.0,9.66797,0.0,0.00674,0.13537,Nothing,seated
8.32821,644,-0.00191719,-0.0360486,0.0,0.0,0.0,0.0,0.0,0.0,0.0,0.0,9.66797,0.0,0.00674,0.13537,Nothing,seated
8.34283,645,-0.00287611,-0.0408422,0.0,0.0,0.0,0.0,0.0,0.0,0.0,0.0,9.66797,0.0,0.00674,0.13537,Nothing,seated
8.36222,646,-0.000958268,-0.0418012,0.0,0.0,0.0,0.0,0.0,0.0,0.0,0.0,9.66797,0.0,0.00674,0.13537,Nothing,seated
8.37612,647,1.74846e-07,-0.0427601,0.0,0.0,0.0,0.0,0.0,0.0,0.0,0.0,9.66797,0.0,0.00674,0.13537,Nothing,seated
8.3876,648,1.74846e-07,-0.0467865,0.0,0.0,0.0,0.0,0.0,0.0,0.0,0.0,9.66797,0.0,0.00674,0.13537,Nothing,seated
8.40409,649,-0.00766975,-0.0467865,0.0,0.0,0.0,0.0,0.0,0.0,0.0,0.0,9.66797,0.0,0.00674,0.13537,Nothing,seated
8.42023,650,-0.00191719,-0.0506217,0.0,0.0,0.0,0.0,0.0,0.0,0.0,0.0,9.66797,0.0,0.00674,0.13537,Nothing,seated
8.43422,651,-0.00191719,-0.0554153,0.0,0.0,0.0,0.0,0.0,0.0,0.0,0.0,9.66797,0.0,0.00674,0.13537,Nothing,seated
8.44909,652,-0.00575239,-0.0554153,0.0,0.0,0.0,0.0,0.0,0.0,0.0,0.0,9.66797,0.0,0.00674,0.13537,Nothing,seated
8.46247,653,-0.00287611,-0.0584833,0.0,0.0,0.0,0.0,0.0,0.0,0.0,0.0,9.66797,0.0,0.00674,0.13537,Nothing,seated
8.47312,654,-0.00287611,-0.0692212,0.0,0.0,0.0,0.0,0.0,0.0,0.0,0.0,9.66797,0.0,0.00674,0.13537,Nothing,seated
8.48672,655,-0.00575239,-0.0692212,0.0,0.0,0.0,0.0,0.0,0.0,0.0,0.0,9.66797,0.0,0.00674,0.13537,Nothing,seated
8.5026,656,-0.00191719,-0.0790002,0.0,0.0,0.0,0.0,0.0,0.0,0.0,0.0,9.49219,-2.57077,0.00674,0.13537,Nothing,seated
8.51371,657,-0.00191719,-0.0790002,0.0,0.0,0.0,0.0,0.0,0.0,0.0,0.0,9.49219,-2.7199,0.00674,0.13537,Nothing,seated
8.52483,658,-0.00191719,-0.0809175,0.0,0.0,0.0,0.0,0.0,0.0,0.0,0.0,9.49219,-2.81869,0.00674,0.13537,Nothing,seated
8.5393,659,-0.00191719,-0.0887791,0.0,0.0,0.0,0.0,0.0,0.0,0.0,0.0,9.49219,-2.65594,0.00674,0.13537,Nothing,seated
8.55296,660,-0.00191719,-0.0887791,0.0,0.0,0.0,0.0,0.0,0.0,0.0,0.0,9.49219,-2.65343,0.00674,0.13537,Nothing,seated
8.56423,661,-0.00575239,-0.0937645,0.0,0.0,0.0,0.0,0.0,0.0,0.0,0.0,9.49219,0.0,0.00674,0.13537,Nothing,seated
8.57434,662,-0.00575239,-0.0916554,0.0,0.0,0.0,0.0,0.0,0.0,0.0,0.0,9.49219,0.0,0.00674,0.13537,Nothing,seated
8.58881,663,-0.00671083,-0.0916554,0.0,0.0,0.0,0.0,0.0,0.0,0.0,0.0,9.31641,-2.74726,0.00674,0.13537,Nothing,seated
8.60296,664,-0.00383455,-0.0977914,0.0,0.0,0.0,0.0,0.0,0.0,0.0,0.0,9.31641,-2.76125,0.00674,0.13537,Nothing,seated
8.61853,665,-0.00383455,-0.0981747,0.0,0.0,0.0,0.0,0.0,0.0,0.0,0.0,9.31641,-2.68095,0.00674,0.13537,Nothing,seated
8.62911,666,-0.00383455,-0.0987503,0.0,0.0,0.0,0.0,0.0,0.0,0.0,0.0,9.31641,-2.70948,0.00674,0.13537,Nothing,seated
8.63918,667,-0.00383455,-0.099517,0.0,0.0,0.0,0.0,0.0,0.0,0.0,0.0,9.14062,-5.42239,0.00674,0.13537,Nothing,seated
8.64992,668,-0.00383455,-0.100476,0.0,0.0,0.0,0.0,0.0,0.0,0.0,0.0,9.14062,-2.8768,0.00674,0.13537,Nothing,seated
8.66259,669,0.00115078,-0.118308,0.0,0.0,0.0,0.0,0.0,0.0,0.0,0.0,9.14062,-2.94793,0.00674,0.13537,Nothing,seated
8.67384,670,0.00115078,-0.113323,0.0,0.0,0.0,0.0,0.0,0.0,0.0,0.0,8.96484,-6.35636,0.00674,0.13537,Nothing,seated
8.6854,671,-0.00479347,-0.113323,0.0,0.0,0.0,0.0,0.0,0.0,0.0,0.0,8.96484,-6.24504,0.00674,0.13537,Nothing,seated
8.69547,672,-0.00479347,-0.112364,0.0,0.0,0.0,0.0,0.0,0.0,0.0,0.0,8.78906,-6.24525,0.00674,0.13537,Nothing,seated
8.70696,673,-0.00766975,-0.112364,0.0,0.0,0.0,0.0,0.0,0.0,0.0,0.0,8.78906,-6.16264,0.00674,0.13537,Nothing,seated
8.71874,674,-0.00862819,-0.110447,0.0,0.0,0.0,0.0,0.0,0.0,0.0,0.0,8.78906,-6.26145,0.00674,0.13537,Nothing,seated
8.72908,675,-0.00882036,-0.110638,0.0,0.0,0.0,0.0,0.0,0.0,0.0,0.0,8.78906,-3.18199,0.00674,0.13537,Nothing,seated
8.74112,676,-0.00882036,-0.111406,0.0,0.0,0.0,0.0,0.0,0.0,0.0,0.0,8.61328,-6.31011,0.00674,0.13537,Nothing,seated
8.75272,677,-0.00901205,-0.112364,0.0,0.0,0.0,0.0,0.0,0.0,0.0,0.0,8.61328,-3.07072,0.00674,0.13537,Nothing,seated
8.76383,678,-0.00920374,-0.113323,0.0,0.0,0.0,0.0,0.0,0.0,0.0,0.0,8.4375,-6.18215,0.00674,0.13537,Nothing,seated
8.77526,679,-0.00920374,-0.114282,0.0,0.0,0.0,0.0,0.0,0.0,0.0,0.0,8.4375,-6.22075,0.00674,0.13537,Nothing,seated
8.78596,680,-0.00939542,-0.116774,0.0,0.0,0.0,0.0,0.0,0.0,0.0,0.0,8.26172,-9.27085,0.00674,0.13537,Nothing,seated
8.79892,681,-0.00939542,-0.117733,0.0,0.0,0.0,0.0,0.0,0.0,0.0,0.0,8.26172,-6.08264,0.00674,0.13537,Nothing,seated
8.81112,682,-0.00939542,-0.118692,0.0,0.0,0.0,0.0,0.0,0.0,0.0,0.0,8.08594,-9.02987,0.00674,0.13537,Nothing,seated
8.82224,683,-0.00862819,-0.118308,0.0,0.0,0.0,0.0,0.0,0.0,0.0,0.0,8.08594,-6.01837,0.00674,0.13537,Nothing,seated
8.83231,684,-0.00862819,-0.118308,0.0,0.0,0.0,0.0,0.0,0.0,0.0,0.0,7.91016,-9.24261,0.00674,0.13537,Nothing,seated
8.84384,685,-0.013614,-0.118308,0.0,0.0,0.0,0.0,0.0,0.0,0.0,0.0,7.73438,-9.11223,0.00674,0.13537,Nothing,seated
8.8566,686,-0.013614,-0.11524,0.0,0.0,0.0,0.0,0.0,0.0,0.0,0.0,7.73438,-9.14256,0.00674,0.13537,Nothing,seated
8.86783,687,-0.00862819,-0.11524,0.0,0.0,0.0,0.0,0.0,0.0,0.0,0.0,7.55859,-9.29868,0.00674,0.13537,Nothing,seated
8.87959,688,-0.00862819,-0.116007,0.0,0.0,0.0,0.0,0.0,0.0,0.0,0.0,7.38281,-12.261,0.00674,0.13537,Nothing,seated
8.88972,689,-0.00479347,-0.116199,0.0,0.0,0.0,0.0,0.0,0.0,0.0,0.0,7.38281,-9.18504,0.00674,0.13537,Nothing,seated
8.90346,690,-0.00287611,-0.116199,0.0,0.0,0.0,0.0,0.0,0.0,0.0,0.0,7.20703,-8.844,0.00674,0.13537,Nothing,seated
8.91384,691,-0.00287611,-0.12617,0.0,0.0,0.0,0.0,0.0,0.0,0.0,0.0,7.20703,-9.21316,0.00674,0.13537,Nothing,seated
8.92396,692,-0.00287611,-0.12617,0.0,0.0,0.0,0.0,0.0,0.0,0.0,0.0,7.03125,-9.39394,0.00674,0.13537,Nothing,seated
8.93544,693,-0.00479347,-0.127704,0.0,0.0,0.0,0.0,0.0,0.0,0.0,0.0,6.85547,-9.44246,0.00674,0.13537,Nothing,seated
8.94934,694,-0.00479347,-0.129238,0.0,0.0,0.0,0.0,0.0,0.0,0.0,0.0,6.67969,-11.7944,0.00674,0.13537,Nothing,seated
8.96134,695,-0.00287611,-0.129046,0.0,0.0,0.0,0.0,0.0,0.0,0.0,0.0,6.67969,-9.11167,0.00674,0.13537,Nothing,seated
8.97246,696,-0.000958268,-0.129046,0.0,0.0,0.0,0.0,0.0,0.0,0.0,0.0,6.50391,-11.9931,0.00674,0.13537,Nothing,seated
8.99123,697,-0.00287611,-0.130005,0.0,0.0,0.0,0.0,0.0,0.0,0.0,0.0,6.32812,-10.4528,0.00674,0.13537,Nothing,seated
9.00237,698,-0.00287611,-0.134032,0.0,0.0,0.0,0.0,0.0,0.0,0.0,0.0,6.15234,-10.5048,0.00674,0.13537,Nothing,seated
9.0191,699,0.00210923,-0.134032,0.0,0.0,0.0,0.0,0.0,0.0,0.0,0.0,5.97656,-10.0791,0.00674,0.13537,Nothing,seated
9.03646,700,0.00115078,-0.130964,0.0,0.0,0.0,0.0,0.0,0.0,0.0,0.0,5.80078,-11.6999,0.00674,0.13537,Nothing,seated
9.0486,701,-0.00191719,-0.131922,0.0,0.0,0.0,0.0,0.0,0.0,0.0,0.0,5.625,-11.5446,0.00674,0.13537,Nothing,seated
9.0596,702,-0.00191719,-0.131922,0.0,0.0,0.0,0.0,0.0,0.0,0.0,0.0,5.44922,-12.8559,0.00674,0.13537,Nothing,seated
9.06967,703,-0.00191719,-0.134032,0.0,0.0,0.0,0.0,0.0,0.0,0.0,0.0,5.44922,-10.4487,0.00674,0.13537,Nothing,seated
9.08123,704,-0.00191719,-0.135949,0.0,0.0,0.0,0.0,0.0,0.0,0.0,0.0,5.27344,-11.3172,0.00674,0.13537,Nothing,seated
9.09434,705,-0.00383455,-0.136908,0.0,0.0,0.0,0.0,0.0,0.0,0.0,0.0,5.09766,-12.1486,0.00674,0.13537,Nothing,seated
9.10605,706,-0.00383455,-0.138826,0.0,0.0,0.0,0.0,0.0,0.0,0.0,0.0,4.92188,-12.2388,0.00674,0.13537,Nothing,seated
9.11834,707,-0.00862819,-0.138826,0.0,0.0,0.0,0.0,0.0,0.0,0.0,0.0,4.74609,-11.9685,0.00674,0.13537,Nothing,seated
9.12909,708,-0.00862819,-0.140935,0.0,0.0,0.0,0.0,0.0,0.0,0.0,0.0,4.57031,-14.7914,0.00674,0.13537,Nothing,seated
9.13922,709,-0.0116962,-0.140935,0.0,0.0,0.0,0.0,0.0,0.0,0.0,0.0,4.57031,-12.1256,0.00674,0.13537,Nothing,seated
9.14946,710,-0.0116962,-0.136908,0.0,0.0,0.0,0.0,0.0,0.0,0.0,0.0,4.39453,-12.7559,0.00674,0.13537,Nothing,seated
9.15972,711,-0.00766975,-0.136908,0.0,0.0,0.0,0.0,0.0,0.0,0.0,0.0,4.21875,-13.0996,0.00674,0.13537,Nothing,seated
9.17012,712,-0.00575239,-0.134032,0.0,0.0,0.0,0.0,0.0,0.0,0.0,0.0,4.04297,-13.5805,0.00674,0.13537,Nothing,seated
9.18246,713,-0.00575239,-0.134032,0.0,0.0,0.0,0.0,0.0,0.0,0.0,0.0,3.86719,-13.1734,0.00674,0.13537,Nothing,seated
9.19423,714,-0.0107377,-0.138826,0.0,0.0,0.0,0.0,0.0,0.0,0.0,0.0,3.69141,-15.9773,0.00674,0.13537,Nothing,seated
9.20646,715,-0.0107377,-0.135949,0.0,0.0,0.0,0.0,0.0,0.0,0.0,0.0,3.69141,-12.3349,0.00674,0.13537,Nothing,seated
9.21947,716,-0.0116962,-0.135949,0.0,0.0,0.0,0.0,0.0,0.0,0.0,0.0,3.51562,-11.7688,0.00674,0.13537,Nothing,seated
9.23031,717,-0.00671083,-0.137867,0.0,0.0,0.0,0.0,0.0,0.0,0.0,0.0,3.16406,-14.602,0.00674,0.13537,Nothing,seated
9.24222,718,-0.00671083,-0.137867,0.0,0.0,0.0,0.0,0.0,0.0,0.0,0.0,3.16406,-11.7665,0.00674,0.13537,Nothing,seated
9.25392,719,-0.00479347,-0.13499,0.0,0.0,0.0,0.0,0.0,0.0,0.0,0.0,2.98828,-11.7791,0.00674,0.13537,Nothing,seated
9.2666,720,-0.00479347,-0.132881,0.0,0.0,0.0,0.0,0.0,0.0,0.0,0.0,2.8125,-14.6155,0.00674,0.13537,Nothing,seated
9.27845,721,-0.0107377,-0.132881,0.0,0.0,0.0,0.0,0.0,0.0,0.0,0.0,2.63672,-14.901,0.00674,0.13537,Nothing,seated
9.28921,722,-0.0107377,-0.134032,0.0,0.0,0.0,0.0,0.0,0.0,0.0,0.0,2.46094,-11.9373,0.00674,0.13537,Nothing,seated
9.29935,723,-0.0107377,-0.134032,0.0,0.0,0.0,0.0,0.0,0.0,0.0,0.0,2.28516,-15.3838,0.00674,0.13537,Nothing,seated
9.31023,724,-0.0116962,-0.134032,0.0,0.0,0.0,0.0,0.0,0.0,0.0,0.0,2.28516,-12.486,0.00674,0.13537,Nothing,seated
9.3225,725,-0.0116962,-0.134032,0.0,0.0,0.0,0.0,0.0,0.0,0.0,0.0,2.10938,-12.5782,0.00674,0.13537,Nothing,seated
9.33292,726,-0.0155314,-0.128088,0.0,0.0,0.0,0.0,0.0,0.0,0.0,0.0,1.93359,-12.9094,0.00674,0.13537,Nothing,seated
9.34534,727,-0.0155314,-0.128088,0.0,0.0,0.0,0.0,0.0,0.0,0.0,0.0,1.75781,-12.5268,0.00674,0.13537,Nothing,seated
9.35859,728,-0.0145724,-0.128088,0.0,0.0,0.0,0.0,0.0,0.0,0.0,0.0,1.58203,-11.8681,0.00674,0.13537,Nothing,seated
9.37084,729,-0.0145724,-0.128088,0.0,0.0,0.0,0.0,0.0,0.0,0.0,0.0,1.40625,-14.5018,0.00674,0.13537,Nothing,seated
9.38246,730,-0.0097788,-0.12617,0.0,0.0,0.0,0.0,0.0,0.0,0.0,0.0,1.23047,-14.6573,0.00674,0.13537,Nothing,seated
9.39253,731,-0.0097788,-0.12617,0.0,0.0,0.0,0.0,0.0,0.0,0.0,0.0,1.05469,-14.7436,0.00674,0.13537,Nothing,seated
9.4058,732,1.74846e-07,-0.128088,0.0,0.0,0.0,0.0,0.0,0.0,0.0,0.0,1.05469,-11.6307,0.00674,0.13537,Nothing,seated
9.41607,733,-0.00479347,-0.128088,0.0,0.0,0.0,0.0,0.0,0.0,0.0,0.0,0.878906,-12.2325,0.00674,0.13537,Nothing,seated
9.42683,734,-0.00479347,-0.127129,0.0,0.0,0.0,0.0,0.0,0.0,0.0,0.0,0.703125,-12.557,0.00674,0.13537,Nothing,seated
9.43946,735,-0.00479347,-0.129046,0.0,0.0,0.0,0.0,0.0,0.0,0.0,0.0,0.703125,-9.25108,0.00674,0.13537,Nothing,seated
9.45034,736,-0.00460178,-0.13058,0.0,0.0,0.0,0.0,0.0,0.0,0.0,0.0,0.527344,-9.12208,0.00674,0.13537,Nothing,seated
9.46309,737,-0.00479347,-0.11524,0.0,0.0,0.0,0.0,0.0,0.0,0.0,0.0,0.351562,-12.2725,0.00674,0.13537,Nothing,seated
9.47484,738,-0.00479347,-0.116007,0.0,0.0,0.0,0.0,0.0,0.0,0.0,0.0,0.175781,-11.9654,0.00674,0.13537,Nothing,seated
9.48634,739,-0.00460178,-0.117541,0.0,0.0,0.0,0.0,0.0,0.0,0.0,0.0,0.175781,-8.86175,0.00674,0.13537,Nothing,seated
9.49641,740,-0.00460178,-0.118884,0.0,0.0,0.0,0.0,0.0,0.0,0.0,0.0,0.0,-12.348,0.00674,0.13537,Nothing,seated
9.50859,741,-0.00479347,-0.119267,0.0,0.0,0.0,0.0,0.0,0.0,0.0,0.0,0.0,-9.05238,0.00674,0.13537,Nothing,seated
9.52023,742,-0.00479347,-0.12617,0.0,0.0,0.0,0.0,0.0,0.0,0.0,0.0,-0.175781,-9.22865,0.00674,0.13537,Nothing,seated
9.53591,743,-0.00958711,-0.127704,0.0,0.0,0.0,0.0,0.0,0.0,0.0,0.0,-0.351562,-8.63413,0.00674,0.13537,Nothing,seated
9.54797,744,-0.00939542,-0.128471,0.0,0.0,0.0,0.0,0.0,0.0,0.0,0.0,-0.351562,-8.55641,0.00674,0.13537,Nothing,seated
9.56248,745,-0.00901205,-0.129622,0.0,0.0,0.0,0.0,0.0,0.0,0.0,0.0,-0.527344,-7.98092,0.00674,0.13537,Nothing,seated
9.5756,746,-0.00191719,-0.129046,0.0,0.0,0.0,0.0,0.0,0.0,0.0,0.0,-0.527344,-7.86958,0.00674,0.13537,Nothing,seated
9.58824,747,1.74846e-07,-0.12943,0.0,0.0,0.0,0.0,0.0,0.0,0.0,0.0,-0.703125,-7.75407,0.00674,0.13537,Nothing,seated
9.60092,748,1.74846e-07,-0.130197,0.0,0.0,0.0,0.0,0.0,0.0,0.0,0.0,-0.703125,-5.40827,0.00674,0.13537,Nothing,seated
9.61634,749,1.74846e-07,-0.131539,0.0,0.0,0.0,0.0,0.0,0.0,0.0,0.0,-0.703125,-5.14227,0.00674,0.13537,Nothing,seated
9.63192,750,-0.00383455,-0.124061,0.0,0.0,0.0,0.0,0.0,0.0,0.0,0.0,-0.878906,-5.06311,0.00674,0.13537,Nothing,seated
9.64472,751,1.74846e-07,-0.130005,0.0,0.0,0.0,0.0,0.0,0.0,0.0,0.0,-0.878906,-5.08674,0.00674,0.13537,Nothing,seated
9.65634,752,1.74846e-07,-0.13499,0.0,0.0,0.0,0.0,0.0,0.0,0.0,0.0,-0.878906,-2.58132,0.00674,0.13537,Nothing,seated
9.66792,753,0.00210923,-0.135565,0.0,0.0,0.0,0.0,0.0,0.0,0.0,0.0,-1.05469,-5.24712,0.00674,0.13537,Nothing,seated
9.67972,754,0.00191754,-0.136141,0.0,0.0,0.0,0.0,0.0,0.0,0.0,0.0,-1.05469,-5.54644,0.00674,0.13537,Nothing,seated
9.69246,755,0.00191754,-0.136716,0.0,0.0,0.0,0.0,0.0,0.0,0.0,0.0,-1.05469,-2.90326,0.00674,0.13537,Nothing,seated
9.70375,756,0.00191754,-0.137867,0.0,0.0,0.0,0.0,0.0,0.0,0.0,0.0,-1.05469,-2.97763,0.00674,0.13537,Nothing,seated
9.71866,757,0.00191754,-0.13825,0.0,0.0,0.0,0.0,0.0,0.0,0.0,0.0,-1.05469,-2.82053,0.00674,0.13537,Nothing,seated
9.73446,758,0.00191754,-0.138442,0.0,0.0,0.0,0.0,0.0,0.0,0.0,0.0,-1.05469,0.0,0.00674,0.13537,Nothing,seated
9.74883,759,0.00191754,-0.139209,0.0,0.0,0.0,0.0,0.0,0.0,0.0,0.0,-1.05469,0.0,0.00674,0.13537,Nothing,seated
9.76209,760,0.00210923,-0.15359,0.0,0.0,0.0,0.0,0.0,0.0,0.0,0.0,-1.05469,0.0,0.00674,0.13537,Nothing,seated
9.77435,761,0.00115078,-0.15359,0.0,0.0,0.0,0.0,0.0,0.0,0.0,0.0,-1.23047,-2.48991,0.00674,0.13537,Nothing,seated
9.78723,762,0.00306815,-0.160685,0.0,0.0,0.0,0.0,0.0,0.0,0.0,0.0,-1.23047,-2.56347,0.00674,0.13537,Nothing,seated
9.80143,763,0.00306815,-0.160685,0.0,0.0,0.0,0.0,0.0,0.0,0.0,0.0,-1.23047,-2.62496,0.00674,0.13537,Nothing,seated
9.81572,764,0.00306815,-0.165478,0.0,0.0,0.0,0.0,0.0,0.0,0.0,0.0,-1.23047,-2.62809,0.00674,0.13537,Nothing,seated
9.82646,765,1.74846e-07,-0.171423,0.0,0.0,0.0,0.0,0.0,0.0,0.0,0.0,-1.23047,-2.73086,0.00674,0.13537,Nothing,seated
9.83842,766,1.74846e-07,-0.176408,0.0,0.0,0.0,0.0,0.0,0.0,0.0,0.0,-1.23047,0.0,0.00674,0.13537,Nothing,seated
9.85313,767,0.00115078,-0.176408,0.0,0.0,0.0,0.0,0.0,0.0,0.0,0.0,-1.23047,0.0,0.00674,0.13537,Nothing,seated
9.86523,768,0.00115078,-0.176216,0.0,0.0,0.0,0.0,0.0,0.0,0.0,0.0,-1.23047,0.0,0.00674,0.13537,Nothing,seated
9.87837,769,1.74846e-07,-0.170464,0.0,0.0,0.0,0.0,0.0,0.0,0.0,0.0,-1.23047,0.0,0.00674,0.13537,Nothing,seated
9.89034,770,-0.00287611,-0.170464,0.0,0.0,0.0,0.0,0.0,0.0,0.0,0.0,-1.23047,0.0,0.00674,0.13537,Nothing,seated
9.90212,771,0.00786179,-0.139976,0.0,0.0,0.0,0.0,0.0,0.0,0.0,0.0,-1.23047,0.0,0.00674,0.13537,Nothing,seated
9.92273,772,-0.00671083,-0.14036,0.0,0.0,0.0,0.0,0.0,0.0,0.0,0.0,-1.23047,0.0,0.00674,0.13537,Nothing,seated
9.94546,773,-0.00671083,-0.144386,0.0,0.0,0.0,0.0,0.0,0.0,0.0,0.0,-1.05469,2.19077,0.00674,0.13537,Nothing,seated
9.97177,774,-0.00594408,-0.149755,0.0,0.0,0.0,0.0,0.0,0.0,0.0,0.0,-1.05469,1.88203,0.00674,0.13537,Nothing,seated
9.98547,775,-0.00498516,-0.15359,0.0,0.0,0.0,0.0,0.0,0.0,0.0,0.0,-1.05469,1.84788,0.00674,0.13537,Nothing,seated
9.99946,776,-0.00402624,-0.154741,0.0,0.0,0.0,0.0,0.0,0.0,0.0,0.0,-1.05469,1.80575,0.00674,0.13537,Nothing,seated
10.0108,777,-0.0042184,-0.157617,0.0,0.0,0.0,0.0,0.0,0.0,0.0,0.0,-1.05469,1.99515,0.00674,0.13537,Nothing,seated
10.0235,778,-0.00498516,-0.159918,0.0,0.0,0.0,0.0,0.0,0.0,0.0,0.0,-1.05469,0.0,0.00674,0.13537,Nothing,seated
10.0362,779,-0.00498516,-0.161452,0.0,0.0,0.0,0.0,0.0,0.0,0.0,0.0,-1.05469,0.0,0.00674,0.13537,DecreaseSmallAngle,seated
10.0481,780,-0.00479347,-0.162219,0.0,0.0,0.0,0.0,0.0,0.0,0.0,0.0,-1.05469,0.0,0.00674,0.13537,DecreaseSmallAngle,seated
10.0608,781,-0.0030678,-0.162027,0.0,0.0,0.0,0.0,0.0,0.0,0.0,0.0,-1.05469,0.0,0.00674,0.13537,DecreaseSmallAngle,seated
10.0854,782,-0.00383455,-0.162219,0.0,0.0,0.0,0.0,0.0,0.0,0.0,0.0,-0.878906,2.35615,0.00674,0.13537,DecreaseSmallAngle,seated
10.1025,783,-0.00383455,-0.162027,0.0,0.0,0.0,0.0,0.0,0.0,0.0,0.0,-0.878906,2.2245,0.00674,0.13537,DecreaseSmallAngle,seated
10.1136,784,-0.00364286,-0.160876,0.0,0.0,0.0,0.0,0.0,0.0,0.0,0.0,-0.878906,2.27269,0.00674,0.13537,DecreaseSmallAngle,seated
10.1291,785,-0.00364286,-0.160301,0.0,0.0,0.0,0.0,0.0,0.0,0.0,0.0,-0.703125,4.34006,0.00674,0.13537,DecreaseSmallAngle,seated
10.1429,786,-0.00383455,-0.16126,0.0,0.0,0.0,0.0,0.0,0.0,0.0,0.0,-0.703125,4.28493,0.00674,0.13537,DecreaseSmallAngle,seated
10.1547,787,-0.00402624,-0.162219,0.0,0.0,0.0,0.0,0.0,0.0,0.0,0.0,-0.703125,2.53783,0.00674,0.13537,DecreaseSmallAngle,seated
10.1664,788,-0.00364286,-0.163369,0.0,0.0,0.0,0.0,0.0,0.0,0.0,0.0,-0.703125,2.74811,0.00674,0.13537,DecreaseSmallAngle,seated
10.1799,789,-0.00364286,-0.163753,0.0,0.0,0.0,0.0,0.0,0.0,0.0,0.0,-0.703125,2.64877,0.00674,0.13537,DecreaseSmallAngle,seated
10.1938,790,-0.0042184,-0.165478,0.0,0.0,0.0,0.0,0.0,0.0,0.0,0.0,-0.527344,2.71426,0.00674,0.13537,DecreaseSmallAngle,seated
10.2088,791,-0.00460178,-0.16893,0.0,0.0,0.0,0.0,0.0,0.0,0.0,0.0,-0.527344,2.66478,0.00674,0.13537,DecreaseSmallAngle,seated
10.2279,792,-0.00402624,-0.169889,0.0,0.0,0.0,0.0,0.0,0.0,0.0,0.0,-0.527344,2.39987,0.00674,0.13537,DecreaseSmallAngle,seated
10.2414,793,-0.00402624,-0.170847,0.0,0.0,0.0,0.0,0.0,0.0,0.0,0.0,-0.527344,2.34399,0.00674,0.13537,DecreaseSmallAngle,seated
10.2524,794,-0.00441009,-0.171806,0.0,0.0,0.0,0.0,0.0,0.0,0.0,0.0,-0.351562,4.84974,0.00674,0.13537,DecreaseSmallAngle,seated
10.2634,795,-0.00594408,-0.173148,0.0,0.0,0.0,0.0,0.0,0.0,0.0,0.0,-0.351562,2.52697,0.00674,0.13537,DecreaseSmallAngle,seated
10.2751,796,-0.00613577,-0.173532,0.0,0.0,0.0,0.0,0.0,0.0,0.0,0.0,-0.351562,2.65426,0.00674,0.13537,DecreaseSmallAngle,seated
10.2864,797,-0.00594408,-0.173532,0.0,0.0,0.0,0.0,0.0,0.0,0.0,0.0,-0.351562,3.00872,0.00674,0.13537,DecreaseSmallAngle,seated
10.2964,798,-0.00575239,-0.173148,0.0,0.0,0.0,0.0,0.0,0.0,0.0,0.0,-0.351562,3.19606,0.00674,0.13537,DecreaseSmallAngle,seated
10.3086,799,-0.00594408,-0.172764,0.0,0.0,0.0,0.0,0.0,0.0,0.0,0.0,-0.351562,0.0,0.00674,0.13537,DecreaseSmallAngle,seated
10.3208,800,-0.00671083,-0.174491,0.0,0.0,0.0,0.0,0.0,0.0,0.0,0.0,-0.175781,3.06373,0.00674,0.13537,DecreaseSmallAngle,seated
10.3334,801,-0.00805313,-0.175066,0.0,0.0,0.0,0.0,0.0,0.0,0.0,0.0,-0.175781,3.01025,0.00674,0.13537,DecreaseSmallAngle,seated
10.3454,802,-0.00786144,-0.175066,0.0,0.0,0.0,0.0,0.0,0.0,0.0,0.0,-0.175781,2.97955,0.00674,0.13537,DecreaseSmallAngle,seated
10.3591,803,-0.00766975,-0.175449,0.0,0.0,0.0,0.0,0.0,0.0,0.0,0.0,-0.175781,2.80711,0.00674,0.13537,DecreaseSmallAngle,seated
10.3726,804,-0.00786144,-0.175832,0.0,0.0,0.0,0.0,0.0,0.0,0.0,0.0,0.0,5.49348,0.00674,0.13537,DecreaseSmallAngle,seated
10.3845,805,-0.00824482,-0.177366,0.0,0.0,0.0,0.0,0.0,0.0,0.0,0.0,0.0,2.75869,0.00674,0.13537,DecreaseSmallAngle,seated
10.3949,806,-0.0084365,-0.178517,0.0,0.0,0.0,0.0,0.0,0.0,0.0,0.0,0.0,2.85899,0.00674,0.13537,DecreaseSmallAngle,seated
10.4067,807,-0.00805313,-0.178709,0.0,0.0,0.0,0.0,0.0,0.0,0.0,0.0,0.0,2.86659,0.00674,0.13537,DecreaseSmallAngle,seated
10.4188,808,-0.00786144,-0.179093,0.0,0.0,0.0,0.0,0.0,0.0,0.0,0.0,0.0,2.94117,0.00674,0.13537,DecreaseSmallAngle,seated
10.4341,809,-0.00882036,-0.179284,0.0,0.0,0.0,0.0,0.0,0.0,0.0,0.0,0.0,0.0,0.00674,0.13537,DecreaseSmallAngle,seated
10.4461,810,-0.00939542,-0.180818,0.0,0.0,0.0,0.0,0.0,0.0,0.0,0.0,0.0,0.0,0.00674,0.13537,DecreaseSmallAngle,seated
10.4589,811,-0.00939542,-0.181585,0.0,0.0,0.0,0.0,0.0,0.0,0.0,0.0,0.0,0.0,0.00674,0.13537,DecreaseSmallAngle,seated
10.4714,812,-0.00882036,-0.181585,0.0,0.0,0.0,0.0,0.0,0.0,0.0,0.0,0.0,0.0,0.00674,0.13537,DecreaseSmallAngle,seated
10.4832,813,-0.00862819,-0.181585,0.0,0.0,0.0,0.0,0.0,0.0,0.0,0.0,0.0,0.0,0.00674,0.13537,DecreaseSmallAngle,seated
10.5007,814,-0.00901205,-0.182736,0.0,0.0,0.0,0.0,0.0,0.0,0.0,0.0,0.175781,2.64112,0.00674,0.13537,DecreaseSmallAngle,seated
10.5144,815,-0.00920374,-0.183886,0.0,0.0,0.0,0.0,0.0,0.0,0.0,0.0,0.175781,2.57274,0.00674,0.13537,DecreaseSmallAngle,seated
10.5278,816,-0.00824482,-0.182544,0.0,0.0,0.0,0.0,0.0,0.0,0.0,0.0,0.175781,2.55205,0.00674,0.13537,DecreaseSmallAngle,seated
10.5401,817,-0.00766975,-0.184078,0.0,0.0,0.0,0.0,0.0,0.0,0.0,0.0,0.175781,2.55585,0.00674,0.13537,DecreaseSmallAngle,seated
10.5795,818,-0.00728637,-0.184461,0.0,0.0,0.0,0.0,0.0,0.0,0.0,0.0,0.175781,1.8257,0.00674,0.13537,DecreaseSmallAngle,seated
10.595,819,-0.00517685,-0.183695,0.0,0.0,0.0,0.0,0.0,0.0,0.0,0.0,0.175781,0.0,0.00674,0.13537,DecreaseSmallAngle,seated
10.6064,820,-0.00517685,-0.184078,0.0,0.0,0.0,0.0,0.0,0.0,0.0,0.0,0.175781,0.0,0.00674,0.13537,DecreaseSmallAngle,seated
10.6201,821,-0.00517685,-0.18542,0.0,0.0,0.0,0.0,0.0,0.0,0.0,0.0,0.175781,0.0,0.00674,0.13537,DecreaseSmallAngle,seated
10.6395,822,-0.0042184,-0.185804,0.0,0.0,0.0,0.0,0.0,0.0,0.0,0.0,0.175781,0.0,0.00674,0.13537,DecreaseSmallAngle,seated
10.6586,823,-0.00210888,-0.184845,0.0,0.0,0.0,0.0,0.0,0.0,0.0,0.0,0.175781,0.0,0.00674,0.13537,DecreaseSmallAngle,seated
10.6694,824,-0.00191719,-0.185036,0.0,0.0,0.0,0.0,0.0,0.0,0.0,0.0,0.175781,0.0,0.00674,0.13537,DecreaseSmallAngle,seated
10.6818,825,-0.00191719,-0.186187,0.0,0.0,0.0,0.0,0.0,0.0,0.0,0.0,0.351562,2.3297,0.00674,0.13537,DecreaseSmallAngle,seated
10.6939,826,-0.00153381,-0.187529,0.0,0.0,0.0,0.0,0.0,0.0,0.0,0.0,0.351562,2.37914,0.00674,0.13537,DecreaseSmallAngle,seated
10.7053,827,-0.000574891,-0.187338,0.0,0.0,0.0,0.0,0.0,0.0,0.0,0.0,0.351562,2.67174,0.00674,0.13537,DecreaseSmallAngle,seated
10.7156,828,0.000575717,-0.18657,0.0,0.0,0.0,0.0,0.0,0.0,0.0,0.0,0.351562,3.08399,0.00674,0.13537,DecreaseSmallAngle,seated
10.7256,829,0.000959094,-0.185995,0.0,0.0,0.0,0.0,0.0,0.0,0.0,0.0,0.351562,3.12457,0.00674,0.13537,DecreaseSmallAngle,seated
10.7396,830,0.00115078,-0.186379,0.0,0.0,0.0,0.0,0.0,0.0,0.0,0.0,0.351562,0.0,0.00674,0.13537,DecreaseSmallAngle,seated
10.7535,831,0.000575717,-0.187721,0.0,0.0,0.0,0.0,0.0,0.0,0.0,0.0,0.351562,0.0,0.00674,0.13537,DecreaseSmallAngle,seated
10.7646,832,0.000959094,-0.188104,0.0,0.0,0.0,0.0,0.0,0.0,0.0,0.0,0.351562,0.0,0.00674,0.13537,DecreaseSmallAngle,seated
10.7755,833,0.00134247,-0.188296,0.0,0.0,0.0,0.0,0.0,0.0,0.0,0.0,0.351562,0.0,0.00674,0.13537,DecreaseSmallAngle,seated
10.7871,834,0.00191754,-0.186187,0.0,0.0,0.0,0.0,0.0,0.0,0.0,0.0,0.351562,0.0,0.00674,0.13537,DecreaseSmallAngle,seated
10.8074,835,0.00230139,-0.187529,0.0,0.0,0.0,0.0,0.0,0.0,0.0,0.0,0.351562,0.0,0.00674,0.13537,DecreaseSmallAngle,seated
10.8184,836,0.00153416,-0.188872,0.0,0.0,0.0,0.0,0.0,0.0,0.0,0.0,0.351562,0.0,0.00674,0.13537,DecreaseSmallAngle,seated
10.8294,837,0.00134247,-0.189447,0.0,0.0,0.0,0.0,0.0,0.0,0.0,0.0,0.351562,0.0,0.00674,0.13537,DecreaseSmallAngle,seated
10.8431,838,0.00134247,-0.189255,0.0,0.0,0.0,0.0,0.0,0.0,0.0,0.0,0.351562,0.0,0.00674,0.13537,DecreaseSmallAngle,seated
10.8578,839,0.00230139,-0.187913,0.0,0.0,0.0,0.0,0.0,0.0,0.0,0.0,0.351562,0.0,0.00674,0.13537,DecreaseSmallAngle,seated
10.8715,840,0.00210923,-0.18868,0.0,0.0,0.0,0.0,0.0,0.0,0.0,0.0,0.351562,0.0,0.00674,0.13537,DecreaseSmallAngle,seated
10.8831,841,0.00191754,-0.189447,0.0,0.0,0.0,0.0,0.0,0.0,0.0,0.0,0.351562,0.0,0.00674,0.13537,DecreaseSmallAngle,seated
10.8954,842,0.00172585,-0.190789,0.0,0.0,0.0,0.0,0.0,0.0,0.0,0.0,0.351562,0.0,0.00674,0.13537,DecreaseSmallAngle,seated
10.9067,843,0.00191754,-0.191172,0.0,0.0,0.0,0.0,0.0,0.0,0.0,0.0,0.351562,0.0,0.00674,0.13537,DecreaseSmallAngle,seated
10.9183,844,0.00249308,-0.18983,0.0,0.0,0.0,0.0,0.0,0.0,0.0,0.0,0.351562,0.0,0.00674,0.13537,DecreaseSmallAngle,seated
10.9296,845,0.00249308,-0.189255,0.0,0.0,0.0,0.0,0.0,0.0,0.0,0.0,0.351562,0.0,0.00674,0.13537,DecreaseSmallAngle,seated
10.9396,846,0.00230139,-0.189447,0.0,0.0,0.0,0.0,0.0,0.0,0.0,0.0,0.351562,0.0,0.00674,0.13537,DecreaseSmallAngle,seated
10.9509,847,0.00210923,-0.190981,0.0,0.0,0.0,0.0,0.0,0.0,0.0,0.0,0.351562,0.0,0.00674,0.13537,DecreaseSmallAngle,seated
10.9638,848,0.00153416,-0.191748,0.0,0.0,0.0,0.0,0.0,0.0,0.0,0.0,0.351562,0.0,0.00674,0.13537,DecreaseSmallAngle,seated
10.9783,849,0.00191754,-0.190789,0.0,0.0,0.0,0.0,0.0,0.0,0.0,0.0,0.351562,0.0,0.00674,0.13537,DecreaseSmallAngle,seated
