0.00176501,0,-0.00383455,-0.213224,0.0,0.0,0.0,0.0,0.0,0.0,0.0,0.0,0.703125,0.0,0.00674,0.13537,None,seated
0.0130711,1,-0.00383455,-0.216292,0.0,0.0,0.0,0.0,0.0,0.0,0.0,0.0,0.703125,0.0,0.00674,0.13537,Nothing,seated
0.0291018,2,-0.00383455,-0.216292,0.0,0.0,0.0,0.0,0.0,0.0,0.0,0.0,0.703125,0.0,0.00674,0.13537,Nothing,seated
0.0397398,3,-0.00479347,-0.216292,0.0,0.0,0.0,0.0,0.0,0.0,0.0,0.0,0.703125,0.0,0.00674,0.13537,Nothing,seated
0.0563459,4,-0.00479347,-0.214182,0.0,0.0,0.0,0.0,0.0,0.0,0.0,0.0,0.878906,0.0,0.00674,0.13537,Nothing,seated
0.0679739,5,-0.000958268,-0.214182,0.0,0.0,0.0,0.0,0.0,0.0,0.0,0.0,0.878906,2.65495,0.00674,0.13537,Nothing,seated
0.0785699,6,-0.00671083,-0.212265,0.0,0.0,0.0,0.0,0.0,0.0,0.0,0.0,0.878906,2.68373,0.00674,0.13537,Nothing,seated
0.089869,7,-0.00671083,-0.212265,0.0,0.0,0.0,0.0,0.0,0.0,0.0,0.0,0.878906,2.8927,0.00674,0.13537,Nothing,seated
0.100576,8,-0.00287611,-0.213224,0.0,0.0,0.0,0.0,0.0,0.0,0.0,0.0,0.878906,2.88942,0.00674,0.13537,Nothing,seated
0.112212,9,-0.00287611,-0.213224,0.0,0.0,0.0,0.0,0.0,0.0,0.0,0.0,0.878906,0.0,0.00674,0.13537,Nothing,seated
0.128011,10,-0.000958268,-0.215333,0.0,0.0,0.0,0.0,0.0,0.0,0.0,0.0,0.878906,0.0,0.00674,0.13537,Nothing,seated
0.142226,11,-0.00287611,-0.212265,0.0,0.0,0.0,0.0,0.0,0.0,0.0,0.0,0.878906,0.0,0.00674,0.13537,Nothing,seated
0.152972,12,-0.00287611,-0.212265,0.0,0.0,0.0,0.0,0.0,0.0,0.0,0.0,0.878906,0.0,0.00674,0.13537,Nothing,seated
0.165472,13,1.74846e-07,-0.216292,0.0,0.0,0.0,0.0,0.0,0.0,0.0,0.0,0.878906,0.0,0.00674,0.13537,Nothing,seated
0.180864,14,-0.00191719,-0.216292,0.0,0.0,0.0,0.0,0.0,0.0,0.0,0.0,0.878906,0.0,0.00674,0.13537,Nothing,seated
0.192469,15,-0.00191719,-0.215333,0.0,0.0,0.0,0.0,0.0,0.0,0.0,0.0,0.878906,0.0,0.00674,0.13537,Nothing,seated
0.205545,16,1.74846e-07,-0.214182,0.0,0.0,0.0,0.0,0.0,0.0,0.0,0.0,1.05469,2.77612,0.00674,0.13537,Nothing,seated
0.218573,17,1.74846e-07,-0.214182,0.0,0.0,0.0,0.0,0.0,0.0,0.0,0.0,1.05469,2.67956,0.00674,0.13537,Nothing,seated
0.230292,18,-0.00191719,-0.216292,0.0,0.0,0.0,0.0,0.0,0.0,0.0,0.0,1.05469,2.71184,0.00674,0.13537,Nothing,seated
0.242464,19,-0.00479347,-0.213224,0.0,0.0,0.0,0.0,0.0,0.0,0.0,0.0,1.05469,2.85358,0.00674,0.13537,Nothing,seated
0.259552,20,-0.00479347,-0.213224,0.0,0.0,0.0,0.0,0.0,0.0,0.0,0.0,1.05469,2.62035,0.00674,0.13537,Nothing,seated
0.270569,21,-0.00191719,-0.215333,0.0,0.0,0.0,0.0,0.0,0.0,0.0,0.0,1.05469,0.0,0.00674,0.13537,Nothing,seated
0.282238,22,-0.00191719,-0.215333,0.0,0.0,0.0,0.0,0.0,0.0,0.0,0.0,1.05469,0.0,0.00674,0.13537,Nothing,seated
0.293211,23,-0.00479347,-0.215333,0.0,0.0,0.0,0.0,0.0,0.0,0.0,0.0,1.05469,0.0,0.00674,0.13537,Nothing,seated
0.305466,24,-0.00479347,-0.215333,0.0,0.0,0.0,0.0,0.0,0.0,0.0,0.0,1.05469,0.0,0.00674,0.13537,Nothing,seated
0.31835,25,-0.00766975,-0.215333,0.0,0.0,0.0,0.0,0.0,0.0,0.0,0.0,1.05469,0.0,0.00674,0.13537,Nothing,seated
0.333471,26,-0.00383455,-0.215333,0.0,0.0,0.0,0.0,0.0,0.0,0.0,0.0,1.05469,0.0,0.00674,0.13537,Nothing,seated
0.347715,27,-0.00383455,-0.213224,0.0,0.0,0.0,0.0,0.0,0.0,0.0,0.0,1.23047,2.68463,0.00674,0.13537,Nothing,seated
0.359343,28,-0.00191719,-0.213224,0.0,0.0,0.0,0.0,0.0,0.0,0.0,0.0,1.23047,2.65803,0.00674,0.13537,Nothing,seated
0.371655,29,-0.00479347,-0.213224,0.0,0.0,0.0,0.0,0.0,0.0,0.0,0.0,1.23047,2.65575,0.00674,0.13537,Nothing,seated
0.383147,30,-0.00479347,-0.213224,0.0,0.0,0.0,0.0,0.0,0.0,0.0,0.0,1.23047,2.7128,0.00674,0.13537,Nothing,seated
0.393467,31,-0.00287611,-0.215333,0.0,0.0,0.0,0.0,0.0,0.0,0.0,0.0,1.23047,2.92989,0.00674,0.13537,Nothing,seated
0.403531,32,-0.00287611,-0.215333,0.0,0.0,0.0,0.0,0.0,0.0,0.0,0.0,1.23047,0.0,0.00674,0.13537,Nothing,seated
0.413599,33,-0.00575239,-0.216292,0.0,0.0,0.0,0.0,0.0,0.0,0.0,0.0,1.23047,0.0,0.00674,0.13537,Nothing,seated
0.423665,34,-0.00575239,-0.216292,0.0,0.0,0.0,0.0,0.0,0.0,0.0,0.0,1.23047,0.0,0.00674,0.13537,Nothing,seated
0.434653,35,-0.00287611,-0.213224,0.0,0.0,0.0,0.0,0.0,0.0,0.0,0.0,1.23047,0.0,0.00674,0.13537,Nothing,seated
0.447574,36,-0.00287611,-0.213224,0.0,0.0,0.0,0.0,0.0,0.0,0.0,0.0,1.23047,0.0,0.00674,0.13537,Nothing,seated
0.462363,37,-0.000958268,-0.213224,0.0,0.0,0.0,0.0,0.0,0.0,0.0,0.0,1.23047,0.0,0.00674,0.13537,Nothing,seated
0.475469,38,-0.00383455,-0.215333,0.0,0.0,0.0,0.0,0.0,0.0,0.0,0.0,1.23047,0.0,0.00674,0.13537,Nothing,seated
0.486585,39,-0.00383455,-0.215333,0.0,0.0,0.0,0.0,0.0,0.0,0.0,0.0,1.23047,0.0,0.00674,0.13537,Nothing,seated
0.512085,40,-0.00383455,-0.215333,0.0,0.0,0.0,0.0,0.0,0.0,0.0,0.0,1.23047,0.0,0.00674,0.13537,Nothing,seated
0.527213,41,-0.00479347,-0.215333,0.0,0.0,0.0,0.0,0.0,0.0,0.0,0.0,1.23047,0.0,0.00674,0.13537,Nothing,seated
0.539506,42,-0.00191719,-0.215333,0.0,0.0,0.0,0.0,0.0,0.0,0.0,0.0,1.23047,0.0,0.00674,0.13537,Nothing,seated
0.551472,43,-0.00191719,-0.216292,0.0,0.0,0.0,0.0,0.0,0.0,0.0,0.0,1.23047,0.0,0.00674,0.13537,Nothing,seated
0.591869,44,-0.00479347,-0.213224,0.0,0.0,0.0,0.0,0.0,0.0,0.0,0.0,1.23047,0.0,0.00674,0.13537,Nothing,seated
0.609342,45,-0.00383455,-0.216292,0.0,0.0,0.0,0.0,0.0,0.0,0.0,0.0,1.23047,0.0,0.00674,0.13537,Nothing,seated
0.62271,46,-0.00383455,-0.216292,0.0,0.0,0.0,0.0,0.0,0.0,0.0,0.0,1.23047,0.0,0.00674,0.13537,Nothing,seated
0.634348,47,-0.000958268,-0.213224,0.0,0.0,0.0,0.0,0.0,0.0,0.0,0.0,1.23047,0.0,0.00674,0.13537,Nothing,seated
0.648872,48,-0.000958268,-0.211306,0.0,0.0,0.0,0.0,0.0,0.0,0.0,0.0,1.23047,0.0,0.00674,0.13537,Nothing,seated
0.662216,49,-0.00287611,-0.211306,0.0,0.0,0.0,0.0,0.0,0.0,0.0,0.0,1.23047,0.0,0.00674,0.13537,Nothing,seated
0.674343,50,-0.00287611,-0.211306,0.0,0.0,0.0,0.0,0.0,0.0,0.0,0.0,1.23047,0.0,0.00674,0.13537,Nothing,seated
0.688967,51,-0.00287611,-0.213224,0.0,0.0,0.0,0.0,0.0,0.0,0.0,0.0,1.23047,0.0,0.00674,0.13537,Nothing,seated
0.69959,52,-0.000958268,-0.213224,0.0,0.0,0.0,0.0,0.0,0.0,0.0,0.0,1.23047,0.0,0.00674,0.13537,Nothing,seated
0.709659,53,-0.000958268,-0.214182,0.0,0.0,0.0,0.0,0.0,0.0,0.0,0.0,1.23047,0.0,0.00674,0.13537,Nothing,seated
0.721736,54,-0.00383455,-0.214182,0.0,0.0,0.0,0.0,0.0,0.0,0.0,0.0,1.23047,0.0,0.00674,0.13537,Nothing,seated
0.732943,55,-0.00383455,-0.214182,0.0,0.0,0.0,0.0,0.0,0.0,0.0,0.0,1.23047,0.0,0.00674,0.13537,Nothing,seated
0.744209,56,-0.00364286,-0.21399,0.0,0.0,0.0,0.0,0.0,0.0,0.0,0.0,1.05469,-3.18202,0.00674,0.13537,Nothing,seated
0.756342,57,-0.000958268,-0.214182,0.0,0.0,0.0,0.0,0.0,0.0,0.0,0.0,1.05469,-3.09736,0.00674,0.13537,Nothing,seated
0.775345,58,-0.000958268,-0.213224,0.0,0.0,0.0,0.0,0.0,0.0,0.0,0.0,1.05469,-2.67608,0.00674,0.13537,Nothing,seated
0.795344,59,-0.000958268,-0.213224,0.0,0.0,0.0,0.0,0.0,0.0,0.0,0.0,1.05469,-2.38808,0.00674,0.13537,Nothing,seated
0.809839,60,-0.00191719,-0.213224,0.0,0.0,0.0,0.0,0.0,0.0,0.0,0.0,1.05469,-2.28596,0.00674,0.13537,Nothing,seated
0.82387,61,-0.00575239,-0.214182,0.0,0.0,0.0,0.0,0.0,0.0,0.0,0.0,1.05469,0.0,0.00674,0.13537,Nothing,seated
0.836215,62,-0.00575239,-0.214182,0.0,0.0,0.0,0.0,0.0,0.0,0.0,0.0,1.05469,0.0,0.00674,0.13537,Nothing,seated
0.849963,63,-0.00287611,-0.213224,0.0,0.0,0.0,0.0,0.0,0.0,0.0,0.0,1.05469,0.0,0.00674,0.13537,Nothing,seated
0.867972,64,-0.00383455,-0.214182,0.0,0.0,0.0,0.0,0.0,0.0,0.0,0.0,1.05469,0.0,0.00674,0.13537,Nothing,seated
0.879086,65,-0.00383455,-0.214182,0.0,0.0,0.0,0.0,0.0,0.0,0.0,0.0,0.878906,-2.53847,0.00674,0.13537,Nothing,seated
0.889657,66,-0.00191719,-0.213224,0.0,0.0,0.0,0.0,0.0,0.0,0.0,0.0,0.878906,-2.67197,0.00674,0.13537,Nothing,seated
0.90319,67,-0.00191719,-0.213224,0.0,0.0,0.0,0.0,0.0,0.0,0.0,0.0,0.878906,-2.62458,0.00674,0.13537,Nothing,seated
0.919088,68,-0.00191719,-0.211306,0.0,0.0,0.0,0.0,0.0,0.0,0.0,0.0,0.878906,-2.54295,0.00674,0.13537,Nothing,seated
0.930866,69,1.74846e-07,-0.213224,0.0,0.0,0.0,0.0,0.0,0.0,0.0,0.0,0.878906,-2.79488,0.00674,0.13537,Nothing,seated
0.951215,70,-0.000958268,-0.213224,0.0,0.0,0.0,0.0,0.0,0.0,0.0,0.0,0.878906,0.0,0.00674,0.13537,Nothing,seated
0.963347,71,0.00115078,-0.214182,0.0,0.0,0.0,0.0,0.0,0.0,0.0,0.0,0.878906,0.0,0.00674,0.13537,Nothing,seated
0.979155,72,0.00115078,-0.215333,0.0,0.0,0.0,0.0,0.0,0.0,0.0,0.0,0.878906,0.0,0.00674,0.13537,Nothing,seated
0.990466,73,-0.00383455,-0.215333,0.0,0.0,0.0,0.0,0.0,0.0,0.0,0.0,0.878906,0.0,0.00674,0.13537,Nothing,seated
1.00265,74,-0.00766975,-0.213224,0.0,0.0,0.0,0.0,0.0,0.0,0.0,0.0,0.878906,0.0,0.00674,0.13537,Nothing,seated
1.01387,75,-0.00766975,-0.213224,0.0,0.0,0.0,0.0,0.0,0.0,0.0,0.0,0.878906,0.0,0.00674,0.13537,Nothing,seated
1.02508,76,-0.00383455,-0.214182,0.0,0.0,0.0,0.0,0.0,0.0,0.0,0.0,0.703125,-2.84721,0.00674,0.13537,Nothing,seated
1.03753,77,-0.00383455,-0.214182,0.0,0.0,0.0,0.0,0.0,0.0,0.0,0.0,0.703125,-3.01115,0.00674,0.13537,Nothing,seated
1.05097,78,-0.00383455,-0.214182,0.0,0.0,0.0,0.0,0.0,0.0,0.0,0.0,0.703125,-2.90551,0.00674,0.13537,Nothing,seated
1.06322,79,-0.00287611,-0.213224,0.0,0.0,0.0,0.0,0.0,0.0,0.0,0.0,0.703125,-2.90236,0.00674,0.13537,Nothing,seated
1.07497,80,-0.00287611,-0.213224,0.0,0.0,0.0,0.0,0.0,0.0,0.0,0.0,0.703125,-2.87727,0.00674,0.13537,Nothing,seated
1.08634,81,-0.000958268,-0.215333,0.0,0.0,0.0,0.0,0.0,0.0,0.0,0.0,0.703125,0.0,0.00674,0.13537,Nothing,seated
1.09943,82,-0.000958268,-0.214182,0.0,0.0,0.0,0.0,0.0,0.0,0.0,0.0,0.703125,0.0,0.00674,0.13537,Nothing,seated
1.11261,83,1.74846e-07,-0.214182,0.0,0.0,0.0,0.0,0.0,0.0,0.0,0.0,0.703125,0.0,0.00674,0.13537,Nothing,seated
1.12672,84,-0.00287611,-0.215333,0.0,0.0,0.0,0.0,0.0,0.0,0.0,0.0,0.703125,0.0,0.00674,0.13537,Nothing,seated
1.13907,85,-0.00287611,-0.210347,0.0,0.0,0.0,0.0,0.0,0.0,0.0,0.0,0.527344,-2.74226,0.00674,0.13537,Nothing,seated
1.15197,86,1.74846e-07,-0.210347,0.0,0.0,0.0,0.0,0.0,0.0,0.0,0.0,0.527344,-2.6785,0.00674,0.13537,Nothing,seated
1.16421,87,-0.00287611,-0.215333,0.0,0.0,0.0,0.0,0.0,0.0,0.0,0.0,0.527344,-2.71322,0.00674,0.13537,Nothing,seated
1.17947,88,-0.00287611,-0.212265,0.0,0.0,0.0,0.0,0.0,0.0,0.0,0.0,0.527344,-2.62937,0.00674,0.13537,Nothing,seated
1.19187,89,-0.00287611,-0.212265,0.0,0.0,0.0,0.0,0.0,0.0,0.0,0.0,0.527344,-2.69818,0.00674,0.13537,Nothing,seated
1.20612,90,-0.00287611,-0.212265,0.0,0.0,0.0,0.0,0.0,0.0,0.0,0.0,0.527344,0.0,0.00674,0.13537,Nothing,seated
1.21847,91,-0.00287611,-0.212265,0.0,0.0,0.0,0.0,0.0,0.0,0.0,0.0,0.527344,0.0,0.00674,0.13537,Nothing,seated
1.23057,92,-0.00479347,-0.214182,0.0,0.0,0.0,0.0,0.0,0.0,0.0,0.0,0.527344,0.0,0.00674,0.13537,Nothing,seated
1.24257,93,-0.00479347,-0.214374,0.0,0.0,0.0,0.0,0.0,0.0,0.0,0.0,0.527344,0.0,0.00674,0.13537,Nothing,seated
1.26459,94,-0.00191719,-0.213224,0.0,0.0,0.0,0.0,0.0,0.0,0.0,0.0,0.351562,-2.41727,0.00674,0.13537,Nothing,seated
1.27959,95,-0.00191719,-0.210347,0.0,0.0,0.0,0.0,0.0,0.0,0.0,0.0,0.351562,-2.39259,0.00674,0.13537,Nothing,seated
1.29221,96,-0.00383455,-0.210347,0.0,0.0,0.0,0.0,0.0,0.0,0.0,0.0,0.351562,-2.38377,0.00674,0.13537,Nothing,seated
1.30457,97,-0.00191719,-0.209197,0.0,0.0,0.0,0.0,0.0,0.0,0.0,0.0,0.351562,-2.37529,0.00674,0.13537,Nothing,seated
1.31597,98,-0.00191719,-0.209197,0.0,0.0,0.0,0.0,0.0,0.0,0.0,0.0,0.351562,-2.39487,0.00674,0.13537,Nothing,seated
1.32603,99,-0.00383455,-0.209197,0.0,0.0,0.0,0.0,0.0,0.0,0.0,0.0,0.351562,0.0,0.00674,0.13537,Nothing,seated
1.33635,100,-0.00383455,-0.214182,0.0,0.0,0.0,0.0,0.0,0.0,0.0,0.0,0.351562,0.0,0.00674,0.13537,Nothing,seated
1.34897,101,-0.00479347,-0.211306,0.0,0.0,0.0,0.0,0.0,0.0,0.0,0.0,0.351562,0.0,0.00674,0.13537,Nothing,seated
1.36548,102,-0.00479347,-0.211306,0.0,0.0,0.0,0.0,0.0,0.0,0.0,0.0,0.175781,-2.88611,0.00674,0.13537,Nothing,seated
1.37972,103,-0.00383455,-0.213224,0.0,0.0,0.0,0.0,0.0,0.0,0.0,0.0,0.175781,-2.75744,0.00674,0.13537,Nothing,seated
1.39121,104,-0.00383455,-0.213224,0.0,0.0,0.0,0.0,0.0,0.0,0.0,0.0,0.175781,-2.6969,0.00674,0.13537,Nothing,seated
1.40348,105,-0.00383455,-0.213224,0.0,0.0,0.0,0.0,0.0,0.0,0.0,0.0,0.175781,-2.6184,0.00674,0.13537,Nothing,seated
1.41509,106,-0.00287611,-0.213224,0.0,0.0,0.0,0.0,0.0,0.0,0.0,0.0,0.175781,-2.65871,0.00674,0.13537,Nothing,seated
1.42515,107,-0.00287611,-0.213224,0.0,0.0,0.0,0.0,0.0,0.0,0.0,0.0,0.175781,0.0,0.00674,0.13537,Nothing,seated
1.43635,108,-0.00287611,-0.214182,0.0,0.0,0.0,0.0,0.0,0.0,0.0,0.0,0.175781,0.0,0.00674,0.13537,Nothing,seated
1.44821,109,-0.00287611,-0.214182,0.0,0.0,0.0,0.0,0.0,0.0,0.0,0.0,0.175781,0.0,0.00674,0.13537,Nothing,seated
1.46065,110,-0.00671083,-0.211306,0.0,0.0,0.0,0.0,0.0,0.0,0.0,0.0,0.175781,0.0,0.00674,0.13537,Nothing,seated
1.47347,111,-0.000958268,-0.213224,0.0,0.0,0.0,0.0,0.0,0.0,0.0,0.0,0.175781,0.0,0.00674,0.13537,Nothing,seated
1.48959,112,-0.000958268,-0.214182,0.0,0.0,0.0,0.0,0.0,0.0,0.0,0.0,0.175781,0.0,0.00674,0.13537,Nothing,seated
1.50247,113,-0.00191719,-0.214182,0.0,0.0,0.0,0.0,0.0,0.0,0.0,0.0,0.175781,0.0,0.00674,0.13537,Nothing,seated
1.51447,114,-0.00287611,-0.213224,0.0,0.0,0.0,0.0,0.0,0.0,0.0,0.0,0.175781,0.0,0.00674,0.13537,Nothing,seated
1.52597,115,-0.00287611,-0.213224,0.0,0.0,0.0,0.0,0.0,0.0,0.0,0.0,0.0,-2.69121,0.00674,0.13537,Nothing,seated
1.53604,116,-0.00287611,-0.211306,0.0,0.0,0.0,0.0,0.0,0.0,0.0,0.0,0.0,-2.80926,0.00674,0.13537,Nothing,seated
1.54611,117,-0.000958268,-0.211306,0.0,0.0,0.0,0.0,0.0,0.0,0.0,0.0,0.0,-3.11007,0.00674,0.13537,Nothing,seated
1.55734,118,-0.00383455,-0.211306,0.0,0.0,0.0,0.0,0.0,0.0,0.0,0.0,0.0,-3.20336,0.00674,0.13537,Nothing,seated
1.57022,119,-0.00383455,-0.213224,0.0,0.0,0.0,0.0,0.0,0.0,0.0,0.0,0.0,-3.15319,0.00674,0.13537,Nothing,seated
1.58521,120,-0.00287611,-0.213224,0.0,0.0,0.0,0.0,0.0,0.0,0.0,0.0,0.0,0.0,0.00674,0.13537,Nothing,seated
1.59814,121,-0.00191719,-0.213224,0.0,0.0,0.0,0.0,0.0,0.0,0.0,0.0,0.0,0.0,0.00674,0.13537,Nothing,seated
1.60987,122,-0.00191719,-0.211306,0.0,0.0,0.0,0.0,0.0,0.0,0.0,0.0,0.0,0.0,0.00674,0.13537,Nothing,seated
1.62387,123,-0.00383455,-0.211306,0.0,0.0,0.0,0.0,0.0,0.0,0.0,0.0,0.0,0.0,0.00674,0.13537,Nothing,seated
1.63634,124,-0.00287611,-0.213224,0.0,0.0,0.0,0.0,0.0,0.0,0.0,0.0,0.0,0.0,0.00674,0.13537,Nothing,seated
1.64822,125,-0.00287611,-0.213224,0.0,0.0,0.0,0.0,0.0,0.0,0.0,0.0,0.0,0.0,0.00674,0.13537,Nothing,seated
1.66009,126,0.00210923,-0.213224,0.0,0.0,0.0,0.0,0.0,0.0,0.0,0.0,0.0,0.0,0.00674,0.13537,Nothing,seated
1.67309,127,0.00210923,-0.215333,0.0,0.0,0.0,0.0,0.0,0.0,0.0,0.0,0.0,0.0,0.00674,0.13537,Nothing,seated
1.68457,128,-0.00383455,-0.215333,0.0,0.0,0.0,0.0,0.0,0.0,0.0,0.0,0.0,0.0,0.00674,0.13537,Nothing,seated
1.69624,129,-0.00287611,-0.215333,0.0,0.0,0.0,0.0,0.0,0.0,0.0,0.0,0.0,0.0,0.00674,0.13537,Nothing,seated
1.70897,130,-0.00287611,-0.213224,0.0,0.0,0.0,0.0,0.0,0.0,0.0,0.0,0.0,0.0,0.00674,0.13537,Nothing,seated
1.72197,131,-0.00383455,-0.213224,0.0,0.0,0.0,0.0,0.0,0.0,0.0,0.0,0.0,0.0,0.00674,0.13537,Nothing,seated
1.73335,132,-0.00191719,-0.214182,0.0,0.0,0.0,0.0,0.0,0.0,0.0,0.0,0.0,0.0,0.00674,0.13537,Nothing,seated
1.74484,133,-0.00191719,-0.214182,0.0,0.0,0.0,0.0,0.0,0.0,0.0,0.0,0.0,0.0,0.00674,0.13537,Nothing,seated
1.75947,134,-0.00287611,-0.212265,0.0,0.0,0.0,0.0,0.0,0.0,0.0,0.0,0.0,0.0,0.00674,0.13537,Nothing,seated
