0.000100136,0,-1.60945,-0.287402,-9.59924,0.0,0.0,0.0,0.0,0.0,0.0,0.0,0.703125,0.0,0.00674,0.13537,None,seated
0.150172,1,0.411943,-0.718506,-8.89031,0.0,0.0,0.0,0.0,0.0,0.0,0.0,0.703125,0.0,0.0188,0.1476,Start,extended
0.300339,2,-3.42009,-0.344883,-8.39215,0.0,0.0,0.0,0.0,0.0,0.0,0.0,0.527344,0.0,0.0188,0.1476,Start,extended
0.450503,3,-7.95147,-0.0958008,-7.5012,0.0,0.0,0.0,0.0,0.0,0.0,0.0,0.527344,0.0,0.0188,0.1476,Start,extended
0.60067,4,-6.62941,-0.411943,-7.118,0.0,0.0,0.0,0.0,0.0,0.0,0.0,0.703125,0.0,0.0188,0.1476,Start,extended
0.750751,5,-6.65815,-0.479004,-7.1659,0.0,0.0,0.0,0.0,0.0,0.0,0.0,0.527344,-0.234172,0.00674,0.13537,Start,seated
0.900922,6,-4.08111,-0.162861,-8.42089,0.0,0.0,0.0,0.0,0.0,0.0,0.0,0.703125,0.0,0.00674,0.13537,Start,seated
1.05109,7,3.48715,-0.0287402,-9.20646,0.0,0.0,0.0,0.0,0.0,0.0,0.0,0.703125,0.23414,0.00674,0.13537,Start,seated
1.20126,8,-1.46575,-0.172441,-9.34058,0.0,0.0,0.0,0.0,0.0,0.0,0.0,0.527344,0.0,0.00674,0.13537,Start,seated
1.35143,9,-1.90644,-0.488584,-9.62798,0.0,0.0,0.0,0.0,0.0,0.0,0.0,0.703125,0.0,0.00674,0.13537,Start,seated
1.5016,10,-1.61903,-0.306563,-9.55134,0.0,0.0,0.0,0.0,0.0,0.0,0.0,0.703125,0.234109,0.00674,0.13537,Start,seated
1.65178,11,-1.59987,-0.220342,-9.54176,0.0,0.0,0.0,0.0,0.0,0.0,0.0,0.703125,0.0,0.00674,0.13537,Start,seated
1.80185,12,-2.41418,0.134121,-8.59333,0.0,0.0,0.0,0.0,0.0,0.0,0.0,0.703125,0.0,0.0188,0.1476,Start,extended
1.95202,13,-3.65959,-0.862207,-8.09517,0.0,0.0,0.0,0.0,0.0,0.0,0.0,0.527344,0.0,0.0188,0.1476,Start,extended
2.10219,14,-6.88808,0.0191602,-7.80776,0.0,0.0,0.0,0.0,0.0,0.0,0.0,0.703125,0.0,0.0188,0.1476,Start,extended
2.25236,15,-5.3361,-0.239502,-7.5012,0.0,0.0,0.0,0.0,0.0,0.0,0.0,0.703125,0.0,0.0188,0.1476,Start,extended
2.40252,16,-5.11576,-0.0574805,-7.04136,0.0,0.0,0.0,0.0,0.0,0.0,0.0,0.527344,-0.234141,0.0188,0.1476,Start,extended
2.55269,17,-6.56235,-0.134121,-7.62574,0.0,0.0,0.0,0.0,0.0,0.0,0.0,0.703125,0.0,0.0188,0.1476,Start,extended
2.70286,18,-6.39949,-0.153281,-7.46288,0.0,0.0,0.0,0.0,0.0,0.0,0.0,0.527344,0.0,0.0188,0.1476,Start,extended
2.85295,19,-8.21971,-0.162861,-7.39582,0.0,0.0,0.0,0.0,0.0,0.0,0.0,0.527344,-0.234138,0.00674,0.13537,Start,seated
3.00311,20,-5.11576,-0.249082,-8.50711,0.0,0.0,0.0,0.0,0.0,0.0,0.0,0.527344,-0.23414,0.00674,0.13537,Start,seated
3.15328,21,0.172441,0.574805,-7.94188,0.0,0.0,0.0,0.0,0.0,0.0,0.0,0.527344,0.0,0.00674,0.13537,Start,seated
3.30344,22,-2.14594,-0.0287402,-9.39806,0.0,0.0,0.0,0.0,0.0,0.0,0.0,0.351562,-0.468282,0.00674,0.13537,Start,seated
3.45361,23,-1.38911,-0.411943,-9.44596,0.0,0.0,0.0,0.0,0.0,0.0,0.0,0.527344,0.0,0.00674,0.13537,Start,seated
3.60378,24,-1.69567,-0.364043,-9.72378,0.0,0.0,0.0,0.0,0.0,0.0,0.0,0.527344,0.0,0.00674,0.13537,Start,seated
3.75387,25,-1.54239,-0.258662,-9.43638,0.0,0.0,0.0,0.0,0.0,0.0,0.0,0.703125,0.234137,0.00674,0.13537,Start,seated
3.90394,26,-1.93518,-0.622705,-9.46512,0.0,0.0,0.0,0.0,0.0,0.0,0.0,0.878906,0.468333,0.0188,0.1476,Start,extended
4.05411,27,-6.7827,0.162861,-8.50711,0.0,0.0,0.0,0.0,0.0,0.0,0.0,0.703125,0.468331,0.0188,0.1476,Start,extended
4.20428,28,-5.44148,-0.0287402,-7.42456,0.0,0.0,0.0,0.0,0.0,0.0,0.0,0.878906,0.468332,0.0188,0.1476,Start,extended
4.35445,29,-5.78637,-0.344883,-7.43414,0.0,0.0,0.0,0.0,0.0,0.0,0.0,0.878906,0.468328,0.0188,0.1476,Start,extended
4.50462,30,-6.15999,-0.182021,-7.48204,0.0,0.0,0.0,0.0,0.0,0.0,0.0,0.703125,0.0,0.0188,0.1476,Start,extended
4.65479,31,-6.18873,-0.0479004,-7.34792,0.0,0.0,0.0,0.0,0.0,0.0,0.0,0.703125,-0.234111,0.0188,0.1476,Start,extended
4.80487,32,-6.00671,-0.229922,-7.31918,0.0,0.0,0.0,0.0,0.0,0.0,0.0,0.703125,0.0,0.0188,0.1476,Start,extended
4.95495,33,-6.79228,-0.306563,-7.14674,0.0,0.0,0.0,0.0,0.0,0.0,0.0,0.527344,-0.46833,0.00674,0.13537,Start,seated
5.10512,34,-4.98164,0.277822,-7.31918,0.0,0.0,0.0,0.0,0.0,0.0,0.0,0.527344,-0.468335,0.00674,0.13537,Start,seated
5.25528,35,0.900527,-0.249082,-10.5189,0.0,0.0,0.0,0.0,0.0,0.0,0.0,0.351562,-0.468334,0.00674,0.13537,Start,seated
5.40545,36,-1.64777,-0.402363,-9.69504,0.0,0.0,0.0,0.0,0.0,0.0,0.0,0.175781,-0.702501,0.00674,0.13537,Start,seated
5.55562,37,-1.80105,-0.479004,-9.5226,0.0,0.0,0.0,0.0,0.0,0.0,0.0,0.351562,-0.468284,0.00674,0.13537,Start,seated
5.70578,38,-1.72441,-0.172441,-9.53218,0.0,0.0,0.0,0.0,0.0,0.0,0.0,0.351562,-0.234115,0.00674,0.13537,Start,seated
5.85587,39,-1.68609,-0.182021,-9.43638,0.0,0.0,0.0,0.0,0.0,0.0,0.0,0.527344,0.0,0.00674,0.13537,Start,seated
6.00594,40,-2.61536,-0.0670606,-10.8542,0.0,0.0,0.0,0.0,0.0,0.0,0.0,0.703125,0.468343,0.0188,0.1476,Start,extended
6.15611,41,-2.74948,-0.977168,-7.91315,0.0,0.0,0.0,0.0,0.0,0.0,0.0,0.527344,0.468343,0.0188,0.1476,Start,extended
6.30627,42,-5.17324,0.258662,-7.31918,0.0,0.0,0.0,0.0,0.0,0.0,0.0,0.703125,0.468343,0.0188,0.1476,Start,extended
6.45645,43,-5.26904,-0.249082,-6.93598,0.0,0.0,0.0,0.0,0.0,0.0,0.0,0.878906,0.702505,0.0188,0.1476,Start,extended
6.60662,44,-5.4798,-0.0958008,-6.9743,0.0,0.0,0.0,0.0,0.0,0.0,0.0,0.878906,0.468282,0.0188,0.1476,Start,extended
6.75679,45,-6.58151,-0.191602,-7.47246,0.0,0.0,0.0,0.0,0.0,0.0,0.0,0.878906,0.234109,0.0188,0.1476,Start,extended
6.90696,46,-6.42823,-0.210762,-7.43414,0.0,0.0,0.0,0.0,0.0,0.0,0.0,0.878906,0.468217,0.0188,0.1476,Start,extended
7.05704,47,-6.49529,-0.325723,-7.06052,0.0,0.0,0.0,0.0,0.0,0.0,0.0,0.703125,0.0,0.00674,0.13537,Start,seated
7.20721,48,-6.31327,-0.239502,-8.54543,0.0,0.0,0.0,0.0,0.0,0.0,0.0,0.703125,-0.234136,0.00674,0.13537,Start,seated
7.35738,49,-0.0670606,0.239502,-9.02443,0.0,0.0,0.0,0.0,0.0,0.0,0.0,0.527344,-0.468274,0.00674,0.13537,Start,seated
7.50755,50,-1.52323,-0.565225,-9.58008,0.0,0.0,0.0,0.0,0.0,0.0,0.0,0.351562,-0.702415,0.00674,0.13537,Start,seated
7.65771,51,-1.58071,-0.517324,-9.44596,0.0,0.0,0.0,0.0,0.0,0.0,0.0,0.351562,-0.702418,0.00674,0.13537,Start,seated
7.80787,52,-1.70525,-0.268242,-9.4747,0.0,0.0,0.0,0.0,0.0,0.0,0.0,0.351562,-0.468233,0.00674,0.13537,Start,seated
7.95805,53,-1.72441,-0.220342,-9.43638,0.0,0.0,0.0,0.0,0.0,0.0,0.0,0.351562,-0.468227,0.00674,0.13537,Start,seated
8.10812,54,-1.56155,0.134121,-10.0878,0.0,0.0,0.0,0.0,0.0,0.0,0.0,0.527344,0.0,0.0188,0.1476,Start,extended
8.2583,55,-2.49082,-0.747246,-6.76354,0.0,0.0,0.0,0.0,0.0,0.0,0.0,0.351562,0.0,0.0188,0.1476,Start,extended
8.40847,56,-4.27272,0.277822,-5.96839,0.0,0.0,0.0,0.0,0.0,0.0,0.0,0.703125,0.46828,0.0188,0.1476,Start,extended
8.55863,57,-5.82469,-0.325723,-6.45697,0.0,0.0,0.0,0.0,0.0,0.0,0.0,0.703125,0.468274,0.0188,0.1476,Start,extended
8.70881,58,-5.23072,-0.0383203,-6.86892,0.0,0.0,0.0,0.0,0.0,0.0,0.0,0.703125,0.468278,0.0188,0.1476,Start,extended
8.85887,59,-6.18873,-0.239502,-7.4533,0.0,0.0,0.0,0.0,0.0,0.0,0.0,0.878906,0.468287,0.0188,0.1476,Start,extended
9.00903,60,-6.39949,-0.162861,-7.46288,0.0,0.0,0.0,0.0,0.0,0.0,0.0,0.878906,0.702437,0.0188,0.1476,Start,extended
9.15912,61,-6.37075,0.134121,-6.38991,0.0,0.0,0.0,0.0,0.0,0.0,0.0,0.878906,0.234172,0.00674,0.13537,Start,seated
9.30929,62,-4.86668,-0.728086,-7.33834,0.0,0.0,0.0,0.0,0.0,0.0,0.0,0.878906,0.23417,0.00674,0.13537,Start,seated
9.45946,63,1.9735,-0.325723,-9.2831,0.0,0.0,0.0,0.0,0.0,0.0,0.0,0.703125,0.0,0.00674,0.13537,Start,seated
9.60962,64,-2.43334,-0.440684,-9.84832,0.0,0.0,0.0,0.0,0.0,0.0,0.0,0.527344,-0.468277,0.00674,0.13537,Start,seated
9.75979,65,-1.9735,-0.210762,-9.87706,0.0,0.0,0.0,0.0,0.0,0.0,0.0,0.703125,-0.234137,0.00674,0.13537,Start,seated
9.90997,66,-1.57113,-0.239502,-9.55134,0.0,0.0,0.0,0.0,0.0,0.0,0.0,0.351562,-0.702331,0.00674,0.13537,Start,seated
10.0601,67,-1.58071,-0.220342,-9.39806,0.0,0.0,0.0,0.0,0.0,0.0,0.0,0.527344,-0.468221,0.00674,0.13537,Start,seated
10.5145,68,-9.63756,0.162861,-8.71787,0.0,0.0,0.0,0.0,0.0,0.0,0.0,0.351562,-0.333207,0.0188,0.1476,Start,extended
10.6647,69,-4.92416,-0.153281,-8.04727,0.0,0.0,0.0,0.0,0.0,0.0,0.0,0.527344,0.0,0.0188,0.1476,Start,extended
10.8149,70,-6.53361,0.153281,-6.79228,0.0,0.0,0.0,0.0,0.0,0.0,0.0,0.703125,0.0,0.0188,0.1476,Start,extended
10.965,71,-6.56235,-0.0191602,-6.98388,0.0,0.0,0.0,0.0,0.0,0.0,0.0,0.703125,0.33321,0.0188,0.1476,Start,extended
11.1152,72,-6.70606,-0.277822,-7.51078,0.0,0.0,0.0,0.0,0.0,0.0,0.0,0.703125,0.166604,0.0188,0.1476,Start,extended
11.2653,73,-6.75396,-0.459844,-6.67731,0.0,0.0,0.0,0.0,0.0,0.0,0.0,0.703125,0.468275,0.00674,0.13537,Start,seated
11.4155,74,-5.0008,-0.134121,-8.13349,0.0,0.0,0.0,0.0,0.0,0.0,0.0,0.878906,0.468274,0.00674,0.13537,Start,seated
11.5656,75,0.661025,0.450264,-9.45554,0.0,0.0,0.0,0.0,0.0,0.0,0.0,0.703125,0.0,0.00674,0.13537,Start,seated
11.7158,76,-1.49449,-0.431104,-10.0016,0.0,0.0,0.0,0.0,0.0,0.0,0.0,0.703125,0.0,0.00674,0.13537,Start,seated
11.8659,77,-1.57113,-0.354463,-9.6663,0.0,0.0,0.0,0.0,0.0,0.0,0.0,0.703125,0.0,0.00674,0.13537,Start,seated
12.016,78,-1.38911,-0.354463,-9.5226,0.0,0.0,0.0,0.0,0.0,0.0,0.0,0.527344,-0.234147,0.00674,0.13537,Start,seated
12.1662,79,-1.49449,-0.277822,-9.58008,0.0,0.0,0.0,0.0,0.0,0.0,0.0,0.703125,-0.234147,0.00674,0.13537,Start,seated
12.3163,80,0.622705,0.335303,-10.7967,0.0,0.0,0.0,0.0,0.0,0.0,0.0,0.703125,0.0,0.0188,0.1476,Start,extended
12.4664,81,-4.10985,0.411943,-8.85199,0.0,0.0,0.0,0.0,0.0,0.0,0.0,0.351562,-0.468356,0.0188,0.1476,Start,extended
12.6166,82,-7.43414,0.134121,-7.51078,0.0,0.0,0.0,0.0,0.0,0.0,0.0,0.527344,-0.234142,0.0188,0.1476,Start,extended
12.7668,83,-6.77312,-0.258662,-7.90356,0.0,0.0,0.0,0.0,0.0,0.0,0.0,0.527344,0.0,0.0188,0.1476,Start,extended
12.917,84,-6.23663,-0.287402,-7.39582,0.0,0.0,0.0,0.0,0.0,0.0,0.0,0.527344,-0.234143,0.0188,0.1476,Start,extended
13.0671,85,-6.05461,-0.114961,-7.39582,0.0,0.0,0.0,0.0,0.0,0.0,0.0,0.703125,0.0,0.0188,0.1476,Start,extended
13.2173,86,-6.26537,-0.210762,-7.4054,0.0,0.0,0.0,0.0,0.0,0.0,0.0,0.527344,0.234112,0.0188,0.1476,Start,extended
13.3674,87,-6.64857,-0.0191602,-7.13716,0.0,0.0,0.0,0.0,0.0,0.0,0.0,0.527344,0.0,0.00674,0.13537,Start,seated
13.5175,88,-3.64043,-0.919688,-7.98021,0.0,0.0,0.0,0.0,0.0,0.0,0.0,0.703125,0.234137,0.00674,0.13537,Start,seated
13.6677,89,3.59253,-0.996328,-8.97653,0.0,0.0,0.0,0.0,0.0,0.0,0.0,0.703125,0.234137,0.00674,0.13537,Start,seated
13.8179,90,-1.14961,-0.296982,-9.69504,0.0,0.0,0.0,0.0,0.0,0.0,0.0,0.527344,-0.234139,0.00674,0.13537,Start,seated
13.968,91,-1.89686,-0.383203,-9.62798,0.0,0.0,0.0,0.0,0.0,0.0,0.0,0.703125,0.234139,0.00674,0.13537,Start,seated
14.1182,92,-1.53281,-0.229922,-9.3789,0.0,0.0,0.0,0.0,0.0,0.0,0.0,0.703125,0.234111,0.00674,0.13537,Start,seated
14.2684,93,-1.61903,-0.306563,-9.6663,0.0,0.0,0.0,0.0,0.0,0.0,0.0,0.703125,0.0,0.00674,0.13537,Start,seated
14.4185,94,-0.843047,-0.344883,-8.91905,0.0,0.0,0.0,0.0,0.0,0.0,0.0,0.878906,0.234141,0.0188,0.1476,Start,extended
14.5686,95,-2.79738,-0.536484,-7.77902,0.0,0.0,0.0,0.0,0.0,0.0,0.0,0.527344,0.0,0.0188,0.1476,Start,extended
14.7188,96,-7.00304,-0.0287402,-7.08926,0.0,0.0,0.0,0.0,0.0,0.0,0.0,0.703125,0.0,0.0188,0.1476,Start,extended
14.8689,97,-6.47613,-0.440684,-7.5491,0.0,0.0,0.0,0.0,0.0,0.0,0.0,0.703125,0.0,0.0188,0.1476,Start,extended
15.0191,98,-6.31327,0.0287402,-7.5012,0.0,0.0,0.0,0.0,0.0,0.0,0.0,0.527344,-0.234148,0.0188,0.1476,Start,extended
15.1693,99,-6.09293,-0.172441,-7.34792,0.0,0.0,0.0,0.0,0.0,0.0,0.0,0.703125,-0.234118,0.0188,0.1476,Start,extended
15.3194,100,-6.31327,-0.220342,-7.41498,0.0,0.0,0.0,0.0,0.0,0.0,0.0,0.527344,0.0,0.0188,0.1476,Start,extended
15.4695,101,-6.63899,-0.239502,-7.3096,0.0,0.0,0.0,0.0,0.0,0.0,0.0,0.527344,-0.23414,0.00674,0.13537,Start,seated
15.6197,102,-5.57561,-0.536484,-8.85199,0.0,0.0,0.0,0.0,0.0,0.0,0.0,0.527344,-0.23414,0.00674,0.13537,Start,seated
15.7699,103,-0.881367,-0.344883,-10.7776,0.0,0.0,0.0,0.0,0.0,0.0,0.0,0.527344,0.0,0.00674,0.13537,Start,seated
15.92,104,-1.37953,-0.450264,-9.9058,0.0,0.0,0.0,0.0,0.0,0.0,0.0,0.351562,-0.468278,0.00674,0.13537,Start,seated
16.0702,105,-1.32205,-0.440684,-9.58966,0.0,0.0,0.0,0.0,0.0,0.0,0.0,0.527344,0.0,0.00674,0.13537,Start,seated
16.2204,106,-1.59029,-0.201182,-9.6184,0.0,0.0,0.0,0.0,0.0,0.0,0.0,0.527344,0.0,0.00674,0.13537,Start,seated
16.3705,107,-1.54239,-0.191602,-9.39806,0.0,0.0,0.0,0.0,0.0,0.0,0.0,0.703125,0.234111,0.00674,0.13537,Start,seated
16.5206,108,-1.64777,-0.756826,-10.5285,0.0,0.0,0.0,0.0,0.0,0.0,0.0,0.703125,0.23414,0.0188,0.1476,Start,extended
16.6708,109,-8.42089,-0.0766406,-7.597,0.0,0.0,0.0,0.0,0.0,0.0,0.0,0.703125,0.468284,0.0188,0.1476,Start,extended
16.8209,110,-7.07968,0.191602,-8.27719,0.0,0.0,0.0,0.0,0.0,0.0,0.0,0.878906,0.468288,0.0188,0.1476,Start,extended
16.9711,111,-6.32285,-0.536484,-7.51078,0.0,0.0,0.0,0.0,0.0,0.0,0.0,0.878906,0.468287,0.0188,0.1476,Start,extended
17.1213,112,-5.67141,-0.153281,-7.63532,0.0,0.0,0.0,0.0,0.0,0.0,0.0,0.703125,0.0,0.0188,0.1476,Start,extended
17.2715,113,-6.17915,-0.153281,-7.42456,0.0,0.0,0.0,0.0,0.0,0.0,0.0,0.878906,0.234114,0.0188,0.1476,Start,extended
17.4216,114,-6.24621,-0.191602,-7.56826,0.0,0.0,0.0,0.0,0.0,0.0,0.0,0.703125,0.0,0.0188,0.1476,Start,extended
17.5717,115,-6.39949,-0.0383203,-7.39582,0.0,0.0,0.0,0.0,0.0,0.0,0.0,0.527344,-0.468276,0.00674,0.13537,Start,seated
17.7219,116,-4.64634,-1.03465,-6.93598,0.0,0.0,0.0,0.0,0.0,0.0,0.0,0.527344,-0.468281,0.00674,0.13537,Start,seated
17.872,117,2.73032,-0.316143,-8.94779,0.0,0.0,0.0,0.0,0.0,0.0,0.0,0.351562,-0.468285,0.00674,0.13537,Start,seated
18.0222,118,-2.25132,-0.651445,-9.96328,0.0,0.0,0.0,0.0,0.0,0.0,0.0,0.351562,-0.702431,0.00674,0.13537,Start,seated
18.1724,119,-1.59987,-0.229922,-9.75252,0.0,0.0,0.0,0.0,0.0,0.0,0.0,0.351562,-0.468286,0.00674,0.13537,Start,seated
18.3225,120,-1.64777,-0.172441,-9.4268,0.0,0.0,0.0,0.0,0.0,0.0,0.0,0.351562,-0.234117,0.00674,0.13537,Start,seated
18.4727,121,-1.66693,-0.268242,-9.55134,0.0,0.0,0.0,0.0,0.0,0.0,0.0,0.527344,0.0,0.00674,0.13537,Start,seated
18.6228,122,-0.775986,-0.316143,-9.5705,0.0,0.0,0.0,0.0,0.0,0.0,0.0,0.703125,0.468282,0.0188,0.1476,Start,extended
18.7729,123,-6.04503,-1.37953,-6.89766,0.0,0.0,0.0,0.0,0.0,0.0,0.0,0.703125,0.468332,0.0188,0.1476,Start,extended
18.923,124,-4.43558,-0.479004,-7.01262,0.0,0.0,0.0,0.0,0.0,0.0,0.0,0.878906,0.7025,0.0188,0.1476,Start,extended
19.0732,125,-6.20789,-0.373623,-7.92272,0.0,0.0,0.0,0.0,0.0,0.0,0.0,0.878906,0.702498,0.0188,0.1476,Start,extended
19.2234,126,-6.06419,-0.316143,-7.60658,0.0,0.0,0.0,0.0,0.0,0.0,0.0,0.878906,0.468334,0.0188,0.1476,Start,extended
19.3735,127,-6.04503,-0.0383203,-7.24254,0.0,0.0,0.0,0.0,0.0,0.0,0.0,0.878906,0.234141,0.0188,0.1476,Start,extended
19.5237,128,-6.12167,-0.210762,-7.4054,0.0,0.0,0.0,0.0,0.0,0.0,0.0,0.878906,0.234116,0.0188,0.1476,Start,extended
19.6738,129,-6.10251,-0.124541,-6.66773,0.0,0.0,0.0,0.0,0.0,0.0,0.0,0.703125,-0.234143,0.00674,0.13537,Start,seated
19.8239,130,-3.79371,-0.756826,-6.38991,0.0,0.0,0.0,0.0,0.0,0.0,0.0,0.703125,-0.234148,0.00674,0.13537,Start,seated
19.9741,131,2.23216,-0.795147,-10.883,0.0,0.0,0.0,0.0,0.0,0.0,0.0,0.527344,-0.468309,0.00674,0.13537,Start,seated
20.1242,132,-1.93518,-0.354463,-9.9537,0.0,0.0,0.0,0.0,0.0,0.0,0.0,0.351562,-0.702456,0.00674,0.13537,Start,seated
20.2744,133,-1.62861,-0.459844,-9.38848,0.0,0.0,0.0,0.0,0.0,0.0,0.0,0.351562,-0.702456,0.00674,0.13537,Start,seated
20.4245,134,-1.60945,-0.249082,-9.55134,0.0,0.0,0.0,0.0,0.0,0.0,0.0,0.351562,-0.468273,0.00674,0.13537,Start,seated
20.5747,135,-1.62861,-0.258662,-9.58008,0.0,0.0,0.0,0.0,0.0,0.0,0.0,0.351562,-0.468264,0.00674,0.13537,Start,seated
20.7248,136,-2.04056,0.0287402,-10.2028,0.0,0.0,0.0,0.0,0.0,0.0,0.0,0.527344,0.0,0.0188,0.1476,Start,extended
20.8749,137,-2.00224,0.546064,-8.58375,0.0,0.0,0.0,0.0,0.0,0.0,0.0,0.351562,0.0,0.0188,0.1476,Start,extended
21.025,138,-7.0222,0.0574805,-7.3096,0.0,0.0,0.0,0.0,0.0,0.0,0.0,0.703125,0.468372,0.0188,0.1476,Start,extended
21.1752,139,-8.03769,-0.277822,-7.77902,0.0,0.0,0.0,0.0,0.0,0.0,0.0,0.703125,0.468354,0.0188,0.1476,Start,extended
21.3253,140,-5.40316,0.0191602,-6.99346,0.0,0.0,0.0,0.0,0.0,0.0,0.0,0.703125,0.468354,0.0188,0.1476,Start,extended
21.4755,141,-6.29411,-0.162861,-7.55868,0.0,0.0,0.0,0.0,0.0,0.0,0.0,0.878906,0.468294,0.0188,0.1476,Start,extended
21.6257,142,-6.41865,-0.220342,-7.43414,0.0,0.0,0.0,0.0,0.0,0.0,0.0,0.878906,0.702369,0.0188,0.1476,Start,extended
21.7758,143,-6.82102,-0.114961,-7.00304,0.0,0.0,0.0,0.0,0.0,0.0,0.0,0.878906,0.234144,0.00674,0.13537,Start,seated
21.9259,144,-10.0495,0.0574805,-9.93454,0.0,0.0,0.0,0.0,0.0,0.0,0.0,0.878906,0.23414,0.00674,0.13537,Start,seated
22.0761,145,-1.18793,-0.632285,-8.68913,0.0,0.0,0.0,0.0,0.0,0.0,0.0,0.703125,0.0,0.00674,0.13537,Start,seated
22.2263,146,-1.49449,-0.632285,-9.45554,0.0,0.0,0.0,0.0,0.0,0.0,0.0,0.527344,-0.46828,0.00674,0.13537,Start,seated
22.3764,147,-1.64777,-0.459844,-9.41722,0.0,0.0,0.0,0.0,0.0,0.0,0.0,0.527344,-0.468279,0.00674,0.13537,Start,seated
22.5266,148,-1.70525,-0.239502,-9.84832,0.0,0.0,0.0,0.0,0.0,0.0,0.0,0.351562,-0.702339,0.00674,0.13537,Start,seated
22.6768,149,-1.45617,-0.210762,-9.36932,0.0,0.0,0.0,0.0,0.0,0.0,0.0,0.527344,-0.46823,0.00674,0.13537,Start,seated
22.8268,150,-1.39869,0.325723,-11.429,0.0,0.0,0.0,0.0,0.0,0.0,0.0,0.527344,-0.234143,0.0188,0.1476,Start,extended
22.977,151,-3.54463,-0.00958008,-9.84832,0.0,0.0,0.0,0.0,0.0,0.0,0.0,0.351562,-0.234144,0.0188,0.1476,Start,extended
23.1272,152,-10.1453,-0.450264,-9.17772,0.0,0.0,0.0,0.0,0.0,0.0,0.0,0.703125,0.234145,0.0188,0.1476,Start,extended
23.2773,153,-5.57561,-0.172441,-7.3575,0.0,0.0,0.0,0.0,0.0,0.0,0.0,0.703125,0.468292,0.0188,0.1476,Start,extended
23.4275,154,-6.72521,0.0574805,-7.6449,0.0,0.0,0.0,0.0,0.0,0.0,0.0,0.703125,0.234144,0.0188,0.1476,Start,extended
23.5777,155,-6.34201,-0.201182,-7.2617,0.0,0.0,0.0,0.0,0.0,0.0,0.0,0.703125,0.234115,0.0188,0.1476,Start,extended
23.7279,156,-5.93965,-0.162861,-7.09884,0.0,0.0,0.0,0.0,0.0,0.0,0.0,0.703125,0.468219,0.0188,0.1476,Start,extended
23.8779,157,-6.21747,0.0862207,-6.93598,0.0,0.0,0.0,0.0,0.0,0.0,0.0,0.703125,0.0,0.00674,0.13537,Start,seated
24.0281,158,-5.55645,-0.325723,-8.63165,0.0,0.0,0.0,0.0,0.0,0.0,0.0,0.703125,0.0,0.00674,0.13537,Start,seated
24.1783,159,1.01549,0.258662,-11.2758,0.0,0.0,0.0,0.0,0.0,0.0,0.0,0.703125,0.0,0.00674,0.13537,Start,seated
24.3284,160,-1.47533,-0.0574805,-9.78126,0.0,0.0,0.0,0.0,0.0,0.0,0.0,0.527344,-0.234135,0.00674,0.13537,Start,seated
24.4786,161,-1.39869,-0.402363,-9.2831,0.0,0.0,0.0,0.0,0.0,0.0,0.0,0.703125,0.0,0.00674,0.13537,Start,seated
24.6288,162,-1.70525,-0.249082,-9.43638,0.0,0.0,0.0,0.0,0.0,0.0,0.0,0.527344,-0.23411,0.00674,0.13537,Start,seated
24.7789,163,-1.59029,-0.249082,-9.32142,0.0,0.0,0.0,0.0,0.0,0.0,0.0,0.703125,0.0,0.00674,0.13537,Start,seated
24.9289,164,-1.42743,-0.373623,-10.2219,0.0,0.0,0.0,0.0,0.0,0.0,0.0,0.703125,0.0,0.0188,0.1476,Start,extended
25.0791,165,-2.95066,-0.162861,-8.03769,0.0,0.0,0.0,0.0,0.0,0.0,0.0,0.351562,-0.234166,0.0188,0.1476,Start,extended
25.2293,166,-4.31104,-0.392783,-5.60435,0.0,0.0,0.0,0.0,0.0,0.0,0.0,0.703125,0.0,0.0188,0.1476,Start,extended
25.3794,167,-5.54687,-0.354463,-7.25212,0.0,0.0,0.0,0.0,0.0,0.0,0.0,0.703125,0.234168,0.0188,0.1476,Start,extended
25.5296,168,-5.1445,-0.114961,-6.8306,0.0,0.0,0.0,0.0,0.0,0.0,0.0,0.527344,-0.234141,0.0188,0.1476,Start,extended
25.6798,169,-6.36117,-0.172441,-7.44372,0.0,0.0,0.0,0.0,0.0,0.0,0.0,0.703125,0.0,0.0188,0.1476,Start,extended
25.83,170,-6.47613,-0.229922,-7.55868,0.0,0.0,0.0,0.0,0.0,0.0,0.0,0.703125,0.468226,0.0188,0.1476,Start,extended
25.98,171,-6.30369,-0.0191602,-6.71563,0.0,0.0,0.0,0.0,0.0,0.0,0.0,0.527344,-0.234139,0.00674,0.13537,Start,seated
26.1302,172,-5.88217,-0.680186,-7.75986,0.0,0.0,0.0,0.0,0.0,0.0,0.0,0.703125,0.0,0.00674,0.13537,Start,seated
26.2804,173,3.07521,-0.546064,-9.88664,0.0,0.0,0.0,0.0,0.0,0.0,0.0,0.703125,0.234139,0.00674,0.13537,Start,seated
26.4305,174,-1.44659,-0.0574805,-9.26394,0.0,0.0,0.0,0.0,0.0,0.0,0.0,0.527344,-0.23414,0.00674,0.13537,Start,seated
26.5807,175,-2.12678,-0.114961,-9.7621,0.0,0.0,0.0,0.0,0.0,0.0,0.0,0.703125,0.0,0.00674,0.13537,Start,seated
26.7309,176,-1.80105,-0.249082,-9.62798,0.0,0.0,0.0,0.0,0.0,0.0,0.0,0.703125,0.234114,0.00674,0.13537,Start,seated
26.881,177,-1.55197,-0.249082,-9.58966,0.0,0.0,0.0,0.0,0.0,0.0,0.0,0.703125,0.0,0.00674,0.13537,Start,seated
27.0311,178,-0.996328,-0.306563,-8.24845,0.0,0.0,0.0,0.0,0.0,0.0,0.0,0.703125,0.0,0.0188,0.1476,Start,extended
27.1813,179,-7.57784,-1.06339,-7.06052,0.0,0.0,0.0,0.0,0.0,0.0,0.0,0.527344,0.0,0.0188,0.1476,Start,extended
27.3314,180,-4.39726,-0.431104,-6.09293,0.0,0.0,0.0,0.0,0.0,0.0,0.0,0.703125,0.0,0.0188,0.1476,Start,extended
27.4816,181,-6.01629,-0.373623,-7.55868,0.0,0.0,0.0,0.0,0.0,0.0,0.0,0.703125,0.0,0.0188,0.1476,Start,extended
27.6318,182,-6.13125,-0.143701,-7.43414,0.0,0.0,0.0,0.0,0.0,0.0,0.0,0.703125,0.0,0.0188,0.1476,Start,extended
27.7819,183,-6.33243,-0.0862207,-7.41498,0.0,0.0,0.0,0.0,0.0,0.0,0.0,0.703125,0.0,0.0188,0.1476,Start,extended
