1.788139343261718750e-05 -6.207890987396240234e+00 -1.532812565565109253e-01 -8.018526077270507812e+00 4.580637067556381226e-02 7.582019567489624023e-01 2.556634694337844849e-02 -2.461538461538461675e+00 -3.252747252747253182e+00 1.318681318681318659e+00 2.637362637362637430e-01 -1.335937500000000000e+01 1.000000000000000000e+00
2.001688480377197266e-01 -7.060517787933349609e+00 -1.149609386920928955e-01 -8.947793006896972656e+00 5.965480953454971313e-02 1.067394971847534180e+00 3.781688958406448364e-02 -2.285714285714285587e+00 -3.252747252747253182e+00 1.318681318681318659e+00 1.758241758241758101e-01 -1.406250000000000000e+00 1.000000000000000000e+00
4.003169536590576172e-01 -7.117998123168945312e+00 -2.586621344089508057e-01 -8.966953277587890625e+00 5.858954414725303650e-02 1.120125532150268555e+00 3.462109342217445374e-02 -1.318681318681318659e+00 -3.252747252747253182e+00 1.406593406593406481e+00 1.758241758241758101e-01 1.072265625000000000e+01 1.000000000000000000e+00
6.004657745361328125e-01 -6.351592063903808594e+00 -3.448828160762786865e-01 -8.008945465087890625e+00 6.285060197114944458e-02 9.089369177818298340e-01 2.609897963702678680e-02 -9.670329670329670391e-01 -3.252747252747253182e+00 1.406593406593406481e+00 1.758241758241758101e-01 2.056640625000000000e+01 1.000000000000000000e+00
8.006188869476318359e-01 -5.518125057220458984e+00 -2.586621344089508057e-01 -6.955137252807617188e+00 5.299690738320350647e-02 4.745753109455108643e-01 1.997370831668376923e-02 -1.670329670329670391e+00 -3.340659340659340781e+00 1.494505494505494525e+00 1.758241758241758101e-01 2.548828125000000000e+01 1.000000000000000000e+00
1.000767946243286133e+00 -5.221142768859863281e+00 -1.724414080381393433e-01 -6.600674152374267578e+00 2.316950261592864990e-02 -5.699164792895317078e-02 5.858954507857561111e-03 -1.934065934065934078e+00 -3.340659340659340781e+00 1.494505494505494525e+00 1.758241758241758101e-01 2.460937500000000000e+01 1.000000000000000000e+00
1.200912952423095703e+00 -5.671406269073486328e+00 -2.107617259025573730e-01 -7.300019741058349609e+00 2.663161139935255051e-03 -5.811017751693725586e-01 -5.858954507857561111e-03 -1.494505494505494525e+00 -3.340659340659340781e+00 1.406593406593406481e+00 1.758241758241758101e-01 1.775390625000000000e+01 1.000000000000000000e+00
1.401053905487060547e+00 -6.600674152374267578e+00 -2.874023616313934326e-01 -8.344248771667480469e+00 -1.544633507728576660e-02 -9.747169613838195801e-01 -1.624528318643569946e-02 -1.230769230769230838e+00 -3.252747252747253182e+00 1.406593406593406481e+00 8.791208791208790507e-02 6.679687500000000000e+00 1.000000000000000000e+00
1.601198911666870117e+00 -7.127578258514404297e+00 -2.778222858905792236e-01 -9.091494560241699219e+00 -1.518001873046159744e-02 -1.125451922416687012e+00 -1.784317940473556519e-02 -1.934065934065934078e+00 -3.252747252747253182e+00 1.318681318681318659e+00 1.758241758241758101e-01 -5.273437500000000000e+00 1.000000000000000000e+00
1.801345825195312500e+00 -6.782695770263671875e+00 -1.532812565565109253e-01 -8.746611595153808594e+00 -2.396845025941729546e-03 -1.015729665756225586e+00 -2.343581803143024445e-02 -2.549450549450549275e+00 -3.252747252747253182e+00 1.318681318681318659e+00 1.758241758241758101e-01 -1.634765625000000000e+01 1.000000000000000000e+00
2.001490831375122070e+00 -5.930068492889404297e+00 -1.341211050748825073e-01 -7.740703582763671875e+00 1.411475427448749542e-02 -6.689860820770263672e-01 -2.050634101033210754e-02 -2.021978021978021900e+00 -3.252747252747253182e+00 1.318681318681318659e+00 2.637362637362637430e-01 -2.337890625000000000e+01 1.000000000000000000e+00
2.201640844345092773e+00 -5.364843845367431641e+00 -2.299218773841857910e-01 -7.060517787933349609e+00 1.810949668288230896e-02 -1.584580838680267334e-01 1.384843792766332626e-02 -3.516483516483516203e-01 -3.252747252747253182e+00 1.318681318681318659e+00 1.758241758241758101e-01 -2.496093750000000000e+01 1.000000000000000000e+00
2.401786804199218750e+00 -5.546865463256835938e+00 -4.023633003234863281e-01 -7.261699676513671875e+00 2.503371424973011017e-02 3.605920076370239258e-01 3.222424909472465515e-02 4.395604395604395531e-01 -3.252747252747253182e+00 1.318681318681318659e+00 1.758241758241758101e-01 -2.074218750000000000e+01 1.000000000000000000e+00
2.601937770843505859e+00 -6.399492263793945312e+00 -2.969824373722076416e-01 -8.190967559814453125e+00 4.953479766845703125e-02 8.106662631034851074e-01 1.384843792766332626e-02 -7.912087912087911734e-01 -3.252747252747253182e+00 1.318681318681318659e+00 1.758241758241758101e-01 -1.160156250000000000e+01 1.000000000000000000e+00
2.802084922790527344e+00 -7.050937652587890625e+00 -1.053808629512786865e-01 -8.938213348388671875e+00 6.338323652744293213e-02 1.070058107376098633e+00 3.568635880947113037e-02 -3.076923076923077094e+00 -3.252747252747253182e+00 1.318681318681318659e+00 1.758241758241758101e-01 5.273437500000000000e-01 1.000000000000000000e+00
3.002228975296020508e+00 -7.012617588043212891e+00 -6.706055253744125366e-02 -8.804092407226562500e+00 6.578008085489273071e-02 1.088966608047485352e+00 3.036003746092319489e-02 -3.164835164835164694e+00 -3.252747252747253182e+00 1.406593406593406481e+00 8.791208791208790507e-02 1.318359375000000000e+01 1.000000000000000000e+00
3.202358007431030273e+00 -6.217471122741699219e+00 -2.395019680261611938e-01 -7.788603782653808594e+00 5.965480953454971313e-02 8.285094499588012695e-01 2.929477207362651825e-02 -1.494505494505494525e+00 -3.252747252747253182e+00 1.406593406593406481e+00 8.791208791208790507e-02 2.126953125000000000e+01 1.000000000000000000e+00
3.402503967285156250e+00 -5.412744522094726562e+00 -3.832031488418579102e-01 -6.897656440734863281e+00 3.595267608761787415e-02 3.842941522598266602e-01 1.597896590828895569e-02 -1.758241758241758101e-01 -3.340659340659340781e+00 1.406593406593406481e+00 8.791208791208790507e-02 2.513671875000000000e+01 1.000000000000000000e+00
3.602652788162231445e+00 -5.249883174896240234e+00 -3.640429973602294922e-01 -6.638994216918945312e+00 2.396845072507858276e-02 -1.443433314561843872e-01 2.663161139935255051e-04 -1.230769230769230838e+00 -3.340659340659340781e+00 1.406593406593406481e+00 8.791208791208790507e-02 2.337890625000000000e+01 1.000000000000000000e+00
3.802797794342041016e+00 -5.834267616271972656e+00 -1.437011808156967163e-01 -7.434141159057617188e+00 -1.331580569967627525e-03 -6.343649625778198242e-01 -1.278317254036664963e-02 -2.725274725274725363e+00 -3.252747252747253182e+00 1.406593406593406481e+00 8.791208791208790507e-02 1.634765625000000000e+01 1.000000000000000000e+00
4.002952814102172852e+00 -6.725214958190917969e+00 -1.532812565565109253e-01 -8.507109642028808594e+00 -1.544633507728576660e-02 -9.811085462570190430e-01 -1.784317940473556519e-02 -2.637362637362637319e+00 -3.252747252747253182e+00 1.318681318681318659e+00 8.791208791208790507e-02 4.746093750000000000e+00 1.000000000000000000e+00
4.203097820281982422e+00 -7.012617588043212891e+00 -2.299218773841857910e-01 -9.024434089660644531e+00 -9.587380103766918182e-03 -1.098021388053894043e+00 -1.571265049278736115e-02 -1.582417582417582347e+00 -3.164835164835164694e+00 1.318681318681318659e+00 8.791208791208790507e-02 -6.855468750000000000e+00 1.000000000000000000e+00
4.403242826461791992e+00 -6.581513881683349609e+00 -3.448828160762786865e-01 -8.507109642028808594e+00 -2.663161139935255051e-03 -9.544769525527954102e-01 -1.118527725338935852e-02 -9.670329670329670391e-01 -3.164835164835164694e+00 1.318681318681318659e+00 8.791208791208790507e-02 -1.705078125000000000e+01 1.000000000000000000e+00
4.603392839431762695e+00 -5.805527687072753906e+00 -2.490820437669754028e-01 -7.549101829528808594e+00 2.183792181313037872e-02 -5.840312242507934570e-01 -2.450108155608177185e-02 -1.230769230769230838e+00 -3.164835164835164694e+00 1.318681318681318659e+00 1.758241758241758101e-01 -2.337890625000000000e+01 1.000000000000000000e+00
4.803533792495727539e+00 -5.374423980712890625e+00 -2.203418016433715820e-01 -7.098838329315185547e+00 2.929477207362651825e-02 -7.403588294982910156e-02 -2.663161139935255051e-04 -1.318681318681318659e+00 -3.252747252747253182e+00 1.318681318681318659e+00 1.758241758241758101e-01 -2.408203125000000000e+01 1.000000000000000000e+00
5.003681898117065430e+00 -5.700146675109863281e+00 -2.586621344089508057e-01 -7.462881088256835938e+00 3.382214531302452087e-02 4.319647252559661865e-01 3.089267015457153320e-02 -8.791208791208791062e-01 -3.252747252747253182e+00 1.318681318681318659e+00 8.791208791208790507e-02 -1.898437500000000000e+01 1.000000000000000000e+00
5.203830003738403320e+00 -6.389912605285644531e+00 -2.969824373722076416e-01 -8.325088500976562500e+00 4.607268795371055603e-02 8.570052385330200195e-01 3.249056637287139893e-02 -8.791208791208791062e-01 -3.164835164835164694e+00 1.318681318681318659e+00 8.791208791208790507e-02 -9.492187500000000000e+00 1.000000000000000000e+00
5.403983831405639648e+00 -7.060517787933349609e+00 -2.395019680261611938e-01 -8.928632736206054688e+00 6.151902303099632263e-02 1.066862344741821289e+00 3.542004153132438660e-02 -1.846153846153846256e+00 -3.252747252747253182e+00 1.318681318681318659e+00 8.791208791208790507e-02 2.285156250000000000e+00 1.000000000000000000e+00
5.604126930236816406e+00 -6.935976982116699219e+00 -1.628613322973251343e-01 -8.631650924682617188e+00 6.258428841829299927e-02 1.043426513671875000e+00 2.663161233067512512e-02 -2.637362637362637319e+00 -3.252747252747253182e+00 1.406593406593406481e+00 8.791208791208790507e-02 1.353515625000000000e+01 1.000000000000000000e+00
5.804275989532470703e+00 -6.073769569396972656e+00 -1.724414080381393433e-01 -7.616162300109863281e+00 5.619269981980323792e-02 7.486146092414855957e-01 2.663161233067512512e-02 -2.021978021978021900e+00 -3.340659340659340781e+00 1.406593406593406481e+00 8.791208791208790507e-02 2.162109375000000000e+01 1.000000000000000000e+00
6.004421949386596680e+00 -5.422324657440185547e+00 -2.682422101497650146e-01 -6.811435699462890625e+00 2.636529505252838135e-02 2.913498282432556152e-01 2.130528911948204041e-02 -9.670329670329670391e-01 -3.340659340659340781e+00 1.406593406593406481e+00 8.791208791208790507e-02 2.478515625000000000e+01 1.000000000000000000e+00
6.204571008682250977e+00 -5.307363510131835938e+00 -3.448828160762786865e-01 -6.821015834808349609e+00 1.997370831668376923e-02 -2.292981743812561035e-01 5.326322279870510101e-04 -8.791208791208791062e-01 -3.340659340659340781e+00 1.406593406593406481e+00 8.791208791208790507e-02 2.214843750000000000e+01 1.000000000000000000e+00
6.404718875885009766e+00 -5.920488357543945312e+00 -2.874023616313934326e-01 -7.673643112182617188e+00 -7.989483419805765152e-04 -7.017429471015930176e-01 -1.171790901571512222e-02 -1.846153846153846256e+00 -3.252747252747253182e+00 1.406593406593406481e+00 8.791208791208790507e-02 1.441406250000000000e+01 1.000000000000000000e+00
6.604865789413452148e+00 -6.734795093536376953e+00 -1.724414080381393433e-01 -8.660390853881835938e+00 -1.278317254036664963e-02 -9.949570298194885254e-01 -1.704423129558563232e-02 -2.549450549450549275e+00 -3.252747252747253182e+00 1.318681318681318659e+00 8.791208791208790507e-02 3.164062500000000000e+00 1.000000000000000000e+00
6.805010795593261719e+00 -6.993457317352294922e+00 -1.820214986801147461e-01 -8.957373619079589844e+00 -7.723167538642883301e-03 -1.065264463424682617e+00 -1.624528318643569946e-02 -2.373626373626373631e+00 -3.252747252747253182e+00 1.318681318681318659e+00 8.791208791208790507e-02 -8.613281250000000000e+00 1.000000000000000000e+00
7.005152940750122070e+00 -6.418652534484863281e+00 -2.299218773841857910e-01 -8.296347618103027344e+00 -2.663161139935255051e-04 -8.737831711769104004e-01 -8.522115647792816162e-03 -1.318681318681318659e+00 -3.164835164835164694e+00 1.318681318681318659e+00 8.791208791208790507e-02 -1.863281250000000000e+01 1.000000000000000000e+00
7.205291986465454102e+00 -5.680986404418945312e+00 -2.586621344089508057e-01 -7.549101829528808594e+00 1.970739290118217468e-02 -4.772384762763977051e-01 -1.358212158083915710e-02 -7.032967032967032406e-01 -3.252747252747253182e+00 1.318681318681318659e+00 8.791208791208790507e-02 -2.320312500000000000e+01 1.000000000000000000e+00
7.405440807342529297e+00 -5.345684051513671875e+00 -2.874023616313934326e-01 -7.089258193969726562e+00 2.982740476727485657e-02 1.784317940473556519e-02 6.391586735844612122e-03 -5.274725274725274859e-01 -3.252747252747253182e+00 1.318681318681318659e+00 8.791208791208790507e-02 -2.302734375000000000e+01 1.000000000000000000e+00
7.605587959289550781e+00 -5.700146675109863281e+00 -2.586621344089508057e-01 -7.549101829528808594e+00 3.675162419676780701e-02 5.137237906455993652e-01 2.050634101033210754e-02 -9.670329670329670391e-01 -3.252747252747253182e+00 1.318681318681318659e+00 8.791208791208790507e-02 -1.740234375000000000e+01 1.000000000000000000e+00
7.805732965469360352e+00 -6.514453411102294922e+00 -2.203418016433715820e-01 -8.382568359375000000e+00 5.512743443250656128e-02 8.921589851379394531e-01 3.142530098557472229e-02 -1.670329670329670391e+00 -3.252747252747253182e+00 1.318681318681318659e+00 8.791208791208790507e-02 -7.734375000000000000e+00 1.000000000000000000e+00
8.005879878997802734e+00 -7.022197723388671875e+00 -1.916015744209289551e-01 -8.861572265625000000e+00 5.273059010505676270e-02 1.057008624076843262e+00 3.142530098557472229e-02 -2.197802197802197988e+00 -3.252747252747253182e+00 1.318681318681318659e+00 8.791208791208790507e-02 4.218750000000000000e+00 1.000000000000000000e+00
8.205990791320800781e+00 -6.763535499572753906e+00 -1.820214986801147461e-01 -8.468789100646972656e+00 6.977482140064239502e-02 9.864348769187927246e-01 3.222424909472465515e-02 -1.934065934065934078e+00 -3.252747252747253182e+00 1.406593406593406481e+00 8.791208791208790507e-02 1.494140625000000000e+01 1.000000000000000000e+00
8.406132936477661133e+00 -5.968389034271240234e+00 -2.586621344089508057e-01 -7.414980888366699219e+00 5.033374577760696411e-02 7.081345319747924805e-01 3.036003746092319489e-02 -1.230769230769230838e+00 -3.340659340659340781e+00 1.406593406593406481e+00 8.791208791208790507e-02 2.197265625000000000e+01 1.000000000000000000e+00
8.606279850006103516e+00 -5.316943645477294922e+00 -2.682422101497650146e-01 -6.773115634918212891e+00 3.328951448202133179e-02 1.968076080083847046e-01 1.358212158083915710e-02 -1.054945054945054972e+00 -3.340659340659340781e+00 1.406593406593406481e+00 8.791208791208790507e-02 2.408203125000000000e+01 1.000000000000000000e+00
8.806429862976074219e+00 -5.431904315948486328e+00 -2.778222858905792236e-01 -6.916816711425781250e+00 1.464738603681325912e-02 -2.607234716415405273e-01 -1.597896683961153030e-03 -1.406593406593406481e+00 -3.340659340659340781e+00 1.406593406593406481e+00 8.791208791208790507e-02 2.074218750000000000e+01 1.000000000000000000e+00
9.006574869155883789e+00 -6.112090110778808594e+00 -2.107617259025573730e-01 -7.893984794616699219e+00 -1.331580569967627525e-03 -7.070692777633666992e-01 -1.171790901571512222e-02 -1.846153846153846256e+00 -3.252747252747253182e+00 1.406593406593406481e+00 8.791208791208790507e-02 1.248046875000000000e+01 1.000000000000000000e+00
9.206724882125854492e+00 -6.773115634918212891e+00 -2.490820437669754028e-01 -8.641230583190917969e+00 -1.091896090656518936e-02 -9.872338175773620605e-01 -1.784317940473556519e-02 -1.934065934065934078e+00 -3.252747252747253182e+00 1.406593406593406481e+00 8.791208791208790507e-02 1.230468750000000000e+00 1.000000000000000000e+00
9.406870841979980469e+00 -6.916816711425781250e+00 -2.299218773841857910e-01 -8.823252677917480469e+00 -1.198422536253929138e-02 -1.037833929061889648e+00 -1.571265049278736115e-02 -1.934065934065934078e+00 -3.164835164835164694e+00 1.318681318681318659e+00 8.791208791208790507e-02 -9.843750000000000000e+00 1.000000000000000000e+00
9.607020854949951172e+00 -6.361172199249267578e+00 -1.916015744209289551e-01 -8.248447418212890625e+00 4.793690051883459091e-03 -8.266451954841613770e-01 -2.024002373218536377e-02 -1.670329670329670391e+00 -3.252747252747253182e+00 1.318681318681318659e+00 8.791208791208790507e-02 -1.880859375000000000e+01 1.000000000000000000e+00
9.807168960571289062e+00 -5.642666339874267578e+00 -2.203418016433715820e-01 -7.347920417785644531e+00 1.944107562303543091e-02 -3.808320462703704834e-01 -1.065264455974102020e-02 -1.142857142857142794e+00 -3.252747252747253182e+00 1.318681318681318659e+00 8.791208791208790507e-02 -2.320312500000000000e+01 1.000000000000000000e+00
1.000731182098388672e+01 -5.374423980712890625e+00 -2.969824373722076416e-01 -7.117998123168945312e+00 2.103897370398044586e-02 6.791061162948608398e-02 1.065264455974102020e-02 -5.274725274725274859e-01 -3.252747252747253182e+00 1.318681318681318659e+00 8.791208791208790507e-02 -2.197265625000000000e+01 1.000000000000000000e+00
1.020746183395385742e+01 -5.882168292999267578e+00 -3.257226645946502686e-01 -7.731123447418212891e+00 3.169161826372146606e-02 5.419532656669616699e-01 2.849582396447658539e-02 -7.032967032967032406e-01 -3.252747252747253182e+00 1.318681318681318659e+00 8.791208791208790507e-02 -1.564453125000000000e+01 1.000000000000000000e+00
1.040760684013366699e+01 -6.600674152374267578e+00 -2.107617259025573730e-01 -8.478369712829589844e+00 4.846953228116035461e-02 8.996158242225646973e-01 2.849582396447658539e-02 -1.670329670329670391e+00 -3.252747252747253182e+00 1.318681318681318659e+00 8.791208791208790507e-02 -5.625000000000000000e+00 1.000000000000000000e+00
1.060775279998779297e+01 -6.983877182006835938e+00 -1.437011808156967163e-01 -8.823252677917480469e+00 6.524744629859924316e-02 1.041029691696166992e+00 3.249056637287139893e-02 -2.549450549450549275e+00 -3.252747252747253182e+00 1.318681318681318659e+00 8.791208791208790507e-02 5.800781250000000000e+00 1.000000000000000000e+00
1.080790400505065918e+01 -6.504873275756835938e+00 -1.532812565565109253e-01 -8.229287147521972656e+00 6.684534251689910889e-02 9.384979605674743652e-01 2.423476614058017731e-02 -2.109890109890109944e+00 -3.340659340659340781e+00 1.406593406593406481e+00 8.791208791208790507e-02 1.582031250000000000e+01 1.000000000000000000e+00
1.100799298286437988e+01 -5.795947551727294922e+00 -2.874023616313934326e-01 -7.347920417785644531e+00 4.447479173541069031e-02 6.178534030914306641e-01 2.743056043982505798e-02 -1.142857142857142794e+00 -3.340659340659340781e+00 1.406593406593406481e+00 8.791208791208790507e-02 2.214843750000000000e+01 1.000000000000000000e+00
1.120814299583435059e+01 -5.326523780822753906e+00 -3.161425888538360596e-01 -6.744375228881835938e+00 2.716424316167831421e-02 1.510012298822402954e-01 1.518001873046159744e-02 -7.912087912087911734e-01 -3.340659340659340781e+00 1.494505494505494525e+00 8.791208791208790507e-02 2.337890625000000000e+01 1.000000000000000000e+00
1.140829086303710938e+01 -5.479804992675781250e+00 -2.586621344089508057e-01 -6.955137252807617188e+00 1.384843792766332626e-02 -3.475425243377685547e-01 -1.597896683961153030e-03 -1.670329670329670391e+00 -3.340659340659340781e+00 1.406593406593406481e+00 8.791208791208790507e-02 1.916015625000000000e+01 1.000000000000000000e+00
1.160843682289123535e+01 -6.179150581359863281e+00 -1.916015744209289551e-01 -7.884404659271240234e+00 -2.663161139935255051e-03 -7.563377618789672852e-01 -1.145159266889095306e-02 -2.285714285714285587e+00 -3.252747252747253182e+00 1.406593406593406481e+00 8.791208791208790507e-02 1.072265625000000000e+01 1.000000000000000000e+00
1.180858588218688965e+01 -6.792275905609130859e+00 -1.820214986801147461e-01 -8.679551124572753906e+00 -6.657903082668781281e-03 -9.877664446830749512e-01 -1.491370238363742828e-02 -2.021978021978021900e+00 -3.252747252747253182e+00 1.318681318681318659e+00 8.791208791208790507e-02 -5.273437500000000000e-01 1.000000000000000000e+00
1.200873398780822754e+01 -6.782695770263671875e+00 -2.011816501617431641e-01 -8.717871665954589844e+00 -1.118527725338935852e-02 -9.898970127105712891e-01 -1.890844479203224182e-02 -1.494505494505494525e+00 -3.252747252747253182e+00 1.318681318681318659e+00 8.791208791208790507e-02 -1.125000000000000000e+01 1.000000000000000000e+00
1.220888781547546387e+01 -6.188730716705322266e+00 -2.586621344089508057e-01 -8.047266006469726562e+00 9.853696450591087341e-03 -7.419567108154296875e-01 -1.411475427448749542e-02 -1.142857142857142794e+00 -3.164835164835164694e+00 1.318681318681318659e+00 8.791208791208790507e-02 -1.933593750000000000e+01 1.000000000000000000e+00
1.240903282165527344e+01 -5.546865463256835938e+00 -2.299218773841857910e-01 -7.309599876403808594e+00 1.997370831668376923e-02 -3.219761848449707031e-01 -7.989482954144477844e-03 -1.054945054945054972e+00 -3.252747252747253182e+00 1.318681318681318659e+00 8.791208791208790507e-02 -2.285156250000000000e+01 1.000000000000000000e+00
1.260917782783508301e+01 -5.431904315948486328e+00 -2.778222858905792236e-01 -7.204218864440917969e+00 1.837581209838390350e-02 1.619201898574829102e-01 1.544633507728576660e-02 -8.791208791208791062e-01 -3.252747252747253182e+00 1.318681318681318659e+00 8.791208791208790507e-02 -2.074218750000000000e+01 1.000000000000000000e+00
1.280932283401489258e+01 -6.035449504852294922e+00 -2.969824373722076416e-01 -7.836504459381103516e+00 3.328951448202133179e-02 6.085323095321655273e-01 2.343581803143024445e-02 -8.791208791208791062e-01 -3.252747252747253182e+00 1.318681318681318659e+00 8.791208791208790507e-02 -1.388671875000000000e+01 1.000000000000000000e+00
1.300947093963623047e+01 -6.677314758300781250e+00 -2.203418016433715820e-01 -8.660390853881835938e+00 4.846953228116035461e-02 9.187905788421630859e-01 2.663161233067512512e-02 -1.494505494505494525e+00 -3.252747252747253182e+00 1.318681318681318659e+00 8.791208791208790507e-02 -3.339843750000000000e+00 1.000000000000000000e+00
1.320961284637451172e+01 -6.897656440734863281e+00 -1.916015744209289551e-01 -8.746611595153808594e+00 5.965480953454971313e-02 1.021055936813354492e+00 2.743056043982505798e-02 -2.197802197802197988e+00 -3.252747252747253182e+00 1.406593406593406481e+00 8.791208791208790507e-02 7.558593750000000000e+00 1.000000000000000000e+00
1.340975880622863770e+01 -6.476132869720458984e+00 -2.011816501617431641e-01 -8.190967559814453125e+00 6.151902303099632263e-02 8.767126202583312988e-01 2.982740476727485657e-02 -2.021978021978021900e+00 -3.252747252747253182e+00 1.406593406593406481e+00 8.791208791208790507e-02 1.687500000000000000e+01 1.000000000000000000e+00
1.360990500450134277e+01 -5.690566539764404297e+00 -2.490820437669754028e-01 -7.213798999786376953e+00 3.462109342217445374e-02 5.251753926277160645e-01 2.157160453498363495e-02 -1.142857142857142794e+00 -3.340659340659340781e+00 1.406593406593406481e+00 8.791208791208790507e-02 2.232421875000000000e+01 1.000000000000000000e+00
1.380999088287353516e+01 -5.288203239440917969e+00 -3.065625131130218506e-01 -6.782695770263671875e+00 3.222424909472465515e-02 4.873584955930709839e-02 2.663161139935255051e-03 -8.791208791208791062e-01 -3.340659340659340781e+00 1.406593406593406481e+00 8.791208791208790507e-02 2.267578125000000000e+01 1.000000000000000000e+00
1.401013779640197754e+01 -5.604345798492431641e+00 -2.395019680261611938e-01 -7.175478935241699219e+00 8.522115647792816162e-03 -4.266384243965148926e-01 1.331580569967627525e-03 -1.582417582417582347e+00 -3.340659340659340781e+00 1.406593406593406481e+00 8.791208791208790507e-02 1.722656250000000000e+01 1.000000000000000000e+00
1.421027493476867676e+01 -6.332431793212890625e+00 -2.107617259025573730e-01 -8.066426277160644531e+00 -3.195793367922306061e-03 -8.056062459945678711e-01 -1.171790901571512222e-02 -2.109890109890109944e+00 -3.252747252747253182e+00 1.406593406593406481e+00 8.791208791208790507e-02 8.613281250000000000e+00 1.000000000000000000e+00
1.441042089462280273e+01 -6.849756240844726562e+00 -1.724414080381393433e-01 -8.727451324462890625e+00 -9.853696450591087341e-03 -9.824401736259460449e-01 -1.970739290118217468e-02 -2.109890109890109944e+00 -3.252747252747253182e+00 1.318681318681318659e+00 8.791208791208790507e-02 -2.460937500000000000e+00 1.000000000000000000e+00
1.461056685447692871e+01 -6.658154487609863281e+00 -2.203418016433715820e-01 -8.535849571228027344e+00 -4.527374170720577240e-03 -9.408948421478271484e-01 -1.198422536253929138e-02 -1.494505494505494525e+00 -3.164835164835164694e+00 1.318681318681318659e+00 8.791208791208790507e-02 -1.318359375000000000e+01 1.000000000000000000e+00
1.481070184707641602e+01 -6.025869369506835938e+00 -2.586621344089508057e-01 -7.874824523925781250e+00 1.331580616533756256e-02 -6.660565733909606934e-01 -1.145159266889095306e-02 -1.142857142857142794e+00 -3.252747252747253182e+00 1.318681318681318659e+00 8.791208791208790507e-02 -1.986328125000000000e+01 1.000000000000000000e+00
1.501084589958190918e+01 -5.498965263366699219e+00 -2.490820437669754028e-01 -7.252119541168212891e+00 2.050634101033210754e-02 -2.340918630361557007e-01 1.065264455974102020e-03 -8.791208791208791062e-01 -3.252747252747253182e+00 1.318681318681318659e+00 8.791208791208790507e-02 -2.232421875000000000e+01 1.000000000000000000e+00
1.521099281311035156e+01 -5.508544921875000000e+00 -2.490820437669754028e-01 -7.252119541168212891e+00 2.237055450677871704e-02 2.372876554727554321e-01 1.731054671108722687e-02 -7.912087912087911734e-01 -3.252747252747253182e+00 1.318681318681318659e+00 8.791208791208790507e-02 -1.951171875000000000e+01 1.000000000000000000e+00
1.541113686561584473e+01 -6.131250381469726562e+00 -2.874023616313934326e-01 -7.865244388580322266e+00 3.914846852421760559e-02 6.681871414184570312e-01 3.328951448202133179e-02 -1.054945054945054972e+00 -3.252747252747253182e+00 1.406593406593406481e+00 8.791208791208790507e-02 -1.212890625000000000e+01 1.000000000000000000e+00
1.561128497123718262e+01 -6.725214958190917969e+00 -1.916015744209289551e-01 -8.631650924682617188e+00 4.926848039031028748e-02 9.305084943771362305e-01 2.982740476727485657e-02 -1.758241758241758212e+00 -3.252747252747253182e+00 1.318681318681318659e+00 8.791208791208790507e-02 -1.757812500000000000e+00 1.000000000000000000e+00
1.581143283843994141e+01 -6.811435699462890625e+00 -1.724414080381393433e-01 -8.689130783081054688e+00 5.752427875995635986e-02 9.909622669219970703e-01 2.423476614058017731e-02 -2.109890109890109944e+00 -3.252747252747253182e+00 1.406593406593406481e+00 8.791208791208790507e-02 8.964843750000000000e+00 1.000000000000000000e+00
1.601157999038696289e+01 -6.294111728668212891e+00 -1.916015744209289551e-01 -7.922724723815917969e+00 5.512743443250656128e-02 8.042746782302856445e-01 2.530003152787685394e-02 -1.758241758241758212e+00 -3.340659340659340781e+00 1.406593406593406481e+00 8.791208791208790507e-02 1.775390625000000000e+01 1.000000000000000000e+00
1.621173381805419922e+01 -5.566025733947753906e+00 -2.490820437669754028e-01 -7.108418464660644531e+00 3.834952041506767273e-02 4.183826148509979248e-01 2.157160453498363495e-02 -1.054945054945054972e+00 -3.340659340659340781e+00 1.406593406593406481e+00 8.791208791208790507e-02 2.232421875000000000e+01 1.000000000000000000e+00
1.641188192367553711e+01 -5.297783374786376953e+00 -2.874023616313934326e-01 -6.801855564117431641e+00 2.157160453498363495e-02 -4.287689551711082458e-02 -5.326322279870510101e-04 -1.054945054945054972e+00 -3.340659340659340781e+00 1.406593406593406481e+00 8.791208791208790507e-02 2.162109375000000000e+01 1.000000000000000000e+00
1.661202883720397949e+01 -5.709726810455322266e+00 -2.299218773841857910e-01 -7.319180011749267578e+00 -5.326322279870510101e-04 -5.091964006423950195e-01 -5.592638626694679260e-03 -1.670329670329670391e+00 -3.340659340659340781e+00 1.406593406593406481e+00 8.791208791208790507e-02 1.599609375000000000e+01 1.000000000000000000e+00
1.681217479705810547e+01 -6.476132869720458984e+00 -2.107617259025573730e-01 -8.277188301086425781e+00 -1.091896090656518936e-02 -8.383631110191345215e-01 -1.704423129558563232e-02 -2.021978021978021900e+00 -3.252747252747253182e+00 1.406593406593406481e+00 8.791208791208790507e-02 6.503906250000000000e+00 1.000000000000000000e+00
1.701232194900512695e+01 -6.801855564117431641e+00 -2.299218773841857910e-01 -8.756192207336425781e+00 -1.091896090656518936e-02 -9.757822155952453613e-01 -1.677791588008403778e-02 -1.846153846153846256e+00 -3.252747252747253182e+00 1.318681318681318659e+00 8.791208791208790507e-02 -4.218750000000000000e+00 1.000000000000000000e+00
1.721247386932373047e+01 -6.571933746337890625e+00 -2.586621344089508057e-01 -8.468789100646972656e+00 -2.396845025941729546e-03 -8.855010867118835449e-01 -1.091896090656518936e-02 -1.406593406593406481e+00 -3.252747252747253182e+00 1.318681318681318659e+00 8.791208791208790507e-02 -1.388671875000000000e+01 1.000000000000000000e+00
1.741262078285217285e+01 -5.987549304962158203e+00 -2.586621344089508057e-01 -7.769443511962890625e+00 1.012001186609268188e-02 -5.773733258247375488e-01 -1.997370831668376923e-02 -1.230769230769230838e+00 -3.252747252747253182e+00 1.318681318681318659e+00 8.791208791208790507e-02 -2.021484375000000000e+01 1.000000000000000000e+00
1.761276888847351074e+01 -5.479804992675781250e+00 -2.490820437669754028e-01 -7.242539405822753906e+00 1.970739290118217468e-02 -1.368864774703979492e-01 2.396845025941729546e-03 -9.670329670329670391e-01 -3.252747252747253182e+00 1.318681318681318659e+00 8.791208791208790507e-02 -2.162109375000000000e+01 1.000000000000000000e+00
1.781289887428283691e+01 -5.633086204528808594e+00 -2.682422101497650146e-01 -7.357500076293945312e+00 2.530003152787685394e-02 3.257046043872833252e-01 2.103897370398044586e-02 -7.032967032967032406e-01 -3.252747252747253182e+00 1.318681318681318659e+00 8.791208791208790507e-02 -1.792968750000000000e+01 1.000000000000000000e+00
1.801303696632385254e+01 -6.121670246124267578e+00 -2.778222858905792236e-01 -8.085586547851562500e+00 4.234426096081733704e-02 7.206513881683349609e-01 2.370213344693183899e-02 -1.054945054945054972e+00 -3.252747252747253182e+00 1.318681318681318659e+00 8.791208791208790507e-02 -1.019531250000000000e+01 1.000000000000000000e+00
1.821319079399108887e+01 -6.744375228881835938e+00 -2.011816501617431641e-01 -8.650811195373535156e+00 5.352953821420669556e-02 9.456885457038879395e-01 3.861583769321441650e-02 -1.846153846153846256e+00 -3.252747252747253182e+00 1.406593406593406481e+00 8.791208791208790507e-02 1.757812500000000000e-01 1.000000000000000000e+00
1.841333699226379395e+01 -6.734795093536376953e+00 -1.820214986801147461e-01 -8.478369712829589844e+00 6.897587329149246216e-02 9.491506218910217285e-01 3.275688365101814270e-02 -2.197802197802197988e+00 -3.252747252747253182e+00 1.406593406593406481e+00 8.791208791208790507e-02 1.054687500000000000e+01 1.000000000000000000e+00
1.861348581314086914e+01 -6.159990310668945312e+00 -2.011816501617431641e-01 -7.740703582763671875e+00 4.820321500301361084e-02 7.536746263504028320e-01 3.542004153132438660e-02 -1.670329670329670391e+00 -3.340659340659340781e+00 1.406593406593406481e+00 8.791208791208790507e-02 1.845703125000000000e+01 1.000000000000000000e+00
1.881362891197204590e+01 -5.498965263366699219e+00 -3.065625131130218506e-01 -6.945557117462158203e+00 2.929477207362651825e-02 3.302319943904876709e-01 2.024002373218536377e-02 -8.791208791208791062e-01 -3.340659340659340781e+00 1.406593406593406481e+00 8.791208791208790507e-02 2.197265625000000000e+01 1.000000000000000000e+00
1.901377677917480469e+01 -5.345684051513671875e+00 -2.969824373722076416e-01 -6.916816711425781250e+00 2.503371424973011017e-02 -1.395496428012847900e-01 2.396845025941729546e-03 -1.142857142857142794e+00 -3.340659340659340781e+00 1.406593406593406481e+00 8.791208791208790507e-02 2.039062500000000000e+01 1.000000000000000000e+00
1.921392393112182617e+01 -5.776787281036376953e+00 -2.299218773841857910e-01 -7.472461223602294922e+00 -1.597896683961153030e-03 -5.619270205497741699e-01 2.663161139935255051e-03 -1.846153846153846256e+00 -3.340659340659340781e+00 1.406593406593406481e+00 8.791208791208790507e-02 1.406250000000000000e+01 1.000000000000000000e+00
1.941399192810058594e+01 -6.466553211212158203e+00 -1.724414080381393433e-01 -8.286767959594726562e+00 -8.788431994616985321e-03 -8.697884082794189453e-01 -2.050634101033210754e-02 -2.109890109890109944e+00 -3.252747252747253182e+00 1.406593406593406481e+00 8.791208791208790507e-02 4.570312500000000000e+00 1.000000000000000000e+00
1.961413693428039551e+01 -6.782695770263671875e+00 -2.203418016433715820e-01 -8.660390853881835938e+00 -1.091896090656518936e-02 -9.574064016342163086e-01 -1.358212158083915710e-02 -1.758241758241758212e+00 -3.252747252747253182e+00 1.318681318681318659e+00 8.791208791208790507e-02 -5.976562500000000000e+00 1.000000000000000000e+00
1.981428599357604980e+01 -6.456973075866699219e+00 -2.299218773841857910e-01 -8.325088500976562500e+00 -2.929477253928780556e-03 -8.423578739166259766e-01 -7.190534844994544983e-03 -1.318681318681318659e+00 -3.252747252747253182e+00 1.318681318681318659e+00 8.791208791208790507e-02 -1.511718750000000000e+01 1.000000000000000000e+00
2.001443791389465332e+01 -5.843847751617431641e+00 -2.490820437669754028e-01 -7.606582164764404297e+00 2.370213344693183899e-02 -5.209143161773681641e-01 -1.384843792766332626e-02 -1.142857142857142794e+00 -3.252747252747253182e+00 1.318681318681318659e+00 8.791208791208790507e-02 -2.039062500000000000e+01 1.000000000000000000e+00
2.021459197998046875e+01 -5.479804992675781250e+00 -2.490820437669754028e-01 -7.242539405822753906e+00 1.624528318643569946e-02 -8.149272948503494263e-02 1.118527725338935852e-02 -9.670329670329670391e-01 -3.252747252747253182e+00 1.318681318681318659e+00 8.791208791208790507e-02 -2.109375000000000000e+01 1.000000000000000000e+00
2.041473889350891113e+01 -5.652246475219726562e+00 -2.778222858905792236e-01 -7.510781764984130859e+00 3.009372018277645111e-02 4.082626104354858398e-01 1.917476020753383636e-02 -8.791208791208791062e-01 -3.252747252747253182e+00 1.318681318681318659e+00 8.791208791208790507e-02 -1.617187500000000000e+01 1.000000000000000000e+00
2.061487483978271484e+01 -6.342011928558349609e+00 -2.586621344089508057e-01 -8.162226676940917969e+00 4.633900523185729980e-02 7.358314394950866699e-01 2.050634101033210754e-02 -1.230769230769230838e+00 -3.252747252747253182e+00 1.318681318681318659e+00 8.791208791208790507e-02 -8.261718750000000000e+00 1.000000000000000000e+00
2.081502079963684082e+01 -6.782695770263671875e+00 -2.011816501617431641e-01 -8.622070312500000000e+00 4.394215717911720276e-02 9.350358843803405762e-01 3.275688365101814270e-02 -1.846153846153846256e+00 -3.252747252747253182e+00 1.318681318681318659e+00 8.791208791208790507e-02 2.109375000000000000e+00 1.000000000000000000e+00
2.101516580581665039e+01 -6.610254287719726562e+00 -1.628613322973251343e-01 -8.411309242248535156e+00 6.098638847470283508e-02 9.265137314796447754e-01 2.743056043982505798e-02 -2.109890109890109944e+00 -3.252747252747253182e+00 1.406593406593406481e+00 8.791208791208790507e-02 1.195312500000000000e+01 1.000000000000000000e+00
2.121531796455383301e+01 -6.054609775543212891e+00 -2.107617259025573730e-01 -7.568262100219726562e+00 5.219795927405357361e-02 6.743124127388000488e-01 2.929477207362651825e-02 -1.494505494505494525e+00 -3.340659340659340781e+00 1.406593406593406481e+00 8.791208791208790507e-02 1.916015625000000000e+01 1.000000000000000000e+00
2.141546392440795898e+01 -5.479804992675781250e+00 -2.682422101497650146e-01 -6.926396846771240234e+00 3.089267015457153320e-02 2.809635102748870850e-01 8.788431994616985321e-03 -8.791208791208791062e-01 -3.340659340659340781e+00 1.494505494505494525e+00 8.791208791208790507e-02 2.179687500000000000e+01 1.000000000000000000e+00
2.161561179161071777e+01 -5.403164386749267578e+00 -2.969824373722076416e-01 -6.983877182006835938e+00 2.316950261592864990e-02 -1.813612729310989380e-01 -1.065264455974102020e-03 -1.230769230769230838e+00 -3.340659340659340781e+00 1.406593406593406481e+00 8.791208791208790507e-02 1.916015625000000000e+01 1.000000000000000000e+00
2.181575894355773926e+01 -5.958808898925781250e+00 -2.490820437669754028e-01 -7.568262100219726562e+00 -5.326322279870510101e-04 -5.914880633354187012e-01 -5.326322279870510101e-04 -1.846153846153846256e+00 -3.340659340659340781e+00 1.406593406593406481e+00 8.791208791208790507e-02 1.230468750000000000e+01 1.000000000000000000e+00
2.201591277122497559e+01 -6.552773952484130859e+00 -1.916015744209289551e-01 -8.392148971557617188e+00 -2.396845025941729546e-03 -8.681905269622802734e-01 -2.316950261592864990e-02 -2.021978021978021900e+00 -3.252747252747253182e+00 1.406593406593406481e+00 8.791208791208790507e-02 2.636718750000000000e+00 1.000000000000000000e+00
2.221605992317199707e+01 -6.686894893646240234e+00 -2.203418016433715820e-01 -8.679551124572753906e+00 -5.592638626694679260e-03 -9.358348250389099121e-01 -1.118527725338935852e-02 -1.758241758241758212e+00 -3.252747252747253182e+00 1.318681318681318659e+00 8.791208791208790507e-02 -7.558593750000000000e+00 1.000000000000000000e+00
2.241621088981628418e+01 -6.322851657867431641e+00 -2.395019680261611938e-01 -8.162226676940917969e+00 3.728425595909357071e-03 -7.757788300514221191e-01 -1.304948981851339340e-02 -1.318681318681318659e+00 -3.252747252747253182e+00 1.318681318681318659e+00 8.791208791208790507e-02 -1.599609375000000000e+01 1.000000000000000000e+00
2.261636090278625488e+01 -5.728887081146240234e+00 -2.682422101497650146e-01 -7.472461223602294922e+00 2.050634101033210754e-02 -4.308994710445404053e-01 -1.464738603681325912e-02 -1.054945054945054972e+00 -3.252747252747253182e+00 1.318681318681318659e+00 8.791208791208790507e-02 -2.056640625000000000e+01 1.000000000000000000e+00
2.281651091575622559e+01 -5.479804992675781250e+00 -2.299218773841857910e-01 -7.213798999786376953e+00 2.370213344693183899e-02 1.145159266889095306e-02 1.171790901571512222e-02 -7.912087912087911734e-01 -3.252747252747253182e+00 1.318681318681318659e+00 8.791208791208790507e-02 -2.021484375000000000e+01 1.000000000000000000e+00
2.301665687561035156e+01 -5.757627010345458984e+00 -2.586621344089508057e-01 -7.501201629638671875e+00 3.595267608761787415e-02 4.391552805900573730e-01 2.503371424973011017e-02 -8.791208791208791062e-01 -3.252747252747253182e+00 1.318681318681318659e+00 8.791208791208790507e-02 -1.494140625000000000e+01 1.000000000000000000e+00
2.321680688858032227e+01 -6.399492263793945312e+00 -2.203418016433715820e-01 -8.238867759704589844e+00 5.539375171065330505e-02 7.827030420303344727e-01 2.822950854897499084e-02 -1.318681318681318659e+00 -3.252747252747253182e+00 1.318681318681318659e+00 8.791208791208790507e-02 -6.152343750000000000e+00 1.000000000000000000e+00
2.341695094108581543e+01 -6.792275905609130859e+00 -2.011816501617431641e-01 -8.564590454101562500e+00 5.486112087965011597e-02 9.307748079299926758e-01 3.435477986931800842e-02 -1.934065934065934078e+00 -3.252747252747253182e+00 1.406593406593406481e+00 8.791208791208790507e-02 4.218750000000000000e+00 1.000000000000000000e+00
2.361709785461425781e+01 -6.476132869720458984e+00 -1.820214986801147461e-01 -8.210126876831054688e+00 5.432848632335662842e-02 8.705873489379882812e-01 2.663161233067512512e-02 -1.934065934065934078e+00 -3.252747252747253182e+00 1.406593406593406481e+00 8.791208791208790507e-02 1.353515625000000000e+01 1.000000000000000000e+00
2.381724190711975098e+01 -5.882168292999267578e+00 -2.299218773841857910e-01 -7.482041358947753906e+00 5.060006305575370789e-02 5.906891226768493652e-01 2.663161233067512512e-02 -1.318681318681318659e+00 -3.340659340659340781e+00 1.406593406593406481e+00 8.791208791208790507e-02 1.968750000000000000e+01 1.000000000000000000e+00
2.401738595962524414e+01 -5.441484451293945312e+00 -3.065625131130218506e-01 -6.926396846771240234e+00 3.621899336576461792e-02 1.728391647338867188e-01 5.592638626694679260e-03 -8.791208791208791062e-01 -3.340659340659340781e+00 1.494505494505494525e+00 8.791208791208790507e-02 2.126953125000000000e+01 1.000000000000000000e+00
2.421753692626953125e+01 -5.537285327911376953e+00 -2.778222858905792236e-01 -7.079678058624267578e+00 1.251685712486505508e-02 -2.711097896099090576e-01 -6.657903082668781281e-03 -1.318681318681318659e+00 -3.340659340659340781e+00 1.406593406593406481e+00 8.791208791208790507e-02 1.792968750000000000e+01 1.000000000000000000e+00
2.441768598556518555e+01 -6.092929840087890625e+00 -2.299218773841857910e-01 -7.769443511962890625e+00 -1.597896683961153030e-03 -6.572681665420532227e-01 -1.171790901571512222e-02 -1.934065934065934078e+00 -3.252747252747253182e+00 1.406593406593406481e+00 8.791208791208790507e-02 1.037109375000000000e+01 1.000000000000000000e+00
2.461783480644226074e+01 -6.600674152374267578e+00 -2.011816501617431641e-01 -8.468789100646972656e+00 -8.788431994616985321e-03 -8.740494847297668457e-01 -1.944107562303543091e-02 -1.934065934065934078e+00 -3.252747252747253182e+00 1.406593406593406481e+00 8.791208791208790507e-02 7.031250000000000000e-01 1.000000000000000000e+00
2.481798291206359863e+01 -6.648574352264404297e+00 -2.299218773841857910e-01 -8.593330383300781250e+00 -5.326322279870510101e-03 -9.030779600143432617e-01 -7.989482954144477844e-03 -1.670329670329670391e+00 -3.252747252747253182e+00 1.318681318681318659e+00 8.791208791208790507e-02 -9.140625000000000000e+00 1.000000000000000000e+00
2.501813578605651855e+01 -6.179150581359863281e+00 -2.395019680261611938e-01 -8.095166206359863281e+00 7.190534844994544983e-03 -6.988134980201721191e-01 -1.757686398923397064e-02 -1.318681318681318659e+00 -3.252747252747253182e+00 1.318681318681318659e+00 8.791208791208790507e-02 -1.687500000000000000e+01 1.000000000000000000e+00
2.521828579902648926e+01 -5.623506069183349609e+00 -2.203418016433715820e-01 -7.414980888366699219e+00 2.130528911948204041e-02 -3.328951299190521240e-01 -1.198422536253929138e-02 -1.054945054945054972e+00 -3.252747252747253182e+00 1.318681318681318659e+00 8.791208791208790507e-02 -2.039062500000000000e+01 1.000000000000000000e+00
2.541843485832214355e+01 -5.498965263366699219e+00 -2.490820437669754028e-01 -7.271279811859130859e+00 2.822950854897499084e-02 1.009338125586509705e-01 1.571265049278736115e-02 -7.912087912087911734e-01 -3.252747252747253182e+00 1.318681318681318659e+00 8.791208791208790507e-02 -1.916015625000000000e+01 1.000000000000000000e+00
2.561858296394348145e+01 -5.882168292999267578e+00 -2.586621344089508057e-01 -7.721543312072753906e+00 3.781688958406448364e-02 5.187838077545166016e-01 1.944107562303543091e-02 -9.670329670329670391e-01 -3.252747252747253182e+00 1.318681318681318659e+00 8.791208791208790507e-02 -1.318359375000000000e+01 1.000000000000000000e+00
2.581873083114624023e+01 -6.485713005065917969e+00 -2.107617259025573730e-01 -8.353828430175781250e+00 5.086637660861015320e-02 8.165252208709716797e-01 3.062635287642478943e-02 -1.406593406593406481e+00 -3.252747252747253182e+00 1.318681318681318659e+00 8.791208791208790507e-02 -4.218750000000000000e+00 1.000000000000000000e+00
2.601887893676757812e+01 -6.706055164337158203e+00 -2.203418016433715820e-01 -8.555009841918945312e+00 5.992112681269645691e-02 9.185242652893066406e-01 3.036003746092319489e-02 -2.021978021978021900e+00 -3.252747252747253182e+00 1.406593406593406481e+00 8.791208791208790507e-02 5.976562500000000000e+00 1.000000000000000000e+00
2.621899890899658203e+01 -6.332431793212890625e+00 -1.916015744209289551e-01 -8.095166206359863281e+00 5.912217870354652405e-02 8.167915344238281250e-01 3.009372018277645111e-02 -1.846153846153846256e+00 -3.252747252747253182e+00 1.406593406593406481e+00 8.791208791208790507e-02 1.458984375000000000e+01 1.000000000000000000e+00
2.641914486885070801e+01 -5.661826610565185547e+00 -3.065625131130218506e-01 -7.300019741058349609e+00 3.621899336576461792e-02 4.996090233325958252e-01 2.796319127082824707e-02 -1.142857142857142794e+00 -3.340659340659340781e+00 1.406593406593406481e+00 0.000000000000000000e+00 2.003906250000000000e+01 1.000000000000000000e+00
2.661928582191467285e+01 -5.431904315948486328e+00 -2.969824373722076416e-01 -6.935976982116699219e+00 2.370213344693183899e-02 8.362326025962829590e-02 4.793690051883459091e-03 -9.670329670329670391e-01 -3.340659340659340781e+00 1.494505494505494525e+00 0.000000000000000000e+00 2.056640625000000000e+01 1.000000000000000000e+00
2.681942987442016602e+01 -5.594765663146972656e+00 -3.065625131130218506e-01 -7.146738529205322266e+00 5.060005933046340942e-03 -3.504720032215118408e-01 2.396845025941729546e-03 -1.406593406593406481e+00 -3.340659340659340781e+00 1.406593406593406481e+00 8.791208791208790507e-02 1.634765625000000000e+01 1.000000000000000000e+00
2.701957798004150391e+01 -6.179150581359863281e+00 -2.299218773841857910e-01 -7.874824523925781250e+00 -2.929477253928780556e-03 -7.014766335487365723e-01 -9.587380103766918182e-03 -1.934065934065934078e+00 -3.252747252747253182e+00 1.406593406593406481e+00 8.791208791208790507e-02 8.437500000000000000e+00 1.000000000000000000e+00
2.721972680091857910e+01 -6.610254287719726562e+00 -2.107617259025573730e-01 -8.468789100646972656e+00 -9.321063756942749023e-03 -8.839032053947448730e-01 -1.491370238363742828e-02 -1.846153846153846256e+00 -3.252747252747253182e+00 1.406593406593406481e+00 8.791208791208790507e-02 -1.582031250000000000e+00 1.000000000000000000e+00
2.741986989974975586e+01 -6.571933746337890625e+00 -2.490820437669754028e-01 -8.497529983520507812e+00 -7.190534844994544983e-03 -8.575378656387329102e-01 -1.171790901571512222e-02 -1.582417582417582347e+00 -3.252747252747253182e+00 1.318681318681318659e+00 0.000000000000000000e+00 -1.089843750000000000e+01 1.000000000000000000e+00
2.762001681327819824e+01 -6.035449504852294922e+00 -2.395019680261611938e-01 -7.951465129852294922e+00 1.731054671108722687e-02 -6.213154792785644531e-01 -1.145159266889095306e-02 -1.318681318681318659e+00 -3.252747252747253182e+00 1.318681318681318659e+00 8.791208791208790507e-02 -1.757812500000000000e+01 1.000000000000000000e+00
2.782017087936401367e+01 -5.594765663146972656e+00 -2.107617259025573730e-01 -7.376660346984863281e+00 2.663161233067512512e-02 -2.340918630361557007e-01 0.000000000000000000e+00 -1.054945054945054972e+00 -3.252747252747253182e+00 1.318681318681318659e+00 8.791208791208790507e-02 -2.021484375000000000e+01 1.000000000000000000e+00
2.802031779289245605e+01 -5.585186004638671875e+00 -2.682422101497650146e-01 -7.309599876403808594e+00 2.237055450677871704e-02 1.941444426774978638e-01 1.944107562303543091e-02 -7.912087912087911734e-01 -3.252747252747253182e+00 1.318681318681318659e+00 8.791208791208790507e-02 -1.792968750000000000e+01 1.000000000000000000e+00
2.822046399116516113e+01 -6.054609775543212891e+00 -2.490820437669754028e-01 -7.855664253234863281e+00 4.101268202066421509e-02 5.885586142539978027e-01 2.290318533778190613e-02 -1.054945054945054972e+00 -3.252747252747253182e+00 1.318681318681318659e+00 8.791208791208790507e-02 -1.125000000000000000e+01 1.000000000000000000e+00
2.842061185836791992e+01 -6.591094017028808594e+00 -2.299218773841857910e-01 -8.430469512939453125e+00 4.580637067556381226e-02 8.391620516777038574e-01 2.796319127082824707e-02 -1.582417582417582347e+00 -3.252747252747253182e+00 1.318681318681318659e+00 8.791208791208790507e-02 -2.109375000000000000e+00 1.000000000000000000e+00
2.862076497077941895e+01 -6.667734622955322266e+00 -2.107617259025573730e-01 -8.420888900756835938e+00 5.539375171065330505e-02 8.974853157997131348e-01 2.396845072507858276e-02 -2.021978021978021900e+00 -3.252747252747253182e+00 1.406593406593406481e+00 8.791208791208790507e-02 7.734375000000000000e+00 1.000000000000000000e+00
2.882091188430786133e+01 -6.227051258087158203e+00 -2.299218773841857910e-01 -7.961045265197753906e+00 5.273059010505676270e-02 7.478156685829162598e-01 2.583266235888004303e-02 -1.670329670329670391e+00 -3.340659340659340781e+00 1.406593406593406481e+00 0.000000000000000000e+00 1.564453125000000000e+01 1.000000000000000000e+00
2.902099299430847168e+01 -5.748047351837158203e+00 -2.778222858905792236e-01 -7.175478935241699219e+00 2.822950854897499084e-02 4.055994451045989990e-01 1.837581209838390350e-02 -1.054945054945054972e+00 -3.340659340659340781e+00 1.406593406593406481e+00 0.000000000000000000e+00 2.003906250000000000e+01 1.000000000000000000e+00
2.922113895416259766e+01 -5.412744522094726562e+00 -2.874023616313934326e-01 -6.945557117462158203e+00 2.716424316167831421e-02 -1.411475427448749542e-02 3.728425595909357071e-03 -1.054945054945054972e+00 -3.340659340659340781e+00 1.494505494505494525e+00 0.000000000000000000e+00 1.968750000000000000e+01 1.000000000000000000e+00
2.942128586769104004e+01 -5.709726810455322266e+00 -2.490820437669754028e-01 -7.271279811859130859e+00 3.195793367922306061e-03 -4.348942041397094727e-01 -1.597896683961153030e-03 -1.582417582417582347e+00 -3.340659340659340781e+00 1.406593406593406481e+00 8.791208791208790507e-02 1.458984375000000000e+01 1.000000000000000000e+00
2.962142992019653320e+01 -6.303691864013671875e+00 -1.916015744209289551e-01 -8.076005935668945312e+00 -2.396845025941729546e-03 -7.382282614707946777e-01 -1.198422536253929138e-02 -1.846153846153846256e+00 -3.252747252747253182e+00 1.406593406593406481e+00 8.791208791208790507e-02 6.328125000000000000e+00 1.000000000000000000e+00
2.982157492637634277e+01 -6.629414558410644531e+00 -2.299218773841857910e-01 -8.507109642028808594e+00 -1.065264455974102020e-03 -8.785768747329711914e-01 -9.054748341441154480e-03 -1.758241758241758212e+00 -3.252747252747253182e+00 1.318681318681318659e+00 0.000000000000000000e+00 -3.691406250000000000e+00 1.000000000000000000e+00
