2.479553222656250000e-05 -1.101709008216857910e+00 -6.993457078933715820e-01 -9.177715301513671875e+00 2.556634694337844849e-02 4.293015897274017334e-01 3.861583769321441650e-02 2.725274725274725363e+00 -1.494505494505494525e+00 3.516483516483516203e-01 7.032967032967032406e-01 -1.933593750000000000e+01 0.000000000000000000e+00
2.001647949218750000e-01 -1.417851567268371582e+00 -4.023633003234863281e-01 -1.052850627899169922e+01 2.876213937997817993e-02 8.908274173736572266e-01 2.556634694337844849e-02 -1.142857142857142794e+00 -1.670329670329670391e+00 3.516483516483516203e-01 6.153846153846154188e-01 -9.667968750000000000e+00 0.000000000000000000e+00
4.002468585968017578e-01 -1.638193488121032715e+00 7.664062827825546265e-02 -1.164937591552734375e+01 5.432848632335662842e-02 1.148887753486633301e+00 -1.278317254036664963e-02 -6.329670329670329387e+00 -1.670329670329670391e+00 3.516483516483516203e-01 6.153846153846154188e-01 2.285156250000000000e+00 0.000000000000000000e+00
6.003949642181396484e-01 -1.609453201293945312e+00 -3.832031413912773132e-02 -1.140987396240234375e+01 5.060006305575370789e-02 1.143295049667358398e+00 5.912217870354652405e-02 -4.571428571428571175e+00 -1.494505494505494525e+00 3.516483516483516203e-01 5.274725274725274859e-01 1.476562500000000000e+01 0.000000000000000000e+00
8.005387783050537109e-01 -1.417851567268371582e+00 -4.885840117931365967e-01 -1.010698318481445312e+01 4.740426689386367798e-02 8.751147389411926270e-01 1.810949668288230896e-02 8.791208791208790507e-02 -1.494505494505494525e+00 4.395604395604395531e-01 7.032967032967032406e-01 2.408203125000000000e+01 0.000000000000000000e+00
1.000686883926391602e+00 -1.187929749488830566e+00 -6.610254049301147461e-01 -8.938213348388671875e+00 2.822950854897499084e-02 4.002731144428253174e-01 1.784317940473556519e-02 1.054945054945054972e+00 -1.494505494505494525e+00 4.395604395604395531e-01 7.032967032967032406e-01 2.812500000000000000e+01 0.000000000000000000e+00
1.200832843780517578e+00 -1.111289143562316895e+00 -2.969824373722076416e-01 -8.708291053771972656e+00 -8.788431994616985321e-03 -1.462075412273406982e-01 1.331580616533756256e-02 -2.285714285714285587e+00 -1.494505494505494525e+00 4.395604395604395531e-01 7.032967032967032406e-01 2.583984375000000000e+01 0.000000000000000000e+00
1.400969982147216797e+00 -1.216669917106628418e+00 -9.580078534781932831e-03 -9.781260490417480469e+00 -2.050634101033210754e-02 -6.404902338981628418e-01 -7.723167538642883301e-03 -4.835164835164835750e+00 -1.494505494505494525e+00 4.395604395604395531e-01 6.153846153846154188e-01 1.810546875000000000e+01 0.000000000000000000e+00
1.601115942001342773e+00 -1.494492292404174805e+00 -1.628613322973251343e-01 -1.114163112640380859e+01 -4.474110901355743408e-02 -9.944243431091308594e-01 1.810949668288230896e-02 -2.901098901098901450e+00 -1.406593406593406481e+00 3.516483516483516203e-01 6.153846153846154188e-01 6.679687500000000000e+00 0.000000000000000000e+00
1.801259994506835938e+00 -1.551972746849060059e+00 -5.173242688179016113e-01 -1.168769645690917969e+01 -4.181163012981414795e-02 -1.104945540428161621e+00 1.624528318643569946e-02 0.000000000000000000e+00 -1.406593406593406481e+00 3.516483516483516203e-01 4.395604395604395531e-01 -5.625000000000000000e+00 0.000000000000000000e+00
2.001405000686645508e+00 -1.408271551132202148e+00 -5.077441334724426270e-01 -1.093087005615234375e+01 -1.970739290118217468e-02 -9.451558589935302734e-01 -1.411475427448749542e-02 -4.395604395604395531e-01 -1.406593406593406481e+00 3.516483516483516203e-01 5.274725274725274859e-01 -1.634765625000000000e+01 0.000000000000000000e+00
2.201552867889404297e+00 -1.197509765625000000e+00 -2.011816501617431641e-01 -9.551338195800781250e+00 -1.411475427448749542e-02 -5.491438508033752441e-01 -1.917476020753383636e-02 -2.549450549450549275e+00 -1.494505494505494525e+00 3.516483516483516203e-01 6.153846153846154188e-01 -2.285156250000000000e+01 0.000000000000000000e+00
2.401697874069213867e+00 -1.072968840599060059e+00 -5.748046934604644775e-02 -8.851992607116699219e+00 1.491370238363742828e-02 -3.328951448202133179e-02 1.970739290118217468e-02 -2.549450549450549275e+00 -1.494505494505494525e+00 3.516483516483516203e-01 6.153846153846154188e-01 -2.320312500000000000e+01 0.000000000000000000e+00
2.601844787597656250e+00 -1.140029311180114746e+00 -3.161425888538360596e-01 -9.378896713256835938e+00 2.636529505252838135e-02 5.014732480049133301e-01 3.275688365101814270e-02 -3.516483516483516203e-01 -1.494505494505494525e+00 3.516483516483516203e-01 6.153846153846154188e-01 -1.757812500000000000e+01 0.000000000000000000e+00
2.801991939544677734e+00 -1.398691415786743164e+00 -5.556445717811584473e-01 -1.070094776153564453e+01 3.701794147491455078e-02 9.105347990989685059e-01 4.474110901355743408e-02 6.153846153846154188e-01 -1.494505494505494525e+00 3.516483516483516203e-01 5.274725274725274859e-01 -7.910156250000000000e+00 0.000000000000000000e+00
3.002140998840332031e+00 -1.628613352775573730e+00 -4.119433760643005371e-01 -1.150567436218261719e+01 5.086637660861015320e-02 1.125185608863830566e+00 2.130528911948204041e-02 -1.582417582417582347e+00 -1.494505494505494525e+00 3.516483516483516203e-01 5.274725274725274859e-01 4.218750000000000000e+00 0.000000000000000000e+00
3.202250957489013672e+00 -1.609453201293945312e+00 -1.245410218834877014e-01 -1.122785186767578125e+01 5.645901709794998169e-02 1.082841277122497559e+00 1.384843792766332626e-02 -4.483516483516483575e+00 -1.582417582417582347e+00 3.516483516483516203e-01 5.274725274725274859e-01 1.582031250000000000e+01 0.000000000000000000e+00
3.402393817901611328e+00 -1.379531264305114746e+00 -9.580078721046447754e-02 -9.953701972961425781e+00 5.246427282691001892e-02 7.728493809700012207e-01 1.810949668288230896e-02 -3.340659340659340781e+00 -1.582417582417582347e+00 3.516483516483516203e-01 6.153846153846154188e-01 2.425781250000000000e+01 0.000000000000000000e+00
3.602535009384155273e+00 -1.159189462661743164e+00 -4.311035275459289551e-01 -8.823252677917480469e+00 2.663161233067512512e-02 2.918824553489685059e-01 3.994741663336753845e-02 -2.637362637362637430e-01 -1.494505494505494525e+00 4.395604395604395531e-01 5.274725274725274859e-01 2.724609375000000000e+01 0.000000000000000000e+00
3.802676916122436523e+00 -1.111289143562316895e+00 -5.748047232627868652e-01 -8.851992607116699219e+00 2.663161139935255051e-04 -2.205097377300262451e-01 6.924218963831663132e-03 1.758241758241758101e-01 -1.494505494505494525e+00 4.395604395604395531e-01 5.274725274725274859e-01 2.425781250000000000e+01 0.000000000000000000e+00
4.002826929092407227e+00 -1.293310642242431641e+00 -3.640429973602294922e-01 -1.003992271423339844e+01 -2.556634694337844849e-02 -6.900250315666198730e-01 1.251685712486505508e-02 -2.197802197802197988e+00 -1.494505494505494525e+00 4.395604395604395531e-01 5.274725274725274859e-01 1.634765625000000000e+01 0.000000000000000000e+00
4.202972888946533203e+00 -1.456171989440917969e+00 -1.341211050748825073e-01 -1.119911193847656250e+01 -4.048004746437072754e-02 -9.925601482391357422e-01 -7.456851191818714142e-03 -4.219780219780219888e+00 -1.494505494505494525e+00 3.516483516483516203e-01 5.274725274725274859e-01 4.746093750000000000e+00 0.000000000000000000e+00
4.403120994567871094e+00 -1.532812595367431641e+00 -1.532812565565109253e-01 -1.150567436218261719e+01 -2.982740476727485657e-02 -1.061536073684692383e+00 0.000000000000000000e+00 -2.989010989010989050e+00 -1.494505494505494525e+00 3.516483516483516203e-01 5.274725274725274859e-01 -7.207031250000000000e+00 0.000000000000000000e+00
4.603248834609985352e+00 -1.369951248168945312e+00 -3.736230731010437012e-01 -1.060514736175537109e+01 -3.089267015457153320e-02 -8.958874344825744629e-01 2.050634101033210754e-02 -4.395604395604395531e-01 -1.406593406593406481e+00 3.516483516483516203e-01 4.395604395604395531e-01 -1.687500000000000000e+01 0.000000000000000000e+00
4.803394794464111328e+00 -1.140029311180114746e+00 -4.119433760643005371e-01 -9.340576171875000000e+00 -8.788431994616985321e-03 -4.569984376430511475e-01 -5.326322279870510101e-04 2.637362637362637430e-01 -1.494505494505494525e+00 3.516483516483516203e-01 5.274725274725274859e-01 -2.232421875000000000e+01 0.000000000000000000e+00
5.003540992736816406e+00 -1.082548856735229492e+00 -3.353027403354644775e-01 -8.938213348388671875e+00 4.793690051883459091e-03 3.462109481915831566e-03 5.592638626694679260e-03 -8.791208791208791062e-01 -1.494505494505494525e+00 3.516483516483516203e-01 5.274725274725274859e-01 -2.197265625000000000e+01 0.000000000000000000e+00
5.203688859939575195e+00 -1.226250052452087402e+00 -1.820214986801147461e-01 -9.551338195800781250e+00 2.663161233067512512e-02 5.576659440994262695e-01 1.970739290118217468e-02 -1.846153846153846256e+00 -1.494505494505494525e+00 3.516483516483516203e-01 5.274725274725274859e-01 -1.599609375000000000e+01 0.000000000000000000e+00
5.403829813003540039e+00 -1.408271551132202148e+00 -2.107617259025573730e-01 -1.076800823211669922e+01 4.101268202066421509e-02 9.339706301689147949e-01 2.876213937997817993e-02 -1.758241758241758212e+00 -1.582417582417582347e+00 3.516483516483516203e-01 4.395604395604395531e-01 -5.625000000000000000e+00 0.000000000000000000e+00
5.603971958160400391e+00 -1.599873065948486328e+00 -3.161425888538360596e-01 -1.144819355010986328e+01 4.633900523185729980e-02 1.102548718452453613e+00 3.408846259117126465e-02 -1.142857142857142794e+00 -1.582417582417582347e+00 3.516483516483516203e-01 4.395604395604395531e-01 6.152343750000000000e+00 0.000000000000000000e+00
5.804112911224365234e+00 -1.494492292404174805e+00 -3.832031488418579102e-01 -1.094044971466064453e+01 5.645901709794998169e-02 1.003479123115539551e+00 8.788431994616985321e-03 -1.318681318681318659e+00 -1.582417582417582347e+00 4.395604395604395531e-01 5.274725274725274859e-01 1.705078125000000000e+01 0.000000000000000000e+00
6.004258871078491211e+00 -1.322050809860229492e+00 -2.969824373722076416e-01 -9.695039749145507812e+00 4.021373391151428223e-02 6.793724298477172852e-01 2.450108155608177185e-02 -1.934065934065934078e+00 -1.582417582417582347e+00 4.395604395604395531e-01 5.274725274725274859e-01 2.478515625000000000e+01 0.000000000000000000e+00
6.204383850097656250e+00 -1.111289143562316895e+00 -2.395019680261611938e-01 -8.784932136535644531e+00 2.583266235888004303e-02 2.503371536731719971e-01 2.050634101033210754e-02 -1.846153846153846256e+00 -1.670329670329670391e+00 4.395604395604395531e-01 5.274725274725274859e-01 2.636718750000000000e+01 0.000000000000000000e+00
6.404534816741943359e+00 -1.130449295043945312e+00 -2.969824373722076416e-01 -8.976533889770507812e+00 -8.522115647792816162e-03 -3.070624768733978271e-01 1.518001873046159744e-02 -1.142857142857142794e+00 -1.670329670329670391e+00 4.395604395604395531e-01 4.395604395604395531e-01 2.267578125000000000e+01 0.000000000000000000e+00
6.604677915573120117e+00 -1.312470793724060059e+00 -3.640429973602294922e-01 -1.001118183135986328e+01 -2.956108935177326202e-02 -6.990798115730285645e-01 1.597896590828895569e-02 -1.142857142857142794e+00 -1.582417582417582347e+00 4.395604395604395531e-01 4.395604395604395531e-01 1.441406250000000000e+01 0.000000000000000000e+00
6.804825782775878906e+00 -1.494492292404174805e+00 -3.448828160762786865e-01 -1.125659275054931641e+01 -3.568635880947113037e-02 -9.808422327041625977e-01 9.587380103766918182e-03 -1.934065934065934078e+00 -1.582417582417582347e+00 4.395604395604395531e-01 4.395604395604395531e-01 2.812500000000000000e+00 0.000000000000000000e+00
7.004969835281372070e+00 -1.513652443885803223e+00 -2.203418016433715820e-01 -1.134281253814697266e+01 -4.261057823896408081e-02 -1.027447581291198730e+00 -2.663161139935255051e-04 -2.637362637362637319e+00 -1.582417582417582347e+00 3.516483516483516203e-01 4.395604395604395531e-01 -8.613281250000000000e+00 0.000000000000000000e+00
7.205115795135498047e+00 -1.322050809860229492e+00 -2.011816501617431641e-01 -1.046144580841064453e+01 -1.997370831668376923e-02 -8.122641444206237793e-01 -1.065264455974102020e-03 -2.373626373626373631e+00 -1.494505494505494525e+00 3.516483516483516203e-01 5.274725274725274859e-01 -1.757812500000000000e+01 0.000000000000000000e+00
7.405261993408203125e+00 -1.120869159698486328e+00 -2.586621344089508057e-01 -9.388477325439453125e+00 -7.723167538642883301e-03 -4.058657586574554443e-01 7.456851191818714142e-03 -7.912087912087911734e-01 -1.494505494505494525e+00 3.516483516483516203e-01 5.274725274725274859e-01 -2.197265625000000000e+01 0.000000000000000000e+00
7.605406999588012695e+00 -1.072968840599060059e+00 -3.927832245826721191e-01 -9.014853477478027344e+00 5.858954507857561111e-03 1.443433314561843872e-01 2.556634694337844849e-02 2.637362637362637430e-01 -1.494505494505494525e+00 3.516483516483516203e-01 4.395604395604395531e-01 -2.056640625000000000e+01 0.000000000000000000e+00
7.805548906326293945e+00 -1.264570355415344238e+00 -4.215234518051147461e-01 -9.666298866271972656e+00 3.062635287642478943e-02 6.173207759857177734e-01 2.024002373218536377e-02 -4.395604395604395531e-01 -1.494505494505494525e+00 3.516483516483516203e-01 4.395604395604395531e-01 -1.388671875000000000e+01 0.000000000000000000e+00
8.005686998367309570e+00 -1.437011837959289551e+00 -2.682422101497650146e-01 -1.085422897338867188e+01 3.861583769321441650e-02 9.361011385917663574e-01 3.542004153132438660e-02 -2.197802197802197988e+00 -1.582417582417582347e+00 3.516483516483516203e-01 4.395604395604395531e-01 -3.691406250000000000e+00 0.000000000000000000e+00
8.205828905105590820e+00 -1.580712914466857910e+00 -1.724414080381393433e-01 -1.139071369171142578e+01 4.660531878471374512e-02 1.066063404083251953e+00 2.157160453498363495e-02 -3.164835164835164694e+00 -1.582417582417582347e+00 3.516483516483516203e-01 4.395604395604395531e-01 7.910156250000000000e+00 0.000000000000000000e+00
8.405969858169555664e+00 -1.504072308540344238e+00 -2.395019680261611938e-01 -1.072968769073486328e+01 4.846953228116035461e-02 9.555422067642211914e-01 3.568635880947113037e-02 -1.934065934065934078e+00 -1.582417582417582347e+00 3.516483516483516203e-01 4.395604395604395531e-01 1.810546875000000000e+01 0.000000000000000000e+00
8.606110811233520508e+00 -1.283730506896972656e+00 -4.023633003234863281e-01 -9.647139549255371094e+00 3.195793181657791138e-02 6.285060048103332520e-01 2.316950261592864990e-02 -6.153846153846154188e-01 -1.582417582417582347e+00 4.395604395604395531e-01 4.395604395604395531e-01 2.443359375000000000e+01 0.000000000000000000e+00
8.806244850158691406e+00 -1.149609446525573730e+00 -3.927832245826721191e-01 -8.823252677917480469e+00 2.157160453498363495e-02 1.597896665334701538e-01 1.145159266889095306e-02 -9.670329670329670391e-01 -1.582417582417582347e+00 4.395604395604395531e-01 4.395604395604395531e-01 2.548828125000000000e+01 0.000000000000000000e+00
9.006387948989868164e+00 -1.168769598007202148e+00 -2.586621344089508057e-01 -9.120234489440917969e+00 -7.456851191818714142e-03 -3.368898928165435791e-01 2.556634694337844849e-02 -2.197802197802197988e+00 -1.582417582417582347e+00 4.395604395604395531e-01 4.395604395604395531e-01 2.109375000000000000e+01 0.000000000000000000e+00
9.206532955169677734e+00 -1.360371112823486328e+00 -1.724414080381393433e-01 -1.026026439666748047e+01 -3.355583176016807556e-02 -7.488809227943420410e-01 -2.663161139935255051e-04 -2.549450549450549275e+00 -1.582417582417582347e+00 4.395604395604395531e-01 4.395604395604395531e-01 1.212890625000000000e+01 0.000000000000000000e+00
9.406678915023803711e+00 -1.484912157058715820e+00 -3.065625131130218506e-01 -1.125659275054931641e+01 -2.956108935177326202e-02 -9.827064871788024902e-01 1.837581209838390350e-02 -1.846153846153846256e+00 -1.582417582417582347e+00 3.516483516483516203e-01 3.516483516483516203e-01 1.230468750000000000e+00 0.000000000000000000e+00
9.606825828552246094e+00 -1.456171989440917969e+00 -3.832031488418579102e-01 -1.116079139709472656e+01 -2.636529505252838135e-02 -9.829728007316589355e-01 -5.858954507857561111e-03 -1.318681318681318659e+00 -1.494505494505494525e+00 3.516483516483516203e-01 4.395604395604395531e-01 -1.001953125000000000e+01 0.000000000000000000e+00
9.806968927383422852e+00 -1.293310642242431641e+00 -2.874023616313934326e-01 -1.027942466735839844e+01 -2.822950854897499084e-02 -7.371630072593688965e-01 -7.989482954144477844e-03 -1.582417582417582347e+00 -1.494505494505494525e+00 3.516483516483516203e-01 4.395604395604395531e-01 -1.792968750000000000e+01 0.000000000000000000e+00
1.000711488723754883e+01 -1.140029311180114746e+00 -2.107617259025573730e-01 -9.225615501403808594e+00 5.326322279870510101e-04 -3.150519728660583496e-01 -6.924218963831663132e-03 -1.670329670329670391e+00 -1.494505494505494525e+00 3.516483516483516203e-01 4.395604395604395531e-01 -2.144531250000000000e+01 0.000000000000000000e+00
1.020724678039550781e+01 -1.149609446525573730e+00 -2.874023616313934326e-01 -9.120234489440917969e+00 1.304948981851339340e-02 1.781654804944992065e-01 2.183792181313037872e-02 -1.142857142857142794e+00 -1.494505494505494525e+00 3.516483516483516203e-01 4.395604395604395531e-01 -1.933593750000000000e+01 0.000000000000000000e+00
1.040739083290100098e+01 -1.274150490760803223e+00 -3.736230731010437012e-01 -9.896221160888671875e+00 2.796319127082824707e-02 6.356965899467468262e-01 3.621899336576461792e-02 -6.153846153846154188e-01 -1.494505494505494525e+00 3.516483516483516203e-01 4.395604395604395531e-01 -1.230468750000000000e+01 0.000000000000000000e+00
1.060754084587097168e+01 -1.494492292404174805e+00 -3.640429973602294922e-01 -1.096918964385986328e+01 3.968109935522079468e-02 9.488843083381652832e-01 1.624528318643569946e-02 -1.318681318681318659e+00 -1.494505494505494525e+00 3.516483516483516203e-01 4.395604395604395531e-01 -1.757812500000000000e+00 0.000000000000000000e+00
1.080768179893493652e+01 -1.542392611503601074e+00 -2.490820437669754028e-01 -1.127575206756591797e+01 5.299690738320350647e-02 1.032241225242614746e+00 2.583266235888004303e-02 -2.549450549450549275e+00 -1.582417582417582347e+00 3.516483516483516203e-01 4.395604395604395531e-01 9.316406250000000000e+00 0.000000000000000000e+00
1.100782489776611328e+01 -1.446591854095458984e+00 -2.107617259025573730e-01 -1.053808593750000000e+01 5.299690738320350647e-02 8.921589851379394531e-01 2.130528911948204041e-02 -2.549450549450549275e+00 -1.582417582417582347e+00 4.395604395604395531e-01 4.395604395604395531e-01 1.916015625000000000e+01 0.000000000000000000e+00
1.120796298980712891e+01 -1.264570355415344238e+00 -2.874023616313934326e-01 -9.407637596130371094e+00 2.849582396447658539e-02 5.297027230262756348e-01 1.890844479203224182e-02 -1.318681318681318659e+00 -1.582417582417582347e+00 4.395604395604395531e-01 4.395604395604395531e-01 2.443359375000000000e+01 0.000000000000000000e+00
1.140810179710388184e+01 -1.120869159698486328e+00 -4.023633003234863281e-01 -8.823252677917480469e+00 1.198422536253929138e-02 6.285060197114944458e-02 1.145159266889095306e-02 -7.032967032967032406e-01 -1.582417582417582347e+00 4.395604395604395531e-01 4.395604395604395531e-01 2.443359375000000000e+01 0.000000000000000000e+00
1.160824084281921387e+01 -1.187929749488830566e+00 -3.161425888538360596e-01 -9.369317054748535156e+00 -1.571265049278736115e-02 -4.082626104354858398e-01 1.970739290118217468e-02 -1.494505494505494525e+00 -1.582417582417582347e+00 4.395604395604395531e-01 4.395604395604395531e-01 1.933593750000000000e+01 0.000000000000000000e+00
1.180837893486022949e+01 -1.369951248168945312e+00 -2.203418016433715820e-01 -1.050934600830078125e+01 -2.796319127082824707e-02 -7.906925678253173828e-01 6.657903082668781281e-03 -2.549450549450549275e+00 -1.670329670329670391e+00 4.395604395604395531e-01 4.395604395604395531e-01 1.019531250000000000e+01 0.000000000000000000e+00
1.200852680206298828e+01 -1.494492292404174805e+00 -2.011816501617431641e-01 -1.122785186767578125e+01 -3.249056637287139893e-02 -9.744506478309631348e-01 5.592638626694679260e-03 -2.549450549450549275e+00 -1.582417582417582347e+00 3.516483516483516203e-01 4.395604395604395531e-01 -8.789062500000000000e-01 0.000000000000000000e+00
1.220867300033569336e+01 -1.408271551132202148e+00 -2.586621344089508057e-01 -1.100751018524169922e+01 -1.731054671108722687e-02 -9.302421808242797852e-01 5.592638626694679260e-03 -1.758241758241758212e+00 -1.494505494505494525e+00 3.516483516483516203e-01 4.395604395604395531e-01 -1.125000000000000000e+01 0.000000000000000000e+00
1.240881800651550293e+01 -1.283730506896972656e+00 -3.544628918170928955e-01 -9.963281631469726562e+00 -1.544633507728576660e-02 -6.450176239013671875e-01 -7.190534844994544983e-03 -9.670329670329670391e-01 -1.494505494505494525e+00 3.516483516483516203e-01 4.395604395604395531e-01 -1.845703125000000000e+01 0.000000000000000000e+00
1.260896587371826172e+01 -1.130449295043945312e+00 -3.065625131130218506e-01 -9.110654830932617188e+00 2.130528911948204041e-03 -2.138518393039703369e-01 5.326322279870510101e-03 -8.791208791208791062e-01 -1.494505494505494525e+00 3.516483516483516203e-01 4.395604395604395531e-01 -2.074218750000000000e+01 0.000000000000000000e+00
1.280910491943359375e+01 -1.149609446525573730e+00 -2.874023616313934326e-01 -9.225615501403808594e+00 1.012001186609268188e-02 2.735066413879394531e-01 2.050634101033210754e-02 -1.142857142857142794e+00 -1.494505494505494525e+00 3.516483516483516203e-01 4.395604395604395531e-01 -1.792968750000000000e+01 0.000000000000000000e+00
1.300925087928771973e+01 -1.312470793724060059e+00 -2.874023616313934326e-01 -1.004950237274169922e+01 3.675162419676780701e-02 6.897587180137634277e-01 2.743056043982505798e-02 -1.406593406593406481e+00 -1.494505494505494525e+00 3.516483516483516203e-01 4.395604395604395531e-01 -1.019531250000000000e+01 0.000000000000000000e+00
1.320939183235168457e+01 -1.475332140922546387e+00 -3.065625131130218506e-01 -1.098834991455078125e+01 3.542004153132438660e-02 9.552758932113647461e-01 3.009372018277645111e-02 -1.670329670329670391e+00 -1.582417582417582347e+00 3.516483516483516203e-01 3.516483516483516203e-01 1.757812500000000000e-01 0.000000000000000000e+00
1.340953493118286133e+01 -1.561552762985229492e+00 -2.778222858905792236e-01 -1.110331058502197266e+01 5.060006305575370789e-02 9.981527924537658691e-01 1.571265049278736115e-02 -1.934065934065934078e+00 -1.582417582417582347e+00 4.395604395604395531e-01 4.395604395604395531e-01 1.177734375000000000e+01 0.000000000000000000e+00
1.360966587066650391e+01 -1.389111399650573730e+00 -2.874023616313934326e-01 -1.024110412597656250e+01 3.701794147491455078e-02 8.106662631034851074e-01 3.462109342217445374e-02 -1.758241758241758212e+00 -1.670329670329670391e+00 4.395604395604395531e-01 4.395604395604395531e-01 2.003906250000000000e+01 0.000000000000000000e+00
1.380980491638183594e+01 -1.226250052452087402e+00 -2.874023616313934326e-01 -9.206455230712890625e+00 2.822950854897499084e-02 4.258394539356231689e-01 1.837581209838390350e-02 -1.318681318681318659e+00 -1.582417582417582347e+00 4.395604395604395531e-01 4.395604395604395531e-01 2.408203125000000000e+01 0.000000000000000000e+00
1.400995182991027832e+01 -1.168769598007202148e+00 -3.065625131130218506e-01 -8.919053077697753906e+00 3.728425595909357071e-03 -3.701794147491455078e-02 1.278317254036664963e-02 -1.142857142857142794e+00 -1.670329670329670391e+00 4.395604395604395531e-01 4.395604395604395531e-01 2.337890625000000000e+01 0.000000000000000000e+00
1.421009898185729980e+01 -1.235830187797546387e+00 -3.257226645946502686e-01 -9.465117454528808594e+00 -1.464738603681325912e-02 -4.777711033821105957e-01 1.704423129558563232e-02 -1.494505494505494525e+00 -1.582417582417582347e+00 4.395604395604395531e-01 4.395604395604395531e-01 1.757812500000000000e+01 0.000000000000000000e+00
1.441024899482727051e+01 -1.369951248168945312e+00 -2.778222858905792236e-01 -1.057640552520751953e+01 -3.062635287642478943e-02 -8.165252208709716797e-01 8.522115647792816162e-03 -1.934065934065934078e+00 -1.582417582417582347e+00 4.395604395604395531e-01 4.395604395604395531e-01 7.910156250000000000e+00 0.000000000000000000e+00
1.461038780212402344e+01 -1.484912157058715820e+00 -3.161425888538360596e-01 -1.118953132629394531e+01 -3.968109935522079468e-02 -9.520801305770874023e-01 9.321063756942749023e-03 -2.021978021978021900e+00 -1.582417582417582347e+00 3.516483516483516203e-01 3.516483516483516203e-01 -3.164062500000000000e+00 0.000000000000000000e+00
1.481052279472351074e+01 -1.408271551132202148e+00 -2.969824373722076416e-01 -1.076800823211669922e+01 -1.810949668288230896e-02 -8.839032053947448730e-01 1.065264455974102020e-03 -1.846153846153846256e+00 -1.494505494505494525e+00 3.516483516483516203e-01 4.395604395604395531e-01 -1.230468750000000000e+01 0.000000000000000000e+00
1.501066899299621582e+01 -1.226250052452087402e+00 -3.065625131130218506e-01 -9.733359336853027344e+00 -6.391586735844612122e-03 -5.454154014587402344e-01 5.592638626694679260e-03 -1.406593406593406481e+00 -1.494505494505494525e+00 3.516483516483516203e-01 4.395604395604395531e-01 -1.845703125000000000e+01 0.000000000000000000e+00
1.521081781387329102e+01 -1.101709008216857910e+00 -3.257226645946502686e-01 -9.129815101623535156e+00 -1.331580569967627525e-03 -1.523328125476837158e-01 1.118527725338935852e-02 -7.912087912087911734e-01 -1.494505494505494525e+00 3.516483516483516203e-01 4.395604395604395531e-01 -2.003906250000000000e+01 0.000000000000000000e+00
1.541096687316894531e+01 -1.130449295043945312e+00 -3.257226645946502686e-01 -9.330996513366699219e+00 1.624528318643569946e-02 3.613909780979156494e-01 2.743056043982505798e-02 -7.032967032967032406e-01 -1.494505494505494525e+00 3.516483516483516203e-01 4.395604395604395531e-01 -1.634765625000000000e+01 0.000000000000000000e+00
1.561112093925476074e+01 -1.350791096687316895e+00 -3.257226645946502686e-01 -1.030816459655761719e+01 3.089267015457153320e-02 7.416903972625732422e-01 2.237055450677871704e-02 -1.230769230769230838e+00 -1.494505494505494525e+00 3.516483516483516203e-01 4.395604395604395531e-01 -8.261718750000000000e+00 0.000000000000000000e+00
1.581126379966735840e+01 -1.504072308540344238e+00 -2.395019680261611938e-01 -1.103625011444091797e+01 3.808320313692092896e-02 9.592706561088562012e-01 2.583266235888004303e-02 -2.109890109890109944e+00 -1.582417582417582347e+00 3.516483516483516203e-01 3.516483516483516203e-01 2.109375000000000000e+00 0.000000000000000000e+00
1.601141190528869629e+01 -1.504072308540344238e+00 -2.490820437669754028e-01 -1.088296890258789062e+01 5.619269981980323792e-02 9.590043425559997559e-01 2.210423722863197327e-02 -2.197802197802197988e+00 -1.582417582417582347e+00 4.395604395604395531e-01 4.395604395604395531e-01 1.265625000000000000e+01 0.000000000000000000e+00
1.621155285835266113e+01 -1.398691415786743164e+00 -2.778222858905792236e-01 -9.992021560668945312e+00 3.382214531302452087e-02 7.249124646186828613e-01 3.169161826372146606e-02 -1.494505494505494525e+00 -1.582417582417582347e+00 4.395604395604395531e-01 3.516483516483516203e-01 2.021484375000000000e+01 0.000000000000000000e+00
1.641170001029968262e+01 -1.235830187797546387e+00 -3.640429973602294922e-01 -9.263936042785644531e+00 2.716424316167831421e-02 3.717772960662841797e-01 8.522115647792816162e-03 -8.791208791208791062e-01 -1.582417582417582347e+00 4.395604395604395531e-01 4.395604395604395531e-01 2.373046875000000000e+01 0.000000000000000000e+00
1.661184883117675781e+01 -1.120869159698486328e+00 -3.257226645946502686e-01 -8.976533889770507812e+00 -7.989483419805765152e-04 -7.803062349557876587e-02 2.157160453498363495e-02 -1.230769230769230838e+00 -1.582417582417582347e+00 4.395604395604395531e-01 4.395604395604395531e-01 2.214843750000000000e+01 0.000000000000000000e+00
1.681199789047241211e+01 -1.235830187797546387e+00 -2.874023616313934326e-01 -9.647139549255371094e+00 -1.704423129558563232e-02 -5.150553584098815918e-01 8.788431994616985321e-03 -1.934065934065934078e+00 -1.582417582417582347e+00 4.395604395604395531e-01 4.395604395604395531e-01 1.582031250000000000e+01 0.000000000000000000e+00
1.701214790344238281e+01 -1.408271551132202148e+00 -2.778222858905792236e-01 -1.076800823211669922e+01 -3.781688958406448364e-02 -8.372978568077087402e-01 1.677791588008403778e-02 -2.109890109890109944e+00 -1.582417582417582347e+00 4.395604395604395531e-01 3.516483516483516203e-01 5.800781250000000000e+00 0.000000000000000000e+00
1.721224379539489746e+01 -1.475332140922546387e+00 -2.969824373722076416e-01 -1.111289119720458984e+01 -3.755057230591773987e-02 -9.270464181900024414e-01 2.663161139935255051e-03 -1.758241758241758212e+00 -1.494505494505494525e+00 3.516483516483516203e-01 3.516483516483516203e-01 -4.746093750000000000e+00 0.000000000000000000e+00
1.741238284111022949e+01 -1.360371112823486328e+00 -3.544628918170928955e-01 -1.055724620819091797e+01 -1.624528318643569946e-02 -7.853662371635437012e-01 6.657903082668781281e-03 -1.494505494505494525e+00 -1.494505494505494525e+00 3.516483516483516203e-01 3.516483516483516203e-01 -1.353515625000000000e+01 0.000000000000000000e+00
1.761252498626708984e+01 -1.207089900970458984e+00 -3.257226645946502686e-01 -9.685459136962890625e+00 -5.592638626694679260e-03 -4.910869002342224121e-01 6.391586735844612122e-03 -1.318681318681318659e+00 -1.494505494505494525e+00 3.516483516483516203e-01 4.395604395604395531e-01 -1.880859375000000000e+01 0.000000000000000000e+00
1.781266880035400391e+01 -1.111289143562316895e+00 -2.874023616313934326e-01 -9.139394760131835938e+00 8.788431994616985321e-03 -5.885586142539978027e-02 1.704423129558563232e-02 -1.142857142857142794e+00 -1.494505494505494525e+00 3.516483516483516203e-01 4.395604395604395531e-01 -1.916015625000000000e+01 0.000000000000000000e+00
1.801281690597534180e+01 -1.187929749488830566e+00 -3.544628918170928955e-01 -9.455537796020507812e+00 2.956108935177326202e-02 3.936152160167694092e-01 3.062635287642478943e-02 -9.670329670329670391e-01 -1.494505494505494525e+00 3.516483516483516203e-01 4.395604395604395531e-01 -1.476562500000000000e+01 0.000000000000000000e+00
1.821296381950378418e+01 -1.369951248168945312e+00 -3.448828160762786865e-01 -1.038480472564697266e+01 3.648530691862106323e-02 7.566040754318237305e-01 3.142530098557472229e-02 -1.230769230769230838e+00 -1.582417582417582347e+00 3.516483516483516203e-01 4.395604395604395531e-01 -6.328125000000000000e+00 0.000000000000000000e+00
1.841311192512512207e+01 -1.513652443885803223e+00 -2.682422101497650146e-01 -1.107457065582275391e+01 3.968109935522079468e-02 9.427590370178222656e-01 2.530003152787685394e-02 -1.934065934065934078e+00 -1.582417582417582347e+00 3.516483516483516203e-01 3.516483516483516203e-01 4.042968750000000000e+00 0.000000000000000000e+00
1.861326193809509277e+01 -1.484912157058715820e+00 -2.299218773841857910e-01 -1.084464931488037109e+01 4.633900523185729980e-02 9.187905788421630859e-01 2.316950261592864990e-02 -2.285714285714285587e+00 -1.582417582417582347e+00 4.395604395604395531e-01 3.516483516483516203e-01 1.388671875000000000e+01 0.000000000000000000e+00
1.881340885162353516e+01 -1.322050809860229492e+00 -2.586621344089508057e-01 -9.905800819396972656e+00 3.968109935522079468e-02 6.761766076087951660e-01 2.290318533778190613e-02 -1.582417582417582347e+00 -1.582417582417582347e+00 4.395604395604395531e-01 3.516483516483516203e-01 2.074218750000000000e+01 0.000000000000000000e+00
1.901355886459350586e+01 -1.149609446525573730e+00 -3.161425888538360596e-01 -9.110654830932617188e+00 2.396845072507858276e-02 2.737729549407958984e-01 1.677791588008403778e-02 -9.670329670329670391e-01 -1.582417582417582347e+00 4.395604395604395531e-01 4.395604395604395531e-01 2.320312500000000000e+01 0.000000000000000000e+00
1.921371197700500488e+01 -1.149609446525573730e+00 -3.448828160762786865e-01 -9.091494560241699219e+00 -7.989483419805765152e-04 -1.731054782867431641e-01 1.571265049278736115e-02 -1.230769230769230838e+00 -1.582417582417582347e+00 4.395604395604395531e-01 4.395604395604395531e-01 2.074218750000000000e+01 0.000000000000000000e+00
1.941385698318481445e+01 -1.293310642242431641e+00 -2.969824373722076416e-01 -9.905800819396972656e+00 -1.997370831668376923e-02 -5.752428174018859863e-01 1.518001873046159744e-02 -1.934065934065934078e+00 -1.582417582417582347e+00 4.395604395604395531e-01 3.516483516483516203e-01 1.388671875000000000e+01 0.000000000000000000e+00
1.961400389671325684e+01 -1.427431702613830566e+00 -2.395019680261611938e-01 -1.085422897338867188e+01 -3.275688365101814270e-02 -8.551410436630249023e-01 1.278317254036664963e-02 -2.197802197802197988e+00 -1.582417582417582347e+00 4.395604395604395531e-01 3.516483516483516203e-01 3.339843750000000000e+00 0.000000000000000000e+00
1.981413698196411133e+01 -1.475332140922546387e+00 -2.682422101497650146e-01 -1.104583072662353516e+01 -2.556634694337844849e-02 -9.009473919868469238e-01 6.924218963831663132e-03 -1.846153846153846256e+00 -1.494505494505494525e+00 3.516483516483516203e-01 3.516483516483516203e-01 -6.328125000000000000e+00 0.000000000000000000e+00
2.001427888870239258e+01 -1.331630945205688477e+00 -2.874023616313934326e-01 -1.035606479644775391e+01 -2.503371424973011017e-02 -7.368966937065124512e-01 1.198422536253929138e-02 -1.406593406593406481e+00 -1.494505494505494525e+00 3.516483516483516203e-01 4.395604395604395531e-01 -1.423828125000000000e+01 0.000000000000000000e+00
2.021442389488220215e+01 -1.159189462661743164e+00 -2.586621344089508057e-01 -9.513017654418945312e+00 1.065264455974102020e-03 -3.914846777915954590e-01 7.989483419805765152e-04 -1.142857142857142794e+00 -1.494505494505494525e+00 3.516483516483516203e-01 4.395604395604395531e-01 -1.863281250000000000e+01 0.000000000000000000e+00
2.041457700729370117e+01 -1.111289143562316895e+00 -2.969824373722076416e-01 -9.168134689331054688e+00 8.788431994616985321e-03 4.740426689386367798e-02 1.411475427448749542e-02 -1.054945054945054972e+00 -1.494505494505494525e+00 3.516483516483516203e-01 4.395604395604395531e-01 -1.810546875000000000e+01 0.000000000000000000e+00
2.061472487449645996e+01 -1.216669917106628418e+00 -2.874023616313934326e-01 -9.675879478454589844e+00 2.636529505252838135e-02 4.663195013999938965e-01 2.663161233067512512e-02 -1.142857142857142794e+00 -1.494505494505494525e+00 3.516483516483516203e-01 4.395604395604395531e-01 -1.300781250000000000e+01 0.000000000000000000e+00
2.081487083435058594e+01 -1.408271551132202148e+00 -2.969824373722076416e-01 -1.045186614990234375e+01 3.834952041506767273e-02 7.912251949310302734e-01 2.450108155608177185e-02 -1.494505494505494525e+00 -1.494505494505494525e+00 3.516483516483516203e-01 3.516483516483516203e-01 -4.042968750000000000e+00 0.000000000000000000e+00
2.101501893997192383e+01 -1.504072308540344238e+00 -2.874023616313934326e-01 -1.100751018524169922e+01 4.527373984456062317e-02 9.302421808242797852e-01 2.050634101033210754e-02 -1.934065934065934078e+00 -1.582417582417582347e+00 4.395604395604395531e-01 3.516483516483516203e-01 5.800781250000000000e+00 0.000000000000000000e+00
2.121516585350036621e+01 -1.408271551132202148e+00 -3.161425888538360596e-01 -1.062430667877197266e+01 3.675162419676780701e-02 8.623315691947937012e-01 1.757686398923397064e-02 -1.934065934065934078e+00 -1.582417582417582347e+00 4.395604395604395531e-01 4.395604395604395531e-01 1.529296875000000000e+01 0.000000000000000000e+00
2.141531085968017578e+01 -1.302890658378601074e+00 -3.065625131130218506e-01 -9.589658737182617188e+00 4.048004746437072754e-02 5.344964265823364258e-01 2.343581803143024445e-02 -1.406593406593406481e+00 -1.670329670329670391e+00 4.395604395604395531e-01 3.516483516483516203e-01 2.144531250000000000e+01 0.000000000000000000e+00
2.161544895172119141e+01 -1.140029311180114746e+00 -3.065625131130218506e-01 -8.995694160461425781e+00 1.091896090656518936e-02 1.275654137134552002e-01 1.251685712486505508e-02 -1.142857142857142794e+00 -1.670329670329670391e+00 4.395604395604395531e-01 4.395604395604395531e-01 2.250000000000000000e+01 0.000000000000000000e+00
2.181557297706604004e+01 -1.168769598007202148e+00 -3.065625131130218506e-01 -9.235196113586425781e+00 -1.171790901571512222e-02 -2.508697807788848877e-01 2.130528911948204041e-02 -1.318681318681318659e+00 -1.582417582417582347e+00 4.395604395604395531e-01 3.516483516483516203e-01 1.916015625000000000e+01 0.000000000000000000e+00
2.201571989059448242e+01 -1.312470793724060059e+00 -2.969824373722076416e-01 -1.004950237274169922e+01 -1.677791588008403778e-02 -6.282396912574768066e-01 1.171790901571512222e-02 -1.846153846153846256e+00 -1.582417582417582347e+00 4.395604395604395531e-01 3.516483516483516203e-01 1.177734375000000000e+01 0.000000000000000000e+00
2.221586799621582031e+01 -1.427431702613830566e+00 -2.778222858905792236e-01 -1.085422897338867188e+01 -3.249056637287139893e-02 -8.487494587898254395e-01 7.723167538642883301e-03 -2.021978021978021900e+00 -1.582417582417582347e+00 4.395604395604395531e-01 3.516483516483516203e-01 1.933593750000000000e+00 0.000000000000000000e+00
2.241601300239562988e+01 -1.446591854095458984e+00 -2.778222858905792236e-01 -1.089255046844482422e+01 -3.222424909472465515e-02 -8.687231540679931641e-01 -4.261057823896408081e-03 -1.758241758241758212e+00 -1.494505494505494525e+00 3.516483516483516203e-01 3.516483516483516203e-01 -7.734375000000000000e+00 0.000000000000000000e+00
2.261616182327270508e+01 -1.283730506896972656e+00 -3.161425888538360596e-01 -1.015488338470458984e+01 -2.103897370398044586e-02 -6.532734036445617676e-01 2.130528911948204041e-03 -1.494505494505494525e+00 -1.494505494505494525e+00 3.516483516483516203e-01 3.516483516483516203e-01 -1.529296875000000000e+01 0.000000000000000000e+00
2.281629991531372070e+01 -1.130449295043945312e+00 -3.257226645946502686e-01 -9.340576171875000000e+00 3.728425595909357071e-03 -2.934803664684295654e-01 7.989483419805765152e-04 -1.142857142857142794e+00 -1.494505494505494525e+00 3.516483516483516203e-01 4.395604395604395531e-01 -1.845703125000000000e+01 0.000000000000000000e+00
2.301644396781921387e+01 -1.140029311180114746e+00 -3.065625131130218506e-01 -9.206455230712890625e+00 9.853696450591087341e-03 1.422128081321716309e-01 2.396845072507858276e-02 -9.670329670329670391e-01 -1.494505494505494525e+00 3.516483516483516203e-01 4.395604395604395531e-01 -1.705078125000000000e+01 0.000000000000000000e+00
2.321659278869628906e+01 -1.245410203933715820e+00 -3.065625131130218506e-01 -9.762100219726562500e+00 2.423476614058017731e-02 5.414206385612487793e-01 2.743056043982505798e-02 -1.054945054945054972e+00 -1.494505494505494525e+00 3.516483516483516203e-01 4.395604395604395531e-01 -1.107421875000000000e+01 0.000000000000000000e+00
2.341674399375915527e+01 -1.417851567268371582e+00 -3.065625131130218506e-01 -1.061472702026367188e+01 3.675162419676780701e-02 8.181231021881103516e-01 2.849582396447658539e-02 -1.582417582417582347e+00 -1.582417582417582347e+00 3.516483516483516203e-01 3.516483516483516203e-01 -2.109375000000000000e+00 0.000000000000000000e+00
2.361689186096191406e+01 -1.484912157058715820e+00 -2.778222858905792236e-01 -1.093087005615234375e+01 4.127899929881095886e-02 9.145295619964599609e-01 1.571265049278736115e-02 -2.021978021978021900e+00 -1.582417582417582347e+00 3.516483516483516203e-01 3.516483516483516203e-01 7.734375000000000000e+00 0.000000000000000000e+00
2.381703996658325195e+01 -1.360371112823486328e+00 -2.395019680261611938e-01 -1.038480472564697266e+01 4.181163012981414795e-02 7.989483475685119629e-01 2.103897370398044586e-02 -1.846153846153846256e+00 -1.670329670329670391e+00 4.395604395604395531e-01 3.516483516483516203e-01 1.634765625000000000e+01 0.000000000000000000e+00
2.401718592643737793e+01 -1.245410203933715820e+00 -2.969824373722076416e-01 -9.474698066711425781e+00 2.929477207362651825e-02 4.846953153610229492e-01 2.636529505252838135e-02 -1.230769230769230838e+00 -1.582417582417582347e+00 4.395604395604395531e-01 3.516483516483516203e-01 2.144531250000000000e+01 0.000000000000000000e+00
2.421724891662597656e+01 -1.149609446525573730e+00 -3.832031488418579102e-01 -9.014853477478027344e+00 1.304948981851339340e-02 8.335694670677185059e-02 1.198422536253929138e-02 -1.142857142857142794e+00 -1.582417582417582347e+00 4.395604395604395531e-01 4.395604395604395531e-01 2.179687500000000000e+01 0.000000000000000000e+00
2.441738700866699219e+01 -1.187929749488830566e+00 -3.161425888538360596e-01 -9.388477325439453125e+00 -1.917476020753383636e-02 -3.435477912425994873e-01 1.544633507728576660e-02 -1.582417582417582347e+00 -1.582417582417582347e+00 4.395604395604395531e-01 4.395604395604395531e-01 1.740234375000000000e+01 0.000000000000000000e+00
2.461752986907958984e+01 -1.350791096687316895e+00 -2.586621344089508057e-01 -1.024110412597656250e+01 -2.530003152787685394e-02 -6.801713705062866211e-01 -2.396845025941729546e-03 -1.934065934065934078e+00 -1.582417582417582347e+00 4.395604395604395531e-01 3.516483516483516203e-01 9.667968750000000000e+00 0.000000000000000000e+00
2.481768298149108887e+01 -1.437011837959289551e+00 -3.257226645946502686e-01 -1.085422897338867188e+01 -3.462109342217445374e-02 -8.380967974662780762e-01 8.522115647792816162e-03 -1.846153846153846256e+00 -1.582417582417582347e+00 3.516483516483516203e-01 3.516483516483516203e-01 0.000000000000000000e+00 0.000000000000000000e+00
2.501783490180969238e+01 -1.369951248168945312e+00 -3.065625131130218506e-01 -1.069136810302734375e+01 -1.571265049278736115e-02 -8.135957121849060059e-01 3.195793367922306061e-03 -1.582417582417582347e+00 -1.494505494505494525e+00 3.516483516483516203e-01 3.516483516483516203e-01 -9.140625000000000000e+00 0.000000000000000000e+00
2.521798181533813477e+01 -1.283730506896972656e+00 -2.969824373722076416e-01 -9.896221160888671875e+00 -8.788431994616985321e-03 -5.683186054229736328e-01 5.060005933046340942e-03 -1.406593406593406481e+00 -1.494505494505494525e+00 3.516483516483516203e-01 4.395604395604395531e-01 -1.564453125000000000e+01 0.000000000000000000e+00
2.541813278198242188e+01 -1.168769598007202148e+00 -2.969824373722076416e-01 -9.321416854858398438e+00 7.190534844994544983e-03 -1.954760253429412842e-01 1.464738603681325912e-02 -1.230769230769230838e+00 -1.582417582417582347e+00 3.516483516483516203e-01 4.395604395604395531e-01 -1.810546875000000000e+01 0.000000000000000000e+00
2.561824893951416016e+01 -1.120869159698486328e+00 -3.065625131130218506e-01 -9.302256584167480469e+00 4.261057823896408081e-03 2.330265939235687256e-01 2.583266235888004303e-02 -9.670329670329670391e-01 -1.494505494505494525e+00 3.516483516483516203e-01 4.395604395604395531e-01 -1.564453125000000000e+01 0.000000000000000000e+00
2.581839799880981445e+01 -1.302890658378601074e+00 -3.640429973602294922e-01 -1.003992271423339844e+01 3.755057230591773987e-02 6.074670553207397461e-01 2.050634101033210754e-02 -1.142857142857142794e+00 -1.494505494505494525e+00 3.516483516483516203e-01 3.516483516483516203e-01 -9.140625000000000000e+00 0.000000000000000000e+00
2.601854491233825684e+01 -1.456171989440917969e+00 -3.161425888538360596e-01 -1.076800823211669922e+01 3.089267015457153320e-02 8.458199501037597656e-01 3.036003746092319489e-02 -1.670329670329670391e+00 -1.582417582417582347e+00 3.516483516483516203e-01 3.516483516483516203e-01 1.757812500000000000e-01 0.000000000000000000e+00
2.621868991851806641e+01 -1.456171989440917969e+00 -2.682422101497650146e-01 -1.082548904418945312e+01 5.219795927405357361e-02 8.839032053947448730e-01 1.970739290118217468e-02 -2.109890109890109944e+00 -1.582417582417582347e+00 4.395604395604395531e-01 3.516483516483516203e-01 9.667968750000000000e+00 0.000000000000000000e+00
2.641883587837219238e+01 -1.389111399650573730e+00 -2.395019680261611938e-01 -1.019320392608642578e+01 4.474110901355743408e-02 7.177219390869140625e-01 2.796319127082824707e-02 -1.758241758241758212e+00 -1.582417582417582347e+00 4.395604395604395531e-01 3.516483516483516203e-01 1.740234375000000000e+01 0.000000000000000000e+00
2.661898899078369141e+01 -1.235830187797546387e+00 -3.065625131130218506e-01 -9.359736442565917969e+00 2.822950854897499084e-02 4.306331574916839600e-01 2.157160453498363495e-02 -1.142857142857142794e+00 -1.582417582417582347e+00 4.395604395604395531e-01 3.516483516483516203e-01 2.144531250000000000e+01 0.000000000000000000e+00
2.681912684440612793e+01 -1.178349614143371582e+00 -3.448828160762786865e-01 -9.120234489440917969e+00 6.391586735844612122e-03 -2.450108155608177185e-02 7.989482954144477844e-03 -1.142857142857142794e+00 -1.582417582417582347e+00 4.395604395604395531e-01 3.516483516483516203e-01 2.091796875000000000e+01 0.000000000000000000e+00
2.701927399635314941e+01 -1.226250052452087402e+00 -2.969824373722076416e-01 -9.570498466491699219e+00 -1.278317254036664963e-02 -3.773699402809143066e-01 1.518001873046159744e-02 -1.670329670329670391e+00 -1.582417582417582347e+00 4.395604395604395531e-01 3.516483516483516203e-01 1.582031250000000000e+01 0.000000000000000000e+00
2.721941781044006348e+01 -1.341210961341857910e+00 -2.874023616313934326e-01 -1.043270587921142578e+01 -2.822950854897499084e-02 -7.174556255340576172e-01 2.396845025941729546e-03 -2.021978021978021900e+00 -1.582417582417582347e+00 4.395604395604395531e-01 3.516483516483516203e-01 7.031250000000000000e+00 0.000000000000000000e+00
2.741956782341003418e+01 -1.446591854095458984e+00 -2.874023616313934326e-01 -1.085422897338867188e+01 -2.769687585532665253e-02 -8.349010348320007324e-01 7.190534844994544983e-03 -1.846153846153846256e+00 -1.582417582417582347e+00 3.516483516483516203e-01 3.516483516483516203e-01 -1.933593750000000000e+00 0.000000000000000000e+00
2.761971688270568848e+01 -1.350791096687316895e+00 -3.448828160762786865e-01 -1.054766654968261719e+01 -1.731054671108722687e-02 -7.677893638610839844e-01 2.929477253928780556e-03 -1.494505494505494525e+00 -1.494505494505494525e+00 3.516483516483516203e-01 3.516483516483516203e-01 -1.072265625000000000e+01 0.000000000000000000e+00
2.781985688209533691e+01 -1.264570355415344238e+00 -3.065625131130218506e-01 -9.857900619506835938e+00 -5.060005933046340942e-03 -5.163869261741638184e-01 5.592638626694679260e-03 -1.318681318681318659e+00 -1.494505494505494525e+00 3.516483516483516203e-01 4.395604395604395531e-01 -1.599609375000000000e+01 0.000000000000000000e+00
2.801999878883361816e+01 -1.159189462661743164e+00 -2.586621344089508057e-01 -9.235196113586425781e+00 6.657903082668781281e-03 -9.427590668201446533e-02 1.491370238363742828e-02 -1.142857142857142794e+00 -1.494505494505494525e+00 3.516483516483516203e-01 4.395604395604395531e-01 -1.740234375000000000e+01 0.000000000000000000e+00
2.822014379501342773e+01 -1.187929749488830566e+00 -2.969824373722076416e-01 -9.513017654418945312e+00 1.970739290118217468e-02 3.153182864189147949e-01 2.609897963702678680e-02 -1.054945054945054972e+00 -1.494505494505494525e+00 3.516483516483516203e-01 4.395604395604395531e-01 -1.406250000000000000e+01 0.000000000000000000e+00
2.842024493217468262e+01 -1.331630945205688477e+00 -3.448828160762786865e-01 -1.018362331390380859e+01 3.621899336576461792e-02 6.551376581192016602e-01 2.530003152787685394e-02 -1.230769230769230838e+00 -1.494505494505494525e+00 3.516483516483516203e-01 3.516483516483516203e-01 -7.031250000000000000e+00 0.000000000000000000e+00
2.862038993835449219e+01 -1.465752005577087402e+00 -3.161425888538360596e-01 -1.077758789062500000e+01 3.994741663336753845e-02 8.311725854873657227e-01 2.343581803143024445e-02 -1.670329670329670391e+00 -1.582417582417582347e+00 3.516483516483516203e-01 3.516483516483516203e-01 2.109375000000000000e+00 0.000000000000000000e+00
2.882053780555725098e+01 -1.456171989440917969e+00 -2.490820437669754028e-01 -1.070094776153564453e+01 4.367584362626075745e-02 8.468852639198303223e-01 2.130528911948204041e-02 -2.021978021978021900e+00 -1.582417582417582347e+00 4.395604395604395531e-01 4.395604395604395531e-01 1.142578125000000000e+01 0.000000000000000000e+00
2.902068185806274414e+01 -1.312470793724060059e+00 -2.778222858905792236e-01 -9.934541702270507812e+00 3.834952041506767273e-02 6.655239462852478027e-01 2.183792181313037872e-02 -1.582417582417582347e+00 -1.582417582417582347e+00 4.395604395604395531e-01 3.516483516483516203e-01 1.828125000000000000e+01 0.000000000000000000e+00
2.922082400321960449e+01 -1.216669917106628418e+00 -3.065625131130218506e-01 -9.292675971984863281e+00 2.423476614058017731e-02 3.219761848449707031e-01 1.171790901571512222e-02 -1.142857142857142794e+00 -1.582417582417582347e+00 4.395604395604395531e-01 3.516483516483516203e-01 2.109375000000000000e+01 0.000000000000000000e+00
2.942096686363220215e+01 -1.149609446525573730e+00 -3.448828160762786865e-01 -9.196875572204589844e+00 2.130528911948204041e-03 -7.403588294982910156e-02 2.103897370398044586e-02 -1.230769230769230838e+00 -1.582417582417582347e+00 4.395604395604395531e-01 3.516483516483516203e-01 1.968750000000000000e+01 0.000000000000000000e+00
2.962110996246337891e+01 -1.235830187797546387e+00 -2.778222858905792236e-01 -9.733359336853027344e+00 -1.091896090656518936e-02 -4.548679292201995850e-01 1.278317254036664963e-02 -1.670329670329670391e+00 -1.582417582417582347e+00 4.395604395604395531e-01 3.516483516483516203e-01 1.406250000000000000e+01 0.000000000000000000e+00
2.982125401496887207e+01 -1.369951248168945312e+00 -2.203418016433715820e-01 -1.048060607910156250e+01 -2.743056043982505798e-02 -7.241135239601135254e-01 1.384843792766332626e-02 -1.934065934065934078e+00 -1.582417582417582347e+00 4.395604395604395531e-01 3.516483516483516203e-01 5.449218750000000000e+00 0.000000000000000000e+00
3.002141189575195312e+01 -1.408271551132202148e+00 -2.874023616313934326e-01 -1.080632877349853516e+01 -2.316950261592864990e-02 -8.197209835052490234e-01 1.411475427448749542e-02 -1.758241758241758212e+00 -1.494505494505494525e+00 3.516483516483516203e-01 3.516483516483516203e-01 -3.867187500000000000e+00 0.000000000000000000e+00
3.022156000137329102e+01 -1.322050809860229492e+00 -2.969824373722076416e-01 -1.043270587921142578e+01 -1.411475427448749542e-02 -6.841660737991333008e-01 7.190534844994544983e-03 -1.494505494505494525e+00 -1.494505494505494525e+00 3.516483516483516203e-01 3.516483516483516203e-01 -1.230468750000000000e+01 0.000000000000000000e+00
3.042168998718261719e+01 -1.226250052452087402e+00 -2.874023616313934326e-01 -9.647139549255371094e+00 -4.261057823896408081e-03 -4.149205088615417480e-01 -2.663161139935255051e-04 -1.318681318681318659e+00 -1.494505494505494525e+00 3.516483516483516203e-01 4.395604395604395531e-01 -1.634765625000000000e+01 0.000000000000000000e+00
3.062183880805969238e+01 -1.140029311180114746e+00 -2.586621344089508057e-01 -9.244775772094726562e+00 1.304948981851339340e-02 -2.956108935177326202e-02 1.677791588008403778e-02 -1.142857142857142794e+00 -1.494505494505494525e+00 3.516483516483516203e-01 4.395604395604395531e-01 -1.669921875000000000e+01 0.000000000000000000e+00
3.082198095321655273e+01 -1.235830187797546387e+00 -3.161425888538360596e-01 -9.522598266601562500e+00 2.822950854897499084e-02 3.645867705345153809e-01 2.716424316167831421e-02 -1.054945054945054972e+00 -1.494505494505494525e+00 3.516483516483516203e-01 3.516483516483516203e-01 -1.248046875000000000e+01 0.000000000000000000e+00
3.102212190628051758e+01 -1.331630945205688477e+00 -2.969824373722076416e-01 -1.030816459655761719e+01 3.195793181657791138e-02 7.054713964462280273e-01 2.956108935177326202e-02 -1.406593406593406481e+00 -1.494505494505494525e+00 3.516483516483516203e-01 3.516483516483516203e-01 -4.394531250000000000e+00 0.000000000000000000e+00
3.122224998474121094e+01 -1.437011837959289551e+00 -2.778222858905792236e-01 -1.072968769073486328e+01 3.009372018277645111e-02 8.388957381248474121e-01 3.328951448202133179e-02 -1.846153846153846256e+00 -1.582417582417582347e+00 4.395604395604395531e-01 3.516483516483516203e-01 4.570312500000000000e+00 0.000000000000000000e+00
3.142238497734069824e+01 -1.427431702613830566e+00 -2.586621344089508057e-01 -1.050934600830078125e+01 4.420847445726394653e-02 8.072041273117065430e-01 1.757686398923397064e-02 -1.934065934065934078e+00 -1.582417582417582347e+00 4.395604395604395531e-01 3.516483516483516203e-01 1.265625000000000000e+01 0.000000000000000000e+00
3.162253379821777344e+01 -1.274150490760803223e+00 -2.969824373722076416e-01 -9.848320960998535156e+00 3.408846259117126465e-02 5.787048935890197754e-01 2.157160453498363495e-02 -1.406593406593406481e+00 -1.582417582417582347e+00 4.395604395604395531e-01 3.516483516483516203e-01 1.880859375000000000e+01 0.000000000000000000e+00
3.182268285751342773e+01 -1.216669917106628418e+00 -3.257226645946502686e-01 -9.168134689331054688e+00 1.731054671108722687e-02 2.226402759552001953e-01 1.944107562303543091e-02 -1.142857142857142794e+00 -1.582417582417582347e+00 4.395604395604395531e-01 3.516483516483516203e-01 2.074218750000000000e+01 0.000000000000000000e+00
3.202283191680908203e+01 -1.207089900970458984e+00 -3.161425888538360596e-01 -9.206455230712890625e+00 -4.261057823896408081e-03 -1.749696880578994751e-01 2.130528911948204041e-02 -1.318681318681318659e+00 -1.670329670329670391e+00 4.395604395604395531e-01 3.516483516483516203e-01 1.845703125000000000e+01 0.000000000000000000e+00
3.222298192977905273e+01 -1.264570355415344238e+00 -2.586621344089508057e-01 -9.848320960998535156e+00 -2.183792181313037872e-02 -5.241101384162902832e-01 6.924218963831663132e-03 -1.758241758241758212e+00 -1.582417582417582347e+00 4.395604395604395531e-01 3.516483516483516203e-01 1.195312500000000000e+01 0.000000000000000000e+00
3.242312884330749512e+01 -1.398691415786743164e+00 -2.874023616313934326e-01 -1.058598709106445312e+01 -2.157160453498363495e-02 -7.486146092414855957e-01 3.195793367922306061e-03 -1.846153846153846256e+00 -1.582417582417582347e+00 3.516483516483516203e-01 3.516483516483516203e-01 2.988281250000000000e+00 0.000000000000000000e+00
3.262325382232666016e+01 -1.398691415786743164e+00 -2.586621344089508057e-01 -1.072010803222656250e+01 -2.956108935177326202e-02 -7.930893898010253906e-01 1.597896683961153030e-03 -1.758241758241758212e+00 -1.582417582417582347e+00 3.516483516483516203e-01 3.516483516483516203e-01 -5.625000000000000000e+00 0.000000000000000000e+00
3.282340097427368164e+01 -1.322050809860229492e+00 -2.969824373722076416e-01 -1.019320392608642578e+01 -1.917476020753383636e-02 -6.364955306053161621e-01 9.321063756942749023e-03 -1.494505494505494525e+00 -1.494505494505494525e+00 3.516483516483516203e-01 3.516483516483516203e-01 -1.265625000000000000e+01 0.000000000000000000e+00
3.302355694770812988e+01 -1.197509765625000000e+00 -2.874023616313934326e-01 -9.513017654418945312e+00 -2.663161139935255051e-04 -3.206445872783660889e-01 3.462109481915831566e-03 -1.230769230769230838e+00 -1.494505494505494525e+00 3.516483516483516203e-01 3.516483516483516203e-01 -1.634765625000000000e+01 0.000000000000000000e+00
3.322370886802673340e+01 -1.187929749488830566e+00 -3.161425888538360596e-01 -9.321416854858398438e+00 7.190534844994544983e-03 6.551376730203628540e-02 1.997370831668376923e-02 -1.054945054945054972e+00 -1.494505494505494525e+00 3.516483516483516203e-01 4.395604395604395531e-01 -1.564453125000000000e+01 0.000000000000000000e+00
3.342386078834533691e+01 -1.264570355415344238e+00 -3.544628918170928955e-01 -9.714200019836425781e+00 2.370213344693183899e-02 4.767058491706848145e-01 2.183792181313037872e-02 -1.054945054945054972e+00 -1.494505494505494525e+00 3.516483516483516203e-01 4.395604395604395531e-01 -1.037109375000000000e+01 0.000000000000000000e+00
3.362399291992187500e+01 -1.398691415786743164e+00 -3.065625131130218506e-01 -1.035606479644775391e+01 3.089267015457153320e-02 7.190535068511962891e-01 2.210423722863197327e-02 -1.494505494505494525e+00 -1.582417582417582347e+00 3.516483516483516203e-01 3.516483516483516203e-01 -2.636718750000000000e+00 0.000000000000000000e+00
3.382413578033447266e+01 -1.456171989440917969e+00 -2.682422101497650146e-01 -1.073926830291748047e+01 4.580637067556381226e-02 8.335694074630737305e-01 2.716424316167831421e-02 -1.934065934065934078e+00 -1.582417582417582347e+00 4.395604395604395531e-01 3.516483516483516203e-01 6.328125000000000000e+00 0.000000000000000000e+00
3.402424693107604980e+01 -1.389111399650573730e+00 -2.778222858905792236e-01 -1.035606479644775391e+01 3.914846852421760559e-02 7.496798634529113770e-01 1.544633507728576660e-02 -1.758241758241758212e+00 -1.582417582417582347e+00 4.395604395604395531e-01 3.516483516483516203e-01 1.423828125000000000e+01 0.000000000000000000e+00
3.422440099716186523e+01 -1.254990339279174805e+00 -3.257226645946502686e-01 -9.656719207763671875e+00 2.636529505252838135e-02 4.870921671390533447e-01 2.183792181313037872e-02 -1.318681318681318659e+00 -1.582417582417582347e+00 4.395604395604395531e-01 3.516483516483516203e-01 1.916015625000000000e+01 0.000000000000000000e+00
3.442455291748046875e+01 -1.187929749488830566e+00 -3.448828160762786865e-01 -9.168134689331054688e+00 1.304948981851339340e-02 1.286306828260421753e-01 1.118527725338935852e-02 -1.142857142857142794e+00 -1.582417582417582347e+00 4.395604395604395531e-01 3.516483516483516203e-01 2.021484375000000000e+01 0.000000000000000000e+00
3.462470293045043945e+01 -1.168769598007202148e+00 -2.874023616313934326e-01 -9.359736442565917969e+00 -5.060005933046340942e-03 -2.575276792049407959e-01 2.396845072507858276e-02 -1.406593406593406481e+00 -1.582417582417582347e+00 4.395604395604395531e-01 3.516483516483516203e-01 1.687500000000000000e+01 0.000000000000000000e+00
3.482484793663024902e+01 -1.322050809860229492e+00 -2.586621344089508057e-01 -1.007824230194091797e+01 -1.597896590828895569e-02 -5.773733258247375488e-01 5.326322279870510101e-04 -1.846153846153846256e+00 -1.582417582417582347e+00 4.395604395604395531e-01 3.516483516483516203e-01 1.001953125000000000e+01 0.000000000000000000e+00
3.502499580383300781e+01 -1.398691415786743164e+00 -2.682422101497650146e-01 -1.062430667877197266e+01 -2.423476614058017731e-02 -7.531419992446899414e-01 1.571265049278736115e-02 -1.846153846153846256e+00 -1.582417582417582347e+00 4.395604395604395531e-01 3.516483516483516203e-01 1.230468750000000000e+00 0.000000000000000000e+00
3.522513890266418457e+01 -1.360371112823486328e+00 -3.065625131130218506e-01 -1.057640552520751953e+01 -2.103897370398044586e-02 -7.472830414772033691e-01 1.065264455974102020e-03 -1.582417582417582347e+00 -1.582417582417582347e+00 3.516483516483516203e-01 3.516483516483516203e-01 -7.207031250000000000e+00 0.000000000000000000e+00
3.542528986930847168e+01 -1.264570355415344238e+00 -2.874023616313934326e-01 -1.002076244354248047e+01 -1.012001186609268188e-02 -5.536711812019348145e-01 7.989482954144477844e-03 -1.406593406593406481e+00 -1.494505494505494525e+00 3.516483516483516203e-01 4.395604395604395531e-01 -1.371093750000000000e+01 0.000000000000000000e+00
3.562542200088500977e+01 -1.168769598007202148e+00 -2.874023616313934326e-01 -9.436377525329589844e+00 6.924218963831663132e-03 -1.880191713571548462e-01 1.145159266889095306e-02 -1.230769230769230838e+00 -1.494505494505494525e+00 3.516483516483516203e-01 3.516483516483516203e-01 -1.617187500000000000e+01 0.000000000000000000e+00
3.582554078102111816e+01 -1.130449295043945312e+00 -3.161425888538360596e-01 -9.388477325439453125e+00 9.853696450591087341e-03 1.547296643257141113e-01 1.358212158083915710e-02 -1.142857142857142794e+00 -1.494505494505494525e+00 3.516483516483516203e-01 3.516483516483516203e-01 -1.458984375000000000e+01 0.000000000000000000e+00
3.602569484710693359e+01 -1.254990339279174805e+00 -3.161425888538360596e-01 -9.896221160888671875e+00 2.157160453498363495e-02 5.107942819595336914e-01 2.503371424973011017e-02 -1.142857142857142794e+00 -1.582417582417582347e+00 3.516483516483516203e-01 3.516483516483516203e-01 -8.964843750000000000e+00 0.000000000000000000e+00
3.622584080696105957e+01 -1.379531264305114746e+00 -2.969824373722076416e-01 -1.054766654968261719e+01 3.834952041506767273e-02 7.462177276611328125e-01 2.743056043982505798e-02 -1.582417582417582347e+00 -1.582417582417582347e+00 4.395604395604395531e-01 3.516483516483516203e-01 -7.031250000000000000e-01 0.000000000000000000e+00
3.642598700523376465e+01 -1.465752005577087402e+00 -2.586621344089508057e-01 -1.066262722015380859e+01 4.314320906996726990e-02 8.082693815231323242e-01 1.731054671108722687e-02 -1.846153846153846256e+00 -1.582417582417582347e+00 4.395604395604395531e-01 3.516483516483516203e-01 7.734375000000000000e+00 0.000000000000000000e+00
3.662613892555236816e+01 -1.369951248168945312e+00 -2.586621344089508057e-01 -1.020278358459472656e+01 3.568635880947113037e-02 6.908239722251892090e-01 2.530003152787685394e-02 -1.758241758241758212e+00 -1.582417582417582347e+00 4.395604395604395531e-01 3.516483516483516203e-01 1.511718750000000000e+01 0.000000000000000000e+00
3.682624983787536621e+01 -1.226250052452087402e+00 -3.257226645946502686e-01 -9.503437995910644531e+00 2.663161233067512512e-02 4.008057415485382080e-01 1.837581209838390350e-02 -1.318681318681318659e+00 -1.582417582417582347e+00 4.395604395604395531e-01 3.516483516483516203e-01 1.933593750000000000e+01 0.000000000000000000e+00
3.702639698982238770e+01 -1.149609446525573730e+00 -2.969824373722076416e-01 -9.187294960021972656e+00 5.858954507857561111e-03 3.781688958406448364e-02 1.837581209838390350e-02 -1.142857142857142794e+00 -1.582417582417582347e+00 4.395604395604395531e-01 3.516483516483516203e-01 1.916015625000000000e+01 0.000000000000000000e+00
3.722652697563171387e+01 -1.197509765625000000e+00 -3.353027403354644775e-01 -9.551338195800781250e+00 -1.145159266889095306e-02 -3.041329979896545410e-01 1.384843792766332626e-02 -1.494505494505494525e+00 -1.582417582417582347e+00 4.395604395604395531e-01 3.516483516483516203e-01 1.546875000000000000e+01 0.000000000000000000e+00
3.742668700218200684e+01 -1.331630945205688477e+00 -2.874023616313934326e-01 -1.018362331390380859e+01 -7.989482954144477844e-03 -6.223807334899902344e-01 1.012001186609268188e-02 -1.846153846153846256e+00 -1.582417582417582347e+00 4.395604395604395531e-01 3.516483516483516203e-01 7.910156250000000000e+00 0.000000000000000000e+00
3.762683701515197754e+01 -1.417851567268371582e+00 -2.778222858905792236e-01 -1.065304756164550781e+01 -1.970739290118217468e-02 -7.558051347732543945e-01 1.411475427448749542e-02 -1.758241758241758212e+00 -1.582417582417582347e+00 4.395604395604395531e-01 3.516483516483516203e-01 -7.031250000000000000e-01 0.000000000000000000e+00
3.782697987556457520e+01 -1.379531264305114746e+00 -2.969824373722076416e-01 -1.043270587921142578e+01 -1.890844479203224182e-02 -7.020092606544494629e-01 1.065264455974102020e-03 -1.582417582417582347e+00 -1.582417582417582347e+00 3.516483516483516203e-01 3.516483516483516203e-01 -8.613281250000000000e+00 0.000000000000000000e+00
3.802712583541870117e+01 -1.235830187797546387e+00 -2.778222858905792236e-01 -9.848320960998535156e+00 -1.304948981851339340e-02 -5.025385022163391113e-01 5.060005933046340942e-03 -1.406593406593406481e+00 -1.582417582417582347e+00 3.516483516483516203e-01 4.395604395604395531e-01 -1.406250000000000000e+01 0.000000000000000000e+00
3.822728300094604492e+01 -1.149609446525573730e+00 -3.065625131130218506e-01 -9.378896713256835938e+00 -1.331580569967627525e-03 -1.209075227379798889e-01 1.065264455974102020e-02 -1.230769230769230838e+00 -1.494505494505494525e+00 3.516483516483516203e-01 4.395604395604395531e-01 -1.564453125000000000e+01 0.000000000000000000e+00
3.842743301391601562e+01 -1.187929749488830566e+00 -3.353027403354644775e-01 -9.474698066711425781e+00 1.624528318643569946e-02 2.495381981134414673e-01 2.183792181313037872e-02 -1.142857142857142794e+00 -1.494505494505494525e+00 3.516483516483516203e-01 3.516483516483516203e-01 -1.300781250000000000e+01 0.000000000000000000e+00
3.862757682800292969e+01 -1.302890658378601074e+00 -3.544628918170928955e-01 -1.003034210205078125e+01 3.169161826372146606e-02 5.693838596343994141e-01 1.810949668288230896e-02 -1.230769230769230838e+00 -1.582417582417582347e+00 3.516483516483516203e-01 3.516483516483516203e-01 -7.207031250000000000e+00 0.000000000000000000e+00
3.882772779464721680e+01 -1.417851567268371582e+00 -3.448828160762786865e-01 -1.056682682037353516e+01 3.328951448202133179e-02 7.611314654350280762e-01 2.343581803143024445e-02 -1.670329670329670391e+00 -1.582417582417582347e+00 4.395604395604395531e-01 3.516483516483516203e-01 1.230468750000000000e+00 0.000000000000000000e+00
3.902787184715270996e+01 -1.379531264305114746e+00 -2.299218773841857910e-01 -1.053808593750000000e+01 4.127899929881095886e-02 7.872304320335388184e-01 2.237055450677871704e-02 -1.846153846153846256e+00 -1.582417582417582347e+00 4.395604395604395531e-01 3.516483516483516203e-01 9.667968750000000000e+00 0.000000000000000000e+00
3.922801780700683594e+01 -1.350791096687316895e+00 -3.065625131130218506e-01 -9.934541702270507812e+00 3.169161826372146606e-02 6.426208019256591797e-01 2.716424316167831421e-02 -1.582417582417582347e+00 -1.582417582417582347e+00 4.395604395604395531e-01 3.516483516483516203e-01 1.617187500000000000e+01 0.000000000000000000e+00
3.942817187309265137e+01 -1.245410203933715820e+00 -3.448828160762786865e-01 -9.340576171875000000e+00 2.450108155608177185e-02 3.094593286514282227e-01 1.491370238363742828e-02 -1.230769230769230838e+00 -1.582417582417582347e+00 4.395604395604395531e-01 3.516483516483516203e-01 1.933593750000000000e+01 0.000000000000000000e+00
3.962824988365173340e+01 -1.187929749488830566e+00 -3.544628918170928955e-01 -9.235196113586425781e+00 2.663161139935255051e-04 -2.743056043982505798e-02 1.997370831668376923e-02 -1.230769230769230838e+00 -1.582417582417582347e+00 4.395604395604395531e-01 3.516483516483516203e-01 1.845703125000000000e+01 0.000000000000000000e+00
3.982839179039001465e+01 -1.254990339279174805e+00 -2.969824373722076416e-01 -9.656719207763671875e+00 -5.326322279870510101e-04 -3.779025673866271973e-01 1.384843792766332626e-02 -1.582417582417582347e+00 -1.582417582417582347e+00 4.395604395604395531e-01 3.516483516483516203e-01 1.353515625000000000e+01 0.000000000000000000e+00
4.002854585647583008e+01 -1.331630945205688477e+00 -3.065625131130218506e-01 -1.024110412597656250e+01 -3.222424909472465515e-02 -6.293050050735473633e-01 1.331580616533756256e-02 -1.758241758241758212e+00 -1.582417582417582347e+00 4.395604395604395531e-01 3.516483516483516203e-01 6.152343750000000000e+00 0.000000000000000000e+00
4.022870182991027832e+01 -1.350791096687316895e+00 -2.778222858905792236e-01 -1.062430667877197266e+01 -2.157160453498363495e-02 -7.454187870025634766e-01 6.924218963831663132e-03 -1.670329670329670391e+00 -1.582417582417582347e+00 3.516483516483516203e-01 3.516483516483516203e-01 -2.636718750000000000e+00 0.000000000000000000e+00
4.042884993553161621e+01 -1.302890658378601074e+00 -2.969824373722076416e-01 -1.034648513793945312e+01 -1.757686398923397064e-02 -6.617955565452575684e-01 3.462109481915831566e-03 -1.582417582417582347e+00 -1.494505494505494525e+00 3.516483516483516203e-01 3.516483516483516203e-01 -9.843750000000000000e+00 0.000000000000000000e+00
4.062899780273437500e+01 -1.197509765625000000e+00 -2.874023616313934326e-01 -9.695039749145507812e+00 -2.663161139935255051e-04 -3.821636140346527100e-01 3.462109481915831566e-03 -1.406593406593406481e+00 -1.582417582417582347e+00 3.516483516483516203e-01 4.395604395604395531e-01 -1.458984375000000000e+01 0.000000000000000000e+00
4.082913088798522949e+01 -1.130449295043945312e+00 -2.874023616313934326e-01 -9.388477325439453125e+00 5.326322279870510101e-04 -6.524744629859924316e-02 1.571265049278736115e-02 -1.142857142857142794e+00 -1.494505494505494525e+00 3.516483516483516203e-01 4.395604395604395531e-01 -1.511718750000000000e+01 0.000000000000000000e+00
4.102927494049072266e+01 -1.168769598007202148e+00 -3.257226645946502686e-01 -9.522598266601562500e+00 1.624528318643569946e-02 2.985403537750244141e-01 2.743056043982505798e-02 -1.054945054945054972e+00 -1.494505494505494525e+00 3.516483516483516203e-01 3.516483516483516203e-01 -1.177734375000000000e+01 0.000000000000000000e+00
4.122942399978637695e+01 -1.302890658378601074e+00 -3.161425888538360596e-01 -1.012614345550537109e+01 3.169161826372146606e-02 5.960154533386230469e-01 1.731054671108722687e-02 -1.318681318681318659e+00 -1.582417582417582347e+00 3.516483516483516203e-01 3.516483516483516203e-01 -5.097656250000000000e+00 0.000000000000000000e+00
4.142957687377929688e+01 -1.456171989440917969e+00 -2.969824373722076416e-01 -1.058598709106445312e+01 4.261057823896408081e-02 7.605988383293151855e-01 2.237055450677871704e-02 -1.758241758241758212e+00 -1.582417582417582347e+00 3.516483516483516203e-01 3.516483516483516203e-01 3.339843750000000000e+00 0.000000000000000000e+00
4.162972378730773926e+01 -1.398691415786743164e+00 -2.874023616313934326e-01 -1.046144580841064453e+01 3.648530691862106323e-02 7.558051347732543945e-01 1.358212158083915710e-02 -1.934065934065934078e+00 -1.582417582417582347e+00 4.395604395604395531e-01 3.516483516483516203e-01 1.107421875000000000e+01 0.000000000000000000e+00
4.182987284660339355e+01 -1.293310642242431641e+00 -3.065625131130218506e-01 -9.848320960998535156e+00 3.382214531302452087e-02 5.621933341026306152e-01 2.450108155608177185e-02 -1.494505494505494525e+00 -1.582417582417582347e+00 4.395604395604395531e-01 3.516483516483516203e-01 1.687500000000000000e+01 0.000000000000000000e+00
4.203001689910888672e+01 -1.245410203933715820e+00 -3.257226645946502686e-01 -9.340576171875000000e+00 2.024002373218536377e-02 2.415487170219421387e-01 6.657903082668781281e-03 -1.230769230769230838e+00 -1.582417582417582347e+00 4.395604395604395531e-01 3.516483516483516203e-01 1.916015625000000000e+01 0.000000000000000000e+00
4.223016881942749023e+01 -1.159189462661743164e+00 -3.257226645946502686e-01 -9.283096313476562500e+00 1.065264455974102020e-03 -1.480717658996582031e-01 2.796319127082824707e-02 -1.318681318681318659e+00 -1.582417582417582347e+00 4.395604395604395531e-01 3.516483516483516203e-01 1.705078125000000000e+01 0.000000000000000000e+00
4.243025398254394531e+01 -1.283730506896972656e+00 -3.065625131130218506e-01 -9.771679878234863281e+00 -1.944107562303543091e-02 -4.476773738861083984e-01 -2.663161139935255051e-03 -1.670329670329670391e+00 -1.582417582417582347e+00 4.395604395604395531e-01 3.516483516483516203e-01 1.177734375000000000e+01 0.000000000000000000e+00
4.263040590286254883e+01 -1.360371112823486328e+00 -2.778222858905792236e-01 -1.039438533782958984e+01 -3.275688365101814270e-02 -6.567355394363403320e-01 1.890844479203224182e-02 -1.846153846153846256e+00 -1.582417582417582347e+00 4.395604395604395531e-01 3.516483516483516203e-01 3.867187500000000000e+00 0.000000000000000000e+00
4.283054900169372559e+01 -1.369951248168945312e+00 -2.586621344089508057e-01 -1.055724620819091797e+01 -2.024002373218536377e-02 -7.195861339569091797e-01 1.065264455974102020e-02 -1.758241758241758212e+00 -1.494505494505494525e+00 3.516483516483516203e-01 3.516483516483516203e-01 -4.218750000000000000e+00 0.000000000000000000e+00
4.303070497512817383e+01 -1.312470793724060059e+00 -3.065625131130218506e-01 -1.018362331390380859e+01 -1.917476020753383636e-02 -5.960154533386230469e-01 4.793690051883459091e-03 -1.494505494505494525e+00 -1.494505494505494525e+00 3.516483516483516203e-01 3.516483516483516203e-01 -1.089843750000000000e+01 0.000000000000000000e+00
4.323084878921508789e+01 -1.168769598007202148e+00 -2.874023616313934326e-01 -9.627979278564453125e+00 7.989483419805765152e-04 -3.217098712921142578e-01 1.251685712486505508e-02 -1.318681318681318659e+00 -1.494505494505494525e+00 3.516483516483516203e-01 4.395604395604395531e-01 -1.458984375000000000e+01 0.000000000000000000e+00
4.343099594116210938e+01 -1.159189462661743164e+00 -2.969824373722076416e-01 -9.407637596130371094e+00 9.853696450591087341e-03 3.408846259117126465e-02 2.157160453498363495e-02 -1.142857142857142794e+00 -1.494505494505494525e+00 3.516483516483516203e-01 3.516483516483516203e-01 -1.423828125000000000e+01 0.000000000000000000e+00
4.363114094734191895e+01 -1.245410203933715820e+00 -3.448828160762786865e-01 -9.714200019836425781e+00 2.583266235888004303e-02 4.040015339851379395e-01 2.450108155608177185e-02 -1.230769230769230838e+00 -1.494505494505494525e+00 3.516483516483516203e-01 3.516483516483516203e-01 -9.667968750000000000e+00 0.000000000000000000e+00
4.383125281333923340e+01 -1.322050809860229492e+00 -2.969824373722076416e-01 -1.024110412597656250e+01 4.101268202066421509e-02 6.447513103485107422e-01 3.009372018277645111e-02 -1.494505494505494525e+00 -1.582417582417582347e+00 3.516483516483516203e-01 3.516483516483516203e-01 -2.988281250000000000e+00 0.000000000000000000e+00
4.403139781951904297e+01 -1.398691415786743164e+00 -2.969824373722076416e-01 -1.054766654968261719e+01 4.234426096081733704e-02 7.571367025375366211e-01 1.997370831668376923e-02 -1.758241758241758212e+00 -1.582417582417582347e+00 4.395604395604395531e-01 3.516483516483516203e-01 5.097656250000000000e+00 0.000000000000000000e+00
4.423154878616333008e+01 -1.513652443885803223e+00 -1.724414080381393433e-01 -9.695039749145507812e+00 2.636529505252838135e-02 7.030745148658752441e-01 2.050634101033210754e-02 -1.758241758241758212e+00 -1.582417582417582347e+00 4.395604395604395531e-01 3.516483516483516203e-01 1.248046875000000000e+01 0.000000000000000000e+00
4.443170189857482910e+01 -1.226250052452087402e+00 -3.257226645946502686e-01 -9.675879478454589844e+00 2.876213937997817993e-02 4.772384762763977051e-01 1.704423129558563232e-02 -1.494505494505494525e+00 -1.582417582417582347e+00 4.395604395604395531e-01 3.516483516483516203e-01 1.740234375000000000e+01 0.000000000000000000e+00
4.463185381889343262e+01 -1.111289143562316895e+00 -3.065625131130218506e-01 -9.263936042785644531e+00 1.251685712486505508e-02 1.549959778785705566e-01 1.837581209838390350e-02 -1.318681318681318659e+00 -1.582417582417582347e+00 4.395604395604395531e-01 3.516483516483516203e-01 1.863281250000000000e+01 0.000000000000000000e+00
4.483200192451477051e+01 -1.226250052452087402e+00 -3.065625131130218506e-01 -9.398056983947753906e+00 0.000000000000000000e+00 -1.989381313323974609e-01 2.370213344693183899e-02 -1.494505494505494525e+00 -1.670329670329670391e+00 4.395604395604395531e-01 4.395604395604395531e-01 1.599609375000000000e+01 0.000000000000000000e+00
4.503215289115905762e+01 -1.350791096687316895e+00 -2.874023616313934326e-01 -1.000160217285156250e+01 -1.890844479203224182e-02 -5.099953413009643555e-01 6.657903082668781281e-03 -1.758241758241758212e+00 -1.582417582417582347e+00 4.395604395604395531e-01 3.516483516483516203e-01 9.843750000000000000e+00 0.000000000000000000e+00
4.523224592208862305e+01 -1.341210961341857910e+00 -2.490820437669754028e-01 -1.043270587921142578e+01 -2.769687585532665253e-02 -6.719155311584472656e-01 1.518001873046159744e-02 -1.758241758241758212e+00 -1.582417582417582347e+00 4.395604395604395531e-01 3.516483516483516203e-01 2.109375000000000000e+00 0.000000000000000000e+00
4.543239998817443848e+01 -1.360371112823486328e+00 -2.969824373722076416e-01 -1.052850627899169922e+01 -1.970739290118217468e-02 -6.828345060348510742e-01 1.331580569967627525e-03 -1.670329670329670391e+00 -1.582417582417582347e+00 4.395604395604395531e-01 3.516483516483516203e-01 -6.152343750000000000e+00 0.000000000000000000e+00
4.563253879547119141e+01 -1.293310642242431641e+00 -3.257226645946502686e-01 -1.003992271423339844e+01 -1.970739290118217468e-02 -5.211806297302246094e-01 1.677791588008403778e-02 -1.494505494505494525e+00 -1.582417582417582347e+00 4.395604395604395531e-01 3.516483516483516203e-01 -1.177734375000000000e+01 0.000000000000000000e+00
4.583268594741821289e+01 -1.187929749488830566e+00 -3.257226645946502686e-01 -9.474698066711425781e+00 -5.060005933046340942e-03 -2.239718586206436157e-01 -1.278317254036664963e-02 -1.406593406593406481e+00 -1.582417582417582347e+00 3.516483516483516203e-01 4.395604395604395531e-01 -1.458984375000000000e+01 0.000000000000000000e+00
4.603283691406250000e+01 -1.130449295043945312e+00 -2.969824373722076416e-01 -9.445957183837890625e+00 5.592638626694679260e-03 1.214401498436927795e-01 3.142530098557472229e-02 -1.318681318681318659e+00 -1.582417582417582347e+00 3.516483516483516203e-01 3.516483516483516203e-01 -1.318359375000000000e+01 0.000000000000000000e+00
4.623298788070678711e+01 -1.245410203933715820e+00 -3.448828160762786865e-01 -9.752519607543945312e+00 2.663161233067512512e-02 4.508731663227081299e-01 1.890844479203224182e-02 -1.230769230769230838e+00 -1.582417582417582347e+00 3.516483516483516203e-01 3.516483516483516203e-01 -8.261718750000000000e+00 0.000000000000000000e+00
4.643314194679260254e+01 -1.350791096687316895e+00 -3.161425888538360596e-01 -1.033690452575683594e+01 2.743056043982505798e-02 6.676545143127441406e-01 2.210423722863197327e-02 -1.406593406593406481e+00 -1.582417582417582347e+00 4.395604395604395531e-01 3.516483516483516203e-01 -8.789062500000000000e-01 0.000000000000000000e+00
4.663325595855712891e+01 -1.398691415786743164e+00 -3.257226645946502686e-01 -1.050934600830078125e+01 4.048004746437072754e-02 7.502124905586242676e-01 2.929477207362651825e-02 -1.670329670329670391e+00 -1.582417582417582347e+00 4.395604395604395531e-01 3.516483516483516203e-01 7.207031250000000000e+00 0.000000000000000000e+00
4.683339691162109375e+01 -1.312470793724060059e+00 -2.203418016433715820e-01 -1.011656284332275391e+01 3.888215124607086182e-02 6.418218612670898438e-01 1.784317940473556519e-02 -1.670329670329670391e+00 -1.582417582417582347e+00 4.395604395604395531e-01 3.516483516483516203e-01 1.388671875000000000e+01 0.000000000000000000e+00
4.703354287147521973e+01 -1.226250052452087402e+00 -3.161425888538360596e-01 -9.541758537292480469e+00 1.544633507728576660e-02 3.872236311435699463e-01 2.769687585532665253e-02 -1.318681318681318659e+00 -1.582417582417582347e+00 4.395604395604395531e-01 3.516483516483516203e-01 1.775390625000000000e+01 0.000000000000000000e+00
4.723368692398071289e+01 -1.216669917106628418e+00 -3.353027403354644775e-01 -9.263936042785644531e+00 1.171790901571512222e-02 5.672533065080642700e-02 5.326322279870510101e-03 -1.318681318681318659e+00 -1.670329670329670391e+00 4.395604395604395531e-01 3.516483516483516203e-01 1.792968750000000000e+01 0.000000000000000000e+00
4.743383383750915527e+01 -1.226250052452087402e+00 -2.969824373722076416e-01 -9.484277725219726562e+00 -8.522115647792816162e-03 -2.830940186977386475e-01 1.997370831668376923e-02 -1.494505494505494525e+00 -1.582417582417582347e+00 4.395604395604395531e-01 3.516483516483516203e-01 1.441406250000000000e+01 0.000000000000000000e+00
4.763398194313049316e+01 -1.302890658378601074e+00 -2.874023616313934326e-01 -1.007824230194091797e+01 -1.677791588008403778e-02 -5.518069863319396973e-01 -3.462109481915831566e-03 -1.758241758241758212e+00 -1.582417582417582347e+00 4.395604395604395531e-01 3.516483516483516203e-01 7.910156250000000000e+00 0.000000000000000000e+00
4.783412480354309082e+01 -1.341210961341857910e+00 -3.161425888538360596e-01 -1.047102546691894531e+01 -2.956108935177326202e-02 -6.729808449745178223e-01 2.370213344693183899e-02 -1.758241758241758212e+00 -1.582417582417582347e+00 4.395604395604395531e-01 3.516483516483516203e-01 -1.757812500000000000e-01 0.000000000000000000e+00
4.803427481651306152e+01 -1.312470793724060059e+00 -3.448828160762786865e-01 -1.036564540863037109e+01 -1.358212158083915710e-02 -6.394249796867370605e-01 3.728425595909357071e-03 -1.582417582417582347e+00 -1.582417582417582347e+00 4.395604395604395531e-01 3.516483516483516203e-01 -7.382812500000000000e+00 0.000000000000000000e+00
4.823441886901855469e+01 -1.216669917106628418e+00 -2.778222858905792236e-01 -9.857900619506835938e+00 -1.304948981851339340e-02 -4.484763443470001221e-01 9.321063756942749023e-03 -1.494505494505494525e+00 -1.582417582417582347e+00 3.516483516483516203e-01 3.516483516483516203e-01 -1.248046875000000000e+01 0.000000000000000000e+00
4.843456888198852539e+01 -1.168769598007202148e+00 -2.969824373722076416e-01 -9.465117454528808594e+00 1.091896090656518936e-02 -1.379517465829849243e-01 5.326322279870510101e-03 -1.318681318681318659e+00 -1.582417582417582347e+00 4.395604395604395531e-01 3.516483516483516203e-01 -1.423828125000000000e+01 0.000000000000000000e+00
4.863471794128417969e+01 -1.149609446525573730e+00 -2.969824373722076416e-01 -9.484277725219726562e+00 1.278317254036664963e-02 2.143844664096832275e-01 2.343581803143024445e-02 -1.230769230769230838e+00 -1.582417582417582347e+00 4.395604395604395531e-01 3.516483516483516203e-01 -1.195312500000000000e+01 0.000000000000000000e+00
4.883486580848693848e+01 -1.283730506896972656e+00 -3.544628918170928955e-01 -9.953701972961425781e+00 1.784317940473556519e-02 5.137237906455993652e-01 2.343581803143024445e-02 -1.318681318681318659e+00 -1.582417582417582347e+00 3.516483516483516203e-01 3.516483516483516203e-01 -6.503906250000000000e+00 0.000000000000000000e+00
4.903501486778259277e+01 -1.360371112823486328e+00 -2.874023616313934326e-01 -1.039438533782958984e+01 3.675162419676780701e-02 6.854977011680603027e-01 2.423476614058017731e-02 -1.582417582417582347e+00 -1.582417582417582347e+00 4.395604395604395531e-01 3.516483516483516203e-01 1.054687500000000000e+00 0.000000000000000000e+00
4.923516392707824707e+01 -1.360371112823486328e+00 -2.874023616313934326e-01 -1.042312526702880859e+01 3.462109342217445374e-02 7.211840152740478516e-01 2.636529505252838135e-02 -1.758241758241758212e+00 -1.582417582417582347e+00 4.395604395604395531e-01 3.516483516483516203e-01 8.964843750000000000e+00 0.000000000000000000e+00
4.943530583381652832e+01 -1.302890658378601074e+00 -3.065625131130218506e-01 -9.924961090087890625e+00 3.222424909472465515e-02 5.699164867401123047e-01 1.624528318643569946e-02 -1.582417582417582347e+00 -1.582417582417582347e+00 4.395604395604395531e-01 3.516483516483516203e-01 1.476562500000000000e+01 0.000000000000000000e+00
4.963545894622802734e+01 -1.254990339279174805e+00 -2.969824373722076416e-01 -9.455537796020507812e+00 1.944107562303543091e-02 3.001382648944854736e-01 2.290318533778190613e-02 -1.318681318681318659e+00 -1.670329670329670391e+00 4.395604395604395531e-01 3.516483516483516203e-01 1.775390625000000000e+01 0.000000000000000000e+00
4.983560490608215332e+01 -1.187929749488830566e+00 -3.257226645946502686e-01 -9.283096313476562500e+00 6.924218963831663132e-03 -7.989482954144477844e-03 7.723167538642883301e-03 -1.318681318681318659e+00 -1.582417582417582347e+00 4.395604395604395531e-01 3.516483516483516203e-01 1.705078125000000000e+01 0.000000000000000000e+00
5.003575587272644043e+01 -1.264570355415344238e+00 -2.969824373722076416e-01 -9.695039749145507812e+00 -3.462109481915831566e-03 -3.608583211898803711e-01 1.278317254036664963e-02 -1.582417582417582347e+00 -1.582417582417582347e+00 4.395604395604395531e-01 3.516483516483516203e-01 1.265625000000000000e+01 0.000000000000000000e+00
5.023589992523193359e+01 -1.341210961341857910e+00 -2.969824373722076416e-01 -1.020278358459472656e+01 -2.103897370398044586e-02 -5.880259871482849121e-01 6.391586735844612122e-03 -1.670329670329670391e+00 -1.582417582417582347e+00 4.395604395604395531e-01 3.516483516483516203e-01 5.800781250000000000e+00 0.000000000000000000e+00
5.043604898452758789e+01 -1.341210961341857910e+00 -3.065625131130218506e-01 -1.049976634979248047e+01 -2.743056043982505798e-02 -6.724481582641601562e-01 1.464738603681325912e-02 -1.670329670329670391e+00 -1.582417582417582347e+00 4.395604395604395531e-01 3.516483516483516203e-01 -1.933593750000000000e+00 0.000000000000000000e+00
5.063619899749755859e+01 -1.312470793724060059e+00 -2.682422101497650146e-01 -1.024110412597656250e+01 -3.462109481915831566e-03 -6.093312501907348633e-01 1.171790901571512222e-02 -1.582417582417582347e+00 -1.582417582417582347e+00 4.395604395604395531e-01 3.516483516483516203e-01 -8.789062500000000000e+00 0.000000000000000000e+00
5.083634400367736816e+01 -1.197509765625000000e+00 -2.969824373722076416e-01 -9.742939949035644531e+00 -2.663161139935255051e-04 -3.603256940841674805e-01 3.462109481915831566e-03 -1.494505494505494525e+00 -1.582417582417582347e+00 3.516483516483516203e-01 3.516483516483516203e-01 -1.300781250000000000e+01 0.000000000000000000e+00
5.103648996353149414e+01 -1.111289143562316895e+00 -2.874023616313934326e-01 -9.436377525329589844e+00 7.723167538642883301e-03 -6.178534030914306641e-02 1.837581209838390350e-02 -1.318681318681318659e+00 -1.582417582417582347e+00 4.395604395604395531e-01 3.516483516483516203e-01 -1.371093750000000000e+01 0.000000000000000000e+00
5.123663997650146484e+01 -1.178349614143371582e+00 -2.682422101497650146e-01 -9.618398666381835938e+00 2.343581803143024445e-02 2.964098453521728516e-01 2.929477207362651825e-02 -1.230769230769230838e+00 -1.582417582417582347e+00 4.395604395604395531e-01 3.516483516483516203e-01 -1.054687500000000000e+01 0.000000000000000000e+00
5.143678784370422363e+01 -1.264570355415344238e+00 -3.353027403354644775e-01 -1.005908203125000000e+01 2.743056043982505798e-02 5.432848930358886719e-01 2.050634101033210754e-02 -1.318681318681318659e+00 -1.582417582417582347e+00 3.516483516483516203e-01 3.516483516483516203e-01 -4.570312500000000000e+00 0.000000000000000000e+00
5.163693785667419434e+01 -1.369951248168945312e+00 -3.065625131130218506e-01 -1.041354560852050781e+01 3.834952041506767273e-02 6.961503028869628906e-01 2.822950854897499084e-02 -1.670329670329670391e+00 -1.582417582417582347e+00 4.395604395604395531e-01 3.516483516483516203e-01 3.164062500000000000e+00 0.000000000000000000e+00
5.183708286285400391e+01 -1.341210961341857910e+00 -2.395019680261611938e-01 -1.030816459655761719e+01 3.968109935522079468e-02 6.937534809112548828e-01 2.343581803143024445e-02 -1.758241758241758212e+00 -1.582417582417582347e+00 4.395604395604395531e-01 3.516483516483516203e-01 1.037109375000000000e+01 0.000000000000000000e+00
5.203723978996276855e+01 -1.302890658378601074e+00 -2.586621344089508057e-01 -9.857900619506835938e+00 2.982740476727485657e-02 5.209143161773681641e-01 3.009372018277645111e-02 -1.406593406593406481e+00 -1.582417582417582347e+00 4.395604395604395531e-01 3.516483516483516203e-01 1.564453125000000000e+01 0.000000000000000000e+00
5.223738479614257812e+01 -1.207089900970458984e+00 -3.257226645946502686e-01 -9.407637596130371094e+00 1.624528318643569946e-02 2.322276532649993896e-01 1.757686398923397064e-02 -1.230769230769230838e+00 -1.582417582417582347e+00 4.395604395604395531e-01 3.516483516483516203e-01 1.775390625000000000e+01 0.000000000000000000e+00
5.243753695487976074e+01 -1.207089900970458984e+00 -3.065625131130218506e-01 -9.350156784057617188e+00 6.924218963831663132e-03 -9.640643000602722168e-02 1.331580616533756256e-02 -1.406593406593406481e+00 -1.582417582417582347e+00 4.395604395604395531e-01 3.516483516483516203e-01 1.599609375000000000e+01 0.000000000000000000e+00
5.263768887519836426e+01 -1.235830187797546387e+00 -2.778222858905792236e-01 -9.762100219726562500e+00 -1.331580616533756256e-02 -4.050668179988861084e-01 3.728425595909357071e-03 -1.582417582417582347e+00 -1.670329670329670391e+00 4.395604395604395531e-01 3.516483516483516203e-01 1.107421875000000000e+01 0.000000000000000000e+00
5.283783698081970215e+01 -1.331630945205688477e+00 -3.065625131130218506e-01 -1.027942466735839844e+01 -2.024002373218536377e-02 -6.002765297889709473e-01 7.989482954144477844e-03 -1.670329670329670391e+00 -1.582417582417582347e+00 4.395604395604395531e-01 3.516483516483516203e-01 3.867187500000000000e+00 0.000000000000000000e+00
5.303798484802246094e+01 -1.360371112823486328e+00 -3.161425888538360596e-01 -1.046144580841064453e+01 -2.556634694337844849e-02 -6.559365987777709961e-01 9.054748341441154480e-03 -1.582417582417582347e+00 -1.582417582417582347e+00 4.395604395604395531e-01 3.516483516483516203e-01 -3.691406250000000000e+00 0.000000000000000000e+00
5.323813295364379883e+01 -1.254990339279174805e+00 -3.065625131130218506e-01 -1.015488338470458984e+01 -1.171790901571512222e-02 -5.496764779090881348e-01 1.304948981851339340e-02 -1.494505494505494525e+00 -1.582417582417582347e+00 4.395604395604395531e-01 3.516483516483516203e-01 -9.843750000000000000e+00 0.000000000000000000e+00
5.343828296661376953e+01 -1.235830187797546387e+00 -2.874023616313934326e-01 -9.695039749145507812e+00 -2.663161139935255051e-03 -2.948119342327117920e-01 1.304948981851339340e-02 -1.406593406593406481e+00 -1.582417582417582347e+00 3.516483516483516203e-01 3.516483516483516203e-01 -1.318359375000000000e+01 0.000000000000000000e+00
5.363842797279357910e+01 -1.168769598007202148e+00 -3.065625131130218506e-01 -9.436377525329589844e+00 3.462109481915831566e-03 2.396845072507858276e-02 1.810949668288230896e-02 -1.230769230769230838e+00 -1.582417582417582347e+00 3.516483516483516203e-01 3.516483516483516203e-01 -1.283203125000000000e+01 0.000000000000000000e+00
5.383857798576354980e+01 -1.216669917106628418e+00 -3.448828160762786865e-01 -9.685459136962890625e+00 1.358212158083915710e-02 3.416835665702819824e-01 1.997370831668376923e-02 -1.230769230769230838e+00 -1.582417582417582347e+00 4.395604395604395531e-01 3.516483516483516203e-01 -8.964843750000000000e+00 0.000000000000000000e+00
5.403873181343078613e+01 -1.283730506896972656e+00 -2.874023616313934326e-01 -1.016446304321289062e+01 2.556634694337844849e-02 5.872270464897155762e-01 1.677791588008403778e-02 -1.406593406593406481e+00 -1.582417582417582347e+00 3.516483516483516203e-01 3.516483516483516203e-01 -2.636718750000000000e+00 0.000000000000000000e+00
5.423888278007507324e+01 -1.417851567268371582e+00 -2.778222858905792236e-01 -1.042312526702880859e+01 3.994741663336753845e-02 6.956176757812500000e-01 3.195793181657791138e-02 -1.670329670329670391e+00 -1.582417582417582347e+00 4.395604395604395531e-01 3.516483516483516203e-01 4.746093750000000000e+00 0.000000000000000000e+00
5.443903684616088867e+01 -1.360371112823486328e+00 -2.682422101497650146e-01 -1.020278358459472656e+01 3.994741663336753845e-02 6.460828781127929688e-01 1.784317940473556519e-02 -1.670329670329670391e+00 -1.582417582417582347e+00 4.395604395604395531e-01 3.516483516483516203e-01 1.177734375000000000e+01 0.000000000000000000e+00
5.463918399810791016e+01 -1.283730506896972656e+00 -2.682422101497650146e-01 -9.695039749145507812e+00 2.210423722863197327e-02 4.418184459209442139e-01 2.396845072507858276e-02 -1.406593406593406481e+00 -1.582417582417582347e+00 4.395604395604395531e-01 3.516483516483516203e-01 1.617187500000000000e+01 0.000000000000000000e+00
5.483933091163635254e+01 -1.207089900970458984e+00 -3.257226645946502686e-01 -9.311836242675781250e+00 1.198422536253929138e-02 1.416801661252975464e-01 1.171790901571512222e-02 -1.230769230769230838e+00 -1.582417582417582347e+00 4.395604395604395531e-01 3.516483516483516203e-01 1.722656250000000000e+01 0.000000000000000000e+00
5.503947687149047852e+01 -1.216669917106628418e+00 -3.065625131130218506e-01 -9.541758537292480469e+00 -3.462109481915831566e-03 -2.183792144060134888e-01 1.597896590828895569e-02 -1.406593406593406481e+00 -1.582417582417582347e+00 4.395604395604395531e-01 3.516483516483516203e-01 1.458984375000000000e+01 0.000000000000000000e+00
5.523961400985717773e+01 -1.283730506896972656e+00 -3.257226645946502686e-01 -9.877060890197753906e+00 -1.251685712486505508e-02 -4.588626623153686523e-01 0.000000000000000000e+00 -1.582417582417582347e+00 -1.582417582417582347e+00 4.395604395604395531e-01 3.516483516483516203e-01 9.140625000000000000e+00 0.000000000000000000e+00
5.543976688385009766e+01 -1.312470793724060059e+00 -2.969824373722076416e-01 -1.033690452575683594e+01 -1.757686398923397064e-02 -6.130596995353698730e-01 2.050634101033210754e-02 -1.670329670329670391e+00 -1.582417582417582347e+00 4.395604395604395531e-01 3.516483516483516203e-01 1.757812500000000000e+00 0.000000000000000000e+00
5.563991284370422363e+01 -1.322050809860229492e+00 -3.161425888538360596e-01 -1.038480472564697266e+01 -2.423476614058017731e-02 -6.317018270492553711e-01 -2.929477253928780556e-03 -1.582417582417582347e+00 -1.582417582417582347e+00 4.395604395604395531e-01 3.516483516483516203e-01 -5.273437500000000000e+00 0.000000000000000000e+00
5.584005880355834961e+01 -1.235830187797546387e+00 -2.874023616313934326e-01 -9.963281631469726562e+00 -6.924218963831663132e-03 -4.812332093715667725e-01 9.587380103766918182e-03 -1.494505494505494525e+00 -1.582417582417582347e+00 4.395604395604395531e-01 3.516483516483516203e-01 -1.072265625000000000e+01 0.000000000000000000e+00
5.604020786285400391e+01 -1.187929749488830566e+00 -2.874023616313934326e-01 -9.551338195800781250e+00 3.195793367922306061e-03 -2.066612988710403442e-01 2.130528911948204041e-03 -1.318681318681318659e+00 -1.582417582417582347e+00 4.395604395604395531e-01 3.516483516483516203e-01 -1.318359375000000000e+01 0.000000000000000000e+00
5.624024701118469238e+01 -1.187929749488830566e+00 -2.778222858905792236e-01 -9.493857383728027344e+00 1.251685712486505508e-02 1.171790882945060730e-01 1.624528318643569946e-02 -1.230769230769230838e+00 -1.582417582417582347e+00 4.395604395604395531e-01 3.516483516483516203e-01 -1.195312500000000000e+01 0.000000000000000000e+00
5.644039988517761230e+01 -1.245410203933715820e+00 -3.065625131130218506e-01 -9.848320960998535156e+00 1.518001873046159744e-02 4.143878817558288574e-01 2.370213344693183899e-02 -1.230769230769230838e+00 -1.582417582417582347e+00 3.516483516483516203e-01 3.516483516483516203e-01 -7.558593750000000000e+00 0.000000000000000000e+00
5.664055895805358887e+01 -1.341210961341857910e+00 -2.778222858905792236e-01 -1.024110412597656250e+01 3.062635287642478943e-02 6.186523437500000000e-01 2.769687585532665253e-02 -1.494505494505494525e+00 -1.582417582417582347e+00 4.395604395604395531e-01 3.516483516483516203e-01 -5.273437500000000000e-01 0.000000000000000000e+00
5.684070396423339844e+01 -1.379531264305114746e+00 -3.065625131130218506e-01 -1.037522506713867188e+01 3.408846259117126465e-02 6.868292689323425293e-01 2.876213937997817993e-02 -1.670329670329670391e+00 -1.582417582417582347e+00 4.395604395604395531e-01 3.516483516483516203e-01 6.679687500000000000e+00 0.000000000000000000e+00
5.704085397720336914e+01 -1.302890658378601074e+00 -2.586621344089508057e-01 -1.006866264343261719e+01 3.355583176016807556e-02 5.896238684654235840e-01 1.384843792766332626e-02 -1.582417582417582347e+00 -1.582417582417582347e+00 4.395604395604395531e-01 3.516483516483516203e-01 1.283203125000000000e+01 0.000000000000000000e+00
5.724099779129028320e+01 -1.235830187797546387e+00 -3.161425888538360596e-01 -9.570498466491699219e+00 1.917476020753383636e-02 3.557983338832855225e-01 2.050634101033210754e-02 -1.318681318681318659e+00 -1.582417582417582347e+00 4.395604395604395531e-01 3.516483516483516203e-01 1.652343750000000000e+01 0.000000000000000000e+00
5.744114398956298828e+01 -1.178349614143371582e+00 -3.448828160762786865e-01 -9.321416854858398438e+00 2.396845025941729546e-03 4.873584955930709839e-02 7.989482954144477844e-03 -1.230769230769230838e+00 -1.582417582417582347e+00 4.395604395604395531e-01 3.516483516483516203e-01 1.669921875000000000e+01 0.000000000000000000e+00
5.764128494262695312e+01 -1.207089900970458984e+00 -2.874023616313934326e-01 -9.532177925109863281e+00 3.728425595909357071e-03 -2.695119082927703857e-01 7.989482954144477844e-03 -1.406593406593406481e+00 -1.582417582417582347e+00 4.395604395604395531e-01 3.516483516483516203e-01 1.335937500000000000e+01 0.000000000000000000e+00
5.784143090248107910e+01 -1.350791096687316895e+00 -2.490820437669754028e-01 -1.004950237274169922e+01 -1.331580616533756256e-02 -5.044026970863342285e-01 6.657903082668781281e-03 -1.670329670329670391e+00 -1.582417582417582347e+00 4.395604395604395531e-01 3.516483516483516203e-01 7.382812500000000000e+00 0.000000000000000000e+00
5.804157996177673340e+01 -1.322050809860229492e+00 -2.586621344089508057e-01 -1.035606479644775391e+01 -1.624528318643569946e-02 -6.274407505989074707e-01 1.597896590828895569e-02 -1.670329670329670391e+00 -1.582417582417582347e+00 4.395604395604395531e-01 3.516483516483516203e-01 -1.757812500000000000e-01 0.000000000000000000e+00
5.824172401428222656e+01 -1.302890658378601074e+00 -2.969824373722076416e-01 -1.024110412597656250e+01 -1.810949668288230896e-02 -5.962817668914794922e-01 1.198422536253929138e-02 -1.582417582417582347e+00 -1.582417582417582347e+00 4.395604395604395531e-01 3.516483516483516203e-01 -6.679687500000000000e+00 0.000000000000000000e+00
5.844187498092651367e+01 -1.226250052452087402e+00 -2.874023616313934326e-01 -9.886641502380371094e+00 -4.261057823896408081e-03 -4.058657586574554443e-01 7.190534844994544983e-03 -1.406593406593406481e+00 -1.582417582417582347e+00 4.395604395604395531e-01 3.516483516483516203e-01 -1.142578125000000000e+01 0.000000000000000000e+00
5.864202380180358887e+01 -1.187929749488830566e+00 -3.257226645946502686e-01 -9.484277725219726562e+00 3.195793367922306061e-03 -1.182443574070930481e-01 1.118527725338935852e-02 -1.318681318681318659e+00 -1.582417582417582347e+00 3.516483516483516203e-01 3.516483516483516203e-01 -1.283203125000000000e+01 0.000000000000000000e+00
5.884217286109924316e+01 -1.140029311180114746e+00 -2.778222858905792236e-01 -9.551338195800781250e+00 1.278317254036664963e-02 1.968076080083847046e-01 2.050634101033210754e-02 -1.230769230769230838e+00 -1.582417582417582347e+00 3.516483516483516203e-01 3.516483516483516203e-01 -1.072265625000000000e+01 0.000000000000000000e+00
5.904231691360473633e+01 -1.264570355415344238e+00 -3.161425888538360596e-01 -9.934541702270507812e+00 3.009372018277645111e-02 4.745753109455108643e-01 2.609897963702678680e-02 -1.318681318681318659e+00 -1.582417582417582347e+00 3.516483516483516203e-01 3.516483516483516203e-01 -5.625000000000000000e+00 0.000000000000000000e+00
5.924247097969055176e+01 -1.360371112823486328e+00 -2.969824373722076416e-01 -1.031774425506591797e+01 3.568635880947113037e-02 6.431534290313720703e-01 2.583266235888004303e-02 -1.582417582417582347e+00 -1.582417582417582347e+00 4.395604395604395531e-01 3.516483516483516203e-01 1.230468750000000000e+00 0.000000000000000000e+00
5.944262099266052246e+01 -1.369951248168945312e+00 -2.874023616313934326e-01 -1.031774425506591797e+01 3.914846852421760559e-02 6.599313020706176758e-01 1.571265049278736115e-02 -1.670329670329670391e+00 -1.582417582417582347e+00 4.395604395604395531e-01 3.516483516483516203e-01 8.261718750000000000e+00 0.000000000000000000e+00
5.964276981353759766e+01 -1.312470793724060059e+00 -2.682422101497650146e-01 -9.915381431579589844e+00 3.462109342217445374e-02 5.313006639480590820e-01 1.837581209838390350e-02 -1.494505494505494525e+00 -1.582417582417582347e+00 4.395604395604395531e-01 3.516483516483516203e-01 1.388671875000000000e+01 0.000000000000000000e+00
5.984291791915893555e+01 -1.207089900970458984e+00 -3.448828160762786865e-01 -9.465117454528808594e+00 1.890844479203224182e-02 2.705771625041961670e-01 1.677791588008403778e-02 -1.230769230769230838e+00 -1.582417582417582347e+00 4.395604395604395531e-01 3.516483516483516203e-01 1.669921875000000000e+01 0.000000000000000000e+00
