0.000102997,0,-1.21667,-0.268242,-9.69504,0.0,0.0,0.0,0.0,0.0,0.0,0.0,-0.175781,0.0,0.00674,0.13537,None,seated
0.150176,1,1.41785,-0.354463,-8.96695,0.0,0.0,0.0,0.0,0.0,0.0,0.0,-0.351562,0.0,0.0188,0.1476,Start,extended
0.300343,2,-5.65225,-0.373623,-8.33467,0.0,0.0,0.0,0.0,0.0,0.0,0.0,-0.351562,0.0,0.0188,0.1476,Start,extended
0.45051,3,-7.48204,-0.162861,-7.30002,0.0,0.0,0.0,0.0,0.0,0.0,0.0,-0.351562,0.0,0.0188,0.1476,Start,extended
0.600679,4,-6.44739,-0.450264,-7.52036,0.0,0.0,0.0,0.0,0.0,0.0,0.0,-0.351562,0.0,0.0188,0.1476,Start,extended
0.750771,5,-6.25579,-0.172441,-7.49162,0.0,0.0,0.0,0.0,0.0,0.0,0.0,-0.527344,-0.468333,0.0188,0.1476,Start,extended
0.900845,6,-6.88808,0.0958008,-7.1659,0.0,0.0,0.0,0.0,0.0,0.0,0.0,-0.527344,-0.234166,0.00674,0.13537,Start,seated
1.05101,7,-5.3361,-0.201182,-7.75028,0.0,0.0,0.0,0.0,0.0,0.0,0.0,-0.527344,-0.234165,0.00674,0.13537,Start,seated
1.20118,8,2.31838,0.517324,-9.45554,0.0,0.0,0.0,0.0,0.0,0.0,0.0,-0.527344,-0.234166,0.00674,0.13537,Start,seated
1.35135,9,-1.8298,-0.364043,-10.0495,0.0,0.0,0.0,0.0,0.0,0.0,0.0,-0.527344,-0.234166,0.00674,0.13537,Start,seated
1.50151,10,-1.69567,-0.268242,-9.77168,0.0,0.0,0.0,0.0,0.0,0.0,0.0,-0.351562,0.234143,0.00674,0.13537,Start,seated
1.65169,11,-1.60945,-0.258662,-9.46512,0.0,0.0,0.0,0.0,0.0,0.0,0.0,-0.527344,0.0,0.00674,0.13537,Start,seated
1.80177,12,-1.68609,-0.306563,-9.50344,0.0,0.0,0.0,0.0,0.0,0.0,0.0,-0.351562,0.234139,0.00674,0.13537,Start,seated
1.95194,13,-1.64777,-0.296982,-9.63756,0.0,0.0,0.0,0.0,0.0,0.0,0.0,-0.351562,0.234137,0.00674,0.13537,Start,seated
2.1021,14,-1.61903,-0.325723,-9.7142,0.0,0.0,0.0,0.0,0.0,0.0,0.0,-0.175781,0.468277,0.00674,0.13537,Start,seated
2.25218,15,-2.0693,-0.316143,-9.63756,0.0,0.0,0.0,0.0,0.0,0.0,0.0,0.0,0.468334,0.0188,0.1476,Start,extended
2.40235,16,-1.74357,-0.220342,-9.41722,0.0,0.0,0.0,0.0,0.0,0.0,0.0,-0.175781,0.468335,0.0188,0.1476,Start,extended
2.55252,17,-3.30513,-0.220342,-6.43781,0.0,0.0,0.0,0.0,0.0,0.0,0.0,0.0,0.468284,0.0188,0.1476,Start,extended
2.70269,18,-5.51813,-0.277822,-7.52036,0.0,0.0,0.0,0.0,0.0,0.0,0.0,-0.175781,0.234141,0.0188,0.1476,Start,extended
2.85278,19,-6.24621,-0.143701,-7.48204,0.0,0.0,0.0,0.0,0.0,0.0,0.0,-0.351562,-0.234165,0.0188,0.1476,Start,extended
3.00295,20,-5.92049,-0.0958008,-7.2138,0.0,0.0,0.0,0.0,0.0,0.0,0.0,-0.351562,-0.468272,0.0188,0.1476,Start,extended
3.1531,21,-6.20789,-0.191602,-7.46288,0.0,0.0,0.0,0.0,0.0,0.0,0.0,-0.527344,-0.468282,0.0188,0.1476,Start,extended
3.30327,22,-5.98755,-0.162861,-7.4054,0.0,0.0,0.0,0.0,0.0,0.0,0.0,-0.703125,-0.936562,0.0188,0.1476,Start,extended
3.45343,23,-6.31327,-0.172441,-7.47246,0.0,0.0,0.0,0.0,0.0,0.0,0.0,-0.703125,-0.702428,0.0188,0.1476,Start,extended
3.6035,24,-6.38991,0.0,-7.06052,0.0,0.0,0.0,0.0,0.0,0.0,0.0,-0.878906,-0.702446,0.00674,0.13537,Start,seated
3.75367,25,-6.28453,-0.191602,-8.50711,0.0,0.0,0.0,0.0,0.0,0.0,0.0,-0.703125,-0.468297,0.00674,0.13537,Start,seated
3.90384,26,0.469424,-0.229922,-11.247,0.0,0.0,0.0,0.0,0.0,0.0,0.0,-0.703125,-0.234144,0.00674,0.13537,Start,seated
4.05401,27,-1.75315,-0.277822,-9.88664,0.0,0.0,0.0,0.0,0.0,0.0,0.0,-0.703125,0.0,0.00674,0.13537,Start,seated
4.20418,28,-2.20342,-0.249082,-9.62798,0.0,0.0,0.0,0.0,0.0,0.0,0.0,-0.351562,0.468285,0.00674,0.13537,Start,seated
4.35435,29,-1.72441,-0.143701,-9.35016,0.0,0.0,0.0,0.0,0.0,0.0,0.0,-0.351562,0.702335,0.00674,0.13537,Start,seated
4.50452,30,-1.60945,-0.220342,-9.46512,0.0,0.0,0.0,0.0,0.0,0.0,0.0,-0.175781,0.702331,0.00674,0.13537,Start,seated
4.65469,31,-1.65735,-0.296982,-9.72378,0.0,0.0,0.0,0.0,0.0,0.0,0.0,0.0,0.936434,0.00674,0.13537,Start,seated
4.80486,32,-1.60945,-0.296982,-9.75252,0.0,0.0,0.0,0.0,0.0,0.0,0.0,0.0,0.936434,0.00674,0.13537,Start,seated
4.95493,33,-0.344883,-0.948428,-9.84832,0.0,0.0,0.0,0.0,0.0,0.0,0.0,0.175781,0.70242,0.0188,0.1476,Start,extended
5.1051,34,-0.239502,-0.450264,-7.77902,0.0,0.0,0.0,0.0,0.0,0.0,0.0,0.0,0.468279,0.0188,0.1476,Start,extended
5.25527,35,-7.8844,-0.153281,-7.118,0.0,0.0,0.0,0.0,0.0,0.0,0.0,-0.175781,0.0,0.0188,0.1476,Start,extended
5.40544,36,-6.22705,-0.411943,-7.62574,0.0,0.0,0.0,0.0,0.0,0.0,0.0,-0.175781,-0.234142,0.0188,0.1476,Start,extended
5.55561,37,-5.32652,-0.143701,-7.0222,0.0,0.0,0.0,0.0,0.0,0.0,0.0,-0.527344,-0.702428,0.0188,0.1476,Start,extended
5.70577,38,-6.34201,-0.201182,-7.75028,0.0,0.0,0.0,0.0,0.0,0.0,0.0,-0.527344,-0.936453,0.0188,0.1476,Start,extended
5.85594,39,-6.02587,-0.325723,-7.63532,0.0,0.0,0.0,0.0,0.0,0.0,0.0,-0.703125,-0.936456,0.0188,0.1476,Start,extended
6.00611,40,-6.27495,-0.162861,-7.46288,0.0,0.0,0.0,0.0,0.0,0.0,0.0,-1.05469,-1.17057,0.0188,0.1476,Start,extended
6.15628,41,-5.92049,-0.191602,-7.4054,0.0,0.0,0.0,0.0,0.0,0.0,0.0,-1.05469,-1.17057,0.0188,0.1476,Start,extended
6.30635,42,-6.66773,-0.344883,-7.05094,0.0,0.0,0.0,0.0,0.0,0.0,0.0,-1.05469,-0.702432,0.00674,0.13537,Start,seated
6.45651,43,-5.92049,-0.316143,-7.90356,0.0,0.0,0.0,0.0,0.0,0.0,0.0,-1.05469,-0.702429,0.00674,0.13537,Start,seated
6.60668,44,1.14961,-0.210762,-8.68913,0.0,0.0,0.0,0.0,0.0,0.0,0.0,-0.703125,0.0,0.00674,0.13537,Start,seated
6.75677,45,-2.51956,-0.574805,-9.43638,0.0,0.0,0.0,0.0,0.0,0.0,0.0,-0.703125,0.468333,0.00674,0.13537,Start,seated
6.90694,46,-2.10762,-0.0383203,-9.4747,0.0,0.0,0.0,0.0,0.0,0.0,0.0,-0.351562,0.936665,0.00674,0.13537,Start,seated
7.05712,47,-1.61903,0.0287402,-9.09149,0.0,0.0,0.0,0.0,0.0,0.0,0.0,-0.175781,1.17067,0.00674,0.13537,Start,seated
7.20729,48,-1.73399,-0.268242,-9.84832,0.0,0.0,0.0,0.0,0.0,0.0,0.0,0.175781,1.63894,0.00674,0.13537,Start,seated
7.35746,49,-1.31247,-0.354463,-9.6184,0.0,0.0,0.0,0.0,0.0,0.0,0.0,0.351562,1.4048,0.00674,0.13537,Start,seated
7.50762,50,-1.57113,-0.364043,-9.72378,0.0,0.0,0.0,0.0,0.0,0.0,0.0,0.351562,1.40466,0.00674,0.13537,Start,seated
7.6577,51,-0.986748,-0.296982,-10.5477,0.0,0.0,0.0,0.0,0.0,0.0,0.0,0.527344,1.1707,0.0188,0.1476,Start,extended
7.80787,52,-1.66693,-0.641865,-6.07377,0.0,0.0,0.0,0.0,0.0,0.0,0.0,0.0,0.234142,0.0188,0.1476,Start,extended
7.95803,53,-6.56235,0.220342,-6.79228,0.0,0.0,0.0,0.0,0.0,0.0,0.0,0.0,-0.234141,0.0188,0.1476,Start,extended
8.1082,54,-5.96839,-0.0958008,-7.39582,0.0,0.0,0.0,0.0,0.0,0.0,0.0,-0.175781,-0.702427,0.0188,0.1476,Start,extended
8.25837,55,-5.79595,-0.114961,-7.70238,0.0,0.0,0.0,0.0,0.0,0.0,0.0,-0.703125,-1.40485,0.0188,0.1476,Start,extended
8.40854,56,-6.26537,-0.201182,-7.5012,0.0,0.0,0.0,0.0,0.0,0.0,0.0,-0.878906,-1.87289,0.0188,0.1476,Start,extended
8.55871,57,-6.18873,-0.220342,-7.4054,0.0,0.0,0.0,0.0,0.0,0.0,0.0,-1.05469,-1.40467,0.0188,0.1476,Start,extended
8.70888,58,-5.93007,-0.172441,-7.30002,0.0,0.0,0.0,0.0,0.0,0.0,0.0,-1.40625,-1.87289,0.0188,0.1476,Start,extended
8.85905,59,-6.17915,-0.182021,-7.4054,0.0,0.0,0.0,0.0,0.0,0.0,0.0,-1.40625,-1.63877,0.0188,0.1476,Start,extended
9.00913,60,-6.80186,0.182021,-7.13716,0.0,0.0,0.0,0.0,0.0,0.0,0.0,-1.23047,-0.702415,0.00674,0.13537,Start,seated
9.15929,61,-6.34201,0.124541,-8.17181,0.0,0.0,0.0,0.0,0.0,0.0,0.0,-1.05469,-0.234141,0.00674,0.13537,Start,seated
9.30946,62,3.81287,-1.40827,-7.66406,0.0,0.0,0.0,0.0,0.0,0.0,0.0,-0.878906,0.234141,0.00674,0.13537,Start,seated
9.45963,63,-1.73399,-0.459844,-9.73336,0.0,0.0,0.0,0.0,0.0,0.0,0.0,-0.703125,0.936568,0.00674,0.13537,Start,seated
9.6098,64,-1.8777,-0.124541,-9.58008,0.0,0.0,0.0,0.0,0.0,0.0,0.0,-0.175781,1.63899,0.00674,0.13537,Start,seated
9.75997,65,-1.45617,-0.220342,-9.31184,0.0,0.0,0.0,0.0,0.0,0.0,0.0,0.175781,1.8729,0.00674,0.13537,Start,seated
9.91014,66,-1.66693,-0.268242,-9.74294,0.0,0.0,0.0,0.0,0.0,0.0,0.0,0.351562,1.8729,0.00674,0.13537,Start,seated
10.0603,67,-1.43701,-0.210762,-9.72378,0.0,0.0,0.0,0.0,0.0,0.0,0.0,0.527344,1.87289,0.00674,0.13537,Start,seated
10.2105,68,-1.48491,-0.258662,-9.65672,0.0,0.0,0.0,0.0,0.0,0.0,0.0,0.703125,1.87288,0.00674,0.13537,Start,seated
10.3605,69,-1.30289,-0.296982,-10.2794,0.0,0.0,0.0,0.0,0.0,0.0,0.0,0.527344,0.936565,0.0188,0.1476,Start,extended
10.5107,70,-5.41274,-0.354463,-7.86524,0.0,0.0,0.0,0.0,0.0,0.0,0.0,0.175781,0.0,0.0188,0.1476,Start,extended
10.6608,71,-6.40907,0.134121,-7.09884,0.0,0.0,0.0,0.0,0.0,0.0,0.0,0.0,-0.468351,0.0188,0.1476,Start,extended
10.8109,72,-6.11209,-0.249082,-7.65448,0.0,0.0,0.0,0.0,0.0,0.0,0.0,-0.351562,-1.17088,0.0188,0.1476,Start,extended
10.9611,73,-6.37075,-0.182021,-7.57784,0.0,0.0,0.0,0.0,0.0,0.0,0.0,-0.878906,-2.1076,0.0188,0.1476,Start,extended
11.1113,74,-6.24621,-0.0191602,-7.29044,0.0,0.0,0.0,0.0,0.0,0.0,0.0,-1.05469,-2.10731,0.0188,0.1476,Start,extended
11.2614,75,-5.89175,-0.191602,-7.27128,0.0,0.0,0.0,0.0,0.0,0.0,0.0,-1.40625,-2.10736,0.0188,0.1476,Start,extended
11.4116,76,-5.97797,-0.210762,-7.32876,0.0,0.0,0.0,0.0,0.0,0.0,0.0,-1.58203,-2.10705,0.0188,0.1476,Start,extended
11.5618,77,-6.13125,-0.182021,-7.43414,0.0,0.0,0.0,0.0,0.0,0.0,0.0,-1.58203,-1.63881,0.0188,0.1476,Start,extended
11.7118,78,-6.34201,-0.105381,-7.24254,0.0,0.0,0.0,0.0,0.0,0.0,0.0,-1.40625,-0.70244,0.00674,0.13537,Start,seated
11.862,79,-7.05094,-0.507744,-7.42456,0.0,0.0,0.0,0.0,0.0,0.0,0.0,-1.05469,0.0,0.00674,0.13537,Start,seated
12.0122,80,2.0693,-0.728086,-8.60291,0.0,0.0,0.0,0.0,0.0,0.0,0.0,-0.703125,0.936584,0.00674,0.13537,Start,seated
12.1623,81,-1.98308,-0.105381,-10.6243,0.0,0.0,0.0,0.0,0.0,0.0,0.0,-0.351562,1.63904,0.00674,0.13537,Start,seated
12.3125,82,-1.9735,-0.134121,-10.0303,0.0,0.0,0.0,0.0,0.0,0.0,0.0,0.175781,2.3415,0.00674,0.13537,Start,seated
12.4627,83,-1.59029,-0.182021,-9.6663,0.0,0.0,0.0,0.0,0.0,0.0,0.0,0.351562,2.34119,0.00674,0.13537,Start,seated
12.6128,84,-1.58071,-0.316143,-9.74294,0.0,0.0,0.0,0.0,0.0,0.0,0.0,0.703125,2.34134,0.00674,0.13537,Start,seated
12.7629,85,-1.38911,-0.296982,-9.40764,0.0,0.0,0.0,0.0,0.0,0.0,0.0,0.878906,2.10719,0.00674,0.13537,Start,seated
12.9131,86,-1.59029,-0.191602,-9.5705,0.0,0.0,0.0,0.0,0.0,0.0,0.0,0.703125,1.40478,0.00674,0.13537,Start,seated
13.0632,87,-0.536484,0.0479004,-8.78493,0.0,0.0,0.0,0.0,0.0,0.0,0.0,0.703125,0.702483,0.0188,0.1476,Start,extended
13.2134,88,-2.05972,-0.546064,-8.83283,0.0,0.0,0.0,0.0,0.0,0.0,0.0,0.175781,-0.234159,0.0188,0.1476,Start,extended
13.3635,89,-6.56235,0.354463,-7.71196,0.0,0.0,0.0,0.0,0.0,0.0,0.0,-0.175781,-1.1707,0.0188,0.1476,Start,extended
13.5137,90,-6.12167,-0.459844,-7.63532,0.0,0.0,0.0,0.0,0.0,0.0,0.0,-0.527344,-1.87313,0.0188,0.1476,Start,extended
13.6639,91,-5.06786,-0.229922,-6.94556,0.0,0.0,0.0,0.0,0.0,0.0,0.0,-1.05469,-2.34141,0.0188,0.1476,Start,extended
13.814,92,-6.49529,-0.0958008,-7.63532,0.0,0.0,0.0,0.0,0.0,0.0,0.0,-1.40625,-2.80933,0.0188,0.1476,Start,extended
13.9642,93,-6.32285,-0.239502,-7.5012,0.0,0.0,0.0,0.0,0.0,0.0,0.0,-1.58203,-2.34112,0.0188,0.1476,Start,extended
14.1144,94,-5.93965,-0.201182,-7.23296,0.0,0.0,0.0,0.0,0.0,0.0,0.0,-1.75781,-2.107,0.0188,0.1476,Start,extended
14.2645,95,-6.09293,-0.172441,-7.47246,0.0,0.0,0.0,0.0,0.0,0.0,0.0,-1.58203,-1.40466,0.0188,0.1476,Start,extended
14.4146,96,-6.15999,-0.0479004,-7.04136,0.0,0.0,0.0,0.0,0.0,0.0,0.0,-1.40625,-0.468279,0.00674,0.13537,Start,seated
14.5648,97,-5.56603,-0.0191602,-7.55868,0.0,0.0,0.0,0.0,0.0,0.0,0.0,-1.05469,0.468281,0.00674,0.13537,Start,seated
14.7149,98,1.18793,-0.306563,-9.2352,0.0,0.0,0.0,0.0,0.0,0.0,0.0,-0.351562,1.639,0.00674,0.13537,Start,seated
14.8651,99,-1.8298,-0.0670606,-10.3082,0.0,0.0,0.0,0.0,0.0,0.0,0.0,-0.175781,2.10727,0.00674,0.13537,Start,seated
15.0153,100,-2.03098,-0.402363,-9.67588,0.0,0.0,0.0,0.0,0.0,0.0,0.0,0.351562,2.57558,0.00674,0.13537,Start,seated
15.1655,101,-1.58071,-0.172441,-9.38848,0.0,0.0,0.0,0.0,0.0,0.0,0.0,0.703125,2.80936,0.00674,0.13537,Start,seated
15.3156,102,-1.57113,-0.182021,-9.4747,0.0,0.0,0.0,0.0,0.0,0.0,0.0,0.878906,2.57525,0.00674,0.13537,Start,seated
15.4658,103,-1.51365,-0.296982,-9.58008,0.0,0.0,0.0,0.0,0.0,0.0,0.0,0.878906,1.63878,0.00674,0.13537,Start,seated
15.616,104,-1.54239,-0.287402,-9.73336,0.0,0.0,0.0,0.0,0.0,0.0,0.0,0.703125,1.17056,0.00674,0.13537,Start,seated
15.766,105,-0.00958008,-0.172441,-7.92272,0.0,0.0,0.0,0.0,0.0,0.0,0.0,0.527344,0.234142,0.0188,0.1476,Start,extended
15.9162,106,0.392783,-0.459844,-7.12758,0.0,0.0,0.0,0.0,0.0,0.0,0.0,-0.175781,-1.17071,0.0188,0.1476,Start,extended
16.0664,107,-7.19464,-0.210762,-7.43414,0.0,0.0,0.0,0.0,0.0,0.0,0.0,-0.527344,-1.87313,0.0188,0.1476,Start,extended
16.2165,108,-7.31918,-0.325723,-7.32876,0.0,0.0,0.0,0.0,0.0,0.0,0.0,-0.878906,-2.34142,0.0188,0.1476,Start,extended
16.3667,109,-5.01038,-0.105381,-6.93598,0.0,0.0,0.0,0.0,0.0,0.0,0.0,-1.40625,-2.80972,0.0188,0.1476,Start,extended
16.5169,110,-6.09293,-0.191602,-7.71196,0.0,0.0,0.0,0.0,0.0,0.0,0.0,-1.58203,-2.80938,0.0188,0.1476,Start,extended
16.667,111,-6.50487,-0.258662,-7.53952,0.0,0.0,0.0,0.0,0.0,0.0,0.0,-1.75781,-2.10702,0.0188,0.1476,Start,extended
16.8172,112,-6.13125,-0.124541,-7.17548,0.0,0.0,0.0,0.0,0.0,0.0,0.0,-1.75781,-1.63879,0.0188,0.1476,Start,extended
16.9674,113,-5.93965,-0.191602,-7.30002,0.0,0.0,0.0,0.0,0.0,0.0,0.0,-1.58203,-0.936456,0.0188,0.1476,Start,extended
17.1174,114,-6.59109,0.0574805,-7.20422,0.0,0.0,0.0,0.0,0.0,0.0,0.0,-1.23047,0.234143,0.00674,0.13537,Start,seated
17.2676,115,-6.02587,0.134121,-8.18139,0.0,0.0,0.0,0.0,0.0,0.0,0.0,-0.878906,0.936572,0.00674,0.13537,Start,seated
17.4178,116,1.14003,-0.852627,-8.39215,0.0,0.0,0.0,0.0,0.0,0.0,0.0,-0.175781,2.10731,0.00674,0.13537,Start,seated
17.5679,117,-2.39502,-0.459844,-10.0878,0.0,0.0,0.0,0.0,0.0,0.0,0.0,0.0,2.34151,0.00674,0.13537,Start,seated
17.7181,118,-1.75315,-0.373623,-9.65672,0.0,0.0,0.0,0.0,0.0,0.0,0.0,0.703125,3.04395,0.00674,0.13537,Start,seated
17.8683,119,-1.74357,-0.134121,-9.38848,0.0,0.0,0.0,0.0,0.0,0.0,0.0,0.878906,2.80947,0.00674,0.13537,Start,seated
18.0184,120,-1.50407,-0.249082,-9.67588,0.0,0.0,0.0,0.0,0.0,0.0,0.0,1.05469,2.57534,0.00674,0.13537,Start,seated
18.1686,121,-1.49449,-0.296982,-9.60882,0.0,0.0,0.0,0.0,0.0,0.0,0.0,1.05469,1.63883,0.00674,0.13537,Start,seated
18.3188,122,-1.46575,-0.296982,-9.70462,0.0,0.0,0.0,0.0,0.0,0.0,0.0,0.703125,0.936453,0.00674,0.13537,Start,seated
18.4688,123,-1.04423,-0.479004,-8.66997,0.0,0.0,0.0,0.0,0.0,0.0,0.0,0.527344,-0.234143,0.0188,0.1476,Start,extended
18.619,124,-5.3361,-0.699346,-7.56826,0.0,0.0,0.0,0.0,0.0,0.0,0.0,-0.175781,-1.40485,0.0188,0.1476,Start,extended
18.7692,125,-2.80696,-0.498164,-4.69424,0.0,0.0,0.0,0.0,0.0,0.0,0.0,-0.703125,-2.34141,0.0188,0.1476,Start,extended
18.9193,126,-5.15408,-0.258662,-7.29044,0.0,0.0,0.0,0.0,0.0,0.0,0.0,-1.05469,-2.80973,0.0188,0.1476,Start,extended
19.0695,127,-5.53729,-0.114961,-6.96472,0.0,0.0,0.0,0.0,0.0,0.0,0.0,-1.58203,-3.04391,0.0188,0.1476,Start,extended
19.2197,128,-6.68689,-0.210762,-7.86524,0.0,0.0,0.0,0.0,0.0,0.0,0.0,-1.75781,-3.04353,0.0188,0.1476,Start,extended
19.3698,129,-6.30369,-0.354463,-7.5491,0.0,0.0,0.0,0.0,0.0,0.0,0.0,-1.75781,-2.10719,0.0188,0.1476,Start,extended
19.5199,130,-5.93007,-0.172441,-7.29044,0.0,0.0,0.0,0.0,0.0,0.0,0.0,-1.75781,-1.4048,0.0188,0.1476,Start,extended
19.6701,131,-6.18873,-0.172441,-7.48204,0.0,0.0,0.0,0.0,0.0,0.0,0.0,-1.40625,-0.468258,0.0188,0.1476,Start,extended
19.8202,132,-6.71563,-0.00958008,-7.23296,0.0,0.0,0.0,0.0,0.0,0.0,0.0,-1.05469,0.702474,0.00674,0.13537,Start,seated
19.9703,133,-6.25579,-0.105381,-11.2758,0.0,0.0,0.0,0.0,0.0,0.0,0.0,-0.527344,1.63911,0.00674,0.13537,Start,seated
20.1205,134,2.66326,0.392783,-8.40173,0.0,0.0,0.0,0.0,0.0,0.0,0.0,0.0,2.34146,0.00674,0.13537,Start,seated
20.2707,135,-2.29922,-0.249082,-10.0782,0.0,0.0,0.0,0.0,0.0,0.0,0.0,0.351562,2.80977,0.00674,0.13537,Start,seated
20.4208,136,-1.69567,-0.335303,-9.73336,0.0,0.0,0.0,0.0,0.0,0.0,0.0,0.878906,3.04396,0.00674,0.13537,Start,seated
20.571,137,-1.43701,-0.201182,-9.4268,0.0,0.0,0.0,0.0,0.0,0.0,0.0,1.05469,2.80943,0.00674,0.13537,Start,seated
20.7212,138,-1.38911,-0.182021,-9.35974,0.0,0.0,0.0,0.0,0.0,0.0,0.0,1.05469,2.10704,0.00674,0.13537,Start,seated
20.8713,139,-1.47533,-0.249082,-9.8579,0.0,0.0,0.0,0.0,0.0,0.0,0.0,0.878906,1.17057,0.00674,0.13537,Start,seated
21.0215,140,-1.51365,-0.268242,-9.70462,0.0,0.0,0.0,0.0,0.0,0.0,0.0,0.527344,0.234112,0.00674,0.13537,Start,seated
21.1716,141,-0.852627,-0.143701,-10.2219,0.0,0.0,0.0,0.0,0.0,0.0,0.0,0.175781,-0.936557,0.0188,0.1476,Start,extended
21.3218,142,-7.73112,-1.03465,-8.16223,0.0,0.0,0.0,0.0,0.0,0.0,0.0,-0.527344,-2.10723,0.0188,0.1476,Start,extended
21.4719,143,-4.56012,0.517324,-7.0222,0.0,0.0,0.0,0.0,0.0,0.0,0.0,-0.878906,-2.57554,0.0188,0.1476,Start,extended
21.6221,144,-6.33243,0.114961,-7.597,0.0,0.0,0.0,0.0,0.0,0.0,0.0,-1.23047,-2.80969,0.0188,0.1476,Start,extended
21.7723,145,-6.38033,0.0479004,-7.58742,0.0,0.0,0.0,0.0,0.0,0.0,0.0,-1.75781,-3.04384,0.0188,0.1476,Start,extended
21.9224,146,-6.13125,0.0,-7.36708,0.0,0.0,0.0,0.0,0.0,0.0,0.0,-1.75781,-2.57533,0.0188,0.1476,Start,extended
22.0726,147,-6.28453,-0.182021,-7.4054,0.0,0.0,0.0,0.0,0.0,0.0,0.0,-1.75781,-1.63889,0.0188,0.1476,Start,extended
22.2227,148,-6.13125,-0.172441,-7.39582,0.0,0.0,0.0,0.0,0.0,0.0,0.0,-1.75781,-1.17064,0.0188,0.1476,Start,extended
22.3728,149,-6.04503,-0.0958008,-7.33834,0.0,0.0,0.0,0.0,0.0,0.0,0.0,-1.23047,0.0,0.0188,0.1476,Start,extended
22.5228,150,-6.7348,0.0191602,-7.0222,0.0,0.0,0.0,0.0,0.0,0.0,0.0,-0.878906,1.17097,0.00674,0.13537,Start,seated
22.673,151,-6.64857,0.239502,-7.55868,0.0,0.0,0.0,0.0,0.0,0.0,0.0,-0.351562,1.87349,0.00674,0.13537,Start,seated
22.8232,152,1.9256,0.498164,-10.2603,0.0,0.0,0.0,0.0,0.0,0.0,0.0,0.175781,2.57601,0.00674,0.13537,Start,seated
22.9733,153,-2.1651,-0.114961,-10.0112,0.0,0.0,0.0,0.0,0.0,0.0,0.0,0.527344,3.04435,0.00674,0.13537,Start,seated
23.1235,154,-1.54239,-0.229922,-9.60882,0.0,0.0,0.0,0.0,0.0,0.0,0.0,0.878906,2.80974,0.00674,0.13537,Start,seated
23.2737,155,-1.46575,-0.210762,-9.60882,0.0,0.0,0.0,0.0,0.0,0.0,0.0,1.05469,2.57525,0.00674,0.13537,Start,seated
23.4238,156,-1.29331,-0.182021,-9.331,0.0,0.0,0.0,0.0,0.0,0.0,0.0,1.05469,1.8729,0.00674,0.13537,Start,seated
23.574,157,-1.58071,-0.296982,-9.64714,0.0,0.0,0.0,0.0,0.0,0.0,0.0,0.703125,0.702332,0.00674,0.13537,Start,seated
23.7242,158,-1.51365,-0.268242,-9.84832,0.0,0.0,0.0,0.0,0.0,0.0,0.0,0.351562,-0.23411,0.00674,0.13537,Start,seated
23.8743,159,0.134121,0.0574805,-8.14307,0.0,0.0,0.0,0.0,0.0,0.0,0.0,0.0,-1.1707,0.0188,0.1476,Start,extended
24.0244,160,-5.87259,-0.967588,-7.32876,0.0,0.0,0.0,0.0,0.0,0.0,0.0,-0.703125,-2.34142,0.0188,0.1476,Start,extended
24.1746,161,-4.75172,0.469424,-7.1659,0.0,0.0,0.0,0.0,0.0,0.0,0.0,-1.05469,-2.80972,0.0188,0.1476,Start,extended
24.3248,162,-5.63309,0.0479004,-7.5491,0.0,0.0,0.0,0.0,0.0,0.0,0.0,-1.40625,-2.80972,0.0188,0.1476,Start,extended
24.4749,163,-5.88217,-0.134121,-7.48204,0.0,0.0,0.0,0.0,0.0,0.0,0.0,-1.75781,-2.80973,0.0188,0.1476,Start,extended
24.6251,164,-6.33243,-0.134121,-7.62574,0.0,0.0,0.0,0.0,0.0,0.0,0.0,-1.75781,-2.34117,0.0188,0.1476,Start,extended
24.7753,165,-6.09293,-0.105381,-7.34792,0.0,0.0,0.0,0.0,0.0,0.0,0.0,-1.75781,-1.40469,0.0188,0.1476,Start,extended
24.9254,166,-6.02587,-0.210762,-7.29044,0.0,0.0,0.0,0.0,0.0,0.0,0.0,-1.40625,-0.468226,0.0188,0.1476,Start,extended
25.0756,167,-6.17915,-0.134121,-7.43414,0.0,0.0,0.0,0.0,0.0,0.0,0.0,-1.05469,0.468229,0.0188,0.1476,Start,extended
25.2257,168,-6.84018,-0.172441,-7.34792,0.0,0.0,0.0,0.0,0.0,0.0,0.0,-0.527344,1.63901,0.00674,0.13537,Start,seated
25.3758,169,-6.40907,-0.229922,-8.37299,0.0,0.0,0.0,0.0,0.0,0.0,0.0,0.0,2.34142,0.00674,0.13537,Start,seated
25.526,170,2.01182,-0.747246,-7.7886,0.0,0.0,0.0,0.0,0.0,0.0,0.0,0.351562,2.80972,0.00674,0.13537,Start,seated
25.6762,171,-2.23216,0.354463,-10.2028,0.0,0.0,0.0,0.0,0.0,0.0,0.0,0.527344,2.57557,0.00674,0.13537,Start,seated
25.8263,172,-2.05014,-0.354463,-9.67588,0.0,0.0,0.0,0.0,0.0,0.0,0.0,1.05469,2.80973,0.00674,0.13537,Start,seated
25.9765,173,-1.60945,-0.210762,-9.43638,0.0,0.0,0.0,0.0,0.0,0.0,0.0,0.878906,1.87293,0.00674,0.13537,Start,seated
26.1267,174,-1.51365,-0.249082,-9.54176,0.0,0.0,0.0,0.0,0.0,0.0,0.0,0.878906,1.17058,0.00674,0.13537,Start,seated
26.2768,175,-1.45617,-0.277822,-9.7621,0.0,0.0,0.0,0.0,0.0,0.0,0.0,0.527344,0.234117,0.00674,0.13537,Start,seated
26.427,176,-1.53281,-0.268242,-9.6663,0.0,0.0,0.0,0.0,0.0,0.0,0.0,0.0,-0.702368,0.00674,0.13537,Start,seated
26.5938,177,-0.0862207,-0.613125,-8.09517,0.0,0.0,0.0,0.0,0.0,0.0,0.0,-0.351562,-1.83245,0.0188,0.1476,Start,extended
26.7439,178,-5.75763,-0.162861,-7.38624,0.0,0.0,0.0,0.0,0.0,0.0,0.0,-1.05469,-2.51964,0.0188,0.1476,Start,extended
26.8941,179,-5.72889,0.277822,-6.67731,0.0,0.0,0.0,0.0,0.0,0.0,0.0,-1.40625,-2.97776,0.0188,0.1476,Start,extended
27.0442,180,-6.98388,-0.287402,-7.49162,0.0,0.0,0.0,0.0,0.0,0.0,0.0,-1.40625,-2.51963,0.0188,0.1476,Start,extended
27.1944,181,-5.48939,-0.0766406,-7.22338,0.0,0.0,0.0,0.0,0.0,0.0,0.0,-1.75781,-2.29053,0.0188,0.1476,Start,extended
27.3446,182,-6.15041,-0.229922,-7.52994,0.0,0.0,0.0,0.0,0.0,0.0,0.0,-1.58203,-1.63885,0.0188,0.1476,Start,extended
27.4947,183,-6.26537,-0.239502,-7.5012,0.0,0.0,0.0,0.0,0.0,0.0,0.0,-1.40625,-0.468235,0.0188,0.1476,Start,extended
27.6448,184,-5.95881,-0.201182,-7.4054,0.0,0.0,0.0,0.0,0.0,0.0,0.0,-1.23047,0.234156,0.0188,0.1476,Start,extended
27.7949,185,-6.18873,-0.134121,-7.44372,0.0,0.0,0.0,0.0,0.0,0.0,0.0,-0.703125,0.936623,0.0188,0.1476,Start,extended
27.9684,186,-6.91682,-0.0862207,-7.05094,0.0,0.0,0.0,0.0,0.0,0.0,0.0,-0.175781,2.04405,0.00674,0.13537,Start,seated
28.1185,187,-4.59844,-0.114961,-8.34425,0.0,0.0,0.0,0.0,0.0,0.0,0.0,0.351562,2.49826,0.00674,0.13537,Start,seated
28.2687,188,3.57337,-0.948428,-9.2831,0.0,0.0,0.0,0.0,0.0,0.0,0.0,0.703125,2.72543,0.00674,0.13537,Start,seated
28.4189,189,-1.00591,-0.0383203,-9.46512,0.0,0.0,0.0,0.0,0.0,0.0,0.0,0.703125,2.49793,0.00674,0.13537,Start,seated
28.569,190,-1.22625,-0.373623,-9.2831,0.0,0.0,0.0,0.0,0.0,0.0,0.0,0.878906,2.04377,0.00674,0.13537,Start,seated
28.7192,191,-1.64777,-0.162861,-9.74294,0.0,0.0,0.0,0.0,0.0,0.0,0.0,0.703125,1.17061,0.00674,0.13537,Start,seated
28.8693,192,-1.50407,-0.268242,-9.69504,0.0,0.0,0.0,0.0,0.0,0.0,0.0,0.527344,0.234134,0.00674,0.13537,Start,seated
29.0195,193,-1.57113,-0.354463,-9.84832,0.0,0.0,0.0,0.0,0.0,0.0,0.0,0.175781,-0.702388,0.00674,0.13537,Start,seated
29.1697,194,-1.46575,-0.344883,-9.7621,0.0,0.0,0.0,0.0,0.0,0.0,0.0,-0.351562,-1.40476,0.00674,0.13537,Start,seated
29.3197,195,-1.75315,0.0,-9.86748,0.0,0.0,0.0,0.0,0.0,0.0,0.0,-0.527344,-1.87323,0.0188,0.1476,Start,extended
29.4698,196,-4.11943,0.201182,-8.16223,0.0,0.0,0.0,0.0,0.0,0.0,0.0,-1.23047,-2.57612,0.0188,0.1476,Start,extended
29.6199,197,-7.33834,0.316143,-8.36341,0.0,0.0,0.0,0.0,0.0,0.0,0.0,-1.40625,-2.57598,0.0188,0.1476,Start,extended
29.7701,198,-5.70015,-0.0958008,-7.68322,0.0,0.0,0.0,0.0,0.0,0.0,0.0,-1.40625,-2.10768,0.0188,0.1476,Start,extended
29.9203,199,-6.04503,-0.105381,-7.5491,0.0,0.0,0.0,0.0,0.0,0.0,0.0,-1.58203,-1.63931,0.0188,0.1476,Start,extended
30.0704,200,-6.18873,-0.316143,-7.52036,0.0,0.0,0.0,0.0,0.0,0.0,0.0,-1.40625,-1.17081,0.0188,0.1476,Start,extended
30.2206,201,-6.07377,-0.182021,-7.43414,0.0,0.0,0.0,0.0,0.0,0.0,0.0,-1.05469,0.234123,0.0188,0.1476,Start,extended
30.3707,202,-6.01629,-0.0862207,-7.28086,0.0,0.0,0.0,0.0,0.0,0.0,0.0,-0.878906,0.702379,0.0188,0.1476,Start,extended
30.5208,203,-6.05461,-0.105381,-7.4054,0.0,0.0,0.0,0.0,0.0,0.0,0.0,-0.527344,1.1708,0.0188,0.1476,Start,extended
30.6708,204,-5.64267,-0.124541,-6.8306,0.0,0.0,0.0,0.0,0.0,0.0,0.0,-0.175781,1.87352,0.00674,0.13537,Start,seated
30.821,205,-5.40316,0.546064,-8.63165,0.0,0.0,0.0,0.0,0.0,0.0,0.0,0.175781,2.10772,0.00674,0.13537,Start,seated
30.9712,206,-0.0862207,-0.220342,-11.3811,0.0,0.0,0.0,0.0,0.0,0.0,0.0,0.527344,2.10772,0.00674,0.13537,Start,seated
31.1213,207,-1.8777,-0.287402,-9.93454,0.0,0.0,0.0,0.0,0.0,0.0,0.0,0.527344,1.8735,0.00674,0.13537,Start,seated
31.2715,208,-1.99266,-0.0862207,-9.72378,0.0,0.0,0.0,0.0,0.0,0.0,0.0,0.703125,1.63902,0.00674,0.13537,Start,seated
31.4217,209,-1.62861,-0.268242,-9.32142,0.0,0.0,0.0,0.0,0.0,0.0,0.0,0.351562,0.702345,0.00674,0.13537,Start,seated
31.5718,210,-1.53281,-0.296982,-9.59924,0.0,0.0,0.0,0.0,0.0,0.0,0.0,0.175781,0.0,0.00674,0.13537,Start,seated
31.7219,211,-1.36995,-0.296982,-9.6184,0.0,0.0,0.0,0.0,0.0,0.0,0.0,0.0,-0.702398,0.00674,0.13537,Start,seated
31.8721,212,-1.49449,-0.258662,-9.64714,0.0,0.0,0.0,0.0,0.0,0.0,0.0,-0.351562,-1.17068,0.00674,0.13537,Start,seated
32.0222,213,-1.80105,-0.153281,-8.55501,0.0,0.0,0.0,0.0,0.0,0.0,0.0,-0.703125,-1.87332,0.0188,0.1476,Start,extended
32.1723,214,-5.41274,-1.23583,-7.2138,0.0,0.0,0.0,0.0,0.0,0.0,0.0,-1.23047,-2.10754,0.0188,0.1476,Start,extended
32.3225,215,-5.83427,0.114961,-6.39949,0.0,0.0,0.0,0.0,0.0,0.0,0.0,-1.23047,-1.87326,0.0188,0.1476,Start,extended
32.4726,216,-5.01996,-0.440684,-7.0222,0.0,0.0,0.0,0.0,0.0,0.0,0.0,-1.23047,-1.6391,0.0188,0.1476,Start,extended
32.6228,217,-5.51813,-0.0479004,-6.94556,0.0,0.0,0.0,0.0,0.0,0.0,0.0,-1.40625,-1.40499,0.0188,0.1476,Start,extended
32.7729,218,-6.57193,-0.153281,-7.71196,0.0,0.0,0.0,0.0,0.0,0.0,0.0,-1.05469,-0.468268,0.0188,0.1476,Start,extended
32.9231,219,-6.31327,-0.258662,-7.51078,0.0,0.0,0.0,0.0,0.0,0.0,0.0,-0.878906,0.468258,0.0188,0.1476,Start,extended
33.0733,220,-5.92049,-0.191602,-7.27128,0.0,0.0,0.0,0.0,0.0,0.0,0.0,-0.703125,0.702362,0.0188,0.1476,Start,extended
33.2235,221,-6.13125,-0.191602,-7.4533,0.0,0.0,0.0,0.0,0.0,0.0,0.0,-0.351562,1.1706,0.0188,0.1476,Start,extended
33.3735,222,-5.47022,-0.910107,-6.8306,0.0,0.0,0.0,0.0,0.0,0.0,0.0,0.0,1.87311,0.00674,0.13537,Start,seated
33.5237,223,-5.59477,-0.411943,-7.70238,0.0,0.0,0.0,0.0,0.0,0.0,0.0,0.175781,1.63898,0.00674,0.13537,Start,seated
33.6739,224,1.54239,-0.364043,-11.659,0.0,0.0,0.0,0.0,0.0,0.0,0.0,0.351562,1.63901,0.00674,0.13537,Start,seated
33.824,225,-1.78189,-0.344883,-9.58008,0.0,0.0,0.0,0.0,0.0,0.0,0.0,0.351562,1.40486,0.00674,0.13537,Start,seated
33.9742,226,-1.47533,-0.498164,-9.8579,0.0,0.0,0.0,0.0,0.0,0.0,0.0,0.351562,0.93658,0.00674,0.13537,Start,seated
34.1244,227,-1.58071,-0.182021,-9.31184,0.0,0.0,0.0,0.0,0.0,0.0,0.0,0.175781,0.234115,0.00674,0.13537,Start,seated
34.2745,228,-1.55197,-0.210762,-9.35974,0.0,0.0,0.0,0.0,0.0,0.0,0.0,0.0,-0.234116,0.00674,0.13537,Start,seated
34.4247,229,-1.43701,-0.249082,-9.73336,0.0,0.0,0.0,0.0,0.0,0.0,0.0,-0.175781,-0.70234,0.00674,0.13537,Start,seated
34.5748,230,-1.52323,-0.258662,-9.69504,0.0,0.0,0.0,0.0,0.0,0.0,0.0,-0.527344,-1.17071,0.00674,0.13537,Start,seated
34.7248,231,-1.49449,-0.0287402,-10.653,0.0,0.0,0.0,0.0,0.0,0.0,0.0,-0.703125,-1.40504,0.0188,0.1476,Start,extended
34.875,232,-4.68466,-0.402363,-7.61616,0.0,0.0,0.0,0.0,0.0,0.0,0.0,-1.05469,-1.63921,0.0188,0.1476,Start,extended
35.0252,233,-4.81878,-0.153281,-6.47613,0.0,0.0,0.0,0.0,0.0,0.0,0.0,-1.05469,-1.40504,0.0188,0.1476,Start,extended
35.1753,234,-5.07744,-0.201182,-6.37075,0.0,0.0,0.0,0.0,0.0,0.0,0.0,-1.05469,-1.17087,0.0188,0.1476,Start,extended
35.3255,235,-5.12534,-0.0862207,-7.10842,0.0,0.0,0.0,0.0,0.0,0.0,0.0,-1.05469,-0.702436,0.0188,0.1476,Start,extended
35.4757,236,-6.53361,-0.124541,-7.58742,0.0,0.0,0.0,0.0,0.0,0.0,0.0,-0.878906,-0.234115,0.0188,0.1476,Start,extended
35.6258,237,-6.45697,-0.249082,-7.4533,0.0,0.0,0.0,0.0,0.0,0.0,0.0,-0.703125,0.46823,0.0188,0.1476,Start,extended
35.776,238,-5.88217,-0.191602,-7.24254,0.0,0.0,0.0,0.0,0.0,0.0,0.0,-0.703125,0.468223,0.0188,0.1476,Start,extended
35.9262,239,-6.20789,-0.172441,-7.42456,0.0,0.0,0.0,0.0,0.0,0.0,0.0,-0.351562,0.936452,0.0188,0.1476,Start,extended
36.0763,240,-6.74438,-0.785566,-6.81144,0.0,0.0,0.0,0.0,0.0,0.0,0.0,-0.175781,1.17071,0.00674,0.13537,Start,seated
36.2264,241,-5.85343,-0.162861,-7.96105,0.0,0.0,0.0,0.0,0.0,0.0,0.0,0.0,1.17072,0.00674,0.13537,Start,seated
36.3766,242,2.96982,-0.498164,-8.93821,0.0,0.0,0.0,0.0,0.0,0.0,0.0,0.175781,1.17071,0.00674,0.13537,Start,seated
36.5267,243,-1.62861,-0.124541,-9.84832,0.0,0.0,0.0,0.0,0.0,0.0,0.0,0.0,0.936626,0.00674,0.13537,Start,seated
36.6769,244,-1.64777,-0.316143,-9.74294,0.0,0.0,0.0,0.0,0.0,0.0,0.0,0.175781,0.702462,0.00674,0.13537,Start,seated
36.8271,245,-1.59987,-0.201182,-9.43638,0.0,0.0,0.0,0.0,0.0,0.0,0.0,0.0,0.234125,0.00674,0.13537,Start,seated
36.9772,246,-1.57113,-0.249082,-9.46512,0.0,0.0,0.0,0.0,0.0,0.0,0.0,-0.175781,-0.234125,0.00674,0.13537,Start,seated
37.1274,247,-1.42743,-0.258662,-9.7621,0.0,0.0,0.0,0.0,0.0,0.0,0.0,-0.351562,-0.702373,0.00674,0.13537,Start,seated
37.2776,248,-1.53281,-0.277822,-9.69504,0.0,0.0,0.0,0.0,0.0,0.0,0.0,-0.527344,-0.70234,0.00674,0.13537,Start,seated
37.4276,249,-1.69567,0.239502,-10.7105,0.0,0.0,0.0,0.0,0.0,0.0,0.0,-0.527344,-0.936573,0.0188,0.1476,Start,extended
37.5778,250,-3.35303,-1.23583,-7.81734,0.0,0.0,0.0,0.0,0.0,0.0,0.0,-0.878906,-1.17077,0.0188,0.1476,Start,extended
37.7279,251,-2.57704,-0.0574805,-7.0222,0.0,0.0,0.0,0.0,0.0,0.0,0.0,-0.703125,-0.702462,0.0188,0.1476,Start,extended
37.8781,252,-5.42232,-0.277822,-7.36708,0.0,0.0,0.0,0.0,0.0,0.0,0.0,-0.703125,-0.468321,0.0188,0.1476,Start,extended
38.0282,253,-5.87259,-0.162861,-7.30002,0.0,0.0,0.0,0.0,0.0,0.0,0.0,-0.878906,-0.468327,0.0188,0.1476,Start,extended
38.1784,254,-6.34201,-0.220342,-7.7407,0.0,0.0,0.0,0.0,0.0,0.0,0.0,-0.703125,-0.234133,0.0188,0.1476,Start,extended
38.3286,255,-6.34201,-0.258662,-7.5491,0.0,0.0,0.0,0.0,0.0,0.0,0.0,-0.703125,0.234121,0.0188,0.1476,Start,extended
38.4788,256,-6.05461,-0.105381,-7.25212,0.0,0.0,0.0,0.0,0.0,0.0,0.0,-0.527344,0.234113,0.0188,0.1476,Start,extended
38.6289,257,-6.17915,-0.172441,-7.39582,0.0,0.0,0.0,0.0,0.0,0.0,0.0,-0.351562,0.468213,0.0188,0.1476,Start,extended
38.779,258,-6.47613,0.0479004,-6.84018,0.0,0.0,0.0,0.0,0.0,0.0,0.0,-0.351562,0.702395,0.00674,0.13537,Start,seated
38.9292,259,-6.55277,-0.296982,-9.51302,0.0,0.0,0.0,0.0,0.0,0.0,0.0,-0.175781,0.7024,0.00674,0.13537,Start,seated
39.0793,260,3.07521,-0.124541,-8.69871,0.0,0.0,0.0,0.0,0.0,0.0,0.0,0.0,0.936542,0.00674,0.13537,Start,seated
39.2295,261,-2.05014,-0.0574805,-10.2315,0.0,0.0,0.0,0.0,0.0,0.0,0.0,-0.175781,0.468289,0.00674,0.13537,Start,seated
39.3797,262,-2.12678,-0.364043,-9.6663,0.0,0.0,0.0,0.0,0.0,0.0,0.0,0.0,0.468286,0.00674,0.13537,Start,seated
39.5298,263,-1.57113,-0.201182,-9.35016,0.0,0.0,0.0,0.0,0.0,0.0,0.0,-0.175781,0.234137,0.00674,0.13537,Start,seated
39.6799,264,-1.56155,-0.239502,-9.5226,0.0,0.0,0.0,0.0,0.0,0.0,0.0,-0.175781,0.0,0.00674,0.13537,Start,seated
39.8301,265,-1.63819,-0.325723,-9.84832,0.0,0.0,0.0,0.0,0.0,0.0,0.0,-0.175781,-0.234136,0.00674,0.13537,Start,seated
39.9803,266,-1.59029,-0.287402,-9.70462,0.0,0.0,0.0,0.0,0.0,0.0,0.0,-0.351562,-0.234138,0.00674,0.13537,Start,seated
40.1303,267,-0.613125,0.00958008,-8.90947,0.0,0.0,0.0,0.0,0.0,0.0,0.0,-0.351562,-0.468337,0.0188,0.1476,Start,extended
40.2805,268,-3.19017,-0.622705,-7.17548,0.0,0.0,0.0,0.0,0.0,0.0,0.0,-0.703125,-0.702436,0.0188,0.1476,Start,extended
40.4307,269,-5.49897,0.383203,-5.73847,0.0,0.0,0.0,0.0,0.0,0.0,0.0,-0.703125,-0.702451,0.0188,0.1476,Start,extended
40.5808,270,-6.82102,-0.0670606,-7.13716,0.0,0.0,0.0,0.0,0.0,0.0,0.0,-0.527344,-0.468298,0.0188,0.1476,Start,extended
40.731,271,-5.01038,-0.143701,-7.0222,0.0,0.0,0.0,0.0,0.0,0.0,0.0,-0.703125,-0.468296,0.0188,0.1476,Start,extended
40.8812,272,-5.92049,-0.316143,-7.56826,0.0,0.0,0.0,0.0,0.0,0.0,0.0,-0.703125,-0.468236,0.0188,0.1476,Start,extended
41.0313,273,-6.30369,-0.287402,-7.41498,0.0,0.0,0.0,0.0,0.0,0.0,0.0,-0.527344,0.234118,0.0188,0.1476,Start,extended
41.1815,274,-6.31327,-0.105381,-7.27128,0.0,0.0,0.0,0.0,0.0,0.0,0.0,-0.703125,0.0,0.0188,0.1476,Start,extended
41.3317,275,-6.09293,-0.182021,-7.34792,0.0,0.0,0.0,0.0,0.0,0.0,0.0,-0.527344,0.0,0.0188,0.1476,Start,extended
41.4818,276,-6.56235,-0.440684,-7.10842,0.0,0.0,0.0,0.0,0.0,0.0,0.0,-0.527344,0.23414,0.00674,0.13537,Start,seated
41.6318,277,-6.7827,0.162861,-9.04359,0.0,0.0,0.0,0.0,0.0,0.0,0.0,-0.351562,0.468332,0.00674,0.13537,Start,seated
41.782,278,1.55197,-0.450264,-7.7886,0.0,0.0,0.0,0.0,0.0,0.0,0.0,-0.351562,0.234167,0.00674,0.13537,Start,seated
41.9322,279,-2.76864,-0.220342,-9.91538,0.0,0.0,0.0,0.0,0.0,0.0,0.0,-0.351562,0.468335,0.00674,0.13537,Start,seated
42.0823,280,-1.69567,-0.153281,-9.7621,0.0,0.0,0.0,0.0,0.0,0.0,0.0,-0.175781,0.468334,0.00674,0.13537,Start,seated
42.2325,281,-1.46575,-0.143701,-9.35016,0.0,0.0,0.0,0.0,0.0,0.0,0.0,-0.175781,0.468278,0.00674,0.13537,Start,seated
42.3827,282,-1.60945,-0.249082,-9.5226,0.0,0.0,0.0,0.0,0.0,0.0,0.0,-0.175781,0.234114,0.00674,0.13537,Start,seated
42.5328,283,-1.62861,-0.325723,-9.6663,0.0,0.0,0.0,0.0,0.0,0.0,0.0,-0.175781,0.234133,0.00674,0.13537,Start,seated
42.6829,284,-1.59029,-0.258662,-9.84832,0.0,0.0,0.0,0.0,0.0,0.0,0.0,-0.175781,0.234133,0.00674,0.13537,Start,seated
42.833,285,-0.756826,-0.172441,-9.35974,0.0,0.0,0.0,0.0,0.0,0.0,0.0,-0.175781,0.0,0.0188,0.1476,Start,extended
42.9832,286,-1.28373,-0.402363,-7.05094,0.0,0.0,0.0,0.0,0.0,0.0,0.0,-0.527344,-0.468326,0.0188,0.1476,Start,extended
43.1334,287,-5.66183,0.402363,-7.32876,0.0,0.0,0.0,0.0,0.0,0.0,0.0,-0.351562,-0.234163,0.0188,0.1476,Start,extended
43.2835,288,-5.58519,-0.191602,-7.6449,0.0,0.0,0.0,0.0,0.0,0.0,0.0,-0.351562,-0.234141,0.0188,0.1476,Start,extended
43.4337,289,-5.35526,-0.0958008,-7.15632,0.0,0.0,0.0,0.0,0.0,0.0,0.0,-0.703125,-0.702425,0.0188,0.1476,Start,extended
43.5838,290,-6.19831,-0.268242,-7.56826,0.0,0.0,0.0,0.0,0.0,0.0,0.0,-0.703125,-0.702422,0.0188,0.1476,Start,extended
43.7339,291,-6.18873,-0.239502,-7.5012,0.0,0.0,0.0,0.0,0.0,0.0,0.0,-0.703125,-0.234141,0.0188,0.1476,Start,extended
43.8841,292,-6.16957,-0.0479004,-7.39582,0.0,0.0,0.0,0.0,0.0,0.0,0.0,-0.878906,-0.702423,0.0188,0.1476,Start,extended
44.0343,293,-6.01629,-0.182021,-7.39582,0.0,0.0,0.0,0.0,0.0,0.0,0.0,-0.703125,-0.468285,0.0188,0.1476,Start,extended
44.1843,294,-7.10842,-0.555645,-7.17548,0.0,0.0,0.0,0.0,0.0,0.0,0.0,-0.703125,0.0,0.00674,0.13537,Start,seated
44.3345,295,-6.42823,-0.603545,-7.33834,0.0,0.0,0.0,0.0,0.0,0.0,0.0,-0.703125,0.0,0.00674,0.13537,Start,seated
44.4847,296,3.06563,-0.977168,-8.46879,0.0,0.0,0.0,0.0,0.0,0.0,0.0,-0.527344,0.234149,0.00674,0.13537,Start,seated
44.6348,297,-2.43334,-0.172441,-10.1453,0.0,0.0,0.0,0.0,0.0,0.0,0.0,-0.527344,0.468297,0.00674,0.13537,Start,seated
44.785,298,-2.15552,-0.153281,-9.78126,0.0,0.0,0.0,0.0,0.0,0.0,0.0,-0.175781,0.702438,0.00674,0.13537,Start,seated
44.9352,299,-1.68609,-0.105381,-9.35974,0.0,0.0,0.0,0.0,0.0,0.0,0.0,-0.175781,0.702351,0.00674,0.13537,Start,seated
45.0853,300,-1.59029,-0.229922,-9.58008,0.0,0.0,0.0,0.0,0.0,0.0,0.0,0.0,0.936449,0.00674,0.13537,Start,seated
45.2355,301,-1.43701,-0.287402,-9.84832,0.0,0.0,0.0,0.0,0.0,0.0,0.0,0.0,0.702337,0.00674,0.13537,Start,seated
45.3857,302,-1.53281,-0.296982,-9.6663,0.0,0.0,0.0,0.0,0.0,0.0,0.0,0.0,0.70234,0.00674,0.13537,Start,seated
45.5358,303,-0.0383203,-0.249082,-8.14307,0.0,0.0,0.0,0.0,0.0,0.0,0.0,0.175781,0.468283,0.0188,0.1476,Start,extended
45.6859,304,0.0766406,-1.07297,-5.86301,0.0,0.0,0.0,0.0,0.0,0.0,0.0,-0.175781,0.0,0.0188,0.1476,Start,extended
45.8361,305,-8.54543,0.296982,-7.96105,0.0,0.0,0.0,0.0,0.0,0.0,0.0,-0.351562,-0.468292,0.0188,0.1476,Start,extended
45.9862,306,-5.97797,-0.450264,-7.63532,0.0,0.0,0.0,0.0,0.0,0.0,0.0,-0.351562,-0.468289,0.0188,0.1476,Start,extended
46.1364,307,-5.24988,-0.153281,-7.12758,0.0,0.0,0.0,0.0,0.0,0.0,0.0,-0.703125,-0.936579,0.0188,0.1476,Start,extended
46.2866,308,-6.30369,-0.182021,-7.55868,0.0,0.0,0.0,0.0,0.0,0.0,0.0,-0.703125,-1.17058,0.0188,0.1476,Start,extended
46.4368,309,-6.11209,-0.325723,-7.46288,0.0,0.0,0.0,0.0,0.0,0.0,0.0,-0.878906,-0.936463,0.0188,0.1476,Start,extended
46.5869,310,-6.14083,-0.153281,-7.3096,0.0,0.0,0.0,0.0,0.0,0.0,0.0,-1.05469,-0.936447,0.0188,0.1476,Start,extended
46.7371,311,-6.04503,-0.191602,-7.43414,0.0,0.0,0.0,0.0,0.0,0.0,0.0,-0.878906,-0.702337,0.0188,0.1476,Start,extended
46.8875,312,-6.57193,-0.0670606,-7.25212,0.0,0.0,0.0,0.0,0.0,0.0,0.0,-0.878906,-0.234034,0.00674,0.13537,Start,seated
47.0377,313,-6.94556,0.373623,-8.92863,0.0,0.0,0.0,0.0,0.0,0.0,0.0,-0.878906,-0.234034,0.00674,0.13537,Start,seated
47.1878,314,0.201182,-0.0383203,-8.78493,0.0,0.0,0.0,0.0,0.0,0.0,0.0,-0.527344,0.468112,0.00674,0.13537,Start,seated
47.3379,315,-4.09069,0.0766406,-9.49386,0.0,0.0,0.0,0.0,0.0,0.0,0.0,-0.527344,0.702169,0.00674,0.13537,Start,seated
47.4881,316,-1.69567,-0.555645,-10.0495,0.0,0.0,0.0,0.0,0.0,0.0,0.0,-0.175781,0.936235,0.00674,0.13537,Start,seated
47.6383,317,-1.71483,-0.469424,-9.84832,0.0,0.0,0.0,0.0,0.0,0.0,0.0,0.0,1.17068,0.00674,0.13537,Start,seated
47.7884,318,-1.53281,-0.201182,-9.48428,0.0,0.0,0.0,0.0,0.0,0.0,0.0,0.0,1.17067,0.00674,0.13537,Start,seated
47.9386,319,-1.61903,-0.249082,-9.54176,0.0,0.0,0.0,0.0,0.0,0.0,0.0,0.351562,1.17057,0.00674,0.13537,Start,seated
48.0888,320,-1.56155,-0.239502,-9.65672,0.0,0.0,0.0,0.0,0.0,0.0,0.0,0.175781,0.93645,0.00674,0.13537,Start,seated
48.2389,321,-1.56155,0.220342,-9.7621,0.0,0.0,0.0,0.0,0.0,0.0,0.0,0.351562,0.702408,0.0188,0.1476,Start,extended
48.389,322,-1.82021,-0.0574805,-8.26761,0.0,0.0,0.0,0.0,0.0,0.0,0.0,-0.175781,-0.234137,0.0188,0.1476,Start,extended
48.5392,323,-7.57784,0.162861,-6.14083,0.0,0.0,0.0,0.0,0.0,0.0,0.0,-0.175781,-0.23415,0.0188,0.1476,Start,extended
48.6893,324,-6.37075,-0.0479004,-7.6449,0.0,0.0,0.0,0.0,0.0,0.0,0.0,-0.351562,-0.936603,0.0188,0.1476,Start,extended
48.8395,325,-4.70382,-0.0862207,-6.79228,0.0,0.0,0.0,0.0,0.0,0.0,0.0,-0.703125,-1.17075,0.0188,0.1476,Start,extended
48.9897,326,-6.58151,-0.153281,-7.65448,0.0,0.0,0.0,0.0,0.0,0.0,0.0,-0.878906,-1.63888,0.0188,0.1476,Start,extended
49.1398,327,-6.53361,-0.277822,-7.52036,0.0,0.0,0.0,0.0,0.0,0.0,0.0,-1.05469,-1.17062,0.0188,0.1476,Start,extended
49.29,328,-6.61025,-0.191602,-7.43414,0.0,0.0,0.0,0.0,0.0,0.0,0.0,-1.23047,-1.40468,0.0188,0.1476,Start,extended
49.4402,329,-6.14083,-0.162861,-7.39582,0.0,0.0,0.0,0.0,0.0,0.0,0.0,-1.23047,-1.17056,0.0188,0.1476,Start,extended
49.5902,330,-6.38991,-0.287402,-7.1659,0.0,0.0,0.0,0.0,0.0,0.0,0.0,-1.05469,-0.468286,0.00674,0.13537,Start,seated
49.7404,331,-5.92049,-0.268242,-8.49753,0.0,0.0,0.0,0.0,0.0,0.0,0.0,-0.878906,0.0,0.00674,0.13537,Start,seated
