0.00185609,0,1.74846e-07,-0.215333,0.0,0.0,0.0,0.0,0.0,0.0,0.0,0.0,0.351562,0.0,0.00674,0.13537,None,seated
0.0149081,1,-0.00191719,-0.211306,0.0,0.0,0.0,0.0,0.0,0.0,0.0,0.0,0.351562,0.0,0.00674,0.13537,Nothing,seated
0.0279281,2,-0.00287611,-0.214182,0.0,0.0,0.0,0.0,0.0,0.0,0.0,0.0,0.351562,0.0,0.00674,0.13537,Nothing,seated
0.0448351,3,-0.00287611,-0.214182,0.0,0.0,0.0,0.0,0.0,0.0,0.0,0.0,0.351562,0.0,0.00674,0.13537,Nothing,seated
0.0571091,4,1.74846e-07,-0.214182,0.0,0.0,0.0,0.0,0.0,0.0,0.0,0.0,0.351562,0.0,0.00674,0.13537,Nothing,seated
0.067719,5,1.74846e-07,-0.211306,0.0,0.0,0.0,0.0,0.0,0.0,0.0,0.0,0.527344,2.6689,0.00674,0.13537,Nothing,seated
0.078213,6,-0.00287611,-0.211306,0.0,0.0,0.0,0.0,0.0,0.0,0.0,0.0,0.527344,2.77674,0.00674,0.13537,Nothing,seated
0.08828,7,-0.00287611,-0.215333,0.0,0.0,0.0,0.0,0.0,0.0,0.0,0.0,0.527344,2.91261,0.00674,0.13537,Nothing,seated
0.0994551,8,-0.00287611,-0.215333,0.0,0.0,0.0,0.0,0.0,0.0,0.0,0.0,0.527344,3.21826,0.00674,0.13537,Nothing,seated
0.113339,9,-0.00383455,-0.214182,0.0,0.0,0.0,0.0,0.0,0.0,0.0,0.0,0.527344,3.12612,0.00674,0.13537,Nothing,seated
0.127457,10,-0.00383455,-0.212265,0.0,0.0,0.0,0.0,0.0,0.0,0.0,0.0,0.527344,0.0,0.00674,0.13537,Nothing,seated
0.138597,11,-0.00287611,-0.212265,0.0,0.0,0.0,0.0,0.0,0.0,0.0,0.0,0.527344,0.0,0.00674,0.13537,Nothing,seated
0.151232,12,-0.00191719,-0.215333,0.0,0.0,0.0,0.0,0.0,0.0,0.0,0.0,0.527344,0.0,0.00674,0.13537,Nothing,seated
0.161589,13,-0.00191719,-0.215333,0.0,0.0,0.0,0.0,0.0,0.0,0.0,0.0,0.527344,0.0,0.00674,0.13537,Nothing,seated
0.171834,14,-0.00383455,-0.212265,0.0,0.0,0.0,0.0,0.0,0.0,0.0,0.0,0.527344,0.0,0.00674,0.13537,Nothing,seated
0.182335,15,-0.00383455,-0.212265,0.0,0.0,0.0,0.0,0.0,0.0,0.0,0.0,0.527344,0.0,0.00674,0.13537,Nothing,seated
0.192401,16,-0.00383455,-0.211306,0.0,0.0,0.0,0.0,0.0,0.0,0.0,0.0,0.527344,0.0,0.00674,0.13537,Nothing,seated
0.204586,17,-0.00383455,-0.212265,0.0,0.0,0.0,0.0,0.0,0.0,0.0,0.0,0.527344,0.0,0.00674,0.13537,Nothing,seated
