0.00177193,0,-0.00498516,-0.202869,0.0,0.0,0.0,0.0,0.0,0.0,0.0,0.0,0.527344,0.0,0.00674,0.13537,None,seated
0.0138891,1,-0.00441009,-0.202294,0.0,0.0,0.0,0.0,0.0,0.0,0.0,0.0,0.527344,0.0,0.00674,0.13537,Nothing,seated
0.024307,2,-0.00402624,-0.201527,0.0,0.0,0.0,0.0,0.0,0.0,0.0,0.0,0.527344,0.0,0.00674,0.13537,Nothing,seated
0.035943,3,-0.0042184,-0.201719,0.0,0.0,0.0,0.0,0.0,0.0,0.0,0.0,0.527344,0.0,0.00674,0.13537,Nothing,seated
0.0479391,4,-0.00460178,-0.201527,0.0,0.0,0.0,0.0,0.0,0.0,0.0,0.0,0.527344,0.0,0.00674,0.13537,Nothing,seated
0.0600851,5,-0.00460178,-0.200952,0.0,0.0,0.0,0.0,0.0,0.0,0.0,0.0,0.527344,0.0,0.00674,0.13537,Nothing,seated
0.0722051,6,-0.00402624,-0.200376,0.0,0.0,0.0,0.0,0.0,0.0,0.0,0.0,0.527344,0.0,0.00674,0.13537,Nothing,seated
0.0844929,7,-0.00402624,-0.199993,0.0,0.0,0.0,0.0,0.0,0.0,0.0,0.0,0.527344,0.0,0.00674,0.13537,Nothing,seated
0.095073,8,-0.0042184,-0.200568,0.0,0.0,0.0,0.0,0.0,0.0,0.0,0.0,0.703125,2.9728,0.00674,0.13537,Nothing,seated
0.105949,9,-0.00460178,-0.201335,0.0,0.0,0.0,0.0,0.0,0.0,0.0,0.0,0.703125,3.0302,0.00674,0.13537,Nothing,seated
0.119857,10,-0.00441009,-0.200376,0.0,0.0,0.0,0.0,0.0,0.0,0.0,0.0,0.703125,2.94086,0.00674,0.13537,Nothing,seated
0.131945,11,-0.00364286,-0.199993,0.0,0.0,0.0,0.0,0.0,0.0,0.0,0.0,0.703125,2.94245,0.00674,0.13537,Nothing,seated
0.143604,12,-0.0042184,-0.199609,0.0,0.0,0.0,0.0,0.0,0.0,0.0,0.0,0.703125,2.97374,0.00674,0.13537,Nothing,seated
0.15625,13,-0.00460178,-0.199993,0.0,0.0,0.0,0.0,0.0,0.0,0.0,0.0,0.703125,0.0,0.00674,0.13537,Nothing,seated
0.168215,14,-0.00460178,-0.199801,0.0,0.0,0.0,0.0,0.0,0.0,0.0,0.0,0.703125,0.0,0.00674,0.13537,Nothing,seated
0.180073,15,-0.00460178,-0.199034,0.0,0.0,0.0,0.0,0.0,0.0,0.0,0.0,0.703125,0.0,0.00674,0.13537,Nothing,seated
0.191341,16,-0.00460178,-0.199034,0.0,0.0,0.0,0.0,0.0,0.0,0.0,0.0,0.703125,0.0,0.00674,0.13537,Nothing,seated
0.202601,17,-0.00441009,-0.199418,0.0,0.0,0.0,0.0,0.0,0.0,0.0,0.0,0.703125,0.0,0.00674,0.13537,Nothing,seated
0.215814,18,-0.00441009,-0.199034,0.0,0.0,0.0,0.0,0.0,0.0,0.0,0.0,0.703125,0.0,0.00674,0.13537,Nothing,seated
0.2292,19,-0.0042184,-0.198842,0.0,0.0,0.0,0.0,0.0,0.0,0.0,0.0,0.703125,0.0,0.00674,0.13537,Nothing,seated
0.242571,20,-0.00479347,-0.198459,0.0,0.0,0.0,0.0,0.0,0.0,0.0,0.0,0.703125,0.0,0.00674,0.13537,Nothing,seated
0.253197,21,-0.00498516,-0.198075,0.0,0.0,0.0,0.0,0.0,0.0,0.0,0.0,0.703125,0.0,0.00674,0.13537,Nothing,seated
0.264784,22,-0.00498516,-0.197884,0.0,0.0,0.0,0.0,0.0,0.0,0.0,0.0,0.703125,0.0,0.00674,0.13537,Nothing,seated
0.275314,23,-0.00479347,-0.197692,0.0,0.0,0.0,0.0,0.0,0.0,0.0,0.0,0.703125,0.0,0.00674,0.13537,Nothing,seated
0.285385,24,-0.00479347,-0.197117,0.0,0.0,0.0,0.0,0.0,0.0,0.0,0.0,0.703125,0.0,0.00674,0.13537,Nothing,seated
0.29545,25,-0.00479347,-0.197117,0.0,0.0,0.0,0.0,0.0,0.0,0.0,0.0,0.878906,3.32421,0.00674,0.13537,Nothing,seated
0.306077,26,-0.00479347,-0.197884,0.0,0.0,0.0,0.0,0.0,0.0,0.0,0.0,0.878906,3.32415,0.00674,0.13537,Nothing,seated
0.317819,27,-0.00460178,-0.197117,0.0,0.0,0.0,0.0,0.0,0.0,0.0,0.0,0.878906,3.31444,0.00674,0.13537,Nothing,seated
0.329817,28,-0.00498516,-0.196925,0.0,0.0,0.0,0.0,0.0,0.0,0.0,0.0,0.878906,3.22515,0.00674,0.13537,Nothing,seated
0.343079,29,-0.00536853,-0.196925,0.0,0.0,0.0,0.0,0.0,0.0,0.0,0.0,0.878906,3.04678,0.00674,0.13537,Nothing,seated
0.354718,30,-0.00556022,-0.196733,0.0,0.0,0.0,0.0,0.0,0.0,0.0,0.0,0.878906,0.0,0.00674,0.13537,Nothing,seated
0.367298,31,-0.00479347,-0.196541,0.0,0.0,0.0,0.0,0.0,0.0,0.0,0.0,0.878906,0.0,0.00674,0.13537,Nothing,seated
0.380445,32,-0.00441009,-0.196158,0.0,0.0,0.0,0.0,0.0,0.0,0.0,0.0,0.878906,0.0,0.00674,0.13537,Nothing,seated
0.39188,33,-0.00441009,-0.196158,0.0,0.0,0.0,0.0,0.0,0.0,0.0,0.0,0.878906,0.0,0.00674,0.13537,Nothing,seated
0.404595,34,-0.00460178,-0.196733,0.0,0.0,0.0,0.0,0.0,0.0,0.0,0.0,0.878906,0.0,0.00674,0.13537,Nothing,seated
0.415424,35,-0.00479347,-0.197117,0.0,0.0,0.0,0.0,0.0,0.0,0.0,0.0,0.878906,0.0,0.00674,0.13537,Nothing,seated
0.425818,36,-0.00441009,-0.19635,0.0,0.0,0.0,0.0,0.0,0.0,0.0,0.0,0.878906,0.0,0.00674,0.13537,Nothing,seated
0.435885,37,-0.00441009,-0.196158,0.0,0.0,0.0,0.0,0.0,0.0,0.0,0.0,0.878906,0.0,0.00674,0.13537,Nothing,seated
0.450196,38,-0.00498516,-0.195966,0.0,0.0,0.0,0.0,0.0,0.0,0.0,0.0,0.878906,0.0,0.00674,0.13537,Nothing,seated
0.463292,39,-0.00460178,-0.195774,0.0,0.0,0.0,0.0,0.0,0.0,0.0,0.0,0.878906,0.0,0.00674,0.13537,Nothing,seated
0.474944,40,-0.0042184,-0.195583,0.0,0.0,0.0,0.0,0.0,0.0,0.0,0.0,0.878906,0.0,0.00674,0.13537,Nothing,seated
0.486074,41,-0.00402624,-0.194432,0.0,0.0,0.0,0.0,0.0,0.0,0.0,0.0,0.878906,0.0,0.00674,0.13537,Nothing,seated
0.499594,42,-0.00402624,-0.195199,0.0,0.0,0.0,0.0,0.0,0.0,0.0,0.0,0.878906,0.0,0.00674,0.13537,Nothing,seated
0.510565,43,-0.00402624,-0.195966,0.0,0.0,0.0,0.0,0.0,0.0,0.0,0.0,0.878906,0.0,0.00674,0.13537,Nothing,seated
0.521726,44,-0.00364286,-0.195966,0.0,0.0,0.0,0.0,0.0,0.0,0.0,0.0,1.05469,3.0082,0.00674,0.13537,Nothing,seated
0.53538,45,-0.00364286,-0.195391,0.0,0.0,0.0,0.0,0.0,0.0,0.0,0.0,1.05469,2.90855,0.00674,0.13537,Nothing,seated
0.548072,46,-0.00345117,-0.195008,0.0,0.0,0.0,0.0,0.0,0.0,0.0,0.0,1.05469,2.83528,0.00674,0.13537,Nothing,seated
0.559374,47,-0.00345117,-0.195008,0.0,0.0,0.0,0.0,0.0,0.0,0.0,0.0,1.05469,2.94047,0.00674,0.13537,Nothing,seated
0.570296,48,-0.00345117,-0.195199,0.0,0.0,0.0,0.0,0.0,0.0,0.0,0.0,1.05469,2.94288,0.00674,0.13537,Nothing,seated
0.582595,49,-0.00364286,-0.194816,0.0,0.0,0.0,0.0,0.0,0.0,0.0,0.0,1.05469,0.0,0.00674,0.13537,Nothing,seated
0.595809,50,-0.00383455,-0.194432,0.0,0.0,0.0,0.0,0.0,0.0,0.0,0.0,1.05469,0.0,0.00674,0.13537,Nothing,seated
0.608562,51,-0.00383455,-0.19424,0.0,0.0,0.0,0.0,0.0,0.0,0.0,0.0,1.05469,0.0,0.00674,0.13537,Nothing,seated
0.622377,52,-0.00325948,-0.193857,0.0,0.0,0.0,0.0,0.0,0.0,0.0,0.0,1.05469,0.0,0.00674,0.13537,Nothing,seated
0.635193,53,-0.00345117,-0.193665,0.0,0.0,0.0,0.0,0.0,0.0,0.0,0.0,1.05469,0.0,0.00674,0.13537,Nothing,seated
0.649938,54,-0.00364286,-0.19424,0.0,0.0,0.0,0.0,0.0,0.0,0.0,0.0,1.05469,0.0,0.00674,0.13537,Nothing,seated
0.661689,55,-0.00383455,-0.19424,0.0,0.0,0.0,0.0,0.0,0.0,0.0,0.0,1.05469,0.0,0.00674,0.13537,Nothing,seated
0.672942,56,-0.00383455,-0.194432,0.0,0.0,0.0,0.0,0.0,0.0,0.0,0.0,1.05469,0.0,0.00674,0.13537,Nothing,seated
0.683814,57,-0.00383455,-0.194432,0.0,0.0,0.0,0.0,0.0,0.0,0.0,0.0,1.05469,0.0,0.00674,0.13537,Nothing,seated
0.693881,58,-0.00383455,-0.194049,0.0,0.0,0.0,0.0,0.0,0.0,0.0,0.0,1.05469,0.0,0.00674,0.13537,Nothing,seated
0.705798,59,-0.00287611,-0.213224,0.0,0.0,0.0,0.0,0.0,0.0,0.0,0.0,1.05469,0.0,0.00674,0.13537,Nothing,seated
0.716195,60,-0.00287611,-0.213224,0.0,0.0,0.0,0.0,0.0,0.0,0.0,0.0,1.05469,0.0,0.00674,0.13537,Nothing,seated
0.727705,61,-0.0164903,-0.20632,0.0,0.0,0.0,0.0,0.0,0.0,0.0,0.0,1.23047,3.20985,0.00674,0.13537,Nothing,seated
0.740939,62,-0.0164903,-0.208238,0.0,0.0,0.0,0.0,0.0,0.0,0.0,0.0,1.23047,3.07714,0.00674,0.13537,Nothing,seated
0.753571,63,-0.00383455,-0.20632,0.0,0.0,0.0,0.0,0.0,0.0,0.0,0.0,1.23047,2.9449,0.00674,0.13537,Nothing,seated
0.779701,64,-0.00766975,-0.216292,0.0,0.0,0.0,0.0,0.0,0.0,0.0,0.0,1.23047,2.37854,0.00674,0.13537,Nothing,seated
0.790822,65,-0.013614,-0.216292,0.0,0.0,0.0,0.0,0.0,0.0,0.0,0.0,1.23047,2.35546,0.00674,0.13537,Nothing,seated
0.801568,66,-0.013614,-0.216099,0.0,0.0,0.0,0.0,0.0,0.0,0.0,0.0,1.23047,0.0,0.00674,0.13537,Nothing,seated
0.813298,67,-0.00766975,-0.215716,0.0,0.0,0.0,0.0,0.0,0.0,0.0,0.0,1.23047,0.0,0.00674,0.13537,Nothing,seated
0.826595,68,-0.0097788,-0.208238,0.0,0.0,0.0,0.0,0.0,0.0,0.0,0.0,1.23047,0.0,0.00674,0.13537,Nothing,seated
0.840203,69,-0.013614,-0.210347,0.0,0.0,0.0,0.0,0.0,0.0,0.0,0.0,1.23047,0.0,0.00674,0.13537,Nothing,seated
0.863296,70,-0.00191719,-0.189255,0.0,0.0,0.0,0.0,0.0,0.0,0.0,0.0,1.23047,0.0,0.00674,0.13537,Nothing,seated
0.879946,71,-0.00191719,-0.189255,0.0,0.0,0.0,0.0,0.0,0.0,0.0,0.0,1.23047,0.0,0.00674,0.13537,Nothing,seated
0.890295,72,-0.00191719,-0.189638,0.0,0.0,0.0,0.0,0.0,0.0,0.0,0.0,1.23047,0.0,0.00674,0.13537,Nothing,seated
0.901317,73,-0.00230056,-0.190214,0.0,0.0,0.0,0.0,0.0,0.0,0.0,0.0,1.23047,0.0,0.00674,0.13537,Nothing,seated
0.914318,74,-0.00268442,-0.191364,0.0,0.0,0.0,0.0,0.0,0.0,0.0,0.0,1.23047,0.0,0.00674,0.13537,Nothing,seated
0.925595,75,-0.00287611,-0.192323,0.0,0.0,0.0,0.0,0.0,0.0,0.0,0.0,1.23047,0.0,0.00674,0.13537,Nothing,seated
0.936603,76,-0.00268442,-0.192323,0.0,0.0,0.0,0.0,0.0,0.0,0.0,0.0,1.23047,0.0,0.00674,0.13537,Nothing,seated
0.947293,77,-0.00230056,-0.192323,0.0,0.0,0.0,0.0,0.0,0.0,0.0,0.0,1.23047,0.0,0.00674,0.13537,Nothing,seated
0.959292,78,-0.00287611,-0.192898,0.0,0.0,0.0,0.0,0.0,0.0,0.0,0.0,1.23047,0.0,0.00674,0.13537,Nothing,seated
0.972291,79,-0.00325948,-0.19309,0.0,0.0,0.0,0.0,0.0,0.0,0.0,0.0,1.23047,0.0,0.00674,0.13537,Nothing,seated
0.985942,80,-0.0030678,-0.193282,0.0,0.0,0.0,0.0,0.0,0.0,0.0,0.0,1.23047,0.0,0.00674,0.13537,Nothing,seated
0.997198,81,-0.00287611,-0.192706,0.0,0.0,0.0,0.0,0.0,0.0,0.0,0.0,1.23047,0.0,0.00674,0.13537,Nothing,seated
1.0102,82,-0.00268442,-0.193282,0.0,0.0,0.0,0.0,0.0,0.0,0.0,0.0,1.23047,0.0,0.00674,0.13537,Nothing,seated
1.02882,83,-0.00345117,-0.192706,0.0,0.0,0.0,0.0,0.0,0.0,0.0,0.0,1.23047,0.0,0.00674,0.13537,Nothing,seated
1.04338,84,-0.0030678,-0.192323,0.0,0.0,0.0,0.0,0.0,0.0,0.0,0.0,1.23047,0.0,0.00674,0.13537,Nothing,seated
1.05693,85,-0.00345117,-0.192131,0.0,0.0,0.0,0.0,0.0,0.0,0.0,0.0,1.23047,0.0,0.00674,0.13537,Nothing,seated
1.06772,86,-0.00383455,-0.191748,0.0,0.0,0.0,0.0,0.0,0.0,0.0,0.0,1.23047,0.0,0.00674,0.13537,Nothing,seated
1.07794,87,-0.00383455,-0.192706,0.0,0.0,0.0,0.0,0.0,0.0,0.0,0.0,1.23047,0.0,0.00674,0.13537,Nothing,seated
1.08807,88,-0.00364286,-0.193474,0.0,0.0,0.0,0.0,0.0,0.0,0.0,0.0,1.23047,0.0,0.00674,0.13537,Nothing,seated
1.09938,89,-0.00364286,-0.192131,0.0,0.0,0.0,0.0,0.0,0.0,0.0,0.0,1.23047,0.0,0.00674,0.13537,Nothing,seated
1.11247,90,-0.00364286,-0.192898,0.0,0.0,0.0,0.0,0.0,0.0,0.0,0.0,1.23047,0.0,0.00674,0.13537,Nothing,seated
1.1247,91,-0.00402624,-0.193474,0.0,0.0,0.0,0.0,0.0,0.0,0.0,0.0,1.23047,0.0,0.00674,0.13537,Nothing,seated
1.13957,92,-0.00383455,-0.193474,0.0,0.0,0.0,0.0,0.0,0.0,0.0,0.0,1.23047,0.0,0.00674,0.13537,Nothing,seated
1.15194,93,-0.00325948,-0.193474,0.0,0.0,0.0,0.0,0.0,0.0,0.0,0.0,1.23047,0.0,0.00674,0.13537,Nothing,seated
1.1652,94,-0.00325948,-0.193282,0.0,0.0,0.0,0.0,0.0,0.0,0.0,0.0,1.23047,0.0,0.00674,0.13537,Nothing,seated
1.17594,95,-0.00345117,-0.195199,0.0,0.0,0.0,0.0,0.0,0.0,0.0,0.0,1.23047,0.0,0.00674,0.13537,Nothing,seated
1.19274,96,-0.00345117,-0.195199,0.0,0.0,0.0,0.0,0.0,0.0,0.0,0.0,1.23047,0.0,0.00674,0.13537,Nothing,seated
1.2037,97,-0.00325948,-0.194816,0.0,0.0,0.0,0.0,0.0,0.0,0.0,0.0,1.23047,0.0,0.00674,0.13537,Nothing,seated
1.21569,98,-0.00364286,-0.194816,0.0,0.0,0.0,0.0,0.0,0.0,0.0,0.0,1.23047,0.0,0.00674,0.13537,Nothing,seated
1.22708,99,-0.0042184,-0.194816,0.0,0.0,0.0,0.0,0.0,0.0,0.0,0.0,1.23047,0.0,0.00674,0.13537,Nothing,seated
1.23995,100,-0.00383455,-0.195008,0.0,0.0,0.0,0.0,0.0,0.0,0.0,0.0,1.23047,0.0,0.00674,0.13537,Nothing,seated
1.25308,101,-0.00364286,-0.194816,0.0,0.0,0.0,0.0,0.0,0.0,0.0,0.0,1.23047,0.0,0.00674,0.13537,Nothing,seated
1.2682,102,-0.00345117,-0.194624,0.0,0.0,0.0,0.0,0.0,0.0,0.0,0.0,1.23047,0.0,0.00674,0.13537,Nothing,seated
1.28029,103,-0.00364286,-0.195391,0.0,0.0,0.0,0.0,0.0,0.0,0.0,0.0,1.23047,0.0,0.00674,0.13537,Nothing,seated
1.29307,104,-0.00383455,-0.195774,0.0,0.0,0.0,0.0,0.0,0.0,0.0,0.0,1.23047,0.0,0.00674,0.13537,Nothing,seated
1.30769,105,-0.00345117,-0.195774,0.0,0.0,0.0,0.0,0.0,0.0,0.0,0.0,1.23047,0.0,0.00674,0.13537,Nothing,seated
1.32329,106,-0.00325948,-0.195583,0.0,0.0,0.0,0.0,0.0,0.0,0.0,0.0,1.23047,0.0,0.00674,0.13537,Nothing,seated
1.33529,107,-0.00364286,-0.196158,0.0,0.0,0.0,0.0,0.0,0.0,0.0,0.0,1.23047,0.0,0.00674,0.13537,Nothing,seated
1.35021,108,-0.0042184,-0.197884,0.0,0.0,0.0,0.0,0.0,0.0,0.0,0.0,1.23047,0.0,0.00674,0.13537,Nothing,seated
1.3652,109,-0.00345117,-0.1975,0.0,0.0,0.0,0.0,0.0,0.0,0.0,0.0,1.23047,0.0,0.00674,0.13537,Nothing,seated
1.37608,110,-0.00287611,-0.197308,0.0,0.0,0.0,0.0,0.0,0.0,0.0,0.0,1.23047,0.0,0.00674,0.13537,Nothing,seated
1.38794,111,-0.0030678,-0.197308,0.0,0.0,0.0,0.0,0.0,0.0,0.0,0.0,1.23047,0.0,0.00674,0.13537,Nothing,seated
1.39969,112,-0.00345117,-0.197308,0.0,0.0,0.0,0.0,0.0,0.0,0.0,0.0,1.23047,0.0,0.00674,0.13537,Nothing,seated
1.40994,113,-0.0042184,-0.198651,0.0,0.0,0.0,0.0,0.0,0.0,0.0,0.0,1.23047,0.0,0.00674,0.13537,Nothing,seated
1.42138,114,-0.00441009,-0.198651,0.0,0.0,0.0,0.0,0.0,0.0,0.0,0.0,1.23047,0.0,0.00674,0.13537,Nothing,seated
1.43281,115,-0.0042184,-0.198459,0.0,0.0,0.0,0.0,0.0,0.0,0.0,0.0,1.23047,0.0,0.00674,0.13537,Nothing,seated
1.4462,116,-0.00383455,-0.198075,0.0,0.0,0.0,0.0,0.0,0.0,0.0,0.0,1.05469,-3.01724,0.00674,0.13537,Nothing,seated
1.45985,117,-0.00383455,-0.197692,0.0,0.0,0.0,0.0,0.0,0.0,0.0,0.0,1.05469,-2.92204,0.00674,0.13537,Nothing,seated
1.47208,118,-0.0042184,-0.197692,0.0,0.0,0.0,0.0,0.0,0.0,0.0,0.0,1.05469,-2.82888,0.00674,0.13537,Nothing,seated
1.48329,119,-0.00441009,-0.1975,0.0,0.0,0.0,0.0,0.0,0.0,0.0,0.0,1.05469,-2.83921,0.00674,0.13537,Nothing,seated
1.49357,120,-0.00460178,-0.1975,0.0,0.0,0.0,0.0,0.0,0.0,0.0,0.0,1.05469,-2.89328,0.00674,0.13537,Nothing,seated
1.50359,121,-0.00479347,-0.1975,0.0,0.0,0.0,0.0,0.0,0.0,0.0,0.0,1.05469,0.0,0.00674,0.13537,Nothing,seated
1.51366,122,-0.00479347,-0.1975,0.0,0.0,0.0,0.0,0.0,0.0,0.0,0.0,1.05469,0.0,0.00674,0.13537,Nothing,seated
1.52438,123,-0.0042184,-0.197308,0.0,0.0,0.0,0.0,0.0,0.0,0.0,0.0,1.05469,0.0,0.00674,0.13537,Nothing,seated
1.53629,124,-0.00402624,-0.197308,0.0,0.0,0.0,0.0,0.0,0.0,0.0,0.0,1.05469,0.0,0.00674,0.13537,Nothing,seated
1.54794,125,-0.0042184,-0.198651,0.0,0.0,0.0,0.0,0.0,0.0,0.0,0.0,1.05469,0.0,0.00674,0.13537,Nothing,seated
1.56107,126,-0.00441009,-0.211306,0.0,0.0,0.0,0.0,0.0,0.0,0.0,0.0,1.05469,0.0,0.00674,0.13537,Nothing,seated
1.5736,127,-0.023393,-0.211306,0.0,0.0,0.0,0.0,0.0,0.0,0.0,0.0,1.05469,0.0,0.00674,0.13537,Nothing,seated
1.58482,128,0.014765,-0.190406,0.0,0.0,0.0,0.0,0.0,0.0,0.0,0.0,1.05469,0.0,0.00674,0.13537,Nothing,seated
1.5952,129,0.014765,-0.190406,0.0,0.0,0.0,0.0,0.0,0.0,0.0,0.0,1.05469,0.0,0.00674,0.13537,Nothing,seated
1.60638,130,1.74846e-07,-0.197308,0.0,0.0,0.0,0.0,0.0,0.0,0.0,0.0,1.05469,0.0,0.00674,0.13537,Nothing,seated
1.61644,131,1.74846e-07,-0.197308,0.0,0.0,0.0,0.0,0.0,0.0,0.0,0.0,1.05469,0.0,0.00674,0.13537,Nothing,seated
1.62655,132,-0.000766579,-0.198651,0.0,0.0,0.0,0.0,0.0,0.0,0.0,0.0,1.05469,0.0,0.00674,0.13537,Nothing,seated
1.63661,133,-0.0017255,-0.200185,0.0,0.0,0.0,0.0,0.0,0.0,0.0,0.0,1.05469,0.0,0.00674,0.13537,Nothing,seated
1.64894,134,-0.00153381,-0.20076,0.0,0.0,0.0,0.0,0.0,0.0,0.0,0.0,1.05469,0.0,0.00674,0.13537,Nothing,seated
1.6612,135,-0.00115043,-0.200952,0.0,0.0,0.0,0.0,0.0,0.0,0.0,0.0,0.878906,-3.20616,0.00674,0.13537,Nothing,seated
1.67429,136,-0.00115043,-0.200952,0.0,0.0,0.0,0.0,0.0,0.0,0.0,0.0,0.878906,-3.03856,0.00674,0.13537,Nothing,seated
1.68569,137,-0.00153381,-0.202869,0.0,0.0,0.0,0.0,0.0,0.0,0.0,0.0,0.878906,-2.97228,0.00674,0.13537,Nothing,seated
1.70338,138,-0.00191719,-0.202869,0.0,0.0,0.0,0.0,0.0,0.0,0.0,0.0,0.878906,-2.63279,0.00674,0.13537,Nothing,seated
1.71429,139,-0.00191719,-0.202677,0.0,0.0,0.0,0.0,0.0,0.0,0.0,0.0,0.878906,-2.68981,0.00674,0.13537,Nothing,seated
1.72764,140,-0.00210888,-0.203252,0.0,0.0,0.0,0.0,0.0,0.0,0.0,0.0,0.878906,0.0,0.00674,0.13537,Nothing,seated
1.73995,141,-0.00249225,-0.203636,0.0,0.0,0.0,0.0,0.0,0.0,0.0,0.0,0.878906,0.0,0.00674,0.13537,Nothing,seated
1.75182,142,-0.0017255,-0.203636,0.0,0.0,0.0,0.0,0.0,0.0,0.0,0.0,0.878906,0.0,0.00674,0.13537,Nothing,seated
1.77239,143,-0.00153381,-0.202294,0.0,0.0,0.0,0.0,0.0,0.0,0.0,0.0,0.878906,0.0,0.00674,0.13537,Nothing,seated
1.78404,144,-0.00153381,-0.202294,0.0,0.0,0.0,0.0,0.0,0.0,0.0,0.0,0.878906,0.0,0.00674,0.13537,Nothing,seated
1.79684,145,-0.00230056,-0.202869,0.0,0.0,0.0,0.0,0.0,0.0,0.0,0.0,0.878906,0.0,0.00674,0.13537,Nothing,seated
1.8076,146,-0.00230056,-0.202869,0.0,0.0,0.0,0.0,0.0,0.0,0.0,0.0,0.878906,0.0,0.00674,0.13537,Nothing,seated
1.8192,147,-0.00210888,-0.202677,0.0,0.0,0.0,0.0,0.0,0.0,0.0,0.0,0.878906,0.0,0.00674,0.13537,Nothing,seated
1.83032,148,-0.00230056,-0.202677,0.0,0.0,0.0,0.0,0.0,0.0,0.0,0.0,0.878906,0.0,0.00674,0.13537,Nothing,seated
1.84095,149,-0.00268442,-0.203252,0.0,0.0,0.0,0.0,0.0,0.0,0.0,0.0,0.878906,0.0,0.00674,0.13537,Nothing,seated
1.85921,150,-0.00287611,-0.203636,0.0,0.0,0.0,0.0,0.0,0.0,0.0,0.0,0.878906,0.0,0.00674,0.13537,Nothing,seated
1.87108,151,-0.00287611,-0.202486,0.0,0.0,0.0,0.0,0.0,0.0,0.0,0.0,0.878906,0.0,0.00674,0.13537,Nothing,seated
1.8836,152,-0.00287611,-0.202486,0.0,0.0,0.0,0.0,0.0,0.0,0.0,0.0,0.878906,0.0,0.00674,0.13537,Nothing,seated
1.8952,153,-0.00325948,-0.203252,0.0,0.0,0.0,0.0,0.0,0.0,0.0,0.0,0.878906,0.0,0.00674,0.13537,Nothing,seated
1.9106,154,-0.00325948,-0.203636,0.0,0.0,0.0,0.0,0.0,0.0,0.0,0.0,0.703125,-2.5237,0.00674,0.13537,Nothing,seated
1.9226,155,-0.00287611,-0.203828,0.0,0.0,0.0,0.0,0.0,0.0,0.0,0.0,0.703125,-2.77267,0.00674,0.13537,Nothing,seated
1.9332,156,-0.00268442,-0.203828,0.0,0.0,0.0,0.0,0.0,0.0,0.0,0.0,0.703125,-2.82961,0.00674,0.13537,Nothing,seated
1.94582,157,-0.00364286,-0.20402,0.0,0.0,0.0,0.0,0.0,0.0,0.0,0.0,0.703125,-2.82529,0.00674,0.13537,Nothing,seated
1.96008,158,-0.00364286,-0.204786,0.0,0.0,0.0,0.0,0.0,0.0,0.0,0.0,0.703125,-2.70936,0.00674,0.13537,Nothing,seated
1.9732,159,-0.00345117,-0.203828,0.0,0.0,0.0,0.0,0.0,0.0,0.0,0.0,0.703125,0.0,0.00674,0.13537,Nothing,seated
1.98529,160,-0.00345117,-0.203061,0.0,0.0,0.0,0.0,0.0,0.0,0.0,0.0,0.703125,0.0,0.00674,0.13537,Nothing,seated
1.99656,161,-0.00364286,-0.203444,0.0,0.0,0.0,0.0,0.0,0.0,0.0,0.0,0.703125,0.0,0.00674,0.13537,Nothing,seated
2.00663,162,-0.00383455,-0.203636,0.0,0.0,0.0,0.0,0.0,0.0,0.0,0.0,0.703125,0.0,0.00674,0.13537,Nothing,seated
2.01669,163,-0.00345117,-0.203636,0.0,0.0,0.0,0.0,0.0,0.0,0.0,0.0,0.703125,0.0,0.00674,0.13537,Nothing,seated
2.02807,164,-0.00325948,-0.203444,0.0,0.0,0.0,0.0,0.0,0.0,0.0,0.0,0.703125,0.0,0.00674,0.13537,Nothing,seated
2.04008,165,-0.00345117,-0.202869,0.0,0.0,0.0,0.0,0.0,0.0,0.0,0.0,0.703125,0.0,0.00674,0.13537,Nothing,seated
2.05138,166,-0.00345117,-0.202677,0.0,0.0,0.0,0.0,0.0,0.0,0.0,0.0,0.703125,0.0,0.00674,0.13537,Nothing,seated
2.06709,167,-0.00345117,-0.204211,0.0,0.0,0.0,0.0,0.0,0.0,0.0,0.0,0.703125,0.0,0.00674,0.13537,Nothing,seated
2.07981,168,-0.00325948,-0.203636,0.0,0.0,0.0,0.0,0.0,0.0,0.0,0.0,0.703125,0.0,0.00674,0.13537,Nothing,seated
2.09095,169,-0.0030678,-0.203444,0.0,0.0,0.0,0.0,0.0,0.0,0.0,0.0,0.527344,-2.79578,0.00674,0.13537,Nothing,seated
2.10229,170,-0.00383455,-0.203444,0.0,0.0,0.0,0.0,0.0,0.0,0.0,0.0,0.527344,-2.82547,0.00674,0.13537,Nothing,seated
2.11419,171,-0.0042184,-0.203444,0.0,0.0,0.0,0.0,0.0,0.0,0.0,0.0,0.703125,0.0,0.00674,0.13537,Nothing,seated
2.12594,172,-0.0042184,-0.203636,0.0,0.0,0.0,0.0,0.0,0.0,0.0,0.0,0.703125,0.0,0.00674,0.13537,Nothing,seated
2.13708,173,-0.00402624,-0.202486,0.0,0.0,0.0,0.0,0.0,0.0,0.0,0.0,0.527344,-3.06944,0.00674,0.13537,Nothing,seated
2.15095,174,-0.00383455,-0.202869,0.0,0.0,0.0,0.0,0.0,0.0,0.0,0.0,0.527344,0.0,0.00674,0.13537,Nothing,seated
2.16607,175,-0.00402624,-0.203252,0.0,0.0,0.0,0.0,0.0,0.0,0.0,0.0,0.527344,0.0,0.00674,0.13537,Nothing,seated
2.17994,176,-0.00364286,-0.203061,0.0,0.0,0.0,0.0,0.0,0.0,0.0,0.0,0.527344,-2.67364,0.00674,0.13537,Nothing,seated
2.19064,177,-0.00325948,-0.202677,0.0,0.0,0.0,0.0,0.0,0.0,0.0,0.0,0.527344,-2.71683,0.00674,0.13537,Nothing,seated
2.20071,178,-0.00345117,-0.202294,0.0,0.0,0.0,0.0,0.0,0.0,0.0,0.0,0.527344,0.0,0.00674,0.13537,Nothing,seated
2.21077,179,-0.00364286,-0.20191,0.0,0.0,0.0,0.0,0.0,0.0,0.0,0.0,0.527344,0.0,0.00674,0.13537,Nothing,seated
2.22084,180,-0.00383455,-0.203061,0.0,0.0,0.0,0.0,0.0,0.0,0.0,0.0,0.527344,0.0,0.00674,0.13537,Nothing,seated
2.23129,181,-0.00402624,-0.20402,0.0,0.0,0.0,0.0,0.0,0.0,0.0,0.0,0.527344,0.0,0.00674,0.13537,Nothing,seated
2.24309,182,-0.00287611,-0.203444,0.0,0.0,0.0,0.0,0.0,0.0,0.0,0.0,0.527344,0.0,0.00674,0.13537,Nothing,seated
2.25732,183,-0.00287611,-0.203444,0.0,0.0,0.0,0.0,0.0,0.0,0.0,0.0,0.527344,0.0,0.00674,0.13537,Nothing,seated
2.2682,184,-0.00325948,-0.203252,0.0,0.0,0.0,0.0,0.0,0.0,0.0,0.0,0.527344,0.0,0.00674,0.13537,Nothing,seated
2.2792,185,-0.00364286,-0.203252,0.0,0.0,0.0,0.0,0.0,0.0,0.0,0.0,0.527344,0.0,0.00674,0.13537,Nothing,seated
2.29129,186,-0.00383455,-0.203061,0.0,0.0,0.0,0.0,0.0,0.0,0.0,0.0,0.527344,0.0,0.00674,0.13537,Nothing,seated
2.30308,187,-0.00364286,-0.202102,0.0,0.0,0.0,0.0,0.0,0.0,0.0,0.0,0.527344,0.0,0.00674,0.13537,Nothing,seated
2.31708,188,-0.00364286,-0.202294,0.0,0.0,0.0,0.0,0.0,0.0,0.0,0.0,0.527344,0.0,0.00674,0.13537,Nothing,seated
2.32908,189,-0.00383455,-0.202677,0.0,0.0,0.0,0.0,0.0,0.0,0.0,0.0,0.527344,0.0,0.00674,0.13537,Nothing,seated
2.34094,190,-0.00345117,-0.202486,0.0,0.0,0.0,0.0,0.0,0.0,0.0,0.0,0.527344,0.0,0.00674,0.13537,Nothing,seated
2.35157,191,-0.0030678,-0.202102,0.0,0.0,0.0,0.0,0.0,0.0,0.0,0.0,0.527344,0.0,0.00674,0.13537,Nothing,seated
2.36659,192,-0.00325948,-0.20191,0.0,0.0,0.0,0.0,0.0,0.0,0.0,0.0,0.527344,0.0,0.00674,0.13537,Nothing,seated
2.38069,193,-0.00383455,-0.202294,0.0,0.0,0.0,0.0,0.0,0.0,0.0,0.0,0.527344,0.0,0.00674,0.13537,Nothing,seated
2.3922,194,-0.00402624,-0.203252,0.0,0.0,0.0,0.0,0.0,0.0,0.0,0.0,0.527344,0.0,0.00674,0.13537,Nothing,seated
2.40295,195,-0.00402624,-0.203252,0.0,0.0,0.0,0.0,0.0,0.0,0.0,0.0,0.527344,0.0,0.00674,0.13537,Nothing,seated
2.41308,196,-0.00364286,-0.202486,0.0,0.0,0.0,0.0,0.0,0.0,0.0,0.0,0.527344,0.0,0.00674,0.13537,Nothing,seated
2.4232,197,-0.00325948,-0.202102,0.0,0.0,0.0,0.0,0.0,0.0,0.0,0.0,0.527344,0.0,0.00674,0.13537,Nothing,seated
2.43387,198,-0.0030678,-0.201527,0.0,0.0,0.0,0.0,0.0,0.0,0.0,0.0,0.527344,0.0,0.00674,0.13537,Nothing,seated
2.44682,199,-0.00325948,-0.201143,0.0,0.0,0.0,0.0,0.0,0.0,0.0,0.0,0.527344,0.0,0.00674,0.13537,Nothing,seated
2.45908,200,-0.00364286,-0.200952,0.0,0.0,0.0,0.0,0.0,0.0,0.0,0.0,0.527344,0.0,0.00674,0.13537,Nothing,seated
2.4723,201,-0.00364286,-0.200952,0.0,0.0,0.0,0.0,0.0,0.0,0.0,0.0,0.527344,0.0,0.00674,0.13537,Nothing,seated
2.48359,202,-0.00345117,-0.200376,0.0,0.0,0.0,0.0,0.0,0.0,0.0,0.0,0.527344,0.0,0.00674,0.13537,Nothing,seated
2.49607,203,-0.00325948,-0.200185,0.0,0.0,0.0,0.0,0.0,0.0,0.0,0.0,0.527344,0.0,0.00674,0.13537,Nothing,seated
2.50759,204,-0.00325948,-0.200185,0.0,0.0,0.0,0.0,0.0,0.0,0.0,0.0,0.527344,0.0,0.00674,0.13537,Nothing,seated
2.51882,205,-0.00345117,-0.200185,0.0,0.0,0.0,0.0,0.0,0.0,0.0,0.0,0.527344,0.0,0.00674,0.13537,Nothing,seated
2.52907,206,-0.00364286,-0.200568,0.0,0.0,0.0,0.0,0.0,0.0,0.0,0.0,0.527344,0.0,0.00674,0.13537,Nothing,seated
2.54316,207,-0.00364286,-0.207279,0.0,0.0,0.0,0.0,0.0,0.0,0.0,0.0,0.527344,0.0,0.00674,0.13537,Nothing,seated
2.55582,208,0.00402706,-0.214182,0.0,0.0,0.0,0.0,0.0,0.0,0.0,0.0,0.527344,0.0,0.00674,0.13537,Nothing,seated
2.56829,209,0.00402706,-0.214182,0.0,0.0,0.0,0.0,0.0,0.0,0.0,0.0,0.527344,0.0,0.00674,0.13537,Nothing,seated
2.58138,210,-0.0097788,-0.210922,0.0,0.0,0.0,0.0,0.0,0.0,0.0,0.0,0.527344,0.0,0.00674,0.13537,Nothing,seated
2.59494,211,-0.00958711,-0.210539,0.0,0.0,0.0,0.0,0.0,0.0,0.0,0.0,0.703125,2.66865,0.00674,0.13537,Nothing,seated
2.6066,212,-0.0184076,-0.20632,0.0,0.0,0.0,0.0,0.0,0.0,0.0,0.0,0.703125,2.77052,0.00674,0.13537,Nothing,seated
2.62082,213,-0.0184076,-0.20632,0.0,0.0,0.0,0.0,0.0,0.0,0.0,0.0,0.703125,2.70425,0.00674,0.13537,Nothing,seated
2.63169,214,0.00115078,-0.211881,0.0,0.0,0.0,0.0,0.0,0.0,0.0,0.0,0.703125,2.77275,0.00674,0.13537,Nothing,seated
2.64382,215,0.00134247,-0.210922,0.0,0.0,0.0,0.0,0.0,0.0,0.0,0.0,0.703125,2.81521,0.00674,0.13537,Nothing,seated
2.6546,216,0.00115078,-0.204211,0.0,0.0,0.0,0.0,0.0,0.0,0.0,0.0,0.703125,0.0,0.00674,0.13537,Nothing,seated
2.6652,217,-0.013614,-0.220318,0.0,0.0,0.0,0.0,0.0,0.0,0.0,0.0,0.703125,0.0,0.00674,0.13537,Nothing,seated
2.67857,218,-0.013614,-0.220318,0.0,0.0,0.0,0.0,0.0,0.0,0.0,0.0,0.703125,0.0,0.00674,0.13537,Nothing,seated
2.6892,219,-0.00191719,-0.215333,0.0,0.0,0.0,0.0,0.0,0.0,0.0,0.0,0.703125,0.0,0.00674,0.13537,Nothing,seated
2.70082,220,-0.00191719,-0.215333,0.0,0.0,0.0,0.0,0.0,0.0,0.0,0.0,0.703125,0.0,0.00674,0.13537,Nothing,seated
2.71138,221,-0.00479347,-0.20632,0.0,0.0,0.0,0.0,0.0,0.0,0.0,0.0,0.703125,0.0,0.00674,0.13537,Nothing,seated
2.7232,222,-0.00479347,-0.20632,0.0,0.0,0.0,0.0,0.0,0.0,0.0,0.0,0.703125,0.0,0.00674,0.13537,Nothing,seated
2.73539,223,-0.00862819,-0.210347,0.0,0.0,0.0,0.0,0.0,0.0,0.0,0.0,0.703125,0.0,0.00674,0.13537,Nothing,seated
2.74755,224,-0.00862819,-0.210156,0.0,0.0,0.0,0.0,0.0,0.0,0.0,0.0,0.703125,0.0,0.00674,0.13537,Nothing,seated
2.7592,225,-0.0126551,-0.210156,0.0,0.0,0.0,0.0,0.0,0.0,0.0,0.0,0.703125,0.0,0.00674,0.13537,Nothing,seated
2.7707,226,-0.00766975,-0.208238,0.0,0.0,0.0,0.0,0.0,0.0,0.0,0.0,0.703125,0.0,0.00674,0.13537,Nothing,seated
2.78076,227,-0.00766975,-0.208238,0.0,0.0,0.0,0.0,0.0,0.0,0.0,0.0,0.703125,0.0,0.00674,0.13537,Nothing,seated
2.79083,228,-0.000958268,-0.209197,0.0,0.0,0.0,0.0,0.0,0.0,0.0,0.0,0.703125,0.0,0.00674,0.13537,Nothing,seated
2.80089,229,-0.000958268,-0.209197,0.0,0.0,0.0,0.0,0.0,0.0,0.0,0.0,0.703125,0.0,0.00674,0.13537,Nothing,seated
2.81194,230,-0.0107377,-0.214182,0.0,0.0,0.0,0.0,0.0,0.0,0.0,0.0,0.703125,0.0,0.00674,0.13537,Nothing,seated
2.82645,231,-0.0107377,-0.213224,0.0,0.0,0.0,0.0,0.0,0.0,0.0,0.0,0.878906,3.15302,0.00674,0.13537,Nothing,seated
2.837,232,-0.00862819,-0.213224,0.0,0.0,0.0,0.0,0.0,0.0,0.0,0.0,0.878906,3.12545,0.00674,0.13537,Nothing,seated
2.84757,233,-0.00862819,-0.211306,0.0,0.0,0.0,0.0,0.0,0.0,0.0,0.0,0.878906,3.09791,0.00674,0.13537,Nothing,seated
2.8586,234,-0.00287611,-0.211306,0.0,0.0,0.0,0.0,0.0,0.0,0.0,0.0,0.878906,3.04606,0.00674,0.13537,Nothing,seated
2.8697,235,-0.00862819,-0.209197,0.0,0.0,0.0,0.0,0.0,0.0,0.0,0.0,0.878906,3.04357,0.00674,0.13537,Nothing,seated
2.88608,236,-0.00862819,-0.212265,0.0,0.0,0.0,0.0,0.0,0.0,0.0,0.0,0.878906,0.0,0.00674,0.13537,Nothing,seated
2.90034,237,-0.0097788,-0.212265,0.0,0.0,0.0,0.0,0.0,0.0,0.0,0.0,0.878906,0.0,0.00674,0.13537,Nothing,seated
2.91237,238,-0.00766975,-0.209197,0.0,0.0,0.0,0.0,0.0,0.0,0.0,0.0,0.878906,0.0,0.00674,0.13537,Nothing,seated
2.9233,239,-0.00766975,-0.209197,0.0,0.0,0.0,0.0,0.0,0.0,0.0,0.0,0.878906,0.0,0.00674,0.13537,Nothing,seated
2.93345,240,-0.00287611,-0.212265,0.0,0.0,0.0,0.0,0.0,0.0,0.0,0.0,0.878906,0.0,0.00674,0.13537,Nothing,seated
2.94352,241,-0.00287611,-0.21725,0.0,0.0,0.0,0.0,0.0,0.0,0.0,0.0,0.878906,0.0,0.00674,0.13537,Nothing,seated
2.9546,242,-0.00862819,-0.21725,0.0,0.0,0.0,0.0,0.0,0.0,0.0,0.0,0.878906,0.0,0.00674,0.13537,Nothing,seated
2.96594,243,-0.00862819,-0.207279,0.0,0.0,0.0,0.0,0.0,0.0,0.0,0.0,0.878906,0.0,0.00674,0.13537,Nothing,seated
2.98238,244,-0.0107377,-0.207279,0.0,0.0,0.0,0.0,0.0,0.0,0.0,0.0,0.878906,0.0,0.00674,0.13537,Nothing,seated
2.9962,245,-0.000958268,-0.210347,0.0,0.0,0.0,0.0,0.0,0.0,0.0,0.0,0.878906,0.0,0.00674,0.13537,Nothing,seated
3.00881,246,-0.000958268,-0.211306,0.0,0.0,0.0,0.0,0.0,0.0,0.0,0.0,0.878906,0.0,0.00674,0.13537,Nothing,seated
3.0222,247,-0.00287611,-0.211306,0.0,0.0,0.0,0.0,0.0,0.0,0.0,0.0,0.878906,0.0,0.00674,0.13537,Nothing,seated
3.03582,248,-0.0126551,-0.20632,0.0,0.0,0.0,0.0,0.0,0.0,0.0,0.0,0.878906,0.0,0.00674,0.13537,Nothing,seated
3.0476,249,-0.0126551,-0.215333,0.0,0.0,0.0,0.0,0.0,0.0,0.0,0.0,0.878906,0.0,0.00674,0.13537,Nothing,seated
3.05982,250,-0.00479347,-0.215333,0.0,0.0,0.0,0.0,0.0,0.0,0.0,0.0,0.878906,0.0,0.00674,0.13537,Nothing,seated
3.07153,251,-0.00479347,-0.207279,0.0,0.0,0.0,0.0,0.0,0.0,0.0,0.0,1.05469,2.80298,0.00674,0.13537,Nothing,seated
3.08385,252,-0.00479347,-0.207279,0.0,0.0,0.0,0.0,0.0,0.0,0.0,0.0,1.05469,2.85132,0.00674,0.13537,Nothing,seated
3.09738,253,-0.0097788,-0.213224,0.0,0.0,0.0,0.0,0.0,0.0,0.0,0.0,1.05469,2.85558,0.00674,0.13537,Nothing,seated
3.1097,254,-0.0107377,-0.213224,0.0,0.0,0.0,0.0,0.0,0.0,0.0,0.0,1.05469,2.83035,0.00674,0.13537,Nothing,seated
3.12208,255,-0.0107377,-0.213224,0.0,0.0,0.0,0.0,0.0,0.0,0.0,0.0,1.05469,2.82352,0.00674,0.13537,Nothing,seated
3.13429,256,-0.00862819,-0.210347,0.0,0.0,0.0,0.0,0.0,0.0,0.0,0.0,1.05469,0.0,0.00674,0.13537,Nothing,seated
3.15047,257,-0.00383455,-0.211306,0.0,0.0,0.0,0.0,0.0,0.0,0.0,0.0,1.05469,0.0,0.00674,0.13537,Nothing,seated
3.17047,258,-0.00383455,-0.210922,0.0,0.0,0.0,0.0,0.0,0.0,0.0,0.0,1.05469,0.0,0.00674,0.13537,Nothing,seated
3.18438,259,-0.00766975,-0.208238,0.0,0.0,0.0,0.0,0.0,0.0,0.0,0.0,1.05469,0.0,0.00674,0.13537,Nothing,seated
3.1994,260,-0.0116962,-0.209197,0.0,0.0,0.0,0.0,0.0,0.0,0.0,0.0,1.05469,0.0,0.00674,0.13537,Nothing,seated
3.2133,261,-0.00575239,-0.209197,0.0,0.0,0.0,0.0,0.0,0.0,0.0,0.0,1.05469,0.0,0.00674,0.13537,Nothing,seated
3.2253,262,-0.00575239,-0.210347,0.0,0.0,0.0,0.0,0.0,0.0,0.0,0.0,1.05469,0.0,0.00674,0.13537,Nothing,seated
3.24195,263,-0.0107377,-0.211306,0.0,0.0,0.0,0.0,0.0,0.0,0.0,0.0,1.05469,0.0,0.00674,0.13537,Nothing,seated
3.25371,264,-0.0107377,-0.211306,0.0,0.0,0.0,0.0,0.0,0.0,0.0,0.0,1.05469,0.0,0.00674,0.13537,Nothing,seated
3.26482,265,-0.00766975,-0.209197,0.0,0.0,0.0,0.0,0.0,0.0,0.0,0.0,1.05469,0.0,0.00674,0.13537,Nothing,seated
3.27488,266,-0.00766975,-0.209197,0.0,0.0,0.0,0.0,0.0,0.0,0.0,0.0,1.05469,0.0,0.00674,0.13537,Nothing,seated
3.2872,267,-0.00383455,-0.209197,0.0,0.0,0.0,0.0,0.0,0.0,0.0,0.0,1.05469,0.0,0.00674,0.13537,Nothing,seated
3.30708,268,-0.00766975,-0.210347,0.0,0.0,0.0,0.0,0.0,0.0,0.0,0.0,1.23047,2.69888,0.00674,0.13537,Nothing,seated
3.31982,269,-0.00766975,-0.211306,0.0,0.0,0.0,0.0,0.0,0.0,0.0,0.0,1.23047,2.65864,0.00674,0.13537,Nothing,seated
3.33024,270,-0.00862819,-0.211306,0.0,0.0,0.0,0.0,0.0,0.0,0.0,0.0,1.23047,2.68684,0.00674,0.13537,Nothing,seated
3.34123,271,-0.00862819,-0.208238,0.0,0.0,0.0,0.0,0.0,0.0,0.0,0.0,1.23047,2.64958,0.00674,0.13537,Nothing,seated
3.35221,272,-0.00862819,-0.208238,0.0,0.0,0.0,0.0,0.0,0.0,0.0,0.0,1.23047,2.70395,0.00674,0.13537,Nothing,seated
3.3642,273,-0.0097788,-0.210347,0.0,0.0,0.0,0.0,0.0,0.0,0.0,0.0,1.23047,0.0,0.00674,0.13537,Nothing,seated
3.3757,274,-0.0097788,-0.210347,0.0,0.0,0.0,0.0,0.0,0.0,0.0,0.0,1.23047,0.0,0.00674,0.13537,Nothing,seated
3.38576,275,-0.0097788,-0.212265,0.0,0.0,0.0,0.0,0.0,0.0,0.0,0.0,1.23047,0.0,0.00674,0.13537,Nothing,seated
3.39894,276,-0.0097788,-0.210347,0.0,0.0,0.0,0.0,0.0,0.0,0.0,0.0,1.23047,0.0,0.00674,0.13537,Nothing,seated
3.41038,277,-0.0126551,-0.210347,0.0,0.0,0.0,0.0,0.0,0.0,0.0,0.0,1.23047,0.0,0.00674,0.13537,Nothing,seated
3.42546,278,-0.00766975,-0.208238,0.0,0.0,0.0,0.0,0.0,0.0,0.0,0.0,1.23047,0.0,0.00674,0.13537,Nothing,seated
3.4397,279,-0.00766975,-0.212265,0.0,0.0,0.0,0.0,0.0,0.0,0.0,0.0,1.23047,0.0,0.00674,0.13537,Nothing,seated
3.45262,280,-0.00766975,-0.212265,0.0,0.0,0.0,0.0,0.0,0.0,0.0,0.0,1.23047,0.0,0.00674,0.13537,Nothing,seated
3.46538,281,-0.0107377,-0.212265,0.0,0.0,0.0,0.0,0.0,0.0,0.0,0.0,1.23047,0.0,0.00674,0.13537,Nothing,seated
3.4793,282,-0.0116962,-0.208238,0.0,0.0,0.0,0.0,0.0,0.0,0.0,0.0,1.23047,0.0,0.00674,0.13537,Nothing,seated
3.49482,283,-0.0116962,-0.213224,0.0,0.0,0.0,0.0,0.0,0.0,0.0,0.0,1.23047,0.0,0.00674,0.13537,Nothing,seated
3.5077,284,-0.00671083,-0.213224,0.0,0.0,0.0,0.0,0.0,0.0,0.0,0.0,1.23047,0.0,0.00674,0.13537,Nothing,seated
3.52024,285,-0.00671083,-0.211306,0.0,0.0,0.0,0.0,0.0,0.0,0.0,0.0,1.23047,0.0,0.00674,0.13537,Nothing,seated
3.53238,286,-0.00671083,-0.211306,0.0,0.0,0.0,0.0,0.0,0.0,0.0,0.0,1.23047,0.0,0.00674,0.13537,Nothing,seated
3.5453,287,-0.0126551,-0.211306,0.0,0.0,0.0,0.0,0.0,0.0,0.0,0.0,1.23047,0.0,0.00674,0.13537,Nothing,seated
3.55708,288,-0.0126551,-0.210347,0.0,0.0,0.0,0.0,0.0,0.0,0.0,0.0,1.23047,0.0,0.00674,0.13537,Nothing,seated
3.56908,289,-0.00766975,-0.210347,0.0,0.0,0.0,0.0,0.0,0.0,0.0,0.0,1.23047,0.0,0.00674,0.13537,Nothing,seated
3.58082,290,-0.0097788,-0.209197,0.0,0.0,0.0,0.0,0.0,0.0,0.0,0.0,1.23047,0.0,0.00674,0.13537,Nothing,seated
3.59129,291,-0.0097788,-0.209197,0.0,0.0,0.0,0.0,0.0,0.0,0.0,0.0,1.23047,0.0,0.00674,0.13537,Nothing,seated
3.6056,292,-0.00766975,-0.210347,0.0,0.0,0.0,0.0,0.0,0.0,0.0,0.0,1.23047,0.0,0.00674,0.13537,Nothing,seated
3.62044,293,-0.0097788,-0.214182,0.0,0.0,0.0,0.0,0.0,0.0,0.0,0.0,1.23047,0.0,0.00674,0.13537,Nothing,seated
3.63557,294,-0.0097788,-0.214182,0.0,0.0,0.0,0.0,0.0,0.0,0.0,0.0,1.23047,0.0,0.00674,0.13537,Nothing,seated
3.64707,295,-0.00766975,-0.212265,0.0,0.0,0.0,0.0,0.0,0.0,0.0,0.0,1.23047,0.0,0.00674,0.13537,Nothing,seated
3.66008,296,-0.00766975,-0.211306,0.0,0.0,0.0,0.0,0.0,0.0,0.0,0.0,1.23047,0.0,0.00674,0.13537,Nothing,seated
3.6733,297,-0.00671083,-0.211306,0.0,0.0,0.0,0.0,0.0,0.0,0.0,0.0,1.23047,0.0,0.00674,0.13537,Nothing,seated
3.6856,298,-0.00862819,-0.212265,0.0,0.0,0.0,0.0,0.0,0.0,0.0,0.0,1.23047,0.0,0.00674,0.13537,Nothing,seated
3.70002,299,-0.00862819,-0.205362,0.0,0.0,0.0,0.0,0.0,0.0,0.0,0.0,1.23047,0.0,0.00674,0.13537,Nothing,seated
3.71038,300,-0.00862819,-0.205362,0.0,0.0,0.0,0.0,0.0,0.0,0.0,0.0,1.23047,0.0,0.00674,0.13537,Nothing,seated
3.72307,301,-0.00766975,-0.211306,0.0,0.0,0.0,0.0,0.0,0.0,0.0,0.0,1.23047,0.0,0.00674,0.13537,Nothing,seated
3.73396,302,-0.00766975,-0.211306,0.0,0.0,0.0,0.0,0.0,0.0,0.0,0.0,1.23047,0.0,0.00674,0.13537,Nothing,seated
3.74582,303,-0.00479347,-0.211306,0.0,0.0,0.0,0.0,0.0,0.0,0.0,0.0,1.23047,0.0,0.00674,0.13537,Nothing,seated
3.75995,304,-0.00479347,-0.208238,0.0,0.0,0.0,0.0,0.0,0.0,0.0,0.0,1.23047,0.0,0.00674,0.13537,Nothing,seated
3.7713,305,-0.00671083,-0.208238,0.0,0.0,0.0,0.0,0.0,0.0,0.0,0.0,1.23047,0.0,0.00674,0.13537,Nothing,seated
3.7857,306,-0.00671083,-0.208238,0.0,0.0,0.0,0.0,0.0,0.0,0.0,0.0,1.23047,0.0,0.00674,0.13537,Nothing,seated
3.79807,307,-0.00651914,-0.207854,0.0,0.0,0.0,0.0,0.0,0.0,0.0,0.0,1.23047,0.0,0.00674,0.13537,Nothing,seated
3.81208,308,-0.00632745,-0.207471,0.0,0.0,0.0,0.0,0.0,0.0,0.0,0.0,1.23047,0.0,0.00674,0.13537,Nothing,seated
3.84245,309,-0.0097788,-0.208238,0.0,0.0,0.0,0.0,0.0,0.0,0.0,0.0,1.23047,0.0,0.00674,0.13537,Nothing,seated
3.85348,310,-0.00862819,-0.207279,0.0,0.0,0.0,0.0,0.0,0.0,0.0,0.0,1.23047,0.0,0.00674,0.13537,Nothing,seated
3.86355,311,-0.00862819,-0.207279,0.0,0.0,0.0,0.0,0.0,0.0,0.0,0.0,1.23047,0.0,0.00674,0.13537,Nothing,seated
3.8752,312,-0.00383455,-0.209197,0.0,0.0,0.0,0.0,0.0,0.0,0.0,0.0,1.23047,0.0,0.00674,0.13537,Nothing,seated
3.88638,313,-0.00383455,-0.209197,0.0,0.0,0.0,0.0,0.0,0.0,0.0,0.0,1.23047,0.0,0.00674,0.13537,Nothing,seated
3.8966,314,-0.00479347,-0.215333,0.0,0.0,0.0,0.0,0.0,0.0,0.0,0.0,1.23047,0.0,0.00674,0.13537,Nothing,seated
3.90667,315,-0.00479347,-0.215333,0.0,0.0,0.0,0.0,0.0,0.0,0.0,0.0,1.23047,0.0,0.00674,0.13537,Nothing,seated
3.91673,316,-0.00766975,-0.209197,0.0,0.0,0.0,0.0,0.0,0.0,0.0,0.0,1.23047,0.0,0.00674,0.13537,Nothing,seated
3.92808,317,-0.00766975,-0.208238,0.0,0.0,0.0,0.0,0.0,0.0,0.0,0.0,1.23047,0.0,0.00674,0.13537,Nothing,seated
3.9406,318,-0.00671083,-0.208238,0.0,0.0,0.0,0.0,0.0,0.0,0.0,0.0,1.23047,0.0,0.00674,0.13537,Nothing,seated
3.9516,319,-0.00479347,-0.211306,0.0,0.0,0.0,0.0,0.0,0.0,0.0,0.0,1.23047,0.0,0.00674,0.13537,Nothing,seated
3.96269,320,-0.00479347,-0.211306,0.0,0.0,0.0,0.0,0.0,0.0,0.0,0.0,1.05469,-3.13755,0.00674,0.13537,Nothing,seated
3.9732,321,-0.00766975,-0.212265,0.0,0.0,0.0,0.0,0.0,0.0,0.0,0.0,1.05469,-3.11309,0.00674,0.13537,Nothing,seated
3.9837,322,-0.00766975,-0.212265,0.0,0.0,0.0,0.0,0.0,0.0,0.0,0.0,1.05469,-3.16006,0.00674,0.13537,Nothing,seated
3.99694,323,-0.00575239,-0.210347,0.0,0.0,0.0,0.0,0.0,0.0,0.0,0.0,1.05469,-3.11978,0.00674,0.13537,Nothing,seated
4.01269,324,-0.00479347,-0.209197,0.0,0.0,0.0,0.0,0.0,0.0,0.0,0.0,1.05469,-2.8775,0.00674,0.13537,Nothing,seated
