0.00011301,0,0.0,0.0,0.0,0.0,0.0,0.0,0.0879121,-0.0879121,0.0,0.0,0.878906,0.0,0.00674,0.13537,None,seated
0.150183,1,0.0,0.0,0.0,0.0,0.0,0.0,0.0879121,-0.0879121,0.0,0.0,0.878906,0.0,0.0188,0.1476,Start,extended
0.300311,2,0.0,0.0,0.0,0.0,0.0,0.0,0.175824,0.0,0.0,0.0,0.351562,-3.51262,0.0188,0.1476,Start,extended
0.450442,3,0.0,0.0,0.0,0.0,0.0,0.0,0.175824,0.0,0.0,0.0,-0.175781,-3.51256,0.0188,0.1476,Start,extended
0.600574,4,0.0,0.0,0.0,0.0,0.0,0.0,0.263736,0.0,0.0,0.0,-1.05469,-5.85423,0.0188,0.1476,Start,extended
0.750709,5,0.0,0.0,0.0,0.0,0.0,0.0,-0.0879121,0.0,0.0,0.0,-1.75781,-4.68328,0.0188,0.1476,Start,extended
0.900835,6,0.0,0.0,0.0,0.0,0.0,0.0,-0.175824,0.0,0.0,0.0,-2.63672,-5.85446,0.0188,0.1476,Start,extended
1.05387,7,0.0,0.0,0.0,0.0,0.0,0.0,-0.0879121,0.0,0.0,0.0,-3.33984,-4.5946,0.00674,0.13537,Start,seated
1.20401,8,0.0,0.0,0.0,0.0,0.0,0.0,0.175824,0.0,0.0,0.0,-3.86719,-3.51242,0.00674,0.13537,Start,seated
1.35413,9,0.0,0.0,0.0,0.0,0.0,0.0,0.0879121,0.0,0.0,0.0,-3.86719,0.0,0.00674,0.13537,Start,seated
1.50426,10,0.0,0.0,0.0,0.0,0.0,0.0,0.0879121,-0.0879121,0.0,0.0,-3.51562,2.34174,0.00674,0.13537,Start,seated
1.6544,11,0.0,0.0,0.0,0.0,0.0,0.0,-0.0879121,-0.0879121,0.0,0.0,-3.16406,2.34169,0.00674,0.13537,Start,seated
1.80453,12,0.0,0.0,0.0,0.0,0.0,0.0,-0.0879121,-0.0879121,0.0,0.0,-2.46094,4.68338,0.00674,0.13537,Start,seated
1.95466,13,0.0,0.0,0.0,0.0,0.0,0.0,0.0879121,-0.0879121,0.0,0.0,-1.40625,7.02503,0.00674,0.13537,Start,seated
2.10479,14,0.0,0.0,0.0,0.0,0.0,0.0,0.263736,-0.0879121,0.0,0.0,-0.527344,5.85426,0.00674,0.13537,Start,seated
2.25492,15,0.0,0.0,0.0,0.0,0.0,0.0,0.175824,0.0,0.0,0.0,0.175781,4.68341,0.00674,0.13537,Start,seated
2.40505,16,0.0,0.0,0.0,0.0,0.0,0.0,0.0,-0.0879121,0.0,0.0,0.703125,3.51258,0.00674,0.13537,Start,seated
2.55511,17,0.0,0.0,0.0,0.0,0.0,0.0,-0.175824,-0.0879121,0.0,0.0,1.05469,2.34281,0.00674,0.13537,Start,seated
2.70524,18,0.0,0.0,0.0,0.0,0.0,0.0,0.0,0.0,0.0,0.0,1.05469,0.0,0.00674,0.13537,Start,seated
2.87105,19,0.0,0.0,0.0,0.0,0.0,0.0,0.175824,-0.0879121,0.0,0.0,0.527344,-3.18041,0.0188,0.1476,Start,extended
3.02112,20,0.0,0.0,0.0,0.0,0.0,0.0,0.0879121,0.0,0.0,0.0,-0.175781,-4.6855,0.0188,0.1476,Start,extended
3.17125,21,0.0,0.0,0.0,0.0,0.0,0.0,0.0,0.0,0.0,0.0,-1.05469,-5.85423,0.0188,0.1476,Start,extended
3.32138,22,0.0,0.0,0.0,0.0,0.0,0.0,0.0879121,0.0,0.0,0.0,-1.93359,-5.85425,0.0188,0.1476,Start,extended
3.4715,23,0.0,0.0,0.0,0.0,0.0,0.0,-0.0879121,0.0,0.0,0.0,-2.8125,-5.8545,0.0188,0.1476,Start,extended
3.62164,24,0.0,0.0,0.0,0.0,0.0,0.0,-0.0879121,0.0,0.0,0.0,-3.33984,-3.51249,0.0188,0.1476,Start,extended
3.77178,25,0.0,0.0,0.0,0.0,0.0,0.0,0.0879121,0.0,0.0,0.0,-3.86719,-3.51242,0.0188,0.1476,Start,extended
3.92191,26,0.0,0.0,0.0,0.0,0.0,0.0,0.0879121,0.0,0.0,0.0,-4.04297,-1.17084,0.0188,0.1476,Start,extended
4.07204,27,0.0,0.0,0.0,0.0,0.0,0.0,0.0879121,0.0,0.0,0.0,-3.86719,1.17084,0.0188,0.1476,Start,extended
4.22217,28,0.0,0.0,0.0,0.0,0.0,0.0,-0.0879121,0.0,0.0,0.0,-3.33984,3.51256,0.0188,0.1476,Start,extended
4.3723,29,0.0,0.0,0.0,0.0,0.0,0.0,-0.0879121,0.0,0.0,0.0,-2.63672,4.68343,0.0188,0.1476,Start,extended
4.52244,30,0.0,0.0,0.0,0.0,0.0,0.0,0.0,0.0,0.0,0.0,-1.75781,5.8541,0.0188,0.1476,Start,extended
4.67251,31,0.0,0.0,0.0,0.0,0.0,0.0,0.0,0.0,0.0,0.0,-0.878906,5.85656,0.00674,0.13537,Start,seated
4.82264,32,0.0,0.0,0.0,0.0,0.0,0.0,0.0879121,0.0,0.0,0.0,0.0,5.85423,0.00674,0.13537,Start,seated
4.97277,33,0.0,0.0,0.0,0.0,0.0,0.0,0.0,-0.0879121,0.0,0.0,0.527344,3.51254,0.00674,0.13537,Start,seated
5.12291,34,0.0,0.0,0.0,0.0,0.0,0.0,-0.0879121,-0.0879121,0.0,0.0,0.878906,2.34169,0.00674,0.13537,Start,seated
5.27304,35,0.0,0.0,0.0,0.0,0.0,0.0,-0.0879121,-0.0879121,0.0,0.0,0.878906,0.0,0.00674,0.13537,Start,seated
5.42317,36,0.0,0.0,0.0,0.0,0.0,0.0,0.0879121,-0.0879121,0.0,0.0,0.527344,-2.34172,0.00674,0.13537,Start,seated
