0.00176907,0,-0.000958268,-0.213224,0.0,0.0,0.0,0.0,0.0,0.0,0.0,0.0,0.351562,0.0,0.00674,0.13537,None,seated
0.014416,1,-0.000958268,-0.213224,0.0,0.0,0.0,0.0,0.0,0.0,0.0,0.0,0.351562,0.0,0.00674,0.13537,Nothing,seated
0.0245271,2,-0.00287611,-0.209197,0.0,0.0,0.0,0.0,0.0,0.0,0.0,0.0,0.351562,0.0,0.00674,0.13537,Nothing,seated
0.0353391,3,-0.00287611,-0.209197,0.0,0.0,0.0,0.0,0.0,0.0,0.0,0.0,0.351562,0.0,0.00674,0.13537,Nothing,seated
0.046526,4,-0.00383455,-0.209197,0.0,0.0,0.0,0.0,0.0,0.0,0.0,0.0,0.351562,0.0,0.00674,0.13537,Nothing,seated
0.0602632,5,-0.00575239,-0.213224,0.0,0.0,0.0,0.0,0.0,0.0,0.0,0.0,0.351562,0.0,0.00674,0.13537,Nothing,seated
0.0713391,6,-0.00575239,-0.213224,0.0,0.0,0.0,0.0,0.0,0.0,0.0,0.0,0.175781,-3.08804,0.00674,0.13537,Nothing,seated
0.083842,7,-0.00575239,-0.20632,0.0,0.0,0.0,0.0,0.0,0.0,0.0,0.0,0.175781,-2.96352,0.00674,0.13537,Nothing,seated
0.095835,8,-0.00479347,-0.20632,0.0,0.0,0.0,0.0,0.0,0.0,0.0,0.0,0.175781,-2.90567,0.00674,0.13537,Nothing,seated
0.107093,9,-0.00383455,-0.210347,0.0,0.0,0.0,0.0,0.0,0.0,0.0,0.0,0.175781,-2.90225,0.00674,0.13537,Nothing,seated
0.11874,10,-0.00383455,-0.207279,0.0,0.0,0.0,0.0,0.0,0.0,0.0,0.0,0.175781,-3.00599,0.00674,0.13537,Nothing,seated
0.140123,11,-0.00287611,-0.207279,0.0,0.0,0.0,0.0,0.0,0.0,0.0,0.0,0.175781,0.0,0.00674,0.13537,Nothing,seated
0.150834,12,-0.00383455,-0.208238,0.0,0.0,0.0,0.0,0.0,0.0,0.0,0.0,0.175781,0.0,0.00674,0.13537,Nothing,seated
0.161435,13,-0.00383455,-0.208238,0.0,0.0,0.0,0.0,0.0,0.0,0.0,0.0,0.175781,0.0,0.00674,0.13537,Nothing,seated
0.172517,14,-0.000958268,-0.211306,0.0,0.0,0.0,0.0,0.0,0.0,0.0,0.0,0.175781,0.0,0.00674,0.13537,Nothing,seated
0.18383,15,-0.000958268,-0.210347,0.0,0.0,0.0,0.0,0.0,0.0,0.0,0.0,0.175781,0.0,0.00674,0.13537,Nothing,seated
0.194435,16,-0.00383455,-0.210347,0.0,0.0,0.0,0.0,0.0,0.0,0.0,0.0,0.175781,0.0,0.00674,0.13537,Nothing,seated
0.205215,17,-0.00383455,-0.209197,0.0,0.0,0.0,0.0,0.0,0.0,0.0,0.0,0.175781,0.0,0.00674,0.13537,Nothing,seated
0.215284,18,-0.00575239,-0.209197,0.0,0.0,0.0,0.0,0.0,0.0,0.0,0.0,0.175781,0.0,0.00674,0.13537,Nothing,seated
0.225743,19,-0.00383455,-0.208238,0.0,0.0,0.0,0.0,0.0,0.0,0.0,0.0,0.175781,0.0,0.00674,0.13537,Nothing,seated
0.23643,20,-0.00383455,-0.208238,0.0,0.0,0.0,0.0,0.0,0.0,0.0,0.0,0.175781,0.0,0.00674,0.13537,Nothing,seated
0.247836,21,-0.00287611,-0.210347,0.0,0.0,0.0,0.0,0.0,0.0,0.0,0.0,0.175781,0.0,0.00674,0.13537,Nothing,seated
0.261632,22,-0.00287611,-0.211306,0.0,0.0,0.0,0.0,0.0,0.0,0.0,0.0,0.175781,0.0,0.00674,0.13537,Nothing,seated
0.272836,23,-0.00383455,-0.211306,0.0,0.0,0.0,0.0,0.0,0.0,0.0,0.0,0.175781,0.0,0.00674,0.13537,Nothing,seated
0.284081,24,-0.00383455,-0.208238,0.0,0.0,0.0,0.0,0.0,0.0,0.0,0.0,0.175781,0.0,0.00674,0.13537,Nothing,seated
0.295342,25,-0.00287611,-0.208238,0.0,0.0,0.0,0.0,0.0,0.0,0.0,0.0,0.175781,0.0,0.00674,0.13537,Nothing,seated
0.306582,26,-0.00287611,-0.208238,0.0,0.0,0.0,0.0,0.0,0.0,0.0,0.0,0.175781,0.0,0.00674,0.13537,Nothing,seated
0.319216,27,-0.00383455,-0.208238,0.0,0.0,0.0,0.0,0.0,0.0,0.0,0.0,0.175781,0.0,0.00674,0.13537,Nothing,seated
0.330518,28,-0.00191719,-0.20632,0.0,0.0,0.0,0.0,0.0,0.0,0.0,0.0,0.175781,0.0,0.00674,0.13537,Nothing,seated
0.345436,29,-0.00191719,-0.211306,0.0,0.0,0.0,0.0,0.0,0.0,0.0,0.0,0.0,-2.86498,0.00674,0.13537,Nothing,seated
0.355707,30,-0.00383455,-0.211306,0.0,0.0,0.0,0.0,0.0,0.0,0.0,0.0,0.0,-2.91196,0.00674,0.13537,Nothing,seated
0.367345,31,-0.00383455,-0.209197,0.0,0.0,0.0,0.0,0.0,0.0,0.0,0.0,0.0,-2.89289,0.00674,0.13537,Nothing,seated
0.379585,32,-0.00287611,-0.209197,0.0,0.0,0.0,0.0,0.0,0.0,0.0,0.0,0.0,-2.91178,0.00674,0.13537,Nothing,seated
0.39108,33,-0.00191719,-0.213224,0.0,0.0,0.0,0.0,0.0,0.0,0.0,0.0,0.0,-2.90249,0.00674,0.13537,Nothing,seated
0.401514,34,-0.00191719,-0.213224,0.0,0.0,0.0,0.0,0.0,0.0,0.0,0.0,0.0,0.0,0.00674,0.13537,Nothing,seated
0.412734,35,-0.00191719,-0.210156,0.0,0.0,0.0,0.0,0.0,0.0,0.0,0.0,0.0,0.0,0.00674,0.13537,Nothing,seated
0.42509,36,-0.00191719,-0.209197,0.0,0.0,0.0,0.0,0.0,0.0,0.0,0.0,0.0,0.0,0.00674,0.13537,Nothing,seated
0.436363,37,-0.00383455,-0.209197,0.0,0.0,0.0,0.0,0.0,0.0,0.0,0.0,0.0,0.0,0.00674,0.13537,Nothing,seated
0.451956,38,-0.00383455,-0.209197,0.0,0.0,0.0,0.0,0.0,0.0,0.0,0.0,0.0,0.0,0.00674,0.13537,Nothing,seated
0.46499,39,-0.00383455,-0.20517,0.0,0.0,0.0,0.0,0.0,0.0,0.0,0.0,0.0,0.0,0.00674,0.13537,Nothing,seated
0.475525,40,-0.00191719,-0.20517,0.0,0.0,0.0,0.0,0.0,0.0,0.0,0.0,0.0,0.0,0.00674,0.13537,Nothing,seated
0.485839,41,-0.00191719,-0.20517,0.0,0.0,0.0,0.0,0.0,0.0,0.0,0.0,0.0,0.0,0.00674,0.13537,Nothing,seated
0.500088,42,-0.00191719,-0.211306,0.0,0.0,0.0,0.0,0.0,0.0,0.0,0.0,0.0,0.0,0.00674,0.13537,Nothing,seated
0.511087,43,-0.00383455,-0.211306,0.0,0.0,0.0,0.0,0.0,0.0,0.0,0.0,0.0,0.0,0.00674,0.13537,Nothing,seated
0.521217,44,-0.00383455,-0.210347,0.0,0.0,0.0,0.0,0.0,0.0,0.0,0.0,0.0,0.0,0.00674,0.13537,Nothing,seated
0.531283,45,-0.000958268,-0.20517,0.0,0.0,0.0,0.0,0.0,0.0,0.0,0.0,0.0,0.0,0.00674,0.13537,Nothing,seated
0.54337,46,-0.000958268,-0.20517,0.0,0.0,0.0,0.0,0.0,0.0,0.0,0.0,0.0,0.0,0.00674,0.13537,Nothing,seated
0.556636,47,-0.000958268,-0.210347,0.0,0.0,0.0,0.0,0.0,0.0,0.0,0.0,0.0,0.0,0.00674,0.13537,Nothing,seated
0.571515,48,-0.000958268,-0.210156,0.0,0.0,0.0,0.0,0.0,0.0,0.0,0.0,0.0,0.0,0.00674,0.13537,Nothing,seated
0.583516,49,1.74846e-07,-0.210156,0.0,0.0,0.0,0.0,0.0,0.0,0.0,0.0,0.0,0.0,0.00674,0.13537,Nothing,seated
0.595518,50,-0.000958268,-0.209197,0.0,0.0,0.0,0.0,0.0,0.0,0.0,0.0,0.0,0.0,0.00674,0.13537,Nothing,seated
0.607338,51,-0.000958268,-0.209197,0.0,0.0,0.0,0.0,0.0,0.0,0.0,0.0,0.0,0.0,0.00674,0.13537,Nothing,seated
0.617833,52,-0.00191719,-0.209197,0.0,0.0,0.0,0.0,0.0,0.0,0.0,0.0,0.0,0.0,0.00674,0.13537,Nothing,seated
0.627909,53,-0.00191719,-0.209197,0.0,0.0,0.0,0.0,0.0,0.0,0.0,0.0,0.0,0.0,0.00674,0.13537,Nothing,seated
0.639714,54,-0.00191719,-0.208238,0.0,0.0,0.0,0.0,0.0,0.0,0.0,0.0,0.0,0.0,0.00674,0.13537,Nothing,seated
0.656018,55,-0.00191719,-0.207279,0.0,0.0,0.0,0.0,0.0,0.0,0.0,0.0,-0.175781,-2.90548,0.00674,0.13537,Nothing,seated
0.666833,56,-0.000958268,-0.207279,0.0,0.0,0.0,0.0,0.0,0.0,0.0,0.0,-0.175781,-2.95454,0.00674,0.13537,Nothing,seated
0.677341,57,-0.000958268,-0.208238,0.0,0.0,0.0,0.0,0.0,0.0,0.0,0.0,-0.175781,-2.95392,0.00674,0.13537,Nothing,seated
0.687464,58,-0.00191719,-0.208238,0.0,0.0,0.0,0.0,0.0,0.0,0.0,0.0,-0.175781,-2.95158,0.00674,0.13537,Nothing,seated
0.699219,59,-0.000958268,-0.20632,0.0,0.0,0.0,0.0,0.0,0.0,0.0,0.0,-0.175781,-2.95406,0.00674,0.13537,Nothing,seated
0.70996,60,-0.000958268,-0.20632,0.0,0.0,0.0,0.0,0.0,0.0,0.0,0.0,-0.175781,0.0,0.00674,0.13537,Nothing,seated
0.720082,61,-0.00191719,-0.209197,0.0,0.0,0.0,0.0,0.0,0.0,0.0,0.0,-0.175781,0.0,0.00674,0.13537,Nothing,seated
0.730339,62,-0.00191719,-0.209197,0.0,0.0,0.0,0.0,0.0,0.0,0.0,0.0,-0.175781,0.0,0.00674,0.13537,Nothing,seated
0.740838,63,-0.00383455,-0.209197,0.0,0.0,0.0,0.0,0.0,0.0,0.0,0.0,-0.175781,0.0,0.00674,0.13537,Nothing,seated
0.755425,64,-0.00383455,-0.208238,0.0,0.0,0.0,0.0,0.0,0.0,0.0,0.0,-0.175781,0.0,0.00674,0.13537,Nothing,seated
0.766841,65,-0.00191719,-0.208238,0.0,0.0,0.0,0.0,0.0,0.0,0.0,0.0,-0.175781,0.0,0.00674,0.13537,Nothing,seated
0.779345,66,1.74846e-07,-0.210347,0.0,0.0,0.0,0.0,0.0,0.0,0.0,0.0,-0.175781,0.0,0.00674,0.13537,Nothing,seated
0.78969,67,1.74846e-07,-0.210347,0.0,0.0,0.0,0.0,0.0,0.0,0.0,0.0,-0.175781,0.0,0.00674,0.13537,Nothing,seated
0.800837,68,-0.00287611,-0.209197,0.0,0.0,0.0,0.0,0.0,0.0,0.0,0.0,-0.175781,0.0,0.00674,0.13537,Nothing,seated
0.81222,69,-0.00287611,-0.209197,0.0,0.0,0.0,0.0,0.0,0.0,0.0,0.0,-0.175781,0.0,0.00674,0.13537,Nothing,seated
0.822974,70,1.74846e-07,-0.210156,0.0,0.0,0.0,0.0,0.0,0.0,0.0,0.0,-0.175781,0.0,0.00674,0.13537,Nothing,seated
0.835338,71,1.74846e-07,-0.209197,0.0,0.0,0.0,0.0,0.0,0.0,0.0,0.0,-0.175781,0.0,0.00674,0.13537,Nothing,seated
0.846085,72,-0.00383455,-0.209197,0.0,0.0,0.0,0.0,0.0,0.0,0.0,0.0,-0.175781,0.0,0.00674,0.13537,Nothing,seated
0.856514,73,-0.00671083,-0.208238,0.0,0.0,0.0,0.0,0.0,0.0,0.0,0.0,-0.175781,0.0,0.00674,0.13537,Nothing,seated
0.867737,74,-0.00671083,-0.208238,0.0,0.0,0.0,0.0,0.0,0.0,0.0,0.0,-0.175781,0.0,0.00674,0.13537,Nothing,seated
0.879086,75,-0.000958268,-0.209197,0.0,0.0,0.0,0.0,0.0,0.0,0.0,0.0,-0.175781,0.0,0.00674,0.13537,Nothing,seated
0.889761,76,-0.000958268,-0.209197,0.0,0.0,0.0,0.0,0.0,0.0,0.0,0.0,-0.175781,0.0,0.00674,0.13537,Nothing,seated
0.900159,77,-0.00575239,-0.210347,0.0,0.0,0.0,0.0,0.0,0.0,0.0,0.0,-0.175781,0.0,0.00674,0.13537,Nothing,seated
0.910961,78,-0.00575239,-0.210347,0.0,0.0,0.0,0.0,0.0,0.0,0.0,0.0,-0.175781,0.0,0.00674,0.13537,Nothing,seated
0.923378,79,-0.00479347,-0.209197,0.0,0.0,0.0,0.0,0.0,0.0,0.0,0.0,-0.175781,0.0,0.00674,0.13537,Nothing,seated
0.934215,80,-0.00479347,-0.209197,0.0,0.0,0.0,0.0,0.0,0.0,0.0,0.0,0.0,3.18854,0.00674,0.13537,Nothing,seated
0.944521,81,-0.00287611,-0.212265,0.0,0.0,0.0,0.0,0.0,0.0,0.0,0.0,0.0,3.21003,0.00674,0.13537,Nothing,seated
0.956961,82,-0.00479347,-0.210347,0.0,0.0,0.0,0.0,0.0,0.0,0.0,0.0,0.0,3.09463,0.00674,0.13537,Nothing,seated
0.969085,83,-0.00479347,-0.210347,0.0,0.0,0.0,0.0,0.0,0.0,0.0,0.0,0.0,3.02425,0.00674,0.13537,Nothing,seated
0.981743,84,-0.00479347,-0.210156,0.0,0.0,0.0,0.0,0.0,0.0,0.0,0.0,0.0,3.01175,0.00674,0.13537,Nothing,seated
0.992941,85,-0.000958268,-0.210156,0.0,0.0,0.0,0.0,0.0,0.0,0.0,0.0,0.0,0.0,0.00674,0.13537,Nothing,seated
1.00344,86,-0.00287611,-0.208238,0.0,0.0,0.0,0.0,0.0,0.0,0.0,0.0,0.0,0.0,0.00674,0.13537,Nothing,seated
1.01709,87,-0.00287611,-0.209197,0.0,0.0,0.0,0.0,0.0,0.0,0.0,0.0,0.0,0.0,0.00674,0.13537,Nothing,seated
1.02784,88,-0.00766975,-0.209197,0.0,0.0,0.0,0.0,0.0,0.0,0.0,0.0,0.0,0.0,0.00674,0.13537,Nothing,seated
1.03908,89,-0.00766975,-0.209197,0.0,0.0,0.0,0.0,0.0,0.0,0.0,0.0,0.0,0.0,0.00674,0.13537,Nothing,seated
1.04966,90,-0.00479347,-0.209197,0.0,0.0,0.0,0.0,0.0,0.0,0.0,0.0,0.0,0.0,0.00674,0.13537,Nothing,seated
1.06243,91,-0.00383455,-0.209197,0.0,0.0,0.0,0.0,0.0,0.0,0.0,0.0,0.0,0.0,0.00674,0.13537,Nothing,seated
1.07359,92,-0.00383455,-0.208238,0.0,0.0,0.0,0.0,0.0,0.0,0.0,0.0,0.0,0.0,0.00674,0.13537,Nothing,seated
1.08708,93,-0.00383455,-0.209197,0.0,0.0,0.0,0.0,0.0,0.0,0.0,0.0,0.0,0.0,0.00674,0.13537,Nothing,seated
1.10343,94,-0.000958268,-0.209197,0.0,0.0,0.0,0.0,0.0,0.0,0.0,0.0,0.0,0.0,0.00674,0.13537,Nothing,seated
1.11443,95,-0.000958268,-0.209197,0.0,0.0,0.0,0.0,0.0,0.0,0.0,0.0,0.0,0.0,0.00674,0.13537,Nothing,seated
1.12509,96,-0.000958268,-0.210156,0.0,0.0,0.0,0.0,0.0,0.0,0.0,0.0,0.0,0.0,0.00674,0.13537,Nothing,seated
1.13684,97,-0.00383455,-0.210156,0.0,0.0,0.0,0.0,0.0,0.0,0.0,0.0,0.0,0.0,0.00674,0.13537,Nothing,seated
1.15174,98,-0.00287611,-0.208238,0.0,0.0,0.0,0.0,0.0,0.0,0.0,0.0,0.0,0.0,0.00674,0.13537,Nothing,seated
1.16322,99,-0.00287611,-0.208238,0.0,0.0,0.0,0.0,0.0,0.0,0.0,0.0,0.0,0.0,0.00674,0.13537,Nothing,seated
1.17384,100,-0.00383455,-0.215333,0.0,0.0,0.0,0.0,0.0,0.0,0.0,0.0,0.0,0.0,0.00674,0.13537,Nothing,seated
1.18929,101,-0.000958268,-0.211306,0.0,0.0,0.0,0.0,0.0,0.0,0.0,0.0,0.0,0.0,0.00674,0.13537,Nothing,seated
1.20196,102,-0.000958268,-0.211306,0.0,0.0,0.0,0.0,0.0,0.0,0.0,0.0,0.0,0.0,0.00674,0.13537,Nothing,seated
1.21344,103,-0.00287611,-0.211306,0.0,0.0,0.0,0.0,0.0,0.0,0.0,0.0,0.0,0.0,0.00674,0.13537,Nothing,seated
1.22621,104,-0.000958268,-0.211306,0.0,0.0,0.0,0.0,0.0,0.0,0.0,0.0,0.0,0.0,0.00674,0.13537,Nothing,seated
1.24362,105,-0.000958268,-0.211306,0.0,0.0,0.0,0.0,0.0,0.0,0.0,0.0,0.175781,2.51904,0.00674,0.13537,Nothing,seated
1.25496,106,-0.00383455,-0.211306,0.0,0.0,0.0,0.0,0.0,0.0,0.0,0.0,0.175781,2.67681,0.00674,0.13537,Nothing,seated
1.26584,107,-0.00383455,-0.208238,0.0,0.0,0.0,0.0,0.0,0.0,0.0,0.0,0.175781,2.75161,0.00674,0.13537,Nothing,seated
1.28009,108,-0.00287611,-0.208238,0.0,0.0,0.0,0.0,0.0,0.0,0.0,0.0,0.175781,2.63734,0.00674,0.13537,Nothing,seated
1.29044,109,-0.00287611,-0.209197,0.0,0.0,0.0,0.0,0.0,0.0,0.0,0.0,0.175781,2.73671,0.00674,0.13537,Nothing,seated
1.30122,110,-0.00287611,-0.209197,0.0,0.0,0.0,0.0,0.0,0.0,0.0,0.0,0.175781,0.0,0.00674,0.13537,Nothing,seated
1.31129,111,-0.00383455,-0.208238,0.0,0.0,0.0,0.0,0.0,0.0,0.0,0.0,0.175781,0.0,0.00674,0.13537,Nothing,seated
1.32346,112,-0.00383455,-0.208238,0.0,0.0,0.0,0.0,0.0,0.0,0.0,0.0,0.175781,0.0,0.00674,0.13537,Nothing,seated
1.33483,113,-0.00191719,-0.210347,0.0,0.0,0.0,0.0,0.0,0.0,0.0,0.0,0.175781,0.0,0.00674,0.13537,Nothing,seated
1.3449,114,-0.00191719,-0.210347,0.0,0.0,0.0,0.0,0.0,0.0,0.0,0.0,0.175781,0.0,0.00674,0.13537,Nothing,seated
1.35508,115,-0.000958268,-0.212265,0.0,0.0,0.0,0.0,0.0,0.0,0.0,0.0,0.175781,0.0,0.00674,0.13537,Nothing,seated
1.36796,116,-0.000958268,-0.209197,0.0,0.0,0.0,0.0,0.0,0.0,0.0,0.0,0.175781,0.0,0.00674,0.13537,Nothing,seated
1.38412,117,-0.000958268,-0.209197,0.0,0.0,0.0,0.0,0.0,0.0,0.0,0.0,0.175781,0.0,0.00674,0.13537,Nothing,seated
1.39743,118,-0.00191719,-0.211306,0.0,0.0,0.0,0.0,0.0,0.0,0.0,0.0,0.175781,0.0,0.00674,0.13537,Nothing,seated
1.40822,119,-0.00191719,-0.209197,0.0,0.0,0.0,0.0,0.0,0.0,0.0,0.0,0.175781,0.0,0.00674,0.13537,Nothing,seated
1.42022,120,0.00115078,-0.209197,0.0,0.0,0.0,0.0,0.0,0.0,0.0,0.0,0.175781,0.0,0.00674,0.13537,Nothing,seated
1.43143,121,-0.000958268,-0.210347,0.0,0.0,0.0,0.0,0.0,0.0,0.0,0.0,0.175781,0.0,0.00674,0.13537,Nothing,seated
1.44509,122,-0.000958268,-0.209197,0.0,0.0,0.0,0.0,0.0,0.0,0.0,0.0,0.175781,0.0,0.00674,0.13537,Nothing,seated
1.45716,123,-0.00383455,-0.209197,0.0,0.0,0.0,0.0,0.0,0.0,0.0,0.0,0.175781,0.0,0.00674,0.13537,Nothing,seated
1.46784,124,-0.00383455,-0.208238,0.0,0.0,0.0,0.0,0.0,0.0,0.0,0.0,0.175781,0.0,0.00674,0.13537,Nothing,seated
1.48074,125,-0.00383455,-0.208238,0.0,0.0,0.0,0.0,0.0,0.0,0.0,0.0,0.175781,0.0,0.00674,0.13537,Nothing,seated
1.49422,126,-0.00191719,-0.209197,0.0,0.0,0.0,0.0,0.0,0.0,0.0,0.0,0.175781,0.0,0.00674,0.13537,Nothing,seated
1.50483,127,-0.00191719,-0.209197,0.0,0.0,0.0,0.0,0.0,0.0,0.0,0.0,0.175781,0.0,0.00674,0.13537,Nothing,seated
1.51574,128,-0.000958268,-0.208238,0.0,0.0,0.0,0.0,0.0,0.0,0.0,0.0,0.175781,0.0,0.00674,0.13537,Nothing,seated
1.52709,129,-0.000958268,-0.213224,0.0,0.0,0.0,0.0,0.0,0.0,0.0,0.0,0.175781,0.0,0.00674,0.13537,Nothing,seated
1.53734,130,-0.00383455,-0.213224,0.0,0.0,0.0,0.0,0.0,0.0,0.0,0.0,0.351562,3.10551,0.00674,0.13537,Nothing,seated
1.54796,131,-0.00383455,-0.213224,0.0,0.0,0.0,0.0,0.0,0.0,0.0,0.0,0.351562,3.27065,0.00674,0.13537,Nothing,seated
1.55944,132,-0.000958268,-0.208238,0.0,0.0,0.0,0.0,0.0,0.0,0.0,0.0,0.351562,3.21903,0.00674,0.13537,Nothing,seated
1.57352,133,-0.000958268,-0.208238,0.0,0.0,0.0,0.0,0.0,0.0,0.0,0.0,0.351562,3.04236,0.00674,0.13537,Nothing,seated
1.58583,134,-0.000958268,-0.209197,0.0,0.0,0.0,0.0,0.0,0.0,0.0,0.0,0.351562,2.99222,0.00674,0.13537,Nothing,seated
1.60034,135,-0.000958268,-0.209197,0.0,0.0,0.0,0.0,0.0,0.0,0.0,0.0,0.351562,0.0,0.00674,0.13537,Nothing,seated
1.6125,136,-0.000958268,-0.213224,0.0,0.0,0.0,0.0,0.0,0.0,0.0,0.0,0.351562,0.0,0.00674,0.13537,Nothing,seated
1.63084,137,1.74846e-07,-0.209197,0.0,0.0,0.0,0.0,0.0,0.0,0.0,0.0,0.351562,0.0,0.00674,0.13537,Nothing,seated
1.64931,138,-0.00287611,-0.209197,0.0,0.0,0.0,0.0,0.0,0.0,0.0,0.0,0.351562,0.0,0.00674,0.13537,Nothing,seated
1.66035,139,-0.00191719,-0.210156,0.0,0.0,0.0,0.0,0.0,0.0,0.0,0.0,0.351562,0.0,0.00674,0.13537,Nothing,seated
1.67071,140,-0.00191719,-0.210156,0.0,0.0,0.0,0.0,0.0,0.0,0.0,0.0,0.351562,0.0,0.00674,0.13537,Nothing,seated
1.68434,141,-0.00191719,-0.212265,0.0,0.0,0.0,0.0,0.0,0.0,0.0,0.0,0.351562,0.0,0.00674,0.13537,Nothing,seated
1.69584,142,-0.00191719,-0.212265,0.0,0.0,0.0,0.0,0.0,0.0,0.0,0.0,0.351562,0.0,0.00674,0.13537,Nothing,seated
1.70672,143,-0.0097788,-0.208238,0.0,0.0,0.0,0.0,0.0,0.0,0.0,0.0,0.351562,0.0,0.00674,0.13537,Nothing,seated
1.71675,144,-0.0097788,-0.208238,0.0,0.0,0.0,0.0,0.0,0.0,0.0,0.0,0.351562,0.0,0.00674,0.13537,Nothing,seated
1.72682,145,-0.00479347,-0.209197,0.0,0.0,0.0,0.0,0.0,0.0,0.0,0.0,0.351562,0.0,0.00674,0.13537,Nothing,seated
1.7371,146,-0.00479347,-0.209197,0.0,0.0,0.0,0.0,0.0,0.0,0.0,0.0,0.351562,0.0,0.00674,0.13537,Nothing,seated
1.74712,147,-0.00479347,-0.208238,0.0,0.0,0.0,0.0,0.0,0.0,0.0,0.0,0.351562,0.0,0.00674,0.13537,Nothing,seated
1.76034,148,-0.00479347,-0.207279,0.0,0.0,0.0,0.0,0.0,0.0,0.0,0.0,0.351562,0.0,0.00674,0.13537,Nothing,seated
1.77074,149,-0.00287611,-0.207279,0.0,0.0,0.0,0.0,0.0,0.0,0.0,0.0,0.351562,0.0,0.00674,0.13537,Nothing,seated
1.78284,150,-0.000958268,-0.213224,0.0,0.0,0.0,0.0,0.0,0.0,0.0,0.0,0.351562,0.0,0.00674,0.13537,Nothing,seated
1.79371,151,-0.000958268,-0.213224,0.0,0.0,0.0,0.0,0.0,0.0,0.0,0.0,0.351562,0.0,0.00674,0.13537,Nothing,seated
1.80522,152,-0.00575239,-0.208238,0.0,0.0,0.0,0.0,0.0,0.0,0.0,0.0,0.351562,0.0,0.00674,0.13537,Nothing,seated
1.81571,153,-0.00575239,-0.210347,0.0,0.0,0.0,0.0,0.0,0.0,0.0,0.0,0.351562,0.0,0.00674,0.13537,Nothing,seated
1.82839,154,-0.0097788,-0.210347,0.0,0.0,0.0,0.0,0.0,0.0,0.0,0.0,0.351562,0.0,0.00674,0.13537,Nothing,seated
1.83996,155,-0.00383455,-0.213224,0.0,0.0,0.0,0.0,0.0,0.0,0.0,0.0,0.351562,0.0,0.00674,0.13537,Nothing,seated
1.85073,156,-0.00383455,-0.213224,0.0,0.0,0.0,0.0,0.0,0.0,0.0,0.0,0.351562,0.0,0.00674,0.13537,Nothing,seated
1.86222,157,-0.00575239,-0.207279,0.0,0.0,0.0,0.0,0.0,0.0,0.0,0.0,0.527344,3.08394,0.00674,0.13537,Nothing,seated
1.87321,158,-0.00575239,-0.207279,0.0,0.0,0.0,0.0,0.0,0.0,0.0,0.0,0.527344,3.05686,0.00674,0.13537,Nothing,seated
1.88674,159,-0.00287611,-0.211306,0.0,0.0,0.0,0.0,0.0,0.0,0.0,0.0,0.527344,3.01238,0.00674,0.13537,Nothing,seated
1.89974,160,-0.00287611,-0.209197,0.0,0.0,0.0,0.0,0.0,0.0,0.0,0.0,0.527344,2.94023,0.00674,0.13537,Nothing,seated
1.91174,161,-0.00287611,-0.209197,0.0,0.0,0.0,0.0,0.0,0.0,0.0,0.0,0.527344,2.88114,0.00674,0.13537,Nothing,seated
1.92298,162,-0.00191719,-0.213224,0.0,0.0,0.0,0.0,0.0,0.0,0.0,0.0,0.527344,0.0,0.00674,0.13537,Nothing,seated
1.93343,163,-0.00191719,-0.213224,0.0,0.0,0.0,0.0,0.0,0.0,0.0,0.0,0.527344,0.0,0.00674,0.13537,Nothing,seated
1.94384,164,-0.00287611,-0.208238,0.0,0.0,0.0,0.0,0.0,0.0,0.0,0.0,0.527344,0.0,0.00674,0.13537,Nothing,seated
1.95391,165,-0.00287611,-0.208238,0.0,0.0,0.0,0.0,0.0,0.0,0.0,0.0,0.527344,0.0,0.00674,0.13537,Nothing,seated
1.96397,166,-0.00479347,-0.211306,0.0,0.0,0.0,0.0,0.0,0.0,0.0,0.0,0.527344,0.0,0.00674,0.13537,Nothing,seated
1.97584,167,-0.00479347,-0.208238,0.0,0.0,0.0,0.0,0.0,0.0,0.0,0.0,0.527344,0.0,0.00674,0.13537,Nothing,seated
1.98871,168,-0.00287611,-0.208238,0.0,0.0,0.0,0.0,0.0,0.0,0.0,0.0,0.527344,0.0,0.00674,0.13537,Nothing,seated
1.99952,169,-0.00287611,-0.211306,0.0,0.0,0.0,0.0,0.0,0.0,0.0,0.0,0.527344,0.0,0.00674,0.13537,Nothing,seated
2.01022,170,-0.00287611,-0.211306,0.0,0.0,0.0,0.0,0.0,0.0,0.0,0.0,0.527344,0.0,0.00674,0.13537,Nothing,seated
2.02174,171,0.00115078,-0.212265,0.0,0.0,0.0,0.0,0.0,0.0,0.0,0.0,0.527344,0.0,0.00674,0.13537,Nothing,seated
2.03443,172,0.00115078,-0.212265,0.0,0.0,0.0,0.0,0.0,0.0,0.0,0.0,0.527344,0.0,0.00674,0.13537,Nothing,seated
2.04522,173,-0.00287611,-0.210347,0.0,0.0,0.0,0.0,0.0,0.0,0.0,0.0,0.527344,0.0,0.00674,0.13537,Nothing,seated
2.05529,174,-0.00287611,-0.210347,0.0,0.0,0.0,0.0,0.0,0.0,0.0,0.0,0.527344,0.0,0.00674,0.13537,Nothing,seated
2.06596,175,-0.00575239,-0.213224,0.0,0.0,0.0,0.0,0.0,0.0,0.0,0.0,0.527344,0.0,0.00674,0.13537,Nothing,seated
2.07603,176,-0.00575239,-0.213224,0.0,0.0,0.0,0.0,0.0,0.0,0.0,0.0,0.527344,0.0,0.00674,0.13537,Nothing,seated
2.08644,177,-0.00479347,-0.213224,0.0,0.0,0.0,0.0,0.0,0.0,0.0,0.0,0.527344,0.0,0.00674,0.13537,Nothing,seated
