0.00178313,0,-1.93518,-0.229922,-9.41722,0.0,0.0,0.0,0.0,0.0,0.0,0.0,0.527344,0.0,0.00674,0.13537,None,seated
0.0202401,1,-1.9256,-0.220342,-9.40764,0.0,0.0,0.0,0.0,0.0,0.0,0.0,0.527344,0.0,0.00674,0.13537,Start,extended
0.03635,2,-1.9256,-0.258662,-9.41722,0.0,0.0,0.0,0.0,0.0,0.0,0.0,0.527344,0.0,0.00674,0.13537,Start,extended
0.052285,3,-1.95434,-0.258662,-9.3789,0.0,0.0,0.0,0.0,0.0,0.0,0.0,0.527344,0.0,0.00674,0.13537,Start,extended
0.068177,4,-1.93518,-0.220342,-9.3789,0.0,0.0,0.0,0.0,0.0,0.0,0.0,0.527344,0.0,0.00674,0.13537,Start,extended
0.085151,5,-1.93518,-0.229922,-9.39806,0.0,0.0,0.0,0.0,0.0,0.0,0.0,0.527344,0.0,0.00674,0.13537,Start,extended
0.100295,6,-1.95434,-0.258662,-9.40764,0.0,0.0,0.0,0.0,0.0,0.0,0.0,0.527344,0.0,0.00674,0.13537,Start,extended
0.119192,7,-1.95434,-0.258662,-9.41722,0.0,0.0,0.0,0.0,0.0,0.0,0.0,0.527344,0.0,0.00674,0.13537,Start,extended
0.147175,8,-1.94476,-0.249082,-9.41722,0.0,0.0,0.0,0.0,0.0,0.0,0.0,0.527344,0.0,0.00674,0.13537,Start,extended
0.162414,9,-1.9256,-0.239502,-9.4268,0.0,0.0,0.0,0.0,0.0,0.0,0.0,0.527344,0.0,0.00674,0.13537,Start,extended
0.184171,10,-1.96392,-0.249082,-9.4268,0.0,0.0,0.0,0.0,0.0,0.0,0.0,0.527344,0.0,0.00674,0.13537,Start,extended
0.202194,11,-1.93518,-0.258662,-9.43638,0.0,0.0,0.0,0.0,0.0,0.0,0.0,0.527344,0.0,0.00674,0.13537,Start,extended
0.218206,12,-1.93518,-0.258662,-9.44596,0.0,0.0,0.0,0.0,0.0,0.0,0.0,0.527344,0.0,0.00674,0.13537,Start,extended
0.235176,13,-1.94476,-0.258662,-9.41722,0.0,0.0,0.0,0.0,0.0,0.0,0.0,0.527344,0.0,0.00674,0.13537,Start,extended
0.251211,14,-1.95434,-0.249082,-9.41722,0.0,0.0,0.0,0.0,0.0,0.0,0.0,0.527344,0.0,0.00674,0.13537,Start,extended
0.269175,15,-1.95434,-0.258662,-9.40764,0.0,0.0,0.0,0.0,0.0,0.0,0.0,0.527344,0.0,0.00674,0.13537,Start,extended
0.287191,16,-1.91602,-0.258662,-9.40764,0.0,0.0,0.0,0.0,0.0,0.0,0.0,0.527344,0.0,0.00674,0.13537,Start,extended
0.303165,17,-1.9256,-0.258662,-9.40764,0.0,0.0,0.0,0.0,0.0,0.0,0.0,0.527344,0.0,0.00674,0.13537,Start,extended
0.31915,18,-1.9256,-0.268242,-9.4268,0.0,0.0,0.0,0.0,0.0,0.0,0.0,0.527344,0.0,0.00674,0.13537,Start,extended
0.335207,19,-1.91602,-0.249082,-9.41722,0.0,0.0,0.0,0.0,0.0,0.0,0.0,0.527344,0.0,0.00674,0.13537,Start,extended
0.356158,20,-1.93518,-0.258662,-9.39806,0.0,0.0,0.0,0.0,0.0,0.0,0.0,0.527344,0.0,0.00674,0.13537,Start,extended
0.372138,21,-1.94476,-0.249082,-9.39806,0.0,0.0,0.0,0.0,0.0,0.0,0.0,0.703125,2.06931,0.00674,0.13537,Start,extended
0.393206,22,-1.93518,-0.249082,-9.40764,0.0,0.0,0.0,0.0,0.0,0.0,0.0,0.703125,1.95223,0.00674,0.13537,Start,extended
0.408226,23,-1.9256,-0.239502,-9.40764,0.0,0.0,0.0,0.0,0.0,0.0,0.0,0.703125,1.97338,0.00674,0.13537,Start,extended
0.424266,24,-1.91602,-0.296982,-9.39806,0.0,0.0,0.0,0.0,0.0,0.0,0.0,0.703125,1.97376,0.00674,0.13537,Start,extended
0.438182,25,-1.95434,-0.258662,-9.4268,0.0,0.0,0.0,0.0,0.0,0.0,0.0,0.703125,2.14304,0.00674,0.13537,Start,extended
0.455213,26,-1.95434,-0.268242,-9.41722,0.0,0.0,0.0,0.0,0.0,0.0,0.0,0.703125,0.0,0.00674,0.13537,Start,extended
0.471238,27,-1.99266,-0.268242,-9.39806,0.0,0.0,0.0,0.0,0.0,0.0,0.0,0.703125,0.0,0.00674,0.13537,Start,extended
0.4912,28,-1.9735,-0.229922,-9.40764,0.0,0.0,0.0,0.0,0.0,0.0,0.0,0.703125,0.0,0.00674,0.13537,Start,extended
0.511196,29,-1.93518,-0.220342,-9.39806,0.0,0.0,0.0,0.0,0.0,0.0,0.0,0.703125,0.0,0.00674,0.13537,Start,extended
0.53119,30,-1.91602,-0.220342,-9.39806,0.0,0.0,0.0,0.0,0.0,0.0,0.0,0.703125,0.0,0.00674,0.13537,Start,extended
0.547225,31,-1.95434,-0.220342,-9.44596,0.0,0.0,0.0,0.0,0.0,0.0,0.0,0.703125,0.0,0.00674,0.13537,Start,extended
0.562217,32,-1.93518,-0.229922,-9.4268,0.0,0.0,0.0,0.0,0.0,0.0,0.0,0.703125,0.0,0.00674,0.13537,Start,extended
0.581221,33,-1.9735,-0.191602,-9.40764,0.0,0.0,0.0,0.0,0.0,0.0,0.0,0.703125,0.0,0.00674,0.13537,Start,extended
0.597238,34,-1.9735,-0.229922,-9.4268,0.0,0.0,0.0,0.0,0.0,0.0,0.0,0.703125,0.0,0.00674,0.13537,Start,extended
0.617168,35,-1.94476,-0.191602,-9.40764,0.0,0.0,0.0,0.0,0.0,0.0,0.0,0.703125,0.0,0.00674,0.13537,Start,extended
0.636167,36,-1.90644,-0.172441,-9.39806,0.0,0.0,0.0,0.0,0.0,0.0,0.0,0.703125,0.0,0.00674,0.13537,Start,extended
0.662157,37,-1.96392,-0.182021,-9.43638,0.0,0.0,0.0,0.0,0.0,0.0,0.0,0.703125,0.0,0.00674,0.13537,Start,extended
0.677227,38,-1.96392,-0.182021,-9.39806,0.0,0.0,0.0,0.0,0.0,0.0,0.0,0.703125,0.0,0.00674,0.13537,Start,extended
0.695175,39,-1.94476,-0.201182,-9.41722,0.0,0.0,0.0,0.0,0.0,0.0,0.0,0.703125,0.0,0.00674,0.13537,Start,extended
0.712274,40,-1.96392,-0.191602,-9.43638,0.0,0.0,0.0,0.0,0.0,0.0,0.0,0.703125,0.0,0.00674,0.13537,Start,extended
0.736159,41,-1.9256,-0.191602,-9.39806,0.0,0.0,0.0,0.0,0.0,0.0,0.0,0.703125,0.0,0.00674,0.13537,Start,extended
0.752175,42,-1.93518,-0.191602,-9.39806,0.0,0.0,0.0,0.0,0.0,0.0,0.0,0.703125,0.0,0.00674,0.13537,Start,extended
0.769182,43,-1.96392,-0.210762,-9.39806,0.0,0.0,0.0,0.0,0.0,0.0,0.0,0.703125,0.0,0.00674,0.13537,Start,extended
0.784277,44,-1.9256,-0.182021,-9.39806,0.0,0.0,0.0,0.0,0.0,0.0,0.0,0.703125,0.0,0.00674,0.13537,Start,extended
0.801179,45,-1.93518,-0.229922,-9.41722,0.0,0.0,0.0,0.0,0.0,0.0,0.0,0.703125,0.0,0.00674,0.13537,Start,extended
0.815154,46,-1.93518,-0.201182,-9.41722,0.0,0.0,0.0,0.0,0.0,0.0,0.0,0.703125,0.0,0.00674,0.13537,Start,extended
0.832189,47,-1.93518,-0.201182,-9.46512,0.0,0.0,0.0,0.0,0.0,0.0,0.0,0.703125,0.0,0.00674,0.13537,Start,extended
0.848209,48,-1.93518,-0.210762,-9.46512,0.0,0.0,0.0,0.0,0.0,0.0,0.0,0.703125,0.0,0.00674,0.13537,Start,extended
0.863269,49,-1.96392,-0.239502,-9.39806,0.0,0.0,0.0,0.0,0.0,0.0,0.0,0.703125,0.0,0.00674,0.13537,Start,extended
0.878214,50,-1.96392,-0.239502,-9.39806,0.0,0.0,0.0,0.0,0.0,0.0,0.0,0.703125,0.0,0.00674,0.13537,Start,extended
0.896231,51,-1.96392,-0.239502,-9.40764,0.0,0.0,0.0,0.0,0.0,0.0,0.0,0.703125,0.0,0.00674,0.13537,Start,extended
0.912236,52,-1.95434,-0.249082,-9.40764,0.0,0.0,0.0,0.0,0.0,0.0,0.0,0.703125,0.0,0.00674,0.13537,Start,extended
0.933925,53,-1.9256,-0.249082,-9.41722,0.0,0.0,0.0,0.0,0.0,0.0,0.0,0.703125,0.0,0.00674,0.13537,Start,extended
0.948171,54,-1.9256,-0.249082,-9.41722,0.0,0.0,0.0,0.0,0.0,0.0,0.0,0.703125,0.0,0.00674,0.13537,Start,extended
0.962265,55,-1.9256,-0.220342,-9.39806,0.0,0.0,0.0,0.0,0.0,0.0,0.0,0.703125,0.0,0.00674,0.13537,Start,extended
0.977204,56,-1.93518,-0.220342,-9.4268,0.0,0.0,0.0,0.0,0.0,0.0,0.0,0.703125,0.0,0.00674,0.13537,Start,extended
0.991287,57,-1.9735,-0.239502,-9.4268,0.0,0.0,0.0,0.0,0.0,0.0,0.0,0.703125,0.0,0.00674,0.13537,Start,extended
1.00826,58,-1.94476,-0.210762,-9.4268,0.0,0.0,0.0,0.0,0.0,0.0,0.0,0.703125,0.0,0.00674,0.13537,Start,seated
1.02218,59,-1.91602,-0.249082,-9.4268,0.0,0.0,0.0,0.0,0.0,0.0,0.0,0.703125,0.0,0.00674,0.13537,Start,seated
1.03825,60,-1.91602,-0.249082,-9.4268,0.0,0.0,0.0,0.0,0.0,0.0,0.0,0.703125,0.0,0.00674,0.13537,Start,seated
1.05423,61,-1.91602,-0.249082,-9.4268,0.0,0.0,0.0,0.0,0.0,0.0,0.0,0.703125,0.0,0.00674,0.13537,Start,seated
1.06817,62,-1.93518,-0.239502,-9.44596,0.0,0.0,0.0,0.0,0.0,0.0,0.0,0.703125,0.0,0.00674,0.13537,Start,seated
1.08414,63,-1.9735,-0.229922,-9.39806,0.0,0.0,0.0,0.0,0.0,0.0,0.0,0.703125,0.0,0.00674,0.13537,Start,seated
1.09819,64,-1.9735,-0.277822,-9.4268,0.0,0.0,0.0,0.0,0.0,0.0,0.0,0.703125,0.0,0.00674,0.13537,Start,seated
1.11915,65,-1.94476,-0.287402,-9.40764,0.0,0.0,0.0,0.0,0.0,0.0,0.0,0.703125,0.0,0.00674,0.13537,Start,seated
1.13816,66,-1.94476,-0.277822,-9.331,0.0,0.0,0.0,0.0,0.0,0.0,0.0,0.703125,0.0,0.00674,0.13537,Start,seated
1.15421,67,-1.82021,-0.277822,-9.58008,0.0,0.0,0.0,0.0,0.0,0.0,0.0,0.703125,0.0,0.00674,0.13537,Start,seated
1.17123,68,-1.94476,-0.306563,-9.58008,0.0,0.0,0.0,0.0,0.0,0.0,0.0,0.703125,0.0,0.00674,0.13537,Start,seated
1.18919,69,-2.03098,-0.316143,-9.5226,0.0,0.0,0.0,0.0,0.0,0.0,0.0,0.703125,0.0,0.00674,0.13537,Start,seated
1.21115,70,-2.03098,-0.306563,-9.5226,0.0,0.0,0.0,0.0,0.0,0.0,0.0,0.703125,0.0,0.00674,0.13537,Start,seated
1.22818,71,-1.99266,-0.277822,-9.35974,0.0,0.0,0.0,0.0,0.0,0.0,0.0,0.703125,0.0,0.00674,0.13537,Start,seated
1.24422,72,-1.96392,-0.229922,-9.39806,0.0,0.0,0.0,0.0,0.0,0.0,0.0,0.527344,-1.9528,0.00674,0.13537,Start,seated
1.26123,73,-1.96392,-0.229922,-9.43638,0.0,0.0,0.0,0.0,0.0,0.0,0.0,0.527344,-1.95306,0.00674,0.13537,Start,seated
1.27523,74,-1.91602,-0.229922,-9.43638,0.0,0.0,0.0,0.0,0.0,0.0,0.0,0.527344,-2.04306,0.00674,0.13537,Start,seated
1.2922,75,-1.90644,-0.306563,-9.39806,0.0,0.0,0.0,0.0,0.0,0.0,0.0,0.527344,-2.16869,0.00674,0.13537,Start,seated
1.31238,76,-1.93518,-0.239502,-9.39806,0.0,0.0,0.0,0.0,0.0,0.0,0.0,0.527344,-2.08769,0.00674,0.13537,Start,seated
1.32917,77,-1.9256,-0.249082,-9.40764,0.0,0.0,0.0,0.0,0.0,0.0,0.0,0.527344,0.0,0.00674,0.13537,Start,seated
1.34523,78,-1.8777,-0.249082,-9.41722,0.0,0.0,0.0,0.0,0.0,0.0,0.0,0.527344,0.0,0.00674,0.13537,Start,seated
1.35919,79,-1.8777,-0.182021,-9.35974,0.0,0.0,0.0,0.0,0.0,0.0,0.0,0.527344,0.0,0.00674,0.13537,Start,seated
1.37518,80,-1.96392,-0.182021,-9.39806,0.0,0.0,0.0,0.0,0.0,0.0,0.0,0.527344,0.0,0.00674,0.13537,Start,seated
1.39126,81,-1.95434,-0.210762,-9.39806,0.0,0.0,0.0,0.0,0.0,0.0,0.0,0.527344,0.0,0.00674,0.13537,Start,seated
1.40819,82,-1.90644,-0.210762,-9.40764,0.0,0.0,0.0,0.0,0.0,0.0,0.0,0.527344,0.0,0.00674,0.13537,Start,seated
1.42326,83,-1.91602,-0.191602,-9.48428,0.0,0.0,0.0,0.0,0.0,0.0,0.0,0.527344,0.0,0.00674,0.13537,Start,seated
1.4432,84,-1.94476,-0.191602,-9.4268,0.0,0.0,0.0,0.0,0.0,0.0,0.0,0.527344,0.0,0.00674,0.13537,Start,seated
1.45851,85,-1.94476,-0.220342,-9.40764,0.0,0.0,0.0,0.0,0.0,0.0,0.0,0.527344,0.0,0.00674,0.13537,Start,seated
1.47527,86,-1.91602,-0.220342,-9.39806,0.0,0.0,0.0,0.0,0.0,0.0,0.0,0.527344,0.0,0.00674,0.13537,Start,seated
1.49218,87,-1.8777,-0.239502,-9.39806,0.0,0.0,0.0,0.0,0.0,0.0,0.0,0.527344,0.0,0.00674,0.13537,Start,seated
1.50824,88,-1.8777,-0.210762,-9.40764,0.0,0.0,0.0,0.0,0.0,0.0,0.0,0.527344,0.0,0.00674,0.13537,Start,seated
1.52321,89,-1.9735,-0.210762,-9.43638,0.0,0.0,0.0,0.0,0.0,0.0,0.0,0.527344,0.0,0.00674,0.13537,Start,seated
1.53915,90,-1.9735,-0.220342,-9.43638,0.0,0.0,0.0,0.0,0.0,0.0,0.0,0.527344,0.0,0.00674,0.13537,Start,seated
1.55517,91,-1.93518,-0.220342,-9.43638,0.0,0.0,0.0,0.0,0.0,0.0,0.0,0.527344,0.0,0.00674,0.13537,Start,seated
1.57324,92,-1.95434,-0.210762,-9.43638,0.0,0.0,0.0,0.0,0.0,0.0,0.0,0.527344,0.0,0.00674,0.13537,Start,seated
1.59316,93,-1.91602,-0.182021,-9.41722,0.0,0.0,0.0,0.0,0.0,0.0,0.0,0.527344,0.0,0.00674,0.13537,Start,seated
1.6093,94,-1.8777,-0.134121,-9.331,0.0,0.0,0.0,0.0,0.0,0.0,0.0,0.527344,0.0,0.00674,0.13537,Start,seated
1.62427,95,-1.8777,-0.210762,-9.45554,0.0,0.0,0.0,0.0,0.0,0.0,0.0,0.527344,0.0,0.00674,0.13537,Start,seated
1.63818,96,-1.90644,-0.287402,-9.56092,0.0,0.0,0.0,0.0,0.0,0.0,0.0,0.527344,0.0,0.00674,0.13537,Start,seated
1.65722,97,-1.95434,-0.287402,-9.56092,0.0,0.0,0.0,0.0,0.0,0.0,0.0,0.527344,0.0,0.00674,0.13537,Start,seated
1.67227,98,-1.94476,-0.210762,-9.50344,0.0,0.0,0.0,0.0,0.0,0.0,0.0,0.527344,0.0,0.00674,0.13537,Start,seated
1.68837,99,-1.80105,-0.182021,-9.36932,0.0,0.0,0.0,0.0,0.0,0.0,0.0,0.527344,0.0,0.00674,0.13537,Start,seated
1.70218,100,-1.80105,-0.306563,-9.45554,0.0,0.0,0.0,0.0,0.0,0.0,0.0,0.527344,0.0,0.00674,0.13537,Start,seated
1.72018,101,-1.76273,-0.277822,-9.50344,0.0,0.0,0.0,0.0,0.0,0.0,0.0,0.527344,0.0,0.00674,0.13537,Start,seated
1.73619,102,-1.62861,-0.277822,-9.4268,0.0,0.0,0.0,0.0,0.0,0.0,0.0,0.527344,0.0,0.00674,0.13537,Start,seated
1.75222,103,-1.52323,-0.249082,-9.4268,0.0,0.0,0.0,0.0,0.0,0.0,0.0,0.527344,0.0,0.00674,0.13537,Start,seated
1.76726,104,-1.47533,-0.325723,-9.48428,0.0,0.0,0.0,0.0,0.0,0.0,0.0,0.527344,0.0,0.00674,0.13537,Start,seated
1.78116,105,-1.47533,-0.344883,-9.60882,0.0,0.0,0.0,0.0,0.0,0.0,0.0,0.527344,0.0,0.00674,0.13537,Start,seated
1.79523,106,-1.40827,-0.344883,-9.60882,0.0,0.0,0.0,0.0,0.0,0.0,0.0,0.527344,0.0,0.00674,0.13537,Start,seated
1.81122,107,-1.38911,-0.220342,-9.6184,0.0,0.0,0.0,0.0,0.0,0.0,0.0,0.703125,2.343,0.00674,0.13537,Start,seated
1.82722,108,-1.39869,-0.201182,-9.4747,0.0,0.0,0.0,0.0,0.0,0.0,0.0,0.703125,2.34366,0.00674,0.13537,Start,seated
1.84221,109,-1.38911,-0.258662,-9.45554,0.0,0.0,0.0,0.0,0.0,0.0,0.0,0.703125,2.34506,0.00674,0.13537,Start,seated
1.86219,110,-1.38911,-0.172441,-9.51302,0.0,0.0,0.0,0.0,0.0,0.0,0.0,0.703125,2.16926,0.00674,0.13537,Start,seated
1.8822,111,-1.36995,-0.134121,-9.62798,0.0,0.0,0.0,0.0,0.0,0.0,0.0,0.878906,4.0422,0.00674,0.13537,Start,seated
1.89618,112,-1.55197,-0.134121,-9.62798,0.0,0.0,0.0,0.0,0.0,0.0,0.0,0.878906,2.06897,0.00674,0.13537,Start,seated
1.91016,113,-1.49449,-0.191602,-9.68546,0.0,0.0,0.0,0.0,0.0,0.0,0.0,0.878906,2.11925,0.00674,0.13537,Start,seated
1.93024,114,-1.34121,-0.191602,-9.5705,0.0,0.0,0.0,0.0,0.0,0.0,0.0,1.05469,3.99367,0.00674,0.13537,Start,seated
1.9482,115,-1.27415,-0.172441,-9.5226,0.0,0.0,0.0,0.0,0.0,0.0,0.0,1.23047,6.13141,0.00674,0.13537,Start,seated
1.97014,116,-1.13045,-0.229922,-9.58966,0.0,0.0,0.0,0.0,0.0,0.0,0.0,1.23047,3.99811,0.00674,0.13537,Start,seated
1.98419,117,-1.13045,-0.210762,-9.59924,0.0,0.0,0.0,0.0,0.0,0.0,0.0,1.40625,5.99173,0.00674,0.13537,Start,seated
2.00024,118,-1.05381,-0.210762,-9.63756,0.0,0.0,0.0,0.0,0.0,0.0,0.0,1.40625,5.85431,0.00674,0.13537,Start,seated
2.01418,119,-1.08255,-0.191602,-9.67588,0.0,0.0,0.0,0.0,0.0,0.0,0.0,1.58203,6.2829,0.00674,0.13537,Start,seated
2.03416,120,-1.03465,-0.210762,-9.67588,0.0,0.0,0.0,0.0,0.0,0.0,0.0,1.75781,6.13475,0.00674,0.13537,Start,seated
2.04816,121,-1.07297,-0.220342,-9.60882,0.0,0.0,0.0,0.0,0.0,0.0,0.0,1.93359,9.01144,0.00674,0.13537,Start,seated
2.07013,122,-1.03465,-0.210762,-9.68546,0.0,0.0,0.0,0.0,0.0,0.0,0.0,2.10938,8.18157,0.00674,0.13537,Start,seated
2.08721,123,-0.996328,-0.229922,-9.69504,0.0,0.0,0.0,0.0,0.0,0.0,0.0,2.10938,8.08496,0.00674,0.13537,Start,seated
2.10224,124,-0.996328,-0.268242,-9.6184,0.0,0.0,0.0,0.0,0.0,0.0,0.0,2.28516,7.98479,0.00674,0.13537,Start,seated
2.1162,125,-1.03465,-0.268242,-9.6184,0.0,0.0,0.0,0.0,0.0,0.0,0.0,2.46094,8.57031,0.00674,0.13537,Start,seated
2.13226,126,-1.08255,-0.249082,-9.60882,0.0,0.0,0.0,0.0,0.0,0.0,0.0,2.63672,8.36077,0.00674,0.13537,Start,seated
2.14721,127,-1.13045,-0.249082,-9.6663,0.0,0.0,0.0,0.0,0.0,0.0,0.0,2.63672,6.84151,0.00674,0.13537,Start,seated
2.16418,128,-1.13045,-0.316143,-9.65672,0.0,0.0,0.0,0.0,0.0,0.0,0.0,2.8125,9.13445,0.00674,0.13537,Start,seated
2.17829,129,-1.11129,-0.316143,-9.58966,0.0,0.0,0.0,0.0,0.0,0.0,0.0,2.98828,9.24506,0.00674,0.13537,Start,seated
2.19424,130,-1.18793,-0.277822,-9.58966,0.0,0.0,0.0,0.0,0.0,0.0,0.0,3.16406,9.00982,0.00674,0.13537,Start,seated
2.21123,131,-1.14961,-0.296982,-9.63756,0.0,0.0,0.0,0.0,0.0,0.0,0.0,3.33984,8.90346,0.00674,0.13537,Start,seated
2.23024,132,-1.08255,-0.258662,-9.65672,0.0,0.0,0.0,0.0,0.0,0.0,0.0,3.51562,10.5859,0.00674,0.13537,Start,seated
2.24426,133,-1.08255,-0.277822,-9.64714,0.0,0.0,0.0,0.0,0.0,0.0,0.0,3.69141,10.9758,0.00674,0.13537,Start,seated
2.26224,134,-1.05381,-0.277822,-9.67588,0.0,0.0,0.0,0.0,0.0,0.0,0.0,3.86719,10.4688,0.00674,0.13537,Start,seated
2.27722,135,-0.996328,-0.249082,-9.67588,0.0,0.0,0.0,0.0,0.0,0.0,0.0,4.04297,10.5916,0.00674,0.13537,Start,seated
2.29424,136,-0.938848,-0.229922,-9.69504,0.0,0.0,0.0,0.0,0.0,0.0,0.0,4.21875,10.5881,0.00674,0.13537,Start,seated
2.31224,137,-0.900527,-0.210762,-9.69504,0.0,0.0,0.0,0.0,0.0,0.0,0.0,4.39453,10.7182,0.00674,0.13537,Start,seated
2.32726,138,-0.900527,-0.210762,-9.70462,0.0,0.0,0.0,0.0,0.0,0.0,0.0,4.74609,12.7068,0.00674,0.13537,Start,seated
2.34723,139,-0.890947,-0.249082,-9.67588,0.0,0.0,0.0,0.0,0.0,0.0,0.0,4.92188,12.4108,0.00674,0.13537,Start,seated
2.36717,140,-0.823887,-0.172441,-9.70462,0.0,0.0,0.0,0.0,0.0,0.0,0.0,5.09766,11.7261,0.00674,0.13537,Start,seated
2.3823,141,-0.756826,-0.172441,-9.80042,0.0,0.0,0.0,0.0,0.0,0.0,0.0,5.27344,11.9776,0.00674,0.13537,Start,seated
2.3962,142,-0.728086,-0.249082,-9.80042,0.0,0.0,0.0,0.0,0.0,0.0,0.0,5.625,14.6554,0.00674,0.13537,Start,seated
2.41224,143,-0.728086,-0.258662,-9.84832,0.0,0.0,0.0,0.0,0.0,0.0,0.0,5.80078,12.4112,0.00674,0.13537,Start,seated
2.42925,144,-0.661025,-0.316143,-9.72378,0.0,0.0,0.0,0.0,0.0,0.0,0.0,5.97656,12.8585,0.00674,0.13537,Start,seated
2.44428,145,-0.661025,-0.316143,-9.72378,0.0,0.0,0.0,0.0,0.0,0.0,0.0,6.15234,13.6765,0.00674,0.13537,Start,seated
2.45824,146,-0.565225,-0.316143,-9.69504,0.0,0.0,0.0,0.0,0.0,0.0,0.0,6.50391,16.2032,0.00674,0.13537,Start,seated
2.47521,147,-0.517324,-0.287402,-9.69504,0.0,0.0,0.0,0.0,0.0,0.0,0.0,6.67969,13.3478,0.00674,0.13537,Start,seated
2.49133,148,-0.498164,-0.402363,-9.69504,0.0,0.0,0.0,0.0,0.0,0.0,0.0,6.85547,13.3351,0.00674,0.13537,Start,seated
2.50722,149,-0.708926,-0.383203,-9.72378,0.0,0.0,0.0,0.0,0.0,0.0,0.0,7.03125,13.5267,0.00674,0.13537,Start,seated
2.52324,150,-0.708926,-0.316143,-9.73336,0.0,0.0,0.0,0.0,0.0,0.0,0.0,7.38281,15.5842,0.00674,0.13537,Start,seated
2.54318,151,-0.862207,-0.316143,-9.70462,0.0,0.0,0.0,0.0,0.0,0.0,0.0,7.55859,12.4168,0.00674,0.13537,Start,seated
2.55723,152,-0.890947,-0.325723,-9.60882,0.0,0.0,0.0,0.0,0.0,0.0,0.0,7.91016,15.0033,0.00674,0.13537,Start,seated
2.57738,153,-0.919688,-0.287402,-9.60882,0.0,0.0,0.0,0.0,0.0,0.0,0.0,7.91016,12.2577,0.00674,0.13537,Start,seated
2.59223,154,-0.910107,-0.287402,-9.60882,0.0,0.0,0.0,0.0,0.0,0.0,0.0,8.26172,14.4739,0.00674,0.13537,Start,seated
2.60826,155,-0.958008,-0.220342,-9.59924,0.0,0.0,0.0,0.0,0.0,0.0,0.0,8.4375,12.4058,0.00674,0.13537,Start,seated
2.62422,156,-0.958008,-0.220342,-9.58008,0.0,0.0,0.0,0.0,0.0,0.0,0.0,8.61328,13.0146,0.00674,0.13537,Start,seated
2.64042,157,-1.02507,-0.229922,-9.55134,0.0,0.0,0.0,0.0,0.0,0.0,0.0,8.78906,10.5644,0.00674,0.13537,Start,seated
2.65624,158,-1.12087,-0.277822,-9.55134,0.0,0.0,0.0,0.0,0.0,0.0,0.0,8.96484,13.3737,0.00674,0.13537,Start,seated
2.67324,159,-1.20709,-0.239502,-9.49386,0.0,0.0,0.0,0.0,0.0,0.0,0.0,9.14062,10.8499,0.00674,0.13537,Start,seated
2.68826,160,-1.32205,-0.239502,-9.51302,0.0,0.0,0.0,0.0,0.0,0.0,0.0,9.31641,10.9858,0.00674,0.13537,Start,seated
2.70219,161,-1.32205,-0.239502,-9.51302,0.0,0.0,0.0,0.0,0.0,0.0,0.0,9.49219,11.2718,0.00674,0.13537,Start,seated
2.71618,162,-1.45617,-0.249082,-9.51302,0.0,0.0,0.0,0.0,0.0,0.0,0.0,9.66797,11.6018,0.00674,0.13537,Start,seated
2.73225,163,-1.50407,-0.287402,-9.43638,0.0,0.0,0.0,0.0,0.0,0.0,0.0,9.84375,11.563,0.00674,0.13537,Start,seated
2.74824,164,-1.54239,-0.249082,-9.39806,0.0,0.0,0.0,0.0,0.0,0.0,0.0,10.0195,11.7186,0.00674,0.13537,Start,seated
2.76228,165,-1.54239,-0.239502,-9.35974,0.0,0.0,0.0,0.0,0.0,0.0,0.0,10.0195,9.49886,0.00674,0.13537,Start,seated
2.78024,166,-1.58071,-0.239502,-9.32142,0.0,0.0,0.0,0.0,0.0,0.0,0.0,10.1953,9.00841,0.00674,0.13537,Start,seated
2.79552,167,-1.65735,-0.229922,-9.32142,0.0,0.0,0.0,0.0,0.0,0.0,0.0,10.3711,8.86138,0.00674,0.13537,Start,seated
2.81024,168,-1.74357,-0.229922,-9.38848,0.0,0.0,0.0,0.0,0.0,0.0,0.0,10.3711,6.76176,0.00674,0.13537,Start,extended
2.82727,169,-1.72441,-0.229922,-9.35016,0.0,0.0,0.0,0.0,0.0,0.0,0.0,10.3711,4.44818,0.00674,0.13537,Start,extended
2.84321,170,-1.72441,-0.249082,-9.38848,0.0,0.0,0.0,0.0,0.0,0.0,0.0,10.3711,4.34435,0.00674,0.13537,Start,extended
2.8582,171,-1.65735,-0.249082,-9.35974,0.0,0.0,0.0,0.0,0.0,0.0,0.0,10.5469,4.50963,0.00674,0.13537,Start,extended
2.87823,172,-1.45617,-0.249082,-9.35974,0.0,0.0,0.0,0.0,0.0,0.0,0.0,10.5469,2.12538,0.00674,0.13537,Start,extended
2.89421,173,-1.33163,-0.249082,-9.40764,0.0,0.0,0.0,0.0,0.0,0.0,0.0,10.5469,2.09321,0.00674,0.13537,Start,extended
2.91118,174,-1.14961,-0.268242,-9.44596,0.0,0.0,0.0,0.0,0.0,0.0,0.0,10.5469,2.09498,0.00674,0.13537,Start,extended
2.93116,175,-1.06339,-0.172441,-9.39806,0.0,0.0,0.0,0.0,0.0,0.0,0.0,10.5469,1.99856,0.00674,0.13537,Start,extended
2.94818,176,-1.06339,-0.182021,-9.35016,0.0,0.0,0.0,0.0,0.0,0.0,0.0,10.5469,0.0,0.00674,0.13537,Start,extended
2.96422,177,-0.919688,-0.182021,-9.35974,0.0,0.0,0.0,0.0,0.0,0.0,0.0,10.5469,0.0,0.00674,0.13537,Start,extended
2.97932,178,-0.929268,-0.105381,-9.35974,0.0,0.0,0.0,0.0,0.0,0.0,0.0,10.5469,0.0,0.00674,0.13537,Start,extended
2.99528,179,-1.15919,-0.0958008,-9.41722,0.0,0.0,0.0,0.0,0.0,0.0,0.0,10.3711,-2.09025,0.00674,0.13537,Start,extended
3.01124,180,-1.28373,-0.0479004,-9.45554,0.0,0.0,0.0,0.0,0.0,0.0,0.0,10.3711,-2.19504,0.00674,0.13537,Start,extended
3.02723,181,-1.19751,-0.0383203,-9.38848,0.0,0.0,0.0,0.0,0.0,0.0,0.0,10.3711,-2.22376,0.00674,0.13537,Start,extended
3.04424,182,-1.19751,-0.0574805,-9.2831,0.0,0.0,0.0,0.0,0.0,0.0,0.0,10.3711,-2.19672,0.00674,0.13537,Start,extended
3.06124,183,-1.27415,-0.0574805,-9.2831,0.0,0.0,0.0,0.0,0.0,0.0,0.0,10.1953,-4.29148,0.00674,0.13537,Start,extended
3.07622,184,-1.47533,-0.0958008,-9.2831,0.0,0.0,0.0,0.0,0.0,0.0,0.0,10.1953,-2.17161,0.00674,0.13537,Start,extended
3.09221,185,-1.63819,-0.0670606,-9.31184,0.0,0.0,0.0,0.0,0.0,0.0,0.0,10.0195,-4.34188,0.00674,0.13537,Start,extended
3.10727,186,-1.80105,-0.0191602,-9.30226,0.0,0.0,0.0,0.0,0.0,0.0,0.0,10.0195,-4.39206,0.00674,0.13537,Start,extended
3.1222,187,-1.80105,-0.0191602,-9.2831,0.0,0.0,0.0,0.0,0.0,0.0,0.0,9.84375,-6.76455,0.00674,0.13537,Start,extended
3.13728,188,-1.90644,-0.0670606,-9.2831,0.0,0.0,0.0,0.0,0.0,0.0,0.0,9.84375,-4.62352,0.00674,0.13537,Start,extended
3.15515,189,-2.05014,-0.0862207,-9.30226,0.0,0.0,0.0,0.0,0.0,0.0,0.0,9.66797,-6.68098,0.00674,0.13537,Start,extended
3.17151,190,-1.9735,-0.0479004,-9.35016,0.0,0.0,0.0,0.0,0.0,0.0,0.0,9.31641,-8.86676,0.00674,0.13537,Start,extended
3.19021,191,-1.86812,-0.172441,-9.30226,0.0,0.0,0.0,0.0,0.0,0.0,0.0,9.31641,-8.47753,0.00674,0.13537,Start,extended
3.20424,192,-1.86812,-0.182021,-9.34058,0.0,0.0,0.0,0.0,0.0,0.0,0.0,9.14062,-8.56998,0.00674,0.13537,Start,extended
3.22118,193,-1.84896,-0.182021,-9.34058,0.0,0.0,0.0,0.0,0.0,0.0,0.0,8.96484,-10.4758,0.00674,0.13537,Start,extended
3.23519,194,-1.8777,-0.210762,-9.3789,0.0,0.0,0.0,0.0,0.0,0.0,0.0,8.61328,-13.177,0.00674,0.13537,Start,extended
3.25318,195,-1.93518,-0.220342,-9.35016,0.0,0.0,0.0,0.0,0.0,0.0,0.0,8.4375,-10.7617,0.00674,0.13537,Start,extended
3.27118,196,-2.1172,-0.258662,-9.35974,0.0,0.0,0.0,0.0,0.0,0.0,0.0,8.26172,-13.0261,0.00674,0.13537,Start,extended
3.28818,197,-2.1172,-0.316143,-9.39806,0.0,0.0,0.0,0.0,0.0,0.0,0.0,7.91016,-14.6593,0.00674,0.13537,Start,extended
3.30228,198,-2.213,-0.316143,-9.39806,0.0,0.0,0.0,0.0,0.0,0.0,0.0,7.73438,-15.1718,0.00674,0.13537,Start,extended
3.3162,199,-2.22258,-0.421523,-9.51302,0.0,0.0,0.0,0.0,0.0,0.0,0.0,7.38281,-15.1904,0.00674,0.13537,Start,extended
3.33128,200,-2.13636,-0.229922,-9.4747,0.0,0.0,0.0,0.0,0.0,0.0,0.0,7.03125,-18.0055,0.00674,0.13537,Start,extended
3.34819,201,-2.13636,-0.296982,-9.32142,0.0,0.0,0.0,0.0,0.0,0.0,0.0,6.67969,-20.5443,0.00674,0.13537,Start,extended
3.3623,202,-1.99266,-0.296982,-9.50344,0.0,0.0,0.0,0.0,0.0,0.0,0.0,6.50391,-18.9734,0.00674,0.13537,Start,extended
3.37824,203,-1.86812,-0.431104,-9.50344,0.0,0.0,0.0,0.0,0.0,0.0,0.0,5.97656,-23.1413,0.00674,0.13537,Start,extended
3.39524,204,-1.73399,-0.373623,-9.62798,0.0,0.0,0.0,0.0,0.0,0.0,0.0,5.625,-22.2378,0.00674,0.13537,Start,extended
3.41621,205,-1.72441,-0.316143,-9.45554,0.0,0.0,0.0,0.0,0.0,0.0,0.0,5.09766,-22.7667,0.00674,0.13537,Start,extended
3.43418,206,-1.89686,-0.383203,-9.50344,0.0,0.0,0.0,0.0,0.0,0.0,0.0,4.74609,-22.4855,0.00674,0.13537,Start,extended
3.45118,207,-2.04056,-0.392783,-9.6663,0.0,0.0,0.0,0.0,0.0,0.0,0.0,4.21875,-25.7097,0.00674,0.13537,Start,extended
3.47518,208,-2.04056,-0.277822,-9.65672,0.0,0.0,0.0,0.0,0.0,0.0,0.0,3.86719,-21.7592,0.00674,0.13537,Start,extended
3.49218,209,-2.0693,-0.364043,-9.60882,0.0,0.0,0.0,0.0,0.0,0.0,0.0,3.33984,-23.5733,0.00674,0.13537,Start,extended
3.51516,210,-1.9256,-0.411943,-9.58966,0.0,0.0,0.0,0.0,0.0,0.0,0.0,2.8125,-23.0957,0.00674,0.13537,Start,extended
3.53123,211,-1.95434,-0.354463,-9.6663,0.0,0.0,0.0,0.0,0.0,0.0,0.0,2.46094,-23.5462,0.00674,0.13537,Start,extended
3.54723,212,-1.95434,-0.383203,-9.75252,0.0,0.0,0.0,0.0,0.0,0.0,0.0,2.10938,-21.9617,0.00674,0.13537,Start,extended
3.56357,213,-1.95434,-0.383203,-9.70462,0.0,0.0,0.0,0.0,0.0,0.0,0.0,1.75781,-23.8657,0.00674,0.13537,Start,extended
3.58026,214,-1.9735,-0.364043,-9.70462,0.0,0.0,0.0,0.0,0.0,0.0,0.0,1.40625,-21.9525,0.00674,0.13537,Start,extended
3.59528,215,-1.93518,-0.354463,-9.60882,0.0,0.0,0.0,0.0,0.0,0.0,0.0,0.878906,-24.1319,0.00674,0.13537,Start,extended
3.61125,216,-1.93518,-0.325723,-9.6663,0.0,0.0,0.0,0.0,0.0,0.0,0.0,0.527344,-24.1624,0.00674,0.13537,Start,extended
3.62825,217,-1.95434,-0.306563,-9.74294,0.0,0.0,0.0,0.0,0.0,0.0,0.0,0.175781,-23.8671,0.00674,0.13537,Start,extended
3.64326,218,-2.05972,-0.306563,-9.74294,0.0,0.0,0.0,0.0,0.0,0.0,0.0,-0.175781,-24.2624,0.00674,0.13537,Start,extended
3.66125,219,-2.07888,-0.354463,-9.69504,0.0,0.0,0.0,0.0,0.0,0.0,0.0,-0.703125,-26.0455,0.00674,0.13537,Start,extended
3.67824,220,-1.98308,-0.316143,-9.69504,0.0,0.0,0.0,0.0,0.0,0.0,0.0,-1.05469,-23.307,0.00674,0.13537,Start,extended
3.69625,221,-1.8777,-0.287402,-9.65672,0.0,0.0,0.0,0.0,0.0,0.0,0.0,-1.40625,-22.7479,0.00674,0.13537,Start,extended
3.71123,222,-1.93518,-0.296982,-9.6663,0.0,0.0,0.0,0.0,0.0,0.0,0.0,-1.93359,-25.4188,0.00674,0.13537,Start,extended
3.72724,223,-1.93518,-0.249082,-9.74294,0.0,0.0,0.0,0.0,0.0,0.0,0.0,-2.10938,-23.0239,0.00674,0.13537,Start,extended
3.7412,224,-2.00224,-0.249082,-9.7142,0.0,0.0,0.0,0.0,0.0,0.0,0.0,-2.63672,-24.1841,0.00674,0.13537,Start,extended
3.75729,225,-1.98308,-0.229922,-9.7142,0.0,0.0,0.0,0.0,0.0,0.0,0.0,-2.98828,-24.462,0.00674,0.13537,Start,extended
3.77624,226,-2.01182,-0.220342,-9.69504,0.0,0.0,0.0,0.0,0.0,0.0,0.0,-3.33984,-24.1732,0.00674,0.13537,Start,extended
3.7922,227,-1.98308,-0.182021,-9.62798,0.0,0.0,0.0,0.0,0.0,0.0,0.0,-3.69141,-21.7083,0.00674,0.13537,Start,extended
3.80825,228,-1.98308,-0.143701,-9.70462,0.0,0.0,0.0,0.0,0.0,0.0,0.0,-4.04297,-23.8689,0.00674,0.13537,Start,extended
3.82426,229,-1.98308,-0.124541,-9.64714,0.0,0.0,0.0,0.0,0.0,0.0,0.0,-4.39453,-21.1644,0.00674,0.13537,Start,extended
3.84123,230,-1.96392,-0.124541,-9.64714,0.0,0.0,0.0,0.0,0.0,0.0,0.0,-4.74609,-20.9415,0.00674,0.13537,Start,extended
3.85648,231,-1.93518,-0.0766406,-9.60882,0.0,0.0,0.0,0.0,0.0,0.0,0.0,-5.09766,-21.9089,0.00674,0.13537,Start,extended
3.87224,232,-1.93518,-0.0958008,-9.54176,0.0,0.0,0.0,0.0,0.0,0.0,0.0,-5.44922,-21.9642,0.00674,0.13537,Start,extended
3.89022,233,-1.93518,-0.0766406,-9.59924,0.0,0.0,0.0,0.0,0.0,0.0,0.0,-5.97656,-23.5896,0.00674,0.13537,Start,extended
3.91416,234,-1.96392,-0.0574805,-9.60882,0.0,0.0,0.0,0.0,0.0,0.0,0.0,-6.32812,-21.5078,0.00674,0.13537,Start,extended
3.93417,235,-1.99266,-0.0479004,-9.60882,0.0,0.0,0.0,0.0,0.0,0.0,0.0,-6.67969,-20.8043,0.00674,0.13537,Start,extended
3.95021,236,-1.99266,-0.0670606,-9.54176,0.0,0.0,0.0,0.0,0.0,0.0,0.0,-6.85547,-18.753,0.00674,0.13537,Start,extended
3.96417,237,-1.93518,-0.0670606,-9.4747,0.0,0.0,0.0,0.0,0.0,0.0,0.0,-7.03125,-17.2074,0.00674,0.13537,Start,extended
3.98027,238,-1.9256,-0.0766406,-9.4747,0.0,0.0,0.0,0.0,0.0,0.0,0.0,-7.38281,-15.6162,0.00674,0.13537,Start,extended
3.99626,239,-1.9256,-0.0862207,-9.4747,0.0,0.0,0.0,0.0,0.0,0.0,0.0,-7.55859,-14.9876,0.00674,0.13537,Start,extended
4.01124,240,-1.9256,-0.0862207,-9.4747,0.0,0.0,0.0,0.0,0.0,0.0,0.0,-7.73438,-13.6845,0.00674,0.13537,Start,extended
4.02725,241,-1.9256,-0.0958008,-9.54176,0.0,0.0,0.0,0.0,0.0,0.0,0.0,-7.91016,-13.691,0.00674,0.13537,Start,extended
4.04124,242,-1.94476,-0.0958008,-9.5226,0.0,0.0,0.0,0.0,0.0,0.0,0.0,-8.26172,-15.9656,0.00674,0.13537,Start,extended
4.05921,243,-1.94476,-0.105381,-9.5226,0.0,0.0,0.0,0.0,0.0,0.0,0.0,-8.4375,-13.3611,0.00674,0.13537,Start,extended
4.07723,244,-1.91602,-0.0479004,-9.4268,0.0,0.0,0.0,0.0,0.0,0.0,0.0,-8.61328,-13.0253,0.00674,0.13537,Start,extended
4.0942,245,-1.91602,-0.105381,-9.4268,0.0,0.0,0.0,0.0,0.0,0.0,0.0,-8.61328,-10.5948,0.00674,0.13537,Start,extended
4.1122,246,-1.94476,-0.153281,-9.38848,0.0,0.0,0.0,0.0,0.0,0.0,0.0,-8.78906,-10.3458,0.00674,0.13537,Start,extended
4.12928,247,-1.91602,-0.162861,-9.43638,0.0,0.0,0.0,0.0,0.0,0.0,0.0,-8.96484,-7.98724,0.00674,0.13537,Start,extended
4.15017,248,-1.88728,-0.182021,-9.40764,0.0,0.0,0.0,0.0,0.0,0.0,0.0,-9.14062,-7.72968,0.00674,0.13537,Start,extended
4.1752,249,-1.90644,-0.229922,-9.35016,0.0,0.0,0.0,0.0,0.0,0.0,0.0,-9.14062,-5.38264,0.00674,0.13537,Start,extended
4.1932,250,-1.91602,-0.249082,-9.35016,0.0,0.0,0.0,0.0,0.0,0.0,0.0,-9.31641,-7.102,0.00674,0.13537,Start,extended
4.21817,251,-1.90644,-0.249082,-9.331,0.0,0.0,0.0,0.0,0.0,0.0,0.0,-9.31641,-4.97615,0.00674,0.13537,Start,extended
4.23518,252,-1.88728,-0.258662,-9.34058,0.0,0.0,0.0,0.0,0.0,0.0,0.0,-9.31641,-3.31958,0.00674,0.13537,Start,extended
4.25224,253,-1.88728,-0.287402,-9.32142,0.0,0.0,0.0,0.0,0.0,0.0,0.0,-9.31641,-1.72228,0.00674,0.13537,Start,extended
4.26823,254,-1.88728,-0.335303,-9.32142,0.0,0.0,0.0,0.0,0.0,0.0,0.0,-9.31641,-1.88956,0.00674,0.13537,Start,extended
4.28818,255,-1.91602,-0.335303,-9.35016,0.0,0.0,0.0,0.0,0.0,0.0,0.0,-9.31641,0.0,0.00674,0.13537,Start,extended
4.30325,256,-1.86812,-0.316143,-9.35016,0.0,0.0,0.0,0.0,0.0,0.0,0.0,-9.31641,0.0,0.00674,0.13537,Start,extended
4.31821,257,-1.86812,-0.335303,-9.32142,0.0,0.0,0.0,0.0,0.0,0.0,0.0,-9.14062,2.11705,0.00674,0.13537,Start,extended
4.33415,258,-1.89686,-0.354463,-9.2831,0.0,0.0,0.0,0.0,0.0,0.0,0.0,-9.14062,2.14593,0.00674,0.13537,Start,extended
4.35119,259,-1.89686,-0.335303,-9.27352,0.0,0.0,0.0,0.0,0.0,0.0,0.0,-8.96484,4.23763,0.00674,0.13537,Start,extended
4.36715,260,-1.84896,-0.373623,-9.29268,0.0,0.0,0.0,0.0,0.0,0.0,0.0,-8.96484,4.45146,0.00674,0.13537,Start,extended
4.38518,261,-1.88728,-0.373623,-9.34058,0.0,0.0,0.0,0.0,0.0,0.0,0.0,-8.78906,6.43596,0.00674,0.13537,Start,extended
4.40319,262,-1.9256,-0.392783,-9.38848,0.0,0.0,0.0,0.0,0.0,0.0,0.0,-8.61328,6.20587,0.00674,0.13537,Start,extended
4.42018,263,-1.90644,-0.383203,-9.38848,0.0,0.0,0.0,0.0,0.0,0.0,0.0,-8.4375,8.17286,0.00674,0.13537,Start,extended
4.43426,264,-1.86812,-0.364043,-9.34058,0.0,0.0,0.0,0.0,0.0,0.0,0.0,-8.26172,8.46456,0.00674,0.13537,Start,extended
4.45219,265,-1.86812,-0.354463,-9.3789,0.0,0.0,0.0,0.0,0.0,0.0,0.0,-8.08594,10.3355,0.00674,0.13537,Start,extended
4.46816,266,-1.86812,-0.364043,-9.36932,0.0,0.0,0.0,0.0,0.0,0.0,0.0,-7.91016,10.5918,0.00674,0.13537,Start,extended
4.48519,267,-1.90644,-0.364043,-9.40764,0.0,0.0,0.0,0.0,0.0,0.0,0.0,-7.73438,10.7185,0.00674,0.13537,Start,extended
4.50319,268,-1.94476,-0.364043,-9.40764,0.0,0.0,0.0,0.0,0.0,0.0,0.0,-7.55859,10.5885,0.00674,0.13537,Start,extended
4.51825,269,-1.90644,-0.354463,-9.43638,0.0,0.0,0.0,0.0,0.0,0.0,0.0,-7.20703,12.5565,0.00674,0.13537,Start,extended
4.53423,270,-1.91602,-0.335303,-9.4268,0.0,0.0,0.0,0.0,0.0,0.0,0.0,-7.03125,12.8558,0.00674,0.13537,Start,extended
4.55119,271,-1.91602,-0.316143,-9.48428,0.0,0.0,0.0,0.0,0.0,0.0,0.0,-6.67969,14.8206,0.00674,0.13537,Start,extended
4.56819,272,-1.9256,-0.316143,-9.51302,0.0,0.0,0.0,0.0,0.0,0.0,0.0,-6.50391,14.8237,0.00674,0.13537,Start,extended
4.58418,273,-1.93518,-0.316143,-9.51302,0.0,0.0,0.0,0.0,0.0,0.0,0.0,-6.15234,17.3633,0.00674,0.13537,Start,extended
4.60218,274,-1.96392,-0.316143,-9.49386,0.0,0.0,0.0,0.0,0.0,0.0,0.0,-5.80078,16.7553,0.00674,0.13537,Start,extended
4.62225,275,-1.94476,-0.249082,-9.49386,0.0,0.0,0.0,0.0,0.0,0.0,0.0,-5.44922,17.9734,0.00674,0.13537,Start,seated
4.63727,276,-1.99266,-0.258662,-9.54176,0.0,0.0,0.0,0.0,0.0,0.0,0.0,-5.09766,18.378,0.00674,0.13537,Start,seated
4.65221,277,-1.99266,-0.249082,-9.58966,0.0,0.0,0.0,0.0,0.0,0.0,0.0,-4.92188,18.829,0.00674,0.13537,Start,seated
4.66822,278,-1.94476,-0.249082,-9.62798,0.0,0.0,0.0,0.0,0.0,0.0,0.0,-4.57031,18.8247,0.00674,0.13537,Start,seated
4.6822,279,-2.00224,-0.201182,-9.62798,0.0,0.0,0.0,0.0,0.0,0.0,0.0,-4.21875,19.7713,0.00674,0.13537,Start,seated
4.6993,280,-2.00224,-0.210762,-9.63756,0.0,0.0,0.0,0.0,0.0,0.0,0.0,-3.86719,20.5333,0.00674,0.13537,Start,seated
4.71527,281,-1.95434,-0.153281,-9.58966,0.0,0.0,0.0,0.0,0.0,0.0,0.0,-3.51562,20.2819,0.00674,0.13537,Start,seated
4.73128,282,-1.9735,-0.134121,-9.69504,0.0,0.0,0.0,0.0,0.0,0.0,0.0,-2.8125,26.6793,0.00674,0.13537,Start,seated
4.76121,283,-1.98308,-0.124541,-9.69504,0.0,0.0,0.0,0.0,0.0,0.0,0.0,-2.46094,22.6844,0.00674,0.13537,Start,seated
4.7763,284,-2.03098,-0.105381,-9.69504,0.0,0.0,0.0,0.0,0.0,0.0,0.0,-2.10938,22.417,0.00674,0.13537,Start,seated
4.79419,285,-2.03098,-0.0958008,-9.67588,0.0,0.0,0.0,0.0,0.0,0.0,0.0,-1.75781,22.2301,0.00674,0.13537,Start,seated
4.81025,286,-2.03098,-0.0958008,-9.6663,0.0,0.0,0.0,0.0,0.0,0.0,0.0,-1.23047,24.0598,0.00674,0.13537,Start,seated
4.83218,287,-1.98308,-0.105381,-9.6663,0.0,0.0,0.0,0.0,0.0,0.0,0.0,-0.878906,19.1637,0.00674,0.13537,Start,seated
4.84727,288,-1.9735,-0.105381,-9.6663,0.0,0.0,0.0,0.0,0.0,0.0,0.0,-0.527344,22.4672,0.00674,0.13537,Start,seated
4.86232,289,-2.03098,-0.0862207,-9.70462,0.0,0.0,0.0,0.0,0.0,0.0,0.0,0.0,24.5205,0.00674,0.13537,Start,seated
4.87728,290,-2.05014,-0.0958008,-9.72378,0.0,0.0,0.0,0.0,0.0,0.0,0.0,0.351562,25.3863,0.00674,0.13537,Start,seated
4.89425,291,-2.05014,-0.0862207,-9.69504,0.0,0.0,0.0,0.0,0.0,0.0,0.0,0.703125,23.0185,0.00674,0.13537,Start,seated
4.91125,292,-2.03098,-0.0862207,-9.69504,0.0,0.0,0.0,0.0,0.0,0.0,0.0,1.23047,26.6746,0.00674,0.13537,Start,seated
4.92725,293,-2.03098,-0.105381,-9.69504,0.0,0.0,0.0,0.0,0.0,0.0,0.0,1.58203,26.3741,0.00674,0.13537,Start,seated
4.94224,294,-2.03098,-0.153281,-9.72378,0.0,0.0,0.0,0.0,0.0,0.0,0.0,1.93359,24.1937,0.00674,0.13537,Start,seated
4.95628,295,-2.0214,-0.124541,-9.74294,0.0,0.0,0.0,0.0,0.0,0.0,0.0,2.28516,24.4762,0.00674,0.13537,Start,seated
4.97121,296,-2.0214,-0.143701,-9.6663,0.0,0.0,0.0,0.0,0.0,0.0,0.0,2.63672,25.1249,0.00674,0.13537,Start,seated
4.98721,297,-2.03098,-0.143701,-9.69504,0.0,0.0,0.0,0.0,0.0,0.0,0.0,2.98828,23.1433,0.00674,0.13537,Start,seated
5.00119,298,-2.01182,-0.191602,-9.69504,0.0,0.0,0.0,0.0,0.0,0.0,0.0,3.33984,23.7719,0.00674,0.13537,Start,seated
5.0152,299,-2.01182,-0.182021,-9.6663,0.0,0.0,0.0,0.0,0.0,0.0,0.0,3.69141,24.0929,0.00674,0.13537,Start,seated
5.03121,300,-2.01182,-0.201182,-9.69504,0.0,0.0,0.0,0.0,0.0,0.0,0.0,4.04297,23.4581,0.00674,0.13537,Start,seated
5.05229,301,-1.95434,-0.182021,-9.69504,0.0,0.0,0.0,0.0,0.0,0.0,0.0,4.39453,21.6799,0.00674,0.13537,TripleIncreaseAngularVelo,raised
5.06728,302,-1.99266,-0.229922,-9.59924,0.0,0.0,0.0,0.0,0.0,0.0,0.0,4.92188,24.1486,0.00674,0.13537,TripleIncreaseAngularVelo,raised
5.08723,303,-2.00224,-0.229922,-9.60882,0.0,0.0,0.0,0.0,0.0,0.0,0.0,5.27344,22.475,0.00674,0.13537,TripleIncreaseAngularVelo,raised
5.10347,304,-1.99266,-0.239502,-9.60882,0.0,0.0,0.0,0.0,0.0,0.0,0.0,5.625,21.9055,0.00674,0.13537,TripleIncreaseAngularVelo,raised
5.11925,305,-1.95434,-0.296982,-9.58008,0.0,0.0,0.0,0.0,0.0,0.0,0.0,5.97656,21.9624,0.00674,0.13537,TripleIncreaseAngularVelo,raised
5.13821,306,-1.98308,-0.249082,-9.5705,0.0,0.0,0.0,0.0,0.0,0.0,0.0,6.32812,22.5053,0.00674,0.13537,TripleIncreaseAngularVelo,raised
5.1533,307,-1.99266,-0.287402,-9.56092,0.0,0.0,0.0,0.0,0.0,0.0,0.0,6.50391,18.3918,0.00674,0.13537,TripleIncreaseAngularVelo,raised
5.16731,308,-1.99266,-0.287402,-9.56092,0.0,0.0,0.0,0.0,0.0,0.0,0.0,6.85547,19.7551,0.00674,0.13537,TripleIncreaseAngularVelo,raised
5.18121,309,-1.98308,-0.325723,-9.5226,0.0,0.0,0.0,0.0,0.0,0.0,0.0,7.20703,20.3515,0.00674,0.13537,TripleIncreaseAngularVelo,raised
5.19821,310,-1.93518,-0.344883,-9.4747,0.0,0.0,0.0,0.0,0.0,0.0,0.0,7.55859,20.0354,0.00674,0.13537,TripleIncreaseAngularVelo,raised
5.21719,311,-1.93518,-0.344883,-9.48428,0.0,0.0,0.0,0.0,0.0,0.0,0.0,7.73438,17.8054,0.00674,0.13537,TripleIncreaseAngularVelo,raised
5.23228,312,-1.93518,-0.344883,-9.40764,0.0,0.0,0.0,0.0,0.0,0.0,0.0,7.91016,17.8046,0.00674,0.13537,TripleIncreaseAngularVelo,raised
5.24732,313,-1.93518,-0.383203,-9.41722,0.0,0.0,0.0,0.0,0.0,0.0,0.0,8.26172,17.5748,0.00674,0.13537,TripleIncreaseAngularVelo,raised
5.2642,314,-1.9256,-0.364043,-9.41722,0.0,0.0,0.0,0.0,0.0,0.0,0.0,8.4375,14.8264,0.00674,0.13537,TripleIncreaseAngularVelo,raised
5.27836,315,-1.9256,-0.354463,-9.39806,0.0,0.0,0.0,0.0,0.0,0.0,0.0,8.61328,13.1599,0.00674,0.13537,TripleIncreaseAngularVelo,raised
5.29427,316,-1.9256,-0.364043,-9.38848,0.0,0.0,0.0,0.0,0.0,0.0,0.0,8.96484,15.9629,0.00674,0.13537,TripleIncreaseAngularVelo,raised
5.31126,317,-1.91602,-0.364043,-9.38848,0.0,0.0,0.0,0.0,0.0,0.0,0.0,9.14062,15.5787,0.00674,0.13537,TripleIncreaseAngularVelo,raised
5.32726,318,-1.91602,-0.364043,-9.35974,0.0,0.0,0.0,0.0,0.0,0.0,0.0,9.31641,13.1938,0.00674,0.13537,TripleIncreaseAngularVelo,raised
5.35419,319,-1.90644,-0.364043,-9.32142,0.0,0.0,0.0,0.0,0.0,0.0,0.0,9.66797,13.6726,0.00674,0.13537,TripleIncreaseAngularVelo,raised
5.3702,320,-1.91602,-0.364043,-9.2831,0.0,0.0,0.0,0.0,0.0,0.0,0.0,9.66797,11.4835,0.00674,0.13537,TripleIncreaseAngularVelo,raised
5.38429,321,-1.93518,-0.383203,-9.29268,0.0,0.0,0.0,0.0,0.0,0.0,0.0,9.84375,9.76292,0.00674,0.13537,TripleIncreaseAngularVelo,raised
5.40319,322,-1.91602,-0.344883,-9.29268,0.0,0.0,0.0,0.0,0.0,0.0,0.0,10.0195,9.56143,0.00674,0.13537,TripleIncreaseAngularVelo,raised
5.42322,323,-1.89686,-0.296982,-9.29268,0.0,0.0,0.0,0.0,0.0,0.0,0.0,10.0195,7.32743,0.00674,0.13537,TripleIncreaseAngularVelo,raised
5.43832,324,-1.89686,-0.325723,-9.27352,0.0,0.0,0.0,0.0,0.0,0.0,0.0,10.1953,6.26836,0.00674,0.13537,TripleIncreaseAngularVelo,raised
5.45627,325,-1.89686,-0.296982,-9.25436,0.0,0.0,0.0,0.0,0.0,0.0,0.0,10.1953,6.1272,0.00674,0.13537,TripleIncreaseAngularVelo,raised
5.4713,326,-1.88728,-0.296982,-9.25436,0.0,0.0,0.0,0.0,0.0,0.0,0.0,10.3711,6.06072,0.00674,0.13537,TripleIncreaseAngularVelo,raised
5.4874,327,-1.9256,-0.258662,-9.20646,0.0,0.0,0.0,0.0,0.0,0.0,0.0,10.3711,4.17462,0.00674,0.13537,TripleIncreaseAngularVelo,raised
5.50818,328,-1.86812,-0.220342,-9.25436,0.0,0.0,0.0,0.0,0.0,0.0,0.0,10.3711,4.13781,0.00674,0.13537,TripleIncreaseAngularVelo,raised
5.5272,329,-1.90644,-0.239502,-9.25436,0.0,0.0,0.0,0.0,0.0,0.0,0.0,10.3711,1.97783,0.00674,0.13537,TripleIncreaseAngularVelo,raised
5.54428,330,-1.91602,-0.191602,-9.2352,0.0,0.0,0.0,0.0,0.0,0.0,0.0,10.3711,1.99725,0.00674,0.13537,TripleIncreaseAngularVelo,raised
5.55923,331,-1.94476,-0.191602,-9.25436,0.0,0.0,0.0,0.0,0.0,0.0,0.0,10.3711,0.0,0.00674,0.13537,TripleIncreaseAngularVelo,raised
5.5773,332,-1.91602,-0.172441,-9.20646,0.0,0.0,0.0,0.0,0.0,0.0,0.0,10.1953,-1.9553,0.00674,0.13537,TripleIncreaseAngularVelo,raised
5.60221,333,-1.88728,-0.191602,-9.17772,0.0,0.0,0.0,0.0,0.0,0.0,0.0,10.1953,-1.86946,0.00674,0.13537,TripleIncreaseAngularVelo,raised
5.62119,334,-1.89686,-0.172441,-9.24478,0.0,0.0,0.0,0.0,0.0,0.0,0.0,10.0195,-3.74017,0.00674,0.13537,TripleIncreaseAngularVelo,raised
5.63527,335,-1.89686,-0.172441,-9.24478,0.0,0.0,0.0,0.0,0.0,0.0,0.0,10.0195,-3.86362,0.00674,0.13537,TripleIncreaseAngularVelo,raised
5.65427,336,-1.89686,-0.153281,-9.26394,0.0,0.0,0.0,0.0,0.0,0.0,0.0,9.84375,-5.54906,0.00674,0.13537,TripleIncreaseAngularVelo,raised
5.67024,337,-1.91602,-0.153281,-9.27352,0.0,0.0,0.0,0.0,0.0,0.0,0.0,9.66797,-5.67396,0.00674,0.13537,TripleIncreaseAngularVelo,raised
5.6863,338,-1.93518,-0.134121,-9.27352,0.0,0.0,0.0,0.0,0.0,0.0,0.0,9.66797,-6.27088,0.00674,0.13537,TripleIncreaseAngularVelo,raised
5.70058,339,-1.90644,-0.124541,-9.27352,0.0,0.0,0.0,0.0,0.0,0.0,0.0,9.31641,-8.85712,0.00674,0.13537,TripleIncreaseAngularVelo,raised
5.72113,340,-1.91602,-0.124541,-9.32142,0.0,0.0,0.0,0.0,0.0,0.0,0.0,9.14062,-10.2362,0.00674,0.13537,TripleIncreaseAngularVelo,raised
5.7372,341,-1.88728,-0.124541,-9.32142,0.0,0.0,0.0,0.0,0.0,0.0,0.0,8.96484,-10.5982,0.00674,0.13537,TripleIncreaseAngularVelo,raised
5.75328,342,-1.88728,-0.114961,-9.331,0.0,0.0,0.0,0.0,0.0,0.0,0.0,8.78906,-10.5843,0.00674,0.13537,TripleIncreaseAngularVelo,raised
5.76917,343,-1.8777,-0.114961,-9.34058,0.0,0.0,0.0,0.0,0.0,0.0,0.0,8.61328,-12.7278,0.00674,0.13537,TripleIncreaseAngularVelo,raised
5.78722,344,-1.89686,-0.134121,-9.34058,0.0,0.0,0.0,0.0,0.0,0.0,0.0,8.4375,-10.1439,0.00674,0.13537,TripleIncreaseAngularVelo,raised
5.80121,345,-1.91602,-0.172441,-9.35974,0.0,0.0,0.0,0.0,0.0,0.0,0.0,8.08594,-13.1708,0.00674,0.13537,TripleIncreaseAngularVelo,raised
5.81824,346,-1.9256,-0.134121,-9.35016,0.0,0.0,0.0,0.0,0.0,0.0,0.0,7.91016,-13.0141,0.00674,0.13537,TripleIncreaseAngularVelo,raised
5.83523,347,-1.9256,-0.172441,-9.43638,0.0,0.0,0.0,0.0,0.0,0.0,0.0,7.55859,-15.0153,0.00674,0.13537,TripleIncreaseAngularVelo,raised
5.85125,348,-1.90644,-0.172441,-9.4268,0.0,0.0,0.0,0.0,0.0,0.0,0.0,7.38281,-14.9916,0.00674,0.13537,TripleIncreaseAngularVelo,raised
5.86724,349,-1.93518,-0.172441,-9.4268,0.0,0.0,0.0,0.0,0.0,0.0,0.0,7.03125,-17.575,0.00674,0.13537,TripleIncreaseAngularVelo,raised
5.88231,350,-1.93518,-0.153281,-9.4747,0.0,0.0,0.0,0.0,0.0,0.0,0.0,6.85547,-15.1732,0.00674,0.13537,TripleIncreaseAngularVelo,raised
5.8962,351,-1.93518,-0.182021,-9.45554,0.0,0.0,0.0,0.0,0.0,0.0,0.0,6.50391,-18.0388,0.00674,0.13537,TripleIncreaseAngularVelo,raised
5.91129,352,-1.95434,-0.182021,-9.4747,0.0,0.0,0.0,0.0,0.0,0.0,0.0,6.15234,-18.4889,0.00674,0.13537,TripleIncreaseAngularVelo,raised
5.92928,353,-1.93518,-0.182021,-9.53218,0.0,0.0,0.0,0.0,0.0,0.0,0.0,5.80078,-20.2746,0.00674,0.13537,TripleIncreaseAngularVelo,raised
5.9482,354,-1.93518,-0.201182,-9.53218,0.0,0.0,0.0,0.0,0.0,0.0,0.0,5.44922,-19.5399,0.00674,0.13537,TripleIncreaseAngularVelo,raised
5.96221,355,-1.96392,-0.201182,-9.54176,0.0,0.0,0.0,0.0,0.0,0.0,0.0,5.09766,-21.9988,0.00674,0.13537,TripleIncreaseAngularVelo,raised
5.97635,356,-1.96392,-0.220342,-9.54176,0.0,0.0,0.0,0.0,0.0,0.0,0.0,4.74609,-21.9303,0.00674,0.13537,TripleIncreaseAngularVelo,raised
5.99224,357,-1.96392,-0.220342,-9.60882,0.0,0.0,0.0,0.0,0.0,0.0,0.0,4.39453,-21.7135,0.00674,0.13537,TripleIncreaseAngularVelo,raised
6.00824,358,-1.94476,-0.249082,-9.63756,0.0,0.0,0.0,0.0,0.0,0.0,0.0,4.21875,-20.0351,0.00674,0.13537,TripleIncreaseAngularVelo,raised
6.02423,359,-1.94476,-0.258662,-9.63756,0.0,0.0,0.0,0.0,0.0,0.0,0.0,3.69141,-23.1188,0.00674,0.13537,TripleIncreaseAngularVelo,raised
6.0384,360,-1.93518,-0.287402,-9.6184,0.0,0.0,0.0,0.0,0.0,0.0,0.0,3.33984,-23.0732,0.00674,0.13537,TripleIncreaseAngularVelo,lowered
6.05626,361,-1.93518,-0.335303,-9.65672,0.0,0.0,0.0,0.0,0.0,0.0,0.0,2.98828,-21.9979,0.00674,0.13537,TripleIncreaseAngularVelo,raised
6.07421,362,-1.98308,-0.344883,-9.65672,0.0,0.0,0.0,0.0,0.0,0.0,0.0,2.63672,-21.4463,0.00674,0.13537,TripleIncreaseAngularVelo,lowered
6.09027,363,-1.96392,-0.335303,-9.64714,0.0,0.0,0.0,0.0,0.0,0.0,0.0,2.10938,-25.7143,0.00674,0.13537,TripleIncreaseAngularVelo,raised
6.10724,364,-1.9735,-0.335303,-9.64714,0.0,0.0,0.0,0.0,0.0,0.0,0.0,1.75781,-23.2951,0.00674,0.13537,TripleIncreaseAngularVelo,lowered
6.12426,365,-2.00224,-0.306563,-9.63756,0.0,0.0,0.0,0.0,0.0,0.0,0.0,1.40625,-22.5197,0.00674,0.13537,TripleIncreaseAngularVelo,raised
6.14219,366,-1.95434,-0.364043,-9.69504,0.0,0.0,0.0,0.0,0.0,0.0,0.0,0.878906,-24.5462,0.00674,0.13537,TripleIncreaseAngularVelo,lowered
6.1583,367,-1.9735,-0.344883,-9.69504,0.0,0.0,0.0,0.0,0.0,0.0,0.0,0.527344,-25.0827,0.00674,0.13537,TripleIncreaseAngularVelo,lowered
6.17723,368,-1.9735,-0.364043,-9.6663,0.0,0.0,0.0,0.0,0.0,0.0,0.0,0.0,-24.2574,0.00674,0.13537,TripleIncreaseAngularVelo,lowered
6.1972,369,-1.99266,-0.325723,-9.69504,0.0,0.0,0.0,0.0,0.0,0.0,0.0,-0.351562,-23.4468,0.00674,0.13537,TripleIncreaseAngularVelo,lowered
6.21609,370,-2.01182,-0.306563,-9.70462,0.0,0.0,0.0,0.0,0.0,0.0,0.0,-0.703125,-22.97,0.00674,0.13537,TripleIncreaseAngularVelo,lowered
6.23124,371,-1.98308,-0.306563,-9.69504,0.0,0.0,0.0,0.0,0.0,0.0,0.0,-1.23047,-23.6875,0.00674,0.13537,TripleIncreaseAngularVelo,lowered
6.25236,372,-1.94476,-0.306563,-9.69504,0.0,0.0,0.0,0.0,0.0,0.0,0.0,-1.58203,-22.4266,0.00674,0.13537,TripleIncreaseAngularVelo,lowered
6.26818,373,-1.98308,-0.306563,-9.69504,0.0,0.0,0.0,0.0,0.0,0.0,0.0,-2.10938,-23.1911,0.00674,0.13537,TripleIncreaseAngularVelo,raised
6.28426,374,-1.9735,-0.316143,-9.67588,0.0,0.0,0.0,0.0,0.0,0.0,0.0,-2.28516,-22.2099,0.00674,0.13537,TripleIncreaseAngularVelo,raised
6.29932,375,-1.99266,-0.316143,-9.68546,0.0,0.0,0.0,0.0,0.0,0.0,0.0,-2.8125,-25.3428,0.00674,0.13537,TripleIncreaseAngularVelo,raised
6.31526,376,-1.9735,-0.277822,-9.6663,0.0,0.0,0.0,0.0,0.0,0.0,0.0,-3.33984,-25.1074,0.00674,0.13537,TripleIncreaseAngularVelo,raised
6.33619,377,-1.9735,-0.249082,-9.63756,0.0,0.0,0.0,0.0,0.0,0.0,0.0,-3.51562,-23.0665,0.00674,0.13537,TripleIncreaseAngularVelo,raised
6.3513,378,-1.9735,-0.249082,-9.65672,0.0,0.0,0.0,0.0,0.0,0.0,0.0,-3.86719,-21.1494,0.00674,0.13537,TripleIncreaseAngularVelo,raised
6.36723,379,-1.9256,-0.249082,-9.65672,0.0,0.0,0.0,0.0,0.0,0.0,0.0,-4.21875,-23.3067,0.00674,0.13537,TripleIncreaseAngularVelo,raised
6.38121,380,-1.9735,-0.239502,-9.63756,0.0,0.0,0.0,0.0,0.0,0.0,0.0,-4.57031,-21.4655,0.00674,0.13537,TripleIncreaseAngularVelo,raised
6.39637,381,-1.9735,-0.239502,-9.62798,0.0,0.0,0.0,0.0,0.0,0.0,0.0,-4.74609,-17.3378,0.00674,0.13537,TripleIncreaseAngularVelo,raised
6.4113,382,-1.96392,-0.239502,-9.59924,0.0,0.0,0.0,0.0,0.0,0.0,0.0,-5.27344,-23.4027,0.00674,0.13537,TripleIncreaseAngularVelo,raised
6.43021,383,-1.94476,-0.220342,-9.60882,0.0,0.0,0.0,0.0,0.0,0.0,0.0,-5.625,-22.2763,0.00674,0.13537,TripleIncreaseAngularVelo,raised
6.45019,384,-1.94476,-0.191602,-9.5705,0.0,0.0,0.0,0.0,0.0,0.0,0.0,-5.97656,-21.1885,0.00674,0.13537,TripleIncreaseAngularVelo,raised
6.4692,385,-1.96392,-0.182021,-9.5705,0.0,0.0,0.0,0.0,0.0,0.0,0.0,-6.32812,-19.9785,0.00674,0.13537,TripleIncreaseAngularVelo,raised
6.4872,386,-1.96392,-0.172441,-9.5705,0.0,0.0,0.0,0.0,0.0,0.0,0.0,-6.50391,-19.3513,0.00674,0.13537,TripleIncreaseAngularVelo,raised
6.50327,387,-1.95434,-0.172441,-9.51302,0.0,0.0,0.0,0.0,0.0,0.0,0.0,-6.85547,-17.2008,0.00674,0.13537,TripleIncreaseAngularVelo,raised
6.5173,388,-1.95434,-0.153281,-9.54176,0.0,0.0,0.0,0.0,0.0,0.0,0.0,-7.03125,-16.1462,0.00674,0.13537,TripleIncreaseAngularVelo,raised
6.5342,389,-1.93518,-0.134121,-9.51302,0.0,0.0,0.0,0.0,0.0,0.0,0.0,-7.20703,-14.6459,0.00674,0.13537,TripleIncreaseAngularVelo,raised
6.55121,390,-1.90644,-0.134121,-9.4747,0.0,0.0,0.0,0.0,0.0,0.0,0.0,-7.55859,-15.0043,0.00674,0.13537,TripleIncreaseAngularVelo,raised
6.56823,391,-1.9256,-0.153281,-9.4747,0.0,0.0,0.0,0.0,0.0,0.0,0.0,-7.73438,-15.1868,0.00674,0.13537,TripleIncreaseAngularVelo,raised
6.58225,392,-1.89686,-0.153281,-9.44596,0.0,0.0,0.0,0.0,0.0,0.0,0.0,-7.91016,-13.3547,0.00674,0.13537,TripleIncreaseAngularVelo,raised
6.59821,393,-1.89686,-0.124541,-9.43638,0.0,0.0,0.0,0.0,0.0,0.0,0.0,-8.08594,-13.0363,0.00674,0.13537,TripleIncreaseAngularVelo,raised
6.61619,394,-1.9256,-0.143701,-9.4268,0.0,0.0,0.0,0.0,0.0,0.0,0.0,-8.26172,-12.8639,0.00674,0.13537,TripleIncreaseAngularVelo,raised
6.63641,395,-1.89686,-0.143701,-9.45554,0.0,0.0,0.0,0.0,0.0,0.0,0.0,-8.4375,-10.3156,0.00674,0.13537,TripleIncreaseAngularVelo,raised
6.65225,396,-1.9256,-0.143701,-9.38848,0.0,0.0,0.0,0.0,0.0,0.0,0.0,-8.61328,-10.4603,0.00674,0.13537,TripleIncreaseAngularVelo,raised
6.66822,397,-1.91602,-0.143701,-9.38848,0.0,0.0,0.0,0.0,0.0,0.0,0.0,-8.61328,-8.17821,0.00674,0.13537,TripleIncreaseAngularVelo,raised
6.68225,398,-1.89686,-0.153281,-9.38848,0.0,0.0,0.0,0.0,0.0,0.0,0.0,-8.78906,-8.36665,0.00674,0.13537,TripleIncreaseAngularVelo,raised
6.69624,399,-1.89686,-0.191602,-9.38848,0.0,0.0,0.0,0.0,0.0,0.0,0.0,-8.96484,-8.78334,0.00674,0.13537,TripleIncreaseAngularVelo,raised
6.71136,400,-1.90644,-0.191602,-9.35974,0.0,0.0,0.0,0.0,0.0,0.0,0.0,-8.96484,-7.03554,0.00674,0.13537,TripleIncreaseAngularVelo,raised
6.72824,401,-1.8777,-0.143701,-9.35974,0.0,0.0,0.0,0.0,0.0,0.0,0.0,-8.96484,-4.62669,0.00674,0.13537,TripleIncreaseAngularVelo,raised
6.74232,402,-1.86812,-0.210762,-9.331,0.0,0.0,0.0,0.0,0.0,0.0,0.0,-9.14062,-7.11736,0.00674,0.13537,TripleIncreaseAngularVelo,raised
6.75723,403,-1.86812,-0.201182,-9.31184,0.0,0.0,0.0,0.0,0.0,0.0,0.0,-9.14062,-4.68845,0.00674,0.13537,TripleIncreaseAngularVelo,raised
6.77518,404,-1.88728,-0.201182,-9.32142,0.0,0.0,0.0,0.0,0.0,0.0,0.0,-9.14062,-2.22687,0.00674,0.13537,TripleIncreaseAngularVelo,raised
6.79613,405,-1.90644,-0.201182,-9.331,0.0,0.0,0.0,0.0,0.0,0.0,0.0,-9.14062,-2.07377,0.00674,0.13537,TripleIncreaseAngularVelo,raised
6.81121,406,-1.88728,-0.201182,-9.331,0.0,0.0,0.0,0.0,0.0,0.0,0.0,-9.14062,-2.11859,0.00674,0.13537,TripleIncreaseAngularVelo,raised
6.82431,407,-1.8777,-0.239502,-9.2831,0.0,0.0,0.0,0.0,0.0,0.0,0.0,-9.14062,0.0,0.00674,0.13537,TripleIncreaseAngularVelo,raised
6.84124,408,-1.86812,-0.249082,-9.35016,0.0,0.0,0.0,0.0,0.0,0.0,0.0,-9.14062,0.0,0.00674,0.13537,TripleIncreaseAngularVelo,raised
6.86023,409,-1.86812,-0.229922,-9.35016,0.0,0.0,0.0,0.0,0.0,0.0,0.0,-8.96484,2.06672,0.00674,0.13537,TripleIncreaseAngularVelo,raised
6.87718,410,-1.88728,-0.268242,-9.34058,0.0,0.0,0.0,0.0,0.0,0.0,0.0,-8.96484,2.1687,0.00674,0.13537,TripleIncreaseAngularVelo,raised
6.89521,411,-1.90644,-0.268242,-9.36932,0.0,0.0,0.0,0.0,0.0,0.0,0.0,-8.96484,2.09248,0.00674,0.13537,TripleIncreaseAngularVelo,raised
6.9112,412,-1.9256,-0.249082,-9.36932,0.0,0.0,0.0,0.0,0.0,0.0,0.0,-8.78906,4.04564,0.00674,0.13537,TripleIncreaseAngularVelo,raised
6.92819,413,-1.88728,-0.306563,-9.29268,0.0,0.0,0.0,0.0,0.0,0.0,0.0,-8.61328,6.06475,0.00674,0.13537,TripleIncreaseAngularVelo,raised
6.94421,414,-1.86812,-0.306563,-9.35974,0.0,0.0,0.0,0.0,0.0,0.0,0.0,-8.4375,6.27964,0.00674,0.13537,TripleIncreaseAngularVelo,raised
6.96717,415,-1.90644,-0.306563,-9.35974,0.0,0.0,0.0,0.0,0.0,0.0,0.0,-8.26172,7.81327,0.00674,0.13537,TripleIncreaseAngularVelo,raised
6.98221,416,-1.90644,-0.325723,-9.39806,0.0,0.0,0.0,0.0,0.0,0.0,0.0,-8.08594,10.1029,0.00674,0.13537,TripleIncreaseAngularVelo,raised
7.00023,417,-1.93518,-0.325723,-9.39806,0.0,0.0,0.0,0.0,0.0,0.0,0.0,-7.91016,9.87239,0.00674,0.13537,TripleIncreaseAngularVelo,raised
7.01447,418,-1.91602,-0.335303,-9.41722,0.0,0.0,0.0,0.0,0.0,0.0,0.0,-7.73438,10.1874,0.00674,0.13537,TripleIncreaseAngularVelo,raised
7.0312,419,-1.91602,-0.335303,-9.41722,0.0,0.0,0.0,0.0,0.0,0.0,0.0,-7.55859,10.103,0.00674,0.13537,TripleIncreaseAngularVelo,raised
7.0482,420,-1.90644,-0.316143,-9.41722,0.0,0.0,0.0,0.0,0.0,0.0,0.0,-7.38281,10.8474,0.00674,0.13537,TripleIncreaseAngularVelo,raised
7.06321,421,-1.9256,-0.335303,-9.45554,0.0,0.0,0.0,0.0,0.0,0.0,0.0,-7.03125,13.0207,0.00674,0.13537,TripleIncreaseAngularVelo,raised
7.07922,422,-1.96392,-0.364043,-9.4747,0.0,0.0,0.0,0.0,0.0,0.0,0.0,-6.85547,13.353,0.00674,0.13537,TripleIncreaseAngularVelo,raised
7.09918,423,-1.96392,-0.344883,-9.43638,0.0,0.0,0.0,0.0,0.0,0.0,0.0,-6.50391,14.5253,0.00674,0.13537,TripleIncreaseAngularVelo,raised
7.1142,424,-1.96392,-0.325723,-9.50344,0.0,0.0,0.0,0.0,0.0,0.0,0.0,-6.32812,14.826,0.00674,0.13537,TripleIncreaseAngularVelo,raised
7.13118,425,-1.90644,-0.296982,-9.49386,0.0,0.0,0.0,0.0,0.0,0.0,0.0,-5.80078,19.0635,0.00674,0.13537,TripleIncreaseAngularVelo,raised
7.15319,426,-1.93518,-0.296982,-9.54176,0.0,0.0,0.0,0.0,0.0,0.0,0.0,-5.625,15.6278,0.00674,0.13537,TripleIncreaseAngularVelo,raised
7.17223,427,-1.95434,-0.306563,-9.54176,0.0,0.0,0.0,0.0,0.0,0.0,0.0,-5.27344,17.0092,0.00674,0.13537,TripleIncreaseAngularVelo,raised
7.19018,428,-1.95434,-0.306563,-9.54176,0.0,0.0,0.0,0.0,0.0,0.0,0.0,-4.74609,19.3175,0.00674,0.13537,TripleIncreaseAngularVelo,raised
7.2092,429,-1.96392,-0.268242,-9.54176,0.0,0.0,0.0,0.0,0.0,0.0,0.0,-4.57031,18.5021,0.00674,0.13537,TripleIncreaseAngularVelo,raised
7.22328,430,-2.00224,-0.277822,-9.58966,0.0,0.0,0.0,0.0,0.0,0.0,0.0,-4.21875,17.1779,0.00674,0.13537,TripleIncreaseAngularVelo,raised
7.23833,431,-2.00224,-0.239502,-9.64714,0.0,0.0,0.0,0.0,0.0,0.0,0.0,-3.86719,20.6466,0.00674,0.13537,TripleIncreaseAngularVelo,raised
7.25426,432,-1.9735,-0.239502,-9.64714,0.0,0.0,0.0,0.0,0.0,0.0,0.0,-3.51562,21.4283,0.00674,0.13537,TripleIncreaseAngularVelo,raised
7.26921,433,-1.99266,-0.210762,-9.62798,0.0,0.0,0.0,0.0,0.0,0.0,0.0,-3.16406,20.0176,0.00674,0.13537,TripleIncreaseAngularVelo,raised
7.28722,434,-2.00224,-0.210762,-9.6184,0.0,0.0,0.0,0.0,0.0,0.0,0.0,-2.8125,22.5322,0.00674,0.13537,TripleIncreaseAngularVelo,raised
7.30124,435,-2.00224,-0.210762,-9.6184,0.0,0.0,0.0,0.0,0.0,0.0,0.0,-2.28516,24.8023,0.00674,0.13537,TripleIncreaseAngularVelo,raised
7.32817,436,-2.03098,-0.210762,-9.62798,0.0,0.0,0.0,0.0,0.0,0.0,0.0,-1.93359,21.5228,0.00674,0.13537,TripleIncreaseAngularVelo,raised
7.34222,437,-2.03098,-0.210762,-9.67588,0.0,0.0,0.0,0.0,0.0,0.0,0.0,-1.58203,21.9824,0.00674,0.13537,TripleIncreaseAngularVelo,raised
7.35726,438,-1.96392,-0.210762,-9.70462,0.0,0.0,0.0,0.0,0.0,0.0,0.0,-1.23047,21.9594,0.00674,0.13537,TripleIncreaseAngularVelo,lowered
7.37621,439,-1.98308,-0.182021,-9.69504,0.0,0.0,0.0,0.0,0.0,0.0,0.0,-0.878906,21.7268,0.00674,0.13537,TripleIncreaseAngularVelo,raised
7.39229,440,-1.99266,-0.210762,-9.69504,0.0,0.0,0.0,0.0,0.0,0.0,0.0,-0.351562,21.2366,0.00674,0.13537,TripleIncreaseAngularVelo,lowered
7.40841,441,-2.05972,-0.191602,-9.67588,0.0,0.0,0.0,0.0,0.0,0.0,0.0,0.0,24.0978,0.00674,0.13537,TripleIncreaseAngularVelo,raised
7.4311,442,-2.03098,-0.153281,-9.65672,0.0,0.0,0.0,0.0,0.0,0.0,0.0,0.527344,23.7316,0.00674,0.13537,TripleIncreaseAngularVelo,lowered
7.45021,443,-2.01182,-0.134121,-9.68546,0.0,0.0,0.0,0.0,0.0,0.0,0.0,1.05469,24.5851,0.00674,0.13537,TripleIncreaseAngularVelo,raised
7.47024,444,-1.96392,-0.153281,-9.69504,0.0,0.0,0.0,0.0,0.0,0.0,0.0,1.40625,24.3029,0.00674,0.13537,TripleIncreaseAngularVelo,raised
7.48828,445,-2.00224,-0.134121,-9.68546,0.0,0.0,0.0,0.0,0.0,0.0,0.0,1.75781,21.9756,0.00674,0.13537,TripleIncreaseAngularVelo,raised
7.50322,446,-2.00224,-0.182021,-9.70462,0.0,0.0,0.0,0.0,0.0,0.0,0.0,2.10938,22.2482,0.00674,0.13537,TripleIncreaseAngularVelo,raised
7.51737,447,-2.00224,-0.182021,-9.6663,0.0,0.0,0.0,0.0,0.0,0.0,0.0,2.46094,22.4141,0.00674,0.13537,TripleIncreaseAngularVelo,raised
7.53127,448,-2.03098,-0.153281,-9.6663,0.0,0.0,0.0,0.0,0.0,0.0,0.0,2.98828,23.8547,0.00674,0.13537,TripleIncreaseAngularVelo,raised
7.54922,449,-2.00224,-0.134121,-9.69504,0.0,0.0,0.0,0.0,0.0,0.0,0.0,3.33984,24.4836,0.00674,0.13537,TripleIncreaseAngularVelo,raised
7.56923,450,-2.01182,-0.153281,-9.70462,0.0,0.0,0.0,0.0,0.0,0.0,0.0,3.69141,23.8861,0.00674,0.13537,TripleIncreaseAngularVelo,raised
7.58324,451,-2.01182,-0.134121,-9.65672,0.0,0.0,0.0,0.0,0.0,0.0,0.0,4.04297,24.1636,0.00674,0.13537,TripleIncreaseAngularVelo,raised
7.59922,452,-1.99266,-0.134121,-9.6184,0.0,0.0,0.0,0.0,0.0,0.0,0.0,4.39453,23.6237,0.00674,0.13537,TripleIncreaseAngularVelo,raised
7.61522,453,-2.0214,-0.172441,-9.6184,0.0,0.0,0.0,0.0,0.0,0.0,0.0,4.74609,20.9375,0.00674,0.13537,TripleIncreaseAngularVelo,raised
7.63122,454,-1.98308,-0.172441,-9.58966,0.0,0.0,0.0,0.0,0.0,0.0,0.0,5.09766,21.4363,0.00674,0.13537,TripleIncreaseAngularVelo,raised
7.6482,455,-1.98308,-0.162861,-9.59924,0.0,0.0,0.0,0.0,0.0,0.0,0.0,5.44922,22.2587,0.00674,0.13537,TripleIncreaseAngularVelo,raised
7.66423,456,-1.98308,-0.220342,-9.58008,0.0,0.0,0.0,0.0,0.0,0.0,0.0,5.97656,23.8745,0.00674,0.13537,TripleIncreaseAngularVelo,raised
7.69219,457,-1.99266,-0.182021,-9.55134,0.0,0.0,0.0,0.0,0.0,0.0,0.0,6.50391,22.6883,0.00674,0.13537,TripleIncreaseAngularVelo,raised
7.71824,458,-1.9735,-0.229922,-9.50344,0.0,0.0,0.0,0.0,0.0,0.0,0.0,7.38281,25.596,0.00674,0.13537,TripleIncreaseAngularVelo,raised
7.76518,459,-1.96392,-0.258662,-9.4747,0.0,0.0,0.0,0.0,0.0,0.0,0.0,7.55859,18.3706,0.00674,0.13537,TripleIncreaseAngularVelo,raised
7.78122,460,-1.96392,-0.277822,-9.48428,0.0,0.0,0.0,0.0,0.0,0.0,0.0,7.91016,18.5002,0.00674,0.13537,TripleIncreaseAngularVelo,raised
7.7992,461,-1.93518,-0.277822,-9.46512,0.0,0.0,0.0,0.0,0.0,0.0,0.0,8.08594,15.6287,0.00674,0.13537,TripleIncreaseAngularVelo,raised
7.81422,462,-1.96392,-0.277822,-9.34058,0.0,0.0,0.0,0.0,0.0,0.0,0.0,8.4375,15.8459,0.00674,0.13537,TripleIncreaseAngularVelo,raised
7.83021,463,-1.93518,-0.287402,-9.34058,0.0,0.0,0.0,0.0,0.0,0.0,0.0,8.61328,10.9892,0.00674,0.13537,TripleIncreaseAngularVelo,raised
7.84722,464,-1.90644,-0.325723,-9.4268,0.0,0.0,0.0,0.0,0.0,0.0,0.0,8.78906,14.9989,0.00674,0.13537,TripleIncreaseAngularVelo,raised
7.86223,465,-1.93518,-0.287402,-9.39806,0.0,0.0,0.0,0.0,0.0,0.0,0.0,8.96484,13.0199,0.00674,0.13537,TripleIncreaseAngularVelo,raised
7.88021,466,-1.93518,-0.316143,-9.35974,0.0,0.0,0.0,0.0,0.0,0.0,0.0,9.14062,13.0189,0.00674,0.13537,TripleIncreaseAngularVelo,raised
7.89622,467,-1.94476,-0.316143,-9.35974,0.0,0.0,0.0,0.0,0.0,0.0,0.0,9.31641,10.7182,0.00674,0.13537,TripleIncreaseAngularVelo,raised
7.91126,468,-1.90644,-0.306563,-9.31184,0.0,0.0,0.0,0.0,0.0,0.0,0.0,9.49219,10.8441,0.00674,0.13537,TripleIncreaseAngularVelo,raised
7.92726,469,-1.90644,-0.344883,-9.2831,0.0,0.0,0.0,0.0,0.0,0.0,0.0,9.66797,10.9796,0.00674,0.13537,TripleIncreaseAngularVelo,raised
7.94222,470,-1.90644,-0.316143,-9.29268,0.0,0.0,0.0,0.0,0.0,0.0,0.0,9.66797,8.78965,0.00674,0.13537,TripleIncreaseAngularVelo,raised
7.95663,471,-1.89686,-0.316143,-9.2831,0.0,0.0,0.0,0.0,0.0,0.0,0.0,9.84375,9.20113,0.00674,0.13537,TripleIncreaseAngularVelo,raised
7.97524,472,-1.9256,-0.306563,-9.2831,0.0,0.0,0.0,0.0,0.0,0.0,0.0,10.0195,8.89809,0.00674,0.13537,TripleIncreaseAngularVelo,raised
7.99621,473,-1.91602,-0.306563,-9.2831,0.0,0.0,0.0,0.0,0.0,0.0,0.0,10.0195,6.20768,0.00674,0.13537,TripleIncreaseAngularVelo,raised
8.01024,474,-1.91602,-0.325723,-9.24478,0.0,0.0,0.0,0.0,0.0,0.0,0.0,10.0195,4.23677,0.00674,0.13537,TripleIncreaseAngularVelo,raised
8.02456,475,-1.91602,-0.296982,-9.24478,0.0,0.0,0.0,0.0,0.0,0.0,0.0,10.1953,6.40508,0.00674,0.13537,TripleIncreaseAngularVelo,raised
8.03931,476,-1.89686,-0.306563,-9.24478,0.0,0.0,0.0,0.0,0.0,0.0,0.0,10.1953,4.25187,0.00674,0.13537,TripleIncreaseAngularVelo,raised
8.05826,477,-1.8777,-0.306563,-9.20646,0.0,0.0,0.0,0.0,0.0,0.0,0.0,10.1953,2.11731,0.00674,0.13537,TripleIncreaseAngularVelo,raised
8.07424,478,-1.90644,-0.296982,-9.20646,0.0,0.0,0.0,0.0,0.0,0.0,0.0,10.1953,2.25272,0.00674,0.13537,TripleIncreaseAngularVelo,raised
8.09031,479,-1.89686,-0.277822,-9.24478,0.0,0.0,0.0,0.0,0.0,0.0,0.0,10.1953,2.19557,0.00674,0.13537,TripleIncreaseAngularVelo,raised
8.10724,480,-1.93518,-0.287402,-9.2352,0.0,0.0,0.0,0.0,0.0,0.0,0.0,10.1953,0.0,0.00674,0.13537,TripleIncreaseAngularVelo,raised
8.12124,481,-1.93518,-0.268242,-9.22562,0.0,0.0,0.0,0.0,0.0,0.0,0.0,10.0195,-2.14549,0.00674,0.13537,TripleIncreaseAngularVelo,raised
8.13626,482,-1.89686,-0.268242,-9.25436,0.0,0.0,0.0,0.0,0.0,0.0,0.0,10.0195,-2.25366,0.00674,0.13537,TripleIncreaseAngularVelo,raised
8.15224,483,-1.90644,-0.229922,-9.25436,0.0,0.0,0.0,0.0,0.0,0.0,0.0,10.0195,-2.25337,0.00674,0.13537,TripleIncreaseAngularVelo,raised
8.16823,484,-1.89686,-0.229922,-9.2352,0.0,0.0,0.0,0.0,0.0,0.0,0.0,9.84375,-4.51157,0.00674,0.13537,TripleIncreaseAngularVelo,raised
8.1863,485,-1.90644,-0.249082,-9.26394,0.0,0.0,0.0,0.0,0.0,0.0,0.0,9.84375,-4.44637,0.00674,0.13537,TripleIncreaseAngularVelo,raised
8.20128,486,-1.90644,-0.220342,-9.2352,0.0,0.0,0.0,0.0,0.0,0.0,0.0,9.66797,-4.39241,0.00674,0.13537,TripleIncreaseAngularVelo,raised
8.21623,487,-1.90644,-0.220342,-9.25436,0.0,0.0,0.0,0.0,0.0,0.0,0.0,9.49219,-6.59395,0.00674,0.13537,TripleIncreaseAngularVelo,raised
8.2312,488,-1.88728,-0.191602,-9.25436,0.0,0.0,0.0,0.0,0.0,0.0,0.0,9.31641,-8.90545,0.00674,0.13537,TripleIncreaseAngularVelo,raised
8.24722,489,-1.88728,-0.191602,-9.2831,0.0,0.0,0.0,0.0,0.0,0.0,0.0,9.31641,-6.676,0.00674,0.13537,TripleIncreaseAngularVelo,raised
8.26126,490,-1.88728,-0.162861,-9.30226,0.0,0.0,0.0,0.0,0.0,0.0,0.0,9.14062,-9.38063,0.00674,0.13537,TripleIncreaseAngularVelo,raised
8.27722,491,-1.89686,-0.162861,-9.31184,0.0,0.0,0.0,0.0,0.0,0.0,0.0,8.96484,-9.25891,0.00674,0.13537,TripleIncreaseAngularVelo,raised
8.29421,492,-1.9256,-0.172441,-9.31184,0.0,0.0,0.0,0.0,0.0,0.0,0.0,8.61328,-11.2709,0.00674,0.13537,TripleIncreaseAngularVelo,raised
8.31221,493,-1.91602,-0.191602,-9.35016,0.0,0.0,0.0,0.0,0.0,0.0,0.0,8.4375,-10.8494,0.00674,0.13537,TripleIncreaseAngularVelo,raised
8.32822,494,-1.91602,-0.143701,-9.35974,0.0,0.0,0.0,0.0,0.0,0.0,0.0,8.26172,-13.0211,0.00674,0.13537,TripleIncreaseAngularVelo,raised
8.34243,495,-1.91602,-0.191602,-9.38848,0.0,0.0,0.0,0.0,0.0,0.0,0.0,8.08594,-12.9931,0.00674,0.13537,TripleIncreaseAngularVelo,raised
8.35767,496,-1.91602,-0.153281,-9.40764,0.0,0.0,0.0,0.0,0.0,0.0,0.0,7.73438,-15.2942,0.00674,0.13537,TripleIncreaseAngularVelo,raised
8.37721,497,-1.96392,-0.153281,-9.4268,0.0,0.0,0.0,0.0,0.0,0.0,0.0,7.55859,-12.7071,0.00674,0.13537,TripleIncreaseAngularVelo,raised
8.39439,498,-1.91602,-0.182021,-9.4268,0.0,0.0,0.0,0.0,0.0,0.0,0.0,7.20703,-14.9725,0.00674,0.13537,TripleIncreaseAngularVelo,raised
8.41122,499,-1.93518,-0.182021,-9.43638,0.0,0.0,0.0,0.0,0.0,0.0,0.0,6.85547,-16.9435,0.00674,0.13537,TripleIncreaseAngularVelo,raised
8.42727,500,-1.91602,-0.162861,-9.4747,0.0,0.0,0.0,0.0,0.0,0.0,0.0,6.67969,-16.5755,0.00674,0.13537,TripleIncreaseAngularVelo,raised
8.44148,501,-1.91602,-0.143701,-9.49386,0.0,0.0,0.0,0.0,0.0,0.0,0.0,6.50391,-14.6826,0.00674,0.13537,TripleIncreaseAngularVelo,raised
8.45531,502,-1.93518,-0.143701,-9.49386,0.0,0.0,0.0,0.0,0.0,0.0,0.0,6.15234,-18.0054,0.00674,0.13537,TripleIncreaseAngularVelo,raised
8.47137,503,-1.96392,-0.172441,-9.55134,0.0,0.0,0.0,0.0,0.0,0.0,0.0,5.80078,-18.2687,0.00674,0.13537,TripleIncreaseAngularVelo,raised
8.48831,504,-1.95434,-0.172441,-9.54176,0.0,0.0,0.0,0.0,0.0,0.0,0.0,5.44922,-18.2416,0.00674,0.13537,TripleIncreaseAngularVelo,raised
8.50325,505,-1.95434,-0.201182,-9.54176,0.0,0.0,0.0,0.0,0.0,0.0,0.0,5.09766,-20.8219,0.00674,0.13537,TripleIncreaseAngularVelo,raised
8.51723,506,-1.9735,-0.201182,-9.54176,0.0,0.0,0.0,0.0,0.0,0.0,0.0,4.92188,-20.8848,0.00674,0.13537,TripleIncreaseAngularVelo,raised
8.53123,507,-1.94476,-0.191602,-9.58008,0.0,0.0,0.0,0.0,0.0,0.0,0.0,4.57031,-20.8394,0.00674,0.13537,TripleIncreaseAngularVelo,raised
8.54722,508,-1.9735,-0.210762,-9.6184,0.0,0.0,0.0,0.0,0.0,0.0,0.0,4.21875,-20.8554,0.00674,0.13537,TripleIncreaseAngularVelo,raised
8.56247,509,-1.9735,-0.210762,-9.6184,0.0,0.0,0.0,0.0,0.0,0.0,0.0,3.86719,-21.3321,0.00674,0.13537,TripleIncreaseAngularVelo,raised
8.57823,510,-1.93518,-0.220342,-9.6184,0.0,0.0,0.0,0.0,0.0,0.0,0.0,3.51562,-21.098,0.00674,0.13537,TripleIncreaseAngularVelo,raised
8.59522,511,-1.9735,-0.210762,-9.59924,0.0,0.0,0.0,0.0,0.0,0.0,0.0,3.16406,-22.5375,0.00674,0.13537,TripleIncreaseAngularVelo,raised
8.61123,512,-1.98308,-0.220342,-9.58966,0.0,0.0,0.0,0.0,0.0,0.0,0.0,2.8125,-21.9715,0.00674,0.13537,TripleIncreaseAngularVelo,raised
8.62724,513,-1.94476,-0.258662,-9.64714,0.0,0.0,0.0,0.0,0.0,0.0,0.0,2.46094,-21.9696,0.00674,0.13537,TripleIncreaseAngularVelo,raised
8.64134,514,-1.94476,-0.258662,-9.64714,0.0,0.0,0.0,0.0,0.0,0.0,0.0,2.10938,-22.2876,0.00674,0.13537,TripleIncreaseAngularVelo,raised
8.65537,515,-1.9735,-0.249082,-9.64714,0.0,0.0,0.0,0.0,0.0,0.0,0.0,1.58203,-25.0672,0.00674,0.13537,TripleIncreaseAngularVelo,raised
8.67425,516,-1.9735,-0.249082,-9.67588,0.0,0.0,0.0,0.0,0.0,0.0,0.0,1.23047,-24.4667,0.00674,0.13537,TripleIncreaseAngularVelo,raised
8.69121,517,-1.99266,-0.277822,-9.6663,0.0,0.0,0.0,0.0,0.0,0.0,0.0,0.878906,-24.1767,0.00674,0.13537,TripleIncreaseAngularVelo,raised
8.70812,518,-1.95434,-0.325723,-9.70462,0.0,0.0,0.0,0.0,0.0,0.0,0.0,0.527344,-23.9053,0.00674,0.13537,TripleIncreaseAngularVelo,raised
8.72275,519,-1.95434,-0.296982,-9.70462,0.0,0.0,0.0,0.0,0.0,0.0,0.0,0.175781,-23.7497,0.00674,0.13537,TripleIncreaseAngularVelo,lowered
8.73723,520,-1.96392,-0.296982,-9.70462,0.0,0.0,0.0,0.0,0.0,0.0,0.0,-0.175781,-21.4728,0.00674,0.13537,TripleIncreaseAngularVelo,raised
8.7541,521,-1.96392,-0.296982,-9.70462,0.0,0.0,0.0,0.0,0.0,0.0,0.0,-0.527344,-22.0154,0.00674,0.13537,TripleIncreaseAngularVelo,lowered
8.77022,522,-1.96392,-0.325723,-9.67588,0.0,0.0,0.0,0.0,0.0,0.0,0.0,-0.878906,-22.249,0.00674,0.13537,TripleIncreaseAngularVelo,lowered
8.78829,523,-1.98308,-0.296982,-9.72378,0.0,0.0,0.0,0.0,0.0,0.0,0.0,-1.40625,-24.1188,0.00674,0.13537,TripleIncreaseAngularVelo,lowered
8.80435,524,-1.98308,-0.306563,-9.6663,0.0,0.0,0.0,0.0,0.0,0.0,0.0,-2.10938,-28.0049,0.00674,0.13537,TripleIncreaseAngularVelo,lowered
8.83621,525,-1.96392,-0.316143,-9.65672,0.0,0.0,0.0,0.0,0.0,0.0,0.0,-2.8125,-26.6389,0.00674,0.13537,TripleIncreaseAngularVelo,lowered
8.8712,526,-1.96392,-0.287402,-9.6663,0.0,0.0,0.0,0.0,0.0,0.0,0.0,-3.33984,-24.0167,0.00674,0.13537,TripleIncreaseAngularVelo,lowered
8.88821,527,-1.96392,-0.287402,-9.67588,0.0,0.0,0.0,0.0,0.0,0.0,0.0,-3.51562,-22.3469,0.00674,0.13537,TripleIncreaseAngularVelo,lowered
8.90328,528,-1.96392,-0.287402,-9.62798,0.0,0.0,0.0,0.0,0.0,0.0,0.0,-3.86719,-21.4019,0.00674,0.13537,TripleIncreaseAngularVelo,lowered
8.9192,529,-1.95434,-0.277822,-9.62798,0.0,0.0,0.0,0.0,0.0,0.0,0.0,-4.21875,-18.3658,0.00674,0.13537,TripleIncreaseAngularVelo,raised
8.9362,530,-1.96392,-0.258662,-9.64714,0.0,0.0,0.0,0.0,0.0,0.0,0.0,-4.57031,-17.5802,0.00674,0.13537,TripleIncreaseAngularVelo,raised
8.95222,531,-1.9256,-0.239502,-9.64714,0.0,0.0,0.0,0.0,0.0,0.0,0.0,-4.92188,-19.5284,0.00674,0.13537,TripleIncreaseAngularVelo,raised
8.96746,532,-1.9256,-0.220342,-9.58008,0.0,0.0,0.0,0.0,0.0,0.0,0.0,-5.09766,-19.9616,0.00674,0.13537,TripleIncreaseAngularVelo,raised
8.98321,533,-1.9256,-0.220342,-9.58966,0.0,0.0,0.0,0.0,0.0,0.0,0.0,-5.44922,-19.792,0.00674,0.13537,TripleIncreaseAngularVelo,raised
8.99723,534,-1.94476,-0.239502,-9.5705,0.0,0.0,0.0,0.0,0.0,0.0,0.0,-5.80078,-20.2764,0.00674,0.13537,TripleIncreaseAngularVelo,raised
9.0142,535,-1.95434,-0.258662,-9.5705,0.0,0.0,0.0,0.0,0.0,0.0,0.0,-5.97656,-18.0282,0.00674,0.13537,TripleIncreaseAngularVelo,raised
9.03021,536,-1.9256,-0.210762,-9.5705,0.0,0.0,0.0,0.0,0.0,0.0,0.0,-6.32812,-18.0307,0.00674,0.13537,TripleIncreaseAngularVelo,raised
9.04429,537,-1.9256,-0.249082,-9.53218,0.0,0.0,0.0,0.0,0.0,0.0,0.0,-6.50391,-18.3044,0.00674,0.13537,TripleIncreaseAngularVelo,raised
9.05929,538,-1.93518,-0.249082,-9.51302,0.0,0.0,0.0,0.0,0.0,0.0,0.0,-6.85547,-18.4832,0.00674,0.13537,TripleIncreaseAngularVelo,raised
9.0753,539,-1.9256,-0.191602,-9.51302,0.0,0.0,0.0,0.0,0.0,0.0,0.0,-7.03125,-15.7612,0.00674,0.13537,TripleIncreaseAngularVelo,raised
9.0923,540,-1.93518,-0.210762,-9.4747,0.0,0.0,0.0,0.0,0.0,0.0,0.0,-7.20703,-15.7554,0.00674,0.13537,TripleIncreaseAngularVelo,raised
9.10721,541,-1.93518,-0.210762,-9.45554,0.0,0.0,0.0,0.0,0.0,0.0,0.0,-7.55859,-15.979,0.00674,0.13537,TripleIncreaseAngularVelo,raised
9.1272,542,-1.88728,-0.210762,-9.50344,0.0,0.0,0.0,0.0,0.0,0.0,0.0,-7.73438,-14.8406,0.00674,0.13537,TripleIncreaseAngularVelo,raised
9.14321,543,-1.88728,-0.172441,-9.44596,0.0,0.0,0.0,0.0,0.0,0.0,0.0,-7.91016,-12.568,0.00674,0.13537,TripleIncreaseAngularVelo,raised
9.15728,544,-1.88728,-0.172441,-9.43638,0.0,0.0,0.0,0.0,0.0,0.0,0.0,-8.08594,-12.8655,0.00674,0.13537,TripleIncreaseAngularVelo,raised
9.17428,545,-1.9256,-0.162861,-9.43638,0.0,0.0,0.0,0.0,0.0,0.0,0.0,-8.26172,-12.8651,0.00674,0.13537,TripleIncreaseAngularVelo,raised
9.19322,546,-1.9256,-0.201182,-9.41722,0.0,0.0,0.0,0.0,0.0,0.0,0.0,-8.4375,-10.2196,0.00674,0.13537,TripleIncreaseAngularVelo,raised
9.2102,547,-1.89686,-0.210762,-9.38848,0.0,0.0,0.0,0.0,0.0,0.0,0.0,-8.4375,-8.4718,0.00674,0.13537,TripleIncreaseAngularVelo,raised
9.22441,548,-1.89686,-0.210762,-9.36932,0.0,0.0,0.0,0.0,0.0,0.0,0.0,-8.61328,-8.65909,0.00674,0.13537,TripleIncreaseAngularVelo,raised
9.24026,549,-1.8777,-0.153281,-9.41722,0.0,0.0,0.0,0.0,0.0,0.0,0.0,-8.61328,-6.35477,0.00674,0.13537,TripleIncreaseAngularVelo,raised
9.25724,550,-1.89686,-0.162861,-9.41722,0.0,0.0,0.0,0.0,0.0,0.0,0.0,-8.78906,-6.3569,0.00674,0.13537,TripleIncreaseAngularVelo,raised
9.27125,551,-1.90644,-0.153281,-9.36932,0.0,0.0,0.0,0.0,0.0,0.0,0.0,-8.78906,-4.50521,0.00674,0.13537,TripleIncreaseAngularVelo,raised
9.28826,552,-1.90644,-0.229922,-9.35974,0.0,0.0,0.0,0.0,0.0,0.0,0.0,-8.96484,-6.7554,0.00674,0.13537,TripleIncreaseAngularVelo,raised
9.30322,553,-1.88728,-0.229922,-9.35016,0.0,0.0,0.0,0.0,0.0,0.0,0.0,-8.96484,-4.4611,0.00674,0.13537,TripleIncreaseAngularVelo,raised
9.31724,554,-1.9256,-0.182021,-9.35016,0.0,0.0,0.0,0.0,0.0,0.0,0.0,-8.96484,-4.56711,0.00674,0.13537,TripleIncreaseAngularVelo,raised
9.33244,555,-1.8777,-0.172441,-9.34058,0.0,0.0,0.0,0.0,0.0,0.0,0.0,-8.96484,-2.3374,0.00674,0.13537,TripleIncreaseAngularVelo,raised
9.34722,556,-1.89686,-0.172441,-9.35016,0.0,0.0,0.0,0.0,0.0,0.0,0.0,-8.96484,-2.31372,0.00674,0.13537,TripleIncreaseAngularVelo,raised
9.36127,557,-1.89686,-0.172441,-9.35016,0.0,0.0,0.0,0.0,0.0,0.0,0.0,-8.96484,0.0,0.00674,0.13537,TripleIncreaseAngularVelo,raised
9.37726,558,-1.8777,-0.191602,-9.35016,0.0,0.0,0.0,0.0,0.0,0.0,0.0,-8.96484,0.0,0.00674,0.13537,TripleIncreaseAngularVelo,raised
9.3952,559,-1.9256,-0.191602,-9.32142,0.0,0.0,0.0,0.0,0.0,0.0,0.0,-8.96484,0.0,0.00674,0.13537,TripleIncreaseAngularVelo,raised
9.41123,560,-1.91602,-0.201182,-9.331,0.0,0.0,0.0,0.0,0.0,0.0,0.0,-8.78906,2.23116,0.00674,0.13537,TripleIncreaseAngularVelo,raised
9.42726,561,-1.8777,-0.210762,-9.35016,0.0,0.0,0.0,0.0,0.0,0.0,0.0,-8.78906,2.19628,0.00674,0.13537,TripleIncreaseAngularVelo,raised
9.44131,562,-1.8777,-0.210762,-9.38848,0.0,0.0,0.0,0.0,0.0,0.0,0.0,-8.61328,4.3927,0.00674,0.13537,TripleIncreaseAngularVelo,raised
9.45529,563,-1.8777,-0.201182,-9.38848,0.0,0.0,0.0,0.0,0.0,0.0,0.0,-8.61328,4.50536,0.00674,0.13537,TripleIncreaseAngularVelo,raised
9.47128,564,-1.90644,-0.229922,-9.32142,0.0,0.0,0.0,0.0,0.0,0.0,0.0,-8.4375,6.93186,0.00674,0.13537,TripleIncreaseAngularVelo,raised
9.48722,565,-1.9256,-0.258662,-9.35016,0.0,0.0,0.0,0.0,0.0,0.0,0.0,-8.4375,4.62626,0.00674,0.13537,TripleIncreaseAngularVelo,raised
9.50225,566,-1.9256,-0.258662,-9.331,0.0,0.0,0.0,0.0,0.0,0.0,0.0,-8.26172,7.03259,0.00674,0.13537,TripleIncreaseAngularVelo,raised
9.51824,567,-1.90644,-0.239502,-9.331,0.0,0.0,0.0,0.0,0.0,0.0,0.0,-8.08594,6.85451,0.00674,0.13537,TripleIncreaseAngularVelo,raised
9.53622,568,-1.91602,-0.277822,-9.40764,0.0,0.0,0.0,0.0,0.0,0.0,0.0,-7.91016,8.68855,0.00674,0.13537,TripleIncreaseAngularVelo,raised
9.55529,569,-1.89686,-0.287402,-9.41722,0.0,0.0,0.0,0.0,0.0,0.0,0.0,-7.73438,8.36946,0.00674,0.13537,TripleIncreaseAngularVelo,raised
9.57126,570,-1.9256,-0.268242,-9.43638,0.0,0.0,0.0,0.0,0.0,0.0,0.0,-7.55859,10.4585,0.00674,0.13537,TripleIncreaseAngularVelo,raised
9.5874,571,-1.9256,-0.296982,-9.39806,0.0,0.0,0.0,0.0,0.0,0.0,0.0,-7.20703,12.3853,0.00674,0.13537,TripleIncreaseAngularVelo,raised
9.60726,572,-1.9256,-0.258662,-9.43638,0.0,0.0,0.0,0.0,0.0,0.0,0.0,-7.03125,11.848,0.00674,0.13537,TripleIncreaseAngularVelo,raised
9.62326,573,-1.90644,-0.258662,-9.43638,0.0,0.0,0.0,0.0,0.0,0.0,0.0,-6.67969,14.1359,0.00674,0.13537,TripleIncreaseAngularVelo,raised
9.64023,574,-1.93518,-0.325723,-9.43638,0.0,0.0,0.0,0.0,0.0,0.0,0.0,-6.50391,14.4867,0.00674,0.13537,TripleIncreaseAngularVelo,raised
9.65423,575,-1.89686,-0.306563,-9.50344,0.0,0.0,0.0,0.0,0.0,0.0,0.0,-6.15234,16.948,0.00674,0.13537,TripleIncreaseAngularVelo,raised
9.67126,576,-1.95434,-0.287402,-9.50344,0.0,0.0,0.0,0.0,0.0,0.0,0.0,-5.97656,14.6733,0.00674,0.13537,TripleIncreaseAngularVelo,raised
9.68923,577,-1.95434,-0.306563,-9.48428,0.0,0.0,0.0,0.0,0.0,0.0,0.0,-5.625,17.155,0.00674,0.13537,TripleIncreaseAngularVelo,raised
9.70527,578,-1.95434,-0.306563,-9.4747,0.0,0.0,0.0,0.0,0.0,0.0,0.0,-5.44922,15.0045,0.00674,0.13537,TripleIncreaseAngularVelo,raised
9.72125,579,-1.96392,-0.306563,-9.4747,0.0,0.0,0.0,0.0,0.0,0.0,0.0,-5.09766,17.3556,0.00674,0.13537,TripleIncreaseAngularVelo,raised
9.73623,580,-1.93518,-0.287402,-9.54176,0.0,0.0,0.0,0.0,0.0,0.0,0.0,-4.74609,17.1504,0.00674,0.13537,TripleIncreaseAngularVelo,raised
9.75129,581,-1.94476,-0.268242,-9.56092,0.0,0.0,0.0,0.0,0.0,0.0,0.0,-4.39453,19.7672,0.00674,0.13537,TripleIncreaseAngularVelo,raised
9.76824,582,-1.94476,-0.306563,-9.58966,0.0,0.0,0.0,0.0,0.0,0.0,0.0,-4.21875,17.7995,0.00674,0.13537,TripleIncreaseAngularVelo,raised
9.78322,583,-1.9735,-0.306563,-9.56092,0.0,0.0,0.0,0.0,0.0,0.0,0.0,-3.86719,20.2959,0.00674,0.13537,TripleIncreaseAngularVelo,raised
9.79724,584,-1.96392,-0.296982,-9.59924,0.0,0.0,0.0,0.0,0.0,0.0,0.0,-3.51562,20.8191,0.00674,0.13537,TripleIncreaseAngularVelo,lowered
9.81619,585,-1.9735,-0.268242,-9.59924,0.0,0.0,0.0,0.0,0.0,0.0,0.0,-2.98828,21.9812,0.00674,0.13537,TripleIncreaseAngularVelo,lowered
9.83522,586,-1.9735,-0.239502,-9.63756,0.0,0.0,0.0,0.0,0.0,0.0,0.0,-2.8125,18.851,0.00674,0.13537,TripleIncreaseAngularVelo,lowered
9.85127,587,-1.98308,-0.220342,-9.63756,0.0,0.0,0.0,0.0,0.0,0.0,0.0,-2.28516,23.2876,0.00674,0.13537,TripleIncreaseAngularVelo,raised
9.86724,588,-1.98308,-0.220342,-9.64714,0.0,0.0,0.0,0.0,0.0,0.0,0.0,-2.10938,20.9217,0.00674,0.13537,TripleIncreaseAngularVelo,lowered
9.88222,589,-1.99266,-0.258662,-9.64714,0.0,0.0,0.0,0.0,0.0,0.0,0.0,-1.75781,20.6855,0.00674,0.13537,TripleIncreaseAngularVelo,raised
9.89723,590,-1.98308,-0.229922,-9.64714,0.0,0.0,0.0,0.0,0.0,0.0,0.0,-1.40625,19.5215,0.00674,0.13537,TripleIncreaseAngularVelo,lowered
9.91321,591,-1.99266,-0.239502,-9.65672,0.0,0.0,0.0,0.0,0.0,0.0,0.0,-0.878906,24.7914,0.00674,0.13537,TripleIncreaseAngularVelo,raised
9.9302,592,-1.99266,-0.239502,-9.69504,0.0,0.0,0.0,0.0,0.0,0.0,0.0,-0.527344,22.2685,0.00674,0.13537,TripleIncreaseAngularVelo,lowered
9.9482,593,-2.00224,-0.210762,-9.6663,0.0,0.0,0.0,0.0,0.0,0.0,0.0,-0.175781,23.8839,0.00674,0.13537,TripleIncreaseAngularVelo,raised
9.96323,594,-1.98308,-0.210762,-9.6663,0.0,0.0,0.0,0.0,0.0,0.0,0.0,0.175781,23.8678,0.00674,0.13537,TripleIncreaseAngularVelo,lowered
9.98011,595,-2.01182,-0.191602,-9.65672,0.0,0.0,0.0,0.0,0.0,0.0,0.0,0.527344,23.3325,0.00674,0.13537,TripleIncreaseAngularVelo,raised
9.99722,596,-2.01182,-0.191602,-9.65672,0.0,0.0,0.0,0.0,0.0,0.0,0.0,1.05469,23.017,0.00674,0.13537,TripleIncreaseAngularVelo,raised
10.0152,597,-2.00224,-0.201182,-9.64714,0.0,0.0,0.0,0.0,0.0,0.0,0.0,1.40625,22.7464,0.00674,0.13537,TripleIncreaseAngularVelo,raised
10.0312,598,-1.99266,-0.182021,-9.70462,0.0,0.0,0.0,0.0,0.0,0.0,0.0,1.75781,23.2877,0.00674,0.13537,TripleIncreaseAngularVelo,raised
10.0482,599,-1.99266,-0.191602,-9.6663,0.0,0.0,0.0,0.0,0.0,0.0,0.0,2.10938,22.7527,0.00674,0.13537,TripleIncreaseAngularVelo,raised
10.0622,600,-2.00224,-0.191602,-9.6663,0.0,0.0,0.0,0.0,0.0,0.0,0.0,2.46094,23.5423,0.00674,0.13537,TripleIncreaseAngularVelo,raised
10.0763,601,-2.03098,-0.162861,-9.64714,0.0,0.0,0.0,0.0,0.0,0.0,0.0,2.8125,22.228,0.00674,0.13537,TripleIncreaseAngularVelo,raised
10.0942,602,-2.00224,-0.210762,-9.65672,0.0,0.0,0.0,0.0,0.0,0.0,0.0,3.33984,24.4759,0.00674,0.13537,TripleIncreaseAngularVelo,raised
10.1132,603,-2.00224,-0.210762,-9.62798,0.0,0.0,0.0,0.0,0.0,0.0,0.0,3.69141,23.585,0.00674,0.13537,TripleIncreaseAngularVelo,raised
10.1312,604,-1.9735,-0.172441,-9.63756,0.0,0.0,0.0,0.0,0.0,0.0,0.0,4.04297,23.2971,0.00674,0.13537,TripleIncreaseAngularVelo,raised
10.1482,605,-1.98308,-0.153281,-9.60882,0.0,0.0,0.0,0.0,0.0,0.0,0.0,4.39453,22.4901,0.00674,0.13537,TripleIncreaseAngularVelo,raised
10.1652,606,-1.98308,-0.153281,-9.59924,0.0,0.0,0.0,0.0,0.0,0.0,0.0,4.74609,21.7465,0.00674,0.13537,TripleIncreaseAngularVelo,raised
10.1802,607,-2.0214,-0.134121,-9.59924,0.0,0.0,0.0,0.0,0.0,0.0,0.0,5.09766,20.436,0.00674,0.13537,TripleIncreaseAngularVelo,raised
10.1952,608,-1.99266,-0.210762,-9.58966,0.0,0.0,0.0,0.0,0.0,0.0,0.0,5.44922,21.4387,0.00674,0.13537,TripleIncreaseAngularVelo,raised
10.2132,609,-1.98308,-0.191602,-9.53218,0.0,0.0,0.0,0.0,0.0,0.0,0.0,5.80078,21.4339,0.00674,0.13537,TripleIncreaseAngularVelo,raised
10.2332,610,-1.96392,-0.191602,-9.58008,0.0,0.0,0.0,0.0,0.0,0.0,0.0,6.15234,20.6724,0.00674,0.13537,TripleIncreaseAngularVelo,raised
10.2502,611,-1.96392,-0.210762,-9.55134,0.0,0.0,0.0,0.0,0.0,0.0,0.0,6.50391,20.6756,0.00674,0.13537,TripleIncreaseAngularVelo,raised
10.2673,612,-1.94476,-0.182021,-9.46512,0.0,0.0,0.0,0.0,0.0,0.0,0.0,6.67969,18.1747,0.00674,0.13537,TripleIncreaseAngularVelo,raised
10.2842,613,-1.9735,-0.182021,-9.50344,0.0,0.0,0.0,0.0,0.0,0.0,0.0,7.03125,17.7714,0.00674,0.13537,TripleIncreaseAngularVelo,raised
10.3002,614,-1.98308,-0.220342,-9.50344,0.0,0.0,0.0,0.0,0.0,0.0,0.0,7.38281,18.1806,0.00674,0.13537,TripleIncreaseAngularVelo,raised
10.3173,615,-1.94476,-0.229922,-9.45554,0.0,0.0,0.0,0.0,0.0,0.0,0.0,7.55859,16.7374,0.00674,0.13537,TripleIncreaseAngularVelo,raised
10.3352,616,-1.9256,-0.249082,-9.45554,0.0,0.0,0.0,0.0,0.0,0.0,0.0,7.91016,16.5433,0.00674,0.13537,TripleIncreaseAngularVelo,raised
10.3563,617,-1.9256,-0.239502,-9.45554,0.0,0.0,0.0,0.0,0.0,0.0,0.0,8.08594,15.8027,0.00674,0.13537,TripleIncreaseAngularVelo,raised
10.3712,618,-1.95434,-0.249082,-9.39806,0.0,0.0,0.0,0.0,0.0,0.0,0.0,8.4375,16.1639,0.00674,0.13537,TripleIncreaseAngularVelo,raised
10.3883,619,-1.93518,-0.277822,-9.38848,0.0,0.0,0.0,0.0,0.0,0.0,0.0,8.61328,13.9781,0.00674,0.13537,TripleIncreaseAngularVelo,raised
10.4092,620,-1.93518,-0.277822,-9.38848,0.0,0.0,0.0,0.0,0.0,0.0,0.0,8.78906,13.3816,0.00674,0.13537,TripleIncreaseAngularVelo,raised
10.4243,621,-1.9256,-0.277822,-9.39806,0.0,0.0,0.0,0.0,0.0,0.0,0.0,8.96484,11.8414,0.00674,0.13537,TripleIncreaseAngularVelo,raised
10.4403,622,-1.89686,-0.287402,-9.39806,0.0,0.0,0.0,0.0,0.0,0.0,0.0,9.14062,12.5506,0.00674,0.13537,TripleIncreaseAngularVelo,raised
10.4572,623,-1.93518,-0.268242,-9.35974,0.0,0.0,0.0,0.0,0.0,0.0,0.0,9.31641,10.2212,0.00674,0.13537,TripleIncreaseAngularVelo,raised
10.4752,624,-1.90644,-0.306563,-9.34058,0.0,0.0,0.0,0.0,0.0,0.0,0.0,9.31641,8.08658,0.00674,0.13537,TripleIncreaseAngularVelo,raised
10.4913,625,-1.93518,-0.277822,-9.2831,0.0,0.0,0.0,0.0,0.0,0.0,0.0,9.49219,8.57061,0.00674,0.13537,TripleIncreaseAngularVelo,raised
10.5073,626,-1.93518,-0.287402,-9.25436,0.0,0.0,0.0,0.0,0.0,0.0,0.0,9.66797,8.47056,0.00674,0.13537,TripleIncreaseAngularVelo,raised
10.5233,627,-1.89686,-0.296982,-9.29268,0.0,0.0,0.0,0.0,0.0,0.0,0.0,9.84375,8.47324,0.00674,0.13537,TripleIncreaseAngularVelo,raised
10.5482,628,-1.88728,-0.296982,-9.26394,0.0,0.0,0.0,0.0,0.0,0.0,0.0,9.84375,5.79615,0.00674,0.13537,TripleIncreaseAngularVelo,raised
10.5692,629,-1.9256,-0.306563,-9.24478,0.0,0.0,0.0,0.0,0.0,0.0,0.0,10.0195,7.47788,0.00674,0.13537,TripleIncreaseAngularVelo,raised
10.5883,630,-1.91602,-0.306563,-9.2352,0.0,0.0,0.0,0.0,0.0,0.0,0.0,10.0195,5.4359,0.00674,0.13537,TripleIncreaseAngularVelo,raised
10.6023,631,-1.93518,-0.258662,-9.22562,0.0,0.0,0.0,0.0,0.0,0.0,0.0,10.0195,3.7012,0.00674,0.13537,TripleIncreaseAngularVelo,raised
10.6282,632,-1.8777,-0.287402,-9.24478,0.0,0.0,0.0,0.0,0.0,0.0,0.0,10.0195,1.67598,0.00674,0.13537,TripleIncreaseAngularVelo,raised
10.6533,633,-1.89686,-0.306563,-9.24478,0.0,0.0,0.0,0.0,0.0,0.0,0.0,10.0195,1.6725,0.00674,0.13537,TripleIncreaseAngularVelo,raised
10.6753,634,-1.90644,-0.258662,-9.24478,0.0,0.0,0.0,0.0,0.0,0.0,0.0,9.84375,-1.6581,0.00674,0.13537,TripleIncreaseAngularVelo,raised
10.6912,635,-1.90644,-0.277822,-9.24478,0.0,0.0,0.0,0.0,0.0,0.0,0.0,9.84375,-1.7071,0.00674,0.13537,TripleIncreaseAngularVelo,raised
10.7072,636,-1.90644,-0.287402,-9.26394,0.0,0.0,0.0,0.0,0.0,0.0,0.0,9.66797,-3.35072,0.00674,0.13537,TripleIncreaseAngularVelo,raised
10.7243,637,-1.8777,-0.287402,-9.2352,0.0,0.0,0.0,0.0,0.0,0.0,0.0,9.66797,-3.65748,0.00674,0.13537,TripleIncreaseAngularVelo,raised
10.7422,638,-1.8777,-0.268242,-9.2352,0.0,0.0,0.0,0.0,0.0,0.0,0.0,9.49219,-5.93023,0.00674,0.13537,TripleIncreaseAngularVelo,raised
10.7592,639,-1.88728,-0.277822,-9.2831,0.0,0.0,0.0,0.0,0.0,0.0,0.0,9.31641,-6.28034,0.00674,0.13537,TripleIncreaseAngularVelo,raised
10.7743,640,-1.94476,-0.239502,-9.26394,0.0,0.0,0.0,0.0,0.0,0.0,0.0,9.31641,-6.35066,0.00674,0.13537,TripleIncreaseAngularVelo,raised
10.7903,641,-1.94476,-0.249082,-9.2831,0.0,0.0,0.0,0.0,0.0,0.0,0.0,9.14062,-6.34467,0.00674,0.13537,TripleIncreaseAngularVelo,raised
10.8084,642,-1.93518,-0.249082,-9.30226,0.0,0.0,0.0,0.0,0.0,0.0,0.0,8.96484,-8.36279,0.00674,0.13537,TripleIncreaseAngularVelo,raised
10.8273,643,-1.91602,-0.249082,-9.32142,0.0,0.0,0.0,0.0,0.0,0.0,0.0,8.78906,-8.26542,0.00674,0.13537,TripleIncreaseAngularVelo,raised
10.8433,644,-1.90644,-0.220342,-9.34058,0.0,0.0,0.0,0.0,0.0,0.0,0.0,8.4375,-10.448,0.00674,0.13537,TripleIncreaseAngularVelo,raised
10.8603,645,-1.9256,-0.210762,-9.34058,0.0,0.0,0.0,0.0,0.0,0.0,0.0,8.26172,-12.267,0.00674,0.13537,TripleIncreaseAngularVelo,raised
10.8746,646,-1.90644,-0.210762,-9.39806,0.0,0.0,0.0,0.0,0.0,0.0,0.0,8.08594,-12.514,0.00674,0.13537,TripleIncreaseAngularVelo,raised
10.8913,647,-1.91602,-0.201182,-9.38848,0.0,0.0,0.0,0.0,0.0,0.0,0.0,7.91016,-12.7138,0.00674,0.13537,TripleIncreaseAngularVelo,raised
10.9086,648,-1.91602,-0.201182,-9.39806,0.0,0.0,0.0,0.0,0.0,0.0,0.0,7.55859,-15.1281,0.00674,0.13537,TripleIncreaseAngularVelo,raised
10.9225,649,-1.91602,-0.182021,-9.39806,0.0,0.0,0.0,0.0,0.0,0.0,0.0,7.38281,-13.3219,0.00674,0.13537,TripleIncreaseAngularVelo,raised
10.9403,650,-1.91602,-0.191602,-9.41722,0.0,0.0,0.0,0.0,0.0,0.0,0.0,7.03125,-15.3753,0.00674,0.13537,TripleIncreaseAngularVelo,raised
10.9553,651,-1.9735,-0.191602,-9.45554,0.0,0.0,0.0,0.0,0.0,0.0,0.0,6.85547,-15.2504,0.00674,0.13537,TripleIncreaseAngularVelo,raised
10.9722,652,-1.9735,-0.201182,-9.44596,0.0,0.0,0.0,0.0,0.0,0.0,0.0,6.50391,-17.3848,0.00674,0.13537,TripleIncreaseAngularVelo,raised
10.9883,653,-1.9735,-0.201182,-9.49386,0.0,0.0,0.0,0.0,0.0,0.0,0.0,6.32812,-15.435,0.00674,0.13537,TripleIncreaseAngularVelo,raised
11.0023,654,-1.93518,-0.143701,-9.49386,0.0,0.0,0.0,0.0,0.0,0.0,0.0,5.97656,-17.6352,0.00674,0.13537,TripleIncreaseAngularVelo,raised
11.0163,655,-1.93518,-0.182021,-9.50344,0.0,0.0,0.0,0.0,0.0,0.0,0.0,5.625,-18.503,0.00674,0.13537,TripleIncreaseAngularVelo,raised
11.0343,656,-1.93518,-0.182021,-9.51302,0.0,0.0,0.0,0.0,0.0,0.0,0.0,5.27344,-20.0387,0.00674,0.13537,TripleIncreaseAngularVelo,raised
11.0512,657,-1.93518,-0.201182,-9.54176,0.0,0.0,0.0,0.0,0.0,0.0,0.0,4.92188,-20.0202,0.00674,0.13537,TripleIncreaseAngularVelo,raised
11.0713,658,-1.9735,-0.201182,-9.58008,0.0,0.0,0.0,0.0,0.0,0.0,0.0,4.57031,-21.1987,0.00674,0.13537,TripleIncreaseAngularVelo,raised
11.0872,659,-1.93518,-0.201182,-9.5705,0.0,0.0,0.0,0.0,0.0,0.0,0.0,4.21875,-20.6987,0.00674,0.13537,TripleIncreaseAngularVelo,raised
11.1023,660,-1.95434,-0.201182,-9.5705,0.0,0.0,0.0,0.0,0.0,0.0,0.0,4.04297,-18.391,0.00674,0.13537,TripleIncreaseAngularVelo,raised
11.1182,661,-1.9735,-0.201182,-9.58008,0.0,0.0,0.0,0.0,0.0,0.0,0.0,3.51562,-20.9351,0.00674,0.13537,TripleIncreaseAngularVelo,raised
11.1363,662,-1.96392,-0.210762,-9.63756,0.0,0.0,0.0,0.0,0.0,0.0,0.0,3.16406,-20.6671,0.00674,0.13537,TripleIncreaseAngularVelo,raised
11.1522,663,-1.96392,-0.191602,-9.62798,0.0,0.0,0.0,0.0,0.0,0.0,0.0,2.8125,-21.7133,0.00674,0.13537,TripleIncreaseAngularVelo,raised
11.1692,664,-1.99266,-0.210762,-9.59924,0.0,0.0,0.0,0.0,0.0,0.0,0.0,2.46094,-21.4223,0.00674,0.13537,TripleIncreaseAngularVelo,raised
11.1833,665,-1.9735,-0.210762,-9.59924,0.0,0.0,0.0,0.0,0.0,0.0,0.0,2.28516,-21.7098,0.00674,0.13537,TripleIncreaseAngularVelo,raised
11.1963,666,-1.99266,-0.239502,-9.64714,0.0,0.0,0.0,0.0,0.0,0.0,0.0,1.93359,-20.2558,0.00674,0.13537,TripleIncreaseAngularVelo,raised
11.2102,667,-1.99266,-0.239502,-9.64714,0.0,0.0,0.0,0.0,0.0,0.0,0.0,1.40625,-23.7789,0.00674,0.13537,TripleIncreaseAngularVelo,raised
11.2272,668,-1.9735,-0.249082,-9.67588,0.0,0.0,0.0,0.0,0.0,0.0,0.0,1.05469,-23.439,0.00674,0.13537,TripleIncreaseAngularVelo,raised
11.2434,669,-1.98308,-0.249082,-9.67588,0.0,0.0,0.0,0.0,0.0,0.0,0.0,0.703125,-23.6873,0.00674,0.13537,TripleIncreaseAngularVelo,raised
11.2602,670,-1.98308,-0.220342,-9.67588,0.0,0.0,0.0,0.0,0.0,0.0,0.0,0.351562,-25.1296,0.00674,0.13537,TripleIncreaseAngularVelo,raised
11.2792,671,-1.95434,-0.239502,-9.6663,0.0,0.0,0.0,0.0,0.0,0.0,0.0,0.0,-23.3277,0.00674,0.13537,TripleIncreaseAngularVelo,raised
11.2942,672,-1.95434,-0.239502,-9.65672,0.0,0.0,0.0,0.0,0.0,0.0,0.0,-0.351562,-20.9208,0.00674,0.13537,TripleIncreaseAngularVelo,lowered
11.313,673,-2.00224,-0.287402,-9.69504,0.0,0.0,0.0,0.0,0.0,0.0,0.0,-0.878906,-22.5281,0.00674,0.13537,TripleIncreaseAngularVelo,raised
11.3273,674,-1.95434,-0.287402,-9.65672,0.0,0.0,0.0,0.0,0.0,0.0,0.0,-1.23047,-23.0671,0.00674,0.13537,TripleIncreaseAngularVelo,raised
11.3442,675,-1.96392,-0.306563,-9.65672,0.0,0.0,0.0,0.0,0.0,0.0,0.0,-1.58203,-23.0227,0.00674,0.13537,TripleIncreaseAngularVelo,raised
11.3602,676,-1.9735,-0.296982,-9.69504,0.0,0.0,0.0,0.0,0.0,0.0,0.0,-1.93359,-23.8631,0.00674,0.13537,TripleIncreaseAngularVelo,raised
11.3792,677,-1.98308,-0.258662,-9.64714,0.0,0.0,0.0,0.0,0.0,0.0,0.0,-2.28516,-22.7547,0.00674,0.13537,TripleIncreaseAngularVelo,raised
11.3972,678,-1.96392,-0.325723,-9.6663,0.0,0.0,0.0,0.0,0.0,0.0,0.0,-2.63672,-20.8859,0.00674,0.13537,TripleIncreaseAngularVelo,raised
11.4122,679,-1.96392,-0.277822,-9.63756,0.0,0.0,0.0,0.0,0.0,0.0,0.0,-2.98828,-20.6929,0.00674,0.13537,TripleIncreaseAngularVelo,raised
11.4282,680,-1.95434,-0.277822,-9.63756,0.0,0.0,0.0,0.0,0.0,0.0,0.0,-3.33984,-20.9241,0.00674,0.13537,TripleIncreaseAngularVelo,raised
11.4462,681,-1.9735,-0.277822,-9.63756,0.0,0.0,0.0,0.0,0.0,0.0,0.0,-3.69141,-20.4497,0.00674,0.13537,TripleIncreaseAngularVelo,raised
11.4622,682,-1.9735,-0.268242,-9.63756,0.0,0.0,0.0,0.0,0.0,0.0,0.0,-4.04297,-21.1782,0.00674,0.13537,TripleIncreaseAngularVelo,raised
11.4782,683,-1.9735,-0.287402,-9.62798,0.0,0.0,0.0,0.0,0.0,0.0,0.0,-4.39453,-21.7025,0.00674,0.13537,TripleIncreaseAngularVelo,raised
11.4932,684,-1.9735,-0.277822,-9.58966,0.0,0.0,0.0,0.0,0.0,0.0,0.0,-4.74609,-21.699,0.00674,0.13537,TripleIncreaseAngularVelo,raised
11.5073,685,-1.93518,-0.277822,-9.59924,0.0,0.0,0.0,0.0,0.0,0.0,0.0,-4.92188,-20.0098,0.00674,0.13537,TripleIncreaseAngularVelo,raised
11.5232,686,-1.91602,-0.287402,-9.59924,0.0,0.0,0.0,0.0,0.0,0.0,0.0,-5.27344,-20.5308,0.00674,0.13537,TripleIncreaseAngularVelo,raised
11.5382,687,-1.9256,-0.239502,-9.5705,0.0,0.0,0.0,0.0,0.0,0.0,0.0,-5.44922,-18.4921,0.00674,0.13537,TripleIncreaseAngularVelo,raised
11.5543,688,-1.9256,-0.239502,-9.55134,0.0,0.0,0.0,0.0,0.0,0.0,0.0,-5.80078,-18.4816,0.00674,0.13537,TripleIncreaseAngularVelo,raised
11.5703,689,-1.9735,-0.239502,-9.55134,0.0,0.0,0.0,0.0,0.0,0.0,0.0,-6.15234,-18.2426,0.00674,0.13537,TripleIncreaseAngularVelo,raised
11.5883,690,-1.95434,-0.239502,-9.55134,0.0,0.0,0.0,0.0,0.0,0.0,0.0,-6.32812,-17.3646,0.00674,0.13537,TripleIncreaseAngularVelo,raised
11.6034,691,-1.9256,-0.249082,-9.54176,0.0,0.0,0.0,0.0,0.0,0.0,0.0,-6.50391,-15.3589,0.00674,0.13537,TripleIncreaseAngularVelo,raised
11.6175,692,-1.88728,-0.239502,-9.50344,0.0,0.0,0.0,0.0,0.0,0.0,0.0,-6.85547,-17.7454,0.00674,0.13537,TripleIncreaseAngularVelo,raised
11.6342,693,-1.88728,-0.258662,-9.50344,0.0,0.0,0.0,0.0,0.0,0.0,0.0,-7.03125,-15.3937,0.00674,0.13537,TripleIncreaseAngularVelo,raised
11.6522,694,-1.91602,-0.239502,-9.46512,0.0,0.0,0.0,0.0,0.0,0.0,0.0,-7.20703,-12.8721,0.00674,0.13537,TripleIncreaseAngularVelo,raised
11.6712,695,-1.91602,-0.239502,-9.4268,0.0,0.0,0.0,0.0,0.0,0.0,0.0,-7.55859,-14.8323,0.00674,0.13537,TripleIncreaseAngularVelo,raised
11.6864,696,-1.9256,-0.249082,-9.4268,0.0,0.0,0.0,0.0,0.0,0.0,0.0,-7.55859,-12.7054,0.00674,0.13537,TripleIncreaseAngularVelo,raised
11.7004,697,-1.90644,-0.229922,-9.43638,0.0,0.0,0.0,0.0,0.0,0.0,0.0,-7.73438,-10.6071,0.00674,0.13537,TripleIncreaseAngularVelo,raised
11.7152,698,-1.88728,-0.220342,-9.4268,0.0,0.0,0.0,0.0,0.0,0.0,0.0,-7.91016,-10.8522,0.00674,0.13537,TripleIncreaseAngularVelo,raised
11.7322,699,-1.88728,-0.201182,-9.40764,0.0,0.0,0.0,0.0,0.0,0.0,0.0,-8.08594,-10.9919,0.00674,0.13537,TripleIncreaseAngularVelo,raised
11.7482,700,-1.95434,-0.201182,-9.41722,0.0,0.0,0.0,0.0,0.0,0.0,0.0,-8.26172,-9.13264,0.00674,0.13537,TripleIncreaseAngularVelo,raised
11.7642,701,-1.9256,-0.229922,-9.41722,0.0,0.0,0.0,0.0,0.0,0.0,0.0,-8.26172,-9.03361,0.00674,0.13537,TripleIncreaseAngularVelo,raised
11.7782,702,-1.91602,-0.201182,-9.35974,0.0,0.0,0.0,0.0,0.0,0.0,0.0,-8.4375,-9.02802,0.00674,0.13537,TripleIncreaseAngularVelo,raised
11.7952,703,-1.91602,-0.191602,-9.3789,0.0,0.0,0.0,0.0,0.0,0.0,0.0,-8.61328,-8.78912,0.00674,0.13537,TripleIncreaseAngularVelo,raised
11.8112,704,-1.91602,-0.172441,-9.36932,0.0,0.0,0.0,0.0,0.0,0.0,0.0,-8.61328,-6.67441,0.00674,0.13537,TripleIncreaseAngularVelo,raised
11.8272,705,-1.89686,-0.172441,-9.36932,0.0,0.0,0.0,0.0,0.0,0.0,0.0,-8.61328,-4.44942,0.00674,0.13537,TripleIncreaseAngularVelo,raised
11.8422,706,-1.88728,-0.172441,-9.38848,0.0,0.0,0.0,0.0,0.0,0.0,0.0,-8.61328,-4.50633,0.00674,0.13537,TripleIncreaseAngularVelo,raised
11.8573,707,-1.88728,-0.172441,-9.38848,0.0,0.0,0.0,0.0,0.0,0.0,0.0,-8.78906,-4.44954,0.00674,0.13537,TripleIncreaseAngularVelo,raised
11.8742,708,-1.89686,-0.191602,-9.38848,0.0,0.0,0.0,0.0,0.0,0.0,0.0,-8.78906,-2.22482,0.00674,0.13537,TripleIncreaseAngularVelo,raised
11.8913,709,-1.89686,-0.191602,-9.36932,0.0,0.0,0.0,0.0,0.0,0.0,0.0,-8.78906,-2.19628,0.00674,0.13537,TripleIncreaseAngularVelo,raised
11.9072,710,-1.90644,-0.182021,-9.36932,0.0,0.0,0.0,0.0,0.0,0.0,0.0,-8.78906,-2.1977,0.00674,0.13537,TripleIncreaseAngularVelo,raised
11.9233,711,-1.90644,-0.210762,-9.331,0.0,0.0,0.0,0.0,0.0,0.0,0.0,-8.78906,-2.16768,0.00674,0.13537,TripleIncreaseAngularVelo,raised
11.9383,712,-1.86812,-0.191602,-9.36932,0.0,0.0,0.0,0.0,0.0,0.0,0.0,-8.61328,2.16936,0.00674,0.13537,TripleIncreaseAngularVelo,raised
11.9552,713,-1.86812,-0.210762,-9.35016,0.0,0.0,0.0,0.0,0.0,0.0,0.0,-8.61328,2.17069,0.00674,0.13537,TripleIncreaseAngularVelo,raised
11.9722,714,-1.89686,-0.210762,-9.31184,0.0,0.0,0.0,0.0,0.0,0.0,0.0,-8.61328,2.17195,0.00674,0.13537,TripleIncreaseAngularVelo,raised
11.9884,715,-1.90644,-0.210762,-9.31184,0.0,0.0,0.0,0.0,0.0,0.0,0.0,-8.4375,4.33218,0.00674,0.13537,TripleIncreaseAngularVelo,raised
12.0023,716,-1.90644,-0.210762,-9.31184,0.0,0.0,0.0,0.0,0.0,0.0,0.0,-8.4375,4.45037,0.00674,0.13537,TripleIncreaseAngularVelo,raised
12.0172,717,-1.90644,-0.201182,-9.35974,0.0,0.0,0.0,0.0,0.0,0.0,0.0,-8.26172,4.45371,0.00674,0.13537,TripleIncreaseAngularVelo,raised
12.0333,718,-1.88728,-0.229922,-9.35974,0.0,0.0,0.0,0.0,0.0,0.0,0.0,-8.26172,4.49966,0.00674,0.13537,TripleIncreaseAngularVelo,raised
12.0473,719,-1.8777,-0.229922,-9.35974,0.0,0.0,0.0,0.0,0.0,0.0,0.0,-8.08594,7.02468,0.00674,0.13537,TripleIncreaseAngularVelo,raised
12.0632,720,-1.9256,-0.229922,-9.34058,0.0,0.0,0.0,0.0,0.0,0.0,0.0,-7.91016,7.04473,0.00674,0.13537,TripleIncreaseAngularVelo,raised
