0.00180316,0,-0.00191719,-0.208238,0.0,0.0,0.0,0.0,0.0,0.0,0.0,0.0,0.351562,0.0,0.00674,0.13537,None,seated
0.012768,1,-0.00191719,-0.212265,0.0,0.0,0.0,0.0,0.0,0.0,0.0,0.0,0.351562,0.0,0.00674,0.13537,Nothing,seated
0.0325081,2,-0.00383455,-0.212265,0.0,0.0,0.0,0.0,0.0,0.0,0.0,0.0,0.351562,0.0,0.00674,0.13537,Nothing,seated
0.045084,3,-0.00383455,-0.211306,0.0,0.0,0.0,0.0,0.0,0.0,0.0,0.0,0.351562,0.0,0.00674,0.13537,Nothing,seated
0.05987,4,1.74846e-07,-0.211306,0.0,0.0,0.0,0.0,0.0,0.0,0.0,0.0,0.351562,0.0,0.00674,0.13537,Nothing,seated
0.0704651,5,-0.00671083,-0.209197,0.0,0.0,0.0,0.0,0.0,0.0,0.0,0.0,0.351562,0.0,0.00674,0.13537,Nothing,seated
0.083308,6,-0.00671083,-0.209197,0.0,0.0,0.0,0.0,0.0,0.0,0.0,0.0,0.351562,0.0,0.00674,0.13537,Nothing,seated
0.0960782,7,-0.00383455,-0.213224,0.0,0.0,0.0,0.0,0.0,0.0,0.0,0.0,0.351562,0.0,0.00674,0.13537,Nothing,seated
0.109854,8,-0.00191719,-0.213224,0.0,0.0,0.0,0.0,0.0,0.0,0.0,0.0,0.351562,0.0,0.00674,0.13537,Nothing,seated
0.12247,9,-0.00191719,-0.213224,0.0,0.0,0.0,0.0,0.0,0.0,0.0,0.0,0.351562,0.0,0.00674,0.13537,Nothing,seated
0.135293,10,-0.00383455,-0.209197,0.0,0.0,0.0,0.0,0.0,0.0,0.0,0.0,0.351562,0.0,0.00674,0.13537,Nothing,seated
0.148465,11,-0.00383455,-0.209197,0.0,0.0,0.0,0.0,0.0,0.0,0.0,0.0,0.351562,0.0,0.00674,0.13537,Nothing,seated
0.164079,12,-0.00287611,-0.209197,0.0,0.0,0.0,0.0,0.0,0.0,0.0,0.0,0.351562,0.0,0.00674,0.13537,Nothing,seated
0.174724,13,-0.000958268,-0.208238,0.0,0.0,0.0,0.0,0.0,0.0,0.0,0.0,0.351562,0.0,0.00674,0.13537,Nothing,seated
0.188956,14,-0.000958268,-0.211306,0.0,0.0,0.0,0.0,0.0,0.0,0.0,0.0,0.351562,0.0,0.00674,0.13537,Nothing,seated
0.202862,15,-0.00191719,-0.211306,0.0,0.0,0.0,0.0,0.0,0.0,0.0,0.0,0.351562,0.0,0.00674,0.13537,Nothing,seated
0.213948,16,-0.00191719,-0.212265,0.0,0.0,0.0,0.0,0.0,0.0,0.0,0.0,0.351562,0.0,0.00674,0.13537,Nothing,seated
0.224017,17,-0.000958268,-0.212265,0.0,0.0,0.0,0.0,0.0,0.0,0.0,0.0,0.351562,0.0,0.00674,0.13537,Nothing,seated
0.23564,18,-0.00287611,-0.209197,0.0,0.0,0.0,0.0,0.0,0.0,0.0,0.0,0.351562,0.0,0.00674,0.13537,Nothing,seated
0.247334,19,-0.00287611,-0.209197,0.0,0.0,0.0,0.0,0.0,0.0,0.0,0.0,0.351562,0.0,0.00674,0.13537,Nothing,seated
0.258858,20,-0.00383455,-0.207279,0.0,0.0,0.0,0.0,0.0,0.0,0.0,0.0,0.351562,0.0,0.00674,0.13537,Nothing,seated
0.270639,21,-0.00383455,-0.212265,0.0,0.0,0.0,0.0,0.0,0.0,0.0,0.0,0.351562,0.0,0.00674,0.13537,Nothing,seated
0.282077,22,-0.00287611,-0.212265,0.0,0.0,0.0,0.0,0.0,0.0,0.0,0.0,0.351562,0.0,0.00674,0.13537,Nothing,seated
0.293492,23,-0.00287611,-0.211306,0.0,0.0,0.0,0.0,0.0,0.0,0.0,0.0,0.351562,0.0,0.00674,0.13537,Nothing,seated
0.309555,24,-0.00191719,-0.213224,0.0,0.0,0.0,0.0,0.0,0.0,0.0,0.0,0.351562,0.0,0.00674,0.13537,Nothing,seated
0.32246,25,-0.00191719,-0.213224,0.0,0.0,0.0,0.0,0.0,0.0,0.0,0.0,0.351562,0.0,0.00674,0.13537,Nothing,seated
0.334464,26,-0.00383455,-0.213224,0.0,0.0,0.0,0.0,0.0,0.0,0.0,0.0,0.351562,0.0,0.00674,0.13537,Nothing,seated
0.347074,27,-0.00383455,-0.211306,0.0,0.0,0.0,0.0,0.0,0.0,0.0,0.0,0.351562,0.0,0.00674,0.13537,Nothing,seated
0.364836,28,-0.00191719,-0.211306,0.0,0.0,0.0,0.0,0.0,0.0,0.0,0.0,0.351562,0.0,0.00674,0.13537,Nothing,seated
0.379466,29,-0.00479347,-0.210347,0.0,0.0,0.0,0.0,0.0,0.0,0.0,0.0,0.351562,0.0,0.00674,0.13537,Nothing,seated
0.401336,30,-0.000958268,-0.213224,0.0,0.0,0.0,0.0,0.0,0.0,0.0,0.0,0.351562,0.0,0.00674,0.13537,Nothing,seated
0.413536,31,-0.00191719,-0.211306,0.0,0.0,0.0,0.0,0.0,0.0,0.0,0.0,0.351562,0.0,0.00674,0.13537,Nothing,seated
0.426461,32,-0.00191719,-0.211306,0.0,0.0,0.0,0.0,0.0,0.0,0.0,0.0,0.351562,0.0,0.00674,0.13537,Nothing,seated
0.44534,33,-0.00479347,-0.211306,0.0,0.0,0.0,0.0,0.0,0.0,0.0,0.0,0.351562,0.0,0.00674,0.13537,Nothing,seated
0.458634,34,-0.00383455,-0.211306,0.0,0.0,0.0,0.0,0.0,0.0,0.0,0.0,0.351562,0.0,0.00674,0.13537,Nothing,seated
0.47055,35,-0.00383455,-0.209197,0.0,0.0,0.0,0.0,0.0,0.0,0.0,0.0,0.351562,0.0,0.00674,0.13537,Nothing,seated
0.483106,36,-0.00383455,-0.209197,0.0,0.0,0.0,0.0,0.0,0.0,0.0,0.0,0.351562,0.0,0.00674,0.13537,Nothing,seated
