0.00178313,0,-0.000958268,-0.198267,0.0,0.0,0.0,0.0,0.0,0.0,0.0,0.0,0.0,0.0,0.00674,0.13537,None,seated
0.0151632,1,-0.000958268,-0.201335,0.0,0.0,0.0,0.0,0.0,0.0,0.0,0.0,0.0,0.0,0.00674,0.13537,Nothing,seated
0.029088,2,-0.00287611,-0.200376,0.0,0.0,0.0,0.0,0.0,0.0,0.0,0.0,0.0,0.0,0.00674,0.13537,Nothing,seated
0.0427151,3,-0.00287611,-0.200376,0.0,0.0,0.0,0.0,0.0,0.0,0.0,0.0,0.0,0.0,0.00674,0.13537,Nothing,seated
0.0550721,4,-0.00671083,-0.199226,0.0,0.0,0.0,0.0,0.0,0.0,0.0,0.0,0.0,0.0,0.00674,0.13537,Nothing,seated
0.0679741,5,-0.00671083,-0.198267,0.0,0.0,0.0,0.0,0.0,0.0,0.0,0.0,0.0,0.0,0.00674,0.13537,Nothing,seated
0.0784621,6,-0.00191719,-0.198267,0.0,0.0,0.0,0.0,0.0,0.0,0.0,0.0,0.0,0.0,0.00674,0.13537,Nothing,seated
0.088593,7,-0.00575239,-0.199226,0.0,0.0,0.0,0.0,0.0,0.0,0.0,0.0,0.0,0.0,0.00674,0.13537,Nothing,seated
0.0988472,8,-0.00575239,-0.199226,0.0,0.0,0.0,0.0,0.0,0.0,0.0,0.0,0.0,0.0,0.00674,0.13537,Nothing,seated
0.10897,9,-0.00191719,-0.203252,0.0,0.0,0.0,0.0,0.0,0.0,0.0,0.0,0.0,0.0,0.00674,0.13537,Nothing,seated
0.122523,10,-0.00191719,-0.200185,0.0,0.0,0.0,0.0,0.0,0.0,0.0,0.0,0.0,0.0,0.00674,0.13537,Nothing,seated
0.134726,11,-0.00575239,-0.200185,0.0,0.0,0.0,0.0,0.0,0.0,0.0,0.0,0.0,0.0,0.00674,0.13537,Nothing,seated
0.146966,12,-0.00575239,-0.198267,0.0,0.0,0.0,0.0,0.0,0.0,0.0,0.0,0.0,0.0,0.00674,0.13537,Nothing,seated
0.158458,13,-0.00191719,-0.198267,0.0,0.0,0.0,0.0,0.0,0.0,0.0,0.0,0.0,0.0,0.00674,0.13537,Nothing,seated
0.169587,14,-0.00287611,-0.202294,0.0,0.0,0.0,0.0,0.0,0.0,0.0,0.0,0.0,0.0,0.00674,0.13537,Nothing,seated
0.18015,15,-0.00287611,-0.202294,0.0,0.0,0.0,0.0,0.0,0.0,0.0,0.0,0.0,0.0,0.00674,0.13537,Nothing,seated
0.192094,16,-0.00287611,-0.198267,0.0,0.0,0.0,0.0,0.0,0.0,0.0,0.0,0.0,0.0,0.00674,0.13537,Nothing,seated
0.204064,17,-0.00287611,-0.199226,0.0,0.0,0.0,0.0,0.0,0.0,0.0,0.0,0.0,0.0,0.00674,0.13537,Nothing,seated
0.215584,18,-0.00479347,-0.199226,0.0,0.0,0.0,0.0,0.0,0.0,0.0,0.0,0.0,0.0,0.00674,0.13537,Nothing,seated
0.231465,19,-0.000958268,-0.201335,0.0,0.0,0.0,0.0,0.0,0.0,0.0,0.0,0.0,0.0,0.00674,0.13537,Nothing,seated
0.244338,20,-0.000958268,-0.201335,0.0,0.0,0.0,0.0,0.0,0.0,0.0,0.0,0.0,0.0,0.00674,0.13537,Nothing,seated
0.255615,21,-0.00191719,-0.201335,0.0,0.0,0.0,0.0,0.0,0.0,0.0,0.0,0.0,0.0,0.00674,0.13537,Nothing,seated
0.269217,22,-0.00287611,-0.201335,0.0,0.0,0.0,0.0,0.0,0.0,0.0,0.0,0.0,0.0,0.00674,0.13537,Nothing,seated
0.280842,23,-0.00287611,-0.201335,0.0,0.0,0.0,0.0,0.0,0.0,0.0,0.0,0.0,0.0,0.00674,0.13537,Nothing,seated
0.291712,24,1.74846e-07,-0.200376,0.0,0.0,0.0,0.0,0.0,0.0,0.0,0.0,0.0,0.0,0.00674,0.13537,Nothing,seated
0.303065,25,1.74846e-07,-0.200376,0.0,0.0,0.0,0.0,0.0,0.0,0.0,0.0,0.0,0.0,0.00674,0.13537,Nothing,seated
0.314461,26,-0.00383455,-0.201335,0.0,0.0,0.0,0.0,0.0,0.0,0.0,0.0,0.0,0.0,0.00674,0.13537,Nothing,seated
0.325709,27,-0.00383455,-0.202294,0.0,0.0,0.0,0.0,0.0,0.0,0.0,0.0,0.0,0.0,0.00674,0.13537,Nothing,seated
0.336715,28,-0.00287611,-0.202294,0.0,0.0,0.0,0.0,0.0,0.0,0.0,0.0,0.0,0.0,0.00674,0.13537,Nothing,seated
0.348716,29,-0.00479347,-0.199226,0.0,0.0,0.0,0.0,0.0,0.0,0.0,0.0,0.0,0.0,0.00674,0.13537,Nothing,seated
0.360068,30,-0.00479347,-0.199226,0.0,0.0,0.0,0.0,0.0,0.0,0.0,0.0,0.0,0.0,0.00674,0.13537,Nothing,seated
0.37259,31,-0.00191719,-0.201335,0.0,0.0,0.0,0.0,0.0,0.0,0.0,0.0,0.0,0.0,0.00674,0.13537,Nothing,seated
0.383478,32,-0.00191719,-0.201335,0.0,0.0,0.0,0.0,0.0,0.0,0.0,0.0,0.0,0.0,0.00674,0.13537,Nothing,seated
0.395585,33,-0.000958268,-0.200376,0.0,0.0,0.0,0.0,0.0,0.0,0.0,0.0,0.0,0.0,0.00674,0.13537,Nothing,seated
0.408972,34,-0.000958268,-0.200376,0.0,0.0,0.0,0.0,0.0,0.0,0.0,0.0,0.0,0.0,0.00674,0.13537,Nothing,seated
0.420969,35,-0.00287611,-0.199226,0.0,0.0,0.0,0.0,0.0,0.0,0.0,0.0,0.0,0.0,0.00674,0.13537,Nothing,seated
0.435849,36,-0.00287611,-0.198267,0.0,0.0,0.0,0.0,0.0,0.0,0.0,0.0,0.0,0.0,0.00674,0.13537,Nothing,seated
0.451875,37,1.74846e-07,-0.204211,0.0,0.0,0.0,0.0,0.0,0.0,0.0,0.0,0.0,0.0,0.00674,0.13537,Nothing,seated
0.46636,38,-0.00191719,-0.204211,0.0,0.0,0.0,0.0,0.0,0.0,0.0,0.0,0.0,0.0,0.00674,0.13537,Nothing,seated
0.478585,39,-0.00383455,-0.201335,0.0,0.0,0.0,0.0,0.0,0.0,0.0,0.0,0.0,0.0,0.00674,0.13537,Nothing,seated
0.489582,40,-0.00383455,-0.201335,0.0,0.0,0.0,0.0,0.0,0.0,0.0,0.0,-0.175781,-2.56192,0.00674,0.13537,Nothing,seated
0.501339,41,-0.00383455,-0.201335,0.0,0.0,0.0,0.0,0.0,0.0,0.0,0.0,-0.175781,-2.68409,0.00674,0.13537,Nothing,seated
0.513064,42,-0.00383455,-0.201335,0.0,0.0,0.0,0.0,0.0,0.0,0.0,0.0,-0.175781,-2.87276,0.00674,0.13537,Nothing,seated
0.523588,43,-0.00287611,-0.198267,0.0,0.0,0.0,0.0,0.0,0.0,0.0,0.0,-0.175781,-3.07159,0.00674,0.13537,Nothing,seated
0.537846,44,-0.00287611,-0.201335,0.0,0.0,0.0,0.0,0.0,0.0,0.0,0.0,-0.175781,-2.96622,0.00674,0.13537,Nothing,seated
0.551878,45,-0.000958268,-0.201335,0.0,0.0,0.0,0.0,0.0,0.0,0.0,0.0,-0.175781,0.0,0.00674,0.13537,Nothing,seated
0.562336,46,-0.00191719,-0.202294,0.0,0.0,0.0,0.0,0.0,0.0,0.0,0.0,-0.175781,0.0,0.00674,0.13537,Nothing,seated
0.573069,47,-0.00191719,-0.202294,0.0,0.0,0.0,0.0,0.0,0.0,0.0,0.0,-0.175781,0.0,0.00674,0.13537,Nothing,seated
0.58407,48,-0.000958268,-0.201335,0.0,0.0,0.0,0.0,0.0,0.0,0.0,0.0,-0.175781,0.0,0.00674,0.13537,Nothing,seated
0.595584,49,-0.000958268,-0.201335,0.0,0.0,0.0,0.0,0.0,0.0,0.0,0.0,-0.175781,0.0,0.00674,0.13537,Nothing,seated
0.606067,50,-0.00191719,-0.200185,0.0,0.0,0.0,0.0,0.0,0.0,0.0,0.0,-0.175781,0.0,0.00674,0.13537,Nothing,seated
0.616147,51,-0.00191719,-0.200185,0.0,0.0,0.0,0.0,0.0,0.0,0.0,0.0,-0.175781,0.0,0.00674,0.13537,Nothing,seated
0.626367,52,-0.00383455,-0.201335,0.0,0.0,0.0,0.0,0.0,0.0,0.0,0.0,-0.175781,0.0,0.00674,0.13537,Nothing,seated
0.637848,53,-0.00383455,-0.200185,0.0,0.0,0.0,0.0,0.0,0.0,0.0,0.0,-0.175781,0.0,0.00674,0.13537,Nothing,seated
0.648361,54,-0.00383455,-0.200185,0.0,0.0,0.0,0.0,0.0,0.0,0.0,0.0,-0.175781,0.0,0.00674,0.13537,Nothing,seated
0.658461,55,-0.00383455,-0.202294,0.0,0.0,0.0,0.0,0.0,0.0,0.0,0.0,-0.175781,0.0,0.00674,0.13537,Nothing,seated
0.67115,56,-0.00383455,-0.202294,0.0,0.0,0.0,0.0,0.0,0.0,0.0,0.0,-0.175781,0.0,0.00674,0.13537,Nothing,seated
0.683068,57,-0.00479347,-0.201335,0.0,0.0,0.0,0.0,0.0,0.0,0.0,0.0,-0.175781,0.0,0.00674,0.13537,Nothing,seated
0.696465,58,-0.00479347,-0.198267,0.0,0.0,0.0,0.0,0.0,0.0,0.0,0.0,-0.175781,0.0,0.00674,0.13537,Nothing,seated
0.708363,59,-0.00191719,-0.198267,0.0,0.0,0.0,0.0,0.0,0.0,0.0,0.0,-0.175781,0.0,0.00674,0.13537,Nothing,seated
0.720367,60,-0.00479347,-0.202294,0.0,0.0,0.0,0.0,0.0,0.0,0.0,0.0,-0.175781,0.0,0.00674,0.13537,Nothing,seated
0.733426,61,-0.00479347,-0.198267,0.0,0.0,0.0,0.0,0.0,0.0,0.0,0.0,-0.175781,0.0,0.00674,0.13537,Nothing,seated
0.746966,62,-0.000958268,-0.198267,0.0,0.0,0.0,0.0,0.0,0.0,0.0,0.0,-0.175781,0.0,0.00674,0.13537,Nothing,seated
0.760673,63,-0.00383455,-0.201335,0.0,0.0,0.0,0.0,0.0,0.0,0.0,0.0,-0.175781,0.0,0.00674,0.13537,Nothing,seated
0.774427,64,-0.00383455,-0.201335,0.0,0.0,0.0,0.0,0.0,0.0,0.0,0.0,-0.175781,0.0,0.00674,0.13537,Nothing,seated
0.786161,65,-0.00383455,-0.201335,0.0,0.0,0.0,0.0,0.0,0.0,0.0,0.0,-0.175781,0.0,0.00674,0.13537,Nothing,seated
0.798071,66,-0.00383455,-0.201335,0.0,0.0,0.0,0.0,0.0,0.0,0.0,0.0,0.0,2.71918,0.00674,0.13537,Nothing,seated
0.813069,67,-0.00383455,-0.201335,0.0,0.0,0.0,0.0,0.0,0.0,0.0,0.0,0.0,2.6592,0.00674,0.13537,Nothing,seated
0.825371,68,-0.00766975,-0.198267,0.0,0.0,0.0,0.0,0.0,0.0,0.0,0.0,0.0,2.71695,0.00674,0.13537,Nothing,seated
0.83785,69,-0.00766975,-0.202294,0.0,0.0,0.0,0.0,0.0,0.0,0.0,0.0,0.0,2.77157,0.00674,0.13537,Nothing,seated
0.848966,70,-0.00191719,-0.202294,0.0,0.0,0.0,0.0,0.0,0.0,0.0,0.0,0.0,2.79884,0.00674,0.13537,Nothing,seated
0.860968,71,-0.00191719,-0.203252,0.0,0.0,0.0,0.0,0.0,0.0,0.0,0.0,0.0,0.0,0.00674,0.13537,Nothing,seated
0.871846,72,-0.00383455,-0.203252,0.0,0.0,0.0,0.0,0.0,0.0,0.0,0.0,0.0,0.0,0.00674,0.13537,Nothing,seated
0.883384,73,-0.00287611,-0.201335,0.0,0.0,0.0,0.0,0.0,0.0,0.0,0.0,0.0,0.0,0.00674,0.13537,Nothing,seated
0.900367,74,-0.00287611,-0.200185,0.0,0.0,0.0,0.0,0.0,0.0,0.0,0.0,0.0,0.0,0.00674,0.13537,Nothing,seated
0.911843,75,-0.00479347,-0.200185,0.0,0.0,0.0,0.0,0.0,0.0,0.0,0.0,0.0,0.0,0.00674,0.13537,Nothing,seated
0.92215,76,-0.00479347,-0.200185,0.0,0.0,0.0,0.0,0.0,0.0,0.0,0.0,0.0,0.0,0.00674,0.13537,Nothing,seated
0.93259,77,-0.00383455,-0.203252,0.0,0.0,0.0,0.0,0.0,0.0,0.0,0.0,0.0,0.0,0.00674,0.13537,Nothing,seated
0.945084,78,-0.00383455,-0.203252,0.0,0.0,0.0,0.0,0.0,0.0,0.0,0.0,0.0,0.0,0.00674,0.13537,Nothing,seated
0.956585,79,-0.00383455,-0.203252,0.0,0.0,0.0,0.0,0.0,0.0,0.0,0.0,0.0,0.0,0.00674,0.13537,Nothing,seated
0.966678,80,-0.00671083,-0.203252,0.0,0.0,0.0,0.0,0.0,0.0,0.0,0.0,0.0,0.0,0.00674,0.13537,Nothing,seated
0.976753,81,-0.00671083,-0.199226,0.0,0.0,0.0,0.0,0.0,0.0,0.0,0.0,0.0,0.0,0.00674,0.13537,Nothing,seated
0.986818,82,-0.00383455,-0.199226,0.0,0.0,0.0,0.0,0.0,0.0,0.0,0.0,0.0,0.0,0.00674,0.13537,Nothing,seated
0.99709,83,-0.00383455,-0.199226,0.0,0.0,0.0,0.0,0.0,0.0,0.0,0.0,0.0,0.0,0.00674,0.13537,Nothing,seated
1.00857,84,-0.00383455,-0.198267,0.0,0.0,0.0,0.0,0.0,0.0,0.0,0.0,0.0,0.0,0.00674,0.13537,Nothing,seated
1.02597,85,-0.00383455,-0.198267,0.0,0.0,0.0,0.0,0.0,0.0,0.0,0.0,0.0,0.0,0.00674,0.13537,Nothing,seated
1.03615,86,-0.00287611,-0.198267,0.0,0.0,0.0,0.0,0.0,0.0,0.0,0.0,0.0,0.0,0.00674,0.13537,Nothing,seated
1.04988,87,-0.00383455,-0.200376,0.0,0.0,0.0,0.0,0.0,0.0,0.0,0.0,0.0,0.0,0.00674,0.13537,Nothing,seated
1.06197,88,-0.00383455,-0.200376,0.0,0.0,0.0,0.0,0.0,0.0,0.0,0.0,0.0,0.0,0.00674,0.13537,Nothing,seated
1.07237,89,-0.00479347,-0.203252,0.0,0.0,0.0,0.0,0.0,0.0,0.0,0.0,0.0,0.0,0.00674,0.13537,Nothing,seated
1.08273,90,-0.00479347,-0.203252,0.0,0.0,0.0,0.0,0.0,0.0,0.0,0.0,0.0,0.0,0.00674,0.13537,Nothing,seated
1.09671,91,-0.00671083,-0.200376,0.0,0.0,0.0,0.0,0.0,0.0,0.0,0.0,0.0,0.0,0.00674,0.13537,Nothing,seated
1.11037,92,-0.00191719,-0.204211,0.0,0.0,0.0,0.0,0.0,0.0,0.0,0.0,0.0,0.0,0.00674,0.13537,Nothing,seated
1.12185,93,-0.00191719,-0.204211,0.0,0.0,0.0,0.0,0.0,0.0,0.0,0.0,0.0,0.0,0.00674,0.13537,Nothing,seated
1.13192,94,-0.00287611,-0.202294,0.0,0.0,0.0,0.0,0.0,0.0,0.0,0.0,0.0,0.0,0.00674,0.13537,Nothing,seated
1.14234,95,-0.00287611,-0.202294,0.0,0.0,0.0,0.0,0.0,0.0,0.0,0.0,0.0,0.0,0.00674,0.13537,Nothing,seated
1.15584,96,-0.00479347,-0.203252,0.0,0.0,0.0,0.0,0.0,0.0,0.0,0.0,0.0,0.0,0.00674,0.13537,Nothing,seated
1.16937,97,-0.00383455,-0.202294,0.0,0.0,0.0,0.0,0.0,0.0,0.0,0.0,0.0,0.0,0.00674,0.13537,Nothing,seated
1.18171,98,-0.00383455,-0.202294,0.0,0.0,0.0,0.0,0.0,0.0,0.0,0.0,0.0,0.0,0.00674,0.13537,Nothing,seated
1.19359,99,-0.00191719,-0.200185,0.0,0.0,0.0,0.0,0.0,0.0,0.0,0.0,0.0,0.0,0.00674,0.13537,Nothing,seated
1.20397,100,-0.00191719,-0.200185,0.0,0.0,0.0,0.0,0.0,0.0,0.0,0.0,0.0,0.0,0.00674,0.13537,Nothing,seated
1.21559,101,-0.000958268,-0.200376,0.0,0.0,0.0,0.0,0.0,0.0,0.0,0.0,0.0,0.0,0.00674,0.13537,Nothing,seated
1.22659,102,-0.000958268,-0.200376,0.0,0.0,0.0,0.0,0.0,0.0,0.0,0.0,0.0,0.0,0.00674,0.13537,Nothing,seated
1.23698,103,-0.00287611,-0.199226,0.0,0.0,0.0,0.0,0.0,0.0,0.0,0.0,0.0,0.0,0.00674,0.13537,Nothing,seated
1.24815,104,-0.00287611,-0.199226,0.0,0.0,0.0,0.0,0.0,0.0,0.0,0.0,0.0,0.0,0.00674,0.13537,Nothing,seated
1.26046,105,-0.00287611,-0.200376,0.0,0.0,0.0,0.0,0.0,0.0,0.0,0.0,0.0,0.0,0.00674,0.13537,Nothing,seated
1.27252,106,-0.000958268,-0.201335,0.0,0.0,0.0,0.0,0.0,0.0,0.0,0.0,0.0,0.0,0.00674,0.13537,Nothing,seated
1.28415,107,-0.000958268,-0.201335,0.0,0.0,0.0,0.0,0.0,0.0,0.0,0.0,0.0,0.0,0.00674,0.13537,Nothing,seated
1.29685,108,-0.000958268,-0.200376,0.0,0.0,0.0,0.0,0.0,0.0,0.0,0.0,0.0,0.0,0.00674,0.13537,Nothing,seated
1.30859,109,-0.000958268,-0.199801,0.0,0.0,0.0,0.0,0.0,0.0,0.0,0.0,0.0,0.0,0.00674,0.13537,Nothing,seated
1.34198,110,-0.00287611,-0.198267,0.0,0.0,0.0,0.0,0.0,0.0,0.0,0.0,0.0,0.0,0.00674,0.13537,Nothing,seated
1.36797,111,-0.00383455,-0.198075,0.0,0.0,0.0,0.0,0.0,0.0,0.0,0.0,0.0,0.0,0.00674,0.13537,Nothing,seated
1.39334,112,-0.00287611,-0.201335,0.0,0.0,0.0,0.0,0.0,0.0,0.0,0.0,0.0,0.0,0.00674,0.13537,Nothing,seated
1.40737,113,-0.00287611,-0.200376,0.0,0.0,0.0,0.0,0.0,0.0,0.0,0.0,0.0,0.0,0.00674,0.13537,Nothing,seated
1.41985,114,-0.00191719,-0.200376,0.0,0.0,0.0,0.0,0.0,0.0,0.0,0.0,0.0,0.0,0.00674,0.13537,Nothing,seated
1.43209,115,-0.00191719,-0.200376,0.0,0.0,0.0,0.0,0.0,0.0,0.0,0.0,0.0,0.0,0.00674,0.13537,Nothing,seated
1.44334,116,-0.00191719,-0.200376,0.0,0.0,0.0,0.0,0.0,0.0,0.0,0.0,0.0,0.0,0.00674,0.13537,Nothing,seated
1.45712,117,-0.00191719,-0.201335,0.0,0.0,0.0,0.0,0.0,0.0,0.0,0.0,0.0,0.0,0.00674,0.13537,Nothing,seated
1.46937,118,-0.00191719,-0.201335,0.0,0.0,0.0,0.0,0.0,0.0,0.0,0.0,0.0,0.0,0.00674,0.13537,Nothing,seated
1.48015,119,-0.00191719,-0.199226,0.0,0.0,0.0,0.0,0.0,0.0,0.0,0.0,0.0,0.0,0.00674,0.13537,Nothing,seated
1.49185,120,-0.00383455,-0.199226,0.0,0.0,0.0,0.0,0.0,0.0,0.0,0.0,0.0,0.0,0.00674,0.13537,Nothing,seated
1.50259,121,-0.00287611,-0.207279,0.0,0.0,0.0,0.0,0.0,0.0,0.0,0.0,0.0,0.0,0.00674,0.13537,Nothing,seated
1.51265,122,-0.00287611,-0.207279,0.0,0.0,0.0,0.0,0.0,0.0,0.0,0.0,0.0,0.0,0.00674,0.13537,Nothing,seated
1.52272,123,-0.00287611,-0.201335,0.0,0.0,0.0,0.0,0.0,0.0,0.0,0.0,0.0,0.0,0.00674,0.13537,Nothing,seated
1.53298,124,-0.00287611,-0.203252,0.0,0.0,0.0,0.0,0.0,0.0,0.0,0.0,0.0,0.0,0.00674,0.13537,Nothing,seated
1.56562,125,-0.00383455,-0.200376,0.0,0.0,0.0,0.0,0.0,0.0,0.0,0.0,0.175781,2.38277,0.00674,0.13537,Nothing,seated
1.60772,126,-0.00671083,-0.202294,0.0,0.0,0.0,0.0,0.0,0.0,0.0,0.0,0.175781,1.67199,0.00674,0.13537,Nothing,seated
1.69347,127,-0.00575239,-0.205362,0.0,0.0,0.0,0.0,0.0,0.0,0.0,0.0,0.175781,0.972161,0.00674,0.13537,Nothing,seated
1.74548,128,-0.00383455,-0.200376,0.0,0.0,0.0,0.0,0.0,0.0,0.0,0.0,0.175781,0.789102,0.00674,0.13537,Nothing,seated
2.09775,129,-0.00671083,-0.204211,0.0,0.0,0.0,0.0,0.0,0.0,0.0,0.0,0.175781,0.311243,0.00674,0.13537,Nothing,seated
2.48509,130,-0.00479347,-0.201335,0.0,0.0,0.0,0.0,0.0,0.0,0.0,0.0,0.0,-0.191178,0.00674,0.13537,Nothing,seated
2.613,131,-0.00287611,-0.203252,0.0,0.0,0.0,0.0,0.0,0.0,0.0,0.0,0.0,-0.174857,0.00674,0.13537,Nothing,seated
2.7136,132,-0.000958268,-0.199226,0.0,0.0,0.0,0.0,0.0,0.0,0.0,0.0,0.0,-0.172312,0.00674,0.13537,Nothing,seated
2.84698,133,-0.00287611,-0.198267,0.0,0.0,0.0,0.0,0.0,0.0,0.0,0.0,0.0,-0.159585,0.00674,0.13537,Nothing,seated
2.85815,134,-0.00287611,-0.198267,0.0,0.0,0.0,0.0,0.0,0.0,0.0,0.0,0.0,-0.231168,0.00674,0.13537,Nothing,seated
2.90947,135,1.74846e-07,-0.199226,0.0,0.0,0.0,0.0,0.0,0.0,0.0,0.0,0.0,0.0,0.00674,0.13537,Nothing,seated
2.92288,136,1.74846e-07,-0.203252,0.0,0.0,0.0,0.0,0.0,0.0,0.0,0.0,0.0,0.0,0.00674,0.13537,Nothing,seated
2.97747,137,-0.00383455,-0.200376,0.0,0.0,0.0,0.0,0.0,0.0,0.0,0.0,0.0,0.0,0.00674,0.13537,Nothing,seated
3.00278,138,-0.00191719,-0.201335,0.0,0.0,0.0,0.0,0.0,0.0,0.0,0.0,0.0,0.0,0.00674,0.13537,Nothing,seated
3.02937,139,-0.00383455,-0.204211,0.0,0.0,0.0,0.0,0.0,0.0,0.0,0.0,0.0,0.0,0.00674,0.13537,Nothing,seated
3.09785,140,-0.00287611,-0.203252,0.0,0.0,0.0,0.0,0.0,0.0,0.0,0.0,0.0,0.0,0.00674,0.13537,Nothing,seated
3.12336,141,-0.00191719,-0.201335,0.0,0.0,0.0,0.0,0.0,0.0,0.0,0.0,0.0,0.0,0.00674,0.13537,Nothing,seated
3.14198,142,-0.000958268,-0.201335,0.0,0.0,0.0,0.0,0.0,0.0,0.0,0.0,0.0,0.0,0.00674,0.13537,Nothing,seated
3.15722,143,-0.00191719,-0.202294,0.0,0.0,0.0,0.0,0.0,0.0,0.0,0.0,0.0,0.0,0.00674,0.13537,Nothing,seated
3.17153,144,-0.00191719,-0.202294,0.0,0.0,0.0,0.0,0.0,0.0,0.0,0.0,0.0,0.0,0.00674,0.13537,Nothing,seated
3.18947,145,-0.00287611,-0.202294,0.0,0.0,0.0,0.0,0.0,0.0,0.0,0.0,0.0,0.0,0.00674,0.13537,Nothing,seated
3.20385,146,-0.00383455,-0.202294,0.0,0.0,0.0,0.0,0.0,0.0,0.0,0.0,0.0,0.0,0.00674,0.13537,Nothing,seated
3.22122,147,-0.00383455,-0.201335,0.0,0.0,0.0,0.0,0.0,0.0,0.0,0.0,0.0,0.0,0.00674,0.13537,Nothing,seated
3.23407,148,-0.00191719,-0.202294,0.0,0.0,0.0,0.0,0.0,0.0,0.0,0.0,0.0,0.0,0.00674,0.13537,Nothing,seated
3.24759,149,-0.00191719,-0.202294,0.0,0.0,0.0,0.0,0.0,0.0,0.0,0.0,0.0,0.0,0.00674,0.13537,Nothing,seated
3.25907,150,-0.00671083,-0.202294,0.0,0.0,0.0,0.0,0.0,0.0,0.0,0.0,0.0,0.0,0.00674,0.13537,Nothing,seated
3.27197,151,-0.00671083,-0.202294,0.0,0.0,0.0,0.0,0.0,0.0,0.0,0.0,0.0,0.0,0.00674,0.13537,Nothing,seated
3.28237,152,-0.00287611,-0.202294,0.0,0.0,0.0,0.0,0.0,0.0,0.0,0.0,0.0,0.0,0.00674,0.13537,Nothing,seated
3.29246,153,-0.00287611,-0.200376,0.0,0.0,0.0,0.0,0.0,0.0,0.0,0.0,0.0,0.0,0.00674,0.13537,Nothing,seated
3.30397,154,-0.00671083,-0.200376,0.0,0.0,0.0,0.0,0.0,0.0,0.0,0.0,0.0,0.0,0.00674,0.13537,Nothing,seated
3.31807,155,-0.00287611,-0.203252,0.0,0.0,0.0,0.0,0.0,0.0,0.0,0.0,0.0,0.0,0.00674,0.13537,Nothing,seated
3.32959,156,-0.00287611,-0.203252,0.0,0.0,0.0,0.0,0.0,0.0,0.0,0.0,0.0,0.0,0.00674,0.13537,Nothing,seated
3.33966,157,-0.000958268,-0.200376,0.0,0.0,0.0,0.0,0.0,0.0,0.0,0.0,0.0,0.0,0.00674,0.13537,Nothing,seated
3.3521,158,-0.000958268,-0.200376,0.0,0.0,0.0,0.0,0.0,0.0,0.0,0.0,0.0,0.0,0.00674,0.13537,Nothing,seated
3.36571,159,-0.00287611,-0.200376,0.0,0.0,0.0,0.0,0.0,0.0,0.0,0.0,0.0,0.0,0.00674,0.13537,Nothing,seated
3.37915,160,-0.00383455,-0.201335,0.0,0.0,0.0,0.0,0.0,0.0,0.0,0.0,0.0,0.0,0.00674,0.13537,Nothing,seated
3.39285,161,-0.00383455,-0.201335,0.0,0.0,0.0,0.0,0.0,0.0,0.0,0.0,0.0,0.0,0.00674,0.13537,Nothing,seated
3.42059,162,-0.00287611,-0.202294,0.0,0.0,0.0,0.0,0.0,0.0,0.0,0.0,0.0,0.0,0.00674,0.13537,Nothing,seated
3.43207,163,-0.00287611,-0.202294,0.0,0.0,0.0,0.0,0.0,0.0,0.0,0.0,0.0,0.0,0.00674,0.13537,Nothing,seated
3.44415,164,-0.000958268,-0.203252,0.0,0.0,0.0,0.0,0.0,0.0,0.0,0.0,0.0,0.0,0.00674,0.13537,Nothing,seated
3.45616,165,-0.000958268,-0.202294,0.0,0.0,0.0,0.0,0.0,0.0,0.0,0.0,0.0,0.0,0.00674,0.13537,Nothing,seated
3.46759,166,-0.00383455,-0.202294,0.0,0.0,0.0,0.0,0.0,0.0,0.0,0.0,0.0,0.0,0.00674,0.13537,Nothing,seated
3.47766,167,-0.00383455,-0.201335,0.0,0.0,0.0,0.0,0.0,0.0,0.0,0.0,0.0,0.0,0.00674,0.13537,Nothing,seated
3.48797,168,-0.00287611,-0.201335,0.0,0.0,0.0,0.0,0.0,0.0,0.0,0.0,0.0,0.0,0.00674,0.13537,Nothing,seated
3.49997,169,-0.00191719,-0.199226,0.0,0.0,0.0,0.0,0.0,0.0,0.0,0.0,0.0,0.0,0.00674,0.13537,Nothing,seated
3.51197,170,-0.00191719,-0.199226,0.0,0.0,0.0,0.0,0.0,0.0,0.0,0.0,0.0,0.0,0.00674,0.13537,Nothing,seated
3.52523,171,-0.00287611,-0.201335,0.0,0.0,0.0,0.0,0.0,0.0,0.0,0.0,0.0,0.0,0.00674,0.13537,Nothing,seated
3.53807,172,-0.00479347,-0.201335,0.0,0.0,0.0,0.0,0.0,0.0,0.0,0.0,0.0,0.0,0.00674,0.13537,Nothing,seated
3.54923,173,-0.00479347,-0.203252,0.0,0.0,0.0,0.0,0.0,0.0,0.0,0.0,0.0,0.0,0.00674,0.13537,Nothing,seated
3.5593,174,-0.00479347,-0.203252,0.0,0.0,0.0,0.0,0.0,0.0,0.0,0.0,0.0,0.0,0.00674,0.13537,Nothing,seated
3.57198,175,-0.00383455,-0.202294,0.0,0.0,0.0,0.0,0.0,0.0,0.0,0.0,0.0,0.0,0.00674,0.13537,Nothing,seated
3.58267,176,-0.00383455,-0.202294,0.0,0.0,0.0,0.0,0.0,0.0,0.0,0.0,0.0,0.0,0.00674,0.13537,Nothing,seated
3.59297,177,-0.00191719,-0.202294,0.0,0.0,0.0,0.0,0.0,0.0,0.0,0.0,0.0,0.0,0.00674,0.13537,Nothing,seated
3.61072,178,-0.00383455,-0.201335,0.0,0.0,0.0,0.0,0.0,0.0,0.0,0.0,0.0,0.0,0.00674,0.13537,Nothing,seated
3.62447,179,-0.00383455,-0.202294,0.0,0.0,0.0,0.0,0.0,0.0,0.0,0.0,0.0,0.0,0.00674,0.13537,Nothing,seated
3.63583,180,-0.00383455,-0.202294,0.0,0.0,0.0,0.0,0.0,0.0,0.0,0.0,0.0,0.0,0.00674,0.13537,Nothing,seated
3.64607,181,-0.00383455,-0.201335,0.0,0.0,0.0,0.0,0.0,0.0,0.0,0.0,0.0,0.0,0.00674,0.13537,Nothing,seated
3.65647,182,-0.00287611,-0.201335,0.0,0.0,0.0,0.0,0.0,0.0,0.0,0.0,0.0,0.0,0.00674,0.13537,Nothing,seated
3.66685,183,-0.00287611,-0.202294,0.0,0.0,0.0,0.0,0.0,0.0,0.0,0.0,0.0,0.0,0.00674,0.13537,Nothing,seated
3.67692,184,-0.00287611,-0.202294,0.0,0.0,0.0,0.0,0.0,0.0,0.0,0.0,0.0,0.0,0.00674,0.13537,Nothing,seated
3.68798,185,-0.00383455,-0.203252,0.0,0.0,0.0,0.0,0.0,0.0,0.0,0.0,0.0,0.0,0.00674,0.13537,Nothing,seated
3.6982,186,-0.00383455,-0.203252,0.0,0.0,0.0,0.0,0.0,0.0,0.0,0.0,0.0,0.0,0.00674,0.13537,Nothing,seated
3.71215,187,-0.000958268,-0.203252,0.0,0.0,0.0,0.0,0.0,0.0,0.0,0.0,0.0,0.0,0.00674,0.13537,Nothing,seated
3.72447,188,-0.000958268,-0.203252,0.0,0.0,0.0,0.0,0.0,0.0,0.0,0.0,0.0,0.0,0.00674,0.13537,Nothing,seated
3.73584,189,-0.00383455,-0.198267,0.0,0.0,0.0,0.0,0.0,0.0,0.0,0.0,0.0,0.0,0.00674,0.13537,Nothing,seated
3.74737,190,-0.00383455,-0.202294,0.0,0.0,0.0,0.0,0.0,0.0,0.0,0.0,0.0,0.0,0.00674,0.13537,Nothing,seated
3.75809,191,-0.00191719,-0.202294,0.0,0.0,0.0,0.0,0.0,0.0,0.0,0.0,0.0,0.0,0.00674,0.13537,Nothing,seated
3.76847,192,-0.00191719,-0.203252,0.0,0.0,0.0,0.0,0.0,0.0,0.0,0.0,0.0,0.0,0.00674,0.13537,Nothing,seated
3.77985,193,-0.00191719,-0.203252,0.0,0.0,0.0,0.0,0.0,0.0,0.0,0.0,0.0,0.0,0.00674,0.13537,Nothing,seated
3.79197,194,-0.00383455,-0.200376,0.0,0.0,0.0,0.0,0.0,0.0,0.0,0.0,0.0,0.0,0.00674,0.13537,Nothing,seated
3.80778,195,-0.00383455,-0.201335,0.0,0.0,0.0,0.0,0.0,0.0,0.0,0.0,0.0,0.0,0.00674,0.13537,Nothing,seated
3.8196,196,-0.00287611,-0.201335,0.0,0.0,0.0,0.0,0.0,0.0,0.0,0.0,0.0,0.0,0.00674,0.13537,Nothing,seated
3.83385,197,-0.00287611,-0.201335,0.0,0.0,0.0,0.0,0.0,0.0,0.0,0.0,0.0,0.0,0.00674,0.13537,Nothing,seated
3.84571,198,-0.00287611,-0.202294,0.0,0.0,0.0,0.0,0.0,0.0,0.0,0.0,0.0,0.0,0.00674,0.13537,Nothing,seated
3.85809,199,-0.00575239,-0.202294,0.0,0.0,0.0,0.0,0.0,0.0,0.0,0.0,0.0,0.0,0.00674,0.13537,Nothing,seated
3.87337,200,1.74846e-07,-0.204211,0.0,0.0,0.0,0.0,0.0,0.0,0.0,0.0,0.0,0.0,0.00674,0.13537,Nothing,seated
3.88459,201,1.74846e-07,-0.203252,0.0,0.0,0.0,0.0,0.0,0.0,0.0,0.0,0.0,0.0,0.00674,0.13537,Nothing,seated
3.89724,202,-0.00191719,-0.203252,0.0,0.0,0.0,0.0,0.0,0.0,0.0,0.0,0.0,0.0,0.00674,0.13537,Nothing,seated
3.91015,203,-0.00575239,-0.200376,0.0,0.0,0.0,0.0,0.0,0.0,0.0,0.0,0.0,0.0,0.00674,0.13537,Nothing,seated
3.92185,204,-0.00575239,-0.200376,0.0,0.0,0.0,0.0,0.0,0.0,0.0,0.0,0.0,0.0,0.00674,0.13537,Nothing,seated
3.93192,205,-0.00383455,-0.203252,0.0,0.0,0.0,0.0,0.0,0.0,0.0,0.0,0.0,0.0,0.00674,0.13537,Nothing,seated
3.94207,206,-0.00383455,-0.202294,0.0,0.0,0.0,0.0,0.0,0.0,0.0,0.0,0.0,0.0,0.00674,0.13537,Nothing,seated
3.95559,207,-0.00671083,-0.202294,0.0,0.0,0.0,0.0,0.0,0.0,0.0,0.0,0.0,0.0,0.00674,0.13537,Nothing,seated
3.96685,208,-0.00671083,-0.201335,0.0,0.0,0.0,0.0,0.0,0.0,0.0,0.0,0.0,0.0,0.00674,0.13537,Nothing,seated
3.98286,209,-0.00383455,-0.201335,0.0,0.0,0.0,0.0,0.0,0.0,0.0,0.0,0.0,0.0,0.00674,0.13537,Nothing,seated
3.99546,210,-0.00479347,-0.204211,0.0,0.0,0.0,0.0,0.0,0.0,0.0,0.0,0.0,0.0,0.00674,0.13537,Nothing,seated
4.00684,211,-0.00479347,-0.200376,0.0,0.0,0.0,0.0,0.0,0.0,0.0,0.0,0.0,0.0,0.00674,0.13537,Nothing,seated
4.01946,212,-0.00383455,-0.200376,0.0,0.0,0.0,0.0,0.0,0.0,0.0,0.0,0.0,0.0,0.00674,0.13537,Nothing,seated
4.03347,213,-0.00383455,-0.202294,0.0,0.0,0.0,0.0,0.0,0.0,0.0,0.0,0.0,0.0,0.00674,0.13537,Nothing,seated
4.04459,214,-0.00383455,-0.202294,0.0,0.0,0.0,0.0,0.0,0.0,0.0,0.0,0.0,0.0,0.00674,0.13537,Nothing,seated
4.05647,215,-0.00287611,-0.201335,0.0,0.0,0.0,0.0,0.0,0.0,0.0,0.0,0.0,0.0,0.00674,0.13537,Nothing,seated
4.06785,216,-0.00287611,-0.201335,0.0,0.0,0.0,0.0,0.0,0.0,0.0,0.0,0.0,0.0,0.00674,0.13537,Nothing,seated
4.07797,217,1.74846e-07,-0.201335,0.0,0.0,0.0,0.0,0.0,0.0,0.0,0.0,0.0,0.0,0.00674,0.13537,Nothing,seated
4.09207,218,-0.00383455,-0.202294,0.0,0.0,0.0,0.0,0.0,0.0,0.0,0.0,0.0,0.0,0.00674,0.13537,Nothing,seated
4.10437,219,-0.00383455,-0.202294,0.0,0.0,0.0,0.0,0.0,0.0,0.0,0.0,0.0,0.0,0.00674,0.13537,Nothing,seated
4.11985,220,-0.00383455,-0.201335,0.0,0.0,0.0,0.0,0.0,0.0,0.0,0.0,0.0,0.0,0.00674,0.13537,Nothing,seated
4.13159,221,-0.00671083,-0.201335,0.0,0.0,0.0,0.0,0.0,0.0,0.0,0.0,0.0,0.0,0.00674,0.13537,Nothing,seated
4.14307,222,-0.00383455,-0.202294,0.0,0.0,0.0,0.0,0.0,0.0,0.0,0.0,0.175781,2.70013,0.00674,0.13537,Nothing,seated
4.15516,223,-0.00383455,-0.202294,0.0,0.0,0.0,0.0,0.0,0.0,0.0,0.0,0.175781,2.78623,0.00674,0.13537,Nothing,seated
4.16626,224,-0.00287611,-0.199226,0.0,0.0,0.0,0.0,0.0,0.0,0.0,0.0,0.175781,2.84031,0.00674,0.13537,Nothing,seated
4.17759,225,-0.00287611,-0.203252,0.0,0.0,0.0,0.0,0.0,0.0,0.0,0.0,0.175781,3.04411,0.00674,0.13537,Nothing,seated
4.18947,226,-0.00287611,-0.203252,0.0,0.0,0.0,0.0,0.0,0.0,0.0,0.0,0.175781,3.03699,0.00674,0.13537,Nothing,seated
4.20059,227,-0.00287611,-0.200376,0.0,0.0,0.0,0.0,0.0,0.0,0.0,0.0,0.175781,0.0,0.00674,0.13537,Nothing,seated
4.21146,228,-0.00287611,-0.200185,0.0,0.0,0.0,0.0,0.0,0.0,0.0,0.0,0.175781,0.0,0.00674,0.13537,Nothing,seated
4.22697,229,-0.00383455,-0.200185,0.0,0.0,0.0,0.0,0.0,0.0,0.0,0.0,0.175781,0.0,0.00674,0.13537,Nothing,seated
4.24016,230,-0.00671083,-0.203252,0.0,0.0,0.0,0.0,0.0,0.0,0.0,0.0,0.175781,0.0,0.00674,0.13537,Nothing,seated
4.25216,231,-0.00671083,-0.203252,0.0,0.0,0.0,0.0,0.0,0.0,0.0,0.0,0.175781,0.0,0.00674,0.13537,Nothing,seated
4.26297,232,-0.00287611,-0.203252,0.0,0.0,0.0,0.0,0.0,0.0,0.0,0.0,0.175781,0.0,0.00674,0.13537,Nothing,seated
4.27522,233,-0.00287611,-0.200185,0.0,0.0,0.0,0.0,0.0,0.0,0.0,0.0,0.175781,0.0,0.00674,0.13537,Nothing,seated
4.28707,234,-0.00287611,-0.200376,0.0,0.0,0.0,0.0,0.0,0.0,0.0,0.0,0.175781,0.0,0.00674,0.13537,Nothing,seated
4.29887,235,-0.00287611,-0.203252,0.0,0.0,0.0,0.0,0.0,0.0,0.0,0.0,0.175781,0.0,0.00674,0.13537,Nothing,seated
4.30907,236,-0.00383455,-0.203252,0.0,0.0,0.0,0.0,0.0,0.0,0.0,0.0,0.175781,0.0,0.00674,0.13537,Nothing,seated
4.32185,237,-0.00479347,-0.203252,0.0,0.0,0.0,0.0,0.0,0.0,0.0,0.0,0.175781,0.0,0.00674,0.13537,Nothing,seated
4.33222,238,-0.00479347,-0.203252,0.0,0.0,0.0,0.0,0.0,0.0,0.0,0.0,0.175781,0.0,0.00674,0.13537,Nothing,seated
4.34298,239,-0.00287611,-0.203252,0.0,0.0,0.0,0.0,0.0,0.0,0.0,0.0,0.175781,0.0,0.00674,0.13537,Nothing,seated
4.35499,240,-0.00287611,-0.201335,0.0,0.0,0.0,0.0,0.0,0.0,0.0,0.0,0.175781,0.0,0.00674,0.13537,Nothing,seated
4.36622,241,-0.00287611,-0.201335,0.0,0.0,0.0,0.0,0.0,0.0,0.0,0.0,0.175781,0.0,0.00674,0.13537,Nothing,seated
4.37907,242,-0.000958268,-0.204211,0.0,0.0,0.0,0.0,0.0,0.0,0.0,0.0,0.175781,0.0,0.00674,0.13537,Nothing,seated
4.39709,243,-0.000958268,-0.204211,0.0,0.0,0.0,0.0,0.0,0.0,0.0,0.0,0.175781,0.0,0.00674,0.13537,Nothing,seated
4.41607,244,-0.00383455,-0.204211,0.0,0.0,0.0,0.0,0.0,0.0,0.0,0.0,0.175781,0.0,0.00674,0.13537,Nothing,seated
4.44707,245,-0.00287611,-0.202294,0.0,0.0,0.0,0.0,0.0,0.0,0.0,0.0,0.175781,0.0,0.00674,0.13537,Nothing,seated
4.48697,246,-0.00383455,-0.199226,0.0,0.0,0.0,0.0,0.0,0.0,0.0,0.0,0.175781,0.0,0.00674,0.13537,Nothing,seated
4.51185,247,-0.00383455,-0.199226,0.0,0.0,0.0,0.0,0.0,0.0,0.0,0.0,0.175781,0.0,0.00674,0.13537,Nothing,seated
4.52446,248,-0.00383455,-0.203252,0.0,0.0,0.0,0.0,0.0,0.0,0.0,0.0,0.175781,0.0,0.00674,0.13537,Nothing,seated
4.54237,249,-0.00383455,-0.201335,0.0,0.0,0.0,0.0,0.0,0.0,0.0,0.0,0.175781,0.0,0.00674,0.13537,Nothing,seated
4.56,250,-0.00383455,-0.201335,0.0,0.0,0.0,0.0,0.0,0.0,0.0,0.0,0.175781,0.0,0.00674,0.13537,Nothing,seated
4.57634,251,-0.00287611,-0.201335,0.0,0.0,0.0,0.0,0.0,0.0,0.0,0.0,0.175781,0.0,0.00674,0.13537,Nothing,seated
4.58847,252,1.74846e-07,-0.201143,0.0,0.0,0.0,0.0,0.0,0.0,0.0,0.0,0.175781,0.0,0.00674,0.13537,Nothing,seated
4.60218,253,-0.00191719,-0.202294,0.0,0.0,0.0,0.0,0.0,0.0,0.0,0.0,0.0,-2.2619,0.00674,0.13537,Nothing,seated
4.616,254,-0.00191719,-0.202294,0.0,0.0,0.0,0.0,0.0,0.0,0.0,0.0,0.0,-2.38726,0.00674,0.13537,Nothing,seated
4.63146,255,-0.000958268,-0.197308,0.0,0.0,0.0,0.0,0.0,0.0,0.0,0.0,0.0,-2.4598,0.00674,0.13537,Nothing,seated
4.64407,256,-0.000958268,-0.197308,0.0,0.0,0.0,0.0,0.0,0.0,0.0,0.0,0.0,-2.59552,0.00674,0.13537,Nothing,seated
4.65637,257,-0.00575239,-0.203252,0.0,0.0,0.0,0.0,0.0,0.0,0.0,0.0,0.0,-2.58887,0.00674,0.13537,Nothing,seated
4.66815,258,-0.00575239,-0.203252,0.0,0.0,0.0,0.0,0.0,0.0,0.0,0.0,0.0,0.0,0.00674,0.13537,Nothing,seated
4.67985,259,-0.00287611,-0.203252,0.0,0.0,0.0,0.0,0.0,0.0,0.0,0.0,0.0,0.0,0.00674,0.13537,Nothing,seated
4.69146,260,-0.00479347,-0.204211,0.0,0.0,0.0,0.0,0.0,0.0,0.0,0.0,0.0,0.0,0.00674,0.13537,Nothing,seated
4.70308,261,-0.00479347,-0.204211,0.0,0.0,0.0,0.0,0.0,0.0,0.0,0.0,0.0,0.0,0.00674,0.13537,Nothing,seated
4.71588,262,-0.00191719,-0.203252,0.0,0.0,0.0,0.0,0.0,0.0,0.0,0.0,0.0,0.0,0.00674,0.13537,Nothing,seated
4.72971,263,-0.00287611,-0.202294,0.0,0.0,0.0,0.0,0.0,0.0,0.0,0.0,0.0,0.0,0.00674,0.13537,Nothing,seated
4.74185,264,-0.00287611,-0.202294,0.0,0.0,0.0,0.0,0.0,0.0,0.0,0.0,0.0,0.0,0.00674,0.13537,Nothing,seated
4.75734,265,-0.00383455,-0.200376,0.0,0.0,0.0,0.0,0.0,0.0,0.0,0.0,0.0,0.0,0.00674,0.13537,Nothing,seated
4.7686,266,-0.00383455,-0.200376,0.0,0.0,0.0,0.0,0.0,0.0,0.0,0.0,0.0,0.0,0.00674,0.13537,Nothing,seated
4.77867,267,1.74846e-07,-0.203252,0.0,0.0,0.0,0.0,0.0,0.0,0.0,0.0,0.0,0.0,0.00674,0.13537,Nothing,seated
4.79797,268,-0.00575239,-0.202294,0.0,0.0,0.0,0.0,0.0,0.0,0.0,0.0,0.0,0.0,0.00674,0.13537,Nothing,seated
4.81221,269,-0.00479347,-0.202294,0.0,0.0,0.0,0.0,0.0,0.0,0.0,0.0,0.0,0.0,0.00674,0.13537,Nothing,seated
4.82471,270,-0.00479347,-0.202294,0.0,0.0,0.0,0.0,0.0,0.0,0.0,0.0,0.0,0.0,0.00674,0.13537,Nothing,seated
4.83915,271,-0.00575239,-0.199226,0.0,0.0,0.0,0.0,0.0,0.0,0.0,0.0,0.0,0.0,0.00674,0.13537,Nothing,seated
4.85237,272,-0.00287611,-0.20632,0.0,0.0,0.0,0.0,0.0,0.0,0.0,0.0,0.0,0.0,0.00674,0.13537,Nothing,seated
4.87146,273,-0.000958268,-0.200376,0.0,0.0,0.0,0.0,0.0,0.0,0.0,0.0,0.0,0.0,0.00674,0.13537,Nothing,seated
4.88598,274,-0.000958268,-0.200376,0.0,0.0,0.0,0.0,0.0,0.0,0.0,0.0,0.0,0.0,0.00674,0.13537,Nothing,seated
4.89913,275,-0.00479347,-0.200376,0.0,0.0,0.0,0.0,0.0,0.0,0.0,0.0,0.0,0.0,0.00674,0.13537,Nothing,seated
4.94447,276,-0.00383455,-0.201335,0.0,0.0,0.0,0.0,0.0,0.0,0.0,0.0,0.0,0.0,0.00674,0.13537,Nothing,seated
4.96072,277,-0.00479347,-0.201335,0.0,0.0,0.0,0.0,0.0,0.0,0.0,0.0,0.0,0.0,0.00674,0.13537,Nothing,seated
4.97162,278,-0.000958268,-0.201335,0.0,0.0,0.0,0.0,0.0,0.0,0.0,0.0,0.0,0.0,0.00674,0.13537,Nothing,seated
4.98169,279,-0.000958268,-0.200376,0.0,0.0,0.0,0.0,0.0,0.0,0.0,0.0,0.0,0.0,0.00674,0.13537,Nothing,seated
5.00835,280,-0.00287611,-0.204211,0.0,0.0,0.0,0.0,0.0,0.0,0.0,0.0,0.0,0.0,0.00674,0.13537,Nothing,seated
5.02016,281,-0.000958268,-0.204211,0.0,0.0,0.0,0.0,0.0,0.0,0.0,0.0,0.0,0.0,0.00674,0.13537,Nothing,seated
5.03165,282,-0.00766975,-0.202294,0.0,0.0,0.0,0.0,0.0,0.0,0.0,0.0,0.0,0.0,0.00674,0.13537,Nothing,seated
5.04415,283,-0.00766975,-0.202294,0.0,0.0,0.0,0.0,0.0,0.0,0.0,0.0,0.0,0.0,0.00674,0.13537,Nothing,seated
5.05585,284,-0.00766975,-0.202294,0.0,0.0,0.0,0.0,0.0,0.0,0.0,0.0,0.0,0.0,0.00674,0.13537,Nothing,seated
5.06809,285,-0.000958268,-0.201335,0.0,0.0,0.0,0.0,0.0,0.0,0.0,0.0,0.0,0.0,0.00674,0.13537,Nothing,seated
5.08085,286,-0.00479347,-0.203252,0.0,0.0,0.0,0.0,0.0,0.0,0.0,0.0,0.0,0.0,0.00674,0.13537,Nothing,seated
5.09247,287,-0.00287611,-0.203252,0.0,0.0,0.0,0.0,0.0,0.0,0.0,0.0,0.0,0.0,0.00674,0.13537,Nothing,seated
5.10372,288,-0.00287611,-0.199226,0.0,0.0,0.0,0.0,0.0,0.0,0.0,0.0,0.0,0.0,0.00674,0.13537,Nothing,seated
5.11574,289,-0.00383455,-0.201335,0.0,0.0,0.0,0.0,0.0,0.0,0.0,0.0,0.0,0.0,0.00674,0.13537,Nothing,seated
5.12697,290,-0.00383455,-0.201335,0.0,0.0,0.0,0.0,0.0,0.0,0.0,0.0,0.0,0.0,0.00674,0.13537,Nothing,seated
5.13907,291,-0.00479347,-0.202294,0.0,0.0,0.0,0.0,0.0,0.0,0.0,0.0,0.0,0.0,0.00674,0.13537,Nothing,seated
5.15204,292,-0.00479347,-0.203252,0.0,0.0,0.0,0.0,0.0,0.0,0.0,0.0,0.0,0.0,0.00674,0.13537,Nothing,seated
5.16346,293,-0.000958268,-0.203252,0.0,0.0,0.0,0.0,0.0,0.0,0.0,0.0,0.0,0.0,0.00674,0.13537,Nothing,seated
5.17538,294,-0.00383455,-0.201335,0.0,0.0,0.0,0.0,0.0,0.0,0.0,0.0,0.0,0.0,0.00674,0.13537,Nothing,seated
5.18788,295,-0.00383455,-0.201335,0.0,0.0,0.0,0.0,0.0,0.0,0.0,0.0,0.0,0.0,0.00674,0.13537,Nothing,seated
5.20271,296,-0.00287611,-0.20632,0.0,0.0,0.0,0.0,0.0,0.0,0.0,0.0,0.0,0.0,0.00674,0.13537,Nothing,seated
5.21526,297,-0.00287611,-0.20632,0.0,0.0,0.0,0.0,0.0,0.0,0.0,0.0,0.0,0.0,0.00674,0.13537,Nothing,seated
5.22659,298,-0.000958268,-0.200185,0.0,0.0,0.0,0.0,0.0,0.0,0.0,0.0,0.0,0.0,0.00674,0.13537,Nothing,seated
5.23672,299,-0.000958268,-0.200185,0.0,0.0,0.0,0.0,0.0,0.0,0.0,0.0,0.0,0.0,0.00674,0.13537,Nothing,seated
5.24771,300,-0.00383455,-0.200376,0.0,0.0,0.0,0.0,0.0,0.0,0.0,0.0,0.0,0.0,0.00674,0.13537,Nothing,seated
5.25846,301,-0.00383455,-0.200376,0.0,0.0,0.0,0.0,0.0,0.0,0.0,0.0,0.0,0.0,0.00674,0.13537,Nothing,seated
5.26853,302,-0.00287611,-0.201335,0.0,0.0,0.0,0.0,0.0,0.0,0.0,0.0,0.0,0.0,0.00674,0.13537,Nothing,seated
5.27971,303,-0.00287611,-0.201335,0.0,0.0,0.0,0.0,0.0,0.0,0.0,0.0,0.0,0.0,0.00674,0.13537,Nothing,seated
5.29285,304,-0.00479347,-0.201335,0.0,0.0,0.0,0.0,0.0,0.0,0.0,0.0,0.0,0.0,0.00674,0.13537,Nothing,seated
5.30801,305,1.74846e-07,-0.202294,0.0,0.0,0.0,0.0,0.0,0.0,0.0,0.0,0.0,0.0,0.00674,0.13537,Nothing,seated
5.31985,306,1.74846e-07,-0.202294,0.0,0.0,0.0,0.0,0.0,0.0,0.0,0.0,0.0,0.0,0.00674,0.13537,Nothing,seated
5.33337,307,-0.00191719,-0.199226,0.0,0.0,0.0,0.0,0.0,0.0,0.0,0.0,0.0,0.0,0.00674,0.13537,Nothing,seated
5.35147,308,-0.00383455,-0.199226,0.0,0.0,0.0,0.0,0.0,0.0,0.0,0.0,0.0,0.0,0.00674,0.13537,Nothing,seated
5.36315,309,-0.00383455,-0.201335,0.0,0.0,0.0,0.0,0.0,0.0,0.0,0.0,0.0,0.0,0.00674,0.13537,Nothing,seated
5.38597,310,-0.00383455,-0.205362,0.0,0.0,0.0,0.0,0.0,0.0,0.0,0.0,0.0,0.0,0.00674,0.13537,Nothing,seated
5.39629,311,-0.00383455,-0.205362,0.0,0.0,0.0,0.0,0.0,0.0,0.0,0.0,0.0,0.0,0.00674,0.13537,Nothing,seated
5.40816,312,-0.00191719,-0.198267,0.0,0.0,0.0,0.0,0.0,0.0,0.0,0.0,0.0,0.0,0.00674,0.13537,Nothing,seated
5.42007,313,-0.00479347,-0.203252,0.0,0.0,0.0,0.0,0.0,0.0,0.0,0.0,0.0,0.0,0.00674,0.13537,Nothing,seated
5.43472,314,-0.00479347,-0.203252,0.0,0.0,0.0,0.0,0.0,0.0,0.0,0.0,0.0,0.0,0.00674,0.13537,Nothing,seated
5.44615,315,-0.00383455,-0.199226,0.0,0.0,0.0,0.0,0.0,0.0,0.0,0.0,0.0,0.0,0.00674,0.13537,Nothing,seated
5.45746,316,-0.00383455,-0.199226,0.0,0.0,0.0,0.0,0.0,0.0,0.0,0.0,0.0,0.0,0.00674,0.13537,Nothing,seated
5.46815,317,-0.00287611,-0.207279,0.0,0.0,0.0,0.0,0.0,0.0,0.0,0.0,0.0,0.0,0.00674,0.13537,Nothing,seated
5.47947,318,-0.00287611,-0.207279,0.0,0.0,0.0,0.0,0.0,0.0,0.0,0.0,0.0,0.0,0.00674,0.13537,Nothing,seated
5.49086,319,-0.00575239,-0.200185,0.0,0.0,0.0,0.0,0.0,0.0,0.0,0.0,0.0,0.0,0.00674,0.13537,Nothing,seated
5.50259,320,-0.00575239,-0.201335,0.0,0.0,0.0,0.0,0.0,0.0,0.0,0.0,0.0,0.0,0.00674,0.13537,Nothing,seated
5.51562,321,-0.00287611,-0.201335,0.0,0.0,0.0,0.0,0.0,0.0,0.0,0.0,0.0,0.0,0.00674,0.13537,Nothing,seated
5.52707,322,-0.00287611,-0.201335,0.0,0.0,0.0,0.0,0.0,0.0,0.0,0.0,0.0,0.0,0.00674,0.13537,Nothing,seated
5.53785,323,-0.00287611,-0.201335,0.0,0.0,0.0,0.0,0.0,0.0,0.0,0.0,0.0,0.0,0.00674,0.13537,Nothing,seated
5.54939,324,-0.00287611,-0.201335,0.0,0.0,0.0,0.0,0.0,0.0,0.0,0.0,0.0,0.0,0.00674,0.13537,Nothing,seated
5.5606,325,-0.00287611,-0.203252,0.0,0.0,0.0,0.0,0.0,0.0,0.0,0.0,0.0,0.0,0.00674,0.13537,Nothing,seated
5.57272,326,-0.00575239,-0.203252,0.0,0.0,0.0,0.0,0.0,0.0,0.0,0.0,0.0,0.0,0.00674,0.13537,Nothing,seated
5.58338,327,-0.000958268,-0.207279,0.0,0.0,0.0,0.0,0.0,0.0,0.0,0.0,0.0,0.0,0.00674,0.13537,Nothing,seated
5.59572,328,-0.000958268,-0.207279,0.0,0.0,0.0,0.0,0.0,0.0,0.0,0.0,0.0,0.0,0.00674,0.13537,Nothing,seated
5.60647,329,-0.00191719,-0.201335,0.0,0.0,0.0,0.0,0.0,0.0,0.0,0.0,0.0,0.0,0.00674,0.13537,Nothing,seated
5.61697,330,-0.00191719,-0.201335,0.0,0.0,0.0,0.0,0.0,0.0,0.0,0.0,0.0,0.0,0.00674,0.13537,Nothing,seated
5.63355,331,-0.00479347,-0.203252,0.0,0.0,0.0,0.0,0.0,0.0,0.0,0.0,0.0,0.0,0.00674,0.13537,Nothing,seated
5.64537,332,-0.00383455,-0.203252,0.0,0.0,0.0,0.0,0.0,0.0,0.0,0.0,0.0,0.0,0.00674,0.13537,Nothing,seated
5.6576,333,-0.00383455,-0.201335,0.0,0.0,0.0,0.0,0.0,0.0,0.0,0.0,0.0,0.0,0.00674,0.13537,Nothing,seated
5.66886,334,-0.00479347,-0.199226,0.0,0.0,0.0,0.0,0.0,0.0,0.0,0.0,0.0,0.0,0.00674,0.13537,Nothing,seated
5.68385,335,-0.00479347,-0.199226,0.0,0.0,0.0,0.0,0.0,0.0,0.0,0.0,0.0,0.0,0.00674,0.13537,Nothing,seated
5.69556,336,-0.00191719,-0.203252,0.0,0.0,0.0,0.0,0.0,0.0,0.0,0.0,0.0,0.0,0.00674,0.13537,Nothing,seated
5.70609,337,-0.00191719,-0.203252,0.0,0.0,0.0,0.0,0.0,0.0,0.0,0.0,0.0,0.0,0.00674,0.13537,Nothing,seated
5.71695,338,-0.00287611,-0.202294,0.0,0.0,0.0,0.0,0.0,0.0,0.0,0.0,0.0,0.0,0.00674,0.13537,Nothing,seated
5.72836,339,-0.00287611,-0.202294,0.0,0.0,0.0,0.0,0.0,0.0,0.0,0.0,0.0,0.0,0.00674,0.13537,Nothing,seated
5.74037,340,-0.00191719,-0.202294,0.0,0.0,0.0,0.0,0.0,0.0,0.0,0.0,0.0,0.0,0.00674,0.13537,Nothing,seated
5.75347,341,-0.00479347,-0.203252,0.0,0.0,0.0,0.0,0.0,0.0,0.0,0.0,0.0,0.0,0.00674,0.13537,Nothing,seated
5.76459,342,-0.00479347,-0.203252,0.0,0.0,0.0,0.0,0.0,0.0,0.0,0.0,0.0,0.0,0.00674,0.13537,Nothing,seated
5.77815,343,-0.00766975,-0.200376,0.0,0.0,0.0,0.0,0.0,0.0,0.0,0.0,0.0,0.0,0.00674,0.13537,Nothing,seated
5.78922,344,-0.00766975,-0.200376,0.0,0.0,0.0,0.0,0.0,0.0,0.0,0.0,0.0,0.0,0.00674,0.13537,Nothing,seated
5.80072,345,-0.00671083,-0.201335,0.0,0.0,0.0,0.0,0.0,0.0,0.0,0.0,0.0,0.0,0.00674,0.13537,Nothing,seated
5.81285,346,-0.00671083,-0.203252,0.0,0.0,0.0,0.0,0.0,0.0,0.0,0.0,0.0,0.0,0.00674,0.13537,Nothing,seated
5.82359,347,-0.00383455,-0.203252,0.0,0.0,0.0,0.0,0.0,0.0,0.0,0.0,0.0,0.0,0.00674,0.13537,Nothing,seated
5.83486,348,-0.00287611,-0.200376,0.0,0.0,0.0,0.0,0.0,0.0,0.0,0.0,0.0,0.0,0.00674,0.13537,Nothing,seated
5.84585,349,-0.00287611,-0.200376,0.0,0.0,0.0,0.0,0.0,0.0,0.0,0.0,0.0,0.0,0.00674,0.13537,Nothing,seated
5.85715,350,-0.00287611,-0.203252,0.0,0.0,0.0,0.0,0.0,0.0,0.0,0.0,0.0,0.0,0.00674,0.13537,Nothing,seated
5.86875,351,-0.00287611,-0.203252,0.0,0.0,0.0,0.0,0.0,0.0,0.0,0.0,0.0,0.0,0.00674,0.13537,Nothing,seated
5.87985,352,-0.00287611,-0.198267,0.0,0.0,0.0,0.0,0.0,0.0,0.0,0.0,0.0,0.0,0.00674,0.13537,Nothing,seated
5.89215,353,-0.00287611,-0.200376,0.0,0.0,0.0,0.0,0.0,0.0,0.0,0.0,0.0,0.0,0.00674,0.13537,Nothing,seated
5.90415,354,-0.00383455,-0.200376,0.0,0.0,0.0,0.0,0.0,0.0,0.0,0.0,0.0,0.0,0.00674,0.13537,Nothing,seated
5.91527,355,-0.00191719,-0.203252,0.0,0.0,0.0,0.0,0.0,0.0,0.0,0.0,0.0,0.0,0.00674,0.13537,Nothing,seated
5.9269,356,-0.00191719,-0.203252,0.0,0.0,0.0,0.0,0.0,0.0,0.0,0.0,0.0,0.0,0.00674,0.13537,Nothing,seated
5.94416,357,-0.00383455,-0.204211,0.0,0.0,0.0,0.0,0.0,0.0,0.0,0.0,0.0,0.0,0.00674,0.13537,Nothing,seated
5.95753,358,1.74846e-07,-0.203252,0.0,0.0,0.0,0.0,0.0,0.0,0.0,0.0,0.0,0.0,0.00674,0.13537,Nothing,seated
5.97216,359,1.74846e-07,-0.205362,0.0,0.0,0.0,0.0,0.0,0.0,0.0,0.0,0.0,0.0,0.00674,0.13537,Nothing,seated
5.98337,360,-0.00479347,-0.205362,0.0,0.0,0.0,0.0,0.0,0.0,0.0,0.0,0.0,0.0,0.00674,0.13537,Nothing,seated
5.99647,361,-0.00479347,-0.202294,0.0,0.0,0.0,0.0,0.0,0.0,0.0,0.0,0.0,0.0,0.00674,0.13537,Nothing,seated
6.00746,362,-0.00479347,-0.202294,0.0,0.0,0.0,0.0,0.0,0.0,0.0,0.0,0.0,0.0,0.00674,0.13537,Nothing,seated
6.02115,363,-0.00191719,-0.201335,0.0,0.0,0.0,0.0,0.0,0.0,0.0,0.0,0.0,0.0,0.00674,0.13537,Nothing,seated
6.03347,364,-0.00287611,-0.205362,0.0,0.0,0.0,0.0,0.0,0.0,0.0,0.0,0.0,0.0,0.00674,0.13537,Nothing,seated
6.04572,365,-0.00287611,-0.205362,0.0,0.0,0.0,0.0,0.0,0.0,0.0,0.0,0.0,0.0,0.00674,0.13537,Nothing,seated
6.05607,366,-0.00191719,-0.203252,0.0,0.0,0.0,0.0,0.0,0.0,0.0,0.0,0.0,0.0,0.00674,0.13537,Nothing,seated
6.06697,367,-0.00191719,-0.203252,0.0,0.0,0.0,0.0,0.0,0.0,0.0,0.0,0.0,0.0,0.00674,0.13537,Nothing,seated
6.07785,368,-0.00479347,-0.20517,0.0,0.0,0.0,0.0,0.0,0.0,0.0,0.0,0.0,0.0,0.00674,0.13537,Nothing,seated
6.08793,369,-0.00479347,-0.20517,0.0,0.0,0.0,0.0,0.0,0.0,0.0,0.0,0.0,0.0,0.00674,0.13537,Nothing,seated
6.10085,370,-0.00479347,-0.200376,0.0,0.0,0.0,0.0,0.0,0.0,0.0,0.0,0.0,0.0,0.00674,0.13537,Nothing,seated
6.11247,371,-0.00479347,-0.200376,0.0,0.0,0.0,0.0,0.0,0.0,0.0,0.0,0.0,0.0,0.00674,0.13537,Nothing,seated
6.12359,372,-0.00287611,-0.203252,0.0,0.0,0.0,0.0,0.0,0.0,0.0,0.0,0.0,0.0,0.00674,0.13537,Nothing,seated
6.13497,373,-0.00671083,-0.203252,0.0,0.0,0.0,0.0,0.0,0.0,0.0,0.0,0.0,0.0,0.00674,0.13537,Nothing,seated
6.14507,374,-0.00671083,-0.201335,0.0,0.0,0.0,0.0,0.0,0.0,0.0,0.0,0.0,0.0,0.00674,0.13537,Nothing,seated
6.15809,375,-0.00383455,-0.201335,0.0,0.0,0.0,0.0,0.0,0.0,0.0,0.0,0.0,0.0,0.00674,0.13537,Nothing,seated
6.17209,376,-0.00383455,-0.200376,0.0,0.0,0.0,0.0,0.0,0.0,0.0,0.0,0.0,0.0,0.00674,0.13537,Nothing,seated
6.18547,377,-0.000958268,-0.200376,0.0,0.0,0.0,0.0,0.0,0.0,0.0,0.0,0.0,0.0,0.00674,0.13537,Nothing,seated
6.19637,378,-0.000958268,-0.200376,0.0,0.0,0.0,0.0,0.0,0.0,0.0,0.0,0.0,0.0,0.00674,0.13537,Nothing,seated
6.20759,379,-0.00191719,-0.203252,0.0,0.0,0.0,0.0,0.0,0.0,0.0,0.0,0.0,0.0,0.00674,0.13537,Nothing,seated
6.21947,380,-0.00479347,-0.198267,0.0,0.0,0.0,0.0,0.0,0.0,0.0,0.0,0.0,0.0,0.00674,0.13537,Nothing,seated
6.23234,381,-0.00479347,-0.200376,0.0,0.0,0.0,0.0,0.0,0.0,0.0,0.0,0.0,0.0,0.00674,0.13537,Nothing,seated
6.24407,382,-0.00766975,-0.200376,0.0,0.0,0.0,0.0,0.0,0.0,0.0,0.0,0.0,0.0,0.00674,0.13537,Nothing,seated
6.25638,383,-0.00766975,-0.200376,0.0,0.0,0.0,0.0,0.0,0.0,0.0,0.0,0.0,0.0,0.00674,0.13537,Nothing,seated
6.27185,384,-0.00287611,-0.203252,0.0,0.0,0.0,0.0,0.0,0.0,0.0,0.0,0.0,0.0,0.00674,0.13537,Nothing,seated
6.28429,385,-0.00287611,-0.20517,0.0,0.0,0.0,0.0,0.0,0.0,0.0,0.0,0.0,0.0,0.00674,0.13537,Nothing,seated
6.29559,386,-0.00575239,-0.20517,0.0,0.0,0.0,0.0,0.0,0.0,0.0,0.0,0.0,0.0,0.00674,0.13537,Nothing,seated
6.30638,387,-0.00191719,-0.203252,0.0,0.0,0.0,0.0,0.0,0.0,0.0,0.0,0.0,0.0,0.00674,0.13537,Nothing,seated
6.32859,388,-0.00479347,-0.204211,0.0,0.0,0.0,0.0,0.0,0.0,0.0,0.0,0.0,0.0,0.00674,0.13537,Nothing,seated
6.34085,389,-0.00479347,-0.201335,0.0,0.0,0.0,0.0,0.0,0.0,0.0,0.0,0.0,0.0,0.00674,0.13537,Nothing,seated
6.35458,390,-0.00479347,-0.20632,0.0,0.0,0.0,0.0,0.0,0.0,0.0,0.0,0.0,0.0,0.00674,0.13537,Nothing,seated
6.3746,391,-0.00191719,-0.20632,0.0,0.0,0.0,0.0,0.0,0.0,0.0,0.0,0.0,0.0,0.00674,0.13537,Nothing,seated
6.3866,392,-0.00287611,-0.203252,0.0,0.0,0.0,0.0,0.0,0.0,0.0,0.0,0.0,0.0,0.00674,0.13537,Nothing,seated
6.39799,393,-0.00287611,-0.203252,0.0,0.0,0.0,0.0,0.0,0.0,0.0,0.0,0.0,0.0,0.00674,0.13537,Nothing,seated
6.40807,394,-0.00383455,-0.201335,0.0,0.0,0.0,0.0,0.0,0.0,0.0,0.0,0.0,0.0,0.00674,0.13537,Nothing,seated
6.42047,395,-0.00383455,-0.201335,0.0,0.0,0.0,0.0,0.0,0.0,0.0,0.0,0.0,0.0,0.00674,0.13537,Nothing,seated
6.43385,396,-0.00575239,-0.201335,0.0,0.0,0.0,0.0,0.0,0.0,0.0,0.0,0.0,0.0,0.00674,0.13537,Nothing,seated
6.44647,397,-0.00287611,-0.197308,0.0,0.0,0.0,0.0,0.0,0.0,0.0,0.0,0.0,0.0,0.00674,0.13537,Nothing,seated
6.45707,398,-0.00287611,-0.197308,0.0,0.0,0.0,0.0,0.0,0.0,0.0,0.0,0.0,0.0,0.00674,0.13537,Nothing,seated
6.46806,399,-0.00287611,-0.200376,0.0,0.0,0.0,0.0,0.0,0.0,0.0,0.0,0.0,0.0,0.00674,0.13537,Nothing,seated
6.50147,400,-0.00383455,-0.200376,0.0,0.0,0.0,0.0,0.0,0.0,0.0,0.0,0.0,0.0,0.00674,0.13537,Nothing,seated
6.51805,401,-0.00287611,-0.203252,0.0,0.0,0.0,0.0,0.0,0.0,0.0,0.0,0.0,0.0,0.00674,0.13537,Nothing,seated
6.53685,402,-0.00287611,-0.203252,0.0,0.0,0.0,0.0,0.0,0.0,0.0,0.0,0.0,0.0,0.00674,0.13537,Nothing,seated
6.55251,403,-0.00191719,-0.199226,0.0,0.0,0.0,0.0,0.0,0.0,0.0,0.0,0.0,0.0,0.00674,0.13537,Nothing,seated
6.56433,404,-0.00287611,-0.205362,0.0,0.0,0.0,0.0,0.0,0.0,0.0,0.0,0.0,0.0,0.00674,0.13537,Nothing,seated
6.58338,405,-0.00287611,-0.202294,0.0,0.0,0.0,0.0,0.0,0.0,0.0,0.0,0.0,0.0,0.00674,0.13537,Nothing,seated
6.59935,406,-0.000958268,-0.202294,0.0,0.0,0.0,0.0,0.0,0.0,0.0,0.0,0.0,0.0,0.00674,0.13537,Nothing,seated
6.61271,407,-0.00191719,-0.204211,0.0,0.0,0.0,0.0,0.0,0.0,0.0,0.0,0.0,0.0,0.00674,0.13537,Nothing,seated
6.62385,408,-0.00191719,-0.204211,0.0,0.0,0.0,0.0,0.0,0.0,0.0,0.0,0.0,0.0,0.00674,0.13537,Nothing,seated
6.63586,409,-0.00191719,-0.204211,0.0,0.0,0.0,0.0,0.0,0.0,0.0,0.0,0.0,0.0,0.00674,0.13537,Nothing,seated
6.64672,410,-0.00191719,-0.204211,0.0,0.0,0.0,0.0,0.0,0.0,0.0,0.0,0.0,0.0,0.00674,0.13537,Nothing,seated
6.65759,411,-0.00383455,-0.204211,0.0,0.0,0.0,0.0,0.0,0.0,0.0,0.0,0.0,0.0,0.00674,0.13537,Nothing,seated
6.66837,412,-0.00191719,-0.201335,0.0,0.0,0.0,0.0,0.0,0.0,0.0,0.0,0.0,0.0,0.00674,0.13537,Nothing,seated
6.6813,413,-0.00191719,-0.201335,0.0,0.0,0.0,0.0,0.0,0.0,0.0,0.0,0.0,0.0,0.00674,0.13537,Nothing,seated
6.69485,414,-0.00191719,-0.202294,0.0,0.0,0.0,0.0,0.0,0.0,0.0,0.0,0.0,0.0,0.00674,0.13537,Nothing,seated
6.70559,415,-0.00191719,-0.202294,0.0,0.0,0.0,0.0,0.0,0.0,0.0,0.0,0.0,0.0,0.00674,0.13537,Nothing,seated
6.71647,416,-0.00383455,-0.200376,0.0,0.0,0.0,0.0,0.0,0.0,0.0,0.0,0.0,0.0,0.00674,0.13537,Nothing,seated
6.72816,417,-0.00383455,-0.200376,0.0,0.0,0.0,0.0,0.0,0.0,0.0,0.0,0.0,0.0,0.00674,0.13537,Nothing,seated
6.73897,418,-0.00383455,-0.202294,0.0,0.0,0.0,0.0,0.0,0.0,0.0,0.0,0.0,0.0,0.00674,0.13537,Nothing,seated
6.75102,419,-0.00383455,-0.202294,0.0,0.0,0.0,0.0,0.0,0.0,0.0,0.0,0.0,0.0,0.00674,0.13537,Nothing,seated
6.76197,420,-0.00383455,-0.202294,0.0,0.0,0.0,0.0,0.0,0.0,0.0,0.0,0.0,0.0,0.00674,0.13537,Nothing,seated
6.77272,421,-0.00383455,-0.200376,0.0,0.0,0.0,0.0,0.0,0.0,0.0,0.0,0.0,0.0,0.00674,0.13537,Nothing,seated
6.78372,422,-0.00191719,-0.200376,0.0,0.0,0.0,0.0,0.0,0.0,0.0,0.0,0.0,0.0,0.00674,0.13537,Nothing,seated
6.79607,423,-0.00383455,-0.201335,0.0,0.0,0.0,0.0,0.0,0.0,0.0,0.0,0.0,0.0,0.00674,0.13537,Nothing,seated
6.80772,424,-0.00383455,-0.201335,0.0,0.0,0.0,0.0,0.0,0.0,0.0,0.0,0.0,0.0,0.00674,0.13537,Nothing,seated
6.8179,425,-0.000958268,-0.202294,0.0,0.0,0.0,0.0,0.0,0.0,0.0,0.0,0.0,0.0,0.00674,0.13537,Nothing,seated
6.82915,426,-0.000958268,-0.202294,0.0,0.0,0.0,0.0,0.0,0.0,0.0,0.0,0.0,0.0,0.00674,0.13537,Nothing,seated
6.8416,427,-0.00383455,-0.200376,0.0,0.0,0.0,0.0,0.0,0.0,0.0,0.0,0.0,0.0,0.00674,0.13537,Nothing,seated
6.85216,428,-0.00383455,-0.200376,0.0,0.0,0.0,0.0,0.0,0.0,0.0,0.0,0.0,0.0,0.00674,0.13537,Nothing,seated
6.86271,429,-0.000958268,-0.202294,0.0,0.0,0.0,0.0,0.0,0.0,0.0,0.0,0.0,0.0,0.00674,0.13537,Nothing,seated
6.87276,430,-0.000958268,-0.202294,0.0,0.0,0.0,0.0,0.0,0.0,0.0,0.0,0.0,0.0,0.00674,0.13537,Nothing,seated
6.88482,431,-0.00383455,-0.199226,0.0,0.0,0.0,0.0,0.0,0.0,0.0,0.0,0.0,0.0,0.00674,0.13537,Nothing,seated
6.89607,432,-0.00383455,-0.200185,0.0,0.0,0.0,0.0,0.0,0.0,0.0,0.0,0.0,0.0,0.00674,0.13537,Nothing,seated
6.90672,433,-0.00383455,-0.200185,0.0,0.0,0.0,0.0,0.0,0.0,0.0,0.0,0.0,0.0,0.00674,0.13537,Nothing,seated
6.91676,434,-0.00383455,-0.208238,0.0,0.0,0.0,0.0,0.0,0.0,0.0,0.0,0.0,0.0,0.00674,0.13537,Nothing,seated
6.92747,435,-0.00191719,-0.208238,0.0,0.0,0.0,0.0,0.0,0.0,0.0,0.0,0.0,0.0,0.00674,0.13537,Nothing,seated
6.93798,436,-0.00191719,-0.200376,0.0,0.0,0.0,0.0,0.0,0.0,0.0,0.0,0.0,0.0,0.00674,0.13537,Nothing,seated
6.94815,437,-0.00479347,-0.200376,0.0,0.0,0.0,0.0,0.0,0.0,0.0,0.0,0.0,0.0,0.00674,0.13537,Nothing,seated
6.95886,438,-0.00479347,-0.201335,0.0,0.0,0.0,0.0,0.0,0.0,0.0,0.0,0.0,0.0,0.00674,0.13537,Nothing,seated
6.96947,439,-0.00479347,-0.201335,0.0,0.0,0.0,0.0,0.0,0.0,0.0,0.0,0.0,0.0,0.00674,0.13537,Nothing,seated
6.98247,440,-0.00287611,-0.205362,0.0,0.0,0.0,0.0,0.0,0.0,0.0,0.0,0.0,0.0,0.00674,0.13537,Nothing,seated
6.99497,441,-0.00671083,-0.202294,0.0,0.0,0.0,0.0,0.0,0.0,0.0,0.0,0.0,0.0,0.00674,0.13537,Nothing,seated
7.00885,442,-0.00671083,-0.202294,0.0,0.0,0.0,0.0,0.0,0.0,0.0,0.0,0.0,0.0,0.00674,0.13537,Nothing,seated
7.01947,443,-0.00479347,-0.202294,0.0,0.0,0.0,0.0,0.0,0.0,0.0,0.0,0.0,0.0,0.00674,0.13537,Nothing,seated
7.03186,444,-0.00479347,-0.205362,0.0,0.0,0.0,0.0,0.0,0.0,0.0,0.0,0.0,0.0,0.00674,0.13537,Nothing,seated
7.04572,445,-0.00191719,-0.205362,0.0,0.0,0.0,0.0,0.0,0.0,0.0,0.0,0.0,0.0,0.00674,0.13537,Nothing,seated
7.05616,446,-0.00191719,-0.199226,0.0,0.0,0.0,0.0,0.0,0.0,0.0,0.0,0.0,0.0,0.00674,0.13537,Nothing,seated
7.06622,447,-0.00479347,-0.199226,0.0,0.0,0.0,0.0,0.0,0.0,0.0,0.0,0.0,0.0,0.00674,0.13537,Nothing,seated
7.07629,448,-0.00383455,-0.203252,0.0,0.0,0.0,0.0,0.0,0.0,0.0,0.0,0.0,0.0,0.00674,0.13537,Nothing,seated
7.09185,449,-0.00383455,-0.200185,0.0,0.0,0.0,0.0,0.0,0.0,0.0,0.0,0.0,0.0,0.00674,0.13537,Nothing,seated
7.10459,450,-0.00383455,-0.200185,0.0,0.0,0.0,0.0,0.0,0.0,0.0,0.0,0.0,0.0,0.00674,0.13537,Nothing,seated
7.11647,451,-0.00479347,-0.199226,0.0,0.0,0.0,0.0,0.0,0.0,0.0,0.0,0.0,0.0,0.00674,0.13537,Nothing,seated
7.12859,452,-0.00479347,-0.199226,0.0,0.0,0.0,0.0,0.0,0.0,0.0,0.0,0.0,0.0,0.00674,0.13537,Nothing,seated
7.13971,453,-0.00191719,-0.202294,0.0,0.0,0.0,0.0,0.0,0.0,0.0,0.0,0.0,0.0,0.00674,0.13537,Nothing,seated
7.14978,454,-0.00191719,-0.202294,0.0,0.0,0.0,0.0,0.0,0.0,0.0,0.0,0.0,0.0,0.00674,0.13537,Nothing,seated
7.15985,455,-0.000958268,-0.204211,0.0,0.0,0.0,0.0,0.0,0.0,0.0,0.0,0.0,0.0,0.00674,0.13537,Nothing,seated
7.17697,456,-0.000958268,-0.204211,0.0,0.0,0.0,0.0,0.0,0.0,0.0,0.0,0.0,0.0,0.00674,0.13537,Nothing,seated
7.18885,457,-0.00479347,-0.203252,0.0,0.0,0.0,0.0,0.0,0.0,0.0,0.0,0.0,0.0,0.00674,0.13537,Nothing,seated
7.20034,458,-0.000958268,-0.203252,0.0,0.0,0.0,0.0,0.0,0.0,0.0,0.0,0.0,0.0,0.00674,0.13537,Nothing,seated
7.21522,459,-0.000958268,-0.198267,0.0,0.0,0.0,0.0,0.0,0.0,0.0,0.0,0.0,0.0,0.00674,0.13537,Nothing,seated
7.23185,460,-0.00383455,-0.198267,0.0,0.0,0.0,0.0,0.0,0.0,0.0,0.0,0.0,0.0,0.00674,0.13537,Nothing,seated
7.24909,461,-0.00383455,-0.201335,0.0,0.0,0.0,0.0,0.0,0.0,0.0,0.0,0.0,0.0,0.00674,0.13537,Nothing,seated
7.26463,462,-0.000958268,-0.201335,0.0,0.0,0.0,0.0,0.0,0.0,0.0,0.0,0.0,0.0,0.00674,0.13537,Nothing,seated
7.2886,463,-0.00479347,-0.199226,0.0,0.0,0.0,0.0,0.0,0.0,0.0,0.0,0.0,0.0,0.00674,0.13537,Nothing,seated
7.30485,464,-0.00191719,-0.202294,0.0,0.0,0.0,0.0,0.0,0.0,0.0,0.0,0.0,0.0,0.00674,0.13537,Nothing,seated
7.31854,465,-0.00191719,-0.202294,0.0,0.0,0.0,0.0,0.0,0.0,0.0,0.0,0.0,0.0,0.00674,0.13537,Nothing,seated
7.33141,466,-0.00383455,-0.200376,0.0,0.0,0.0,0.0,0.0,0.0,0.0,0.0,0.0,0.0,0.00674,0.13537,Nothing,seated
7.3436,467,-0.00383455,-0.200376,0.0,0.0,0.0,0.0,0.0,0.0,0.0,0.0,0.0,0.0,0.00674,0.13537,Nothing,seated
7.35538,468,-0.00479347,-0.200376,0.0,0.0,0.0,0.0,0.0,0.0,0.0,0.0,0.0,0.0,0.00674,0.13537,Nothing,seated
7.36738,469,-0.000958268,-0.20632,0.0,0.0,0.0,0.0,0.0,0.0,0.0,0.0,0.0,0.0,0.00674,0.13537,Nothing,seated
7.37907,470,-0.000958268,-0.20632,0.0,0.0,0.0,0.0,0.0,0.0,0.0,0.0,0.0,0.0,0.00674,0.13537,Nothing,seated
7.39185,471,-0.00575239,-0.200185,0.0,0.0,0.0,0.0,0.0,0.0,0.0,0.0,0.0,0.0,0.00674,0.13537,Nothing,seated
7.40386,472,-0.00575239,-0.202294,0.0,0.0,0.0,0.0,0.0,0.0,0.0,0.0,0.0,0.0,0.00674,0.13537,Nothing,seated
7.41616,473,-0.00383455,-0.202294,0.0,0.0,0.0,0.0,0.0,0.0,0.0,0.0,0.0,0.0,0.00674,0.13537,Nothing,seated
7.43198,474,-0.000958268,-0.200376,0.0,0.0,0.0,0.0,0.0,0.0,0.0,0.0,0.0,0.0,0.00674,0.13537,Nothing,seated
7.44498,475,-0.000958268,-0.201335,0.0,0.0,0.0,0.0,0.0,0.0,0.0,0.0,0.0,0.0,0.00674,0.13537,Nothing,seated
7.45837,476,-0.00671083,-0.201335,0.0,0.0,0.0,0.0,0.0,0.0,0.0,0.0,0.0,0.0,0.00674,0.13537,Nothing,seated
7.47072,477,-0.00191719,-0.200376,0.0,0.0,0.0,0.0,0.0,0.0,0.0,0.0,0.0,0.0,0.00674,0.13537,Nothing,seated
7.48238,478,-0.00191719,-0.200376,0.0,0.0,0.0,0.0,0.0,0.0,0.0,0.0,0.0,0.0,0.00674,0.13537,Nothing,seated
7.49647,479,-0.00191719,-0.202294,0.0,0.0,0.0,0.0,0.0,0.0,0.0,0.0,0.0,0.0,0.00674,0.13537,Nothing,seated
7.51072,480,-0.00383455,-0.200376,0.0,0.0,0.0,0.0,0.0,0.0,0.0,0.0,0.0,0.0,0.00674,0.13537,Nothing,seated
7.52185,481,-0.00383455,-0.200376,0.0,0.0,0.0,0.0,0.0,0.0,0.0,0.0,0.0,0.0,0.00674,0.13537,Nothing,seated
7.53191,482,-0.00383455,-0.207279,0.0,0.0,0.0,0.0,0.0,0.0,0.0,0.0,0.0,0.0,0.00674,0.13537,Nothing,seated
7.54445,483,-0.00383455,-0.207279,0.0,0.0,0.0,0.0,0.0,0.0,0.0,0.0,0.0,0.0,0.00674,0.13537,Nothing,seated
7.55917,484,-0.00287611,-0.202294,0.0,0.0,0.0,0.0,0.0,0.0,0.0,0.0,0.0,0.0,0.00674,0.13537,Nothing,seated
7.57507,485,-0.00287611,-0.202294,0.0,0.0,0.0,0.0,0.0,0.0,0.0,0.0,0.0,0.0,0.00674,0.13537,Nothing,seated
7.59147,486,-0.00383455,-0.204211,0.0,0.0,0.0,0.0,0.0,0.0,0.0,0.0,0.0,0.0,0.00674,0.13537,Nothing,seated
7.60515,487,-0.00383455,-0.200376,0.0,0.0,0.0,0.0,0.0,0.0,0.0,0.0,0.0,0.0,0.00674,0.13537,Nothing,seated
7.62507,488,-0.00383455,-0.200376,0.0,0.0,0.0,0.0,0.0,0.0,0.0,0.0,0.0,0.0,0.00674,0.13537,Nothing,seated
7.63708,489,-0.00383455,-0.204211,0.0,0.0,0.0,0.0,0.0,0.0,0.0,0.0,0.0,0.0,0.00674,0.13537,Nothing,seated
7.64872,490,-0.00383455,-0.203252,0.0,0.0,0.0,0.0,0.0,0.0,0.0,0.0,0.0,0.0,0.00674,0.13537,Nothing,seated
7.66016,491,-0.000958268,-0.203252,0.0,0.0,0.0,0.0,0.0,0.0,0.0,0.0,0.0,0.0,0.00674,0.13537,Nothing,seated
7.67196,492,-0.00383455,-0.199226,0.0,0.0,0.0,0.0,0.0,0.0,0.0,0.0,0.0,0.0,0.00674,0.13537,Nothing,seated
7.68416,493,-0.00383455,-0.199226,0.0,0.0,0.0,0.0,0.0,0.0,0.0,0.0,0.0,0.0,0.00674,0.13537,Nothing,seated
7.70044,494,-0.00479347,-0.199226,0.0,0.0,0.0,0.0,0.0,0.0,0.0,0.0,0.0,0.0,0.00674,0.13537,Nothing,seated
7.71122,495,-0.00287611,-0.203252,0.0,0.0,0.0,0.0,0.0,0.0,0.0,0.0,0.0,0.0,0.00674,0.13537,Nothing,seated
7.72361,496,-0.00287611,-0.203252,0.0,0.0,0.0,0.0,0.0,0.0,0.0,0.0,0.0,0.0,0.00674,0.13537,Nothing,seated
7.73537,497,-0.00287611,-0.201335,0.0,0.0,0.0,0.0,0.0,0.0,0.0,0.0,0.0,0.0,0.00674,0.13537,Nothing,seated
7.74697,498,-0.00479347,-0.201335,0.0,0.0,0.0,0.0,0.0,0.0,0.0,0.0,0.0,0.0,0.00674,0.13537,Nothing,seated
7.7576,499,-0.00383455,-0.202294,0.0,0.0,0.0,0.0,0.0,0.0,0.0,0.0,0.0,0.0,0.00674,0.13537,Nothing,seated
7.76783,500,-0.00383455,-0.202294,0.0,0.0,0.0,0.0,0.0,0.0,0.0,0.0,0.0,0.0,0.00674,0.13537,Nothing,seated
7.77897,501,-0.00383455,-0.203252,0.0,0.0,0.0,0.0,0.0,0.0,0.0,0.0,0.0,0.0,0.00674,0.13537,Nothing,seated
7.79072,502,-0.00383455,-0.200376,0.0,0.0,0.0,0.0,0.0,0.0,0.0,0.0,0.0,0.0,0.00674,0.13537,Nothing,seated
7.80916,503,-0.000958268,-0.200376,0.0,0.0,0.0,0.0,0.0,0.0,0.0,0.0,0.0,0.0,0.00674,0.13537,Nothing,seated
7.82172,504,-0.00191719,-0.203252,0.0,0.0,0.0,0.0,0.0,0.0,0.0,0.0,0.0,0.0,0.00674,0.13537,Nothing,seated
7.84837,505,-0.00191719,-0.199226,0.0,0.0,0.0,0.0,0.0,0.0,0.0,0.0,0.0,0.0,0.00674,0.13537,Nothing,seated
7.85985,506,-0.00287611,-0.20517,0.0,0.0,0.0,0.0,0.0,0.0,0.0,0.0,0.0,0.0,0.00674,0.13537,Nothing,seated
7.88409,507,-0.00575239,-0.200376,0.0,0.0,0.0,0.0,0.0,0.0,0.0,0.0,0.0,0.0,0.00674,0.13537,Nothing,seated
7.8966,508,-0.00575239,-0.201335,0.0,0.0,0.0,0.0,0.0,0.0,0.0,0.0,0.0,0.0,0.00674,0.13537,Nothing,seated
7.91259,509,-0.00575239,-0.201335,0.0,0.0,0.0,0.0,0.0,0.0,0.0,0.0,0.0,0.0,0.00674,0.13537,Nothing,seated
7.93197,510,-0.00383455,-0.200376,0.0,0.0,0.0,0.0,0.0,0.0,0.0,0.0,0.0,0.0,0.00674,0.13537,Nothing,seated
7.9636,511,-0.00766975,-0.201335,0.0,0.0,0.0,0.0,0.0,0.0,0.0,0.0,0.0,0.0,0.00674,0.13537,Nothing,seated
7.97607,512,-0.00766975,-0.204211,0.0,0.0,0.0,0.0,0.0,0.0,0.0,0.0,0.0,0.0,0.00674,0.13537,Nothing,seated
7.98772,513,-0.00287611,-0.204211,0.0,0.0,0.0,0.0,0.0,0.0,0.0,0.0,0.0,0.0,0.00674,0.13537,Nothing,seated
7.99812,514,-0.00191719,-0.201335,0.0,0.0,0.0,0.0,0.0,0.0,0.0,0.0,0.0,0.0,0.00674,0.13537,Nothing,seated
8.01303,515,-0.00191719,-0.203252,0.0,0.0,0.0,0.0,0.0,0.0,0.0,0.0,0.0,0.0,0.00674,0.13537,Nothing,seated
8.02798,516,-0.00287611,-0.203252,0.0,0.0,0.0,0.0,0.0,0.0,0.0,0.0,0.0,0.0,0.00674,0.13537,Nothing,seated
8.03916,517,-0.000958268,-0.202294,0.0,0.0,0.0,0.0,0.0,0.0,0.0,0.0,0.0,0.0,0.00674,0.13537,Nothing,seated
8.05137,518,-0.000958268,-0.202294,0.0,0.0,0.0,0.0,0.0,0.0,0.0,0.0,0.0,0.0,0.00674,0.13537,Nothing,seated
8.06262,519,-0.00479347,-0.200185,0.0,0.0,0.0,0.0,0.0,0.0,0.0,0.0,0.0,0.0,0.00674,0.13537,Nothing,seated
8.07786,520,-0.00479347,-0.203252,0.0,0.0,0.0,0.0,0.0,0.0,0.0,0.0,0.0,0.0,0.00674,0.13537,Nothing,seated
8.0916,521,-0.00479347,-0.200376,0.0,0.0,0.0,0.0,0.0,0.0,0.0,0.0,0.0,0.0,0.00674,0.13537,Nothing,seated
8.10947,522,-0.00191719,-0.200376,0.0,0.0,0.0,0.0,0.0,0.0,0.0,0.0,0.0,0.0,0.00674,0.13537,Nothing,seated
8.12386,523,-0.00479347,-0.201335,0.0,0.0,0.0,0.0,0.0,0.0,0.0,0.0,0.0,0.0,0.00674,0.13537,Nothing,seated
8.13938,524,-0.00287611,-0.202294,0.0,0.0,0.0,0.0,0.0,0.0,0.0,0.0,0.0,0.0,0.00674,0.13537,Nothing,seated
8.15238,525,-0.00287611,-0.202294,0.0,0.0,0.0,0.0,0.0,0.0,0.0,0.0,0.0,0.0,0.00674,0.13537,Nothing,seated
8.16347,526,-0.00383455,-0.201335,0.0,0.0,0.0,0.0,0.0,0.0,0.0,0.0,0.0,0.0,0.00674,0.13537,Nothing,seated
8.17709,527,-0.00383455,-0.202294,0.0,0.0,0.0,0.0,0.0,0.0,0.0,0.0,0.0,0.0,0.00674,0.13537,Nothing,seated
8.19435,528,-0.000958268,-0.204211,0.0,0.0,0.0,0.0,0.0,0.0,0.0,0.0,0.0,0.0,0.00674,0.13537,Nothing,seated
8.21259,529,-0.00383455,-0.204211,0.0,0.0,0.0,0.0,0.0,0.0,0.0,0.0,0.0,0.0,0.00674,0.13537,Nothing,seated
8.22472,530,-0.00479347,-0.205362,0.0,0.0,0.0,0.0,0.0,0.0,0.0,0.0,0.0,0.0,0.00674,0.13537,Nothing,seated
8.23798,531,-0.00479347,-0.205362,0.0,0.0,0.0,0.0,0.0,0.0,0.0,0.0,0.0,0.0,0.00674,0.13537,Nothing,seated
8.24823,532,-0.000958268,-0.204211,0.0,0.0,0.0,0.0,0.0,0.0,0.0,0.0,0.0,0.0,0.00674,0.13537,Nothing,seated
8.26022,533,-0.000958268,-0.201335,0.0,0.0,0.0,0.0,0.0,0.0,0.0,0.0,0.0,0.0,0.00674,0.13537,Nothing,seated
8.27347,534,-0.00383455,-0.201335,0.0,0.0,0.0,0.0,0.0,0.0,0.0,0.0,0.0,0.0,0.00674,0.13537,Nothing,seated
8.28572,535,-0.00287611,-0.203252,0.0,0.0,0.0,0.0,0.0,0.0,0.0,0.0,0.0,0.0,0.00674,0.13537,Nothing,seated
8.29778,536,-0.00287611,-0.203252,0.0,0.0,0.0,0.0,0.0,0.0,0.0,0.0,0.0,0.0,0.00674,0.13537,Nothing,seated
8.30907,537,-0.00479347,-0.202294,0.0,0.0,0.0,0.0,0.0,0.0,0.0,0.0,0.0,0.0,0.00674,0.13537,Nothing,seated
8.32685,538,-0.00287611,-0.20517,0.0,0.0,0.0,0.0,0.0,0.0,0.0,0.0,0.0,0.0,0.00674,0.13537,Nothing,seated
8.34007,539,-0.00287611,-0.20517,0.0,0.0,0.0,0.0,0.0,0.0,0.0,0.0,0.0,0.0,0.00674,0.13537,Nothing,seated
8.3516,540,-0.00575239,-0.200376,0.0,0.0,0.0,0.0,0.0,0.0,0.0,0.0,0.0,0.0,0.00674,0.13537,Nothing,seated
8.3644,541,-0.00575239,-0.200376,0.0,0.0,0.0,0.0,0.0,0.0,0.0,0.0,0.0,0.0,0.00674,0.13537,Nothing,seated
8.37672,542,-0.00191719,-0.204211,0.0,0.0,0.0,0.0,0.0,0.0,0.0,0.0,0.0,0.0,0.00674,0.13537,Nothing,seated
8.38847,543,-0.00191719,-0.201335,0.0,0.0,0.0,0.0,0.0,0.0,0.0,0.0,0.0,0.0,0.00674,0.13537,Nothing,seated
8.40142,544,-0.000958268,-0.201335,0.0,0.0,0.0,0.0,0.0,0.0,0.0,0.0,0.0,0.0,0.00674,0.13537,Nothing,seated
8.41427,545,-0.00191719,-0.204211,0.0,0.0,0.0,0.0,0.0,0.0,0.0,0.0,0.0,0.0,0.00674,0.13537,Nothing,seated
8.42547,546,-0.00191719,-0.204211,0.0,0.0,0.0,0.0,0.0,0.0,0.0,0.0,0.0,0.0,0.00674,0.13537,Nothing,seated
8.4366,547,-0.00383455,-0.201335,0.0,0.0,0.0,0.0,0.0,0.0,0.0,0.0,0.0,0.0,0.00674,0.13537,Nothing,seated
8.44753,548,-0.00383455,-0.201335,0.0,0.0,0.0,0.0,0.0,0.0,0.0,0.0,0.0,0.0,0.00674,0.13537,Nothing,seated
8.45759,549,-0.00479347,-0.201335,0.0,0.0,0.0,0.0,0.0,0.0,0.0,0.0,0.0,0.0,0.00674,0.13537,Nothing,seated
8.46767,550,-0.00479347,-0.201335,0.0,0.0,0.0,0.0,0.0,0.0,0.0,0.0,0.0,0.0,0.00674,0.13537,Nothing,seated
8.47785,551,-0.000958268,-0.202294,0.0,0.0,0.0,0.0,0.0,0.0,0.0,0.0,0.0,0.0,0.00674,0.13537,Nothing,seated
8.48792,552,-0.000958268,-0.202294,0.0,0.0,0.0,0.0,0.0,0.0,0.0,0.0,0.0,0.0,0.00674,0.13537,Nothing,seated
8.49872,553,-0.00479347,-0.202294,0.0,0.0,0.0,0.0,0.0,0.0,0.0,0.0,0.0,0.0,0.00674,0.13537,Nothing,seated
8.50907,554,-0.00479347,-0.20632,0.0,0.0,0.0,0.0,0.0,0.0,0.0,0.0,0.0,0.0,0.00674,0.13537,Nothing,seated
8.52434,555,-0.00766975,-0.20632,0.0,0.0,0.0,0.0,0.0,0.0,0.0,0.0,0.0,0.0,0.00674,0.13537,Nothing,seated
8.54047,556,-0.00287611,-0.202294,0.0,0.0,0.0,0.0,0.0,0.0,0.0,0.0,0.0,0.0,0.00674,0.13537,Nothing,seated
8.55189,557,-0.00287611,-0.200376,0.0,0.0,0.0,0.0,0.0,0.0,0.0,0.0,0.0,0.0,0.00674,0.13537,Nothing,seated
8.56453,558,-0.00191719,-0.200376,0.0,0.0,0.0,0.0,0.0,0.0,0.0,0.0,0.0,0.0,0.00674,0.13537,Nothing,seated
8.5756,559,-0.00287611,-0.20517,0.0,0.0,0.0,0.0,0.0,0.0,0.0,0.0,0.0,0.0,0.00674,0.13537,Nothing,seated
8.58568,560,-0.00287611,-0.20517,0.0,0.0,0.0,0.0,0.0,0.0,0.0,0.0,0.0,0.0,0.00674,0.13537,Nothing,seated
8.59834,561,-0.00287611,-0.205362,0.0,0.0,0.0,0.0,0.0,0.0,0.0,0.0,0.0,0.0,0.00674,0.13537,Nothing,seated
8.61098,562,-0.00191719,-0.204211,0.0,0.0,0.0,0.0,0.0,0.0,0.0,0.0,0.0,0.0,0.00674,0.13537,Nothing,seated
8.62503,563,-0.00191719,-0.204211,0.0,0.0,0.0,0.0,0.0,0.0,0.0,0.0,0.0,0.0,0.00674,0.13537,Nothing,seated
8.6356,564,-0.00575239,-0.204211,0.0,0.0,0.0,0.0,0.0,0.0,0.0,0.0,0.0,0.0,0.00674,0.13537,Nothing,seated
8.64808,565,-0.00575239,-0.202294,0.0,0.0,0.0,0.0,0.0,0.0,0.0,0.0,0.0,0.0,0.00674,0.13537,Nothing,seated
8.66407,566,-0.00191719,-0.202294,0.0,0.0,0.0,0.0,0.0,0.0,0.0,0.0,0.0,0.0,0.00674,0.13537,Nothing,seated
8.67547,567,-0.00383455,-0.204211,0.0,0.0,0.0,0.0,0.0,0.0,0.0,0.0,0.0,0.0,0.00674,0.13537,Nothing,seated
8.68686,568,-0.00383455,-0.204211,0.0,0.0,0.0,0.0,0.0,0.0,0.0,0.0,0.0,0.0,0.00674,0.13537,Nothing,seated
8.69808,569,-0.00287611,-0.203252,0.0,0.0,0.0,0.0,0.0,0.0,0.0,0.0,0.0,0.0,0.00674,0.13537,Nothing,seated
8.71131,570,-0.00191719,-0.20517,0.0,0.0,0.0,0.0,0.0,0.0,0.0,0.0,0.0,0.0,0.00674,0.13537,Nothing,seated
8.73089,571,-0.00191719,-0.202294,0.0,0.0,0.0,0.0,0.0,0.0,0.0,0.0,0.0,0.0,0.00674,0.13537,Nothing,seated
8.74177,572,-0.00287611,-0.202294,0.0,0.0,0.0,0.0,0.0,0.0,0.0,0.0,0.0,0.0,0.00674,0.13537,Nothing,seated
8.75207,573,-0.00287611,-0.207279,0.0,0.0,0.0,0.0,0.0,0.0,0.0,0.0,0.0,0.0,0.00674,0.13537,Nothing,seated
8.76412,574,-0.00287611,-0.207279,0.0,0.0,0.0,0.0,0.0,0.0,0.0,0.0,0.0,0.0,0.00674,0.13537,Nothing,seated
8.77597,575,-0.00383455,-0.203252,0.0,0.0,0.0,0.0,0.0,0.0,0.0,0.0,0.0,0.0,0.00674,0.13537,Nothing,seated
