0.000109911,0,-1.55197,-0.277822,-9.6663,0.0,0.0,0.0,0.0,0.0,0.0,0.0,0.703125,0.0,0.00674,0.13537,None,seated
0.150279,1,-1.49449,-0.258662,-9.64714,0.0,0.0,0.0,0.0,0.0,0.0,0.0,0.703125,0.0,0.00674,0.13537,Nothing,seated
0.300446,2,-1.52323,-0.287402,-9.62798,0.0,0.0,0.0,0.0,0.0,0.0,0.0,0.703125,0.0,0.00674,0.13537,Nothing,seated
0.450624,3,-1.51365,-0.287402,-9.6663,0.0,0.0,0.0,0.0,0.0,0.0,0.0,0.703125,0.0,0.00674,0.13537,Nothing,seated
0.600795,4,-1.52323,-0.296982,-9.6663,0.0,0.0,0.0,0.0,0.0,0.0,0.0,0.703125,0.0,0.00674,0.13537,Nothing,seated
0.750965,5,-1.49449,-0.277822,-9.62798,0.0,0.0,0.0,0.0,0.0,0.0,0.0,0.703125,0.0,0.00674,0.13537,Nothing,seated
0.901132,6,-1.52323,-0.277822,-9.60882,0.0,0.0,0.0,0.0,0.0,0.0,0.0,0.703125,0.0,0.00674,0.13537,Nothing,seated
1.0513,7,-1.53281,-0.258662,-9.62798,0.0,0.0,0.0,0.0,0.0,0.0,0.0,0.703125,0.0,0.00674,0.13537,Nothing,seated
1.20147,8,-1.53281,-0.287402,-9.64714,0.0,0.0,0.0,0.0,0.0,0.0,0.0,0.703125,0.0,0.00674,0.13537,Nothing,seated
1.35164,9,-1.51365,-0.287402,-9.62798,0.0,0.0,0.0,0.0,0.0,0.0,0.0,0.703125,0.0,0.00674,0.13537,Nothing,seated
1.50178,10,-1.31247,-0.268242,-9.70462,0.0,0.0,0.0,0.0,0.0,0.0,0.0,0.703125,0.0,0.00674,0.13537,Nothing,seated
1.65194,11,-1.23583,-0.220342,-9.69504,0.0,0.0,0.0,0.0,0.0,0.0,0.0,0.878906,0.234122,0.00674,0.13537,Nothing,seated
1.80211,12,-1.19751,-0.287402,-9.70462,0.0,0.0,0.0,0.0,0.0,0.0,0.0,1.40625,0.936495,0.00674,0.13537,Nothing,seated
1.95228,13,-1.18793,-0.296982,-9.70462,0.0,0.0,0.0,0.0,0.0,0.0,0.0,1.93359,1.63885,0.00674,0.13537,Nothing,seated
2.10245,14,-1.18793,-0.249082,-9.70462,0.0,0.0,0.0,0.0,0.0,0.0,0.0,2.63672,2.57534,0.00674,0.13537,Nothing,seated
2.25261,15,-1.12087,-0.210762,-9.70462,0.0,0.0,0.0,0.0,0.0,0.0,0.0,3.51562,3.74582,0.00674,0.13537,Nothing,seated
2.40278,16,-1.13045,-0.277822,-9.67588,0.0,0.0,0.0,0.0,0.0,0.0,0.0,4.21875,4.44814,0.00674,0.13537,Nothing,seated
2.55295,17,-1.14961,-0.335303,-9.70462,0.0,0.0,0.0,0.0,0.0,0.0,0.0,4.74609,4.44813,0.00674,0.13537,Nothing,seated
2.70312,18,-0.948428,-0.287402,-9.73336,0.0,0.0,0.0,0.0,0.0,0.0,0.0,5.09766,4.21399,0.00674,0.13537,Nothing,seated
2.85329,19,-0.881367,-0.277822,-9.74294,0.0,0.0,0.0,0.0,0.0,0.0,0.0,5.27344,3.51165,0.00674,0.13537,Nothing,seated
3.00346,20,-0.814307,-0.258662,-9.7621,0.0,0.0,0.0,0.0,0.0,0.0,0.0,5.44922,2.5752,0.00674,0.13537,Nothing,seated
3.15363,21,-0.747246,-0.258662,-9.7621,0.0,0.0,0.0,0.0,0.0,0.0,0.0,5.44922,1.63877,0.00674,0.13537,Nothing,seated
3.30378,22,-0.728086,-0.296982,-9.74294,0.0,0.0,0.0,0.0,0.0,0.0,0.0,5.44922,0.936467,0.00674,0.13537,Nothing,seated
3.45394,23,-0.775986,-0.287402,-9.78126,0.0,0.0,0.0,0.0,0.0,0.0,0.0,5.44922,0.468238,0.00674,0.13537,Nothing,seated
3.60412,24,-0.756826,-0.258662,-9.74294,0.0,0.0,0.0,0.0,0.0,0.0,0.0,5.44922,0.234119,0.00674,0.13537,Nothing,seated
3.75428,25,-0.756826,-0.268242,-9.74294,0.0,0.0,0.0,0.0,0.0,0.0,0.0,5.44922,0.0,0.00674,0.13537,Nothing,seated
3.90445,26,-0.747246,-0.296982,-9.78126,0.0,0.0,0.0,0.0,0.0,0.0,0.0,5.27344,-0.234117,0.00674,0.13537,Nothing,seated
4.05462,27,-0.747246,-0.277822,-9.74294,0.0,0.0,0.0,0.0,0.0,0.0,0.0,5.09766,-0.468222,0.00674,0.13537,Nothing,seated
4.20477,28,-0.747246,-0.306563,-9.78126,0.0,0.0,0.0,0.0,0.0,0.0,0.0,5.09766,-0.468232,0.00674,0.13537,Nothing,seated
4.35494,29,-0.756826,-0.258662,-9.7621,0.0,0.0,0.0,0.0,0.0,0.0,0.0,4.92188,-0.702349,0.00674,0.13537,Nothing,seated
4.50511,30,-0.747246,-0.249082,-9.79084,0.0,0.0,0.0,0.0,0.0,0.0,0.0,4.92188,-0.70235,0.00674,0.13537,Nothing,seated
4.65528,31,-0.823887,-0.277822,-9.74294,0.0,0.0,0.0,0.0,0.0,0.0,0.0,4.92188,-0.468234,0.00674,0.13537,Nothing,seated
4.80545,32,-0.996328,-0.287402,-9.69504,0.0,0.0,0.0,0.0,0.0,0.0,0.0,4.74609,-0.468233,0.00674,0.13537,Nothing,seated
4.95562,33,-1.49449,-0.296982,-9.55134,0.0,0.0,0.0,0.0,0.0,0.0,0.0,4.39453,-0.936447,0.00674,0.13537,Nothing,seated
5.10579,34,-1.54239,-0.277822,-9.58008,0.0,0.0,0.0,0.0,0.0,0.0,0.0,3.51562,-1.87289,0.00674,0.13537,Nothing,seated
5.25595,35,-1.49449,-0.258662,-9.6663,0.0,0.0,0.0,0.0,0.0,0.0,0.0,2.28516,-3.5117,0.00674,0.13537,Nothing,seated
5.40612,36,-1.54239,-0.277822,-9.70462,0.0,0.0,0.0,0.0,0.0,0.0,0.0,0.703125,-5.6187,0.00674,0.13537,IncreaseQuarterPeriod,seated
5.55628,37,-1.53281,-0.306563,-9.69504,0.0,0.0,0.0,0.0,0.0,0.0,0.0,-0.703125,-7.2576,0.00674,0.13537,IncreaseQuarterPeriod,seated
5.70645,38,-1.48491,-0.268242,-9.67588,0.0,0.0,0.0,0.0,0.0,0.0,0.0,-2.10938,-8.66224,0.00674,0.13537,IncreaseQuarterPeriod,seated
5.85661,39,-1.54239,-0.287402,-9.65672,0.0,0.0,0.0,0.0,0.0,0.0,0.0,-2.98828,-8.66242,0.00674,0.13537,IncreaseQuarterPeriod,seated
6.00676,40,-1.45617,-0.287402,-9.62798,0.0,0.0,0.0,0.0,0.0,0.0,0.0,-3.33984,-7.49189,0.00674,0.13537,IncreaseQuarterPeriod,seated
6.15692,41,-1.52323,-0.277822,-9.69504,0.0,0.0,0.0,0.0,0.0,0.0,0.0,-3.33984,-5.38493,0.00674,0.13537,IncreaseQuarterPeriod,seated
6.30707,42,-1.46575,-0.287402,-9.60882,0.0,0.0,0.0,0.0,0.0,0.0,0.0,-2.63672,-2.57542,0.00674,0.13537,IncreaseQuarterPeriod,seated
6.45721,43,-1.52323,-0.268242,-9.70462,0.0,0.0,0.0,0.0,0.0,0.0,0.0,-1.58203,0.70241,0.00674,0.13537,IncreaseQuarterPeriod,seated
6.60737,44,-1.49449,-0.296982,-9.72378,0.0,0.0,0.0,0.0,0.0,0.0,0.0,-0.175781,3.74619,0.00674,0.13537,IncreaseQuarterPeriod,seated
6.75752,45,-1.47533,-0.258662,-9.69504,0.0,0.0,0.0,0.0,0.0,0.0,0.0,1.40625,6.32172,0.00674,0.13537,IncreaseQuarterPeriod,seated
6.90769,46,-1.52323,-0.287402,-9.68546,0.0,0.0,0.0,0.0,0.0,0.0,0.0,2.8125,8.19464,0.00674,0.13537,IncreaseQuarterPeriod,seated
7.05777,47,0.0958008,-0.536484,-9.09149,0.0,0.0,0.0,0.0,0.0,0.0,0.0,3.86719,8.66376,0.0188,0.1476,IncreaseQuarterPeriod,extended
7.20792,48,-7.00304,0.0479004,-7.44372,0.0,0.0,0.0,0.0,0.0,0.0,0.0,4.39453,7.96125,0.0188,0.1476,IncreaseQuarterPeriod,extended
7.35808,49,-2.96982,-0.335303,-6.33243,0.0,0.0,0.0,0.0,0.0,0.0,0.0,4.57031,6.32216,0.0188,0.1476,IncreaseQuarterPeriod,extended
7.50823,50,-5.70015,-0.182021,-7.39582,0.0,0.0,0.0,0.0,0.0,0.0,0.0,4.04297,3.51231,0.0188,0.1476,IncreaseQuarterPeriod,extended
7.65838,51,-6.71563,-0.143701,-7.86524,0.0,0.0,0.0,0.0,0.0,0.0,0.0,2.98828,0.234159,0.0188,0.1476,IncreaseQuarterPeriod,extended
7.80854,52,-6.11209,-0.220342,-7.4054,0.0,0.0,0.0,0.0,0.0,0.0,0.0,1.93359,-2.57548,0.0188,0.1476,IncreaseQuarterPeriod,extended
7.95869,53,-5.93007,-0.105381,-7.24254,0.0,0.0,0.0,0.0,0.0,0.0,0.0,0.351562,-5.38507,0.0188,0.1476,IncreaseQuarterPeriod,extended
8.10877,54,-6.13125,-0.220342,-7.52036,0.0,0.0,0.0,0.0,0.0,0.0,0.0,-1.23047,-7.72725,0.0188,0.1476,IncreaseQuarterPeriod,extended
8.25893,55,-6.07377,-0.220342,-7.29044,0.0,0.0,0.0,0.0,0.0,0.0,0.0,-2.46094,-8.66379,0.0188,0.1476,IncreaseQuarterPeriod,extended
8.409,56,-6.58151,0.0191602,-8.06643,0.0,0.0,0.0,0.0,0.0,0.0,0.0,-3.33984,-8.43057,0.00674,0.13537,IncreaseQuarterPeriod,seated
8.55916,57,-5.60435,-0.153281,-8.34425,0.0,0.0,0.0,0.0,0.0,0.0,0.0,-3.69141,-7.49383,0.00674,0.13537,IncreaseQuarterPeriod,seated
8.70931,58,-0.0191602,-0.114961,-8.66039,0.0,0.0,0.0,0.0,0.0,0.0,0.0,-3.51562,-5.15202,0.00674,0.13537,IncreaseQuarterPeriod,seated
8.85947,59,-1.18793,-0.296982,-9.84832,0.0,0.0,0.0,0.0,0.0,0.0,0.0,-2.8125,-2.10742,0.00674,0.13537,IncreaseQuarterPeriod,seated
9.00962,60,-1.49449,-0.201182,-9.58966,0.0,0.0,0.0,0.0,0.0,0.0,0.0,-1.40625,1.40495,0.00674,0.13537,IncreaseQuarterPeriod,seated
9.15977,61,-1.36995,-0.344883,-9.84832,0.0,0.0,0.0,0.0,0.0,0.0,0.0,0.0,4.44857,0.00674,0.13537,IncreaseQuarterPeriod,seated
9.30994,62,-1.41785,-0.239502,-9.80042,0.0,0.0,0.0,0.0,0.0,0.0,0.0,1.58203,7.02395,0.00674,0.13537,IncreaseQuarterPeriod,seated
9.46009,63,-1.46575,-0.258662,-9.6184,0.0,0.0,0.0,0.0,0.0,0.0,0.0,2.98828,8.66287,0.00674,0.13537,IncreaseQuarterPeriod,seated
9.61016,64,-1.80105,-0.143701,-9.46512,0.0,0.0,0.0,0.0,0.0,0.0,0.0,4.04297,9.13217,0.0188,0.1476,IncreaseQuarterPeriod,extended
9.76031,65,-1.48491,0.124541,-7.09884,0.0,0.0,0.0,0.0,0.0,0.0,0.0,4.57031,7.96141,0.0188,0.1476,IncreaseQuarterPeriod,extended
9.91047,66,-7.09884,0.775986,-7.7886,0.0,0.0,0.0,0.0,0.0,0.0,0.0,4.74609,6.32221,0.0188,0.1476,IncreaseQuarterPeriod,extended
10.0606,67,-6.70606,-0.0670606,-7.05094,0.0,0.0,0.0,0.0,0.0,0.0,0.0,4.21875,3.51241,0.0188,0.1476,IncreaseQuarterPeriod,extended
10.2108,68,-6.50487,-0.0670606,-7.5491,0.0,0.0,0.0,0.0,0.0,0.0,0.0,3.16406,0.23416,0.0188,0.1476,IncreaseQuarterPeriod,extended
10.3609,69,-6.12167,-0.114961,-7.44372,0.0,0.0,0.0,0.0,0.0,0.0,0.0,1.75781,-3.04373,0.0188,0.1476,IncreaseQuarterPeriod,extended
10.5111,70,-6.05461,-0.249082,-7.41498,0.0,0.0,0.0,0.0,0.0,0.0,0.0,0.175781,-5.85331,0.0188,0.1476,IncreaseQuarterPeriod,extended
10.6612,71,-6.24621,-0.182021,-7.52036,0.0,0.0,0.0,0.0,0.0,0.0,0.0,-1.40625,-8.19464,0.0188,0.1476,IncreaseQuarterPeriod,extended
10.8114,72,-5.98755,-0.182021,-7.39582,0.0,0.0,0.0,0.0,0.0,0.0,0.0,-2.63672,-9.131,0.0188,0.1476,IncreaseQuarterPeriod,extended
10.9615,73,-7.17548,-0.114961,-7.70238,0.0,0.0,0.0,0.0,0.0,0.0,0.0,-3.51562,-8.89789,0.00674,0.13537,IncreaseQuarterPeriod,seated
11.1116,74,-7.14674,-0.249082,-8.20055,0.0,0.0,0.0,0.0,0.0,0.0,0.0,-3.86719,-7.49304,0.00674,0.13537,IncreaseQuarterPeriod,seated
11.2618,75,0.229922,-0.354463,-10.0687,0.0,0.0,0.0,0.0,0.0,0.0,0.0,-3.69141,-5.1516,0.00674,0.13537,IncreaseQuarterPeriod,seated
11.4119,76,-1.60945,-0.526904,-9.6184,0.0,0.0,0.0,0.0,0.0,0.0,0.0,-2.98828,-2.10747,0.00674,0.13537,IncreaseQuarterPeriod,seated
11.5621,77,-1.18793,-0.411943,-9.50344,0.0,0.0,0.0,0.0,0.0,0.0,0.0,-1.40625,1.63917,0.00674,0.13537,IncreaseQuarterPeriod,seated
11.7122,78,-1.37953,-0.306563,-9.65672,0.0,0.0,0.0,0.0,0.0,0.0,0.0,0.0,4.68282,0.00674,0.13537,IncreaseQuarterPeriod,seated
11.8624,79,-1.66693,-0.229922,-9.73336,0.0,0.0,0.0,0.0,0.0,0.0,0.0,1.93359,7.72644,0.00674,0.13537,IncreaseQuarterPeriod,seated
12.0125,80,-1.52323,-0.220342,-9.72378,0.0,0.0,0.0,0.0,0.0,0.0,0.0,3.16406,9.13121,0.00674,0.13537,IncreaseQuarterPeriod,seated
12.1626,81,0.277822,0.134121,-9.04359,0.0,0.0,0.0,0.0,0.0,0.0,0.0,4.39453,9.83471,0.0188,0.1476,IncreaseQuarterPeriod,extended
12.3128,82,-1.16877,-0.325723,-7.17548,0.0,0.0,0.0,0.0,0.0,0.0,0.0,4.74609,8.19566,0.0188,0.1476,IncreaseQuarterPeriod,extended
12.4629,83,-6.93598,-0.105381,-8.40173,0.0,0.0,0.0,0.0,0.0,0.0,0.0,4.92188,6.55652,0.0188,0.1476,IncreaseQuarterPeriod,extended
12.6131,84,-6.55277,-0.134121,-7.70238,0.0,0.0,0.0,0.0,0.0,0.0,0.0,4.39453,3.27833,0.0188,0.1476,IncreaseQuarterPeriod,extended
12.7632,85,-6.01629,-0.258662,-7.55868,0.0,0.0,0.0,0.0,0.0,0.0,0.0,3.16406,0.0,0.0188,0.1476,IncreaseQuarterPeriod,extended
12.9134,86,-6.15041,-0.0574805,-7.48204,0.0,0.0,0.0,0.0,0.0,0.0,0.0,1.58203,-3.74619,0.0188,0.1476,IncreaseQuarterPeriod,extended
13.0635,87,-6.34201,-0.162861,-7.52036,0.0,0.0,0.0,0.0,0.0,0.0,0.0,0.0,-6.32169,0.0188,0.1476,IncreaseQuarterPeriod,extended
13.2137,88,-6.14083,-0.210762,-7.43414,0.0,0.0,0.0,0.0,0.0,0.0,0.0,-1.58203,-8.66309,0.0188,0.1476,IncreaseQuarterPeriod,extended
13.3638,89,-5.92049,-0.153281,-7.33834,0.0,0.0,0.0,0.0,0.0,0.0,0.0,-2.98828,-9.83356,0.0188,0.1476,IncreaseQuarterPeriod,extended
13.5139,90,-6.16957,0.0670606,-7.56826,0.0,0.0,0.0,0.0,0.0,0.0,0.0,-3.86719,-9.36627,0.00674,0.13537,IncreaseQuarterPeriod,seated
13.6641,91,-6.16957,-0.182021,-8.68913,0.0,0.0,0.0,0.0,0.0,0.0,0.0,-4.04297,-7.49304,0.00674,0.13537,IncreaseQuarterPeriod,seated
13.8142,92,-2.05972,-0.699346,-10.289,0.0,0.0,0.0,0.0,0.0,0.0,0.0,-3.69141,-4.91728,0.00674,0.13537,IncreaseQuarterPeriod,seated
13.9644,93,-1.26457,-0.325723,-9.87706,0.0,0.0,0.0,0.0,0.0,0.0,0.0,-2.98828,-1.87324,0.00674,0.13537,IncreaseQuarterPeriod,seated
14.1145,94,-1.52323,-0.364043,-9.34058,0.0,0.0,0.0,0.0,0.0,0.0,0.0,-1.40625,2.10744,0.00674,0.13537,IncreaseQuarterPeriod,seated
14.2647,95,-1.51365,-0.229922,-9.6184,0.0,0.0,0.0,0.0,0.0,0.0,0.0,0.175781,5.3851,0.00674,0.13537,IncreaseQuarterPeriod,seated
14.4149,96,-1.59987,-0.162861,-9.60882,0.0,0.0,0.0,0.0,0.0,0.0,0.0,1.93359,7.96046,0.00674,0.13537,IncreaseQuarterPeriod,seated
14.565,97,-1.57113,-0.306563,-9.70462,0.0,0.0,0.0,0.0,0.0,0.0,0.0,3.33984,9.36521,0.00674,0.13537,IncreaseQuarterPeriod,seated
14.7151,98,-1.51365,0.00958008,-10.2603,0.0,0.0,0.0,0.0,0.0,0.0,0.0,4.57031,10.0688,0.0188,0.1476,IncreaseQuarterPeriod,extended
14.8652,99,-5.27862,-0.728086,-7.60658,0.0,0.0,0.0,0.0,0.0,0.0,0.0,5.09766,8.66385,0.0188,0.1476,IncreaseQuarterPeriod,extended
15.0154,100,-7.597,0.201182,-8.14307,0.0,0.0,0.0,0.0,0.0,0.0,0.0,5.09766,6.5564,0.0188,0.1476,IncreaseQuarterPeriod,extended
15.1655,101,-6.03545,-0.0479004,-7.60658,0.0,0.0,0.0,0.0,0.0,0.0,0.0,4.39453,3.27823,0.0188,0.1476,IncreaseQuarterPeriod,extended
15.3157,102,-6.01629,-0.316143,-7.51078,0.0,0.0,0.0,0.0,0.0,0.0,0.0,3.16406,-0.23416,0.0188,0.1476,IncreaseQuarterPeriod,extended
15.4659,103,-6.27495,-0.105381,-7.49162,0.0,0.0,0.0,0.0,0.0,0.0,0.0,1.58203,-3.98029,0.0188,0.1476,IncreaseQuarterPeriod,extended
15.616,104,-6.13125,-0.325723,-7.47246,0.0,0.0,0.0,0.0,0.0,0.0,0.0,-0.175781,-7.024,0.0188,0.1476,IncreaseQuarterPeriod,extended
15.7662,105,-6.17915,-0.0958008,-7.39582,0.0,0.0,0.0,0.0,0.0,0.0,0.0,-1.93359,-9.36519,0.0188,0.1476,IncreaseQuarterPeriod,extended
15.9163,106,-6.01629,-0.153281,-7.39582,0.0,0.0,0.0,0.0,0.0,0.0,0.0,-3.16406,-10.0676,0.0188,0.1476,IncreaseQuarterPeriod,extended
16.0665,107,-6.09293,-0.0766406,-7.5491,0.0,0.0,0.0,0.0,0.0,0.0,0.0,-4.21875,-9.83345,0.0188,0.1476,IncreaseQuarterPeriod,extended
16.2166,108,-5.59477,-0.249082,-6.9743,0.0,0.0,0.0,0.0,0.0,0.0,0.0,-4.39453,-7.96123,0.00674,0.13537,IncreaseQuarterPeriod,seated
16.3667,109,-11.0937,-1.23583,-8.34425,0.0,0.0,0.0,0.0,0.0,0.0,0.0,-3.86719,-4.91723,0.00674,0.13537,IncreaseQuarterPeriod,seated
16.5168,110,1.78189,0.306563,-9.06275,0.0,0.0,0.0,0.0,0.0,0.0,0.0,-2.98828,-1.40514,0.00674,0.13537,IncreaseQuarterPeriod,seated
16.6669,111,-0.929268,-0.354463,-9.41722,0.0,0.0,0.0,0.0,0.0,0.0,0.0,-1.58203,2.10772,0.00674,0.13537,IncreaseQuarterPeriod,seated
16.8171,112,-1.64777,-0.229922,-9.56092,0.0,0.0,0.0,0.0,0.0,0.0,0.0,0.351562,6.08902,0.00674,0.13537,IncreaseQuarterPeriod,seated
16.9672,113,-1.31247,-0.402363,-10.107,0.0,0.0,0.0,0.0,0.0,0.0,0.0,1.93359,8.42986,0.00674,0.13537,IncreaseQuarterPeriod,seated
17.1173,114,-0.210762,-0.258662,-10.1932,0.0,0.0,0.0,0.0,0.0,0.0,0.0,3.69141,10.0701,0.0188,0.1476,IncreaseQuarterPeriod,extended
17.2675,115,-5.21156,0.450264,-7.28086,0.0,0.0,0.0,0.0,0.0,0.0,0.0,4.57031,10.0688,0.0188,0.1476,IncreaseQuarterPeriod,extended
17.4176,116,-6.61983,-0.335303,-7.29044,0.0,0.0,0.0,0.0,0.0,0.0,0.0,5.27344,9.13205,0.0188,0.1476,IncreaseQuarterPeriod,extended
17.5678,117,-6.17915,-0.479004,-7.8844,0.0,0.0,0.0,0.0,0.0,0.0,0.0,5.27344,6.5563,0.0188,0.1476,IncreaseQuarterPeriod,extended
17.7179,118,-6.15999,-0.277822,-7.44372,0.0,0.0,0.0,0.0,0.0,0.0,0.0,4.39453,3.27825,0.0188,0.1476,IncreaseQuarterPeriod,extended
17.8681,119,-6.35159,-0.229922,-7.70238,0.0,0.0,0.0,0.0,0.0,0.0,0.0,3.16406,-0.702406,0.0188,0.1476,IncreaseQuarterPeriod,extended
18.0182,120,-6.03545,-0.191602,-7.29044,0.0,0.0,0.0,0.0,0.0,0.0,0.0,1.58203,-3.9803,0.0188,0.1476,IncreaseQuarterPeriod,extended
18.1684,121,-5.88217,-0.229922,-7.36708,0.0,0.0,0.0,0.0,0.0,0.0,0.0,-0.351562,-7.49234,0.0188,0.1476,IncreaseQuarterPeriod,extended
18.3186,122,-6.36117,-0.124541,-7.597,0.0,0.0,0.0,0.0,0.0,0.0,0.0,-1.93359,-9.59948,0.0188,0.1476,IncreaseQuarterPeriod,extended
18.4687,123,-6.20789,-0.172441,-7.5491,0.0,0.0,0.0,0.0,0.0,0.0,0.0,-3.51562,-10.5358,0.0188,0.1476,IncreaseQuarterPeriod,extended
18.6188,124,-6.82102,-0.182021,-7.82692,0.0,0.0,0.0,0.0,0.0,0.0,0.0,-4.21875,-9.83476,0.00674,0.13537,IncreaseQuarterPeriod,seated
18.7689,125,-6.18873,-0.469424,-8.03769,0.0,0.0,0.0,0.0,0.0,0.0,0.0,-4.39453,-7.96148,0.00674,0.13537,IncreaseQuarterPeriod,seated
18.9191,126,0.670605,-0.383203,-8.92863,0.0,0.0,0.0,0.0,0.0,0.0,0.0,-4.04297,-4.91739,0.00674,0.13537,IncreaseQuarterPeriod,seated
19.0692,127,-1.45617,-0.431104,-9.46512,0.0,0.0,0.0,0.0,0.0,0.0,0.0,-2.98828,-1.40499,0.00674,0.13537,IncreaseQuarterPeriod,seated
19.2194,128,-1.66693,-0.546064,-9.62798,0.0,0.0,0.0,0.0,0.0,0.0,0.0,-1.40625,2.81,0.00674,0.13537,IncreaseQuarterPeriod,seated
19.3695,129,-1.46575,-0.287402,-9.84832,0.0,0.0,0.0,0.0,0.0,0.0,0.0,0.351562,6.08747,0.00674,0.13537,IncreaseQuarterPeriod,seated
19.5197,130,-1.58071,-0.220342,-9.60882,0.0,0.0,0.0,0.0,0.0,0.0,0.0,2.28516,8.89689,0.00674,0.13537,IncreaseQuarterPeriod,seated
19.6698,131,-0.0766406,-0.0383203,-8.46879,0.0,0.0,0.0,0.0,0.0,0.0,0.0,3.86719,10.5372,0.0188,0.1476,IncreaseQuarterPeriod,extended
19.8199,132,-3.81287,0.124541,-8.73703,0.0,0.0,0.0,0.0,0.0,0.0,0.0,4.92188,10.5372,0.0188,0.1476,IncreaseQuarterPeriod,extended
19.9701,133,-8.09517,0.153281,-8.86157,0.0,0.0,0.0,0.0,0.0,0.0,0.0,5.625,9.36631,0.0188,0.1476,IncreaseQuarterPeriod,extended
20.1202,134,-6.06419,-0.306563,-7.51078,0.0,0.0,0.0,0.0,0.0,0.0,0.0,5.27344,6.55646,0.0188,0.1476,IncreaseQuarterPeriod,extended
20.2704,135,-6.47613,-0.143701,-7.81734,0.0,0.0,0.0,0.0,0.0,0.0,0.0,4.39453,2.80995,0.0188,0.1476,IncreaseQuarterPeriod,extended
20.4205,136,-5.95881,-0.0574805,-7.44372,0.0,0.0,0.0,0.0,0.0,0.0,0.0,3.16406,-0.936533,0.0188,0.1476,IncreaseQuarterPeriod,extended
20.5707,137,-6.16957,-0.143701,-7.47246,0.0,0.0,0.0,0.0,0.0,0.0,0.0,1.40625,-4.68263,0.0188,0.1476,IncreaseQuarterPeriod,extended
20.7208,138,-6.09293,-0.201182,-7.48204,0.0,0.0,0.0,0.0,0.0,0.0,0.0,-0.527344,-8.19554,0.0188,0.1476,IncreaseQuarterPeriod,extended
20.8709,139,-5.98755,-0.220342,-7.29044,0.0,0.0,0.0,0.0,0.0,0.0,0.0,-2.28516,-10.0686,0.0188,0.1476,IncreaseQuarterPeriod,extended
21.0211,140,-6.30369,-0.210762,-7.61616,0.0,0.0,0.0,0.0,0.0,0.0,0.0,-3.69141,-10.7711,0.0188,0.1476,IncreaseQuarterPeriod,extended
21.1712,141,-5.66183,-0.143701,-6.9743,0.0,0.0,0.0,0.0,0.0,0.0,0.0,-4.57031,-10.3039,0.00674,0.13537,IncreaseQuarterPeriod,seated
21.3213,142,-8.42089,0.239502,-8.05685,0.0,0.0,0.0,0.0,0.0,0.0,0.0,-4.74609,-8.19634,0.00674,0.13537,IncreaseQuarterPeriod,seated
21.4715,143,0.153281,0.249082,-11.2853,0.0,0.0,0.0,0.0,0.0,0.0,0.0,-4.04297,-4.68314,0.00674,0.13537,IncreaseQuarterPeriod,seated
21.6216,144,-1.69567,0.124541,-9.4268,0.0,0.0,0.0,0.0,0.0,0.0,0.0,-2.98828,-0.936646,0.00674,0.13537,IncreaseQuarterPeriod,seated
21.7718,145,-1.75315,-0.335303,-9.65672,0.0,0.0,0.0,0.0,0.0,0.0,0.0,-1.23047,3.2783,0.00674,0.13537,IncreaseQuarterPeriod,seated
21.9219,146,-1.44659,-0.229922,-9.58008,0.0,0.0,0.0,0.0,0.0,0.0,0.0,0.527344,6.79003,0.00674,0.13537,IncreaseQuarterPeriod,seated
22.0721,147,-1.67651,-0.229922,-9.6663,0.0,0.0,0.0,0.0,0.0,0.0,0.0,2.46094,9.59957,0.00674,0.13537,IncreaseQuarterPeriod,seated
22.2222,148,0.708926,-0.143701,-8.77535,0.0,0.0,0.0,0.0,0.0,0.0,0.0,4.21875,11.0055,0.0188,0.1476,IncreaseQuarterPeriod,extended
22.3723,149,-4.5697,-0.651445,-8.63165,0.0,0.0,0.0,0.0,0.0,0.0,0.0,5.09766,10.7713,0.0188,0.1476,IncreaseQuarterPeriod,extended
22.5225,150,-7.56826,-0.593965,-7.55868,0.0,0.0,0.0,0.0,0.0,0.0,0.0,5.80078,9.36619,0.0188,0.1476,IncreaseQuarterPeriod,extended
22.6726,151,-6.85934,-0.459844,-7.3575,0.0,0.0,0.0,0.0,0.0,0.0,0.0,5.44922,6.55632,0.0188,0.1476,IncreaseQuarterPeriod,extended
22.8228,152,-6.62941,-0.0479004,-7.4533,0.0,0.0,0.0,0.0,0.0,0.0,0.0,4.39453,2.57581,0.0188,0.1476,IncreaseQuarterPeriod,extended
22.9729,153,-5.97797,-0.210762,-7.3575,0.0,0.0,0.0,0.0,0.0,0.0,0.0,2.98828,-1.63899,0.0188,0.1476,IncreaseQuarterPeriod,extended
23.1231,154,-6.16957,-0.220342,-7.4054,0.0,0.0,0.0,0.0,0.0,0.0,0.0,1.23047,-5.15119,0.0188,0.1476,IncreaseQuarterPeriod,extended
23.2732,155,-6.23663,-0.191602,-7.48204,0.0,0.0,0.0,0.0,0.0,0.0,0.0,-0.878906,-8.89755,0.0188,0.1476,IncreaseQuarterPeriod,extended
23.4234,156,-6.02587,-0.182021,-7.3575,0.0,0.0,0.0,0.0,0.0,0.0,0.0,-2.63672,-10.7706,0.0188,0.1476,IncreaseQuarterPeriod,extended
23.5735,157,-6.15041,-0.143701,-7.51078,0.0,0.0,0.0,0.0,0.0,0.0,0.0,-4.04297,-11.2387,0.0188,0.1476,IncreaseQuarterPeriod,extended
23.7236,158,-6.22705,-0.277822,-7.0222,0.0,0.0,0.0,0.0,0.0,0.0,0.0,-4.74609,-10.3032,0.00674,0.13537,IncreaseQuarterPeriod,seated
23.8737,159,-5.02954,0.114961,-8.27719,0.0,0.0,0.0,0.0,0.0,0.0,0.0,-4.74609,-7.96153,0.00674,0.13537,IncreaseQuarterPeriod,seated
24.0239,160,2.04056,-0.258662,-9.77168,0.0,0.0,0.0,0.0,0.0,0.0,0.0,-4.04297,-4.21494,0.00674,0.13537,IncreaseQuarterPeriod,seated
24.174,161,-1.59987,-0.182021,-9.20646,0.0,0.0,0.0,0.0,0.0,0.0,0.0,-2.98828,-0.468334,0.00674,0.13537,IncreaseQuarterPeriod,seated
24.3242,162,-1.73399,-0.373623,-10.0303,0.0,0.0,0.0,0.0,0.0,0.0,0.0,-1.05469,3.98082,0.00674,0.13537,IncreaseQuarterPeriod,seated
24.4743,163,-1.38911,-0.258662,-9.49386,0.0,0.0,0.0,0.0,0.0,0.0,0.0,0.703125,7.25831,0.00674,0.13537,IncreaseQuarterPeriod,seated
24.6245,164,-1.65735,-0.249082,-9.6663,0.0,0.0,0.0,0.0,0.0,0.0,0.0,2.63672,9.83358,0.00674,0.13537,IncreaseQuarterPeriod,seated
24.7746,165,-0.546064,-0.996328,-10.9596,0.0,0.0,0.0,0.0,0.0,0.0,0.0,4.39453,11.2396,0.0188,0.1476,IncreaseQuarterPeriod,extended
24.9247,166,-3.15185,-0.105381,-8.36341,0.0,0.0,0.0,0.0,0.0,0.0,0.0,5.27344,11.0053,0.0188,0.1476,IncreaseQuarterPeriod,extended
25.0749,167,-7.2138,0.0,-7.7886,0.0,0.0,0.0,0.0,0.0,0.0,0.0,5.97656,9.36621,0.0188,0.1476,IncreaseQuarterPeriod,extended
25.225,168,-6.33243,-0.0191602,-7.42456,0.0,0.0,0.0,0.0,0.0,0.0,0.0,5.625,6.55638,0.0188,0.1476,IncreaseQuarterPeriod,extended
25.3752,169,-6.36117,0.0862207,-7.66406,0.0,0.0,0.0,0.0,0.0,0.0,0.0,4.57031,2.57576,0.0188,0.1476,IncreaseQuarterPeriod,extended
25.5254,170,-5.82469,-0.210762,-7.3575,0.0,0.0,0.0,0.0,0.0,0.0,0.0,3.16406,-1.63894,0.0188,0.1476,IncreaseQuarterPeriod,extended
25.6755,171,-6.19831,-0.172441,-7.30002,0.0,0.0,0.0,0.0,0.0,0.0,0.0,1.05469,-5.6192,0.0188,0.1476,IncreaseQuarterPeriod,extended
25.8257,172,-6.14083,-0.153281,-7.49162,0.0,0.0,0.0,0.0,0.0,0.0,0.0,-0.878906,-9.13123,0.0188,0.1476,IncreaseQuarterPeriod,extended
25.9758,173,-5.97797,-0.258662,-7.5491,0.0,0.0,0.0,0.0,0.0,0.0,0.0,-2.63672,-11.0041,0.0188,0.1476,IncreaseQuarterPeriod,extended
26.126,174,-6.24621,-0.172441,-7.57784,0.0,0.0,0.0,0.0,0.0,0.0,0.0,-4.21875,-11.7065,0.0188,0.1476,IncreaseQuarterPeriod,extended
26.2761,175,-6.23663,-0.373623,-7.08926,0.0,0.0,0.0,0.0,0.0,0.0,0.0,-4.92188,-10.7711,0.00674,0.13537,IncreaseQuarterPeriod,seated
26.4262,176,-7.70238,-0.162861,-10.2028,0.0,0.0,0.0,0.0,0.0,0.0,0.0,-4.92188,-7.96127,0.00674,0.13537,IncreaseQuarterPeriod,seated
26.5764,177,-0.124541,0.661025,-10.5093,0.0,0.0,0.0,0.0,0.0,0.0,0.0,-4.21875,-4.44895,0.00674,0.13537,IncreaseQuarterPeriod,seated
26.7265,178,-1.46575,-0.613125,-10.0495,0.0,0.0,0.0,0.0,0.0,0.0,0.0,-2.98828,-0.468317,0.00674,0.13537,IncreaseQuarterPeriod,seated
26.8767,179,-1.35079,-0.421523,-9.32142,0.0,0.0,0.0,0.0,0.0,0.0,0.0,-1.05469,4.2149,0.00674,0.13537,IncreaseQuarterPeriod,seated
27.0268,180,-1.70525,-0.162861,-9.79084,0.0,0.0,0.0,0.0,0.0,0.0,0.0,0.878906,7.72702,0.00674,0.13537,IncreaseQuarterPeriod,seated
27.1769,181,-1.52323,-0.182021,-9.46512,0.0,0.0,0.0,0.0,0.0,0.0,0.0,2.98828,10.5367,0.00674,0.13537,IncreaseQuarterPeriod,seated
27.327,182,0.574805,-0.0574805,-10.3465,0.0,0.0,0.0,0.0,0.0,0.0,0.0,4.74609,11.9429,0.0188,0.1476,IncreaseQuarterPeriod,extended
27.4771,183,-5.35526,-0.153281,-7.46288,0.0,0.0,0.0,0.0,0.0,0.0,0.0,5.44922,11.2406,0.0188,0.1476,IncreaseQuarterPeriod,extended
27.6273,184,-7.31918,-0.162861,-7.87482,0.0,0.0,0.0,0.0,0.0,0.0,0.0,6.15234,9.60127,0.0188,0.1476,IncreaseQuarterPeriod,extended
27.7775,185,-6.17915,-0.229922,-7.41498,0.0,0.0,0.0,0.0,0.0,0.0,0.0,5.80078,6.55647,0.0188,0.1476,IncreaseQuarterPeriod,extended
27.9276,186,-6.14083,-0.114961,-7.52036,0.0,0.0,0.0,0.0,0.0,0.0,0.0,4.57031,2.10747,0.0188,0.1476,IncreaseQuarterPeriod,extended
28.0778,187,-6.06419,-0.210762,-7.32876,0.0,0.0,0.0,0.0,0.0,0.0,0.0,2.98828,-2.34138,0.0188,0.1476,IncreaseQuarterPeriod,extended
28.2279,188,-6.19831,-0.220342,-7.5012,0.0,0.0,0.0,0.0,0.0,0.0,0.0,0.878906,-6.08752,0.0188,0.1476,IncreaseQuarterPeriod,extended
28.3781,189,-6.11209,-0.172441,-7.48204,0.0,0.0,0.0,0.0,0.0,0.0,0.0,-1.23047,-9.83366,0.0188,0.1476,IncreaseQuarterPeriod,extended
28.5282,190,-6.10251,-0.162861,-7.42456,0.0,0.0,0.0,0.0,0.0,0.0,0.0,-2.98828,-11.7064,0.0188,0.1476,IncreaseQuarterPeriod,extended
28.6784,191,-6.29411,-0.143701,-7.56826,0.0,0.0,0.0,0.0,0.0,0.0,0.0,-4.39453,-11.9406,0.0188,0.1476,IncreaseQuarterPeriod,extended
28.8285,192,-5.50854,-0.507744,-6.47613,0.0,0.0,0.0,0.0,0.0,0.0,0.0,-5.09766,-10.771,0.00674,0.13537,IncreaseQuarterPeriod,seated
28.9786,193,-5.62351,-0.172441,-7.43414,0.0,0.0,0.0,0.0,0.0,0.0,0.0,-5.09766,-7.96117,0.00674,0.13537,IncreaseQuarterPeriod,seated
29.1288,194,1.51365,-0.354463,-9.21604,0.0,0.0,0.0,0.0,0.0,0.0,0.0,-4.39453,-4.21476,0.00674,0.13537,IncreaseQuarterPeriod,seated
29.2789,195,-1.88728,-0.479004,-9.70462,0.0,0.0,0.0,0.0,0.0,0.0,0.0,-2.98828,0.0,0.00674,0.13537,IncreaseQuarterPeriod,seated
29.4291,196,-1.30289,-0.488584,-9.73336,0.0,0.0,0.0,0.0,0.0,0.0,0.0,-0.878906,4.68318,0.00674,0.13537,IncreaseQuarterPeriod,seated
29.5793,197,-1.37953,-0.277822,-9.6663,0.0,0.0,0.0,0.0,0.0,0.0,0.0,1.05469,8.19468,0.00674,0.13537,IncreaseQuarterPeriod,seated
29.7294,198,-1.63819,-0.258662,-9.62798,0.0,0.0,0.0,0.0,0.0,0.0,0.0,3.33984,11.2382,0.00674,0.13537,IncreaseQuarterPeriod,seated
29.9449,199,-0.843047,-0.0191602,-10.0399,0.0,0.0,0.0,0.0,0.0,0.0,0.0,5.44922,12.0613,0.0188,0.1476,IncreaseQuarterPeriod,extended
30.0951,200,-4.33978,0.0862207,-8.36341,0.0,0.0,0.0,0.0,0.0,0.0,0.0,6.15234,11.1998,0.0188,0.1476,IncreaseQuarterPeriod,extended
30.2452,201,-10.4902,-1.20709,-7.27128,0.0,0.0,0.0,0.0,0.0,0.0,0.0,6.15234,8.61529,0.0188,0.1476,IncreaseQuarterPeriod,extended
30.3954,202,-7.28086,-0.421523,-7.51078,0.0,0.0,0.0,0.0,0.0,0.0,0.0,5.44922,5.38455,0.0188,0.1476,IncreaseQuarterPeriod,extended
30.5455,203,-6.50487,0.0287402,-7.47246,0.0,0.0,0.0,0.0,0.0,0.0,0.0,3.86719,0.646156,0.0188,0.1476,IncreaseQuarterPeriod,extended
30.6957,204,-6.01629,-0.114961,-7.3575,0.0,0.0,0.0,0.0,0.0,0.0,0.0,2.10938,-4.44855,0.0188,0.1476,IncreaseQuarterPeriod,extended
30.8458,205,-6.22705,-0.258662,-7.62574,0.0,0.0,0.0,0.0,0.0,0.0,0.0,-0.175781,-8.42883,0.0188,0.1476,IncreaseQuarterPeriod,extended
30.996,206,-6.14083,-0.229922,-7.46288,0.0,0.0,0.0,0.0,0.0,0.0,0.0,-2.28516,-11.2383,0.0188,0.1476,IncreaseQuarterPeriod,extended
31.1462,207,-5.93965,-0.191602,-7.39582,0.0,0.0,0.0,0.0,0.0,0.0,0.0,-3.86719,-12.4089,0.0188,0.1476,IncreaseQuarterPeriod,extended
31.2962,208,-5.66183,-0.479004,-6.99346,0.0,0.0,0.0,0.0,0.0,0.0,0.0,-5.09766,-11.942,0.00674,0.13537,IncreaseQuarterPeriod,seated
31.4464,209,-5.18282,-0.469424,-7.81734,0.0,0.0,0.0,0.0,0.0,0.0,0.0,-5.44922,-10.0686,0.00674,0.13537,IncreaseQuarterPeriod,seated
31.5966,210,2.00224,-0.0670606,-9.20646,0.0,0.0,0.0,0.0,0.0,0.0,0.0,-4.92188,-6.32216,0.00674,0.13537,IncreaseQuarterPeriod,seated
31.7467,211,-1.41785,-0.210762,-9.98244,0.0,0.0,0.0,0.0,0.0,0.0,0.0,-4.04297,-2.34157,0.00674,0.13537,IncreaseQuarterPeriod,seated
31.8968,212,-1.22625,-0.383203,-9.51302,0.0,0.0,0.0,0.0,0.0,0.0,0.0,-2.10938,2.34189,0.00674,0.13537,IncreaseQuarterPeriod,seated
32.0469,213,-1.45617,-0.316143,-9.7142,0.0,0.0,0.0,0.0,0.0,0.0,0.0,0.0,6.79079,0.00674,0.13537,IncreaseQuarterPeriod,seated
32.1971,214,-1.59987,-0.239502,-9.75252,0.0,0.0,0.0,0.0,0.0,0.0,0.0,2.10938,10.069,0.00674,0.13537,IncreaseQuarterPeriod,seated
32.3472,215,-1.56155,-0.268242,-9.72378,0.0,0.0,0.0,0.0,0.0,0.0,0.0,4.21875,12.1764,0.00674,0.13537,IncreaseQuarterPeriod,seated
32.4973,216,1.96392,0.114961,-8.05685,0.0,0.0,0.0,0.0,0.0,0.0,0.0,5.625,12.8804,0.0188,0.1476,IncreaseQuarterPeriod,extended
32.6475,217,-3.53505,-0.0191602,-7.42456,0.0,0.0,0.0,0.0,0.0,0.0,0.0,6.32812,11.2396,0.0188,0.1476,IncreaseQuarterPeriod,extended
32.7976,218,-4.25355,-0.268242,-6.74438,0.0,0.0,0.0,0.0,0.0,0.0,0.0,6.32812,8.42968,0.0188,0.1476,IncreaseQuarterPeriod,extended
32.9478,219,-5.79595,0.0479004,-7.58742,0.0,0.0,0.0,0.0,0.0,0.0,0.0,5.44922,4.44903,0.0188,0.1476,IncreaseQuarterPeriod,extended
33.0979,220,-6.29411,-0.277822,-7.65448,0.0,0.0,0.0,0.0,0.0,0.0,0.0,4.04297,-0.234161,0.0188,0.1476,IncreaseQuarterPeriod,extended
33.2481,221,-6.00671,-0.210762,-7.5012,0.0,0.0,0.0,0.0,0.0,0.0,0.0,1.93359,-4.91683,0.0188,0.1476,IncreaseQuarterPeriod,extended
33.3982,222,-6.25579,-0.172441,-7.52036,0.0,0.0,0.0,0.0,0.0,0.0,0.0,-0.175781,-8.66289,0.0188,0.1476,IncreaseQuarterPeriod,extended
33.5484,223,-6.22705,-0.143701,-7.51078,0.0,0.0,0.0,0.0,0.0,0.0,0.0,-2.46094,-11.7063,0.0188,0.1476,IncreaseQuarterPeriod,extended
33.6986,224,-5.93007,-0.239502,-7.33834,0.0,0.0,0.0,0.0,0.0,0.0,0.0,-4.04297,-12.6428,0.0188,0.1476,IncreaseQuarterPeriod,extended
33.8487,225,-6.13125,-0.143701,-7.43414,0.0,0.0,0.0,0.0,0.0,0.0,0.0,-5.27344,-12.4087,0.0188,0.1476,IncreaseQuarterPeriod,extended
33.9988,226,-6.7827,-0.134121,-7.3575,0.0,0.0,0.0,0.0,0.0,0.0,0.0,-5.625,-10.0686,0.00674,0.13537,IncreaseQuarterPeriod,seated
34.1489,227,-5.4319,-0.306563,-8.01853,0.0,0.0,0.0,0.0,0.0,0.0,0.0,-5.09766,-6.55629,0.00674,0.13537,IncreaseQuarterPeriod,seated
34.2991,228,3.42967,-0.392783,-8.40173,0.0,0.0,0.0,0.0,0.0,0.0,0.0,-3.86719,-1.87325,0.00674,0.13537,IncreaseQuarterPeriod,seated
34.4493,229,-1.08255,-0.0670606,-9.6184,0.0,0.0,0.0,0.0,0.0,0.0,0.0,-2.28516,2.34157,0.00674,0.13537,IncreaseQuarterPeriod,seated
34.5994,230,-1.09213,-0.335303,-9.69504,0.0,0.0,0.0,0.0,0.0,0.0,0.0,0.175781,7.25881,0.00674,0.13537,IncreaseQuarterPeriod,seated
34.7496,231,-1.51365,-0.201182,-9.68546,0.0,0.0,0.0,0.0,0.0,0.0,0.0,2.28516,10.5356,0.00674,0.13537,IncreaseQuarterPeriod,seated
34.8997,232,-1.66693,-0.296982,-9.75252,0.0,0.0,0.0,0.0,0.0,0.0,0.0,4.39453,12.6429,0.00674,0.13537,IncreaseQuarterPeriod,seated
35.0645,233,0.814307,-0.114961,-8.83283,0.0,0.0,0.0,0.0,0.0,0.0,0.0,5.97656,12.8606,0.0188,0.1476,IncreaseQuarterPeriod,extended
35.2147,234,-2.62494,-0.344883,-7.86524,0.0,0.0,0.0,0.0,0.0,0.0,0.0,6.50391,11.4826,0.0188,0.1476,IncreaseQuarterPeriod,extended
35.3648,235,-5.68099,-0.967588,-5.16366,0.0,0.0,0.0,0.0,0.0,0.0,0.0,6.50391,8.26749,0.0188,0.1476,IncreaseQuarterPeriod,extended
35.515,236,-6.38033,-0.0670606,-7.5012,0.0,0.0,0.0,0.0,0.0,0.0,0.0,5.625,4.36349,0.0188,0.1476,IncreaseQuarterPeriod,extended
35.6652,237,-6.72521,-0.239502,-7.70238,0.0,0.0,0.0,0.0,0.0,0.0,0.0,3.69141,-0.918623,0.0188,0.1476,IncreaseQuarterPeriod,extended
35.8153,238,-5.93965,-0.172441,-7.32876,0.0,0.0,0.0,0.0,0.0,0.0,0.0,1.75781,-5.61918,0.0188,0.1476,IncreaseQuarterPeriod,extended
35.9655,239,-6.29411,-0.287402,-7.57784,0.0,0.0,0.0,0.0,0.0,0.0,0.0,-0.527344,-9.36532,0.0188,0.1476,IncreaseQuarterPeriod,extended
36.1156,240,-6.32285,-0.287402,-7.61616,0.0,0.0,0.0,0.0,0.0,0.0,0.0,-2.8125,-12.4088,0.0188,0.1476,IncreaseQuarterPeriod,extended
36.2658,241,-5.86301,-0.153281,-7.2617,0.0,0.0,0.0,0.0,0.0,0.0,0.0,-4.39453,-13.3457,0.0188,0.1476,IncreaseQuarterPeriod,extended
36.4158,242,-6.81144,-0.450264,-7.15632,0.0,0.0,0.0,0.0,0.0,0.0,0.0,-5.44922,-12.1764,0.00674,0.13537,IncreaseQuarterPeriod,seated
36.566,243,-7.52994,-0.488584,-7.75028,0.0,0.0,0.0,0.0,0.0,0.0,0.0,-5.80078,-10.0689,0.00674,0.13537,IncreaseQuarterPeriod,seated
36.7162,244,4.06195,-0.153281,-6.9264,0.0,0.0,0.0,0.0,0.0,0.0,0.0,-5.09766,-6.08814,0.00674,0.13537,IncreaseQuarterPeriod,seated
36.8663,245,-1.9256,-0.603545,-9.70462,0.0,0.0,0.0,0.0,0.0,0.0,0.0,-3.86719,-1.40499,0.00674,0.13537,IncreaseQuarterPeriod,seated
37.0165,246,-1.72441,-0.469424,-9.68546,0.0,0.0,0.0,0.0,0.0,0.0,0.0,-1.75781,3.51239,0.00674,0.13537,IncreaseQuarterPeriod,seated
37.1666,247,-1.27415,-0.277822,-9.4268,0.0,0.0,0.0,0.0,0.0,0.0,0.0,0.351562,7.72641,0.00674,0.13537,IncreaseQuarterPeriod,seated
37.3168,248,-1.62861,-0.249082,-9.70462,0.0,0.0,0.0,0.0,0.0,0.0,0.0,2.98828,11.7066,0.00674,0.13537,IncreaseQuarterPeriod,seated
37.4669,249,-1.57113,-0.258662,-9.68546,0.0,0.0,0.0,0.0,0.0,0.0,0.0,4.74609,13.1116,0.00674,0.13537,IncreaseQuarterPeriod,seated
37.617,250,-0.766406,-0.0670606,-9.93454,0.0,0.0,0.0,0.0,0.0,0.0,0.0,6.15234,13.3471,0.0188,0.1476,IncreaseQuarterPeriod,extended
37.7671,251,-2.85486,-0.249082,-7.71196,0.0,0.0,0.0,0.0,0.0,0.0,0.0,6.67969,11.2397,0.0188,0.1476,IncreaseQuarterPeriod,extended
37.9173,252,-6.8306,0.364043,-8.16223,0.0,0.0,0.0,0.0,0.0,0.0,0.0,6.50391,8.19563,0.0188,0.1476,IncreaseQuarterPeriod,extended
38.0675,253,-5.74805,-0.201182,-7.57784,0.0,0.0,0.0,0.0,0.0,0.0,0.0,5.625,3.51243,0.0188,0.1476,IncreaseQuarterPeriod,extended
38.2176,254,-6.24621,-0.00958008,-7.47246,0.0,0.0,0.0,0.0,0.0,0.0,0.0,3.69141,-1.40497,0.0188,0.1476,IncreaseQuarterPeriod,extended
38.3678,255,-5.88217,-0.191602,-7.70238,0.0,0.0,0.0,0.0,0.0,0.0,0.0,1.58203,-6.08746,0.0188,0.1476,IncreaseQuarterPeriod,extended
38.5179,256,-6.38991,-0.172441,-7.63532,0.0,0.0,0.0,0.0,0.0,0.0,0.0,-0.703125,-9.83361,0.0188,0.1476,IncreaseQuarterPeriod,extended
38.6681,257,-6.26537,-0.249082,-7.43414,0.0,0.0,0.0,0.0,0.0,0.0,0.0,-2.98828,-12.643,0.0188,0.1476,IncreaseQuarterPeriod,extended
38.8182,258,-5.93965,-0.277822,-7.32876,0.0,0.0,0.0,0.0,0.0,0.0,0.0,-4.74609,-13.8137,0.0188,0.1476,IncreaseQuarterPeriod,extended
38.9683,259,-6.81144,-0.392783,-7.33834,0.0,0.0,0.0,0.0,0.0,0.0,0.0,-5.80078,-12.6444,0.00674,0.13537,IncreaseQuarterPeriod,seated
39.1185,260,-5.44148,-0.287402,-8.89031,0.0,0.0,0.0,0.0,0.0,0.0,0.0,-5.97656,-10.0687,0.00674,0.13537,IncreaseQuarterPeriod,seated
39.2686,261,2.7399,-0.843047,-11.1321,0.0,0.0,0.0,0.0,0.0,0.0,0.0,-5.27344,-6.08806,0.00674,0.13537,IncreaseQuarterPeriod,seated
39.4188,262,-1.09213,-0.689766,-10.2411,0.0,0.0,0.0,0.0,0.0,0.0,0.0,-4.04297,-1.40495,0.00674,0.13537,IncreaseQuarterPeriod,seated
39.5689,263,-1.80105,-0.210762,-9.58966,0.0,0.0,0.0,0.0,0.0,0.0,0.0,-1.75781,3.98067,0.00674,0.13537,IncreaseQuarterPeriod,seated
39.7191,264,-1.45617,-0.296982,-9.51302,0.0,0.0,0.0,0.0,0.0,0.0,0.0,0.527344,8.42873,0.00674,0.13537,IncreaseQuarterPeriod,seated
39.8693,265,-1.59987,-0.277822,-9.84832,0.0,0.0,0.0,0.0,0.0,0.0,0.0,3.16406,12.1746,0.00674,0.13537,IncreaseQuarterPeriod,seated
40.2113,266,-3.82245,-0.958008,-8.91905,0.0,0.0,0.0,0.0,0.0,0.0,0.0,6.85547,12.8663,0.0188,0.1476,IncreaseQuarterPeriod,extended
40.3615,267,-1.30289,-0.287402,-8.47837,0.0,0.0,0.0,0.0,0.0,0.0,0.0,7.03125,11.7475,0.0188,0.1476,IncreaseQuarterPeriod,extended
40.5116,268,-5.52771,0.459844,-7.6928,0.0,0.0,0.0,0.0,0.0,0.0,0.0,6.50391,8.764,0.0188,0.1476,IncreaseQuarterPeriod,extended
40.6618,269,-6.20789,-0.383203,-7.98979,0.0,0.0,0.0,0.0,0.0,0.0,0.0,5.27344,5.03465,0.0188,0.1476,IncreaseQuarterPeriod,extended
40.8119,270,-6.09293,-0.229922,-7.61616,0.0,0.0,0.0,0.0,0.0,0.0,0.0,3.16406,0.0,0.0188,0.1476,IncreaseQuarterPeriod,extended
40.9621,271,-6.16957,0.0287402,-7.47246,0.0,0.0,0.0,0.0,0.0,0.0,0.0,0.878906,-7.96053,0.0188,0.1476,IncreaseQuarterPeriod,extended
41.1122,272,-6.27495,-0.182021,-7.61616,0.0,0.0,0.0,0.0,0.0,0.0,0.0,-1.58203,-11.4727,0.0188,0.1476,IncreaseQuarterPeriod,extended
41.2624,273,-6.19831,-0.344883,-7.4054,0.0,0.0,0.0,0.0,0.0,0.0,0.0,-3.86719,-13.8138,0.0188,0.1476,IncreaseQuarterPeriod,extended
41.4125,274,-6.47613,-0.114961,-7.09884,0.0,0.0,0.0,0.0,0.0,0.0,0.0,-5.27344,-14.0495,0.00674,0.13537,IncreaseQuarterPeriod,seated
41.5626,275,-5.93965,0.335303,-8.46879,0.0,0.0,0.0,0.0,0.0,0.0,0.0,-6.15234,-12.4104,0.00674,0.13537,IncreaseQuarterPeriod,seated
41.7128,276,1.9735,-0.0383203,-8.94779,0.0,0.0,0.0,0.0,0.0,0.0,0.0,-5.97656,-9.13214,0.00674,0.13537,IncreaseQuarterPeriod,seated
41.8629,277,-1.30289,-0.440684,-9.70462,0.0,0.0,0.0,0.0,0.0,0.0,0.0,-5.09766,-4.68316,0.00674,0.13537,IncreaseQuarterPeriod,seated
42.0131,278,-2.23216,-0.469424,-9.65672,0.0,0.0,0.0,0.0,0.0,0.0,0.0,-2.98828,1.17081,0.00674,0.13537,IncreaseQuarterPeriod,seated
42.1632,279,-1.50407,-0.459844,-9.62798,0.0,0.0,0.0,0.0,0.0,0.0,0.0,-1.05469,5.61933,0.00674,0.13537,IncreaseQuarterPeriod,seated
42.3134,280,-1.53281,-0.268242,-9.6184,0.0,0.0,0.0,0.0,0.0,0.0,0.0,1.40625,10.0679,0.00674,0.13537,IncreaseQuarterPeriod,seated
42.4636,281,-1.59029,-0.191602,-9.69504,0.0,0.0,0.0,0.0,0.0,0.0,0.0,3.86719,13.1115,0.00674,0.13537,IncreaseQuarterPeriod,seated
42.6137,282,-1.48491,-0.172441,-9.74294,0.0,0.0,0.0,0.0,0.0,0.0,0.0,5.625,14.2822,0.00674,0.13537,IncreaseQuarterPeriod,seated
42.7638,283,0.459844,-0.890947,-9.97286,0.0,0.0,0.0,0.0,0.0,0.0,0.0,7.03125,13.3472,0.0188,0.1476,IncreaseQuarterPeriod,extended
42.9139,284,-4.27272,-0.0958008,-7.7886,0.0,0.0,0.0,0.0,0.0,0.0,0.0,7.20703,11.0054,0.0188,0.1476,IncreaseQuarterPeriod,extended
43.0641,285,-7.14674,0.143701,-7.34792,0.0,0.0,0.0,0.0,0.0,0.0,0.0,6.67969,7.0248,0.0188,0.1476,IncreaseQuarterPeriod,extended
43.2142,286,-6.31327,-0.0670606,-7.4533,0.0,0.0,0.0,0.0,0.0,0.0,0.0,5.27344,1.87331,0.0188,0.1476,IncreaseQuarterPeriod,extended
43.3644,287,-6.38033,0.0479004,-7.68322,0.0,0.0,0.0,0.0,0.0,0.0,0.0,2.98828,-3.51239,0.0188,0.1476,IncreaseQuarterPeriod,extended
43.5145,288,-6.11209,-0.134121,-7.5012,0.0,0.0,0.0,0.0,0.0,0.0,0.0,0.703125,-8.42875,0.0188,0.1476,IncreaseQuarterPeriod,extended
43.6647,289,-6.13125,-0.277822,-7.47246,0.0,0.0,0.0,0.0,0.0,0.0,0.0,-1.75781,-11.9407,0.0188,0.1476,IncreaseQuarterPeriod,extended
43.8148,290,-6.14083,-0.229922,-7.46288,0.0,0.0,0.0,0.0,0.0,0.0,0.0,-4.04297,-14.2834,0.0188,0.1476,IncreaseQuarterPeriod,extended
43.9649,291,-6.86892,-0.498164,-7.118,0.0,0.0,0.0,0.0,0.0,0.0,0.0,-5.44922,-14.2849,0.00674,0.13537,IncreaseQuarterPeriod,seated
44.115,292,-4.88584,0.296982,-8.51669,0.0,0.0,0.0,0.0,0.0,0.0,0.0,-6.32812,-12.4116,0.00674,0.13537,IncreaseQuarterPeriod,seated
44.2652,293,2.47166,-1.09213,-8.12391,0.0,0.0,0.0,0.0,0.0,0.0,0.0,-6.15234,-9.13304,0.00674,0.13537,IncreaseQuarterPeriod,seated
44.4153,294,-0.967588,-0.526904,-9.73336,0.0,0.0,0.0,0.0,0.0,0.0,0.0,-5.09766,-4.44943,0.00674,0.13537,IncreaseQuarterPeriod,seated
44.5655,295,-1.08255,-0.296982,-9.41722,0.0,0.0,0.0,0.0,0.0,0.0,0.0,-3.16406,1.17078,0.00674,0.13537,IncreaseQuarterPeriod,seated
44.7156,296,-1.43701,-0.440684,-9.84832,0.0,0.0,0.0,0.0,0.0,0.0,0.0,-0.878906,6.08744,0.00674,0.13537,IncreaseQuarterPeriod,seated
44.8658,297,-1.61903,-0.249082,-9.72378,0.0,0.0,0.0,0.0,0.0,0.0,0.0,1.58203,10.5359,0.00674,0.13537,IncreaseQuarterPeriod,seated
45.016,298,-1.56155,-0.191602,-9.73336,0.0,0.0,0.0,0.0,0.0,0.0,0.0,4.04297,13.5793,0.00674,0.13537,IncreaseQuarterPeriod,seated
45.1661,299,-1.46575,-0.258662,-9.84832,0.0,0.0,0.0,0.0,0.0,0.0,0.0,5.97656,14.75,0.00674,0.13537,IncreaseQuarterPeriod,seated
45.3162,300,-1.35079,-1.18793,-9.2352,0.0,0.0,0.0,0.0,0.0,0.0,0.0,7.20703,13.8148,0.0188,0.1476,IncreaseQuarterPeriod,extended
45.4664,301,-7.80776,-0.881367,-7.72154,0.0,0.0,0.0,0.0,0.0,0.0,0.0,7.38281,11.0051,0.0188,0.1476,IncreaseQuarterPeriod,extended
45.6165,302,-6.56235,-0.507744,-7.23296,0.0,0.0,0.0,0.0,0.0,0.0,0.0,6.85547,7.02452,0.0188,0.1476,IncreaseQuarterPeriod,extended
45.7667,303,-6.63899,-0.574805,-7.82692,0.0,0.0,0.0,0.0,0.0,0.0,0.0,5.27344,1.63908,0.0188,0.1476,IncreaseQuarterPeriod,extended
45.9168,304,-6.17915,-0.162861,-7.4533,0.0,0.0,0.0,0.0,0.0,0.0,0.0,2.98828,-3.98066,0.0188,0.1476,IncreaseQuarterPeriod,extended
46.067,305,-6.66773,-0.0574805,-7.46288,0.0,0.0,0.0,0.0,0.0,0.0,0.0,0.703125,-8.66299,0.0188,0.1476,IncreaseQuarterPeriod,extended
46.2171,306,-6.17915,-0.296982,-7.51078,0.0,0.0,0.0,0.0,0.0,0.0,0.0,-1.93359,-12.4091,0.0188,0.1476,IncreaseQuarterPeriod,extended
46.3673,307,-5.99713,-0.143701,-7.2617,0.0,0.0,0.0,0.0,0.0,0.0,0.0,-4.21875,-14.7502,0.0188,0.1476,IncreaseQuarterPeriod,extended
46.5174,308,-7.00304,-0.354463,-7.06052,0.0,0.0,0.0,0.0,0.0,0.0,0.0,-5.625,-14.5176,0.00674,0.13537,IncreaseQuarterPeriod,seated
46.6675,309,-5.51813,-0.708926,-7.36708,0.0,0.0,0.0,0.0,0.0,0.0,0.0,-6.50391,-12.6443,0.00674,0.13537,IncreaseQuarterPeriod,seated
46.8177,310,4.13859,-1.38911,-6.77312,0.0,0.0,0.0,0.0,0.0,0.0,0.0,-6.15234,-9.13201,0.00674,0.13537,IncreaseQuarterPeriod,seated
46.9678,311,-1.81063,-0.0479004,-9.51302,0.0,0.0,0.0,0.0,0.0,0.0,0.0,-5.27344,-4.44891,0.00674,0.13537,IncreaseQuarterPeriod,seated
47.118,312,-1.44659,-0.459844,-9.73336,0.0,0.0,0.0,0.0,0.0,0.0,0.0,-3.16406,1.40494,0.00674,0.13537,IncreaseQuarterPeriod,seated
47.2681,313,-1.25499,-0.258662,-9.39806,0.0,0.0,0.0,0.0,0.0,0.0,0.0,-0.878906,6.32155,0.00674,0.13537,IncreaseQuarterPeriod,seated
47.4183,314,-1.64777,-0.268242,-9.86748,0.0,0.0,0.0,0.0,0.0,0.0,0.0,1.75781,11.0042,0.00674,0.13537,IncreaseQuarterPeriod,seated
47.5685,315,-1.47533,-0.268242,-10.0399,0.0,0.0,0.0,0.0,0.0,0.0,0.0,4.57031,14.2817,0.00674,0.13537,IncreaseQuarterPeriod,seated
47.7186,316,-1.46575,-0.210762,-9.78126,0.0,0.0,0.0,0.0,0.0,0.0,0.0,6.15234,15.2187,0.00674,0.13537,IncreaseQuarterPeriod,seated
47.8687,317,-0.632285,-0.191602,-9.89622,0.0,0.0,0.0,0.0,0.0,0.0,0.0,7.38281,14.0497,0.0188,0.1476,IncreaseQuarterPeriod,extended
48.0188,318,-4.69424,-0.402363,-7.67364,0.0,0.0,0.0,0.0,0.0,0.0,0.0,7.38281,11.0056,0.0188,0.1476,IncreaseQuarterPeriod,extended
48.169,319,-7.08926,-0.124541,-8.42089,0.0,0.0,0.0,0.0,0.0,0.0,0.0,6.85547,6.79073,0.0188,0.1476,IncreaseQuarterPeriod,extended
48.3191,320,-6.43781,-0.277822,-8.00895,0.0,0.0,0.0,0.0,0.0,0.0,0.0,5.27344,0.936658,0.0188,0.1476,IncreaseQuarterPeriod,extended
48.4693,321,-6.03545,-0.0958008,-7.597,0.0,0.0,0.0,0.0,0.0,0.0,0.0,2.98828,-4.21486,0.0188,0.1476,IncreaseQuarterPeriod,extended
48.6195,322,-6.32285,-0.0958008,-7.67364,0.0,0.0,0.0,0.0,0.0,0.0,0.0,0.527344,-9.13117,0.0188,0.1476,IncreaseQuarterPeriod,extended
48.7696,323,-6.41865,-0.249082,-7.46288,0.0,0.0,0.0,0.0,0.0,0.0,0.0,-2.10938,-12.6432,0.0188,0.1476,IncreaseQuarterPeriod,extended
48.9198,324,-5.92049,-0.220342,-7.39582,0.0,0.0,0.0,0.0,0.0,0.0,0.0,-4.39453,-14.9843,0.0188,0.1476,IncreaseQuarterPeriod,extended
49.0698,325,-5.90133,-0.335303,-7.5491,0.0,0.0,0.0,0.0,0.0,0.0,0.0,-5.97656,-14.9861,0.00674,0.13537,IncreaseQuarterPeriod,seated
49.22,326,-4.65592,0.114961,-8.22929,0.0,0.0,0.0,0.0,0.0,0.0,0.0,-6.67969,-12.8787,0.00674,0.13537,IncreaseQuarterPeriod,seated
49.3702,327,2.58662,0.0287402,-10.174,0.0,0.0,0.0,0.0,0.0,0.0,0.0,-6.32812,-9.13214,0.00674,0.13537,IncreaseQuarterPeriod,seated
49.5203,328,-1.72441,-0.335303,-10.2603,0.0,0.0,0.0,0.0,0.0,0.0,0.0,-5.27344,-4.21481,0.00674,0.13537,IncreaseQuarterPeriod,seated
49.6705,329,-1.50407,-0.335303,-9.64714,0.0,0.0,0.0,0.0,0.0,0.0,0.0,-3.16406,1.63913,0.00674,0.13537,IncreaseQuarterPeriod,seated
49.8206,330,-1.55197,-0.325723,-9.60882,0.0,0.0,0.0,0.0,0.0,0.0,0.0,-0.878906,6.78992,0.00674,0.13537,IncreaseQuarterPeriod,seated
49.9708,331,-1.55197,-0.201182,-9.62798,0.0,0.0,0.0,0.0,0.0,0.0,0.0,1.93359,11.4726,0.00674,0.13537,IncreaseQuarterPeriod,seated
50.1209,332,-1.51365,-0.229922,-9.84832,0.0,0.0,0.0,0.0,0.0,0.0,0.0,4.39453,14.282,0.00674,0.13537,IncreaseQuarterPeriod,seated
50.271,333,-0.364043,-0.670605,-9.6184,0.0,0.0,0.0,0.0,0.0,0.0,0.0,6.50391,15.6886,0.0188,0.1476,IncreaseQuarterPeriod,extended
50.4212,334,-1.9256,0.201182,-8.21013,0.0,0.0,0.0,0.0,0.0,0.0,0.0,7.38281,14.0492,0.0188,0.1476,IncreaseQuarterPeriod,extended
50.5713,335,-9.4268,0.0862207,-7.43414,0.0,0.0,0.0,0.0,0.0,0.0,0.0,7.73438,11.4735,0.0188,0.1476,IncreaseQuarterPeriod,extended
50.7215,336,-6.80186,-0.421523,-7.4054,0.0,0.0,0.0,0.0,0.0,0.0,0.0,7.03125,6.79045,0.0188,0.1476,IncreaseQuarterPeriod,extended
50.8716,337,-6.05461,-0.143701,-7.3096,0.0,0.0,0.0,0.0,0.0,0.0,0.0,5.09766,0.93663,0.0188,0.1476,IncreaseQuarterPeriod,extended
51.0218,338,-6.15999,-0.134121,-7.55868,0.0,0.0,0.0,0.0,0.0,0.0,0.0,2.98828,-4.68261,0.0188,0.1476,IncreaseQuarterPeriod,extended
51.1719,339,-6.45697,-0.239502,-7.77902,0.0,0.0,0.0,0.0,0.0,0.0,0.0,0.351562,-9.36535,0.0188,0.1476,IncreaseQuarterPeriod,extended
51.3221,340,-6.47613,-0.182021,-7.61616,0.0,0.0,0.0,0.0,0.0,0.0,0.0,-2.46094,-13.5797,0.0188,0.1476,IncreaseQuarterPeriod,extended
51.4723,341,-6.02587,-0.229922,-7.44372,0.0,0.0,0.0,0.0,0.0,0.0,0.0,-4.57031,-15.4526,0.0188,0.1476,IncreaseQuarterPeriod,extended
51.6223,342,-6.21747,-0.258662,-7.28086,0.0,0.0,0.0,0.0,0.0,0.0,0.0,-6.15234,-14.9859,0.00674,0.13537,IncreaseQuarterPeriod,seated
51.7725,343,-6.32285,0.0479004,-7.08926,0.0,0.0,0.0,0.0,0.0,0.0,0.0,-6.85547,-13.1125,0.00674,0.13537,IncreaseQuarterPeriod,seated
51.9226,344,1.77231,-0.191602,-9.8579,0.0,0.0,0.0,0.0,0.0,0.0,0.0,-6.50391,-9.13201,0.00674,0.13537,IncreaseQuarterPeriod,seated
52.0728,345,-0.919688,-0.296982,-9.20646,0.0,0.0,0.0,0.0,0.0,0.0,0.0,-5.27344,-3.74664,0.00674,0.13537,IncreaseQuarterPeriod,seated
52.2229,346,-1.88728,-0.469424,-9.8579,0.0,0.0,0.0,0.0,0.0,0.0,0.0,-2.98828,2.10753,0.00674,0.13537,IncreaseQuarterPeriod,seated
52.3731,347,-1.34121,-0.354463,-9.55134,0.0,0.0,0.0,0.0,0.0,0.0,0.0,-0.703125,7.25845,0.00674,0.13537,IncreaseQuarterPeriod,seated
52.5232,348,-1.55197,-0.201182,-9.77168,0.0,0.0,0.0,0.0,0.0,0.0,0.0,2.10938,11.9414,0.00674,0.13537,IncreaseQuarterPeriod,seated
52.6734,349,-1.55197,-0.249082,-9.7621,0.0,0.0,0.0,0.0,0.0,0.0,0.0,4.74609,14.9849,0.00674,0.13537,IncreaseQuarterPeriod,seated
52.8235,350,0.0670606,-0.766406,-8.92863,0.0,0.0,0.0,0.0,0.0,0.0,0.0,6.67969,15.9225,0.0188,0.1476,IncreaseQuarterPeriod,extended
52.9736,351,-4.39726,-1.14961,-7.75986,0.0,0.0,0.0,0.0,0.0,0.0,0.0,7.55859,14.0493,0.0188,0.1476,IncreaseQuarterPeriod,extended
53.1238,352,-5.59477,-0.296982,-6.80186,0.0,0.0,0.0,0.0,0.0,0.0,0.0,7.91016,11.4736,0.0188,0.1476,IncreaseQuarterPeriod,extended
53.2739,353,-5.88217,-0.354463,-7.42456,0.0,0.0,0.0,0.0,0.0,0.0,0.0,7.03125,6.55643,0.0188,0.1476,IncreaseQuarterPeriod,extended
53.4241,354,-6.02587,-0.124541,-7.4054,0.0,0.0,0.0,0.0,0.0,0.0,0.0,5.09766,0.468321,0.0188,0.1476,IncreaseQuarterPeriod,extended
53.5742,355,-6.33243,-0.134121,-7.65448,0.0,0.0,0.0,0.0,0.0,0.0,0.0,2.8125,-5.1509,0.0188,0.1476,IncreaseQuarterPeriod,extended
53.7244,356,-6.34201,-0.287402,-7.55868,0.0,0.0,0.0,0.0,0.0,0.0,0.0,0.0,-10.0676,0.0188,0.1476,IncreaseQuarterPeriod,extended
53.8746,357,-5.99713,-0.239502,-7.4054,0.0,0.0,0.0,0.0,0.0,0.0,0.0,-2.63672,-14.0479,0.0188,0.1476,IncreaseQuarterPeriod,extended
54.0247,358,-5.91091,-0.306563,-7.39582,0.0,0.0,0.0,0.0,0.0,0.0,0.0,-4.92188,-15.9206,0.0188,0.1476,IncreaseQuarterPeriod,extended
54.1748,359,-6.16957,0.00958008,-7.32876,0.0,0.0,0.0,0.0,0.0,0.0,0.0,-6.50391,-15.454,0.00674,0.13537,IncreaseQuarterPeriod,seated
54.325,360,-1.77231,0.114961,-8.66039,0.0,0.0,0.0,0.0,0.0,0.0,0.0,-7.03125,-13.1125,0.00674,0.13537,IncreaseQuarterPeriod,seated
54.4751,361,2.94108,-0.0383203,-8.53585,0.0,0.0,0.0,0.0,0.0,0.0,0.0,-6.50391,-8.66368,0.00674,0.13537,IncreaseQuarterPeriod,seated
54.6253,362,-1.62861,-0.469424,-9.87706,0.0,0.0,0.0,0.0,0.0,0.0,0.0,-5.27344,-3.51227,0.00674,0.13537,IncreaseQuarterPeriod,seated
54.7754,363,-1.30289,-0.287402,-9.39806,0.0,0.0,0.0,0.0,0.0,0.0,0.0,-2.98828,2.57571,0.00674,0.13537,IncreaseQuarterPeriod,seated
54.9256,364,-1.46575,-0.325723,-9.77168,0.0,0.0,0.0,0.0,0.0,0.0,0.0,-0.527344,7.96044,0.00674,0.13537,IncreaseQuarterPeriod,seated
55.0757,365,-1.58071,-0.201182,-9.72378,0.0,0.0,0.0,0.0,0.0,0.0,0.0,2.28516,12.409,0.00674,0.13537,IncreaseQuarterPeriod,seated
55.2258,366,-1.59987,-0.249082,-9.6663,0.0,0.0,0.0,0.0,0.0,0.0,0.0,4.92188,15.221,0.00674,0.13537,IncreaseQuarterPeriod,seated
55.3758,367,-0.546064,-0.431104,-9.41722,0.0,0.0,0.0,0.0,0.0,0.0,0.0,6.85547,16.1596,0.0188,0.1476,IncreaseQuarterPeriod,extended
55.526,368,-4.3781,-0.507744,-8.59333,0.0,0.0,0.0,0.0,0.0,0.0,0.0,7.73438,14.286,0.0188,0.1476,IncreaseQuarterPeriod,extended
55.6762,369,-8.92863,-0.296982,-7.44372,0.0,0.0,0.0,0.0,0.0,0.0,0.0,7.91016,11.2415,0.0188,0.1476,IncreaseQuarterPeriod,extended
55.8263,370,-5.76721,-0.277822,-7.52036,0.0,0.0,0.0,0.0,0.0,0.0,0.0,7.03125,6.3233,0.0188,0.1476,IncreaseQuarterPeriod,extended
55.9765,371,-6.67731,0.00958008,-7.66406,0.0,0.0,0.0,0.0,0.0,0.0,0.0,5.09766,0.234161,0.0188,0.1476,IncreaseQuarterPeriod,extended
56.1266,372,-6.13125,-0.239502,-7.33834,0.0,0.0,0.0,0.0,0.0,0.0,0.0,2.63672,-5.61922,0.0188,0.1476,IncreaseQuarterPeriod,extended
56.2768,373,-6.29411,-0.153281,-7.52994,0.0,0.0,0.0,0.0,0.0,0.0,0.0,0.0,-10.3021,0.0188,0.1476,IncreaseQuarterPeriod,extended
56.4269,374,-6.03545,-0.191602,-7.58742,0.0,0.0,0.0,0.0,0.0,0.0,0.0,-2.8125,-14.2823,0.0188,0.1476,IncreaseQuarterPeriod,extended
56.5771,375,-6.09293,-0.191602,-7.42456,0.0,0.0,0.0,0.0,0.0,0.0,0.0,-5.09766,-16.1551,0.0188,0.1476,IncreaseQuarterPeriod,extended
56.7272,376,-6.9264,0.0862207,-7.73112,0.0,0.0,0.0,0.0,0.0,0.0,0.0,-6.67969,-15.6883,0.00674,0.13537,IncreaseQuarterPeriod,seated
56.8773,377,-7.58742,0.823887,-7.06052,0.0,0.0,0.0,0.0,0.0,0.0,0.0,-7.20703,-13.1128,0.00674,0.13537,IncreaseQuarterPeriod,seated
57.0275,378,-0.287402,-0.766406,-9.87706,0.0,0.0,0.0,0.0,0.0,0.0,0.0,-6.67969,-8.89787,0.00674,0.13537,IncreaseQuarterPeriod,seated
57.1776,379,-0.910107,-0.469424,-9.55134,0.0,0.0,0.0,0.0,0.0,0.0,0.0,-5.44922,-3.51231,0.00674,0.13537,IncreaseQuarterPeriod,seated
57.3278,380,-1.61903,-0.488584,-9.69504,0.0,0.0,0.0,0.0,0.0,0.0,0.0,-2.98828,2.80997,0.00674,0.13537,IncreaseQuarterPeriod,seated
57.4779,381,-1.28373,-0.172441,-9.59924,0.0,0.0,0.0,0.0,0.0,0.0,0.0,-0.351562,8.42907,0.00674,0.13537,IncreaseQuarterPeriod,seated
57.6281,382,-1.73399,-0.229922,-9.6663,0.0,0.0,0.0,0.0,0.0,0.0,0.0,2.98828,13.5801,0.00674,0.13537,IncreaseQuarterPeriod,seated
57.7782,383,-1.51365,-0.249082,-9.70462,0.0,0.0,0.0,0.0,0.0,0.0,0.0,5.09766,15.6876,0.00674,0.13537,IncreaseQuarterPeriod,seated
57.9283,384,0.0862207,0.325723,-9.13939,0.0,0.0,0.0,0.0,0.0,0.0,0.0,7.20703,16.8602,0.0188,0.1476,IncreaseQuarterPeriod,extended
58.0784,385,-4.35894,-0.766406,-7.39582,0.0,0.0,0.0,0.0,0.0,0.0,0.0,7.91016,14.5182,0.0188,0.1476,IncreaseQuarterPeriod,extended
58.2286,386,-6.03545,-0.354463,-7.0222,0.0,0.0,0.0,0.0,0.0,0.0,0.0,8.08594,11.2399,0.0188,0.1476,IncreaseQuarterPeriod,extended
58.3787,387,-5.72889,-0.411943,-7.77902,0.0,0.0,0.0,0.0,0.0,0.0,0.0,7.03125,5.38571,0.0188,0.1476,IncreaseQuarterPeriod,extended
58.5289,388,-5.91091,-0.105381,-7.39582,0.0,0.0,0.0,0.0,0.0,0.0,0.0,5.09766,0.0,0.0188,0.1476,IncreaseQuarterPeriod,extended
58.6791,389,-6.20789,-0.134121,-7.52036,0.0,0.0,0.0,0.0,0.0,0.0,0.0,2.63672,-6.08735,0.0188,0.1476,IncreaseQuarterPeriod,extended
58.8292,390,-6.20789,-0.143701,-7.48204,0.0,0.0,0.0,0.0,0.0,0.0,0.0,-0.175781,-10.7699,0.0188,0.1476,IncreaseQuarterPeriod,extended
58.9794,391,-6.21747,-0.258662,-7.4533,0.0,0.0,0.0,0.0,0.0,0.0,0.0,-2.98828,-14.7498,0.0188,0.1476,IncreaseQuarterPeriod,extended
59.1295,392,-6.10251,-0.201182,-7.5012,0.0,0.0,0.0,0.0,0.0,0.0,0.0,-5.27344,-16.3888,0.0188,0.1476,IncreaseQuarterPeriod,extended
59.2796,393,-6.74438,-0.182021,-7.77902,0.0,0.0,0.0,0.0,0.0,0.0,0.0,-6.85547,-15.9223,0.00674,0.13537,IncreaseQuarterPeriod,seated
59.4298,394,-4.69424,-0.220342,-8.38257,0.0,0.0,0.0,0.0,0.0,0.0,0.0,-7.38281,-13.3466,0.00674,0.13537,IncreaseQuarterPeriod,seated
59.5799,395,-0.833467,-0.220342,-10.0782,0.0,0.0,0.0,0.0,0.0,0.0,0.0,-6.67969,-8.66363,0.00674,0.13537,IncreaseQuarterPeriod,seated
59.7301,396,-2.00224,-0.574805,-10.0016,0.0,0.0,0.0,0.0,0.0,0.0,0.0,-5.44922,-3.27821,0.00674,0.13537,IncreaseQuarterPeriod,seated
59.8802,397,-1.80105,-0.268242,-9.58008,0.0,0.0,0.0,0.0,0.0,0.0,0.0,-2.8125,3.27818,0.00674,0.13537,IncreaseQuarterPeriod,seated
60.0304,398,-1.53281,-0.258662,-9.78126,0.0,0.0,0.0,0.0,0.0,0.0,0.0,-0.175781,8.89703,0.00674,0.13537,IncreaseQuarterPeriod,seated
60.1806,399,-1.62861,-0.258662,-9.9058,0.0,0.0,0.0,0.0,0.0,0.0,0.0,2.98828,13.814,0.00674,0.13537,IncreaseQuarterPeriod,seated
60.3307,400,-1.55197,-0.249082,-9.75252,0.0,0.0,0.0,0.0,0.0,0.0,0.0,5.44922,16.1553,0.00674,0.13537,IncreaseQuarterPeriod,seated
60.4808,401,-1.41785,-0.469424,-10.471,0.0,0.0,0.0,0.0,0.0,0.0,0.0,7.20703,16.8597,0.0188,0.1476,IncreaseQuarterPeriod,extended
60.6309,402,-4.49306,-0.258662,-9.2352,0.0,0.0,0.0,0.0,0.0,0.0,0.0,8.08594,14.518,0.0188,0.1476,IncreaseQuarterPeriod,extended
60.7811,403,-6.02587,-0.718506,-7.6928,0.0,0.0,0.0,0.0,0.0,0.0,0.0,8.26172,11.2398,0.0188,0.1476,IncreaseQuarterPeriod,extended
60.9312,404,-6.15999,0.0191602,-7.46288,0.0,0.0,0.0,0.0,0.0,0.0,0.0,7.20703,5.61987,0.0188,0.1476,IncreaseQuarterPeriod,extended
61.0814,405,-6.36117,-0.114961,-7.597,0.0,0.0,0.0,0.0,0.0,0.0,0.0,5.09766,-0.468319,0.0188,0.1476,IncreaseQuarterPeriod,extended
61.2316,406,-6.14083,-0.143701,-7.52994,0.0,0.0,0.0,0.0,0.0,0.0,0.0,2.46094,-6.32161,0.0188,0.1476,IncreaseQuarterPeriod,extended
61.3817,407,-6.26537,-0.143701,-7.57784,0.0,0.0,0.0,0.0,0.0,0.0,0.0,-0.527344,-11.4724,0.0188,0.1476,IncreaseQuarterPeriod,extended
61.5319,408,-6.10251,-0.191602,-7.5012,0.0,0.0,0.0,0.0,0.0,0.0,0.0,-3.33984,-15.4523,0.0188,0.1476,IncreaseQuarterPeriod,extended
61.682,409,-5.96839,-0.229922,-7.44372,0.0,0.0,0.0,0.0,0.0,0.0,0.0,-5.625,-17.0912,0.0188,0.1476,IncreaseQuarterPeriod,extended
61.8321,410,-5.76721,-0.210762,-7.5491,0.0,0.0,0.0,0.0,0.0,0.0,0.0,-7.03125,-16.1564,0.00674,0.13537,IncreaseQuarterPeriod,seated
61.9823,411,-6.01629,0.239502,-7.1659,0.0,0.0,0.0,0.0,0.0,0.0,0.0,-7.55859,-13.3465,0.00674,0.13537,IncreaseQuarterPeriod,seated
62.1324,412,3.60211,-0.201182,-8.74661,0.0,0.0,0.0,0.0,0.0,0.0,0.0,-6.85547,-8.42948,0.00674,0.13537,IncreaseQuarterPeriod,seated
62.2826,413,-1.49449,-0.402363,-10.1549,0.0,0.0,0.0,0.0,0.0,0.0,0.0,-5.44922,-2.80989,0.00674,0.13537,IncreaseQuarterPeriod,seated
62.4327,414,-1.43701,-0.268242,-9.51302,0.0,0.0,0.0,0.0,0.0,0.0,0.0,-2.8125,3.7465,0.00674,0.13537,IncreaseQuarterPeriod,seated
62.5828,415,-1.46575,-0.364043,-9.93454,0.0,0.0,0.0,0.0,0.0,0.0,0.0,0.0,9.36699,0.00674,0.13537,IncreaseQuarterPeriod,seated
62.7329,416,-1.59029,-0.201182,-9.93454,0.0,0.0,0.0,0.0,0.0,0.0,0.0,3.16406,14.2843,0.00674,0.13537,IncreaseQuarterPeriod,seated
62.8831,417,-1.58071,-0.277822,-9.73336,0.0,0.0,0.0,0.0,0.0,0.0,0.0,5.625,16.6262,0.00674,0.13537,IncreaseQuarterPeriod,seated
63.0332,418,0.459844,-0.507744,-9.13939,0.0,0.0,0.0,0.0,0.0,0.0,0.0,7.55859,17.3306,0.0188,0.1476,IncreaseQuarterPeriod,extended
63.1833,419,-4.98164,0.459844,-8.06643,0.0,0.0,0.0,0.0,0.0,0.0,0.0,8.26172,14.7547,0.0188,0.1476,IncreaseQuarterPeriod,extended
63.3335,420,-7.23296,-0.296982,-7.97063,0.0,0.0,0.0,0.0,0.0,0.0,0.0,8.26172,11.0054,0.0188,0.1476,IncreaseQuarterPeriod,extended
63.4836,421,-5.61393,0.114961,-7.30002,0.0,0.0,0.0,0.0,0.0,0.0,0.0,7.20703,5.38581,0.0188,0.1476,IncreaseQuarterPeriod,extended
63.6338,422,-6.25579,-0.239502,-7.61616,0.0,0.0,0.0,0.0,0.0,0.0,0.0,5.09766,-0.702487,0.0188,0.1476,IncreaseQuarterPeriod,extended
63.7839,423,-6.18873,-0.124541,-7.57784,0.0,0.0,0.0,0.0,0.0,0.0,0.0,2.28516,-7.02413,0.0188,0.1476,IncreaseQuarterPeriod,extended
63.9341,424,-6.24621,-0.258662,-7.44372,0.0,0.0,0.0,0.0,0.0,0.0,0.0,-0.703125,-11.941,0.0188,0.1476,IncreaseQuarterPeriod,extended
64.0842,425,-6.09293,-0.239502,-7.52036,0.0,0.0,0.0,0.0,0.0,0.0,0.0,-3.51562,-15.6869,0.0188,0.1476,IncreaseQuarterPeriod,extended
64.2344,426,-6.07377,-0.191602,-7.60658,0.0,0.0,0.0,0.0,0.0,0.0,0.0,-5.80078,-17.3257,0.0188,0.1476,IncreaseQuarterPeriod,extended
64.3845,427,-6.43781,0.0862207,-7.4054,0.0,0.0,0.0,0.0,0.0,0.0,0.0,-7.20703,-16.3908,0.00674,0.13537,IncreaseQuarterPeriod,seated
64.5346,428,-5.13492,0.210762,-8.47837,0.0,0.0,0.0,0.0,0.0,0.0,0.0,-7.55859,-13.1126,0.00674,0.13537,IncreaseQuarterPeriod,seated
64.6848,429,0.622705,-0.661025,-11.5248,0.0,0.0,0.0,0.0,0.0,0.0,0.0,-6.85547,-8.19551,0.00674,0.13537,IncreaseQuarterPeriod,seated
64.8349,430,-1.84896,-0.421523,-9.54176,0.0,0.0,0.0,0.0,0.0,0.0,0.0,-5.44922,-2.57579,0.00674,0.13537,IncreaseQuarterPeriod,seated
64.9851,431,-1.14003,-0.536484,-9.63756,0.0,0.0,0.0,0.0,0.0,0.0,0.0,-2.8125,3.98076,0.00674,0.13537,IncreaseQuarterPeriod,seated
65.1352,432,-1.41785,-0.239502,-9.93454,0.0,0.0,0.0,0.0,0.0,0.0,0.0,0.175781,9.83377,0.00674,0.13537,IncreaseQuarterPeriod,seated
65.2854,433,-1.64777,-0.220342,-9.81958,0.0,0.0,0.0,0.0,0.0,0.0,0.0,3.16406,14.2822,0.00674,0.13537,IncreaseQuarterPeriod,seated
