9.89437e-05,0,-1.60945,-0.277822,-9.62798,0.0,0.0,0.0,0.0,0.0,0.0,0.0,0.527344,0.0,0.00674,0.13537,None,seated
0.150266,1,-1.59987,-0.268242,-9.6184,0.0,0.0,0.0,0.0,0.0,0.0,0.0,0.527344,0.0,0.00674,0.13537,Nothing,seated
0.300429,2,-1.58071,-0.277822,-9.64714,0.0,0.0,0.0,0.0,0.0,0.0,0.0,0.527344,0.0,0.00674,0.13537,Nothing,seated
0.450594,3,-1.61903,-0.277822,-9.62798,0.0,0.0,0.0,0.0,0.0,0.0,0.0,0.527344,0.0,0.00674,0.13537,Nothing,seated
0.600769,4,-1.52323,-0.249082,-9.63756,0.0,0.0,0.0,0.0,0.0,0.0,0.0,0.527344,0.0,0.00674,0.13537,Nothing,seated
0.750947,5,-1.43701,-0.249082,-9.63756,0.0,0.0,0.0,0.0,0.0,0.0,0.0,0.703125,0.23411,0.00674,0.13537,Nothing,seated
0.901087,6,-1.37953,-0.287402,-9.69504,0.0,0.0,0.0,0.0,0.0,0.0,0.0,0.878906,0.468237,0.00674,0.13537,Nothing,seated
1.05125,7,-1.27415,-0.277822,-9.7142,0.0,0.0,0.0,0.0,0.0,0.0,0.0,1.23047,0.936468,0.00674,0.13537,Nothing,seated
1.20142,8,-1.26457,-0.268242,-9.7142,0.0,0.0,0.0,0.0,0.0,0.0,0.0,1.75781,1.63881,0.00674,0.13537,Nothing,seated
1.35159,9,-1.22625,-0.229922,-9.73336,0.0,0.0,0.0,0.0,0.0,0.0,0.0,2.28516,2.34119,0.00674,0.13537,Nothing,seated
1.50176,10,-1.21667,-0.325723,-9.70462,0.0,0.0,0.0,0.0,0.0,0.0,0.0,2.98828,3.04358,0.00674,0.13537,Nothing,seated
1.65193,11,-1.18793,-0.249082,-9.68546,0.0,0.0,0.0,0.0,0.0,0.0,0.0,3.69141,3.74581,0.00674,0.13537,Nothing,seated
1.80197,12,-1.16877,-0.277822,-9.69504,0.0,0.0,0.0,0.0,0.0,0.0,0.0,4.21875,3.98056,0.00674,0.13537,Nothing,seated
1.95214,13,-1.18793,-0.229922,-9.70462,0.0,0.0,0.0,0.0,0.0,0.0,0.0,4.57031,3.74643,0.00674,0.13537,Nothing,seated
2.10231,14,-1.09213,-0.220342,-9.70462,0.0,0.0,0.0,0.0,0.0,0.0,0.0,4.74609,3.27811,0.00674,0.13537,Nothing,seated
2.25247,15,-0.967588,-0.316143,-9.70462,0.0,0.0,0.0,0.0,0.0,0.0,0.0,4.92188,2.57567,0.00674,0.13537,Nothing,seated
2.40265,16,-0.900527,-0.306563,-9.69504,0.0,0.0,0.0,0.0,0.0,0.0,0.0,4.92188,1.63905,0.00674,0.13537,Nothing,seated
2.55282,17,-0.862207,-0.277822,-9.77168,0.0,0.0,0.0,0.0,0.0,0.0,0.0,4.92188,0.936447,0.00674,0.13537,Nothing,seated
2.70298,18,-0.823887,-0.277822,-9.79084,0.0,0.0,0.0,0.0,0.0,0.0,0.0,4.92188,0.468221,0.00674,0.13537,Nothing,seated
2.85316,19,-0.766406,-0.258662,-9.74294,0.0,0.0,0.0,0.0,0.0,0.0,0.0,4.92188,0.234108,0.00674,0.13537,Nothing,seated
3.00333,20,-0.747246,-0.296982,-9.77168,0.0,0.0,0.0,0.0,0.0,0.0,0.0,5.09766,0.234107,0.00674,0.13537,Nothing,seated
3.1535,21,-0.785566,-0.325723,-9.75252,0.0,0.0,0.0,0.0,0.0,0.0,0.0,5.27344,0.468221,0.00674,0.13537,Nothing,seated
3.30366,22,-0.766406,-0.287402,-9.73336,0.0,0.0,0.0,0.0,0.0,0.0,0.0,5.44922,0.702334,0.00674,0.13537,Nothing,seated
3.45382,23,-0.890947,-0.249082,-9.73336,0.0,0.0,0.0,0.0,0.0,0.0,0.0,5.625,0.936452,0.00674,0.13537,Nothing,seated
3.60398,24,-1.57113,-0.249082,-9.58008,0.0,0.0,0.0,0.0,0.0,0.0,0.0,5.44922,0.702363,0.00674,0.13537,Nothing,seated
3.75414,25,-1.59987,-0.287402,-9.59924,0.0,0.0,0.0,0.0,0.0,0.0,0.0,4.57031,-0.702367,0.00674,0.13537,Nothing,seated
3.90431,26,-1.57113,-0.344883,-9.64714,0.0,0.0,0.0,0.0,0.0,0.0,0.0,3.16406,-2.80944,0.00674,0.13537,Nothing,seated
4.05448,27,-1.58071,-0.296982,-9.70462,0.0,0.0,0.0,0.0,0.0,0.0,0.0,1.40625,-5.38476,0.00674,0.13537,Nothing,seated
4.20464,28,-1.59029,-0.287402,-9.74294,0.0,0.0,0.0,0.0,0.0,0.0,0.0,-0.527344,-8.19416,0.00674,0.13537,Nothing,seated
4.35481,29,-1.59029,-0.182021,-9.69504,0.0,0.0,0.0,0.0,0.0,0.0,0.0,-2.10938,-10.0669,0.00674,0.13537,Nothing,seated
4.50498,30,-1.55197,-0.239502,-9.68546,0.0,0.0,0.0,0.0,0.0,0.0,0.0,-3.51562,-10.7691,0.00674,0.13537,Nothing,seated
4.65515,31,-1.57113,-0.287402,-9.63756,0.0,0.0,0.0,0.0,0.0,0.0,0.0,-4.21875,-9.83275,0.00674,0.13537,Nothing,seated
4.80532,32,-1.51365,-0.316143,-9.62798,0.0,0.0,0.0,0.0,0.0,0.0,0.0,-4.21875,-7.49164,0.00674,0.13537,Nothing,seated
4.95548,33,-1.58071,-0.296982,-9.6184,0.0,0.0,0.0,0.0,0.0,0.0,0.0,-3.69141,-4.21404,0.00674,0.13537,Nothing,seated
5.10565,34,-1.58071,-0.220342,-9.65672,0.0,0.0,0.0,0.0,0.0,0.0,0.0,-2.63672,-0.702341,0.00674,0.13537,Nothing,seated
5.25582,35,-1.57113,-0.229922,-9.7142,0.0,0.0,0.0,0.0,0.0,0.0,0.0,-0.878906,3.51172,0.00674,0.13537,Nothing,seated
5.40597,36,-1.61903,-0.306563,-9.70462,0.0,0.0,0.0,0.0,0.0,0.0,0.0,0.878906,6.78942,0.00674,0.13537,IncreaseQuarterPeriod,seated
5.55614,37,-1.59987,-0.325723,-9.6663,0.0,0.0,0.0,0.0,0.0,0.0,0.0,2.63672,9.13061,0.00674,0.13537,IncreaseQuarterPeriod,seated
5.70629,38,-1.60945,-0.306563,-9.64714,0.0,0.0,0.0,0.0,0.0,0.0,0.0,4.21875,10.5355,0.00674,0.13537,IncreaseQuarterPeriod,seated
5.85645,39,-1.59987,-0.249082,-9.63756,0.0,0.0,0.0,0.0,0.0,0.0,0.0,5.09766,10.3015,0.00674,0.13537,IncreaseQuarterPeriod,seated
6.00652,40,-0.220342,-0.344883,-7.90356,0.0,0.0,0.0,0.0,0.0,0.0,0.0,5.625,8.66374,0.0188,0.1476,IncreaseQuarterPeriod,extended
6.15667,41,-5.70015,0.0191602,-7.92272,0.0,0.0,0.0,0.0,0.0,0.0,0.0,5.09766,5.61975,0.0188,0.1476,IncreaseQuarterPeriod,extended
6.30683,42,-5.31694,-0.479004,-6.67731,0.0,0.0,0.0,0.0,0.0,0.0,0.0,4.21875,2.10744,0.0188,0.1476,IncreaseQuarterPeriod,extended
6.45696,43,-5.93007,-0.689766,-7.7407,0.0,0.0,0.0,0.0,0.0,0.0,0.0,2.8125,-1.87334,0.0188,0.1476,IncreaseQuarterPeriod,extended
6.60711,44,-6.00671,-0.277822,-7.44372,0.0,0.0,0.0,0.0,0.0,0.0,0.0,0.878906,-5.62002,0.0188,0.1476,IncreaseQuarterPeriod,extended
6.75727,45,-6.35159,-0.182021,-7.56826,0.0,0.0,0.0,0.0,0.0,0.0,0.0,-0.878906,-8.66329,0.0188,0.1476,IncreaseQuarterPeriod,extended
6.90743,46,-6.24621,-0.172441,-7.43414,0.0,0.0,0.0,0.0,0.0,0.0,0.0,-2.63672,-10.3021,0.0188,0.1476,IncreaseQuarterPeriod,extended
7.05759,47,-5.93965,-0.210762,-7.30002,0.0,0.0,0.0,0.0,0.0,0.0,0.0,-3.86719,-10.7703,0.0188,0.1476,IncreaseQuarterPeriod,extended
7.20775,48,-6.09293,-0.182021,-7.49162,0.0,0.0,0.0,0.0,0.0,0.0,0.0,-4.57031,-9.83342,0.0188,0.1476,IncreaseQuarterPeriod,extended
7.3579,49,-6.26537,-0.201182,-7.47246,0.0,0.0,0.0,0.0,0.0,0.0,0.0,-4.74609,-7.49214,0.0188,0.1476,IncreaseQuarterPeriod,extended
7.50797,50,-6.15999,0.0479004,-6.96472,0.0,0.0,0.0,0.0,0.0,0.0,0.0,-4.04297,-4.21482,0.00674,0.13537,IncreaseQuarterPeriod,seated
7.65811,51,-8.21971,0.258662,-5.80553,0.0,0.0,0.0,0.0,0.0,0.0,0.0,-2.63672,0.0,0.00674,0.13537,IncreaseQuarterPeriod,seated
7.80826,52,1.56155,0.153281,-8.23887,0.0,0.0,0.0,0.0,0.0,0.0,0.0,-1.05469,3.74664,0.00674,0.13537,IncreaseQuarterPeriod,seated
7.95841,53,-1.59029,-0.411943,-9.84832,0.0,0.0,0.0,0.0,0.0,0.0,0.0,0.878906,7.25923,0.00674,0.13537,IncreaseQuarterPeriod,seated
8.10858,54,-1.50407,-0.507744,-9.89622,0.0,0.0,0.0,0.0,0.0,0.0,0.0,2.63672,9.83491,0.00674,0.13537,IncreaseQuarterPeriod,seated
8.25873,55,-1.36037,-0.287402,-9.69504,0.0,0.0,0.0,0.0,0.0,0.0,0.0,4.21875,11.0044,0.00674,0.13537,IncreaseQuarterPeriod,seated
8.40887,56,-1.62861,-0.239502,-9.49386,0.0,0.0,0.0,0.0,0.0,0.0,0.0,5.27344,10.5362,0.00674,0.13537,IncreaseQuarterPeriod,seated
8.55895,57,-0.507744,0.124541,-9.54176,0.0,0.0,0.0,0.0,0.0,0.0,0.0,5.625,8.89805,0.0188,0.1476,IncreaseQuarterPeriod,extended
8.7091,58,-4.98164,-0.737666,-7.63532,0.0,0.0,0.0,0.0,0.0,0.0,0.0,5.27344,5.85395,0.0188,0.1476,IncreaseQuarterPeriod,extended
8.85926,59,-7.73112,0.670605,-7.43414,0.0,0.0,0.0,0.0,0.0,0.0,0.0,4.39453,2.34162,0.0188,0.1476,IncreaseQuarterPeriod,extended
9.00941,60,-6.47613,-0.440684,-7.39582,0.0,0.0,0.0,0.0,0.0,0.0,0.0,2.8125,-1.87331,0.0188,0.1476,IncreaseQuarterPeriod,extended
9.15956,61,-6.24621,-0.249082,-7.61616,0.0,0.0,0.0,0.0,0.0,0.0,0.0,0.878906,-5.85402,0.0188,0.1476,IncreaseQuarterPeriod,extended
9.30971,62,-6.18873,-0.287402,-7.32876,0.0,0.0,0.0,0.0,0.0,0.0,0.0,-0.878906,-8.66308,0.0188,0.1476,IncreaseQuarterPeriod,extended
9.45988,63,-6.13125,-0.0383203,-7.4533,0.0,0.0,0.0,0.0,0.0,0.0,0.0,-2.63672,-10.536,0.0188,0.1476,IncreaseQuarterPeriod,extended
9.60996,64,-5.99713,-0.191602,-7.48204,0.0,0.0,0.0,0.0,0.0,0.0,0.0,-4.04297,-11.2394,0.0188,0.1476,IncreaseQuarterPeriod,extended
9.76012,65,-6.17915,-0.210762,-7.43414,0.0,0.0,0.0,0.0,0.0,0.0,0.0,-4.74609,-10.0686,0.0188,0.1476,IncreaseQuarterPeriod,extended
9.91027,66,-6.22705,-0.124541,-7.53952,0.0,0.0,0.0,0.0,0.0,0.0,0.0,-4.74609,-7.49291,0.0188,0.1476,IncreaseQuarterPeriod,extended
10.0603,67,-6.44739,0.0,-7.46288,0.0,0.0,0.0,0.0,0.0,0.0,0.0,-4.21875,-4.44939,0.00674,0.13537,IncreaseQuarterPeriod,seated
10.2105,68,-6.8785,-0.0191602,-7.57784,0.0,0.0,0.0,0.0,0.0,0.0,0.0,-2.8125,-0.234182,0.00674,0.13537,IncreaseQuarterPeriod,seated
10.3606,69,1.9256,0.421523,-8.00895,0.0,0.0,0.0,0.0,0.0,0.0,0.0,-1.05469,3.98073,0.00674,0.13537,IncreaseQuarterPeriod,seated
10.5108,70,-1.89686,-0.488584,-9.64714,0.0,0.0,0.0,0.0,0.0,0.0,0.0,0.703125,7.25895,0.00674,0.13537,IncreaseQuarterPeriod,seated
10.661,71,-1.80105,-0.479004,-9.96328,0.0,0.0,0.0,0.0,0.0,0.0,0.0,2.8125,10.0687,0.00674,0.13537,IncreaseQuarterPeriod,seated
10.8111,72,-1.52323,-0.201182,-9.58966,0.0,0.0,0.0,0.0,0.0,0.0,0.0,4.39453,11.4724,0.00674,0.13537,IncreaseQuarterPeriod,seated
10.9613,73,-1.62861,-0.172441,-9.26394,0.0,0.0,0.0,0.0,0.0,0.0,0.0,5.44922,11.0044,0.00674,0.13537,IncreaseQuarterPeriod,seated
11.153,74,-1.58071,-0.785566,-10.653,0.0,0.0,0.0,0.0,0.0,0.0,0.0,5.80078,8.65199,0.0188,0.1476,IncreaseQuarterPeriod,extended
11.3032,75,-2.7399,0.354463,-9.41722,0.0,0.0,0.0,0.0,0.0,0.0,0.0,5.27344,5.76795,0.0188,0.1476,IncreaseQuarterPeriod,extended
11.4533,76,-14.9353,-0.105381,-8.83283,0.0,0.0,0.0,0.0,0.0,0.0,0.0,4.21875,1.77479,0.0188,0.1476,IncreaseQuarterPeriod,extended
11.6035,77,-8.27719,-0.364043,-8.21013,0.0,0.0,0.0,0.0,0.0,0.0,0.0,2.63672,-2.21848,0.0188,0.1476,IncreaseQuarterPeriod,extended
11.7536,78,-7.60658,-0.0191602,-7.42456,0.0,0.0,0.0,0.0,0.0,0.0,0.0,0.351562,-6.43341,0.0188,0.1476,IncreaseQuarterPeriod,extended
11.9038,79,-6.01629,-0.105381,-7.17548,0.0,0.0,0.0,0.0,0.0,0.0,0.0,-1.40625,-9.59936,0.0188,0.1476,IncreaseQuarterPeriod,extended
12.054,80,-6.04503,-0.210762,-7.44372,0.0,0.0,0.0,0.0,0.0,0.0,0.0,-2.98828,-11.004,0.0188,0.1476,IncreaseQuarterPeriod,extended
12.2041,81,-6.34201,-0.134121,-7.44372,0.0,0.0,0.0,0.0,0.0,0.0,0.0,-4.39453,-11.4721,0.0188,0.1476,IncreaseQuarterPeriod,extended
12.3543,82,-6.28453,-0.201182,-7.44372,0.0,0.0,0.0,0.0,0.0,0.0,0.0,-4.92188,-10.0674,0.0188,0.1476,IncreaseQuarterPeriod,extended
12.5044,83,-5.98755,-0.182021,-7.25212,0.0,0.0,0.0,0.0,0.0,0.0,0.0,-4.74609,-6.78968,0.0188,0.1476,IncreaseQuarterPeriod,extended
12.6545,84,-7.05094,-0.354463,-7.5491,0.0,0.0,0.0,0.0,0.0,0.0,0.0,-4.04297,-3.5123,0.00674,0.13537,IncreaseQuarterPeriod,seated
12.8047,85,-5.21156,-0.488584,-8.36341,0.0,0.0,0.0,0.0,0.0,0.0,0.0,-2.46094,0.702478,0.00674,0.13537,IncreaseQuarterPeriod,seated
12.9548,86,0.910107,-0.277822,-11.0746,0.0,0.0,0.0,0.0,0.0,0.0,0.0,-0.703125,4.91742,0.00674,0.13537,IncreaseQuarterPeriod,seated
13.105,87,-2.95066,0.0479004,-10.3752,0.0,0.0,0.0,0.0,0.0,0.0,0.0,1.23047,8.19561,0.00674,0.13537,IncreaseQuarterPeriod,seated
13.2551,88,-1.60945,-0.344883,-9.81,0.0,0.0,0.0,0.0,0.0,0.0,0.0,3.33984,10.7712,0.00674,0.13537,IncreaseQuarterPeriod,seated
13.4053,89,-1.76273,-0.0958008,-9.32142,0.0,0.0,0.0,0.0,0.0,0.0,0.0,4.74609,11.7067,0.00674,0.13537,IncreaseQuarterPeriod,seated
13.5554,90,-1.82021,-0.287402,-9.45554,0.0,0.0,0.0,0.0,0.0,0.0,0.0,5.80078,11.0044,0.00674,0.13537,IncreaseQuarterPeriod,seated
13.7056,91,-1.72441,-0.325723,-9.65672,0.0,0.0,0.0,0.0,0.0,0.0,0.0,5.97656,8.89723,0.00674,0.13537,IncreaseQuarterPeriod,seated
13.8556,92,-1.88728,-0.948428,-8.77535,0.0,0.0,0.0,0.0,0.0,0.0,0.0,5.625,5.85413,0.0188,0.1476,IncreaseQuarterPeriod,extended
14.0058,93,-1.53281,-1.11129,-6.28453,0.0,0.0,0.0,0.0,0.0,0.0,0.0,4.21875,1.17086,0.0188,0.1476,IncreaseQuarterPeriod,extended
14.1559,94,-6.89766,0.162861,-7.34792,0.0,0.0,0.0,0.0,0.0,0.0,0.0,2.63672,-2.81002,0.0188,0.1476,IncreaseQuarterPeriod,extended
14.306,95,-6.20789,-0.325723,-7.0701,0.0,0.0,0.0,0.0,0.0,0.0,0.0,0.703125,-6.79194,0.0188,0.1476,IncreaseQuarterPeriod,extended
14.4561,96,-5.12534,-0.124541,-6.80186,0.0,0.0,0.0,0.0,0.0,0.0,0.0,-1.40625,-9.83651,0.0188,0.1476,IncreaseQuarterPeriod,extended
14.6063,97,-6.59109,-0.105381,-7.63532,0.0,0.0,0.0,0.0,0.0,0.0,0.0,-3.16406,-11.7086,0.0188,0.1476,IncreaseQuarterPeriod,extended
14.7564,98,-6.41865,-0.287402,-7.55868,0.0,0.0,0.0,0.0,0.0,0.0,0.0,-4.39453,-11.4744,0.0188,0.1476,IncreaseQuarterPeriod,extended
14.9066,99,-6.01629,-0.210762,-7.2617,0.0,0.0,0.0,0.0,0.0,0.0,0.0,-5.09766,-10.3034,0.0188,0.1476,IncreaseQuarterPeriod,extended
15.0567,100,-6.22705,-0.201182,-7.52994,0.0,0.0,0.0,0.0,0.0,0.0,0.0,-4.92188,-7.49219,0.0188,0.1476,IncreaseQuarterPeriod,extended
15.2068,101,-6.49529,-0.114961,-6.42823,0.0,0.0,0.0,0.0,0.0,0.0,0.0,-4.21875,-3.74652,0.00674,0.13537,IncreaseQuarterPeriod,seated
15.357,102,-4.25355,-0.191602,-7.6449,0.0,0.0,0.0,0.0,0.0,0.0,0.0,-2.63672,0.702485,0.00674,0.13537,IncreaseQuarterPeriod,seated
15.5071,103,0.699346,0.929268,-10.7393,0.0,0.0,0.0,0.0,0.0,0.0,0.0,-0.703125,4.91742,0.00674,0.13537,IncreaseQuarterPeriod,seated
15.6573,104,-1.83938,-0.373623,-9.84832,0.0,0.0,0.0,0.0,0.0,0.0,0.0,1.05469,8.19574,0.00674,0.13537,IncreaseQuarterPeriod,seated
15.8074,105,-2.60578,-0.402363,-9.97286,0.0,0.0,0.0,0.0,0.0,0.0,0.0,3.33984,11.0056,0.00674,0.13537,IncreaseQuarterPeriod,seated
15.9576,106,-1.60945,-0.258662,-9.40764,0.0,0.0,0.0,0.0,0.0,0.0,0.0,4.74609,11.9408,0.00674,0.13537,IncreaseQuarterPeriod,seated
16.1077,107,-1.55197,-0.105381,-9.10107,0.0,0.0,0.0,0.0,0.0,0.0,0.0,5.80078,11.2385,0.00674,0.13537,IncreaseQuarterPeriod,seated
16.2579,108,-1.68609,-0.287402,-9.64714,0.0,0.0,0.0,0.0,0.0,0.0,0.0,6.15234,9.13119,0.00674,0.13537,IncreaseQuarterPeriod,seated
16.408,109,-0.0766406,-0.249082,-9.93454,0.0,0.0,0.0,0.0,0.0,0.0,0.0,5.80078,6.32231,0.0188,0.1476,IncreaseQuarterPeriod,extended
16.5581,110,-6.65815,-0.795147,-8.17181,0.0,0.0,0.0,0.0,0.0,0.0,0.0,4.39453,1.40498,0.0188,0.1476,IncreaseQuarterPeriod,extended
16.7083,111,-6.51445,-0.0287402,-7.46288,0.0,0.0,0.0,0.0,0.0,0.0,0.0,2.8125,-2.57578,0.0188,0.1476,IncreaseQuarterPeriod,extended
16.8584,112,-5.87259,-0.182021,-7.70238,0.0,0.0,0.0,0.0,0.0,0.0,0.0,0.878906,-6.55649,0.0188,0.1476,IncreaseQuarterPeriod,extended
17.0086,113,-5.87259,-0.143701,-7.60658,0.0,0.0,0.0,0.0,0.0,0.0,0.0,-1.23047,-9.83471,0.0188,0.1476,IncreaseQuarterPeriod,extended
17.1587,114,-6.29411,-0.00958008,-7.51078,0.0,0.0,0.0,0.0,0.0,0.0,0.0,-2.98828,-11.7065,0.0188,0.1476,IncreaseQuarterPeriod,extended
17.3089,115,-6.15999,-0.210762,-7.4054,0.0,0.0,0.0,0.0,0.0,0.0,0.0,-4.39453,-11.7064,0.0188,0.1476,IncreaseQuarterPeriod,extended
17.4591,116,-6.18873,-0.229922,-7.46288,0.0,0.0,0.0,0.0,0.0,0.0,0.0,-5.09766,-10.5358,0.0188,0.1476,IncreaseQuarterPeriod,extended
17.6092,117,-6.13125,-0.114961,-7.5012,0.0,0.0,0.0,0.0,0.0,0.0,0.0,-5.09766,-7.96044,0.0188,0.1476,IncreaseQuarterPeriod,extended
17.7593,118,-6.61025,-0.335303,-7.28086,0.0,0.0,0.0,0.0,0.0,0.0,0.0,-4.21875,-3.98062,0.00674,0.13537,IncreaseQuarterPeriod,seated
17.9094,119,-6.42823,-0.00958008,-7.51078,0.0,0.0,0.0,0.0,0.0,0.0,0.0,-2.8125,0.234159,0.00674,0.13537,IncreaseQuarterPeriod,seated
18.0596,120,3.57337,-1.01549,-7.65448,0.0,0.0,0.0,0.0,0.0,0.0,0.0,-0.878906,4.68321,0.00674,0.13537,IncreaseQuarterPeriod,seated
18.2097,121,-1.45617,-0.364043,-9.63756,0.0,0.0,0.0,0.0,0.0,0.0,0.0,1.05469,8.19569,0.00674,0.13537,IncreaseQuarterPeriod,seated
18.3599,122,-1.42743,-0.488584,-9.63756,0.0,0.0,0.0,0.0,0.0,0.0,0.0,3.33984,11.2396,0.00674,0.13537,IncreaseQuarterPeriod,seated
18.51,123,-1.77231,-0.249082,-9.7142,0.0,0.0,0.0,0.0,0.0,0.0,0.0,4.92188,12.1764,0.00674,0.13537,IncreaseQuarterPeriod,seated
18.6601,124,-1.70525,-0.220342,-9.4747,0.0,0.0,0.0,0.0,0.0,0.0,0.0,5.97656,11.7086,0.00674,0.13537,IncreaseQuarterPeriod,seated
18.8102,125,-1.67651,-0.268242,-9.51302,0.0,0.0,0.0,0.0,0.0,0.0,0.0,6.15234,9.36692,0.00674,0.13537,IncreaseQuarterPeriod,seated
18.9603,126,-1.43701,-0.555645,-8.09517,0.0,0.0,0.0,0.0,0.0,0.0,0.0,5.80078,6.32332,0.0188,0.1476,IncreaseQuarterPeriod,extended
19.1105,127,-1.04423,-1.36037,-6.41865,0.0,0.0,0.0,0.0,0.0,0.0,0.0,4.39453,1.4052,0.0188,0.1476,IncreaseQuarterPeriod,extended
19.2606,128,-2.20342,-0.210762,-6.04503,0.0,0.0,0.0,0.0,0.0,0.0,0.0,2.98828,-2.57593,0.0188,0.1476,IncreaseQuarterPeriod,extended
19.4108,129,-4.96248,-0.239502,-6.75396,0.0,0.0,0.0,0.0,0.0,0.0,0.0,0.878906,-6.7908,0.0188,0.1476,IncreaseQuarterPeriod,extended
19.5609,130,-5.57561,-0.134121,-7.03178,0.0,0.0,0.0,0.0,0.0,0.0,0.0,-1.23047,-9.83489,0.0188,0.1476,IncreaseQuarterPeriod,extended
19.7111,131,-6.43781,-0.143701,-7.5491,0.0,0.0,0.0,0.0,0.0,0.0,0.0,-3.16406,-11.9408,0.0188,0.1476,IncreaseQuarterPeriod,extended
19.8612,132,-6.30369,-0.277822,-7.57784,0.0,0.0,0.0,0.0,0.0,0.0,0.0,-4.57031,-11.9408,0.0188,0.1476,IncreaseQuarterPeriod,extended
20.0114,133,-5.96839,-0.220342,-7.3096,0.0,0.0,0.0,0.0,0.0,0.0,0.0,-5.27344,-11.0041,0.0188,0.1476,IncreaseQuarterPeriod,extended
20.1615,134,-6.36117,-0.153281,-7.24254,0.0,0.0,0.0,0.0,0.0,0.0,0.0,-5.27344,-8.19458,0.0188,0.1476,IncreaseQuarterPeriod,extended
20.3116,135,-6.61983,0.143701,-6.9743,0.0,0.0,0.0,0.0,0.0,0.0,0.0,-4.57031,-4.44898,0.00674,0.13537,IncreaseQuarterPeriod,seated
20.4618,136,-6.65815,-0.421523,-6.07377,0.0,0.0,0.0,0.0,0.0,0.0,0.0,-3.16406,0.0,0.00674,0.13537,IncreaseQuarterPeriod,seated
20.6119,137,-0.325723,-0.910107,-8.32509,0.0,0.0,0.0,0.0,0.0,0.0,0.0,-0.878906,4.91736,0.00674,0.13537,IncreaseQuarterPeriod,seated
20.7621,138,-3.13269,-0.364043,-10.1261,0.0,0.0,0.0,0.0,0.0,0.0,0.0,0.878906,8.19569,0.00674,0.13537,IncreaseQuarterPeriod,seated
20.9122,139,-2.2609,-0.325723,-10.107,0.0,0.0,0.0,0.0,0.0,0.0,0.0,3.33984,11.4738,0.00674,0.13537,IncreaseQuarterPeriod,seated
21.0624,140,-1.59987,-0.249082,-9.30226,0.0,0.0,0.0,0.0,0.0,0.0,0.0,4.92188,12.6433,0.00674,0.13537,IncreaseQuarterPeriod,seated
21.2125,141,-1.60945,-0.191602,-9.55134,0.0,0.0,0.0,0.0,0.0,0.0,0.0,5.97656,12.1754,0.00674,0.13537,IncreaseQuarterPeriod,seated
21.3626,142,-1.99266,-0.105381,-7.86524,0.0,0.0,0.0,0.0,0.0,0.0,0.0,6.50391,9.83508,0.0188,0.1476,IncreaseQuarterPeriod,extended
21.5127,143,-0.958008,-0.833467,-7.53952,0.0,0.0,0.0,0.0,0.0,0.0,0.0,5.80078,6.55666,0.0188,0.1476,IncreaseQuarterPeriod,extended
21.6629,144,-8.44005,-0.411943,-6.98388,0.0,0.0,0.0,0.0,0.0,0.0,0.0,4.74609,1.87335,0.0188,0.1476,IncreaseQuarterPeriod,extended
21.813,145,-5.67141,-0.603545,-7.55868,0.0,0.0,0.0,0.0,0.0,0.0,0.0,2.98828,-2.57588,0.0188,0.1476,IncreaseQuarterPeriod,extended
21.9632,146,-5.97797,-0.0287402,-7.3096,0.0,0.0,0.0,0.0,0.0,0.0,0.0,0.703125,-7.02489,0.0188,0.1476,IncreaseQuarterPeriod,extended
22.1133,147,-6.49529,-0.0862207,-7.58742,0.0,0.0,0.0,0.0,0.0,0.0,0.0,-1.23047,-10.3022,0.0188,0.1476,IncreaseQuarterPeriod,extended
22.2635,148,-6.21747,-0.153281,-7.44372,0.0,0.0,0.0,0.0,0.0,0.0,0.0,-3.16406,-11.9409,0.0188,0.1476,IncreaseQuarterPeriod,extended
22.4136,149,-5.96839,-0.172441,-7.24254,0.0,0.0,0.0,0.0,0.0,0.0,0.0,-4.74609,-12.6434,0.0188,0.1476,IncreaseQuarterPeriod,extended
22.5638,150,-6.09293,-0.220342,-7.62574,0.0,0.0,0.0,0.0,0.0,0.0,0.0,-5.44922,-11.2384,0.0188,0.1476,IncreaseQuarterPeriod,extended
22.714,151,-6.27495,-0.153281,-7.4054,0.0,0.0,0.0,0.0,0.0,0.0,0.0,-5.44922,-8.19461,0.0188,0.1476,IncreaseQuarterPeriod,extended
22.864,152,-6.91682,-0.670605,-7.17548,0.0,0.0,0.0,0.0,0.0,0.0,0.0,-4.74609,-4.68311,0.00674,0.13537,IncreaseQuarterPeriod,seated
23.0142,153,-9.19688,-0.239502,-7.52994,0.0,0.0,0.0,0.0,0.0,0.0,0.0,-2.8125,0.468321,0.00674,0.13537,IncreaseQuarterPeriod,seated
23.1643,154,-0.0479004,-0.574805,-6.37075,0.0,0.0,0.0,0.0,0.0,0.0,0.0,-1.05469,4.91749,0.00674,0.13537,IncreaseQuarterPeriod,seated
23.3145,155,-2.0693,-0.210762,-9.6663,0.0,0.0,0.0,0.0,0.0,0.0,0.0,0.878906,8.42998,0.00674,0.13537,IncreaseQuarterPeriod,seated
23.4646,156,-1.82021,-0.354463,-9.73336,0.0,0.0,0.0,0.0,0.0,0.0,0.0,3.16406,11.4741,0.00674,0.13537,IncreaseQuarterPeriod,seated
23.6148,157,-1.66693,-0.296982,-9.69504,0.0,0.0,0.0,0.0,0.0,0.0,0.0,4.92188,12.8777,0.00674,0.13537,IncreaseQuarterPeriod,seated
23.765,158,-1.62861,-0.239502,-9.35974,0.0,0.0,0.0,0.0,0.0,0.0,0.0,6.15234,11.941,0.00674,0.13537,IncreaseQuarterPeriod,seated
23.9151,159,-1.67651,-0.325723,-9.5705,0.0,0.0,0.0,0.0,0.0,0.0,0.0,6.50391,10.0679,0.00674,0.13537,IncreaseQuarterPeriod,seated
24.0651,160,-1.19751,-0.421523,-8.60291,0.0,0.0,0.0,0.0,0.0,0.0,0.0,6.15234,7.0249,0.0188,0.1476,IncreaseQuarterPeriod,extended
24.2153,161,-1.25499,-0.210762,-6.54319,0.0,0.0,0.0,0.0,0.0,0.0,0.0,4.74609,2.10751,0.0188,0.1476,IncreaseQuarterPeriod,extended
24.3654,162,-6.95514,0.555645,-8.01853,0.0,0.0,0.0,0.0,0.0,0.0,0.0,3.16406,-2.3417,0.0188,0.1476,IncreaseQuarterPeriod,extended
24.5156,163,-5.77679,-0.220342,-7.55868,0.0,0.0,0.0,0.0,0.0,0.0,0.0,1.05469,-6.79099,0.0188,0.1476,IncreaseQuarterPeriod,extended
24.6658,164,-5.87259,-0.0383203,-7.85566,0.0,0.0,0.0,0.0,0.0,0.0,0.0,-1.58203,-10.7716,0.0188,0.1476,IncreaseQuarterPeriod,extended
24.8159,165,-6.28453,-0.114961,-7.77902,0.0,0.0,0.0,0.0,0.0,0.0,0.0,-3.16406,-12.4096,0.0188,0.1476,IncreaseQuarterPeriod,extended
24.966,166,-6.42823,-0.220342,-7.51078,0.0,0.0,0.0,0.0,0.0,0.0,0.0,-4.74609,-12.6437,0.0188,0.1476,IncreaseQuarterPeriod,extended
25.1162,167,-6.16957,-0.191602,-7.42456,0.0,0.0,0.0,0.0,0.0,0.0,0.0,-5.625,-11.7069,0.0188,0.1476,IncreaseQuarterPeriod,extended
25.2664,168,-6.09293,-0.143701,-7.36708,0.0,0.0,0.0,0.0,0.0,0.0,0.0,-5.44922,-8.6631,0.0188,0.1476,IncreaseQuarterPeriod,extended
25.4164,169,-6.85934,-0.325723,-7.06052,0.0,0.0,0.0,0.0,0.0,0.0,0.0,-4.74609,-4.21494,0.00674,0.13537,IncreaseQuarterPeriod,seated
25.5666,170,-5.89175,0.134121,-8.27719,0.0,0.0,0.0,0.0,0.0,0.0,0.0,-3.33984,-0.23416,0.00674,0.13537,IncreaseQuarterPeriod,seated
25.7167,171,-0.661025,-0.0862207,-9.91538,0.0,0.0,0.0,0.0,0.0,0.0,0.0,-1.23047,4.68322,0.00674,0.13537,IncreaseQuarterPeriod,seated
25.8669,172,-0.929268,-0.392783,-9.55134,0.0,0.0,0.0,0.0,0.0,0.0,0.0,0.878906,8.66395,0.00674,0.13537,IncreaseQuarterPeriod,seated
26.017,173,-2.17468,-0.421523,-9.8579,0.0,0.0,0.0,0.0,0.0,0.0,0.0,3.16406,11.475,0.00674,0.13537,IncreaseQuarterPeriod,seated
26.1671,174,-1.66693,-0.220342,-9.58966,0.0,0.0,0.0,0.0,0.0,0.0,0.0,4.92188,12.8787,0.00674,0.13537,IncreaseQuarterPeriod,seated
26.3173,175,-1.69567,-0.249082,-9.39806,0.0,0.0,0.0,0.0,0.0,0.0,0.0,6.15234,12.6446,0.00674,0.13537,IncreaseQuarterPeriod,seated
26.4673,176,-0.747246,-0.316143,-8.11433,0.0,0.0,0.0,0.0,0.0,0.0,0.0,6.67969,10.5383,0.0188,0.1476,IncreaseQuarterPeriod,extended
26.6175,177,-0.536484,-1.19751,-5.3361,0.0,0.0,0.0,0.0,0.0,0.0,0.0,5.97656,6.79137,0.0188,0.1476,IncreaseQuarterPeriod,extended
26.7677,178,-1.34121,-0.325723,-5.64267,0.0,0.0,0.0,0.0,0.0,0.0,0.0,4.92188,2.34165,0.0188,0.1476,IncreaseQuarterPeriod,extended
26.9178,179,-5.78637,-0.229922,-6.93598,0.0,0.0,0.0,0.0,0.0,0.0,0.0,2.98828,-2.5758,0.0188,0.1476,IncreaseQuarterPeriod,extended
27.0679,180,-5.11576,-0.0958008,-6.94556,0.0,0.0,0.0,0.0,0.0,0.0,0.0,0.878906,-7.02501,0.0188,0.1476,IncreaseQuarterPeriod,extended
27.218,181,-6.09293,-0.182021,-7.63532,0.0,0.0,0.0,0.0,0.0,0.0,0.0,-1.23047,-10.5382,0.0188,0.1476,IncreaseQuarterPeriod,extended
27.3681,182,-6.39949,-0.220342,-7.41498,0.0,0.0,0.0,0.0,0.0,0.0,0.0,-3.16406,-12.1774,0.0188,0.1476,IncreaseQuarterPeriod,extended
27.5183,183,-6.22705,-0.172441,-7.29044,0.0,0.0,0.0,0.0,0.0,0.0,0.0,-4.92188,-13.1141,0.0188,0.1476,IncreaseQuarterPeriod,extended
27.6684,184,-6.24621,-0.172441,-7.51078,0.0,0.0,0.0,0.0,0.0,0.0,0.0,-5.625,-11.4748,0.0188,0.1476,IncreaseQuarterPeriod,extended
27.8186,185,-6.25579,-0.182021,-7.32876,0.0,0.0,0.0,0.0,0.0,0.0,0.0,-5.625,-8.66439,0.0188,0.1476,IncreaseQuarterPeriod,extended
27.9687,186,-6.96472,-0.124541,-7.12758,0.0,0.0,0.0,0.0,0.0,0.0,0.0,-4.92188,-4.91729,0.00674,0.13537,IncreaseQuarterPeriod,seated
28.1188,187,-6.31327,0.172441,-7.81734,0.0,0.0,0.0,0.0,0.0,0.0,0.0,-3.33984,-0.23416,0.00674,0.13537,IncreaseQuarterPeriod,seated
28.269,188,4.18649,-0.900527,-9.35016,0.0,0.0,0.0,0.0,0.0,0.0,0.0,-1.23047,4.91733,0.00674,0.13537,IncreaseQuarterPeriod,seated
28.4191,189,-1.8298,-0.114961,-10.3656,0.0,0.0,0.0,0.0,0.0,0.0,0.0,0.878906,8.664,0.00674,0.13537,IncreaseQuarterPeriod,seated
28.5693,190,-1.59029,-0.498164,-9.72378,0.0,0.0,0.0,0.0,0.0,0.0,0.0,3.16406,11.7079,0.00674,0.13537,IncreaseQuarterPeriod,seated
28.7194,191,-1.67651,-0.229922,-9.38848,0.0,0.0,0.0,0.0,0.0,0.0,0.0,5.09766,13.3455,0.00674,0.13537,IncreaseQuarterPeriod,seated
28.8696,192,-1.68609,-0.229922,-9.48428,0.0,0.0,0.0,0.0,0.0,0.0,0.0,6.32812,12.8773,0.00674,0.13537,IncreaseQuarterPeriod,seated
29.0197,193,-1.50407,-0.0383203,-9.01485,0.0,0.0,0.0,0.0,0.0,0.0,0.0,6.85547,10.7714,0.0188,0.1476,IncreaseQuarterPeriod,extended
29.1698,194,-1.86812,-0.852627,-6.59109,0.0,0.0,0.0,0.0,0.0,0.0,0.0,6.32812,7.25885,0.0188,0.1476,IncreaseQuarterPeriod,extended
29.32,195,-4.91458,0.421523,-6.09293,0.0,0.0,0.0,0.0,0.0,0.0,0.0,5.27344,2.80996,0.0188,0.1476,IncreaseQuarterPeriod,extended
29.4701,196,-5.98755,-0.555645,-7.597,0.0,0.0,0.0,0.0,0.0,0.0,0.0,3.33984,-2.34165,0.0188,0.1476,IncreaseQuarterPeriod,extended
29.6203,197,-5.1924,-0.00958008,-7.00304,0.0,0.0,0.0,0.0,0.0,0.0,0.0,0.878906,-7.25905,0.0188,0.1476,IncreaseQuarterPeriod,extended
29.7704,198,-6.74438,-0.153281,-7.55868,0.0,0.0,0.0,0.0,0.0,0.0,0.0,-1.40625,-11.0045,0.0188,0.1476,IncreaseQuarterPeriod,extended
29.9206,199,-6.20789,-0.162861,-7.63532,0.0,0.0,0.0,0.0,0.0,0.0,0.0,-3.33984,-12.8777,0.0188,0.1476,IncreaseQuarterPeriod,extended
30.0707,200,-6.03545,-0.143701,-7.39582,0.0,0.0,0.0,0.0,0.0,0.0,0.0,-4.92188,-13.58,0.0188,0.1476,IncreaseQuarterPeriod,extended
30.2209,201,-6.32285,-0.210762,-7.43414,0.0,0.0,0.0,0.0,0.0,0.0,0.0,-5.80078,-12.1752,0.0188,0.1476,IncreaseQuarterPeriod,extended
30.371,202,-5.95881,-0.124541,-7.17548,0.0,0.0,0.0,0.0,0.0,0.0,0.0,-5.80078,-8.89722,0.0188,0.1476,IncreaseQuarterPeriod,extended
30.5211,203,-6.62941,-0.220342,-7.27128,0.0,0.0,0.0,0.0,0.0,0.0,0.0,-5.09766,-4.9174,0.00674,0.13537,IncreaseQuarterPeriod,seated
30.6712,204,-6.46655,0.507744,-8.00895,0.0,0.0,0.0,0.0,0.0,0.0,0.0,-3.51562,-0.234162,0.00674,0.13537,IncreaseQuarterPeriod,seated
30.8214,205,-1.03465,-0.498164,-9.54176,0.0,0.0,0.0,0.0,0.0,0.0,0.0,-1.40625,4.68321,0.00674,0.13537,IncreaseQuarterPeriod,seated
30.9716,206,-1.91602,-0.383203,-9.58966,0.0,0.0,0.0,0.0,0.0,0.0,0.0,0.878906,8.89812,0.00674,0.13537,IncreaseQuarterPeriod,seated
31.1217,207,-1.04423,-0.335303,-9.5705,0.0,0.0,0.0,0.0,0.0,0.0,0.0,4.04297,13.1127,0.00674,0.13537,IncreaseQuarterPeriod,seated
31.2718,208,-1.41785,-0.210762,-9.4268,0.0,0.0,0.0,0.0,0.0,0.0,0.0,5.09766,13.5804,0.00674,0.13537,IncreaseQuarterPeriod,seated
31.422,209,-1.64777,-0.277822,-9.49386,0.0,0.0,0.0,0.0,0.0,0.0,0.0,6.50391,13.3467,0.00674,0.13537,IncreaseQuarterPeriod,seated
31.572,210,-0.661025,-1.08255,-8.79451,0.0,0.0,0.0,0.0,0.0,0.0,0.0,7.03125,11.2406,0.0188,0.1476,IncreaseQuarterPeriod,extended
31.7222,211,-5.68099,-0.708926,-7.65448,0.0,0.0,0.0,0.0,0.0,0.0,0.0,6.32812,7.25953,0.0188,0.1476,IncreaseQuarterPeriod,extended
31.8723,212,-7.28086,-0.143701,-7.82692,0.0,0.0,0.0,0.0,0.0,0.0,0.0,5.27344,1.63929,0.0188,0.1476,IncreaseQuarterPeriod,extended
32.0225,213,-6.10251,-0.296982,-7.86524,0.0,0.0,0.0,0.0,0.0,0.0,0.0,3.33984,-2.34169,0.0188,0.1476,IncreaseQuarterPeriod,extended
32.1726,214,-5.89175,-0.0383203,-7.36708,0.0,0.0,0.0,0.0,0.0,0.0,0.0,1.05469,-7.25903,0.0188,0.1476,IncreaseQuarterPeriod,extended
32.3228,215,-6.40907,-0.0287402,-7.5012,0.0,0.0,0.0,0.0,0.0,0.0,0.0,-1.23047,-11.0044,0.0188,0.1476,IncreaseQuarterPeriod,extended
32.473,216,-6.20789,-0.172441,-7.42456,0.0,0.0,0.0,0.0,0.0,0.0,0.0,-3.33984,-12.8773,0.0188,0.1476,IncreaseQuarterPeriod,extended
32.6231,217,-5.99713,-0.239502,-7.43414,0.0,0.0,0.0,0.0,0.0,0.0,0.0,-5.09766,-13.8138,0.0188,0.1476,IncreaseQuarterPeriod,extended
32.7733,218,-6.13125,-0.134121,-7.51078,0.0,0.0,0.0,0.0,0.0,0.0,0.0,-5.80078,-12.1747,0.0188,0.1476,IncreaseQuarterPeriod,extended
32.9234,219,-6.11209,-0.162861,-7.4533,0.0,0.0,0.0,0.0,0.0,0.0,0.0,-5.97656,-9.3651,0.0188,0.1476,IncreaseQuarterPeriod,extended
33.0735,220,-6.8306,-0.220342,-7.47246,0.0,0.0,0.0,0.0,0.0,0.0,0.0,-5.09766,-5.15135,0.00674,0.13537,IncreaseQuarterPeriod,seated
33.2237,221,-6.12167,-0.584385,-8.03769,0.0,0.0,0.0,0.0,0.0,0.0,0.0,-3.51562,-0.23416,0.00674,0.13537,IncreaseQuarterPeriod,seated
33.3738,222,0.411943,-0.450264,-9.35974,0.0,0.0,0.0,0.0,0.0,0.0,0.0,-1.40625,4.91738,0.00674,0.13537,IncreaseQuarterPeriod,seated
33.524,223,-2.2609,-0.804727,-9.4268,0.0,0.0,0.0,0.0,0.0,0.0,0.0,0.878906,8.89813,0.00674,0.13537,IncreaseQuarterPeriod,seated
33.6741,224,-1.65735,-0.651445,-9.91538,0.0,0.0,0.0,0.0,0.0,0.0,0.0,3.51562,12.6447,0.00674,0.13537,IncreaseQuarterPeriod,seated
33.8243,225,-1.66693,-0.229922,-9.9058,0.0,0.0,0.0,0.0,0.0,0.0,0.0,5.27344,13.8141,0.00674,0.13537,IncreaseQuarterPeriod,seated
33.9744,226,-1.63819,-0.210762,-9.2352,0.0,0.0,0.0,0.0,0.0,0.0,0.0,6.50391,13.3459,0.00674,0.13537,IncreaseQuarterPeriod,seated
34.1245,227,-1.73399,-0.747246,-9.88664,0.0,0.0,0.0,0.0,0.0,0.0,0.0,7.03125,11.2398,0.0188,0.1476,IncreaseQuarterPeriod,extended
34.2746,228,-5.0008,-0.651445,-7.61616,0.0,0.0,0.0,0.0,0.0,0.0,0.0,6.50391,7.49327,0.0188,0.1476,IncreaseQuarterPeriod,extended
34.4248,229,-4.54096,-0.0383203,-6.98388,0.0,0.0,0.0,0.0,0.0,0.0,0.0,5.44922,2.57581,0.0188,0.1476,IncreaseQuarterPeriod,extended
34.575,230,-5.95881,-0.143701,-7.7886,0.0,0.0,0.0,0.0,0.0,0.0,0.0,3.51562,-2.34162,0.0188,0.1476,IncreaseQuarterPeriod,extended
34.7251,231,-5.99713,-0.153281,-7.39582,0.0,0.0,0.0,0.0,0.0,0.0,0.0,1.23047,-7.02476,0.0188,0.1476,IncreaseQuarterPeriod,extended
34.8753,232,-6.39949,-0.153281,-7.43414,0.0,0.0,0.0,0.0,0.0,0.0,0.0,-1.23047,-11.0042,0.0188,0.1476,IncreaseQuarterPeriod,extended
35.0254,233,-6.16957,-0.229922,-7.52036,0.0,0.0,0.0,0.0,0.0,0.0,0.0,-3.33984,-13.1111,0.0188,0.1476,IncreaseQuarterPeriod,extended
35.1756,234,-6.09293,-0.105381,-7.39582,0.0,0.0,0.0,0.0,0.0,0.0,0.0,-5.09766,-14.0475,0.0188,0.1476,IncreaseQuarterPeriod,extended
35.3258,235,-6.18873,-0.201182,-7.44372,0.0,0.0,0.0,0.0,0.0,0.0,0.0,-5.97656,-12.6428,0.0188,0.1476,IncreaseQuarterPeriod,extended
35.4759,236,-6.12167,-0.0958008,-7.4533,0.0,0.0,0.0,0.0,0.0,0.0,0.0,-6.15234,-9.83337,0.0188,0.1476,IncreaseQuarterPeriod,extended
35.626,237,-5.88217,-0.0766406,-7.2617,0.0,0.0,0.0,0.0,0.0,0.0,0.0,-5.27344,-5.38565,0.00674,0.13537,IncreaseQuarterPeriod,seated
35.7761,238,-6.75396,0.411943,-7.44372,0.0,0.0,0.0,0.0,0.0,0.0,0.0,-3.69141,-0.468323,0.00674,0.13537,IncreaseQuarterPeriod,seated
35.9263,239,3.12311,0.134121,-9.73336,0.0,0.0,0.0,0.0,0.0,0.0,0.0,-1.40625,4.91743,0.00674,0.13537,IncreaseQuarterPeriod,seated
36.0764,240,-1.36995,-0.613125,-9.56092,0.0,0.0,0.0,0.0,0.0,0.0,0.0,0.703125,8.89827,0.00674,0.13537,IncreaseQuarterPeriod,seated
36.2266,241,-1.83938,-0.498164,-9.6663,0.0,0.0,0.0,0.0,0.0,0.0,0.0,3.51562,12.8788,0.00674,0.13537,IncreaseQuarterPeriod,seated
36.3767,242,-1.51365,-0.134121,-9.49386,0.0,0.0,0.0,0.0,0.0,0.0,0.0,5.44922,14.2822,0.00674,0.13537,IncreaseQuarterPeriod,seated
36.5269,243,-1.64777,-0.258662,-9.43638,0.0,0.0,0.0,0.0,0.0,0.0,0.0,6.67969,13.8141,0.00674,0.13537,IncreaseQuarterPeriod,seated
36.6769,244,-0.191602,-0.0479004,-9.62798,0.0,0.0,0.0,0.0,0.0,0.0,0.0,7.20703,11.4741,0.0188,0.1476,IncreaseQuarterPeriod,extended
36.8271,245,-8.60291,0.296982,-8.45921,0.0,0.0,0.0,0.0,0.0,0.0,0.0,6.67969,7.96167,0.0188,0.1476,IncreaseQuarterPeriod,extended
36.9772,246,-3.30513,-0.143701,-5.13492,0.0,0.0,0.0,0.0,0.0,0.0,0.0,5.625,2.81004,0.0188,0.1476,IncreaseQuarterPeriod,extended
37.1274,247,-5.71931,-0.239502,-7.67364,0.0,0.0,0.0,0.0,0.0,0.0,0.0,3.69141,-2.34166,0.0188,0.1476,IncreaseQuarterPeriod,extended
37.2776,248,-5.40316,-0.0383203,-6.98388,0.0,0.0,0.0,0.0,0.0,0.0,0.0,1.23047,-7.25908,0.0188,0.1476,IncreaseQuarterPeriod,extended
37.4277,249,-6.41865,-0.239502,-7.61616,0.0,0.0,0.0,0.0,0.0,0.0,0.0,-1.23047,-11.2385,0.0188,0.1476,IncreaseQuarterPeriod,extended
37.5779,250,-6.13125,-0.153281,-7.39582,0.0,0.0,0.0,0.0,0.0,0.0,0.0,-3.51562,-13.5796,0.0188,0.1476,IncreaseQuarterPeriod,extended
37.728,251,-6.02587,-0.172441,-7.5012,0.0,0.0,0.0,0.0,0.0,0.0,0.0,-5.27344,-14.5161,0.0188,0.1476,IncreaseQuarterPeriod,extended
37.8782,252,-6.32285,-0.201182,-7.55868,0.0,0.0,0.0,0.0,0.0,0.0,0.0,-6.15234,-13.1113,0.0188,0.1476,IncreaseQuarterPeriod,extended
38.0283,253,-5.94923,-0.124541,-7.24254,0.0,0.0,0.0,0.0,0.0,0.0,0.0,-6.32812,-10.0676,0.0188,0.1476,IncreaseQuarterPeriod,extended
38.1784,254,-7.08926,0.124541,-7.2138,0.0,0.0,0.0,0.0,0.0,0.0,0.0,-5.44922,-5.61972,0.00674,0.13537,IncreaseQuarterPeriod,seated
38.3286,255,-7.19464,-0.229922,-7.47246,0.0,0.0,0.0,0.0,0.0,0.0,0.0,-3.69141,-0.234157,0.00674,0.13537,IncreaseQuarterPeriod,seated
38.4787,256,3.26681,-0.459844,-11.2279,0.0,0.0,0.0,0.0,0.0,0.0,0.0,-1.58203,4.91736,0.00674,0.13537,IncreaseQuarterPeriod,seated
38.6289,257,-2.92192,-0.220342,-9.9058,0.0,0.0,0.0,0.0,0.0,0.0,0.0,0.703125,9.13235,0.00674,0.13537,IncreaseQuarterPeriod,seated
38.779,258,-1.91602,-0.689766,-9.93454,0.0,0.0,0.0,0.0,0.0,0.0,0.0,3.69141,13.3471,0.00674,0.13537,IncreaseQuarterPeriod,seated
38.9292,259,-1.28373,-0.210762,-10.0399,0.0,0.0,0.0,0.0,0.0,0.0,0.0,6.15234,15.4532,0.00674,0.13537,IncreaseQuarterPeriod,seated
39.0793,260,-1.66693,-0.354463,-9.84832,0.0,0.0,0.0,0.0,0.0,0.0,0.0,6.85547,14.0498,0.00674,0.13537,IncreaseQuarterPeriod,seated
39.2294,261,-1.39869,-0.335303,-9.58966,0.0,0.0,0.0,0.0,0.0,0.0,0.0,7.38281,11.9421,0.00674,0.13537,IncreaseQuarterPeriod,seated
39.3795,262,-0.498164,-0.708926,-9.32142,0.0,0.0,0.0,0.0,0.0,0.0,0.0,7.03125,8.43057,0.0188,0.1476,IncreaseQuarterPeriod,extended
39.5296,263,-4.40684,-0.938848,-7.57784,0.0,0.0,0.0,0.0,0.0,0.0,0.0,5.44922,2.34186,0.0188,0.1476,IncreaseQuarterPeriod,extended
39.6798,264,-8.00895,0.249082,-8.43047,0.0,0.0,0.0,0.0,0.0,0.0,0.0,3.69141,-3.27861,0.0188,0.1476,IncreaseQuarterPeriod,extended
39.8299,265,-7.08926,-0.172441,-7.90356,0.0,0.0,0.0,0.0,0.0,0.0,0.0,1.40625,-7.25905,0.0188,0.1476,IncreaseQuarterPeriod,extended
39.9801,266,-5.84385,-0.153281,-7.25212,0.0,0.0,0.0,0.0,0.0,0.0,0.0,-1.23047,-11.4741,0.0188,0.1476,IncreaseQuarterPeriod,extended
40.1302,267,-6.30369,-0.296982,-7.3575,0.0,0.0,0.0,0.0,0.0,0.0,0.0,-3.51562,-14.0481,0.0188,0.1476,IncreaseQuarterPeriod,extended
40.2804,268,-6.34201,-0.239502,-7.55868,0.0,0.0,0.0,0.0,0.0,0.0,0.0,-5.27344,-14.2823,0.0188,0.1476,IncreaseQuarterPeriod,extended
40.4306,269,-5.93965,-0.191602,-7.43414,0.0,0.0,0.0,0.0,0.0,0.0,0.0,-6.32812,-13.3454,0.0188,0.1476,IncreaseQuarterPeriod,extended
40.5807,270,-6.16957,-0.153281,-7.47246,0.0,0.0,0.0,0.0,0.0,0.0,0.0,-6.32812,-10.3021,0.0188,0.1476,IncreaseQuarterPeriod,extended
40.8228,271,-6.71563,0.114961,-7.39582,0.0,0.0,0.0,0.0,0.0,0.0,0.0,-4.74609,-4.17183,0.00674,0.13537,IncreaseQuarterPeriod,seated
40.973,272,-7.10842,0.383203,-7.67364,0.0,0.0,0.0,0.0,0.0,0.0,0.0,-2.8125,0.834369,0.00674,0.13537,IncreaseQuarterPeriod,seated
41.1231,273,2.1651,-0.124541,-9.6663,0.0,0.0,0.0,0.0,0.0,0.0,0.0,-0.175781,6.04917,0.00674,0.13537,IncreaseQuarterPeriod,seated
41.2733,274,-2.89318,-0.450264,-10.289,0.0,0.0,0.0,0.0,0.0,0.0,0.0,2.28516,10.2211,0.00674,0.13537,IncreaseQuarterPeriod,seated
41.4234,275,-1.65735,-0.526904,-9.91538,0.0,0.0,0.0,0.0,0.0,0.0,0.0,5.97656,14.6009,0.00674,0.13537,IncreaseQuarterPeriod,seated
41.5735,276,-1.57113,-0.249082,-9.55134,0.0,0.0,0.0,0.0,0.0,0.0,0.0,6.32812,14.7517,0.00674,0.13537,IncreaseQuarterPeriod,seated
41.7237,277,-1.58071,-0.191602,-9.4268,0.0,0.0,0.0,0.0,0.0,0.0,0.0,7.38281,13.5811,0.00674,0.13537,IncreaseQuarterPeriod,seated
41.8738,278,-1.59029,-0.258662,-9.49386,0.0,0.0,0.0,0.0,0.0,0.0,0.0,7.38281,10.0687,0.00674,0.13537,IncreaseQuarterPeriod,seated
42.0239,279,0.373623,0.0479004,-7.6928,0.0,0.0,0.0,0.0,0.0,0.0,0.0,6.50391,5.62031,0.0188,0.1476,IncreaseQuarterPeriod,extended
42.174,280,-3.11353,-0.507744,-7.23296,0.0,0.0,0.0,0.0,0.0,0.0,0.0,4.74609,-1.63943,0.0188,0.1476,IncreaseQuarterPeriod,extended
42.3241,281,-5.67141,0.191602,-8.09517,0.0,0.0,0.0,0.0,0.0,0.0,0.0,2.46094,-5.15198,0.0188,0.1476,IncreaseQuarterPeriod,extended
42.4743,282,-6.01629,-0.354463,-7.55868,0.0,0.0,0.0,0.0,0.0,0.0,0.0,0.0,-9.83565,0.0188,0.1476,IncreaseQuarterPeriod,extended
42.6244,283,-5.88217,-0.210762,-7.39582,0.0,0.0,0.0,0.0,0.0,0.0,0.0,-2.63672,-13.3485,0.0188,0.1476,IncreaseQuarterPeriod,extended
42.7746,284,-6.18873,-0.191602,-7.58742,0.0,0.0,0.0,0.0,0.0,0.0,0.0,-4.74609,-14.9857,0.0188,0.1476,IncreaseQuarterPeriod,extended
42.9248,285,-6.09293,-0.210762,-7.44372,0.0,0.0,0.0,0.0,0.0,0.0,0.0,-6.15234,-14.5159,0.0188,0.1476,IncreaseQuarterPeriod,extended
43.0749,286,-6.01629,-0.191602,-7.41498,0.0,0.0,0.0,0.0,0.0,0.0,0.0,-6.50391,-11.9406,0.0188,0.1476,IncreaseQuarterPeriod,extended
43.225,287,-6.21747,-0.172441,-7.46288,0.0,0.0,0.0,0.0,0.0,0.0,0.0,-6.15234,-8.19555,0.0188,0.1476,IncreaseQuarterPeriod,extended
43.375,288,-6.59109,-0.402363,-6.67731,0.0,0.0,0.0,0.0,0.0,0.0,0.0,-4.74609,-2.81023,0.00674,0.13537,IncreaseQuarterPeriod,seated
43.5252,289,-5.58519,0.459844,-7.75986,0.0,0.0,0.0,0.0,0.0,0.0,0.0,-2.63672,2.81032,0.00674,0.13537,IncreaseQuarterPeriod,seated
43.6753,290,1.33163,-0.546064,-9.02443,0.0,0.0,0.0,0.0,0.0,0.0,0.0,-0.175781,7.96272,0.00674,0.13537,IncreaseQuarterPeriod,seated
43.8255,291,-2.12678,0.0958008,-9.91538,0.0,0.0,0.0,0.0,0.0,0.0,0.0,2.10938,11.4755,0.00674,0.13537,IncreaseQuarterPeriod,seated
43.9756,292,-1.66693,-0.459844,-9.84832,0.0,0.0,0.0,0.0,0.0,0.0,0.0,4.74609,14.518,0.00674,0.13537,IncreaseQuarterPeriod,seated
44.1258,293,-1.63819,-0.306563,-9.51302,0.0,0.0,0.0,0.0,0.0,0.0,0.0,6.32812,14.7505,0.00674,0.13537,IncreaseQuarterPeriod,seated
44.276,294,-1.55197,-0.201182,-9.2831,0.0,0.0,0.0,0.0,0.0,0.0,0.0,7.38281,13.3454,0.00674,0.13537,IncreaseQuarterPeriod,seated
44.426,295,-0.239502,0.0,-8.21971,0.0,0.0,0.0,0.0,0.0,0.0,0.0,7.55859,10.3028,0.0188,0.1476,IncreaseQuarterPeriod,extended
44.5762,296,-1.13045,-0.795147,-6.43781,0.0,0.0,0.0,0.0,0.0,0.0,0.0,6.32812,5.61974,0.0188,0.1476,IncreaseQuarterPeriod,extended
44.7263,297,-6.43781,-0.134121,-7.75028,0.0,0.0,0.0,0.0,0.0,0.0,0.0,4.74609,0.0,0.0188,0.1476,IncreaseQuarterPeriod,extended
44.8765,298,-6.39949,-0.383203,-7.06052,0.0,0.0,0.0,0.0,0.0,0.0,0.0,2.46094,-5.15152,0.0188,0.1476,IncreaseQuarterPeriod,extended
45.0266,299,-5.4798,0.0383203,-7.01262,0.0,0.0,0.0,0.0,0.0,0.0,0.0,-0.175781,-10.0691,0.0188,0.1476,IncreaseQuarterPeriod,extended
45.1768,300,-6.39949,-0.172441,-7.58742,0.0,0.0,0.0,0.0,0.0,0.0,0.0,-2.46094,-13.3456,0.0188,0.1476,IncreaseQuarterPeriod,extended
45.327,301,-6.40907,-0.182021,-7.597,0.0,0.0,0.0,0.0,0.0,0.0,0.0,-4.74609,-14.7504,0.0188,0.1476,IncreaseQuarterPeriod,extended
45.4771,302,-6.17915,-0.0958008,-7.39582,0.0,0.0,0.0,0.0,0.0,0.0,0.0,-6.15234,-14.5165,0.0188,0.1476,IncreaseQuarterPeriod,extended
45.6273,303,-6.00671,-0.191602,-7.58742,0.0,0.0,0.0,0.0,0.0,0.0,0.0,-6.50391,-11.9409,0.0188,0.1476,IncreaseQuarterPeriod,extended
45.7773,304,-6.49529,-0.507744,-7.22338,0.0,0.0,0.0,0.0,0.0,0.0,0.0,-6.15234,-7.96142,0.00674,0.13537,IncreaseQuarterPeriod,seated
45.9275,305,-4.69424,-0.641865,-7.18506,0.0,0.0,0.0,0.0,0.0,0.0,0.0,-4.92188,-3.27826,0.00674,0.13537,IncreaseQuarterPeriod,seated
46.0776,306,0.306563,0.201182,-10.0974,0.0,0.0,0.0,0.0,0.0,0.0,0.0,-2.8125,2.5758,0.00674,0.13537,IncreaseQuarterPeriod,seated
46.2278,307,-2.24174,-0.517324,-9.9537,0.0,0.0,0.0,0.0,0.0,0.0,0.0,-0.527344,7.49309,0.00674,0.13537,IncreaseQuarterPeriod,seated
46.378,308,-1.51365,-0.517324,-10.0016,0.0,0.0,0.0,0.0,0.0,0.0,0.0,2.28516,11.7079,0.00674,0.13537,IncreaseQuarterPeriod,seated
46.5281,309,-1.62861,-0.287402,-9.5705,0.0,0.0,0.0,0.0,0.0,0.0,0.0,4.57031,14.2819,0.00674,0.13537,IncreaseQuarterPeriod,seated
46.6783,310,-1.65735,-0.268242,-9.64714,0.0,0.0,0.0,0.0,0.0,0.0,0.0,6.50391,15.2183,0.00674,0.13537,IncreaseQuarterPeriod,seated
46.8284,311,-1.62861,-0.220342,-9.58966,0.0,0.0,0.0,0.0,0.0,0.0,0.0,7.55859,13.8136,0.00674,0.13537,IncreaseQuarterPeriod,seated
46.9786,312,-1.51365,-0.229922,-9.48428,0.0,0.0,0.0,0.0,0.0,0.0,0.0,7.55859,10.77,0.00674,0.13537,IncreaseQuarterPeriod,seated
47.1286,313,-0.804727,-0.0766406,-9.91538,0.0,0.0,0.0,0.0,0.0,0.0,0.0,6.67969,5.85395,0.0188,0.1476,IncreaseQuarterPeriod,extended
47.2788,314,-5.0008,-0.526904,-7.72154,0.0,0.0,0.0,0.0,0.0,0.0,0.0,4.92188,0.468323,0.0188,0.1476,IncreaseQuarterPeriod,extended
47.429,315,-7.51078,0.105381,-7.597,0.0,0.0,0.0,0.0,0.0,0.0,0.0,2.63672,-5.15156,0.0188,0.1476,IncreaseQuarterPeriod,extended
47.5791,316,-6.31327,-0.325723,-8.09517,0.0,0.0,0.0,0.0,0.0,0.0,0.0,0.0,-10.069,0.0188,0.1476,IncreaseQuarterPeriod,extended
47.7293,317,-5.93965,0.0191602,-7.37666,0.0,0.0,0.0,0.0,0.0,0.0,0.0,-2.63672,-13.5812,0.0188,0.1476,IncreaseQuarterPeriod,extended
47.8794,318,-6.51445,0.0287402,-7.55868,0.0,0.0,0.0,0.0,0.0,0.0,0.0,-4.74609,-15.2184,0.0188,0.1476,IncreaseQuarterPeriod,extended
48.0296,319,-6.11209,-0.249082,-7.39582,0.0,0.0,0.0,0.0,0.0,0.0,0.0,-6.15234,-14.75,0.0188,0.1476,IncreaseQuarterPeriod,extended
48.1797,320,-6.05461,-0.162861,-7.34792,0.0,0.0,0.0,0.0,0.0,0.0,0.0,-6.85547,-12.643,0.0188,0.1476,IncreaseQuarterPeriod,extended
48.3298,321,-6.54319,-0.153281,-7.1659,0.0,0.0,0.0,0.0,0.0,0.0,0.0,-6.32812,-8.42951,0.00674,0.13537,IncreaseQuarterPeriod,seated
48.48,322,-4.5218,-0.517324,-7.8365,0.0,0.0,0.0,0.0,0.0,0.0,0.0,-4.92188,-3.04408,0.00674,0.13537,IncreaseQuarterPeriod,seated
48.6301,323,7.20422,-1.38911,-8.21013,0.0,0.0,0.0,0.0,0.0,0.0,0.0,-2.98828,2.34165,0.00674,0.13537,IncreaseQuarterPeriod,seated
48.7803,324,-1.28373,-0.402363,-9.84832,0.0,0.0,0.0,0.0,0.0,0.0,0.0,-0.527344,7.49327,0.00674,0.13537,IncreaseQuarterPeriod,seated
48.9304,325,-1.54239,-0.411943,-9.62798,0.0,0.0,0.0,0.0,0.0,0.0,0.0,2.28516,12.1765,0.00674,0.13537,IncreaseQuarterPeriod,seated
49.0806,326,-1.59029,-0.296982,-9.55134,0.0,0.0,0.0,0.0,0.0,0.0,0.0,4.57031,14.5164,0.00674,0.13537,IncreaseQuarterPeriod,seated
49.2307,327,-1.63819,-0.296982,-9.54176,0.0,0.0,0.0,0.0,0.0,0.0,0.0,6.50391,15.2185,0.00674,0.13537,IncreaseQuarterPeriod,seated
49.3809,328,-1.64777,-0.249082,-9.49386,0.0,0.0,0.0,0.0,0.0,0.0,0.0,7.73438,14.2818,0.00674,0.13537,IncreaseQuarterPeriod,seated
49.531,329,-1.61903,-0.249082,-9.55134,0.0,0.0,0.0,0.0,0.0,0.0,0.0,7.73438,11.0049,0.00674,0.13537,IncreaseQuarterPeriod,seated
49.6811,330,-0.967588,-0.249082,-7.7886,0.0,0.0,0.0,0.0,0.0,0.0,0.0,7.03125,6.32264,0.0188,0.1476,IncreaseQuarterPeriod,extended
49.8312,331,-6.91682,-1.55197,-7.58742,0.0,0.0,0.0,0.0,0.0,0.0,0.0,4.92188,0.468349,0.0188,0.1476,IncreaseQuarterPeriod,extended
49.9814,332,-5.18282,-0.344883,-5.81511,0.0,0.0,0.0,0.0,0.0,0.0,0.0,2.8125,-4.91768,0.0188,0.1476,IncreaseQuarterPeriod,extended
50.1315,333,-5.75763,-0.287402,-7.48204,0.0,0.0,0.0,0.0,0.0,0.0,0.0,0.175781,-10.0695,0.0188,0.1476,IncreaseQuarterPeriod,extended
50.2817,334,-6.32285,-0.143701,-7.70238,0.0,0.0,0.0,0.0,0.0,0.0,0.0,-2.63672,-13.8153,0.0188,0.1476,IncreaseQuarterPeriod,extended
50.4319,335,-6.29411,-0.210762,-7.61616,0.0,0.0,0.0,0.0,0.0,0.0,0.0,-4.74609,-15.6868,0.0188,0.1476,IncreaseQuarterPeriod,extended
50.582,336,-6.21747,-0.239502,-7.49162,0.0,0.0,0.0,0.0,0.0,0.0,0.0,-6.15234,-14.7503,0.0188,0.1476,IncreaseQuarterPeriod,extended
50.7322,337,-5.85343,-0.229922,-7.24254,0.0,0.0,0.0,0.0,0.0,0.0,0.0,-6.85547,-12.8772,0.0188,0.1476,IncreaseQuarterPeriod,extended
50.8822,338,-6.23663,-0.469424,-6.84976,0.0,0.0,0.0,0.0,0.0,0.0,0.0,-6.50391,-8.89789,0.00674,0.13537,IncreaseQuarterPeriod,seated
51.0324,339,-5.70973,0.0862207,-7.87482,0.0,0.0,0.0,0.0,0.0,0.0,0.0,-4.92188,-3.04402,0.00674,0.13537,IncreaseQuarterPeriod,seated
51.1825,340,2.2609,-0.0766406,-11.659,0.0,0.0,0.0,0.0,0.0,0.0,0.0,-2.98828,2.34162,0.00674,0.13537,IncreaseQuarterPeriod,seated
51.3327,341,-2.5004,-0.134121,-10.4327,0.0,0.0,0.0,0.0,0.0,0.0,0.0,-0.703125,7.25904,0.00674,0.13537,IncreaseQuarterPeriod,seated
51.4828,342,-2.2609,-0.411943,-9.70462,0.0,0.0,0.0,0.0,0.0,0.0,0.0,2.28516,12.1766,0.00674,0.13537,IncreaseQuarterPeriod,seated
51.633,343,-1.66693,-0.201182,-9.75252,0.0,0.0,0.0,0.0,0.0,0.0,0.0,4.92188,15.2195,0.00674,0.13537,IncreaseQuarterPeriod,seated
51.7831,344,-1.56155,-0.210762,-9.46512,0.0,0.0,0.0,0.0,0.0,0.0,0.0,6.50391,15.22,0.00674,0.13537,IncreaseQuarterPeriod,seated
51.9333,345,-1.60945,-0.239502,-9.46512,0.0,0.0,0.0,0.0,0.0,0.0,0.0,7.55859,14.0489,0.00674,0.13537,IncreaseQuarterPeriod,seated
52.0834,346,-1.62861,-0.287402,-9.58008,0.0,0.0,0.0,0.0,0.0,0.0,0.0,7.73438,11.2393,0.00674,0.13537,IncreaseQuarterPeriod,seated
52.2335,347,-1.18793,-0.153281,-9.74294,0.0,0.0,0.0,0.0,0.0,0.0,0.0,7.03125,6.32282,0.0188,0.1476,IncreaseQuarterPeriod,extended
52.3836,348,-3.27639,-0.440684,-11.1033,0.0,0.0,0.0,0.0,0.0,0.0,0.0,5.09766,0.234171,0.0188,0.1476,IncreaseQuarterPeriod,extended
52.5338,349,-7.10842,-0.00958008,-7.70238,0.0,0.0,0.0,0.0,0.0,0.0,0.0,2.8125,-4.9174,0.0188,0.1476,IncreaseQuarterPeriod,extended
52.6839,350,-6.36117,-0.459844,-7.62574,0.0,0.0,0.0,0.0,0.0,0.0,0.0,0.175781,-9.83475,0.0188,0.1476,IncreaseQuarterPeriod,extended
52.8341,351,-6.01629,-0.0383203,-7.4054,0.0,0.0,0.0,0.0,0.0,0.0,0.0,-2.63672,-13.8154,0.0188,0.1476,IncreaseQuarterPeriod,extended
52.9843,352,-5.89175,-0.182021,-7.58742,0.0,0.0,0.0,0.0,0.0,0.0,0.0,-4.92188,-15.9207,0.0188,0.1476,IncreaseQuarterPeriod,extended
53.1344,353,-6.36117,-0.277822,-7.5491,0.0,0.0,0.0,0.0,0.0,0.0,0.0,-6.32812,-15.2186,0.0188,0.1476,IncreaseQuarterPeriod,extended
53.2846,354,-6.12167,-0.172441,-7.33834,0.0,0.0,0.0,0.0,0.0,0.0,0.0,-7.03125,-13.1114,0.0188,0.1476,IncreaseQuarterPeriod,extended
53.4346,355,-6.62941,-0.105381,-7.24254,0.0,0.0,0.0,0.0,0.0,0.0,0.0,-6.67969,-9.13218,0.00674,0.13537,IncreaseQuarterPeriod,seated
53.5848,356,-8.12391,0.411943,-8.65081,0.0,0.0,0.0,0.0,0.0,0.0,0.0,-5.27344,-3.51236,0.00674,0.13537,IncreaseQuarterPeriod,seated
53.735,357,1.07297,0.296982,-8.57417,0.0,0.0,0.0,0.0,0.0,0.0,0.0,-3.16406,2.34159,0.00674,0.13537,IncreaseQuarterPeriod,seated
53.8851,358,-2.68242,-0.479004,-9.91538,0.0,0.0,0.0,0.0,0.0,0.0,0.0,-0.703125,7.493,0.00674,0.13537,IncreaseQuarterPeriod,seated
54.0353,359,-1.72441,-0.402363,-9.79084,0.0,0.0,0.0,0.0,0.0,0.0,0.0,2.10938,12.1763,0.00674,0.13537,IncreaseQuarterPeriod,seated
54.1854,360,-1.98308,-0.306563,-9.56092,0.0,0.0,0.0,0.0,0.0,0.0,0.0,4.92188,15.4526,0.00674,0.13537,IncreaseQuarterPeriod,seated
54.3356,361,-1.54239,-0.172441,-9.35974,0.0,0.0,0.0,0.0,0.0,0.0,0.0,6.50391,15.6871,0.00674,0.13537,IncreaseQuarterPeriod,seated
54.4857,362,-1.68609,-0.210762,-9.39806,0.0,0.0,0.0,0.0,0.0,0.0,0.0,7.73438,14.5166,0.00674,0.13537,IncreaseQuarterPeriod,seated
54.6359,363,-1.59987,-0.210762,-9.45554,0.0,0.0,0.0,0.0,0.0,0.0,0.0,7.91016,11.4728,0.00674,0.13537,IncreaseQuarterPeriod,seated
54.7859,364,-1.81063,-0.277822,-9.60882,0.0,0.0,0.0,0.0,0.0,0.0,0.0,7.20703,6.7907,0.0188,0.1476,IncreaseQuarterPeriod,extended
54.9361,365,-0.134121,-0.124541,-7.77902,0.0,0.0,0.0,0.0,0.0,0.0,0.0,5.09766,0.234165,0.0188,0.1476,IncreaseQuarterPeriod,extended
55.0862,366,-9.59924,-0.373623,-8.39215,0.0,0.0,0.0,0.0,0.0,0.0,0.0,2.8125,-4.91737,0.0188,0.1476,IncreaseQuarterPeriod,extended
55.2364,367,-7.24254,-0.0670606,-7.597,0.0,0.0,0.0,0.0,0.0,0.0,0.0,0.175781,-10.0689,0.0188,0.1476,IncreaseQuarterPeriod,extended
55.3866,368,-6.13125,-0.0191602,-6.98388,0.0,0.0,0.0,0.0,0.0,0.0,0.0,-2.63672,-14.0497,0.0188,0.1476,IncreaseQuarterPeriod,extended
55.5367,369,-6.06419,-0.249082,-7.76944,0.0,0.0,0.0,0.0,0.0,0.0,0.0,-4.74609,-15.921,0.0188,0.1476,IncreaseQuarterPeriod,extended
55.6869,370,-6.15041,-0.392783,-7.30002,0.0,0.0,0.0,0.0,0.0,0.0,0.0,-6.32812,-15.2186,0.0188,0.1476,IncreaseQuarterPeriod,extended
55.837,371,-6.53361,-0.143701,-7.56826,0.0,0.0,0.0,0.0,0.0,0.0,0.0,-7.03125,-13.1113,0.0188,0.1476,IncreaseQuarterPeriod,extended
55.9871,372,-6.22705,-0.0383203,-6.79228,0.0,0.0,0.0,0.0,0.0,0.0,0.0,-6.67969,-9.1321,0.00674,0.13537,IncreaseQuarterPeriod,seated
56.1373,373,-5.23072,-0.249082,-8.82325,0.0,0.0,0.0,0.0,0.0,0.0,0.0,-5.44922,-3.7465,0.00674,0.13537,IncreaseQuarterPeriod,seated
56.2874,374,3.91825,-0.124541,-9.96328,0.0,0.0,0.0,0.0,0.0,0.0,0.0,-3.33984,1.8733,0.00674,0.13537,IncreaseQuarterPeriod,seated
56.4376,375,-1.20709,-0.469424,-9.77168,0.0,0.0,0.0,0.0,0.0,0.0,0.0,-0.703125,7.49323,0.00674,0.13537,IncreaseQuarterPeriod,seated
56.5877,376,-1.84896,-0.411943,-10.0016,0.0,0.0,0.0,0.0,0.0,0.0,0.0,2.10938,12.1766,0.00674,0.13537,IncreaseQuarterPeriod,seated
56.7379,377,-1.46575,-0.191602,-9.84832,0.0,0.0,0.0,0.0,0.0,0.0,0.0,5.44922,16.1553,0.00674,0.13537,IncreaseQuarterPeriod,seated
56.888,378,-1.60945,-0.249082,-9.56092,0.0,0.0,0.0,0.0,0.0,0.0,0.0,6.67969,16.1566,0.00674,0.13537,IncreaseQuarterPeriod,seated
57.0381,379,-1.53281,-0.239502,-9.65672,0.0,0.0,0.0,0.0,0.0,0.0,0.0,7.73438,14.7515,0.00674,0.13537,IncreaseQuarterPeriod,seated
57.1883,380,-1.50407,-0.249082,-9.65672,0.0,0.0,0.0,0.0,0.0,0.0,0.0,8.08594,11.7075,0.00674,0.13537,IncreaseQuarterPeriod,seated
57.3383,381,-0.823887,-1.05381,-10.5093,0.0,0.0,0.0,0.0,0.0,0.0,0.0,7.20703,6.79111,0.0188,0.1476,IncreaseQuarterPeriod,extended
57.4885,382,-5.26904,0.172441,-10.0112,0.0,0.0,0.0,0.0,0.0,0.0,0.0,5.27344,-0.234181,0.0188,0.1476,IncreaseQuarterPeriod,extended
57.6386,383,-7.31918,-0.105381,-7.52036,0.0,0.0,0.0,0.0,0.0,0.0,0.0,2.98828,-4.91742,0.0188,0.1476,IncreaseQuarterPeriod,extended
57.7888,384,-6.64857,-0.0766406,-7.87482,0.0,0.0,0.0,0.0,0.0,0.0,0.0,0.351562,-9.83489,0.0188,0.1476,IncreaseQuarterPeriod,extended
57.939,385,-5.92049,-0.182021,-7.53952,0.0,0.0,0.0,0.0,0.0,0.0,0.0,-2.46094,-14.0495,0.0188,0.1476,IncreaseQuarterPeriod,extended
58.0891,386,-6.38991,-0.162861,-7.4054,0.0,0.0,0.0,0.0,0.0,0.0,0.0,-4.74609,-15.9208,0.0188,0.1476,IncreaseQuarterPeriod,extended
58.2393,387,-6.32285,-0.229922,-7.43414,0.0,0.0,0.0,0.0,0.0,0.0,0.0,-6.32812,-15.4525,0.0188,0.1476,IncreaseQuarterPeriod,extended
58.3894,388,-6.01629,-0.182021,-7.29044,0.0,0.0,0.0,0.0,0.0,0.0,0.0,-7.20703,-13.5794,0.0188,0.1476,IncreaseQuarterPeriod,extended
58.5396,389,-5.92049,-0.143701,-7.4054,0.0,0.0,0.0,0.0,0.0,0.0,0.0,-6.85547,-9.59923,0.0188,0.1476,IncreaseQuarterPeriod,extended
58.6897,390,-5.44148,-0.134121,-7.29044,0.0,0.0,0.0,0.0,0.0,0.0,0.0,-5.625,-4.21483,0.00674,0.13537,IncreaseQuarterPeriod,seated
58.8398,391,-6.72521,0.411943,-9.12982,0.0,0.0,0.0,0.0,0.0,0.0,0.0,-3.16406,2.10745,0.00674,0.13537,IncreaseQuarterPeriod,seated
58.99,392,4.54096,-0.488584,-7.53952,0.0,0.0,0.0,0.0,0.0,0.0,0.0,-0.703125,7.4933,0.00674,0.13537,IncreaseQuarterPeriod,seated
59.1401,393,-1.20709,-0.737666,-9.39806,0.0,0.0,0.0,0.0,0.0,0.0,0.0,1.75781,11.9425,0.00674,0.13537,IncreaseQuarterPeriod,seated
59.2903,394,-1.98308,-0.593965,-9.6184,0.0,0.0,0.0,0.0,0.0,0.0,0.0,4.74609,15.4548,0.00674,0.13537,IncreaseQuarterPeriod,seated
59.4404,395,-1.54239,-0.287402,-9.43638,0.0,0.0,0.0,0.0,0.0,0.0,0.0,6.50391,16.1558,0.00674,0.13537,IncreaseQuarterPeriod,seated
59.5906,396,-1.64777,-0.296982,-9.40764,0.0,0.0,0.0,0.0,0.0,0.0,0.0,7.91016,14.751,0.00674,0.13537,IncreaseQuarterPeriod,seated
59.7407,397,-1.66693,-0.316143,-9.75252,0.0,0.0,0.0,0.0,0.0,0.0,0.0,8.08594,11.7068,0.00674,0.13537,IncreaseQuarterPeriod,seated
59.8908,398,-0.622705,-0.172441,-8.80409,0.0,0.0,0.0,0.0,0.0,0.0,0.0,7.38281,7.49312,0.0188,0.1476,IncreaseQuarterPeriod,extended
60.0409,399,-4.17691,-1.20709,-5.91091,0.0,0.0,0.0,0.0,0.0,0.0,0.0,5.625,1.17083,0.0188,0.1476,IncreaseQuarterPeriod,extended
60.191,400,-7.31918,0.134121,-7.13716,0.0,0.0,0.0,0.0,0.0,0.0,0.0,3.16406,-4.44985,0.0188,0.1476,IncreaseQuarterPeriod,extended
60.3411,401,-6.81144,-0.124541,-7.27128,0.0,0.0,0.0,0.0,0.0,0.0,0.0,0.351562,-10.0707,0.0188,0.1476,IncreaseQuarterPeriod,extended
60.4913,402,-5.41274,-0.0958008,-7.0222,0.0,0.0,0.0,0.0,0.0,0.0,0.0,-2.46094,-14.0522,0.0188,0.1476,IncreaseQuarterPeriod,extended
60.6414,403,-6.35159,-0.191602,-7.5491,0.0,0.0,0.0,0.0,0.0,0.0,0.0,-4.74609,-16.1579,0.0188,0.1476,IncreaseQuarterPeriod,extended
60.7916,404,-6.45697,-0.306563,-7.5491,0.0,0.0,0.0,0.0,0.0,0.0,0.0,-6.32812,-15.9234,0.0188,0.1476,IncreaseQuarterPeriod,extended
60.9418,405,-6.01629,-0.134121,-7.24254,0.0,0.0,0.0,0.0,0.0,0.0,0.0,-7.20703,-13.8135,0.0188,0.1476,IncreaseQuarterPeriod,extended
61.0918,406,-6.69648,-0.162861,-7.31918,0.0,0.0,0.0,0.0,0.0,0.0,0.0,-6.85547,-9.60026,0.00674,0.13537,IncreaseQuarterPeriod,seated
61.242,407,-5.90133,0.114961,-6.62941,0.0,0.0,0.0,0.0,0.0,0.0,0.0,-5.625,-4.21466,0.00674,0.13537,IncreaseQuarterPeriod,seated
61.3921,408,-0.287402,-0.172441,-9.94412,0.0,0.0,0.0,0.0,0.0,0.0,0.0,-3.51562,1.63908,0.00674,0.13537,IncreaseQuarterPeriod,seated
61.5423,409,-2.49082,-0.249082,-10.1836,0.0,0.0,0.0,0.0,0.0,0.0,0.0,-1.05469,7.0247,0.00674,0.13537,IncreaseQuarterPeriod,seated
61.6925,410,-1.47533,-0.536484,-9.84832,0.0,0.0,0.0,0.0,0.0,0.0,0.0,1.93359,12.1762,0.00674,0.13537,IncreaseQuarterPeriod,seated
61.8426,411,-1.60945,-0.258662,-9.60882,0.0,0.0,0.0,0.0,0.0,0.0,0.0,5.44922,16.389,0.00674,0.13537,IncreaseQuarterPeriod,seated
61.9927,412,-1.53281,-0.210762,-9.48428,0.0,0.0,0.0,0.0,0.0,0.0,0.0,6.67969,16.3904,0.00674,0.13537,IncreaseQuarterPeriod,seated
62.1429,413,-1.61903,-0.191602,-9.5226,0.0,0.0,0.0,0.0,0.0,0.0,0.0,7.91016,15.2196,0.00674,0.13537,IncreaseQuarterPeriod,seated
62.293,414,-1.49449,-0.258662,-9.54176,0.0,0.0,0.0,0.0,0.0,0.0,0.0,8.26172,12.4099,0.00674,0.13537,IncreaseQuarterPeriod,seated
62.4431,415,-0.651445,-0.0670606,-10.2315,0.0,0.0,0.0,0.0,0.0,0.0,0.0,7.55859,7.49363,0.0188,0.1476,IncreaseQuarterPeriod,extended
62.5932,416,-6.60067,0.277822,-8.07601,0.0,0.0,0.0,0.0,0.0,0.0,0.0,5.625,0.234179,0.0188,0.1476,IncreaseQuarterPeriod,extended
62.7434,417,-7.49162,0.143701,-8.66997,0.0,0.0,0.0,0.0,0.0,0.0,0.0,3.33984,-4.44906,0.0188,0.1476,IncreaseQuarterPeriod,extended
62.8936,418,-6.21747,-0.0862207,-7.53952,0.0,0.0,0.0,0.0,0.0,0.0,0.0,0.527344,-9.83468,0.0188,0.1476,IncreaseQuarterPeriod,extended
63.0437,419,-5.82469,0.0191602,-7.24254,0.0,0.0,0.0,0.0,0.0,0.0,0.0,-2.28516,-14.0496,0.0188,0.1476,IncreaseQuarterPeriod,extended
63.1939,420,-6.61025,-0.277822,-7.89398,0.0,0.0,0.0,0.0,0.0,0.0,0.0,-4.74609,-16.389,0.0188,0.1476,IncreaseQuarterPeriod,extended
63.344,421,-6.16957,-0.172441,-7.41498,0.0,0.0,0.0,0.0,0.0,0.0,0.0,-6.50391,-16.1565,0.0188,0.1476,IncreaseQuarterPeriod,extended
63.4941,422,-6.25579,-0.249082,-7.30002,0.0,0.0,0.0,0.0,0.0,0.0,0.0,-7.38281,-14.2835,0.0188,0.1476,IncreaseQuarterPeriod,extended
63.6443,423,-6.10251,-0.143701,-7.39582,0.0,0.0,0.0,0.0,0.0,0.0,0.0,-7.03125,-10.0686,0.0188,0.1476,IncreaseQuarterPeriod,extended
63.7943,424,-6.80186,0.162861,-6.93598,0.0,0.0,0.0,0.0,0.0,0.0,0.0,-5.80078,-4.68355,0.00674,0.13537,IncreaseQuarterPeriod,seated
63.9445,425,-5.23072,-0.747246,-7.66406,0.0,0.0,0.0,0.0,0.0,0.0,0.0,-3.51562,1.63927,0.00674,0.13537,IncreaseQuarterPeriod,seated
64.0946,426,-0.105381,0.277822,-11.9751,0.0,0.0,0.0,0.0,0.0,0.0,0.0,-1.05469,7.25904,0.00674,0.13537,IncreaseQuarterPeriod,seated
64.2448,427,-1.88728,-0.344883,-9.84832,0.0,0.0,0.0,0.0,0.0,0.0,0.0,1.75781,12.1763,0.00674,0.13537,IncreaseQuarterPeriod,seated
64.395,428,-2.03098,-0.229922,-9.62798,0.0,0.0,0.0,0.0,0.0,0.0,0.0,4.74609,15.6886,0.00674,0.13537,IncreaseQuarterPeriod,seated
64.5451,429,-1.66693,-0.162861,-9.38848,0.0,0.0,0.0,0.0,0.0,0.0,0.0,6.50391,16.3895,0.00674,0.13537,IncreaseQuarterPeriod,seated
64.6953,430,-1.68609,-0.258662,-9.54176,0.0,0.0,0.0,0.0,0.0,0.0,0.0,8.08594,15.4529,0.00674,0.13537,IncreaseQuarterPeriod,seated
64.8454,431,-1.62861,-0.296982,-9.49386,0.0,0.0,0.0,0.0,0.0,0.0,0.0,8.26172,12.4091,0.00674,0.13537,IncreaseQuarterPeriod,seated
64.9955,432,-1.96392,-0.498164,-8.87115,0.0,0.0,0.0,0.0,0.0,0.0,0.0,7.55859,7.72731,0.0188,0.1476,IncreaseQuarterPeriod,extended
65.1456,433,-5.0487,-0.191602,-9.51302,0.0,0.0,0.0,0.0,0.0,0.0,0.0,5.80078,1.40499,0.0188,0.1476,IncreaseQuarterPeriod,extended
65.2958,434,-9.99202,1.30289,-7.52036,0.0,0.0,0.0,0.0,0.0,0.0,0.0,3.33984,-4.21497,0.0188,0.1476,IncreaseQuarterPeriod,extended
