0.000100851,0,-1.46575,-0.277822,-9.70462,0.0,0.0,0.0,0.0,0.0,0.0,0.0,0.175781,0.0,0.00674,0.13537,None,seated
0.150269,1,-1.51365,-0.258662,-9.64714,0.0,0.0,0.0,0.0,0.0,0.0,0.0,0.175781,0.0,0.00674,0.13537,Nothing,seated
0.300436,2,-1.44659,-0.258662,-9.65672,0.0,0.0,0.0,0.0,0.0,0.0,0.0,0.175781,0.0,0.00674,0.13537,Nothing,seated
0.450606,3,-1.42743,-0.258662,-9.6663,0.0,0.0,0.0,0.0,0.0,0.0,0.0,0.175781,0.0,0.00674,0.13537,Nothing,seated
0.600775,4,-1.31247,-0.239502,-9.69504,0.0,0.0,0.0,0.0,0.0,0.0,0.0,0.175781,0.0,0.00674,0.13537,Nothing,seated
0.750813,5,-1.21667,-0.296982,-9.69504,0.0,0.0,0.0,0.0,0.0,0.0,0.0,0.351562,0.234153,0.00674,0.13537,Nothing,seated
0.900978,6,-1.21667,-0.287402,-9.6663,0.0,0.0,0.0,0.0,0.0,0.0,0.0,0.878906,0.936615,0.00674,0.13537,Nothing,seated
1.05115,7,-1.24541,-0.249082,-9.70462,0.0,0.0,0.0,0.0,0.0,0.0,0.0,1.40625,1.63907,0.00674,0.13537,Nothing,seated
1.20132,8,-1.20709,-0.249082,-9.73336,0.0,0.0,0.0,0.0,0.0,0.0,0.0,1.75781,2.10737,0.00674,0.13537,Nothing,seated
1.35149,9,-1.14003,-0.239502,-9.72378,0.0,0.0,0.0,0.0,0.0,0.0,0.0,2.28516,2.80983,0.00674,0.13537,Nothing,seated
1.50166,10,-1.13045,-0.296982,-9.68546,0.0,0.0,0.0,0.0,0.0,0.0,0.0,2.8125,3.27755,0.00674,0.13537,Nothing,seated
1.65182,11,-1.10171,-0.296982,-9.70462,0.0,0.0,0.0,0.0,0.0,0.0,0.0,3.16406,3.04346,0.00674,0.13537,Nothing,seated
1.80198,12,-1.09213,-0.287402,-9.69504,0.0,0.0,0.0,0.0,0.0,0.0,0.0,3.69141,3.04348,0.00674,0.13537,Nothing,seated
1.95216,13,-0.958008,-0.249082,-9.74294,0.0,0.0,0.0,0.0,0.0,0.0,0.0,3.86719,2.80936,0.00674,0.13537,Nothing,seated
2.10233,14,-0.852627,-0.249082,-9.72378,0.0,0.0,0.0,0.0,0.0,0.0,0.0,4.04297,2.34112,0.00674,0.13537,Nothing,seated
2.2525,15,-0.814307,-0.306563,-9.75252,0.0,0.0,0.0,0.0,0.0,0.0,0.0,4.21875,1.8729,0.00674,0.13537,Nothing,seated
2.40267,16,-0.804727,-0.287402,-9.74294,0.0,0.0,0.0,0.0,0.0,0.0,0.0,4.39453,1.63877,0.00674,0.13537,Nothing,seated
2.55282,17,-0.756826,-0.258662,-9.7621,0.0,0.0,0.0,0.0,0.0,0.0,0.0,4.57031,1.17058,0.00674,0.13537,Nothing,seated
2.70299,18,-0.756826,-0.249082,-9.7621,0.0,0.0,0.0,0.0,0.0,0.0,0.0,4.57031,0.936461,0.00674,0.13537,Nothing,seated
2.85316,19,-0.728086,-0.296982,-9.75252,0.0,0.0,0.0,0.0,0.0,0.0,0.0,4.92188,1.17058,0.00674,0.13537,Nothing,seated
3.00333,20,-0.651445,-0.306563,-9.77168,0.0,0.0,0.0,0.0,0.0,0.0,0.0,4.92188,0.936464,0.00674,0.13537,Nothing,seated
3.1535,21,-0.728086,-0.296982,-9.77168,0.0,0.0,0.0,0.0,0.0,0.0,0.0,5.09766,0.936463,0.00674,0.13537,Nothing,seated
3.30366,22,-0.651445,-0.296982,-9.84832,0.0,0.0,0.0,0.0,0.0,0.0,0.0,5.27344,0.936442,0.00674,0.13537,Nothing,seated
3.45381,23,-0.584385,-0.268242,-9.75252,0.0,0.0,0.0,0.0,0.0,0.0,0.0,5.27344,0.936473,0.00674,0.13537,Nothing,seated
3.60398,24,-0.728086,-0.287402,-9.75252,0.0,0.0,0.0,0.0,0.0,0.0,0.0,5.44922,0.702353,0.00674,0.13537,Nothing,seated
3.75415,25,-1.42743,-0.249082,-9.6184,0.0,0.0,0.0,0.0,0.0,0.0,0.0,5.09766,0.234118,0.00674,0.13537,Nothing,seated
3.90432,26,-1.49449,-0.249082,-9.63756,0.0,0.0,0.0,0.0,0.0,0.0,0.0,4.21875,-1.17059,0.00674,0.13537,Nothing,seated
4.05449,27,-1.46575,-0.344883,-9.68546,0.0,0.0,0.0,0.0,0.0,0.0,0.0,2.8125,-3.27765,0.00674,0.13537,Nothing,seated
4.20465,28,-1.45617,-0.325723,-9.72378,0.0,0.0,0.0,0.0,0.0,0.0,0.0,0.703125,-6.08695,0.00674,0.13537,Nothing,seated
4.3548,29,-1.49449,-0.258662,-9.77168,0.0,0.0,0.0,0.0,0.0,0.0,0.0,-1.05469,-8.66242,0.00674,0.13537,Nothing,seated
4.50496,30,-1.42743,-0.249082,-9.70462,0.0,0.0,0.0,0.0,0.0,0.0,0.0,-2.8125,-10.5355,0.00674,0.13537,Nothing,seated
4.65512,31,-1.45617,-0.249082,-9.69504,0.0,0.0,0.0,0.0,0.0,0.0,0.0,-4.21875,-11.2379,0.00674,0.13537,Nothing,seated
4.80529,32,-1.46575,-0.287402,-9.63756,0.0,0.0,0.0,0.0,0.0,0.0,0.0,-4.92188,-10.3014,0.00674,0.13537,Nothing,seated
4.95546,33,-1.42743,-0.325723,-9.65672,0.0,0.0,0.0,0.0,0.0,0.0,0.0,-5.09766,-7.72602,0.00674,0.13537,Nothing,seated
5.10562,34,-1.46575,-0.287402,-9.6663,0.0,0.0,0.0,0.0,0.0,0.0,0.0,-4.57031,-4.68236,0.00674,0.13537,Nothing,seated
5.2558,35,-1.47533,-0.220342,-9.68546,0.0,0.0,0.0,0.0,0.0,0.0,0.0,-3.16406,-0.468227,0.00674,0.13537,Nothing,seated
5.40597,36,-1.49449,-0.239502,-9.7142,0.0,0.0,0.0,0.0,0.0,0.0,0.0,-1.58203,3.51167,0.00674,0.13537,IncreaseQuarterPeriod,seated
5.55612,37,-1.50407,-0.296982,-9.74294,0.0,0.0,0.0,0.0,0.0,0.0,0.0,0.351562,7.02349,0.00674,0.13537,IncreaseQuarterPeriod,seated
5.70629,38,-1.45617,-0.325723,-9.72378,0.0,0.0,0.0,0.0,0.0,0.0,0.0,2.10938,9.59879,0.00674,0.13537,IncreaseQuarterPeriod,seated
5.85644,39,-1.48491,-0.287402,-9.69504,0.0,0.0,0.0,0.0,0.0,0.0,0.0,3.69141,11.0036,0.00674,0.13537,IncreaseQuarterPeriod,seated
6.00651,40,2.1172,-0.306563,-8.17181,0.0,0.0,0.0,0.0,0.0,0.0,0.0,4.74609,10.5368,0.0188,0.1476,IncreaseQuarterPeriod,extended
6.15667,41,-4.56012,-1.26457,-7.13716,0.0,0.0,0.0,0.0,0.0,0.0,0.0,5.09766,8.89794,0.0188,0.1476,IncreaseQuarterPeriod,extended
6.3068,42,-6.89766,0.00958008,-7.89398,0.0,0.0,0.0,0.0,0.0,0.0,0.0,4.92188,6.08822,0.0188,0.1476,IncreaseQuarterPeriod,extended
6.45696,43,-5.84385,-0.210762,-7.70238,0.0,0.0,0.0,0.0,0.0,0.0,0.0,3.86719,2.34167,0.0188,0.1476,IncreaseQuarterPeriod,extended
6.60711,44,-5.99713,-0.182021,-7.39582,0.0,0.0,0.0,0.0,0.0,0.0,0.0,2.28516,-1.87334,0.0188,0.1476,IncreaseQuarterPeriod,extended
6.75726,45,-6.29411,-0.0958008,-7.56826,0.0,0.0,0.0,0.0,0.0,0.0,0.0,0.527344,-5.61942,0.0188,0.1476,IncreaseQuarterPeriod,extended
6.90741,46,-6.09293,-0.220342,-7.48204,0.0,0.0,0.0,0.0,0.0,0.0,0.0,-1.40625,-8.66329,0.0188,0.1476,IncreaseQuarterPeriod,extended
7.05758,47,-6.12167,-0.172441,-7.52994,0.0,0.0,0.0,0.0,0.0,0.0,0.0,-3.16406,-10.7701,0.0188,0.1476,IncreaseQuarterPeriod,extended
7.20774,48,-6.16957,-0.143701,-7.51078,0.0,0.0,0.0,0.0,0.0,0.0,0.0,-4.57031,-11.2383,0.0188,0.1476,IncreaseQuarterPeriod,extended
7.3578,49,-6.48571,0.0287402,-7.12758,0.0,0.0,0.0,0.0,0.0,0.0,0.0,-5.27344,-10.0688,0.00674,0.13537,IncreaseQuarterPeriod,seated
7.50796,50,-5.08702,-0.613125,-7.79818,0.0,0.0,0.0,0.0,0.0,0.0,0.0,-5.27344,-7.72718,0.00674,0.13537,IncreaseQuarterPeriod,seated
7.65811,51,0.919688,-0.249082,-9.2352,0.0,0.0,0.0,0.0,0.0,0.0,0.0,-4.57031,-4.21482,0.00674,0.13537,IncreaseQuarterPeriod,seated
7.80826,52,-1.02507,-0.498164,-9.92496,0.0,0.0,0.0,0.0,0.0,0.0,0.0,-3.51562,-0.468322,0.00674,0.13537,IncreaseQuarterPeriod,seated
7.95842,53,-1.70525,-0.0766406,-9.54176,0.0,0.0,0.0,0.0,0.0,0.0,0.0,-1.40625,4.21491,0.00674,0.13537,IncreaseQuarterPeriod,seated
8.10858,54,-1.54239,-0.306563,-9.64714,0.0,0.0,0.0,0.0,0.0,0.0,0.0,0.351562,7.49222,0.00674,0.13537,IncreaseQuarterPeriod,seated
8.25875,55,-1.70525,-0.306563,-9.84832,0.0,0.0,0.0,0.0,0.0,0.0,0.0,2.63672,10.5358,0.00674,0.13537,IncreaseQuarterPeriod,seated
8.4088,56,-1.53281,-0.277822,-9.58966,0.0,0.0,0.0,0.0,0.0,0.0,0.0,4.04297,11.4739,0.00674,0.13537,IncreaseQuarterPeriod,seated
8.5759,57,-1.03465,-0.344883,-8.92863,0.0,0.0,0.0,0.0,0.0,0.0,0.0,5.09766,11.2205,0.0188,0.1476,IncreaseQuarterPeriod,extended
8.72605,58,-3.45841,-0.622705,-7.84608,0.0,0.0,0.0,0.0,0.0,0.0,0.0,5.27344,8.70169,0.0188,0.1476,IncreaseQuarterPeriod,extended
8.8762,59,-8.16223,-0.182021,-7.17548,0.0,0.0,0.0,0.0,0.0,0.0,0.0,4.92188,5.95385,0.0188,0.1476,IncreaseQuarterPeriod,extended
9.02635,60,-6.41865,-0.0479004,-7.5491,0.0,0.0,0.0,0.0,0.0,0.0,0.0,3.86719,1.60299,0.0188,0.1476,IncreaseQuarterPeriod,extended
9.17651,61,-6.41865,-0.296982,-7.73112,0.0,0.0,0.0,0.0,0.0,0.0,0.0,2.10938,-2.51864,0.0188,0.1476,IncreaseQuarterPeriod,extended
9.32666,62,-6.09293,-0.0287402,-7.43414,0.0,0.0,0.0,0.0,0.0,0.0,0.0,0.175781,-6.55583,0.0188,0.1476,IncreaseQuarterPeriod,extended
9.4768,63,-6.33243,-0.258662,-7.6449,0.0,0.0,0.0,0.0,0.0,0.0,0.0,-1.75781,-9.36563,0.0188,0.1476,IncreaseQuarterPeriod,extended
9.62696,64,-6.09293,-0.220342,-7.41498,0.0,0.0,0.0,0.0,0.0,0.0,0.0,-3.69141,-11.4728,0.0188,0.1476,IncreaseQuarterPeriod,extended
9.77703,65,-6.52403,-0.0479004,-7.20422,0.0,0.0,0.0,0.0,0.0,0.0,0.0,-4.92188,-11.7082,0.00674,0.13537,IncreaseQuarterPeriod,seated
9.92719,66,-6.55277,-0.220342,-7.51078,0.0,0.0,0.0,0.0,0.0,0.0,0.0,-5.44922,-10.069,0.00674,0.13537,IncreaseQuarterPeriod,seated
10.0773,67,2.00224,-0.316143,-9.3789,0.0,0.0,0.0,0.0,0.0,0.0,0.0,-5.44922,-7.49322,0.00674,0.13537,IncreaseQuarterPeriod,seated
10.2275,68,-1.02507,-0.488584,-9.72378,0.0,0.0,0.0,0.0,0.0,0.0,0.0,-4.74609,-3.98072,0.00674,0.13537,IncreaseQuarterPeriod,seated
10.3776,69,-1.41785,-0.373623,-9.60882,0.0,0.0,0.0,0.0,0.0,0.0,0.0,-3.16406,0.70248,0.00674,0.13537,IncreaseQuarterPeriod,seated
10.5278,70,-1.49449,-0.296982,-9.5705,0.0,0.0,0.0,0.0,0.0,0.0,0.0,-1.23047,4.91679,0.00674,0.13537,IncreaseQuarterPeriod,seated
10.678,71,-1.61903,-0.249082,-9.64714,0.0,0.0,0.0,0.0,0.0,0.0,0.0,0.878906,8.42883,0.00674,0.13537,IncreaseQuarterPeriod,seated
10.8281,72,-1.60945,-0.229922,-9.55134,0.0,0.0,0.0,0.0,0.0,0.0,0.0,2.8125,11.0041,0.00674,0.13537,IncreaseQuarterPeriod,seated
10.9783,73,-1.57113,-0.220342,-9.70462,0.0,0.0,0.0,0.0,0.0,0.0,0.0,4.39453,12.1746,0.00674,0.13537,IncreaseQuarterPeriod,seated
11.1284,74,-0.134121,-0.0287402,-9.70462,0.0,0.0,0.0,0.0,0.0,0.0,0.0,5.44922,11.4735,0.0188,0.1476,IncreaseQuarterPeriod,extended
11.2785,75,-4.87626,-0.220342,-6.49529,0.0,0.0,0.0,0.0,0.0,0.0,0.0,5.44922,8.89776,0.0188,0.1476,IncreaseQuarterPeriod,extended
11.4287,76,-6.84976,0.354463,-7.90356,0.0,0.0,0.0,0.0,0.0,0.0,0.0,5.09766,5.61962,0.0188,0.1476,IncreaseQuarterPeriod,extended
11.5788,77,-5.70015,-0.584385,-7.34792,0.0,0.0,0.0,0.0,0.0,0.0,0.0,3.86719,1.40499,0.0188,0.1476,IncreaseQuarterPeriod,extended
11.729,78,-6.07377,-0.0670606,-7.70238,0.0,0.0,0.0,0.0,0.0,0.0,0.0,2.10938,-3.04417,0.0188,0.1476,IncreaseQuarterPeriod,extended
11.8791,79,-6.40907,-0.153281,-7.73112,0.0,0.0,0.0,0.0,0.0,0.0,0.0,0.175781,-7.02433,0.0188,0.1476,IncreaseQuarterPeriod,extended
12.0293,80,-6.32285,-0.162861,-7.6928,0.0,0.0,0.0,0.0,0.0,0.0,0.0,-1.93359,-9.83406,0.0188,0.1476,IncreaseQuarterPeriod,extended
12.1794,81,-5.91091,-0.229922,-7.3575,0.0,0.0,0.0,0.0,0.0,0.0,0.0,-3.86719,-11.9411,0.0188,0.1476,IncreaseQuarterPeriod,extended
12.3295,82,-6.14083,0.105381,-7.01262,0.0,0.0,0.0,0.0,0.0,0.0,0.0,-5.09766,-11.942,0.00674,0.13537,IncreaseQuarterPeriod,seated
12.4797,83,-5.49897,0.0479004,-8.00895,0.0,0.0,0.0,0.0,0.0,0.0,0.0,-5.625,-10.3028,0.00674,0.13537,IncreaseQuarterPeriod,seated
12.6298,84,4.06195,-0.440684,-10.0112,0.0,0.0,0.0,0.0,0.0,0.0,0.0,-5.625,-7.72701,0.00674,0.13537,IncreaseQuarterPeriod,seated
12.78,85,-1.91602,-0.507744,-10.3369,0.0,0.0,0.0,0.0,0.0,0.0,0.0,-4.74609,-3.7465,0.00674,0.13537,IncreaseQuarterPeriod,seated
12.9301,86,-1.62861,-0.229922,-9.25436,0.0,0.0,0.0,0.0,0.0,0.0,0.0,-2.98828,1.17081,0.00674,0.13537,IncreaseQuarterPeriod,seated
13.0802,87,-1.55197,-0.325723,-9.6184,0.0,0.0,0.0,0.0,0.0,0.0,0.0,-1.23047,5.15113,0.00674,0.13537,IncreaseQuarterPeriod,seated
13.2304,88,-1.61903,-0.239502,-9.5705,0.0,0.0,0.0,0.0,0.0,0.0,0.0,1.05469,8.89744,0.00674,0.13537,IncreaseQuarterPeriod,seated
13.3806,89,-1.59029,-0.229922,-9.78126,0.0,0.0,0.0,0.0,0.0,0.0,0.0,3.16406,11.707,0.00674,0.13537,IncreaseQuarterPeriod,seated
13.5307,90,-1.56155,-0.220342,-9.7621,0.0,0.0,0.0,0.0,0.0,0.0,0.0,4.57031,12.4096,0.00674,0.13537,IncreaseQuarterPeriod,seated
13.6808,91,-1.03465,-0.622705,-9.08191,0.0,0.0,0.0,0.0,0.0,0.0,0.0,5.625,11.4743,0.0188,0.1476,IncreaseQuarterPeriod,extended
13.8308,92,-5.23072,-0.421523,-8.68913,0.0,0.0,0.0,0.0,0.0,0.0,0.0,5.625,9.13385,0.0188,0.1476,IncreaseQuarterPeriod,extended
13.981,93,-7.7886,-0.344883,-6.60067,0.0,0.0,0.0,0.0,0.0,0.0,0.0,5.27344,5.62086,0.0188,0.1476,IncreaseQuarterPeriod,extended
14.1311,94,-6.52403,-0.249082,-7.4533,0.0,0.0,0.0,0.0,0.0,0.0,0.0,4.04297,1.17104,0.0188,0.1476,IncreaseQuarterPeriod,extended
14.2813,95,-6.31327,-0.105381,-7.73112,0.0,0.0,0.0,0.0,0.0,0.0,0.0,1.93359,-3.513,0.0188,0.1476,IncreaseQuarterPeriod,extended
14.4314,96,-5.95881,-0.0383203,-7.49162,0.0,0.0,0.0,0.0,0.0,0.0,0.0,0.0,-7.49354,0.0188,0.1476,IncreaseQuarterPeriod,extended
14.5816,97,-6.36117,-0.249082,-7.70238,0.0,0.0,0.0,0.0,0.0,0.0,0.0,-2.10938,-10.302,0.0188,0.1476,IncreaseQuarterPeriod,extended
14.7317,98,-6.21747,-0.229922,-7.5491,0.0,0.0,0.0,0.0,0.0,0.0,0.0,-4.04297,-12.409,0.0188,0.1476,IncreaseQuarterPeriod,extended
14.8818,99,-6.22705,-0.0287402,-6.94556,0.0,0.0,0.0,0.0,0.0,0.0,0.0,-5.27344,-12.4103,0.00674,0.13537,IncreaseQuarterPeriod,seated
15.032,100,-6.32285,-0.296982,-8.44005,0.0,0.0,0.0,0.0,0.0,0.0,0.0,-5.97656,-10.5371,0.00674,0.13537,IncreaseQuarterPeriod,seated
15.1821,101,0.526904,0.0862207,-10.4998,0.0,0.0,0.0,0.0,0.0,0.0,0.0,-5.625,-7.49334,0.00674,0.13537,IncreaseQuarterPeriod,seated
15.3322,102,-1.19751,-0.603545,-10.0399,0.0,0.0,0.0,0.0,0.0,0.0,0.0,-4.57031,-3.27832,0.00674,0.13537,IncreaseQuarterPeriod,seated
15.4824,103,-1.75315,-0.431104,-9.46512,0.0,0.0,0.0,0.0,0.0,0.0,0.0,-2.8125,1.63923,0.00674,0.13537,IncreaseQuarterPeriod,seated
15.6325,104,-1.46575,-0.373623,-9.70462,0.0,0.0,0.0,0.0,0.0,0.0,0.0,-1.05469,5.61978,0.00674,0.13537,IncreaseQuarterPeriod,seated
15.7827,105,-1.56155,-0.210762,-9.70462,0.0,0.0,0.0,0.0,0.0,0.0,0.0,1.05469,9.3662,0.00674,0.13537,IncreaseQuarterPeriod,seated
15.9328,106,-1.52323,-0.229922,-9.68546,0.0,0.0,0.0,0.0,0.0,0.0,0.0,3.16406,11.7072,0.00674,0.13537,IncreaseQuarterPeriod,seated
16.083,107,-1.56155,-0.258662,-9.84832,0.0,0.0,0.0,0.0,0.0,0.0,0.0,4.92188,12.6438,0.00674,0.13537,IncreaseQuarterPeriod,seated
16.233,108,-1.48491,-0.210762,-10.0112,0.0,0.0,0.0,0.0,0.0,0.0,0.0,5.80078,11.4742,0.0188,0.1476,IncreaseQuarterPeriod,extended
16.3832,109,-3.05605,-0.124541,-8.16223,0.0,0.0,0.0,0.0,0.0,0.0,0.0,5.80078,9.13215,0.0188,0.1476,IncreaseQuarterPeriod,extended
16.5334,110,-4.20565,0.172441,-7.58742,0.0,0.0,0.0,0.0,0.0,0.0,0.0,5.27344,5.61979,0.0188,0.1476,IncreaseQuarterPeriod,extended
16.6835,111,-5.44148,0.162861,-7.46288,0.0,0.0,0.0,0.0,0.0,0.0,0.0,4.04297,1.1708,0.0188,0.1476,IncreaseQuarterPeriod,extended
16.8337,112,-6.18873,-0.201182,-7.597,0.0,0.0,0.0,0.0,0.0,0.0,0.0,1.93359,-3.98073,0.0188,0.1476,IncreaseQuarterPeriod,extended
16.9838,113,-6.42823,-0.182021,-7.57784,0.0,0.0,0.0,0.0,0.0,0.0,0.0,-0.175781,-7.96054,0.0188,0.1476,IncreaseQuarterPeriod,extended
17.134,114,-6.39949,-0.316143,-7.53952,0.0,0.0,0.0,0.0,0.0,0.0,0.0,-2.46094,-11.0041,0.0188,0.1476,IncreaseQuarterPeriod,extended
17.2841,115,-6.17915,-0.210762,-7.4054,0.0,0.0,0.0,0.0,0.0,0.0,0.0,-4.21875,-12.643,0.0188,0.1476,IncreaseQuarterPeriod,extended
17.4342,116,-5.88217,-0.0383203,-7.09884,0.0,0.0,0.0,0.0,0.0,0.0,0.0,-5.625,-12.8785,0.00674,0.13537,IncreaseQuarterPeriod,seated
17.5844,117,-6.59109,0.277822,-9.32142,0.0,0.0,0.0,0.0,0.0,0.0,0.0,-6.15234,-10.771,0.00674,0.13537,IncreaseQuarterPeriod,seated
17.7345,118,2.50998,-0.440684,-8.37299,0.0,0.0,0.0,0.0,0.0,0.0,0.0,-5.80078,-7.49306,0.00674,0.13537,IncreaseQuarterPeriod,seated
17.8846,119,-1.25499,-0.450264,-9.86748,0.0,0.0,0.0,0.0,0.0,0.0,0.0,-4.74609,-3.04418,0.00674,0.13537,IncreaseQuarterPeriod,seated
18.0348,120,-1.30289,-0.325723,-9.51302,0.0,0.0,0.0,0.0,0.0,0.0,0.0,-2.8125,1.87338,0.00674,0.13537,IncreaseQuarterPeriod,seated
18.1849,121,-1.49449,-0.383203,-9.60882,0.0,0.0,0.0,0.0,0.0,0.0,0.0,-1.05469,6.08803,0.00674,0.13537,IncreaseQuarterPeriod,seated
18.3351,122,-1.60945,-0.191602,-9.62798,0.0,0.0,0.0,0.0,0.0,0.0,0.0,1.23047,9.83459,0.00674,0.13537,IncreaseQuarterPeriod,seated
18.4852,123,-1.60945,-0.201182,-9.75252,0.0,0.0,0.0,0.0,0.0,0.0,0.0,3.51562,12.4098,0.00674,0.13537,IncreaseQuarterPeriod,seated
18.6354,124,-1.58071,-0.258662,-9.75252,0.0,0.0,0.0,0.0,0.0,0.0,0.0,5.09766,13.1119,0.00674,0.13537,IncreaseQuarterPeriod,seated
18.7855,125,-0.210762,0.0479004,-9.62798,0.0,0.0,0.0,0.0,0.0,0.0,0.0,5.97656,11.7081,0.0188,0.1476,IncreaseQuarterPeriod,extended
18.9356,126,-5.12534,-0.258662,-7.89398,0.0,0.0,0.0,0.0,0.0,0.0,0.0,5.97656,9.36616,0.0188,0.1476,IncreaseQuarterPeriod,extended
19.0858,127,-6.09293,0.0958008,-7.42456,0.0,0.0,0.0,0.0,0.0,0.0,0.0,5.44922,5.61964,0.0188,0.1476,IncreaseQuarterPeriod,extended
19.2359,128,-5.3361,-0.0670606,-7.32876,0.0,0.0,0.0,0.0,0.0,0.0,0.0,4.04297,0.702483,0.0188,0.1476,IncreaseQuarterPeriod,extended
19.3861,129,-6.53361,-0.134121,-7.92272,0.0,0.0,0.0,0.0,0.0,0.0,0.0,1.75781,-4.44906,0.0188,0.1476,IncreaseQuarterPeriod,extended
19.5362,130,-6.24621,-0.105381,-7.48204,0.0,0.0,0.0,0.0,0.0,0.0,0.0,-0.175781,-8.19483,0.0188,0.1476,IncreaseQuarterPeriod,extended
19.6864,131,-6.17915,-0.191602,-7.48204,0.0,0.0,0.0,0.0,0.0,0.0,0.0,-2.63672,-11.4725,0.0188,0.1476,IncreaseQuarterPeriod,extended
19.8366,132,-6.04503,-0.201182,-7.47246,0.0,0.0,0.0,0.0,0.0,0.0,0.0,-4.57031,-13.3457,0.0188,0.1476,IncreaseQuarterPeriod,extended
19.9866,133,-6.48571,-0.191602,-6.94556,0.0,0.0,0.0,0.0,0.0,0.0,0.0,-5.80078,-13.1128,0.00674,0.13537,IncreaseQuarterPeriod,seated
20.1368,134,-5.13492,0.172441,-8.09517,0.0,0.0,0.0,0.0,0.0,0.0,0.0,-6.32812,-10.7712,0.00674,0.13537,IncreaseQuarterPeriod,seated
20.2868,135,2.38544,-0.296982,-9.9537,0.0,0.0,0.0,0.0,0.0,0.0,0.0,-5.97656,-7.72835,0.00674,0.13537,IncreaseQuarterPeriod,seated
20.437,136,-1.45617,-0.555645,-10.1645,0.0,0.0,0.0,0.0,0.0,0.0,0.0,-4.74609,-2.81037,0.00674,0.13537,IncreaseQuarterPeriod,seated
20.5871,137,-1.39869,-0.249082,-9.43638,0.0,0.0,0.0,0.0,0.0,0.0,0.0,-2.98828,2.10782,0.00674,0.13537,IncreaseQuarterPeriod,seated
20.7373,138,-1.55197,-0.287402,-9.55134,0.0,0.0,0.0,0.0,0.0,0.0,0.0,-0.878906,6.55698,0.00674,0.13537,IncreaseQuarterPeriod,seated
20.8874,139,-1.45617,-0.191602,-9.54176,0.0,0.0,0.0,0.0,0.0,0.0,0.0,1.58203,10.5381,0.00674,0.13537,IncreaseQuarterPeriod,seated
21.0376,140,-1.67651,-0.239502,-9.84832,0.0,0.0,0.0,0.0,0.0,0.0,0.0,3.51562,12.6435,0.00674,0.13537,IncreaseQuarterPeriod,seated
21.1877,141,-1.53281,-0.287402,-9.77168,0.0,0.0,0.0,0.0,0.0,0.0,0.0,5.27344,13.3461,0.00674,0.13537,IncreaseQuarterPeriod,seated
21.3378,142,-1.05381,-1.18793,-9.25436,0.0,0.0,0.0,0.0,0.0,0.0,0.0,6.32812,12.4105,0.0188,0.1476,IncreaseQuarterPeriod,extended
21.4879,143,-4.77088,-0.287402,-8.34425,0.0,0.0,0.0,0.0,0.0,0.0,0.0,6.15234,9.36646,0.0188,0.1476,IncreaseQuarterPeriod,extended
21.6381,144,-8.92863,-0.105381,-9.10107,0.0,0.0,0.0,0.0,0.0,0.0,0.0,5.625,5.38566,0.0188,0.1476,IncreaseQuarterPeriod,extended
21.7883,145,-6.51445,-0.134121,-7.7407,0.0,0.0,0.0,0.0,0.0,0.0,0.0,4.04297,0.702485,0.0188,0.1476,IncreaseQuarterPeriod,extended
21.9384,146,-5.89175,-0.134121,-7.5491,0.0,0.0,0.0,0.0,0.0,0.0,0.0,1.75781,-4.68321,0.0188,0.1476,IncreaseQuarterPeriod,extended
22.0886,147,-6.34201,-0.201182,-7.79818,0.0,0.0,0.0,0.0,0.0,0.0,0.0,-0.351562,-8.89719,0.0188,0.1476,IncreaseQuarterPeriod,extended
22.2387,148,-6.52403,-0.306563,-7.62574,0.0,0.0,0.0,0.0,0.0,0.0,0.0,-2.8125,-11.9406,0.0188,0.1476,IncreaseQuarterPeriod,extended
22.3888,149,-5.79595,-0.153281,-7.23296,0.0,0.0,0.0,0.0,0.0,0.0,0.0,-4.74609,-13.8153,0.0188,0.1476,IncreaseQuarterPeriod,extended
22.5389,150,-5.89175,-0.134121,-7.1659,0.0,0.0,0.0,0.0,0.0,0.0,0.0,-5.97656,-13.3484,0.00674,0.13537,IncreaseQuarterPeriod,seated
22.689,151,-6.34201,-0.268242,-7.91315,0.0,0.0,0.0,0.0,0.0,0.0,0.0,-6.50391,-11.0066,0.00674,0.13537,IncreaseQuarterPeriod,seated
22.8392,152,5.01038,-0.833467,-7.2617,0.0,0.0,0.0,0.0,0.0,0.0,0.0,-6.15234,-7.72803,0.00674,0.13537,IncreaseQuarterPeriod,seated
22.9893,153,-1.82021,-0.555645,-9.9537,0.0,0.0,0.0,0.0,0.0,0.0,0.0,-5.09766,-3.04445,0.00674,0.13537,IncreaseQuarterPeriod,seated
23.1395,154,-1.88728,-0.459844,-9.94412,0.0,0.0,0.0,0.0,0.0,0.0,0.0,-3.16406,2.10745,0.00674,0.13537,IncreaseQuarterPeriod,seated
23.2896,155,-1.49449,-0.268242,-9.59924,0.0,0.0,0.0,0.0,0.0,0.0,0.0,-0.878906,6.78997,0.00674,0.13537,IncreaseQuarterPeriod,seated
23.4398,156,-1.53281,-0.210762,-9.69504,0.0,0.0,0.0,0.0,0.0,0.0,0.0,1.58203,10.7702,0.00674,0.13537,IncreaseQuarterPeriod,seated
23.59,157,-1.62861,-0.239502,-9.84832,0.0,0.0,0.0,0.0,0.0,0.0,0.0,3.86719,13.3454,0.00674,0.13537,IncreaseQuarterPeriod,seated
23.7401,158,-1.49449,-0.249082,-9.84832,0.0,0.0,0.0,0.0,0.0,0.0,0.0,5.44922,14.0477,0.00674,0.13537,IncreaseQuarterPeriod,seated
23.9033,159,0.0287402,-0.498164,-8.62207,0.0,0.0,0.0,0.0,0.0,0.0,0.0,6.50391,12.658,0.0188,0.1476,IncreaseQuarterPeriod,extended
24.0534,160,-2.82612,0.249082,-7.14674,0.0,0.0,0.0,0.0,0.0,0.0,0.0,6.32812,9.4359,0.0188,0.1476,IncreaseQuarterPeriod,extended
24.2036,161,-7.67364,-0.210762,-8.79451,0.0,0.0,0.0,0.0,0.0,0.0,0.0,5.625,5.29332,0.0188,0.1476,IncreaseQuarterPeriod,extended
24.3537,162,-7.03178,0.0574805,-7.47246,0.0,0.0,0.0,0.0,0.0,0.0,0.0,4.04297,0.230147,0.0188,0.1476,IncreaseQuarterPeriod,extended
24.5038,163,-7.15632,-0.191602,-7.75028,0.0,0.0,0.0,0.0,0.0,0.0,0.0,1.40625,-5.29399,0.0188,0.1476,IncreaseQuarterPeriod,extended
24.6539,164,-6.00671,-0.210762,-7.34792,0.0,0.0,0.0,0.0,0.0,0.0,0.0,-0.703125,-9.6007,0.0188,0.1476,IncreaseQuarterPeriod,extended
24.8041,165,-6.39949,-0.344883,-7.63532,0.0,0.0,0.0,0.0,0.0,0.0,0.0,-3.16406,-12.6447,0.0188,0.1476,IncreaseQuarterPeriod,extended
24.9543,166,-6.13125,-0.143701,-7.48204,0.0,0.0,0.0,0.0,0.0,0.0,0.0,-5.09766,-14.2838,0.0188,0.1476,IncreaseQuarterPeriod,extended
25.1043,167,-6.18873,0.0574805,-7.01262,0.0,0.0,0.0,0.0,0.0,0.0,0.0,-6.32812,-13.817,0.00674,0.13537,IncreaseQuarterPeriod,seated
25.2545,168,-6.01629,-0.335303,-6.9264,0.0,0.0,0.0,0.0,0.0,0.0,0.0,-6.67969,-10.7713,0.00674,0.13537,IncreaseQuarterPeriod,seated
25.4046,169,0.306563,-0.0958008,-9.24478,0.0,0.0,0.0,0.0,0.0,0.0,0.0,-6.15234,-7.25889,0.00674,0.13537,IncreaseQuarterPeriod,seated
25.5548,170,-2.77822,-0.0191602,-10.586,0.0,0.0,0.0,0.0,0.0,0.0,0.0,-5.09766,-2.57575,0.00674,0.13537,IncreaseQuarterPeriod,seated
25.705,171,-2.08846,-0.306563,-9.69504,0.0,0.0,0.0,0.0,0.0,0.0,0.0,-2.28516,3.74657,0.00674,0.13537,IncreaseQuarterPeriod,seated
25.8551,172,-1.59029,-0.134121,-9.54176,0.0,0.0,0.0,0.0,0.0,0.0,0.0,-0.527344,7.72692,0.00674,0.13537,IncreaseQuarterPeriod,seated
26.0052,173,-1.52323,-0.258662,-9.8579,0.0,0.0,0.0,0.0,0.0,0.0,0.0,2.63672,12.4099,0.00674,0.13537,IncreaseQuarterPeriod,seated
26.1553,174,-1.67651,-0.239502,-9.84832,0.0,0.0,0.0,0.0,0.0,0.0,0.0,4.21875,13.8152,0.00674,0.13537,IncreaseQuarterPeriod,seated
26.3055,175,-1.50407,-0.325723,-9.65672,0.0,0.0,0.0,0.0,0.0,0.0,0.0,5.97656,14.7518,0.00674,0.13537,IncreaseQuarterPeriod,seated
26.5345,176,0.593965,-0.153281,-11.8027,0.0,0.0,0.0,0.0,0.0,0.0,0.0,6.67969,10.8063,0.0188,0.1476,IncreaseQuarterPeriod,extended
26.6847,177,-6.40907,-0.632285,-7.94188,0.0,0.0,0.0,0.0,0.0,0.0,0.0,5.97656,7.83973,0.0188,0.1476,IncreaseQuarterPeriod,extended
26.8348,178,-8.63165,0.0958008,-8.32509,0.0,0.0,0.0,0.0,0.0,0.0,0.0,4.74609,2.54269,0.0188,0.1476,IncreaseQuarterPeriod,extended
26.9849,179,-6.8306,0.0,-7.31918,0.0,0.0,0.0,0.0,0.0,0.0,0.0,2.8125,-1.6951,0.0188,0.1476,IncreaseQuarterPeriod,extended
27.1351,180,-5.64267,-0.220342,-7.32876,0.0,0.0,0.0,0.0,0.0,0.0,0.0,0.351562,-6.78039,0.0188,0.1476,IncreaseQuarterPeriod,extended
27.2853,181,-5.99713,-0.325723,-7.49162,0.0,0.0,0.0,0.0,0.0,0.0,0.0,-2.10938,-11.7076,0.0188,0.1476,IncreaseQuarterPeriod,extended
27.4354,182,-6.19831,-0.220342,-7.53952,0.0,0.0,0.0,0.0,0.0,0.0,0.0,-4.39453,-13.8143,0.0188,0.1476,IncreaseQuarterPeriod,extended
27.5855,183,-6.63899,-0.124541,-7.5491,0.0,0.0,0.0,0.0,0.0,0.0,0.0,-5.97656,-14.2834,0.00674,0.13537,IncreaseQuarterPeriod,seated
27.7357,184,-6.99346,0.469424,-9.12023,0.0,0.0,0.0,0.0,0.0,0.0,0.0,-6.67969,-12.6441,0.00674,0.13537,IncreaseQuarterPeriod,seated
27.8858,185,3.42009,0.459844,-9.15856,0.0,0.0,0.0,0.0,0.0,0.0,0.0,-6.67969,-9.36617,0.00674,0.13537,IncreaseQuarterPeriod,seated
28.0359,186,-1.80105,-0.670605,-9.6184,0.0,0.0,0.0,0.0,0.0,0.0,0.0,-5.625,-4.68318,0.00674,0.13537,IncreaseQuarterPeriod,seated
28.1861,187,-1.50407,-0.584385,-9.64714,0.0,0.0,0.0,0.0,0.0,0.0,0.0,-3.33984,1.40501,0.00674,0.13537,IncreaseQuarterPeriod,seated
28.3362,188,-1.62861,-0.335303,-9.54176,0.0,0.0,0.0,0.0,0.0,0.0,0.0,-1.58203,5.8539,0.00674,0.13537,IncreaseQuarterPeriod,seated
28.4864,189,-1.55197,-0.287402,-9.78126,0.0,0.0,0.0,0.0,0.0,0.0,0.0,0.878906,10.0687,0.00674,0.13537,IncreaseQuarterPeriod,seated
28.6365,190,-1.59029,-0.249082,-9.92496,0.0,0.0,0.0,0.0,0.0,0.0,0.0,3.33984,13.3464,0.00674,0.13537,IncreaseQuarterPeriod,seated
28.7867,191,-1.48491,-0.210762,-9.70462,0.0,0.0,0.0,0.0,0.0,0.0,0.0,5.27344,14.5167,0.00674,0.13537,IncreaseQuarterPeriod,seated
28.9368,192,-0.316143,-1.31247,-10.3656,0.0,0.0,0.0,0.0,0.0,0.0,0.0,6.67969,13.3472,0.0188,0.1476,IncreaseQuarterPeriod,extended
29.0869,193,-4.19607,-0.364043,-8.68913,0.0,0.0,0.0,0.0,0.0,0.0,0.0,6.67969,11.0052,0.0188,0.1476,IncreaseQuarterPeriod,extended
29.2371,194,-8.82325,0.0479004,-7.8844,0.0,0.0,0.0,0.0,0.0,0.0,0.0,6.32812,7.25869,0.0188,0.1476,IncreaseQuarterPeriod,extended
29.3872,195,-7.39582,0.220342,-7.23296,0.0,0.0,0.0,0.0,0.0,0.0,0.0,4.92188,2.10738,0.0188,0.1476,IncreaseQuarterPeriod,extended
29.5374,196,-6.70606,-0.105381,-7.86524,0.0,0.0,0.0,0.0,0.0,0.0,0.0,2.63672,-3.51232,0.0188,0.1476,IncreaseQuarterPeriod,extended
29.6876,197,-5.88217,-0.191602,-7.36708,0.0,0.0,0.0,0.0,0.0,0.0,0.0,0.351562,-8.42856,0.0188,0.1476,IncreaseQuarterPeriod,extended
29.8377,198,-6.39949,-0.268242,-7.52036,0.0,0.0,0.0,0.0,0.0,0.0,0.0,-2.28516,-11.9402,0.0188,0.1476,IncreaseQuarterPeriod,extended
29.9878,199,-6.24621,-0.201182,-7.52036,0.0,0.0,0.0,0.0,0.0,0.0,0.0,-4.57031,-14.517,0.0188,0.1476,IncreaseQuarterPeriod,extended
30.1379,200,-6.71563,-0.191602,-7.65448,0.0,0.0,0.0,0.0,0.0,0.0,0.0,-6.15234,-14.7528,0.00674,0.13537,IncreaseQuarterPeriod,seated
30.288,201,-6.79228,0.364043,-8.33467,0.0,0.0,0.0,0.0,0.0,0.0,0.0,-7.03125,-12.8795,0.00674,0.13537,IncreaseQuarterPeriod,seated
30.4382,202,0.986748,-0.325723,-8.25803,0.0,0.0,0.0,0.0,0.0,0.0,0.0,-6.85547,-9.60108,0.00674,0.13537,IncreaseQuarterPeriod,seated
30.5884,203,-1.29331,-0.498164,-10.0687,0.0,0.0,0.0,0.0,0.0,0.0,0.0,-5.97656,-4.91779,0.00674,0.13537,IncreaseQuarterPeriod,seated
30.7385,204,-1.9256,-0.421523,-9.4747,0.0,0.0,0.0,0.0,0.0,0.0,0.0,-3.69141,1.17079,0.00674,0.13537,IncreaseQuarterPeriod,seated
30.8887,205,-1.59029,-0.191602,-9.69504,0.0,0.0,0.0,0.0,0.0,0.0,0.0,-1.58203,6.08746,0.00674,0.13537,IncreaseQuarterPeriod,seated
31.0388,206,-1.66693,-0.220342,-9.8579,0.0,0.0,0.0,0.0,0.0,0.0,0.0,1.05469,10.7704,0.00674,0.13537,IncreaseQuarterPeriod,seated
31.189,207,-1.66693,-0.153281,-9.72378,0.0,0.0,0.0,0.0,0.0,0.0,0.0,3.51562,13.8142,0.00674,0.13537,IncreaseQuarterPeriod,seated
31.3391,208,-1.60945,-0.210762,-9.72378,0.0,0.0,0.0,0.0,0.0,0.0,0.0,5.44922,15.2187,0.00674,0.13537,IncreaseQuarterPeriod,seated
31.5003,209,0.900527,-0.411943,-8.75619,0.0,0.0,0.0,0.0,0.0,0.0,0.0,6.85547,13.8446,0.0188,0.1476,IncreaseQuarterPeriod,extended
31.6505,210,-4.40684,-1.21667,-7.84608,0.0,0.0,0.0,0.0,0.0,0.0,0.0,6.85547,11.0756,0.0188,0.1476,IncreaseQuarterPeriod,extended
31.8006,211,-7.8365,-0.0574805,-7.79818,0.0,0.0,0.0,0.0,0.0,0.0,0.0,6.15234,6.69132,0.0188,0.1476,IncreaseQuarterPeriod,extended
31.9508,212,-6.49529,-0.172441,-7.32876,0.0,0.0,0.0,0.0,0.0,0.0,0.0,4.74609,1.61515,0.0188,0.1476,IncreaseQuarterPeriod,extended
32.101,213,-6.31327,0.0191602,-7.24254,0.0,0.0,0.0,0.0,0.0,0.0,0.0,2.28516,-4.1532,0.0188,0.1476,IncreaseQuarterPeriod,extended
32.2511,214,-5.88217,0.00958008,-7.39582,0.0,0.0,0.0,0.0,0.0,0.0,0.0,0.0,-9.1307,0.0188,0.1476,IncreaseQuarterPeriod,extended
32.4013,215,-6.24621,-0.364043,-7.52994,0.0,0.0,0.0,0.0,0.0,0.0,0.0,-2.8125,-12.8767,0.0188,0.1476,IncreaseQuarterPeriod,extended
32.5515,216,-6.25579,-0.143701,-7.53952,0.0,0.0,0.0,0.0,0.0,0.0,0.0,-4.92188,-14.7495,0.0188,0.1476,IncreaseQuarterPeriod,extended
32.7015,217,-5.80553,0.00958008,-7.13716,0.0,0.0,0.0,0.0,0.0,0.0,0.0,-6.50391,-14.9853,0.00674,0.13537,IncreaseQuarterPeriod,seated
32.8517,218,-6.01629,-0.249082,-8.31551,0.0,0.0,0.0,0.0,0.0,0.0,0.0,-7.20703,-12.6441,0.00674,0.13537,IncreaseQuarterPeriod,seated
33.0018,219,3.37219,-0.239502,-9.8579,0.0,0.0,0.0,0.0,0.0,0.0,0.0,-6.85547,-9.13243,0.00674,0.13537,IncreaseQuarterPeriod,seated
33.152,220,-2.04056,-0.191602,-9.46512,0.0,0.0,0.0,0.0,0.0,0.0,0.0,-5.625,-3.74669,0.00674,0.13537,IncreaseQuarterPeriod,seated
33.3021,221,-1.85854,-0.162861,-9.54176,0.0,0.0,0.0,0.0,0.0,0.0,0.0,-3.51562,1.87341,0.00674,0.13537,IncreaseQuarterPeriod,seated
33.4522,222,-1.42743,-0.325723,-9.62798,0.0,0.0,0.0,0.0,0.0,0.0,0.0,-1.40625,6.79045,0.00674,0.13537,IncreaseQuarterPeriod,seated
33.6024,223,-1.51365,-0.249082,-9.7142,0.0,0.0,0.0,0.0,0.0,0.0,0.0,1.40625,11.4736,0.00674,0.13537,IncreaseQuarterPeriod,seated
33.7526,224,-1.60945,-0.229922,-9.84832,0.0,0.0,0.0,0.0,0.0,0.0,0.0,3.86719,14.2824,0.00674,0.13537,IncreaseQuarterPeriod,seated
33.9027,225,-1.51365,-0.210762,-9.72378,0.0,0.0,0.0,0.0,0.0,0.0,0.0,5.80078,15.2189,0.00674,0.13537,IncreaseQuarterPeriod,seated
34.0528,226,-0.938848,-0.124541,-9.13939,0.0,0.0,0.0,0.0,0.0,0.0,0.0,7.03125,14.0494,0.0188,0.1476,IncreaseQuarterPeriod,extended
34.2029,227,-3.26681,0.306563,-8.97653,0.0,0.0,0.0,0.0,0.0,0.0,0.0,7.03125,11.2395,0.0188,0.1476,IncreaseQuarterPeriod,extended
34.3531,228,-6.53361,-0.325723,-8.44005,0.0,0.0,0.0,0.0,0.0,0.0,0.0,6.50391,6.79044,0.0188,0.1476,IncreaseQuarterPeriod,extended
34.5033,229,-5.80553,-0.325723,-7.60658,0.0,0.0,0.0,0.0,0.0,0.0,0.0,4.74609,1.17076,0.0188,0.1476,IncreaseQuarterPeriod,extended
34.6535,230,-6.20789,-0.0574805,-7.5012,0.0,0.0,0.0,0.0,0.0,0.0,0.0,2.46094,-4.44843,0.0188,0.1476,IncreaseQuarterPeriod,extended
34.8037,231,-6.51445,-0.0383203,-7.77902,0.0,0.0,0.0,0.0,0.0,0.0,0.0,-0.175781,-9.59817,0.0188,0.1476,IncreaseQuarterPeriod,extended
34.9538,232,-6.36117,-0.249082,-7.48204,0.0,0.0,0.0,0.0,0.0,0.0,0.0,-2.8125,-13.1094,0.0188,0.1476,IncreaseQuarterPeriod,extended
35.104,233,-6.09293,-0.220342,-7.48204,0.0,0.0,0.0,0.0,0.0,0.0,0.0,-5.27344,-15.6841,0.0188,0.1476,IncreaseQuarterPeriod,extended
35.2541,234,-6.51445,0.0479004,-7.46288,0.0,0.0,0.0,0.0,0.0,0.0,0.0,-6.67969,-15.2179,0.00674,0.13537,IncreaseQuarterPeriod,seated
35.4042,235,-6.77312,0.0862207,-8.04727,0.0,0.0,0.0,0.0,0.0,0.0,0.0,-7.38281,-13.1121,0.00674,0.13537,IncreaseQuarterPeriod,seated
35.5544,236,4.68466,0.00958008,-10.1166,0.0,0.0,0.0,0.0,0.0,0.0,0.0,-7.03125,-9.13169,0.00674,0.13537,IncreaseQuarterPeriod,seated
35.7046,237,-0.843047,-0.210762,-9.5705,0.0,0.0,0.0,0.0,0.0,0.0,0.0,-5.97656,-4.2147,0.00674,0.13537,IncreaseQuarterPeriod,seated
35.8547,238,-2.22258,-0.421523,-9.72378,0.0,0.0,0.0,0.0,0.0,0.0,0.0,-3.69141,2.10738,0.00674,0.13537,IncreaseQuarterPeriod,seated
36.0049,239,-1.38911,-0.325723,-9.54176,0.0,0.0,0.0,0.0,0.0,0.0,0.0,-1.23047,7.25803,0.00674,0.13537,IncreaseQuarterPeriod,seated
36.155,240,-1.51365,-0.220342,-9.7621,0.0,0.0,0.0,0.0,0.0,0.0,0.0,1.93359,12.4089,0.00674,0.13537,IncreaseQuarterPeriod,seated
36.3052,241,-1.61903,-0.239502,-9.84832,0.0,0.0,0.0,0.0,0.0,0.0,0.0,4.21875,14.9845,0.00674,0.13537,IncreaseQuarterPeriod,seated
36.4553,242,-1.49449,-0.258662,-9.70462,0.0,0.0,0.0,0.0,0.0,0.0,0.0,5.97656,15.9213,0.00674,0.13537,IncreaseQuarterPeriod,seated
36.6054,243,-1.22625,-1.33163,-10.1549,0.0,0.0,0.0,0.0,0.0,0.0,0.0,7.20703,14.518,0.0188,0.1476,IncreaseQuarterPeriod,extended
36.7556,244,-7.17548,-0.277822,-7.58742,0.0,0.0,0.0,0.0,0.0,0.0,0.0,7.20703,11.2398,0.0188,0.1476,IncreaseQuarterPeriod,extended
36.9057,245,-6.20789,0.00958008,-8.16223,0.0,0.0,0.0,0.0,0.0,0.0,0.0,6.67969,6.3224,0.0188,0.1476,IncreaseQuarterPeriod,extended
37.0559,246,-5.4319,-0.277822,-7.62574,0.0,0.0,0.0,0.0,0.0,0.0,0.0,4.74609,0.702483,0.0188,0.1476,IncreaseQuarterPeriod,extended
37.206,247,-6.43781,-0.00958008,-7.63532,0.0,0.0,0.0,0.0,0.0,0.0,0.0,2.28516,-4.91733,0.0188,0.1476,IncreaseQuarterPeriod,extended
37.3562,248,-6.43781,-0.0766406,-7.57784,0.0,0.0,0.0,0.0,0.0,0.0,0.0,-0.351562,-10.0678,0.0188,0.1476,IncreaseQuarterPeriod,extended
37.5063,249,-6.06419,-0.306563,-7.44372,0.0,0.0,0.0,0.0,0.0,0.0,0.0,-2.98828,-13.5796,0.0188,0.1476,IncreaseQuarterPeriod,extended
37.6565,250,-5.94923,-0.162861,-7.39582,0.0,0.0,0.0,0.0,0.0,0.0,0.0,-5.27344,-15.9208,0.0188,0.1476,IncreaseQuarterPeriod,extended
37.8066,251,-5.68099,-0.229922,-6.98388,0.0,0.0,0.0,0.0,0.0,0.0,0.0,-6.85547,-15.4539,0.00674,0.13537,IncreaseQuarterPeriod,seated
37.9567,252,-8.28677,0.574805,-9.32142,0.0,0.0,0.0,0.0,0.0,0.0,0.0,-7.55859,-13.1123,0.00674,0.13537,IncreaseQuarterPeriod,seated
38.1069,253,2.09804,-0.517324,-9.6663,0.0,0.0,0.0,0.0,0.0,0.0,0.0,-7.20703,-9.13175,0.00674,0.13537,IncreaseQuarterPeriod,seated
38.2571,254,-1.73399,-0.459844,-10.0016,0.0,0.0,0.0,0.0,0.0,0.0,0.0,-5.97656,-3.98057,0.00674,0.13537,IncreaseQuarterPeriod,seated
38.4072,255,-1.18793,-0.296982,-9.31184,0.0,0.0,0.0,0.0,0.0,0.0,0.0,-3.69141,2.1074,0.00674,0.13537,IncreaseQuarterPeriod,seated
38.5574,256,-1.66693,-0.268242,-9.79084,0.0,0.0,0.0,0.0,0.0,0.0,0.0,-1.05469,7.72636,0.00674,0.13537,IncreaseQuarterPeriod,seated
38.7075,257,-1.54239,-0.268242,-9.91538,0.0,0.0,0.0,0.0,0.0,0.0,0.0,1.75781,12.4091,0.00674,0.13537,IncreaseQuarterPeriod,seated
38.8577,258,-1.66693,-0.249082,-9.77168,0.0,0.0,0.0,0.0,0.0,0.0,0.0,4.57031,15.6868,0.00674,0.13537,IncreaseQuarterPeriod,seated
39.0078,259,-1.59987,-0.306563,-9.84832,0.0,0.0,0.0,0.0,0.0,0.0,0.0,6.32812,16.3901,0.00674,0.13537,IncreaseQuarterPeriod,seated
39.1579,260,0.105381,0.0,-8.78493,0.0,0.0,0.0,0.0,0.0,0.0,0.0,7.38281,14.7524,0.0188,0.1476,IncreaseQuarterPeriod,extended
39.308,261,-6.04503,-0.536484,-7.3575,0.0,0.0,0.0,0.0,0.0,0.0,0.0,7.38281,11.24,0.0188,0.1476,IncreaseQuarterPeriod,extended
39.4582,262,-5.49897,-0.383203,-7.06052,0.0,0.0,0.0,0.0,0.0,0.0,0.0,6.67969,6.55648,0.0188,0.1476,IncreaseQuarterPeriod,extended
39.6084,263,-5.72889,-0.325723,-7.52036,0.0,0.0,0.0,0.0,0.0,0.0,0.0,4.74609,0.234161,0.0188,0.1476,IncreaseQuarterPeriod,extended
39.7585,264,-6.21747,-0.249082,-7.7407,0.0,0.0,0.0,0.0,0.0,0.0,0.0,2.28516,-5.38542,0.0188,0.1476,IncreaseQuarterPeriod,extended
39.9087,265,-6.36117,-0.153281,-7.66406,0.0,0.0,0.0,0.0,0.0,0.0,0.0,-0.527344,-10.5357,0.0188,0.1476,IncreaseQuarterPeriod,extended
40.0588,266,-6.28453,-0.239502,-7.55868,0.0,0.0,0.0,0.0,0.0,0.0,0.0,-3.33984,-14.2821,0.0188,0.1476,IncreaseQuarterPeriod,extended
40.209,267,-5.97797,-0.172441,-7.3575,0.0,0.0,0.0,0.0,0.0,0.0,0.0,-5.625,-16.3895,0.0188,0.1476,IncreaseQuarterPeriod,extended
40.3591,268,-6.15041,-0.134121,-7.04136,0.0,0.0,0.0,0.0,0.0,0.0,0.0,-7.03125,-15.6888,0.00674,0.13537,IncreaseQuarterPeriod,seated
40.5092,269,-3.10395,0.0479004,-7.90356,0.0,0.0,0.0,0.0,0.0,0.0,0.0,-7.73438,-13.3471,0.00674,0.13537,IncreaseQuarterPeriod,seated
40.6594,270,1.09213,0.0958008,-10.8542,0.0,0.0,0.0,0.0,0.0,0.0,0.0,-7.20703,-8.89801,0.00674,0.13537,IncreaseQuarterPeriod,seated
40.8095,271,-1.59987,-0.488584,-10.0687,0.0,0.0,0.0,0.0,0.0,0.0,0.0,-5.97656,-3.51228,0.00674,0.13537,IncreaseQuarterPeriod,seated
40.9597,272,-1.28373,-0.239502,-9.43638,0.0,0.0,0.0,0.0,0.0,0.0,0.0,-3.69141,2.57567,0.00674,0.13537,IncreaseQuarterPeriod,seated
41.1098,273,-1.41785,-0.316143,-9.60882,0.0,0.0,0.0,0.0,0.0,0.0,0.0,-0.878906,8.19462,0.00674,0.13537,IncreaseQuarterPeriod,seated
41.26,274,-1.70525,-0.201182,-9.84832,0.0,0.0,0.0,0.0,0.0,0.0,0.0,1.93359,12.8774,0.00674,0.13537,IncreaseQuarterPeriod,seated
41.4101,275,-1.59987,-0.249082,-9.84832,0.0,0.0,0.0,0.0,0.0,0.0,0.0,4.74609,15.921,0.00674,0.13537,IncreaseQuarterPeriod,seated
41.5603,276,-1.62861,-0.249082,-9.8579,0.0,0.0,0.0,0.0,0.0,0.0,0.0,6.50391,16.6238,0.00674,0.13537,IncreaseQuarterPeriod,seated
41.7104,277,-1.60945,-0.574805,-8.58375,0.0,0.0,0.0,0.0,0.0,0.0,0.0,7.55859,14.9864,0.0188,0.1476,IncreaseQuarterPeriod,extended
41.8605,278,-4.25355,0.162861,-7.42456,0.0,0.0,0.0,0.0,0.0,0.0,0.0,7.55859,11.2397,0.0188,0.1476,IncreaseQuarterPeriod,extended
42.0107,279,-6.45697,0.0862207,-8.01853,0.0,0.0,0.0,0.0,0.0,0.0,0.0,6.67969,6.3223,0.0188,0.1476,IncreaseQuarterPeriod,extended
42.1608,280,-5.86301,-0.258662,-7.60658,0.0,0.0,0.0,0.0,0.0,0.0,0.0,4.74609,0.0,0.0188,0.1476,IncreaseQuarterPeriod,extended
42.311,281,-6.25579,-0.0287402,-7.70238,0.0,0.0,0.0,0.0,0.0,0.0,0.0,2.10938,-5.8539,0.0188,0.1476,IncreaseQuarterPeriod,extended
42.4611,282,-6.45697,-0.210762,-7.56826,0.0,0.0,0.0,0.0,0.0,0.0,0.0,-0.703125,-11.0041,0.0188,0.1476,IncreaseQuarterPeriod,extended
42.6113,283,-6.20789,-0.201182,-7.5012,0.0,0.0,0.0,0.0,0.0,0.0,0.0,-3.51562,-14.75,0.0188,0.1476,IncreaseQuarterPeriod,extended
42.7615,284,-5.98755,-0.182021,-7.43414,0.0,0.0,0.0,0.0,0.0,0.0,0.0,-5.80078,-16.623,0.0188,0.1476,IncreaseQuarterPeriod,extended
42.9115,285,-6.7827,0.0191602,-7.44372,0.0,0.0,0.0,0.0,0.0,0.0,0.0,-7.20703,-15.9222,0.00674,0.13537,IncreaseQuarterPeriod,seated
43.0617,286,-5.73847,0.105381,-8.93821,0.0,0.0,0.0,0.0,0.0,0.0,0.0,-7.91016,-13.3466,0.00674,0.13537,IncreaseQuarterPeriod,seated
43.2118,287,1.73399,-0.0383203,-9.01485,0.0,0.0,0.0,0.0,0.0,0.0,0.0,-7.38281,-8.89846,0.00674,0.13537,IncreaseQuarterPeriod,seated
43.362,288,-0.718506,-0.440684,-9.54176,0.0,0.0,0.0,0.0,0.0,0.0,0.0,-5.97656,-3.27842,0.00674,0.13537,IncreaseQuarterPeriod,seated
43.5121,289,-1.91602,-0.364043,-9.50344,0.0,0.0,0.0,0.0,0.0,0.0,0.0,-3.51562,3.04426,0.00674,0.13537,IncreaseQuarterPeriod,seated
43.6623,290,-1.47533,-0.325723,-9.69504,0.0,0.0,0.0,0.0,0.0,0.0,0.0,-0.878906,8.42935,0.00674,0.13537,IncreaseQuarterPeriod,seated
43.8124,291,-1.58071,-0.249082,-9.84832,0.0,0.0,0.0,0.0,0.0,0.0,0.0,2.28516,13.5806,0.00674,0.13537,IncreaseQuarterPeriod,seated
43.9626,292,-1.61903,-0.239502,-9.73336,0.0,0.0,0.0,0.0,0.0,0.0,0.0,5.09766,16.6233,0.00674,0.13537,IncreaseQuarterPeriod,seated
44.1127,293,-1.56155,-0.306563,-9.6663,0.0,0.0,0.0,0.0,0.0,0.0,0.0,6.67969,16.858,0.00674,0.13537,IncreaseQuarterPeriod,seated
44.2628,294,-0.258662,-0.526904,-9.4268,0.0,0.0,0.0,0.0,0.0,0.0,0.0,7.91016,15.2206,0.0188,0.1476,IncreaseQuarterPeriod,extended
44.413,295,-4.17691,-0.354463,-7.90356,0.0,0.0,0.0,0.0,0.0,0.0,0.0,7.73438,11.4739,0.0188,0.1476,IncreaseQuarterPeriod,extended
44.5631,296,-6.33243,-0.0670606,-7.84608,0.0,0.0,0.0,0.0,0.0,0.0,0.0,6.85547,6.08819,0.0188,0.1476,IncreaseQuarterPeriod,extended
44.7133,297,-5.87259,-0.105381,-7.66406,0.0,0.0,0.0,0.0,0.0,0.0,0.0,4.74609,-0.468322,0.0188,0.1476,IncreaseQuarterPeriod,extended
44.8634,298,-6.09293,-0.00958008,-7.61616,0.0,0.0,0.0,0.0,0.0,0.0,0.0,2.10938,-6.08799,0.0188,0.1476,IncreaseQuarterPeriod,extended
45.0136,299,-6.45697,-0.153281,-7.73112,0.0,0.0,0.0,0.0,0.0,0.0,0.0,-0.703125,-11.4724,0.0188,0.1476,IncreaseQuarterPeriod,extended
45.1637,300,-6.15041,-0.258662,-7.52994,0.0,0.0,0.0,0.0,0.0,0.0,0.0,-3.51562,-14.9843,0.0188,0.1476,IncreaseQuarterPeriod,extended
45.3138,301,-6.01629,-0.143701,-7.39582,0.0,0.0,0.0,0.0,0.0,0.0,0.0,-5.97656,-17.0938,0.0188,0.1476,IncreaseQuarterPeriod,extended
45.464,302,-6.10251,-0.162861,-7.44372,0.0,0.0,0.0,0.0,0.0,0.0,0.0,-7.55859,-16.3913,0.0188,0.1476,IncreaseQuarterPeriod,extended
45.614,303,-6.32285,-0.373623,-7.42456,0.0,0.0,0.0,0.0,0.0,0.0,0.0,-8.08594,-13.5826,0.00674,0.13537,IncreaseQuarterPeriod,seated
45.7642,304,-7.4054,0.0191602,-7.8844,0.0,0.0,0.0,0.0,0.0,0.0,0.0,-7.55859,-9.13314,0.00674,0.13537,IncreaseQuarterPeriod,seated
45.9143,305,2.12678,-0.364043,-10.2219,0.0,0.0,0.0,0.0,0.0,0.0,0.0,-5.97656,-3.27862,0.00674,0.13537,IncreaseQuarterPeriod,seated
46.0645,306,-1.85854,-0.210762,-9.6663,0.0,0.0,0.0,0.0,0.0,0.0,0.0,-3.86719,2.80987,0.00674,0.13537,IncreaseQuarterPeriod,seated
46.2147,307,-1.89686,-0.335303,-9.70462,0.0,0.0,0.0,0.0,0.0,0.0,0.0,-0.703125,9.13212,0.00674,0.13537,IncreaseQuarterPeriod,seated
46.3648,308,-1.58071,-0.201182,-9.7621,0.0,0.0,0.0,0.0,0.0,0.0,0.0,2.28516,13.814,0.00674,0.13537,IncreaseQuarterPeriod,seated
46.515,309,-1.53281,-0.210762,-9.77168,0.0,0.0,0.0,0.0,0.0,0.0,0.0,4.92188,16.6234,0.00674,0.13537,IncreaseQuarterPeriod,seated
46.6651,310,-1.70525,-0.306563,-9.7621,0.0,0.0,0.0,0.0,0.0,0.0,0.0,6.85547,17.0918,0.00674,0.13537,IncreaseQuarterPeriod,seated
46.8152,311,1.80105,-0.747246,-9.26394,0.0,0.0,0.0,0.0,0.0,0.0,0.0,7.91016,15.6886,0.0188,0.1476,IncreaseQuarterPeriod,extended
46.9653,312,-5.61393,-0.249082,-6.57193,0.0,0.0,0.0,0.0,0.0,0.0,0.0,7.91016,11.4738,0.0188,0.1476,IncreaseQuarterPeriod,extended
47.1155,313,-5.98755,-0.507744,-6.43781,0.0,0.0,0.0,0.0,0.0,0.0,0.0,6.85547,6.08808,0.0188,0.1476,IncreaseQuarterPeriod,extended
47.2657,314,-5.30736,-0.488584,-7.42456,0.0,0.0,0.0,0.0,0.0,0.0,0.0,4.92188,0.0,0.0188,0.1476,IncreaseQuarterPeriod,extended
47.4158,315,-6.54319,-0.105381,-7.7886,0.0,0.0,0.0,0.0,0.0,0.0,0.0,2.10938,-6.32223,0.0188,0.1476,IncreaseQuarterPeriod,extended
47.566,316,-6.52403,-0.114961,-7.62574,0.0,0.0,0.0,0.0,0.0,0.0,0.0,-0.878906,-11.7066,0.0188,0.1476,IncreaseQuarterPeriod,extended
47.7161,317,-5.84385,-0.258662,-7.32876,0.0,0.0,0.0,0.0,0.0,0.0,0.0,-3.69141,-15.4525,0.0188,0.1476,IncreaseQuarterPeriod,extended
47.8663,318,-6.12167,-0.153281,-7.49162,0.0,0.0,0.0,0.0,0.0,0.0,0.0,-6.15234,-17.3254,0.0188,0.1476,IncreaseQuarterPeriod,extended
48.0164,319,-6.60067,-0.287402,-6.84976,0.0,0.0,0.0,0.0,0.0,0.0,0.0,-7.73438,-16.8587,0.00674,0.13537,IncreaseQuarterPeriod,seated
48.1665,320,-5.97797,-0.0191602,-8.82325,0.0,0.0,0.0,0.0,0.0,0.0,0.0,-8.26172,-13.8148,0.00674,0.13537,IncreaseQuarterPeriod,seated
48.3167,321,1.70525,-0.862207,-8.44005,0.0,0.0,0.0,0.0,0.0,0.0,0.0,-7.55859,-8.89776,0.00674,0.13537,IncreaseQuarterPeriod,seated
48.4669,322,-0.890947,-0.622705,-9.19688,0.0,0.0,0.0,0.0,0.0,0.0,0.0,-6.15234,-3.27814,0.00674,0.13537,IncreaseQuarterPeriod,seated
48.617,323,-1.54239,-0.344883,-9.70462,0.0,0.0,0.0,0.0,0.0,0.0,0.0,-3.51562,3.51229,0.00674,0.13537,IncreaseQuarterPeriod,seated
48.7672,324,-1.45617,-0.229922,-9.59924,0.0,0.0,0.0,0.0,0.0,0.0,0.0,-0.703125,9.3652,0.00674,0.13537,IncreaseQuarterPeriod,seated
48.9173,325,-1.72441,-0.249082,-9.87706,0.0,0.0,0.0,0.0,0.0,0.0,0.0,2.46094,14.282,0.00674,0.13537,IncreaseQuarterPeriod,seated
49.0675,326,-1.59029,-0.239502,-9.84832,0.0,0.0,0.0,0.0,0.0,0.0,0.0,5.09766,16.8574,0.00674,0.13537,IncreaseQuarterPeriod,seated
49.2176,327,-1.50407,-0.239502,-9.69504,0.0,0.0,0.0,0.0,0.0,0.0,0.0,7.03125,17.5599,0.00674,0.13537,IncreaseQuarterPeriod,seated
49.3677,328,-0.814307,-0.268242,-8.43047,0.0,0.0,0.0,0.0,0.0,0.0,0.0,8.08594,15.4543,0.0188,0.1476,IncreaseQuarterPeriod,extended
49.5178,329,-5.93965,-0.450264,-7.30002,0.0,0.0,0.0,0.0,0.0,0.0,0.0,7.91016,11.4746,0.0188,0.1476,IncreaseQuarterPeriod,extended
49.6679,330,-4.70382,0.162861,-6.71563,0.0,0.0,0.0,0.0,0.0,0.0,0.0,7.03125,6.08865,0.0188,0.1476,IncreaseQuarterPeriod,extended
49.8181,331,-6.09293,-0.287402,-7.71196,0.0,0.0,0.0,0.0,0.0,0.0,0.0,4.74609,-0.468355,0.0188,0.1476,IncreaseQuarterPeriod,extended
49.9683,332,-6.28453,-0.325723,-7.86524,0.0,0.0,0.0,0.0,0.0,0.0,0.0,1.93359,-6.79112,0.0188,0.1476,IncreaseQuarterPeriod,extended
50.1184,333,-6.39949,0.0,-7.67364,0.0,0.0,0.0,0.0,0.0,0.0,0.0,-1.05469,-12.176,0.0188,0.1476,IncreaseQuarterPeriod,extended
50.2686,334,-6.10251,-0.162861,-7.46288,0.0,0.0,0.0,0.0,0.0,0.0,0.0,-3.86719,-15.6868,0.0188,0.1476,IncreaseQuarterPeriod,extended
50.4187,335,-6.10251,-0.124541,-7.5012,0.0,0.0,0.0,0.0,0.0,0.0,0.0,-6.32812,-17.7937,0.0188,0.1476,IncreaseQuarterPeriod,extended
50.5688,336,-6.56235,-0.153281,-7.3096,0.0,0.0,0.0,0.0,0.0,0.0,0.0,-7.91016,-16.8593,0.00674,0.13537,IncreaseQuarterPeriod,seated
50.719,337,-5.13492,0.00958008,-8.28677,0.0,0.0,0.0,0.0,0.0,0.0,0.0,-8.4375,-13.8153,0.00674,0.13537,IncreaseQuarterPeriod,seated
50.8691,338,3.31471,0.220342,-8.80409,0.0,0.0,0.0,0.0,0.0,0.0,0.0,-7.73438,-8.89792,0.00674,0.13537,IncreaseQuarterPeriod,seated
51.0193,339,-1.57113,-0.191602,-10.2219,0.0,0.0,0.0,0.0,0.0,0.0,0.0,-6.15234,-3.04407,0.00674,0.13537,IncreaseQuarterPeriod,seated
51.1694,340,-2.09804,-0.201182,-9.77168,0.0,0.0,0.0,0.0,0.0,0.0,0.0,-3.51562,3.74655,0.00674,0.13537,IncreaseQuarterPeriod,seated
51.3196,341,-1.37953,-0.364043,-9.89622,0.0,0.0,0.0,0.0,0.0,0.0,0.0,-0.527344,9.83351,0.00674,0.13537,IncreaseQuarterPeriod,seated
51.4697,342,-1.55197,-0.191602,-9.84832,0.0,0.0,0.0,0.0,0.0,0.0,0.0,2.46094,14.516,0.00674,0.13537,IncreaseQuarterPeriod,seated
51.6199,343,-1.62861,-0.210762,-9.68546,0.0,0.0,0.0,0.0,0.0,0.0,0.0,5.27344,17.3252,0.00674,0.13537,IncreaseQuarterPeriod,seated
51.7701,344,-1.57113,-0.258662,-9.70462,0.0,0.0,0.0,0.0,0.0,0.0,0.0,7.20703,17.7935,0.00674,0.13537,IncreaseQuarterPeriod,seated
51.9201,345,-0.574805,-0.421523,-8.77535,0.0,0.0,0.0,0.0,0.0,0.0,0.0,8.4375,15.9224,0.0188,0.1476,IncreaseQuarterPeriod,extended
52.0703,346,-6.39949,-0.785566,-8.47837,0.0,0.0,0.0,0.0,0.0,0.0,0.0,8.08594,11.4735,0.0188,0.1476,IncreaseQuarterPeriod,extended
52.2204,347,-8.73703,-0.373623,-7.34792,0.0,0.0,0.0,0.0,0.0,0.0,0.0,7.03125,6.08809,0.0188,0.1476,IncreaseQuarterPeriod,extended
52.3706,348,-6.32285,-0.517324,-7.90356,0.0,0.0,0.0,0.0,0.0,0.0,0.0,4.92188,-0.468324,0.0188,0.1476,IncreaseQuarterPeriod,extended
52.5208,349,-6.29411,0.0958008,-7.52994,0.0,0.0,0.0,0.0,0.0,0.0,0.0,1.93359,-7.02485,0.0188,0.1476,IncreaseQuarterPeriod,extended
52.6708,350,-6.41865,-0.287402,-7.7886,0.0,0.0,0.0,0.0,0.0,0.0,0.0,-1.05469,-12.6452,0.0188,0.1476,IncreaseQuarterPeriod,extended
52.821,351,-6.15041,-0.162861,-7.51078,0.0,0.0,0.0,0.0,0.0,0.0,0.0,-4.04297,-16.1575,0.0188,0.1476,IncreaseQuarterPeriod,extended
52.9711,352,-6.13125,-0.229922,-7.48204,0.0,0.0,0.0,0.0,0.0,0.0,0.0,-6.50391,-18.0307,0.0188,0.1476,IncreaseQuarterPeriod,extended
53.1212,353,-6.13125,0.0191602,-6.70606,0.0,0.0,0.0,0.0,0.0,0.0,0.0,-8.08594,-17.33,0.00674,0.13537,IncreaseQuarterPeriod,seated
53.2714,354,-6.50487,0.785566,-9.07233,0.0,0.0,0.0,0.0,0.0,0.0,0.0,-8.4375,-13.8171,0.00674,0.13537,IncreaseQuarterPeriod,seated
53.4215,355,1.19751,0.0574805,-8.72745,0.0,0.0,0.0,0.0,0.0,0.0,0.0,-7.73438,-8.89782,0.00674,0.13537,IncreaseQuarterPeriod,seated
53.5717,356,-1.11129,-0.622705,-9.86748,0.0,0.0,0.0,0.0,0.0,0.0,0.0,-6.15234,-2.8099,0.00674,0.13537,IncreaseQuarterPeriod,seated
53.7218,357,-2.20342,-0.498164,-9.58008,0.0,0.0,0.0,0.0,0.0,0.0,0.0,-3.51562,3.9807,0.00674,0.13537,IncreaseQuarterPeriod,seated
53.872,358,-1.53281,-0.316143,-9.64714,0.0,0.0,0.0,0.0,0.0,0.0,0.0,-0.527344,10.0678,0.00674,0.13537,IncreaseQuarterPeriod,seated
54.0221,359,-1.48491,-0.229922,-9.8579,0.0,0.0,0.0,0.0,0.0,0.0,0.0,2.63672,14.7505,0.00674,0.13537,IncreaseQuarterPeriod,seated
54.1723,360,-1.63819,-0.249082,-9.84832,0.0,0.0,0.0,0.0,0.0,0.0,0.0,5.44922,17.5599,0.00674,0.13537,IncreaseQuarterPeriod,seated
54.3224,361,-1.57113,-0.306563,-9.72378,0.0,0.0,0.0,0.0,0.0,0.0,0.0,7.38281,18.0281,0.00674,0.13537,IncreaseQuarterPeriod,seated
54.4725,362,1.10171,-0.728086,-9.49386,0.0,0.0,0.0,0.0,0.0,0.0,0.0,8.4375,15.9223,0.0188,0.1476,IncreaseQuarterPeriod,extended
54.6227,363,-4.91458,-0.402363,-8.18139,0.0,0.0,0.0,0.0,0.0,0.0,0.0,8.26172,11.7075,0.0188,0.1476,IncreaseQuarterPeriod,extended
54.7728,364,-6.9743,0.287402,-7.28086,0.0,0.0,0.0,0.0,0.0,0.0,0.0,7.20703,6.08826,0.0188,0.1476,IncreaseQuarterPeriod,extended
54.923,365,-6.09293,-0.277822,-7.81734,0.0,0.0,0.0,0.0,0.0,0.0,0.0,4.92188,-0.702508,0.0188,0.1476,IncreaseQuarterPeriod,extended
55.0731,366,-6.19831,-0.0191602,-7.52036,0.0,0.0,0.0,0.0,0.0,0.0,0.0,1.93359,-7.25923,0.0188,0.1476,IncreaseQuarterPeriod,extended
55.2233,367,-6.62941,-0.114961,-7.79818,0.0,0.0,0.0,0.0,0.0,0.0,0.0,-1.05469,-12.6438,0.0188,0.1476,IncreaseQuarterPeriod,extended
55.3734,368,-6.14083,-0.249082,-7.55868,0.0,0.0,0.0,0.0,0.0,0.0,0.0,-4.21875,-16.6241,0.0188,0.1476,IncreaseQuarterPeriod,extended
55.5236,369,-6.03545,-0.182021,-7.39582,0.0,0.0,0.0,0.0,0.0,0.0,0.0,-6.67969,-18.4961,0.0188,0.1476,IncreaseQuarterPeriod,extended
55.6737,370,-5.92049,-0.0670606,-7.06052,0.0,0.0,0.0,0.0,0.0,0.0,0.0,-8.08594,-17.3272,0.00674,0.13537,IncreaseQuarterPeriod,seated
55.8238,371,-5.34568,0.162861,-9.04359,0.0,0.0,0.0,0.0,0.0,0.0,0.0,-8.61328,-14.0495,0.00674,0.13537,IncreaseQuarterPeriod,seated
55.974,372,2.38544,-0.325723,-8.66997,0.0,0.0,0.0,0.0,0.0,0.0,0.0,-8.08594,-9.36637,0.00674,0.13537,IncreaseQuarterPeriod,seated
56.1241,373,-1.39869,-0.411943,-9.74294,0.0,0.0,0.0,0.0,0.0,0.0,0.0,-6.32812,-2.80995,0.00674,0.13537,IncreaseQuarterPeriod,seated
56.2743,374,-1.13045,-0.354463,-9.62798,0.0,0.0,0.0,0.0,0.0,0.0,0.0,-3.51562,4.21493,0.00674,0.13537,IncreaseQuarterPeriod,seated
56.4244,375,-1.56155,-0.239502,-9.84832,0.0,0.0,0.0,0.0,0.0,0.0,0.0,-0.351562,10.302,0.00674,0.13537,IncreaseQuarterPeriod,seated
56.5746,376,-1.66693,-0.249082,-9.74294,0.0,0.0,0.0,0.0,0.0,0.0,0.0,2.8125,15.2184,0.00674,0.13537,IncreaseQuarterPeriod,seated
56.7248,377,-1.62861,-0.191602,-9.74294,0.0,0.0,0.0,0.0,0.0,0.0,0.0,5.625,18.2619,0.00674,0.13537,IncreaseQuarterPeriod,seated
56.8748,378,0.268242,-0.0958008,-8.44005,0.0,0.0,0.0,0.0,0.0,0.0,0.0,7.73438,18.7322,0.0188,0.1476,IncreaseQuarterPeriod,extended
57.025,379,-4.79004,-0.670605,-7.52994,0.0,0.0,0.0,0.0,0.0,0.0,0.0,8.4375,15.9224,0.0188,0.1476,IncreaseQuarterPeriod,extended
57.1751,380,-4.31104,-0.632285,-6.69648,0.0,0.0,0.0,0.0,0.0,0.0,0.0,8.4375,11.7077,0.0188,0.1476,IncreaseQuarterPeriod,extended
57.3253,381,-6.48571,-0.325723,-7.32876,0.0,0.0,0.0,0.0,0.0,0.0,0.0,7.03125,5.6197,0.0188,0.1476,IncreaseQuarterPeriod,extended
57.4755,382,-6.41865,-0.249082,-7.6449,0.0,0.0,0.0,0.0,0.0,0.0,0.0,4.74609,-1.17078,0.0188,0.1476,IncreaseQuarterPeriod,extended
57.6256,383,-6.20789,-0.105381,-7.57784,0.0,0.0,0.0,0.0,0.0,0.0,0.0,1.75781,-7.96041,0.0188,0.1476,IncreaseQuarterPeriod,extended
57.7758,384,-6.24621,-0.287402,-7.597,0.0,0.0,0.0,0.0,0.0,0.0,0.0,-1.40625,-13.1112,0.0188,0.1476,IncreaseQuarterPeriod,extended
57.9258,385,-6.12167,-0.210762,-7.5491,0.0,0.0,0.0,0.0,0.0,0.0,0.0,-4.39453,-17.0939,0.0188,0.1476,IncreaseQuarterPeriod,extended
58.076,386,-5.95881,-0.220342,-7.4533,0.0,0.0,0.0,0.0,0.0,0.0,0.0,-6.85547,-18.4988,0.0188,0.1476,IncreaseQuarterPeriod,extended
58.226,387,-6.55277,-0.373623,-7.34792,0.0,0.0,0.0,0.0,0.0,0.0,0.0,-8.4375,-17.5643,0.00674,0.13537,IncreaseQuarterPeriod,seated
58.3762,388,-5.68099,0.354463,-7.90356,0.0,0.0,0.0,0.0,0.0,0.0,0.0,-8.78906,-14.0515,0.00674,0.13537,IncreaseQuarterPeriod,seated
58.5264,389,1.34121,-0.191602,-9.19688,0.0,0.0,0.0,0.0,0.0,0.0,0.0,-7.91016,-8.66496,0.00674,0.13537,IncreaseQuarterPeriod,seated
58.6765,390,-1.36037,-0.661025,-9.84832,0.0,0.0,0.0,0.0,0.0,0.0,0.0,-6.15234,-2.34155,0.00674,0.13537,IncreaseQuarterPeriod,seated
58.8267,391,-1.8777,-0.306563,-9.62798,0.0,0.0,0.0,0.0,0.0,0.0,0.0,-3.33984,4.6831,0.00674,0.13537,IncreaseQuarterPeriod,seated
58.9768,392,-1.58071,-0.220342,-9.8579,0.0,0.0,0.0,0.0,0.0,0.0,0.0,-0.175781,11.0046,0.00674,0.13537,IncreaseQuarterPeriod,seated
59.1269,393,-1.66693,-0.201182,-9.84832,0.0,0.0,0.0,0.0,0.0,0.0,0.0,2.98828,15.6875,0.00674,0.13537,IncreaseQuarterPeriod,seated
59.2771,394,-1.59987,-0.239502,-9.84832,0.0,0.0,0.0,0.0,0.0,0.0,0.0,5.80078,18.2631,0.00674,0.13537,IncreaseQuarterPeriod,seated
59.4272,395,-0.440684,0.0287402,-10.4902,0.0,0.0,0.0,0.0,0.0,0.0,0.0,7.73438,18.4989,0.0188,0.1476,IncreaseQuarterPeriod,extended
59.5774,396,-5.79595,-0.958008,-7.63532,0.0,0.0,0.0,0.0,0.0,0.0,0.0,8.61328,15.923,0.0188,0.1476,IncreaseQuarterPeriod,extended
59.7275,397,-6.74438,0.153281,-6.74438,0.0,0.0,0.0,0.0,0.0,0.0,0.0,8.4375,11.4735,0.0188,0.1476,IncreaseQuarterPeriod,extended
59.8777,398,-6.15999,-0.459844,-7.75028,0.0,0.0,0.0,0.0,0.0,0.0,0.0,7.03125,5.38547,0.0188,0.1476,IncreaseQuarterPeriod,extended
60.0278,399,-6.17915,-0.0191602,-7.44372,0.0,0.0,0.0,0.0,0.0,0.0,0.0,4.74609,-1.40493,0.0188,0.1476,IncreaseQuarterPeriod,extended
60.178,400,-6.43781,-0.220342,-7.52994,0.0,0.0,0.0,0.0,0.0,0.0,0.0,1.75781,-7.9605,0.0188,0.1476,IncreaseQuarterPeriod,extended
60.3281,401,-6.24621,-0.220342,-7.62574,0.0,0.0,0.0,0.0,0.0,0.0,0.0,-1.58203,-13.5798,0.0188,0.1476,IncreaseQuarterPeriod,extended
60.4783,402,-6.17915,-0.239502,-7.46288,0.0,0.0,0.0,0.0,0.0,0.0,0.0,-4.57031,-17.3257,0.0188,0.1476,IncreaseQuarterPeriod,extended
60.6285,403,-6.16957,-0.210762,-7.5012,0.0,0.0,0.0,0.0,0.0,0.0,0.0,-7.03125,-18.7304,0.0188,0.1476,IncreaseQuarterPeriod,extended
60.7785,404,-6.40907,-0.124541,-7.76944,0.0,0.0,0.0,0.0,0.0,0.0,0.0,-8.61328,-17.7957,0.00674,0.13537,IncreaseQuarterPeriod,seated
60.9287,405,-5.88217,-0.124541,-8.50711,0.0,0.0,0.0,0.0,0.0,0.0,0.0,-8.78906,-14.0493,0.00674,0.13537,IncreaseQuarterPeriod,seated
61.0788,406,4.8571,-0.114961,-9.2352,0.0,0.0,0.0,0.0,0.0,0.0,0.0,-8.08594,-8.66415,0.00674,0.13537,IncreaseQuarterPeriod,seated
61.229,407,-1.57113,-0.364043,-9.99202,0.0,0.0,0.0,0.0,0.0,0.0,0.0,-6.32812,-2.34171,0.00674,0.13537,IncreaseQuarterPeriod,seated
61.3791,408,-1.83938,-0.239502,-9.40764,0.0,0.0,0.0,0.0,0.0,0.0,0.0,-3.33984,4.91757,0.00674,0.13537,IncreaseQuarterPeriod,seated
61.5293,409,-1.62861,-0.325723,-9.93454,0.0,0.0,0.0,0.0,0.0,0.0,0.0,-0.175781,11.2389,0.00674,0.13537,IncreaseQuarterPeriod,seated
61.6794,410,-1.60945,-0.172441,-9.93454,0.0,0.0,0.0,0.0,0.0,0.0,0.0,3.16406,15.9216,0.00674,0.13537,IncreaseQuarterPeriod,seated
61.8296,411,-1.56155,-0.277822,-9.70462,0.0,0.0,0.0,0.0,0.0,0.0,0.0,5.97656,18.7302,0.00674,0.13537,IncreaseQuarterPeriod,seated
61.9797,412,-0.670605,-0.775986,-9.14898,0.0,0.0,0.0,0.0,0.0,0.0,0.0,8.08594,19.2003,0.0188,0.1476,IncreaseQuarterPeriod,extended
62.1298,413,-5.74805,-0.967588,-6.34201,0.0,0.0,0.0,0.0,0.0,0.0,0.0,8.78906,16.1571,0.0188,0.1476,IncreaseQuarterPeriod,extended
62.2799,414,-5.0487,0.0479004,-7.65448,0.0,0.0,0.0,0.0,0.0,0.0,0.0,8.61328,11.7081,0.0188,0.1476,IncreaseQuarterPeriod,extended
62.4301,415,-6.13125,-0.440684,-7.67364,0.0,0.0,0.0,0.0,0.0,0.0,0.0,7.20703,5.38578,0.0188,0.1476,IncreaseQuarterPeriod,extended
62.5803,416,-6.18873,-0.105381,-7.7407,0.0,0.0,0.0,0.0,0.0,0.0,0.0,4.57031,-1.87334,0.0188,0.1476,IncreaseQuarterPeriod,extended
62.7304,417,-6.39949,-0.124541,-7.56826,0.0,0.0,0.0,0.0,0.0,0.0,0.0,1.58203,-8.66332,0.0188,0.1476,IncreaseQuarterPeriod,extended
62.8806,418,-6.26537,-0.344883,-7.61616,0.0,0.0,0.0,0.0,0.0,0.0,0.0,-1.75781,-14.048,0.0188,0.1476,IncreaseQuarterPeriod,extended
63.0307,419,-5.92049,-0.201182,-7.38624,0.0,0.0,0.0,0.0,0.0,0.0,0.0,-4.92188,-18.0278,0.0188,0.1476,IncreaseQuarterPeriod,extended
63.1809,420,-6.09293,-0.114961,-7.3575,0.0,0.0,0.0,0.0,0.0,0.0,0.0,-7.20703,-19.1985,0.0188,0.1476,IncreaseQuarterPeriod,extended
63.331,421,-6.55277,-0.153281,-7.4054,0.0,0.0,0.0,0.0,0.0,0.0,0.0,-8.78906,-17.7958,0.00674,0.13537,IncreaseQuarterPeriod,seated
63.4811,422,-6.8785,0.0191602,-8.19097,0.0,0.0,0.0,0.0,0.0,0.0,0.0,-8.96484,-14.0493,0.00674,0.13537,IncreaseQuarterPeriod,seated
63.6313,423,5.384,-0.134121,-7.5491,0.0,0.0,0.0,0.0,0.0,0.0,0.0,-8.08594,-8.42958,0.00674,0.13537,IncreaseQuarterPeriod,seated
63.7814,424,-1.65735,-0.249082,-9.17772,0.0,0.0,0.0,0.0,0.0,0.0,0.0,-6.15234,-1.63912,0.00674,0.13537,IncreaseQuarterPeriod,seated
63.9316,425,-1.37953,-0.440684,-9.97286,0.0,0.0,0.0,0.0,0.0,0.0,0.0,-3.16406,5.38563,0.00674,0.13537,IncreaseQuarterPeriod,seated
64.0817,426,-1.34121,-0.277822,-9.67588,0.0,0.0,0.0,0.0,0.0,0.0,0.0,0.0,11.7065,0.00674,0.13537,IncreaseQuarterPeriod,seated
64.2318,427,-1.53281,-0.191602,-9.86748,0.0,0.0,0.0,0.0,0.0,0.0,0.0,3.33984,16.3909,0.00674,0.13537,IncreaseQuarterPeriod,seated
64.382,428,-1.65735,-0.296982,-9.93454,0.0,0.0,0.0,0.0,0.0,0.0,0.0,6.15234,18.9669,0.00674,0.13537,IncreaseQuarterPeriod,seated
64.5321,429,0.105381,-0.191602,-8.44005,0.0,0.0,0.0,0.0,0.0,0.0,0.0,8.26172,19.203,0.0188,0.1476,IncreaseQuarterPeriod,extended
64.6822,430,-4.426,-0.900527,-7.7407,0.0,0.0,0.0,0.0,0.0,0.0,0.0,8.78906,15.9244,0.0188,0.1476,IncreaseQuarterPeriod,extended
64.8324,431,-4.38768,-1.14961,-4.9529,0.0,0.0,0.0,0.0,0.0,0.0,0.0,8.61328,11.4749,0.0188,0.1476,IncreaseQuarterPeriod,extended
64.9825,432,-5.31694,-0.287402,-7.44372,0.0,0.0,0.0,0.0,0.0,0.0,0.0,7.03125,4.91732,0.0188,0.1476,IncreaseQuarterPeriod,extended
65.1327,433,-6.60067,-0.105381,-7.56826,0.0,0.0,0.0,0.0,0.0,0.0,0.0,4.57031,-2.10745,0.0188,0.1476,IncreaseQuarterPeriod,extended
65.2828,434,-6.36117,-0.249082,-7.73112,0.0,0.0,0.0,0.0,0.0,0.0,0.0,1.58203,-8.89739,0.0188,0.1476,IncreaseQuarterPeriod,extended
