0.000123978,0,-1.38911,-0.249082,-9.64714,0.0,0.0,0.0,0.0,0.0,0.0,0.0,-0.175781,0.0,0.00674,0.13537,None,seated
0.150293,1,-1.40827,-0.277822,-9.6663,0.0,0.0,0.0,0.0,0.0,0.0,0.0,-0.175781,0.0,0.00674,0.13537,Nothing,seated
0.300463,2,-1.41785,-0.258662,-9.70462,0.0,0.0,0.0,0.0,0.0,0.0,0.0,-0.175781,0.0,0.00674,0.13537,Nothing,seated
0.450537,3,-1.39869,-0.249082,-9.68546,0.0,0.0,0.0,0.0,0.0,0.0,0.0,-0.175781,0.0,0.00674,0.13537,Nothing,seated
0.600707,4,-1.18793,-0.287402,-9.72378,0.0,0.0,0.0,0.0,0.0,0.0,0.0,0.0,0.0,0.00674,0.13537,Nothing,seated
0.750876,5,-1.14003,-0.296982,-9.72378,0.0,0.0,0.0,0.0,0.0,0.0,0.0,0.351562,0.702421,0.00674,0.13537,Nothing,seated
0.901043,6,-1.18793,-0.287402,-9.69504,0.0,0.0,0.0,0.0,0.0,0.0,0.0,0.703125,1.1707,0.00674,0.13537,Nothing,seated
1.05121,7,-1.20709,-0.258662,-9.73336,0.0,0.0,0.0,0.0,0.0,0.0,0.0,1.23047,1.87313,0.00674,0.13537,Nothing,seated
1.20138,8,-1.11129,-0.191602,-9.72378,0.0,0.0,0.0,0.0,0.0,0.0,0.0,1.93359,2.80934,0.00674,0.13537,Nothing,seated
1.35154,9,-1.12087,-0.258662,-9.7142,0.0,0.0,0.0,0.0,0.0,0.0,0.0,2.46094,3.27763,0.00674,0.13537,Nothing,seated
1.5017,10,-1.07297,-0.306563,-9.77168,0.0,0.0,0.0,0.0,0.0,0.0,0.0,2.8125,3.27764,0.00674,0.13537,Nothing,seated
1.65187,11,-0.986748,-0.258662,-9.70462,0.0,0.0,0.0,0.0,0.0,0.0,0.0,3.33984,3.51174,0.00674,0.13537,Nothing,seated
1.80204,12,-0.890947,-0.258662,-9.72378,0.0,0.0,0.0,0.0,0.0,0.0,0.0,3.51562,3.0435,0.00674,0.13537,Nothing,seated
1.95222,13,-0.890947,-0.258662,-9.75252,0.0,0.0,0.0,0.0,0.0,0.0,0.0,3.86719,2.57526,0.00674,0.13537,Nothing,seated
2.10238,14,-0.775986,-0.229922,-9.75252,0.0,0.0,0.0,0.0,0.0,0.0,0.0,4.04297,2.10699,0.00674,0.13537,Nothing,seated
2.25255,15,-0.747246,-0.306563,-9.70462,0.0,0.0,0.0,0.0,0.0,0.0,0.0,4.04297,1.63877,0.00674,0.13537,Nothing,seated
2.40272,16,-0.728086,-0.296982,-9.74294,0.0,0.0,0.0,0.0,0.0,0.0,0.0,4.21875,1.17055,0.00674,0.13537,Nothing,seated
2.55289,17,-0.661025,-0.249082,-9.84832,0.0,0.0,0.0,0.0,0.0,0.0,0.0,4.21875,0.936449,0.00674,0.13537,Nothing,seated
2.70305,18,-0.670605,-0.249082,-9.84832,0.0,0.0,0.0,0.0,0.0,0.0,0.0,4.39453,0.702339,0.00674,0.13537,Nothing,seated
2.85322,19,-0.632285,-0.239502,-9.74294,0.0,0.0,0.0,0.0,0.0,0.0,0.0,4.57031,0.702339,0.00674,0.13537,Nothing,seated
3.00338,20,-0.603545,-0.287402,-9.84832,0.0,0.0,0.0,0.0,0.0,0.0,0.0,4.57031,0.702349,0.00674,0.13537,Nothing,seated
3.15354,21,-0.593965,-0.258662,-9.77168,0.0,0.0,0.0,0.0,0.0,0.0,0.0,4.74609,0.702361,0.00674,0.13537,Nothing,seated
3.3037,22,-0.632285,-0.268242,-9.74294,0.0,0.0,0.0,0.0,0.0,0.0,0.0,4.92188,0.936486,0.00674,0.13537,Nothing,seated
3.45386,23,-0.584385,-0.249082,-9.77168,0.0,0.0,0.0,0.0,0.0,0.0,0.0,4.92188,0.702373,0.00674,0.13537,Nothing,seated
3.60403,24,-0.593965,-0.258662,-9.75252,0.0,0.0,0.0,0.0,0.0,0.0,0.0,5.09766,0.702372,0.00674,0.13537,Nothing,seated
3.7542,25,-1.37953,-0.335303,-9.59924,0.0,0.0,0.0,0.0,0.0,0.0,0.0,4.92188,0.46824,0.00674,0.13537,Nothing,seated
3.90437,26,-1.39869,-0.268242,-9.62798,0.0,0.0,0.0,0.0,0.0,0.0,0.0,4.04297,-0.936463,0.00674,0.13537,Nothing,seated
4.05453,27,-1.34121,-0.220342,-9.6663,0.0,0.0,0.0,0.0,0.0,0.0,0.0,2.63672,-3.04348,0.00674,0.13537,Nothing,seated
4.2047,28,-1.40827,-0.191602,-9.75252,0.0,0.0,0.0,0.0,0.0,0.0,0.0,0.878906,-5.38457,0.00674,0.13537,Nothing,seated
4.35487,29,-1.44659,-0.306563,-9.7621,0.0,0.0,0.0,0.0,0.0,0.0,0.0,-1.05469,-8.19394,0.00674,0.13537,Nothing,seated
4.50504,30,-1.36995,-0.335303,-9.70462,0.0,0.0,0.0,0.0,0.0,0.0,0.0,-2.8125,-10.301,0.00674,0.13537,Nothing,seated
4.6552,31,-1.42743,-0.268242,-9.69504,0.0,0.0,0.0,0.0,0.0,0.0,0.0,-4.21875,-11.0033,0.00674,0.13537,Nothing,seated
4.80537,32,-1.44659,-0.229922,-9.63756,0.0,0.0,0.0,0.0,0.0,0.0,0.0,-5.09766,-10.301,0.00674,0.13537,Nothing,seated
4.95555,33,-1.42743,-0.229922,-9.64714,0.0,0.0,0.0,0.0,0.0,0.0,0.0,-5.27344,-8.19388,0.00674,0.13537,Nothing,seated
5.10572,34,-1.42743,-0.258662,-9.64714,0.0,0.0,0.0,0.0,0.0,0.0,0.0,-4.74609,-4.9163,0.00674,0.13537,Nothing,seated
5.2559,35,-1.43701,-0.268242,-9.64714,0.0,0.0,0.0,0.0,0.0,0.0,0.0,-3.51562,-0.936428,0.00674,0.13537,Nothing,seated
5.40606,36,-1.44659,-0.296982,-9.73336,0.0,0.0,0.0,0.0,0.0,0.0,0.0,-1.93359,3.04338,0.00674,0.13537,IncreaseQuarterPeriod,seated
5.55622,37,-1.42743,-0.287402,-9.72378,0.0,0.0,0.0,0.0,0.0,0.0,0.0,0.0,6.78918,0.00674,0.13537,IncreaseQuarterPeriod,seated
5.70639,38,-1.41785,-0.220342,-9.73336,0.0,0.0,0.0,0.0,0.0,0.0,0.0,1.93359,9.59864,0.00674,0.13537,IncreaseQuarterPeriod,seated
5.85654,39,-1.42743,-0.268242,-9.6663,0.0,0.0,0.0,0.0,0.0,0.0,0.0,3.51562,11.0036,0.00674,0.13537,IncreaseQuarterPeriod,seated
6.00669,40,-1.40827,-0.287402,-9.64714,0.0,0.0,0.0,0.0,0.0,0.0,0.0,4.57031,10.7699,0.00674,0.13537,IncreaseQuarterPeriod,seated
6.15684,41,-1.41785,-0.287402,-9.60882,0.0,0.0,0.0,0.0,0.0,0.0,0.0,5.09766,9.36527,0.00674,0.13537,IncreaseQuarterPeriod,seated
6.307,42,-1.38911,-0.287402,-9.58966,0.0,0.0,0.0,0.0,0.0,0.0,0.0,4.92188,6.55571,0.00674,0.13537,IncreaseQuarterPeriod,seated
6.45716,43,-1.42743,-0.239502,-9.6663,0.0,0.0,0.0,0.0,0.0,0.0,0.0,3.86719,2.57548,0.00674,0.13537,IncreaseQuarterPeriod,seated
6.60723,44,-0.229922,-0.718506,-9.22562,0.0,0.0,0.0,0.0,0.0,0.0,0.0,2.63672,-1.1708,0.0188,0.1476,IncreaseQuarterPeriod,extended
6.75738,45,-4.23439,-1.07297,-6.91682,0.0,0.0,0.0,0.0,0.0,0.0,0.0,0.527344,-5.38566,0.0188,0.1476,IncreaseQuarterPeriod,extended
6.90753,46,-7.75986,-0.268242,-7.3096,0.0,0.0,0.0,0.0,0.0,0.0,0.0,-1.40625,-8.6639,0.0188,0.1476,IncreaseQuarterPeriod,extended
7.0577,47,-6.86892,-0.296982,-7.55868,0.0,0.0,0.0,0.0,0.0,0.0,0.0,-2.98828,-10.5371,0.0188,0.1476,IncreaseQuarterPeriod,extended
7.20785,48,-5.25946,-0.182021,-7.29044,0.0,0.0,0.0,0.0,0.0,0.0,0.0,-4.74609,-11.4737,0.0188,0.1476,IncreaseQuarterPeriod,extended
7.35799,49,-6.20789,-0.143701,-7.51078,0.0,0.0,0.0,0.0,0.0,0.0,0.0,-5.27344,-10.5361,0.0188,0.1476,IncreaseQuarterPeriod,extended
7.50815,50,-6.26537,-0.210762,-7.47246,0.0,0.0,0.0,0.0,0.0,0.0,0.0,-5.44922,-7.96053,0.0188,0.1476,IncreaseQuarterPeriod,extended
7.65831,51,-6.01629,-0.153281,-7.27128,0.0,0.0,0.0,0.0,0.0,0.0,0.0,-4.92188,-4.68262,0.0188,0.1476,IncreaseQuarterPeriod,extended
7.80839,52,-6.38991,-0.0958008,-7.20422,0.0,0.0,0.0,0.0,0.0,0.0,0.0,-3.69141,-0.936634,0.00674,0.13537,IncreaseQuarterPeriod,seated
7.95852,53,-6.58151,0.708926,-8.94779,0.0,0.0,0.0,0.0,0.0,0.0,0.0,-2.10938,3.51251,0.00674,0.13537,IncreaseQuarterPeriod,seated
8.10867,54,2.90276,-0.191602,-9.75252,0.0,0.0,0.0,0.0,0.0,0.0,0.0,-0.175781,6.79073,0.00674,0.13537,IncreaseQuarterPeriod,seated
8.25883,55,-1.72441,-0.507744,-9.84832,0.0,0.0,0.0,0.0,0.0,0.0,0.0,1.58203,9.36649,0.00674,0.13537,IncreaseQuarterPeriod,seated
8.409,56,-2.15552,-0.603545,-9.62798,0.0,0.0,0.0,0.0,0.0,0.0,0.0,3.33984,11.0055,0.00674,0.13537,IncreaseQuarterPeriod,seated
8.55916,57,-1.64777,-0.354463,-9.77168,0.0,0.0,0.0,0.0,0.0,0.0,0.0,4.57031,11.0043,0.00674,0.13537,IncreaseQuarterPeriod,seated
8.7093,58,-1.73399,-0.277822,-9.331,0.0,0.0,0.0,0.0,0.0,0.0,0.0,5.09766,9.59944,0.00674,0.13537,IncreaseQuarterPeriod,seated
8.85944,59,-1.56155,-0.277822,-9.62798,0.0,0.0,0.0,0.0,0.0,0.0,0.0,4.92188,6.78989,0.00674,0.13537,IncreaseQuarterPeriod,seated
9.00959,60,-1.50407,-0.220342,-9.63756,0.0,0.0,0.0,0.0,0.0,0.0,0.0,4.04297,3.27793,0.00674,0.13537,IncreaseQuarterPeriod,seated
9.15966,61,-1.25499,-0.0958008,-8.90947,0.0,0.0,0.0,0.0,0.0,0.0,0.0,2.63672,-0.936675,0.0188,0.1476,IncreaseQuarterPeriod,extended
9.30981,62,3.01772,-0.191602,-8.81367,0.0,0.0,0.0,0.0,0.0,0.0,0.0,0.703125,-5.15181,0.0188,0.1476,IncreaseQuarterPeriod,extended
9.45996,63,-7.62574,0.134121,-8.40173,0.0,0.0,0.0,0.0,0.0,0.0,0.0,-1.23047,-8.43,0.0188,0.1476,IncreaseQuarterPeriod,extended
9.61013,64,-8.23887,0.182021,-7.97063,0.0,0.0,0.0,0.0,0.0,0.0,0.0,-2.8125,-10.303,0.0188,0.1476,IncreaseQuarterPeriod,extended
9.7603,65,-6.43781,-0.0191602,-7.43414,0.0,0.0,0.0,0.0,0.0,0.0,0.0,-4.57031,-11.4736,0.0188,0.1476,IncreaseQuarterPeriod,extended
9.91045,66,-5.89175,-0.0383203,-7.62574,0.0,0.0,0.0,0.0,0.0,0.0,0.0,-5.27344,-10.5358,0.0188,0.1476,IncreaseQuarterPeriod,extended
10.0606,67,-6.00671,-0.287402,-7.2138,0.0,0.0,0.0,0.0,0.0,0.0,0.0,-5.44922,-8.19436,0.0188,0.1476,IncreaseQuarterPeriod,extended
10.2108,68,-6.55277,-0.191602,-7.39582,0.0,0.0,0.0,0.0,0.0,0.0,0.0,-5.09766,-5.15075,0.0188,0.1476,IncreaseQuarterPeriod,extended
10.3609,69,-5.94923,-0.134121,-7.24254,0.0,0.0,0.0,0.0,0.0,0.0,0.0,-4.04297,-1.63892,0.0188,0.1476,IncreaseQuarterPeriod,extended
10.511,70,-7.14674,-0.182021,-7.24254,0.0,0.0,0.0,0.0,0.0,0.0,0.0,-2.28516,3.04404,0.00674,0.13537,IncreaseQuarterPeriod,seated
10.6612,71,-7.41498,-0.258662,-9.07233,0.0,0.0,0.0,0.0,0.0,0.0,0.0,-0.351562,6.55639,0.00674,0.13537,IncreaseQuarterPeriod,seated
10.8113,72,-1.14003,-0.0191602,-8.62207,0.0,0.0,0.0,0.0,0.0,0.0,0.0,1.58203,9.3662,0.00674,0.13537,IncreaseQuarterPeriod,seated
10.9615,73,-1.79147,-0.479004,-9.8579,0.0,0.0,0.0,0.0,0.0,0.0,0.0,2.98828,10.7709,0.00674,0.13537,IncreaseQuarterPeriod,seated
11.1116,74,-1.69567,-0.335303,-9.63756,0.0,0.0,0.0,0.0,0.0,0.0,0.0,4.39453,11.2392,0.00674,0.13537,IncreaseQuarterPeriod,seated
11.2618,75,-1.52323,-0.344883,-9.45554,0.0,0.0,0.0,0.0,0.0,0.0,0.0,4.92188,9.59921,0.00674,0.13537,IncreaseQuarterPeriod,seated
11.4119,76,-1.62861,-0.220342,-9.49386,0.0,0.0,0.0,0.0,0.0,0.0,0.0,4.92188,7.02384,0.00674,0.13537,IncreaseQuarterPeriod,seated
11.5621,77,-1.67651,-0.258662,-9.74294,0.0,0.0,0.0,0.0,0.0,0.0,0.0,4.04297,3.27781,0.00674,0.13537,IncreaseQuarterPeriod,seated
11.7122,78,-0.459844,0.287402,-9.15856,0.0,0.0,0.0,0.0,0.0,0.0,0.0,2.8125,-0.23416,0.0188,0.1476,IncreaseQuarterPeriod,extended
11.8623,79,-1.88728,0.0958008,-9.69504,0.0,0.0,0.0,0.0,0.0,0.0,0.0,0.878906,-4.68322,0.0188,0.1476,IncreaseQuarterPeriod,extended
12.0125,80,-8.97653,-0.249082,-7.43414,0.0,0.0,0.0,0.0,0.0,0.0,0.0,-1.05469,-7.96149,0.0188,0.1476,IncreaseQuarterPeriod,extended
12.1625,81,-8.21971,-0.210762,-7.5491,0.0,0.0,0.0,0.0,0.0,0.0,0.0,-2.63672,-10.0701,0.0188,0.1476,IncreaseQuarterPeriod,extended
12.3127,82,-6.04503,0.00958008,-7.17548,0.0,0.0,0.0,0.0,0.0,0.0,0.0,-4.39453,-11.2412,0.0188,0.1476,IncreaseQuarterPeriod,extended
12.4628,83,-5.92049,-0.0670606,-7.2617,0.0,0.0,0.0,0.0,0.0,0.0,0.0,-5.27344,-10.7716,0.0188,0.1476,IncreaseQuarterPeriod,extended
12.613,84,-6.09293,-0.287402,-7.32876,0.0,0.0,0.0,0.0,0.0,0.0,0.0,-5.44922,-8.42989,0.0188,0.1476,IncreaseQuarterPeriod,extended
12.7632,85,-6.49529,-0.258662,-7.52036,0.0,0.0,0.0,0.0,0.0,0.0,0.0,-5.09766,-5.38578,0.0188,0.1476,IncreaseQuarterPeriod,extended
12.9133,86,-5.91091,-0.134121,-7.15632,0.0,0.0,0.0,0.0,0.0,0.0,0.0,-4.04297,-1.87309,0.0188,0.1476,IncreaseQuarterPeriod,extended
13.0634,87,-7.70238,-0.603545,-7.39582,0.0,0.0,0.0,0.0,0.0,0.0,0.0,-2.46094,2.57575,0.00674,0.13537,IncreaseQuarterPeriod,seated
13.2135,88,-4.99122,-0.105381,-7.97063,0.0,0.0,0.0,0.0,0.0,0.0,0.0,-0.527344,6.32238,0.00674,0.13537,IncreaseQuarterPeriod,seated
13.3637,89,1.45617,0.0479004,-11.6398,0.0,0.0,0.0,0.0,0.0,0.0,0.0,1.23047,8.89815,0.00674,0.13537,IncreaseQuarterPeriod,seated
13.5138,90,-2.03098,-0.421523,-9.92496,0.0,0.0,0.0,0.0,0.0,0.0,0.0,2.98828,10.7713,0.00674,0.13537,IncreaseQuarterPeriod,seated
13.664,91,-1.55197,-0.373623,-9.65672,0.0,0.0,0.0,0.0,0.0,0.0,0.0,4.39453,11.2396,0.00674,0.13537,IncreaseQuarterPeriod,seated
13.8141,92,-1.81063,-0.191602,-9.55134,0.0,0.0,0.0,0.0,0.0,0.0,0.0,4.92188,9.83377,0.00674,0.13537,IncreaseQuarterPeriod,seated
13.9643,93,-1.57113,-0.239502,-9.2831,0.0,0.0,0.0,0.0,0.0,0.0,0.0,4.92188,7.25825,0.00674,0.13537,IncreaseQuarterPeriod,seated
14.1144,94,-1.64777,-0.249082,-9.70462,0.0,0.0,0.0,0.0,0.0,0.0,0.0,4.04297,3.74618,0.00674,0.13537,IncreaseQuarterPeriod,seated
14.2645,95,-2.01182,-0.182021,-9.43638,0.0,0.0,0.0,0.0,0.0,0.0,0.0,2.98828,0.0,0.0188,0.1476,IncreaseQuarterPeriod,extended
14.4147,96,-1.99266,-0.344883,-10.2507,0.0,0.0,0.0,0.0,0.0,0.0,0.0,1.05469,-4.44914,0.0188,0.1476,IncreaseQuarterPeriod,extended
14.5648,97,-7.8844,0.258662,-7.90356,0.0,0.0,0.0,0.0,0.0,0.0,0.0,-0.878906,-7.72736,0.0188,0.1476,IncreaseQuarterPeriod,extended
14.715,98,-6.48571,-0.277822,-8.16223,0.0,0.0,0.0,0.0,0.0,0.0,0.0,-2.63672,-10.0686,0.0188,0.1476,IncreaseQuarterPeriod,extended
14.8651,99,-6.06419,-0.0766406,-6.8306,0.0,0.0,0.0,0.0,0.0,0.0,0.0,-4.21875,-11.0053,0.0188,0.1476,IncreaseQuarterPeriod,extended
15.0153,100,-6.25579,-0.220342,-7.597,0.0,0.0,0.0,0.0,0.0,0.0,0.0,-5.09766,-10.7701,0.0188,0.1476,IncreaseQuarterPeriod,extended
15.1654,101,-6.11209,-0.306563,-7.31918,0.0,0.0,0.0,0.0,0.0,0.0,0.0,-5.44922,-8.66287,0.0188,0.1476,IncreaseQuarterPeriod,extended
15.3155,102,-6.61025,-0.172441,-7.70238,0.0,0.0,0.0,0.0,0.0,0.0,0.0,-5.09766,-5.61976,0.0188,0.1476,IncreaseQuarterPeriod,extended
15.4656,103,-6.59109,-0.162861,-6.94556,0.0,0.0,0.0,0.0,0.0,0.0,0.0,-4.04297,-1.8735,0.00674,0.13537,IncreaseQuarterPeriod,seated
15.6158,104,-6.27495,-0.536484,-8.92863,0.0,0.0,0.0,0.0,0.0,0.0,0.0,-2.63672,2.10767,0.00674,0.13537,IncreaseQuarterPeriod,seated
15.7659,105,1.15919,-0.967588,-7.76944,0.0,0.0,0.0,0.0,0.0,0.0,0.0,-0.703125,5.85454,0.00674,0.13537,IncreaseQuarterPeriod,seated
15.9161,106,-1.80105,-0.277822,-9.84832,0.0,0.0,0.0,0.0,0.0,0.0,0.0,1.05469,8.66469,0.00674,0.13537,IncreaseQuarterPeriod,seated
16.0662,107,-2.24174,-0.507744,-9.7142,0.0,0.0,0.0,0.0,0.0,0.0,0.0,2.98828,10.771,0.00674,0.13537,IncreaseQuarterPeriod,seated
16.2164,108,-1.81063,-0.249082,-9.49386,0.0,0.0,0.0,0.0,0.0,0.0,0.0,4.21875,11.0039,0.00674,0.13537,IncreaseQuarterPeriod,seated
16.3665,109,-1.56155,-0.296982,-9.35974,0.0,0.0,0.0,0.0,0.0,0.0,0.0,4.92188,10.0677,0.00674,0.13537,IncreaseQuarterPeriod,seated
16.5167,110,-1.52323,-0.229922,-9.62798,0.0,0.0,0.0,0.0,0.0,0.0,0.0,4.92188,7.49235,0.00674,0.13537,IncreaseQuarterPeriod,seated
16.6668,111,-1.61903,-0.258662,-9.68546,0.0,0.0,0.0,0.0,0.0,0.0,0.0,4.04297,3.98029,0.00674,0.13537,IncreaseQuarterPeriod,seated
16.817,112,-1.56155,-0.421523,-9.6663,0.0,0.0,0.0,0.0,0.0,0.0,0.0,2.98828,0.0,0.00674,0.13537,IncreaseQuarterPeriod,seated
16.967,113,-1.19751,-0.201182,-8.05685,0.0,0.0,0.0,0.0,0.0,0.0,0.0,1.40625,-3.74677,0.0188,0.1476,IncreaseQuarterPeriod,extended
17.1172,114,-1.05381,-0.938848,-8.34425,0.0,0.0,0.0,0.0,0.0,0.0,0.0,-0.703125,-7.49335,0.0188,0.1476,IncreaseQuarterPeriod,extended
17.2674,115,-2.01182,0.210762,-6.25579,0.0,0.0,0.0,0.0,0.0,0.0,0.0,-2.46094,-9.83482,0.0188,0.1476,IncreaseQuarterPeriod,extended
17.4175,116,-5.384,-0.220342,-7.24254,0.0,0.0,0.0,0.0,0.0,0.0,0.0,-4.04297,-10.7715,0.0188,0.1476,IncreaseQuarterPeriod,extended
17.5677,117,-5.1924,0.00958008,-7.08926,0.0,0.0,0.0,0.0,0.0,0.0,0.0,-5.09766,-10.7711,0.0188,0.1476,IncreaseQuarterPeriod,extended
17.7178,118,-6.62941,-0.306563,-7.76944,0.0,0.0,0.0,0.0,0.0,0.0,0.0,-5.44922,-9.13092,0.0188,0.1476,IncreaseQuarterPeriod,extended
17.868,119,-6.17915,-0.277822,-7.29044,0.0,0.0,0.0,0.0,0.0,0.0,0.0,-5.09766,-5.85319,0.0188,0.1476,IncreaseQuarterPeriod,extended
18.1734,120,-6.56235,-0.296982,-7.8365,0.0,0.0,0.0,0.0,0.0,0.0,0.0,-2.98828,-0.582041,0.00674,0.13537,IncreaseQuarterPeriod,seated
18.3235,121,-6.8785,-0.0479004,-7.71196,0.0,0.0,0.0,0.0,0.0,0.0,0.0,-0.878906,3.49231,0.00674,0.13537,IncreaseQuarterPeriod,seated
18.4737,122,-1.85854,0.0383203,-9.2352,0.0,0.0,0.0,0.0,0.0,0.0,0.0,1.05469,6.79066,0.00674,0.13537,IncreaseQuarterPeriod,seated
18.6238,123,-2.8836,0.0479004,-10.5477,0.0,0.0,0.0,0.0,0.0,0.0,0.0,2.63672,8.92482,0.00674,0.13537,IncreaseQuarterPeriod,seated
18.774,124,-1.80105,-0.210762,-9.58966,0.0,0.0,0.0,0.0,0.0,0.0,0.0,4.39453,10.4769,0.00674,0.13537,IncreaseQuarterPeriod,seated
18.9241,125,-1.47533,-0.306563,-9.58966,0.0,0.0,0.0,0.0,0.0,0.0,0.0,4.74609,10.3021,0.00674,0.13537,IncreaseQuarterPeriod,seated
19.0743,126,-1.45617,-0.201182,-9.58008,0.0,0.0,0.0,0.0,0.0,0.0,0.0,4.92188,7.72641,0.00674,0.13537,IncreaseQuarterPeriod,seated
19.2244,127,-1.45617,-0.296982,-9.54176,0.0,0.0,0.0,0.0,0.0,0.0,0.0,4.39453,4.44854,0.00674,0.13537,IncreaseQuarterPeriod,seated
19.3745,128,-1.57113,-0.239502,-9.6663,0.0,0.0,0.0,0.0,0.0,0.0,0.0,2.98828,0.468322,0.00674,0.13537,IncreaseQuarterPeriod,seated
19.5246,129,0.459844,-0.440684,-9.11065,0.0,0.0,0.0,0.0,0.0,0.0,0.0,1.58203,-3.74701,0.0188,0.1476,IncreaseQuarterPeriod,extended
19.6747,130,-5.72889,-0.0766406,-8.47837,0.0,0.0,0.0,0.0,0.0,0.0,0.0,-0.527344,-7.02561,0.0188,0.1476,IncreaseQuarterPeriod,extended
19.8249,131,-6.42823,-0.0191602,-6.76354,0.0,0.0,0.0,0.0,0.0,0.0,0.0,-2.28516,-9.60145,0.0188,0.1476,IncreaseQuarterPeriod,extended
19.9751,132,-5.84385,-0.00958008,-7.72154,0.0,0.0,0.0,0.0,0.0,0.0,0.0,-3.86719,-11.0065,0.0188,0.1476,IncreaseQuarterPeriod,extended
20.1252,133,-5.85343,-0.258662,-7.32876,0.0,0.0,0.0,0.0,0.0,0.0,0.0,-5.09766,-10.7712,0.0188,0.1476,IncreaseQuarterPeriod,extended
20.2754,134,-6.38033,-0.306563,-7.6928,0.0,0.0,0.0,0.0,0.0,0.0,0.0,-5.44922,-9.36514,0.0188,0.1476,IncreaseQuarterPeriod,extended
20.4255,135,-6.09293,-0.172441,-7.3575,0.0,0.0,0.0,0.0,0.0,0.0,0.0,-5.09766,-6.08745,0.0188,0.1476,IncreaseQuarterPeriod,extended
20.5756,136,-5.31694,-0.411943,-6.67731,0.0,0.0,0.0,0.0,0.0,0.0,0.0,-4.21875,-2.57579,0.00674,0.13537,IncreaseQuarterPeriod,seated
20.7257,137,-6.40907,0.316143,-7.68322,0.0,0.0,0.0,0.0,0.0,0.0,0.0,-2.8125,1.40498,0.00674,0.13537,IncreaseQuarterPeriod,seated
20.8759,138,0.823887,-0.929268,-8.62207,0.0,0.0,0.0,0.0,0.0,0.0,0.0,-0.878906,5.61993,0.00674,0.13537,IncreaseQuarterPeriod,seated
21.0261,139,-2.0214,-0.153281,-10.3369,0.0,0.0,0.0,0.0,0.0,0.0,0.0,0.703125,8.19574,0.00674,0.13537,IncreaseQuarterPeriod,seated
21.1762,140,-2.28964,-0.306563,-10.107,0.0,0.0,0.0,0.0,0.0,0.0,0.0,2.8125,10.537,0.00674,0.13537,IncreaseQuarterPeriod,seated
21.3264,141,-1.53281,-0.277822,-9.35016,0.0,0.0,0.0,0.0,0.0,0.0,0.0,4.04297,11.0041,0.00674,0.13537,IncreaseQuarterPeriod,seated
21.4765,142,-1.44659,-0.249082,-9.3789,0.0,0.0,0.0,0.0,0.0,0.0,0.0,4.92188,10.3019,0.00674,0.13537,IncreaseQuarterPeriod,seated
21.6267,143,-1.43701,-0.239502,-9.4747,0.0,0.0,0.0,0.0,0.0,0.0,0.0,4.92188,7.72637,0.00674,0.13537,IncreaseQuarterPeriod,seated
21.7768,144,-1.47533,-0.229922,-9.73336,0.0,0.0,0.0,0.0,0.0,0.0,0.0,4.21875,4.68263,0.00674,0.13537,IncreaseQuarterPeriod,seated
21.927,145,-1.60945,-0.383203,-9.84832,0.0,0.0,0.0,0.0,0.0,0.0,0.0,3.33984,0.702423,0.00674,0.13537,IncreaseQuarterPeriod,seated
22.077,146,-1.05381,-0.0862207,-7.7407,0.0,0.0,0.0,0.0,0.0,0.0,0.0,1.58203,-3.27834,0.0188,0.1476,IncreaseQuarterPeriod,extended
22.2272,147,-4.56012,-0.986748,-6.41865,0.0,0.0,0.0,0.0,0.0,0.0,0.0,-0.527344,-7.25879,0.0188,0.1476,IncreaseQuarterPeriod,extended
22.3774,148,-0.900527,0.210762,-6.55277,0.0,0.0,0.0,0.0,0.0,0.0,0.0,-2.10938,-9.36606,0.0188,0.1476,IncreaseQuarterPeriod,extended
22.5276,149,-5.54687,-0.172441,-7.19464,0.0,0.0,0.0,0.0,0.0,0.0,0.0,-3.69141,-10.5368,0.0188,0.1476,IncreaseQuarterPeriod,extended
22.6777,150,-5.48939,-0.0287402,-7.06052,0.0,0.0,0.0,0.0,0.0,0.0,0.0,-5.09766,-11.2391,0.0188,0.1476,IncreaseQuarterPeriod,extended
22.8279,151,-6.15999,-0.229922,-7.63532,0.0,0.0,0.0,0.0,0.0,0.0,0.0,-5.44922,-9.36487,0.0188,0.1476,IncreaseQuarterPeriod,extended
22.978,152,-6.35159,-0.296982,-7.43414,0.0,0.0,0.0,0.0,0.0,0.0,0.0,-5.27344,-6.32151,0.0188,0.1476,IncreaseQuarterPeriod,extended
23.1281,153,-6.09293,-0.411943,-7.24254,0.0,0.0,0.0,0.0,0.0,0.0,0.0,-4.39453,-3.04407,0.00674,0.13537,IncreaseQuarterPeriod,seated
23.2782,154,-6.51445,-0.124541,-9.84832,0.0,0.0,0.0,0.0,0.0,0.0,0.0,-2.8125,1.1708,0.00674,0.13537,IncreaseQuarterPeriod,seated
23.4284,155,-0.775986,-0.105381,-9.69504,0.0,0.0,0.0,0.0,0.0,0.0,0.0,-1.23047,5.15154,0.00674,0.13537,IncreaseQuarterPeriod,seated
23.5786,156,-2.55788,-0.143701,-10.3177,0.0,0.0,0.0,0.0,0.0,0.0,0.0,0.703125,8.19557,0.00674,0.13537,IncreaseQuarterPeriod,seated
23.7287,157,-1.50407,-0.555645,-9.89622,0.0,0.0,0.0,0.0,0.0,0.0,0.0,2.63672,10.537,0.00674,0.13537,IncreaseQuarterPeriod,seated
23.8789,158,-1.51365,-0.287402,-9.46512,0.0,0.0,0.0,0.0,0.0,0.0,0.0,4.04297,11.2382,0.00674,0.13537,IncreaseQuarterPeriod,seated
24.029,159,-1.52323,-0.229922,-9.38848,0.0,0.0,0.0,0.0,0.0,0.0,0.0,4.74609,10.0676,0.00674,0.13537,IncreaseQuarterPeriod,seated
24.1792,160,-1.59987,-0.210762,-9.69504,0.0,0.0,0.0,0.0,0.0,0.0,0.0,4.92188,8.19456,0.00674,0.13537,IncreaseQuarterPeriod,seated
24.3293,161,-1.49449,-0.153281,-9.72378,0.0,0.0,0.0,0.0,0.0,0.0,0.0,4.39453,4.91678,0.00674,0.13537,IncreaseQuarterPeriod,seated
24.4795,162,-1.53281,-0.316143,-9.77168,0.0,0.0,0.0,0.0,0.0,0.0,0.0,3.33984,0.936548,0.00674,0.13537,IncreaseQuarterPeriod,seated
24.6295,163,-1.38911,-0.632285,-7.89398,0.0,0.0,0.0,0.0,0.0,0.0,0.0,1.75781,-3.04424,0.0188,0.1476,IncreaseQuarterPeriod,extended
24.7797,164,-5.01038,-1.11129,-8.09517,0.0,0.0,0.0,0.0,0.0,0.0,0.0,-0.175781,-6.5568,0.0188,0.1476,IncreaseQuarterPeriod,extended
24.9298,165,-5.86301,0.546064,-7.67364,0.0,0.0,0.0,0.0,0.0,0.0,0.0,-2.10938,-9.36665,0.0188,0.1476,IncreaseQuarterPeriod,extended
25.08,166,-6.49529,-0.229922,-7.84608,0.0,0.0,0.0,0.0,0.0,0.0,0.0,-3.69141,-10.7716,0.0188,0.1476,IncreaseQuarterPeriod,extended
25.2302,167,-6.26537,0.0670606,-7.5491,0.0,0.0,0.0,0.0,0.0,0.0,0.0,-4.92188,-11.0057,0.0188,0.1476,IncreaseQuarterPeriod,extended
25.3803,168,-6.15041,-0.287402,-7.52036,0.0,0.0,0.0,0.0,0.0,0.0,0.0,-5.44922,-9.5992,0.0188,0.1476,IncreaseQuarterPeriod,extended
25.5305,169,-6.16957,-0.249082,-7.30002,0.0,0.0,0.0,0.0,0.0,0.0,0.0,-5.27344,-6.78956,0.0188,0.1476,IncreaseQuarterPeriod,extended
25.6805,170,-5.97797,-0.182021,-7.27128,0.0,0.0,0.0,0.0,0.0,0.0,0.0,-4.57031,-3.27827,0.0188,0.1476,IncreaseQuarterPeriod,extended
25.8306,171,-6.19831,-0.191602,-6.91682,0.0,0.0,0.0,0.0,0.0,0.0,0.0,-2.98828,0.93675,0.00674,0.13537,IncreaseQuarterPeriod,seated
25.9807,172,-4.89542,-0.210762,-7.41498,0.0,0.0,0.0,0.0,0.0,0.0,0.0,-1.23047,4.91801,0.00674,0.13537,IncreaseQuarterPeriod,seated
26.1309,173,4.3781,-1.74357,-8.09517,0.0,0.0,0.0,0.0,0.0,0.0,0.0,0.527344,7.96255,0.00674,0.13537,IncreaseQuarterPeriod,seated
26.2811,174,-2.23216,-0.479004,-10.3082,0.0,0.0,0.0,0.0,0.0,0.0,0.0,2.28516,10.0703,0.00674,0.13537,IncreaseQuarterPeriod,seated
26.4312,175,-2.3567,-0.143701,-9.88664,0.0,0.0,0.0,0.0,0.0,0.0,0.0,3.86719,11.2396,0.00674,0.13537,IncreaseQuarterPeriod,seated
26.5814,176,-1.74357,-0.143701,-9.24478,0.0,0.0,0.0,0.0,0.0,0.0,0.0,4.74609,10.3018,0.00674,0.13537,IncreaseQuarterPeriod,seated
26.7315,177,-1.49449,-0.229922,-9.4747,0.0,0.0,0.0,0.0,0.0,0.0,0.0,4.74609,7.96054,0.00674,0.13537,IncreaseQuarterPeriod,seated
26.8816,178,-1.61903,-0.220342,-9.84832,0.0,0.0,0.0,0.0,0.0,0.0,0.0,4.57031,5.38562,0.00674,0.13537,IncreaseQuarterPeriod,seated
27.0318,179,-1.53281,-0.239502,-9.6663,0.0,0.0,0.0,0.0,0.0,0.0,0.0,3.51562,1.63912,0.00674,0.13537,IncreaseQuarterPeriod,seated
27.1818,180,-0.795147,0.0287402,-10.5285,0.0,0.0,0.0,0.0,0.0,0.0,0.0,1.93359,-2.57604,0.0188,0.1476,IncreaseQuarterPeriod,extended
27.332,181,-1.56155,-0.804727,-6.8306,0.0,0.0,0.0,0.0,0.0,0.0,0.0,-0.175781,-6.55724,0.0188,0.1476,IncreaseQuarterPeriod,extended
27.4821,182,-6.7827,0.555645,-6.17915,0.0,0.0,0.0,0.0,0.0,0.0,0.0,-1.93359,-8.89891,0.0188,0.1476,IncreaseQuarterPeriod,extended
27.6323,183,-5.57561,-0.335303,-7.52036,0.0,0.0,0.0,0.0,0.0,0.0,0.0,-3.51562,-10.7712,0.0188,0.1476,IncreaseQuarterPeriod,extended
27.7825,184,-5.71931,-0.0383203,-7.22338,0.0,0.0,0.0,0.0,0.0,0.0,0.0,-4.92188,-11.2395,0.0188,0.1476,IncreaseQuarterPeriod,extended
27.9325,185,-6.32285,-0.182021,-7.49162,0.0,0.0,0.0,0.0,0.0,0.0,0.0,-5.44922,-9.83458,0.0188,0.1476,IncreaseQuarterPeriod,extended
28.0827,186,-6.40907,-0.306563,-7.5012,0.0,0.0,0.0,0.0,0.0,0.0,0.0,-5.27344,-6.79055,0.0188,0.1476,IncreaseQuarterPeriod,extended
28.2328,187,-6.17915,-0.143701,-7.3575,0.0,0.0,0.0,0.0,0.0,0.0,0.0,-4.57031,-3.51238,0.0188,0.1476,IncreaseQuarterPeriod,extended
28.3829,188,-7.85566,-0.584385,-7.4054,0.0,0.0,0.0,0.0,0.0,0.0,0.0,-3.16406,0.468368,0.00674,0.13537,IncreaseQuarterPeriod,seated
28.5331,189,-5.26904,-0.201182,-8.28677,0.0,0.0,0.0,0.0,0.0,0.0,0.0,-1.40625,4.68368,0.00674,0.13537,IncreaseQuarterPeriod,seated
28.6832,190,2.96982,-0.00958008,-9.54176,0.0,0.0,0.0,0.0,0.0,0.0,0.0,0.351562,7.72726,0.00674,0.13537,IncreaseQuarterPeriod,seated
28.8334,191,-1.28373,-0.421523,-10.2219,0.0,0.0,0.0,0.0,0.0,0.0,0.0,2.10938,9.83448,0.00674,0.13537,IncreaseQuarterPeriod,seated
28.9835,192,-2.12678,-0.201182,-9.6663,0.0,0.0,0.0,0.0,0.0,0.0,0.0,3.69141,11.0053,0.00674,0.13537,IncreaseQuarterPeriod,seated
29.1337,193,-1.74357,-0.0862207,-9.51302,0.0,0.0,0.0,0.0,0.0,0.0,0.0,4.57031,10.3016,0.00674,0.13537,IncreaseQuarterPeriod,seated
29.2838,194,-1.51365,-0.316143,-9.50344,0.0,0.0,0.0,0.0,0.0,0.0,0.0,4.92188,8.42872,0.00674,0.13537,IncreaseQuarterPeriod,seated
29.434,195,-1.45617,-0.239502,-9.55134,0.0,0.0,0.0,0.0,0.0,0.0,0.0,4.57031,5.61915,0.00674,0.13537,IncreaseQuarterPeriod,seated
29.5842,196,-1.54239,-0.268242,-9.65672,0.0,0.0,0.0,0.0,0.0,0.0,0.0,3.51562,1.87308,0.00674,0.13537,IncreaseQuarterPeriod,seated
29.7342,197,-1.11129,-1.14003,-9.20646,0.0,0.0,0.0,0.0,0.0,0.0,0.0,2.10938,-2.10745,0.0188,0.1476,IncreaseQuarterPeriod,extended
29.8844,198,-1.15919,-0.373623,-7.82692,0.0,0.0,0.0,0.0,0.0,0.0,0.0,0.0,-6.08822,0.0188,0.1476,IncreaseQuarterPeriod,extended
30.0345,199,-6.65815,0.182021,-6.96472,0.0,0.0,0.0,0.0,0.0,0.0,0.0,-1.75781,-8.89807,0.0188,0.1476,IncreaseQuarterPeriod,extended
30.1847,200,-7.85566,-0.440684,-7.46288,0.0,0.0,0.0,0.0,0.0,0.0,0.0,-3.33984,-10.5369,0.0188,0.1476,IncreaseQuarterPeriod,extended
30.3349,201,-5.1924,-0.00958008,-7.06052,0.0,0.0,0.0,0.0,0.0,0.0,0.0,-4.74609,-11.0053,0.0188,0.1476,IncreaseQuarterPeriod,extended
30.485,202,-6.01629,-0.258662,-7.52036,0.0,0.0,0.0,0.0,0.0,0.0,0.0,-5.27344,-9.83345,0.0188,0.1476,IncreaseQuarterPeriod,extended
30.6352,203,-6.39949,-0.354463,-7.49162,0.0,0.0,0.0,0.0,0.0,0.0,0.0,-5.27344,-7.02394,0.0188,0.1476,IncreaseQuarterPeriod,extended
30.7853,204,-6.48571,-0.153281,-7.42456,0.0,0.0,0.0,0.0,0.0,0.0,0.0,-4.74609,-3.98024,0.0188,0.1476,IncreaseQuarterPeriod,extended
30.9354,205,-6.62941,-0.0383203,-7.13716,0.0,0.0,0.0,0.0,0.0,0.0,0.0,-3.33984,0.0,0.00674,0.13537,IncreaseQuarterPeriod,seated
31.0855,206,-7.3575,-0.411943,-8.14307,0.0,0.0,0.0,0.0,0.0,0.0,0.0,-1.58203,4.21494,0.00674,0.13537,IncreaseQuarterPeriod,seated
31.2357,207,1.79147,0.565225,-11.2566,0.0,0.0,0.0,0.0,0.0,0.0,0.0,0.175781,7.25905,0.00674,0.13537,IncreaseQuarterPeriod,seated
31.3859,208,-2.6441,-0.134121,-9.92496,0.0,0.0,0.0,0.0,0.0,0.0,0.0,1.93359,9.60052,0.00674,0.13537,IncreaseQuarterPeriod,seated
31.536,209,-1.76273,-0.479004,-9.6184,0.0,0.0,0.0,0.0,0.0,0.0,0.0,3.69141,11.2396,0.00674,0.13537,IncreaseQuarterPeriod,seated
31.6862,210,-1.58071,-0.191602,-9.38848,0.0,0.0,0.0,0.0,0.0,0.0,0.0,4.57031,10.5359,0.00674,0.13537,IncreaseQuarterPeriod,seated
31.8363,211,-1.51365,-0.220342,-9.38848,0.0,0.0,0.0,0.0,0.0,0.0,0.0,4.92188,8.66286,0.00674,0.13537,IncreaseQuarterPeriod,seated
31.9865,212,-1.36995,-0.249082,-9.72378,0.0,0.0,0.0,0.0,0.0,0.0,0.0,4.57031,5.85337,0.00674,0.13537,IncreaseQuarterPeriod,seated
32.1365,213,-1.50407,-0.258662,-9.6663,0.0,0.0,0.0,0.0,0.0,0.0,0.0,3.69141,2.34165,0.00674,0.13537,IncreaseQuarterPeriod,seated
32.2866,214,-0.919688,-0.220342,-8.93821,0.0,0.0,0.0,0.0,0.0,0.0,0.0,2.28516,-1.87354,0.0188,0.1476,IncreaseQuarterPeriod,extended
32.4367,215,-1.13045,-1.14003,-6.62941,0.0,0.0,0.0,0.0,0.0,0.0,0.0,0.175781,-5.85482,0.0188,0.1476,IncreaseQuarterPeriod,extended
32.5869,216,-7.97063,0.775986,-7.63532,0.0,0.0,0.0,0.0,0.0,0.0,0.0,-1.58203,-8.66506,0.0188,0.1476,IncreaseQuarterPeriod,extended
32.7371,217,-6.12167,0.0574805,-7.65448,0.0,0.0,0.0,0.0,0.0,0.0,0.0,-3.16406,-10.3041,0.0188,0.1476,IncreaseQuarterPeriod,extended
32.8872,218,-5.44148,0.0479004,-7.13716,0.0,0.0,0.0,0.0,0.0,0.0,0.0,-4.57031,-11.0053,0.0188,0.1476,IncreaseQuarterPeriod,extended
33.0374,219,-6.37075,-0.239502,-7.65448,0.0,0.0,0.0,0.0,0.0,0.0,0.0,-5.27344,-10.0675,0.0188,0.1476,IncreaseQuarterPeriod,extended
33.1875,220,-6.45697,-0.258662,-7.5491,0.0,0.0,0.0,0.0,0.0,0.0,0.0,-5.27344,-7.25809,0.0188,0.1476,IncreaseQuarterPeriod,extended
33.3377,221,-5.85343,-0.210762,-7.15632,0.0,0.0,0.0,0.0,0.0,0.0,0.0,-4.74609,-4.21443,0.0188,0.1476,IncreaseQuarterPeriod,extended
33.4877,222,-6.24621,-0.574805,-7.25212,0.0,0.0,0.0,0.0,0.0,0.0,0.0,-3.51562,-0.468327,0.00674,0.13537,IncreaseQuarterPeriod,seated
33.6379,223,-6.85934,0.0862207,-8.66997,0.0,0.0,0.0,0.0,0.0,0.0,0.0,-1.75781,3.7466,0.00674,0.13537,IncreaseQuarterPeriod,seated
33.7881,224,-1.64777,-0.0958008,-8.95737,0.0,0.0,0.0,0.0,0.0,0.0,0.0,0.0,7.0249,0.00674,0.13537,IncreaseQuarterPeriod,seated
33.9382,225,-1.60945,-0.191602,-10.1549,0.0,0.0,0.0,0.0,0.0,0.0,0.0,1.75781,9.36622,0.00674,0.13537,IncreaseQuarterPeriod,seated
34.0884,226,-1.70525,-0.296982,-9.84832,0.0,0.0,0.0,0.0,0.0,0.0,0.0,3.51562,11.0053,0.00674,0.13537,IncreaseQuarterPeriod,seated
34.2385,227,-1.54239,-0.306563,-9.41722,0.0,0.0,0.0,0.0,0.0,0.0,0.0,4.39453,10.5358,0.00674,0.13537,IncreaseQuarterPeriod,seated
34.3887,228,-1.55197,-0.249082,-9.55134,0.0,0.0,0.0,0.0,0.0,0.0,0.0,4.92188,8.89704,0.00674,0.13537,IncreaseQuarterPeriod,seated
34.5388,229,-1.60945,-0.210762,-9.51302,0.0,0.0,0.0,0.0,0.0,0.0,0.0,4.74609,6.3216,0.00674,0.13537,IncreaseQuarterPeriod,seated
34.689,230,-1.57113,-0.229922,-9.67588,0.0,0.0,0.0,0.0,0.0,0.0,0.0,3.86719,2.80964,0.00674,0.13537,IncreaseQuarterPeriod,seated
34.8391,231,-2.7399,-0.546064,-10.8926,0.0,0.0,0.0,0.0,0.0,0.0,0.0,2.46094,-1.40497,0.0188,0.1476,IncreaseQuarterPeriod,extended
34.9892,232,-2.14594,0.0,-7.79818,0.0,0.0,0.0,0.0,0.0,0.0,0.0,0.351562,-5.38573,0.0188,0.1476,IncreaseQuarterPeriod,extended
35.1394,233,-7.09884,-0.344883,-6.59109,0.0,0.0,0.0,0.0,0.0,0.0,0.0,-1.40625,-8.42978,0.0188,0.1476,IncreaseQuarterPeriod,extended
35.2895,234,-7.19464,-0.268242,-8.33467,0.0,0.0,0.0,0.0,0.0,0.0,0.0,-2.98828,-10.3029,0.0188,0.1476,IncreaseQuarterPeriod,extended
35.4397,235,-5.98755,-0.172441,-6.8306,0.0,0.0,0.0,0.0,0.0,0.0,0.0,-4.57031,-11.2395,0.0188,0.1476,IncreaseQuarterPeriod,extended
35.5898,236,-6.12167,-0.210762,-7.5491,0.0,0.0,0.0,0.0,0.0,0.0,0.0,-5.27344,-10.3017,0.0188,0.1476,IncreaseQuarterPeriod,extended
35.74,237,-6.12167,-0.316143,-7.55868,0.0,0.0,0.0,0.0,0.0,0.0,0.0,-5.27344,-7.49204,0.0188,0.1476,IncreaseQuarterPeriod,extended
35.8902,238,-6.24621,-0.201182,-7.43414,0.0,0.0,0.0,0.0,0.0,0.0,0.0,-4.92188,-4.68248,0.0188,0.1476,IncreaseQuarterPeriod,extended
36.0402,239,-6.57193,0.124541,-7.46288,0.0,0.0,0.0,0.0,0.0,0.0,0.0,-3.69141,-0.936619,0.00674,0.13537,IncreaseQuarterPeriod,seated
36.1904,240,-5.60435,-0.105381,-8.38257,0.0,0.0,0.0,0.0,0.0,0.0,0.0,-1.75781,3.74647,0.00674,0.13537,IncreaseQuarterPeriod,seated
36.3405,241,1.94476,-0.383203,-8.32509,0.0,0.0,0.0,0.0,0.0,0.0,0.0,-0.175781,6.79057,0.00674,0.13537,IncreaseQuarterPeriod,seated
36.4907,242,-2.28006,-0.287402,-10.4135,0.0,0.0,0.0,0.0,0.0,0.0,0.0,1.58203,9.13233,0.00674,0.13537,IncreaseQuarterPeriod,seated
36.6409,243,-2.23216,-0.249082,-9.68546,0.0,0.0,0.0,0.0,0.0,0.0,0.0,3.33984,11.0055,0.00674,0.13537,IncreaseQuarterPeriod,seated
36.791,244,-1.62861,-0.162861,-9.4268,0.0,0.0,0.0,0.0,0.0,0.0,0.0,4.39453,10.7701,0.00674,0.13537,IncreaseQuarterPeriod,seated
36.9412,245,-1.44659,-0.210762,-9.38848,0.0,0.0,0.0,0.0,0.0,0.0,0.0,4.92188,8.89708,0.00674,0.13537,IncreaseQuarterPeriod,seated
37.0913,246,-1.64777,-0.172441,-9.6184,0.0,0.0,0.0,0.0,0.0,0.0,0.0,4.74609,6.55571,0.00674,0.13537,IncreaseQuarterPeriod,seated
37.2415,247,-1.49449,-0.220342,-9.68546,0.0,0.0,0.0,0.0,0.0,0.0,0.0,3.86719,3.0437,0.00674,0.13537,IncreaseQuarterPeriod,seated
37.3915,248,0.0191602,0.00958008,-8.35383,0.0,0.0,0.0,0.0,0.0,0.0,0.0,2.63672,-0.936676,0.0188,0.1476,IncreaseQuarterPeriod,extended
37.5417,249,-4.10027,-0.258662,-7.47246,0.0,0.0,0.0,0.0,0.0,0.0,0.0,0.527344,-5.15171,0.0188,0.1476,IncreaseQuarterPeriod,extended
37.6918,250,-7.5491,0.392783,-8.18139,0.0,0.0,0.0,0.0,0.0,0.0,0.0,-1.23047,-8.19584,0.0188,0.1476,IncreaseQuarterPeriod,extended
37.842,251,-6.09293,-0.277822,-7.4054,0.0,0.0,0.0,0.0,0.0,0.0,0.0,-2.98828,-10.3032,0.0188,0.1476,IncreaseQuarterPeriod,extended
37.9922,252,-5.66183,-0.172441,-7.58742,0.0,0.0,0.0,0.0,0.0,0.0,0.0,-4.39453,-11.0055,0.0188,0.1476,IncreaseQuarterPeriod,extended
38.1423,253,-6.26537,-0.335303,-7.46288,0.0,0.0,0.0,0.0,0.0,0.0,0.0,-5.27344,-10.5358,0.0188,0.1476,IncreaseQuarterPeriod,extended
38.2925,254,-6.34201,-0.201182,-7.53952,0.0,0.0,0.0,0.0,0.0,0.0,0.0,-5.44922,-7.96039,0.0188,0.1476,IncreaseQuarterPeriod,extended
38.4426,255,-5.96839,-0.220342,-7.2138,0.0,0.0,0.0,0.0,0.0,0.0,0.0,-4.92188,-4.91678,0.0188,0.1476,IncreaseQuarterPeriod,extended
38.5927,256,-5.2882,-0.287402,-6.85934,0.0,0.0,0.0,0.0,0.0,0.0,0.0,-3.69141,-0.936651,0.00674,0.13537,IncreaseQuarterPeriod,seated
38.7428,257,-8.54543,0.325723,-7.22338,0.0,0.0,0.0,0.0,0.0,0.0,0.0,-2.10938,3.04415,0.00674,0.13537,IncreaseQuarterPeriod,seated
38.893,258,4.07153,-1.05381,-8.97653,0.0,0.0,0.0,0.0,0.0,0.0,0.0,-0.175781,6.7907,0.00674,0.13537,IncreaseQuarterPeriod,seated
39.0431,259,-1.8777,-0.479004,-9.9537,0.0,0.0,0.0,0.0,0.0,0.0,0.0,1.40625,9.13231,0.00674,0.13537,IncreaseQuarterPeriod,seated
39.1933,260,-2.12678,-0.306563,-10.1645,0.0,0.0,0.0,0.0,0.0,0.0,0.0,3.33984,11.0055,0.00674,0.13537,IncreaseQuarterPeriod,seated
39.3435,261,-1.66693,-0.162861,-9.2831,0.0,0.0,0.0,0.0,0.0,0.0,0.0,4.39453,10.7701,0.00674,0.13537,IncreaseQuarterPeriod,seated
39.4935,262,-1.59029,-0.220342,-9.3789,0.0,0.0,0.0,0.0,0.0,0.0,0.0,4.92188,9.36643,0.00674,0.13537,IncreaseQuarterPeriod,seated
39.6437,263,-1.42743,-0.249082,-9.91538,0.0,0.0,0.0,0.0,0.0,0.0,0.0,4.74609,6.55648,0.00674,0.13537,IncreaseQuarterPeriod,seated
39.7938,264,-1.47533,-0.258662,-9.6184,0.0,0.0,0.0,0.0,0.0,0.0,0.0,4.04297,3.51241,0.00674,0.13537,IncreaseQuarterPeriod,seated
39.9439,265,-2.00224,-0.0287402,-8.86157,0.0,0.0,0.0,0.0,0.0,0.0,0.0,2.63672,-0.936754,0.0188,0.1476,IncreaseQuarterPeriod,extended
40.0941,266,-1.51365,-0.843047,-7.118,0.0,0.0,0.0,0.0,0.0,0.0,0.0,0.703125,-4.91797,0.0188,0.1476,IncreaseQuarterPeriod,extended
40.2442,267,-6.31327,0.0479004,-7.29044,0.0,0.0,0.0,0.0,0.0,0.0,0.0,-1.05469,-7.96145,0.0188,0.1476,IncreaseQuarterPeriod,extended
40.3944,268,-5.92049,-0.114961,-7.5491,0.0,0.0,0.0,0.0,0.0,0.0,0.0,-2.8125,-10.0688,0.0188,0.1476,IncreaseQuarterPeriod,extended
40.5445,269,-5.03912,0.0191602,-6.7827,0.0,0.0,0.0,0.0,0.0,0.0,0.0,-4.39453,-11.2396,0.0188,0.1476,IncreaseQuarterPeriod,extended
40.6947,270,-6.74438,-0.249082,-7.90356,0.0,0.0,0.0,0.0,0.0,0.0,0.0,-5.09766,-10.3018,0.0188,0.1476,IncreaseQuarterPeriod,extended
40.8448,271,-6.21747,-0.344883,-7.39582,0.0,0.0,0.0,0.0,0.0,0.0,0.0,-5.44922,-8.19468,0.0188,0.1476,IncreaseQuarterPeriod,extended
40.995,272,-6.27495,-0.191602,-7.47246,0.0,0.0,0.0,0.0,0.0,0.0,0.0,-5.09766,-5.38503,0.0188,0.1476,IncreaseQuarterPeriod,extended
41.1451,273,-5.96839,-0.153281,-7.28086,0.0,0.0,0.0,0.0,0.0,0.0,0.0,-4.04297,-1.63896,0.0188,0.1476,IncreaseQuarterPeriod,extended
41.2952,274,-5.69057,-0.546064,-6.71563,0.0,0.0,0.0,0.0,0.0,0.0,0.0,-2.28516,2.80997,0.00674,0.13537,IncreaseQuarterPeriod,seated
41.4454,275,-6.05461,0.124541,-8.09517,0.0,0.0,0.0,0.0,0.0,0.0,0.0,-0.527344,6.0882,0.00674,0.13537,IncreaseQuarterPeriod,seated
41.5955,276,3.93741,0.268242,-9.72378,0.0,0.0,0.0,0.0,0.0,0.0,0.0,1.58203,9.36651,0.00674,0.13537,IncreaseQuarterPeriod,seated
41.7457,277,-1.75315,-0.373623,-10.0399,0.0,0.0,0.0,0.0,0.0,0.0,0.0,2.98828,10.7714,0.00674,0.13537,IncreaseQuarterPeriod,seated
41.8958,278,-2.3567,-0.354463,-9.93454,0.0,0.0,0.0,0.0,0.0,0.0,0.0,4.39453,11.2397,0.00674,0.13537,IncreaseQuarterPeriod,seated
42.046,279,-1.64777,-0.172441,-9.2352,0.0,0.0,0.0,0.0,0.0,0.0,0.0,4.92188,9.59952,0.00674,0.13537,IncreaseQuarterPeriod,seated
42.1961,280,-1.65735,-0.210762,-9.2831,0.0,0.0,0.0,0.0,0.0,0.0,0.0,4.92188,7.25817,0.00674,0.13537,IncreaseQuarterPeriod,seated
42.3463,281,-1.55197,-0.277822,-9.60882,0.0,0.0,0.0,0.0,0.0,0.0,0.0,4.04297,3.27786,0.00674,0.13537,IncreaseQuarterPeriod,seated
42.4963,282,-3.27639,-0.469424,-11.0267,0.0,0.0,0.0,0.0,0.0,0.0,0.0,2.8125,-0.234163,0.0188,0.1476,IncreaseQuarterPeriod,extended
42.6465,283,-2.33754,-1.27415,-6.27495,0.0,0.0,0.0,0.0,0.0,0.0,0.0,0.878906,-4.68325,0.0188,0.1476,IncreaseQuarterPeriod,extended
42.7965,284,-9.99202,-0.402363,-7.6449,0.0,0.0,0.0,0.0,0.0,0.0,0.0,-0.878906,-7.72872,0.0188,0.1476,IncreaseQuarterPeriod,extended
42.9467,285,-7.5012,-0.402363,-8.03769,0.0,0.0,0.0,0.0,0.0,0.0,0.0,-2.63672,-10.0706,0.0188,0.1476,IncreaseQuarterPeriod,extended
43.0968,286,-5.96839,0.0479004,-6.96472,0.0,0.0,0.0,0.0,0.0,0.0,0.0,-4.21875,-11.0074,0.0188,0.1476,IncreaseQuarterPeriod,extended
43.247,287,-6.13125,-0.172441,-7.49162,0.0,0.0,0.0,0.0,0.0,0.0,0.0,-5.09766,-10.5378,0.0188,0.1476,IncreaseQuarterPeriod,extended
43.3972,288,-6.32285,-0.325723,-7.61616,0.0,0.0,0.0,0.0,0.0,0.0,0.0,-5.44922,-8.43022,0.0188,0.1476,IncreaseQuarterPeriod,extended
43.5473,289,-6.32285,-0.191602,-7.73112,0.0,0.0,0.0,0.0,0.0,0.0,0.0,-5.09766,-5.61912,0.0188,0.1476,IncreaseQuarterPeriod,extended
43.6975,290,-6.09293,-0.0958008,-7.27128,0.0,0.0,0.0,0.0,0.0,0.0,0.0,-4.04297,-1.87305,0.0188,0.1476,IncreaseQuarterPeriod,extended
43.8475,291,-7.03178,-0.172441,-7.12758,0.0,0.0,0.0,0.0,0.0,0.0,0.0,-2.46094,2.34163,0.00674,0.13537,IncreaseQuarterPeriod,seated
43.9977,292,-6.67731,-0.737666,-6.32285,0.0,0.0,0.0,0.0,0.0,0.0,0.0,-0.527344,6.08824,0.00674,0.13537,IncreaseQuarterPeriod,seated
44.1478,293,1.32205,-0.613125,-10.3369,0.0,0.0,0.0,0.0,0.0,0.0,0.0,1.40625,9.13255,0.00674,0.13537,IncreaseQuarterPeriod,seated
44.298,294,-1.72441,-0.143701,-10.0399,0.0,0.0,0.0,0.0,0.0,0.0,0.0,2.8125,10.5375,0.00674,0.13537,IncreaseQuarterPeriod,seated
44.4481,295,-1.29331,-0.498164,-9.51302,0.0,0.0,0.0,0.0,0.0,0.0,0.0,4.21875,11.0059,0.00674,0.13537,IncreaseQuarterPeriod,seated
44.5983,296,-1.53281,-0.258662,-9.43638,0.0,0.0,0.0,0.0,0.0,0.0,0.0,4.92188,9.8337,0.00674,0.13537,IncreaseQuarterPeriod,seated
44.7484,297,-1.44659,-0.210762,-9.35974,0.0,0.0,0.0,0.0,0.0,0.0,0.0,4.92188,7.25862,0.00674,0.13537,IncreaseQuarterPeriod,seated
44.8985,298,-1.53281,-0.287402,-9.70462,0.0,0.0,0.0,0.0,0.0,0.0,0.0,4.21875,3.74644,0.00674,0.13537,IncreaseQuarterPeriod,seated
45.0486,299,-0.843047,-0.153281,-7.48204,0.0,0.0,0.0,0.0,0.0,0.0,0.0,2.98828,0.234179,0.0188,0.1476,IncreaseQuarterPeriod,extended
45.1988,300,-1.55197,-0.622705,-5.45106,0.0,0.0,0.0,0.0,0.0,0.0,0.0,1.23047,-3.98104,0.0188,0.1476,IncreaseQuarterPeriod,extended
45.3489,301,-1.33163,-0.469424,-4.07153,0.0,0.0,0.0,0.0,0.0,0.0,0.0,-0.527344,-7.25957,0.0188,0.1476,IncreaseQuarterPeriod,extended
45.4991,302,-4.7134,-0.229922,-7.08926,0.0,0.0,0.0,0.0,0.0,0.0,0.0,-2.46094,-9.83485,0.0188,0.1476,IncreaseQuarterPeriod,extended
45.6492,303,-5.53729,-0.0862207,-6.9264,0.0,0.0,0.0,0.0,0.0,0.0,0.0,-4.04297,-11.0053,0.0188,0.1476,IncreaseQuarterPeriod,extended
45.7994,304,-6.42823,-0.134121,-7.62574,0.0,0.0,0.0,0.0,0.0,0.0,0.0,-5.09766,-10.7699,0.0188,0.1476,IncreaseQuarterPeriod,extended
45.9495,305,-6.35159,-0.249082,-7.51078,0.0,0.0,0.0,0.0,0.0,0.0,0.0,-5.44922,-8.89722,0.0188,0.1476,IncreaseQuarterPeriod,extended
46.0997,306,-6.15999,-0.249082,-7.47246,0.0,0.0,0.0,0.0,0.0,0.0,0.0,-5.09766,-6.0876,0.0188,0.1476,IncreaseQuarterPeriod,extended
46.2497,307,-5.97797,-0.785566,-6.57193,0.0,0.0,0.0,0.0,0.0,0.0,0.0,-4.04297,-2.10751,0.00674,0.13537,IncreaseQuarterPeriod,seated
46.3999,308,-6.42823,-0.00958008,-7.89398,0.0,0.0,0.0,0.0,0.0,0.0,0.0,-2.63672,1.87334,0.00674,0.13537,IncreaseQuarterPeriod,seated
46.5501,309,0.929268,-0.517324,-11.1321,0.0,0.0,0.0,0.0,0.0,0.0,0.0,-0.878906,5.61999,0.00674,0.13537,IncreaseQuarterPeriod,seated
46.7002,310,-2.75906,-0.114961,-9.94412,0.0,0.0,0.0,0.0,0.0,0.0,0.0,1.05469,8.66391,0.00674,0.13537,IncreaseQuarterPeriod,seated
46.8504,311,-1.94476,-0.517324,-9.72378,0.0,0.0,0.0,0.0,0.0,0.0,0.0,2.98828,10.7712,0.00674,0.13537,IncreaseQuarterPeriod,seated
47.0005,312,-1.80105,-0.258662,-9.43638,0.0,0.0,0.0,0.0,0.0,0.0,0.0,4.21875,11.0041,0.00674,0.13537,IncreaseQuarterPeriod,seated
47.1507,313,-1.59987,-0.268242,-9.60882,0.0,0.0,0.0,0.0,0.0,0.0,0.0,4.92188,10.0676,0.00674,0.13537,IncreaseQuarterPeriod,seated
47.3008,314,-1.58071,-0.220342,-9.56092,0.0,0.0,0.0,0.0,0.0,0.0,0.0,4.92188,7.72676,0.00674,0.13537,IncreaseQuarterPeriod,seated
47.4509,315,-1.62861,-0.201182,-9.72378,0.0,0.0,0.0,0.0,0.0,0.0,0.0,4.21875,4.21469,0.00674,0.13537,IncreaseQuarterPeriod,seated
47.6011,316,-1.61903,-0.354463,-9.70462,0.0,0.0,0.0,0.0,0.0,0.0,0.0,3.16406,0.234154,0.00674,0.13537,IncreaseQuarterPeriod,seated
47.7512,317,-1.08255,-0.632285,-9.84832,0.0,0.0,0.0,0.0,0.0,0.0,0.0,1.40625,-3.74688,0.0188,0.1476,IncreaseQuarterPeriod,extended
47.9013,318,-2.5962,-0.728086,-6.88808,0.0,0.0,0.0,0.0,0.0,0.0,0.0,-0.527344,-7.25953,0.0188,0.1476,IncreaseQuarterPeriod,extended
48.0515,319,-8.92863,0.507744,-6.21747,0.0,0.0,0.0,0.0,0.0,0.0,0.0,-2.46094,-9.83482,0.0188,0.1476,IncreaseQuarterPeriod,extended
48.2016,320,-8.21013,0.114961,-7.7886,0.0,0.0,0.0,0.0,0.0,0.0,0.0,-4.04297,-11.0054,0.0188,0.1476,IncreaseQuarterPeriod,extended
48.3518,321,-6.01629,-0.0479004,-6.89766,0.0,0.0,0.0,0.0,0.0,0.0,0.0,-5.09766,-11.0053,0.0188,0.1476,IncreaseQuarterPeriod,extended
48.5019,322,-6.24621,-0.220342,-7.5491,0.0,0.0,0.0,0.0,0.0,0.0,0.0,-5.44922,-9.13097,0.0188,0.1476,IncreaseQuarterPeriod,extended
48.6521,323,-6.28453,-0.210762,-7.43414,0.0,0.0,0.0,0.0,0.0,0.0,0.0,-5.09766,-6.08732,0.0188,0.1476,IncreaseQuarterPeriod,extended
48.8022,324,-6.9743,-0.392783,-7.19464,0.0,0.0,0.0,0.0,0.0,0.0,0.0,-4.21875,-2.34159,0.00674,0.13537,IncreaseQuarterPeriod,seated
48.9523,325,-5.56603,-0.392783,-7.42456,0.0,0.0,0.0,0.0,0.0,0.0,0.0,-2.8125,1.63912,0.00674,0.13537,IncreaseQuarterPeriod,seated
49.1025,326,2.28964,-0.517324,-7.32876,0.0,0.0,0.0,0.0,0.0,0.0,0.0,-0.878906,5.61985,0.00674,0.13537,IncreaseQuarterPeriod,seated
49.2525,327,-3.64043,-0.172441,-10.0112,0.0,0.0,0.0,0.0,0.0,0.0,0.0,0.878906,8.43104,0.00674,0.13537,IncreaseQuarterPeriod,seated
49.4027,328,-2.23216,-0.287402,-9.7142,0.0,0.0,0.0,0.0,0.0,0.0,0.0,2.8125,10.5386,0.00674,0.13537,IncreaseQuarterPeriod,seated
49.5528,329,-1.67651,-0.364043,-9.32142,0.0,0.0,0.0,0.0,0.0,0.0,0.0,4.04297,11.0057,0.00674,0.13537,IncreaseQuarterPeriod,seated
49.703,330,-1.60945,-0.316143,-9.55134,0.0,0.0,0.0,0.0,0.0,0.0,0.0,4.92188,10.3032,0.00674,0.13537,IncreaseQuarterPeriod,seated
49.8532,331,-1.45617,-0.249082,-9.6663,0.0,0.0,0.0,0.0,0.0,0.0,0.0,4.92188,7.72743,0.00674,0.13537,IncreaseQuarterPeriod,seated
50.0033,332,-1.54239,-0.172441,-9.62798,0.0,0.0,0.0,0.0,0.0,0.0,0.0,4.39453,4.68262,0.00674,0.13537,IncreaseQuarterPeriod,seated
50.1535,333,-1.59029,-0.287402,-9.72378,0.0,0.0,0.0,0.0,0.0,0.0,0.0,3.33984,0.702398,0.00674,0.13537,IncreaseQuarterPeriod,seated
50.3035,334,-1.13045,-0.306563,-9.84832,0.0,0.0,0.0,0.0,0.0,0.0,0.0,1.58203,-3.27822,0.0188,0.1476,IncreaseQuarterPeriod,extended
50.4537,335,-2.56746,-0.593965,-6.84018,0.0,0.0,0.0,0.0,0.0,0.0,0.0,-0.527344,-7.25892,0.0188,0.1476,IncreaseQuarterPeriod,extended
50.6039,336,-1.88728,0.114961,-5.63309,0.0,0.0,0.0,0.0,0.0,0.0,0.0,-2.10938,-9.36612,0.0188,0.1476,IncreaseQuarterPeriod,extended
50.754,337,-5.46064,-0.249082,-6.79228,0.0,0.0,0.0,0.0,0.0,0.0,0.0,-3.69141,-10.771,0.0188,0.1476,IncreaseQuarterPeriod,extended
50.9042,338,-5.03912,-0.0191602,-6.98388,0.0,0.0,0.0,0.0,0.0,0.0,0.0,-4.92188,-11.0052,0.0188,0.1476,IncreaseQuarterPeriod,extended
51.0543,339,-6.36117,-0.258662,-7.61616,0.0,0.0,0.0,0.0,0.0,0.0,0.0,-5.44922,-9.36514,0.0188,0.1476,IncreaseQuarterPeriod,extended
51.2045,340,-6.33243,-0.277822,-7.44372,0.0,0.0,0.0,0.0,0.0,0.0,0.0,-5.09766,-6.08738,0.0188,0.1476,IncreaseQuarterPeriod,extended
51.3545,341,-6.85934,0.0191602,-6.57193,0.0,0.0,0.0,0.0,0.0,0.0,0.0,-4.39453,-3.0441,0.00674,0.13537,IncreaseQuarterPeriod,seated
51.5047,342,-5.57561,-0.258662,-8.51669,0.0,0.0,0.0,0.0,0.0,0.0,0.0,-2.98828,0.936649,0.00674,0.13537,IncreaseQuarterPeriod,seated
51.6549,343,0.603545,-0.392783,-10.1645,0.0,0.0,0.0,0.0,0.0,0.0,0.0,-1.23047,4.91735,0.00674,0.13537,IncreaseQuarterPeriod,seated
51.805,344,-2.79738,-0.0383203,-10.2219,0.0,0.0,0.0,0.0,0.0,0.0,0.0,0.703125,8.19558,0.00674,0.13537,IncreaseQuarterPeriod,seated
51.9552,345,-2.15552,-0.306563,-9.39806,0.0,0.0,0.0,0.0,0.0,0.0,0.0,2.63672,10.3028,0.00674,0.13537,IncreaseQuarterPeriod,seated
52.1053,346,-1.84896,-0.172441,-9.11065,0.0,0.0,0.0,0.0,0.0,0.0,0.0,4.04297,11.2381,0.00674,0.13537,IncreaseQuarterPeriod,seated
52.2555,347,-1.36995,-0.335303,-9.49386,0.0,0.0,0.0,0.0,0.0,0.0,0.0,4.92188,10.5361,0.00674,0.13537,IncreaseQuarterPeriod,seated
52.4056,348,-1.32205,-0.210762,-9.7142,0.0,0.0,0.0,0.0,0.0,0.0,0.0,4.92188,8.19513,0.00674,0.13537,IncreaseQuarterPeriod,seated
52.5557,349,-1.57113,-0.229922,-9.59924,0.0,0.0,0.0,0.0,0.0,0.0,0.0,4.39453,4.91716,0.00674,0.13537,IncreaseQuarterPeriod,seated
52.7059,350,-1.60945,-0.325723,-9.62798,0.0,0.0,0.0,0.0,0.0,0.0,0.0,3.33984,0.936654,0.00674,0.13537,IncreaseQuarterPeriod,seated
52.8559,351,-1.41785,-0.344883,-9.50344,0.0,0.0,0.0,0.0,0.0,0.0,0.0,1.75781,-3.04445,0.0188,0.1476,IncreaseQuarterPeriod,extended
53.0061,352,-0.172441,-0.172441,-8.37299,0.0,0.0,0.0,0.0,0.0,0.0,0.0,-0.351562,-7.02543,0.0188,0.1476,IncreaseQuarterPeriod,extended
53.1563,353,-9.06275,0.718506,-9.16813,0.0,0.0,0.0,0.0,0.0,0.0,0.0,-2.10938,-9.36673,0.0188,0.1476,IncreaseQuarterPeriod,extended
53.3064,354,-6.7348,0.172441,-7.75986,0.0,0.0,0.0,0.0,0.0,0.0,0.0,-3.69141,-10.7716,0.0188,0.1476,IncreaseQuarterPeriod,extended
53.4566,355,-5.11576,-0.0670606,-6.94556,0.0,0.0,0.0,0.0,0.0,0.0,0.0,-4.92188,-11.0053,0.0188,0.1476,IncreaseQuarterPeriod,extended
53.6067,356,-5.62351,-0.258662,-7.73112,0.0,0.0,0.0,0.0,0.0,0.0,0.0,-5.44922,-9.59915,0.0188,0.1476,IncreaseQuarterPeriod,extended
53.7569,357,-6.27495,-0.440684,-7.4054,0.0,0.0,0.0,0.0,0.0,0.0,0.0,-5.27344,-6.55548,0.0188,0.1476,IncreaseQuarterPeriod,extended
53.907,358,-7.29044,-0.287402,-7.2617,0.0,0.0,0.0,0.0,0.0,0.0,0.0,-4.39453,-3.04401,0.00674,0.13537,IncreaseQuarterPeriod,seated
54.0571,359,-6.93598,-1.17835,-11.2662,0.0,0.0,0.0,0.0,0.0,0.0,0.0,-2.98828,0.936612,0.00674,0.13537,IncreaseQuarterPeriod,seated
54.2073,360,0.258662,0.364043,-8.66997,0.0,0.0,0.0,0.0,0.0,0.0,0.0,-1.23047,4.91722,0.00674,0.13537,IncreaseQuarterPeriod,seated
54.3574,361,-1.70525,-0.239502,-10.107,0.0,0.0,0.0,0.0,0.0,0.0,0.0,0.527344,7.96127,0.00674,0.13537,IncreaseQuarterPeriod,seated
54.5076,362,-1.81063,-0.546064,-9.84832,0.0,0.0,0.0,0.0,0.0,0.0,0.0,2.46094,10.3027,0.00674,0.13537,IncreaseQuarterPeriod,seated
54.6578,363,-1.8777,-0.277822,-9.44596,0.0,0.0,0.0,0.0,0.0,0.0,0.0,3.86719,11.004,0.00674,0.13537,IncreaseQuarterPeriod,seated
54.8079,364,-1.57113,-0.210762,-9.38848,0.0,0.0,0.0,0.0,0.0,0.0,0.0,4.74609,10.3017,0.00674,0.13537,IncreaseQuarterPeriod,seated
54.9581,365,-1.55197,-0.220342,-9.74294,0.0,0.0,0.0,0.0,0.0,0.0,0.0,4.92188,8.19465,0.00674,0.13537,IncreaseQuarterPeriod,seated
55.1082,366,-1.59987,-0.249082,-9.58966,0.0,0.0,0.0,0.0,0.0,0.0,0.0,4.21875,4.91689,0.00674,0.13537,IncreaseQuarterPeriod,seated
55.2583,367,-1.54239,-0.392783,-9.67588,0.0,0.0,0.0,0.0,0.0,0.0,0.0,3.51562,1.40493,0.00674,0.13537,IncreaseQuarterPeriod,seated
55.4084,368,-1.8777,-0.00958008,-8.73703,0.0,0.0,0.0,0.0,0.0,0.0,0.0,1.93359,-2.57598,0.0188,0.1476,IncreaseQuarterPeriod,extended
55.5585,369,-2.05014,-1.08255,-6.81144,0.0,0.0,0.0,0.0,0.0,0.0,0.0,-0.175781,-6.55713,0.0188,0.1476,IncreaseQuarterPeriod,extended
55.7087,370,-6.61025,0.172441,-5.60435,0.0,0.0,0.0,0.0,0.0,0.0,0.0,-1.93359,-9.13287,0.0188,0.1476,IncreaseQuarterPeriod,extended
55.8588,371,-5.57561,-0.402363,-7.29044,0.0,0.0,0.0,0.0,0.0,0.0,0.0,-3.51562,-10.3036,0.0188,0.1476,IncreaseQuarterPeriod,extended
56.009,372,-5.01038,-0.124541,-7.33834,0.0,0.0,0.0,0.0,0.0,0.0,0.0,-4.92188,-11.2396,0.0188,0.1476,IncreaseQuarterPeriod,extended
56.1592,373,-6.43781,-0.143701,-7.47246,0.0,0.0,0.0,0.0,0.0,0.0,0.0,-5.44922,-9.83363,0.0188,0.1476,IncreaseQuarterPeriod,extended
56.3093,374,-6.49529,-0.249082,-7.5012,0.0,0.0,0.0,0.0,0.0,0.0,0.0,-5.27344,-6.78978,0.0188,0.1476,IncreaseQuarterPeriod,extended
56.4595,375,-6.03545,-0.162861,-7.27128,0.0,0.0,0.0,0.0,0.0,0.0,0.0,-4.57031,-3.51203,0.0188,0.1476,IncreaseQuarterPeriod,extended
56.6095,376,-6.36117,-0.421523,-7.1659,0.0,0.0,0.0,0.0,0.0,0.0,0.0,-3.16406,0.468329,0.00674,0.13537,IncreaseQuarterPeriod,seated
56.7597,377,-6.37075,-0.134121,-9.03401,0.0,0.0,0.0,0.0,0.0,0.0,0.0,-1.40625,4.68333,0.00674,0.13537,IncreaseQuarterPeriod,seated
56.9098,378,-2.3567,0.383203,-10.5477,0.0,0.0,0.0,0.0,0.0,0.0,0.0,0.351562,7.72753,0.00674,0.13537,IncreaseQuarterPeriod,seated
57.06,379,-2.04056,-0.459844,-10.107,0.0,0.0,0.0,0.0,0.0,0.0,0.0,2.28516,10.069,0.00674,0.13537,IncreaseQuarterPeriod,seated
57.2101,380,-1.9256,-0.306563,-9.84832,0.0,0.0,0.0,0.0,0.0,0.0,0.0,3.86719,11.2399,0.00674,0.13537,IncreaseQuarterPeriod,seated
57.3603,381,-1.78189,-0.0670606,-9.34058,0.0,0.0,0.0,0.0,0.0,0.0,0.0,4.57031,10.3019,0.00674,0.13537,IncreaseQuarterPeriod,seated
57.5105,382,-1.66693,-0.210762,-9.43638,0.0,0.0,0.0,0.0,0.0,0.0,0.0,5.09766,8.66281,0.00674,0.13537,IncreaseQuarterPeriod,seated
57.6605,383,-1.53281,-0.201182,-9.62798,0.0,0.0,0.0,0.0,0.0,0.0,0.0,4.57031,5.61969,0.00674,0.13537,IncreaseQuarterPeriod,seated
57.8107,384,-1.51365,-0.249082,-9.6184,0.0,0.0,0.0,0.0,0.0,0.0,0.0,3.51562,1.63911,0.00674,0.13537,IncreaseQuarterPeriod,seated
57.9608,385,-2.28006,-0.728086,-8.36341,0.0,0.0,0.0,0.0,0.0,0.0,0.0,2.10938,-2.34186,0.0188,0.1476,IncreaseQuarterPeriod,extended
58.1109,386,-0.325723,-1.25499,-8.71787,0.0,0.0,0.0,0.0,0.0,0.0,0.0,0.0,-6.08878,0.0188,0.1476,IncreaseQuarterPeriod,extended
58.2611,387,-7.17548,0.689766,-7.70238,0.0,0.0,0.0,0.0,0.0,0.0,0.0,-1.75781,-9.13326,0.0188,0.1476,IncreaseQuarterPeriod,extended
58.4112,388,-6.8785,-0.124541,-8.16223,0.0,0.0,0.0,0.0,0.0,0.0,0.0,-3.51562,-10.7711,0.0188,0.1476,IncreaseQuarterPeriod,extended
58.5614,389,-5.12534,-0.0383203,-7.03178,0.0,0.0,0.0,0.0,0.0,0.0,0.0,-4.74609,-11.0051,0.0188,0.1476,IncreaseQuarterPeriod,extended
58.7116,390,-6.09293,-0.182021,-7.4054,0.0,0.0,0.0,0.0,0.0,0.0,0.0,-5.44922,-10.0673,0.0188,0.1476,IncreaseQuarterPeriod,extended
58.8617,391,-6.34201,-0.316143,-7.47246,0.0,0.0,0.0,0.0,0.0,0.0,0.0,-5.27344,-7.02378,0.0188,0.1476,IncreaseQuarterPeriod,extended
59.0119,392,-6.29411,-0.162861,-7.51078,0.0,0.0,0.0,0.0,0.0,0.0,0.0,-4.74609,-3.98015,0.0188,0.1476,IncreaseQuarterPeriod,extended
59.1619,393,-6.86892,-0.498164,-6.99346,0.0,0.0,0.0,0.0,0.0,0.0,0.0,-3.33984,0.234158,0.00674,0.13537,IncreaseQuarterPeriod,seated
59.3121,394,-4.63676,0.162861,-7.47246,0.0,0.0,0.0,0.0,0.0,0.0,0.0,-1.58203,4.21492,0.00674,0.13537,IncreaseQuarterPeriod,seated
59.4622,395,2.52914,-0.258662,-10.5189,0.0,0.0,0.0,0.0,0.0,0.0,0.0,0.351562,7.72736,0.00674,0.13537,IncreaseQuarterPeriod,seated
59.6124,396,-2.3088,-0.0958008,-10.2315,0.0,0.0,0.0,0.0,0.0,0.0,0.0,2.10938,9.83458,0.00674,0.13537,IncreaseQuarterPeriod,seated
59.7626,397,-2.12678,-0.584385,-9.84832,0.0,0.0,0.0,0.0,0.0,0.0,0.0,3.69141,11.2395,0.00674,0.13537,IncreaseQuarterPeriod,seated
59.9127,398,-1.51365,-0.210762,-9.43638,0.0,0.0,0.0,0.0,0.0,0.0,0.0,4.57031,10.5359,0.00674,0.13537,IncreaseQuarterPeriod,seated
60.0629,399,-1.46575,-0.182021,-9.36932,0.0,0.0,0.0,0.0,0.0,0.0,0.0,4.92188,8.66281,0.00674,0.13537,IncreaseQuarterPeriod,seated
60.213,400,-1.53281,-0.201182,-9.51302,0.0,0.0,0.0,0.0,0.0,0.0,0.0,4.57031,5.61907,0.00674,0.13537,IncreaseQuarterPeriod,seated
60.3632,401,-1.47533,-0.258662,-9.62798,0.0,0.0,0.0,0.0,0.0,0.0,0.0,3.69141,2.10718,0.00674,0.13537,IncreaseQuarterPeriod,seated
60.5133,402,-0.728086,-0.364043,-7.53952,0.0,0.0,0.0,0.0,0.0,0.0,0.0,2.28516,-1.87326,0.0188,0.1476,IncreaseQuarterPeriod,extended
60.6634,403,-7.7407,-0.431104,-8.19097,0.0,0.0,0.0,0.0,0.0,0.0,0.0,0.175781,-5.85394,0.0188,0.1476,IncreaseQuarterPeriod,extended
60.8135,404,-3.27639,0.0862207,-6.22705,0.0,0.0,0.0,0.0,0.0,0.0,0.0,-1.58203,-8.66434,0.0188,0.1476,IncreaseQuarterPeriod,extended
60.9637,405,-5.80553,-0.0862207,-7.52036,0.0,0.0,0.0,0.0,0.0,0.0,0.0,-3.33984,-10.5375,0.0188,0.1476,IncreaseQuarterPeriod,extended
61.1138,406,-5.84385,-0.220342,-7.23296,0.0,0.0,0.0,0.0,0.0,0.0,0.0,-4.74609,-11.24,0.0188,0.1476,IncreaseQuarterPeriod,extended
61.264,407,-6.28453,-0.0958008,-7.4533,0.0,0.0,0.0,0.0,0.0,0.0,0.0,-5.27344,-10.068,0.0188,0.1476,IncreaseQuarterPeriod,extended
61.4142,408,-6.22705,-0.229922,-7.4533,0.0,0.0,0.0,0.0,0.0,0.0,0.0,-5.44922,-7.49247,0.0188,0.1476,IncreaseQuarterPeriod,extended
61.5643,409,-6.09293,-0.239502,-7.3096,0.0,0.0,0.0,0.0,0.0,0.0,0.0,-4.74609,-4.21426,0.0188,0.1476,IncreaseQuarterPeriod,extended
61.7144,410,-5.10618,-0.459844,-6.7827,0.0,0.0,0.0,0.0,0.0,0.0,0.0,-3.51562,-0.234153,0.00674,0.13537,IncreaseQuarterPeriod,seated
61.8646,411,-5.48939,-0.392783,-7.32876,0.0,0.0,0.0,0.0,0.0,0.0,0.0,-1.75781,3.98065,0.00674,0.13537,IncreaseQuarterPeriod,seated
62.0147,412,2.57704,-0.421523,-9.8579,0.0,0.0,0.0,0.0,0.0,0.0,0.0,0.175781,7.25883,0.00674,0.13537,IncreaseQuarterPeriod,seated
62.1649,413,-2.10762,-0.546064,-10.2124,0.0,0.0,0.0,0.0,0.0,0.0,0.0,1.75781,9.60033,0.00674,0.13537,IncreaseQuarterPeriod,seated
62.315,414,-2.14594,-0.383203,-9.96328,0.0,0.0,0.0,0.0,0.0,0.0,0.0,3.51562,11.0052,0.00674,0.13537,IncreaseQuarterPeriod,seated
62.4652,415,-1.67651,-0.182021,-9.16813,0.0,0.0,0.0,0.0,0.0,0.0,0.0,4.57031,10.77,0.00674,0.13537,IncreaseQuarterPeriod,seated
62.6153,416,-1.60945,-0.229922,-9.43638,0.0,0.0,0.0,0.0,0.0,0.0,0.0,4.92188,8.89693,0.00674,0.13537,IncreaseQuarterPeriod,seated
62.7655,417,-1.48491,-0.220342,-9.84832,0.0,0.0,0.0,0.0,0.0,0.0,0.0,4.74609,6.08738,0.00674,0.13537,IncreaseQuarterPeriod,seated
62.9155,418,-1.50407,-0.220342,-9.69504,0.0,0.0,0.0,0.0,0.0,0.0,0.0,3.69141,2.5759,0.00674,0.13537,IncreaseQuarterPeriod,seated
63.0656,419,-1.89686,0.134121,-11.2374,0.0,0.0,0.0,0.0,0.0,0.0,0.0,2.28516,-1.6394,0.0188,0.1476,IncreaseQuarterPeriod,extended
63.2157,420,-2.01182,-1.04423,-6.94556,0.0,0.0,0.0,0.0,0.0,0.0,0.0,0.351562,-5.62082,0.0188,0.1476,IncreaseQuarterPeriod,extended
63.3659,421,-5.05828,-0.0574805,-5.63309,0.0,0.0,0.0,0.0,0.0,0.0,0.0,-1.40625,-8.43115,0.0188,0.1476,IncreaseQuarterPeriod,extended
63.5161,422,-5.66183,-0.325723,-6.98388,0.0,0.0,0.0,0.0,0.0,0.0,0.0,-3.16406,-10.5387,0.0188,0.1476,IncreaseQuarterPeriod,extended
63.6662,423,-5.18282,-0.0766406,-7.08926,0.0,0.0,0.0,0.0,0.0,0.0,0.0,-4.57031,-11.0053,0.0188,0.1476,IncreaseQuarterPeriod,extended
63.8164,424,-6.12167,-0.220342,-7.52036,0.0,0.0,0.0,0.0,0.0,0.0,0.0,-5.27344,-10.0674,0.0188,0.1476,IncreaseQuarterPeriod,extended
63.9665,425,-6.22705,-0.229922,-7.32876,0.0,0.0,0.0,0.0,0.0,0.0,0.0,-5.44922,-7.72633,0.0188,0.1476,IncreaseQuarterPeriod,extended
64.1167,426,-6.39949,-0.201182,-7.29044,0.0,0.0,0.0,0.0,0.0,0.0,0.0,-4.92188,-4.68254,0.0188,0.1476,IncreaseQuarterPeriod,extended
64.2668,427,-7.22338,-0.287402,-7.118,0.0,0.0,0.0,0.0,0.0,0.0,0.0,-3.51562,-0.468313,0.00674,0.13537,IncreaseQuarterPeriod,seated
64.4169,428,-7.08926,-0.0479004,-7.62574,0.0,0.0,0.0,0.0,0.0,0.0,0.0,-1.93359,3.51233,0.00674,0.13537,IncreaseQuarterPeriod,seated
64.5671,429,4.09069,-0.871787,-8.96695,0.0,0.0,0.0,0.0,0.0,0.0,0.0,0.0,7.0246,0.00674,0.13537,IncreaseQuarterPeriod,seated
64.7173,430,-2.41418,-0.383203,-10.5381,0.0,0.0,0.0,0.0,0.0,0.0,0.0,1.75781,9.5999,0.00674,0.13537,IncreaseQuarterPeriod,seated
64.8674,431,-1.95434,-0.210762,-9.7621,0.0,0.0,0.0,0.0,0.0,0.0,0.0,3.51562,11.2391,0.00674,0.13537,IncreaseQuarterPeriod,seated
65.0175,432,-1.53281,-0.277822,-9.38848,0.0,0.0,0.0,0.0,0.0,0.0,0.0,4.57031,10.7704,0.00674,0.13537,IncreaseQuarterPeriod,seated
65.1676,433,-1.52323,-0.191602,-9.5705,0.0,0.0,0.0,0.0,0.0,0.0,0.0,4.92188,9.13185,0.00674,0.13537,IncreaseQuarterPeriod,seated
65.3178,434,-1.60945,-0.153281,-9.62798,0.0,0.0,0.0,0.0,0.0,0.0,0.0,4.74609,6.32215,0.00674,0.13537,IncreaseQuarterPeriod,seated
