0.000101089,0,-1.29331,-0.344883,-9.69504,0.0,0.0,0.0,0.0,0.0,0.0,0.0,0.175781,0.0,0.00674,0.13537,None,seated
0.15027,1,-1.27415,-0.325723,-9.65672,0.0,0.0,0.0,0.0,0.0,0.0,0.0,0.175781,0.0,0.00674,0.13537,Nothing,seated
0.300441,2,-1.28373,-0.344883,-9.6663,0.0,0.0,0.0,0.0,0.0,0.0,0.0,0.175781,0.0,0.00674,0.13537,Nothing,seated
0.450617,3,-1.27415,-0.354463,-9.69504,0.0,0.0,0.0,0.0,0.0,0.0,0.0,0.175781,0.0,0.00674,0.13537,Nothing,seated
0.600786,4,-1.13045,-0.383203,-9.7142,0.0,0.0,0.0,0.0,0.0,0.0,0.0,0.175781,0.0,0.00674,0.13537,Nothing,seated
0.750959,5,-0.967588,-0.306563,-9.72378,0.0,0.0,0.0,0.0,0.0,0.0,0.0,0.351562,0.234107,0.00674,0.13537,Nothing,seated
0.901133,6,-0.958008,-0.325723,-9.74294,0.0,0.0,0.0,0.0,0.0,0.0,0.0,0.703125,0.702317,0.00674,0.13537,Nothing,seated
1.0513,7,-0.977168,-0.335303,-9.75252,0.0,0.0,0.0,0.0,0.0,0.0,0.0,1.23047,1.40464,0.00674,0.13537,Nothing,seated
1.20147,8,-0.910107,-0.306563,-9.74294,0.0,0.0,0.0,0.0,0.0,0.0,0.0,1.93359,2.34109,0.00674,0.13537,Nothing,seated
1.35164,9,-0.862207,-0.392783,-9.72378,0.0,0.0,0.0,0.0,0.0,0.0,0.0,2.63672,3.27753,0.00674,0.13537,Nothing,seated
1.50172,10,-0.852627,-0.364043,-9.77168,0.0,0.0,0.0,0.0,0.0,0.0,0.0,3.33984,3.98031,0.00674,0.13537,Nothing,seated
1.65189,11,-0.814307,-0.277822,-9.70462,0.0,0.0,0.0,0.0,0.0,0.0,0.0,4.04297,4.44861,0.00674,0.13537,Nothing,seated
1.80206,12,-0.747246,-0.335303,-9.7621,0.0,0.0,0.0,0.0,0.0,0.0,0.0,4.57031,4.44861,0.00674,0.13537,Nothing,seated
1.95223,13,-0.651445,-0.277822,-9.74294,0.0,0.0,0.0,0.0,0.0,0.0,0.0,4.92188,3.98034,0.00674,0.13537,Nothing,seated
2.1024,14,-0.517324,-0.344883,-9.7621,0.0,0.0,0.0,0.0,0.0,0.0,0.0,5.09766,3.27793,0.00674,0.13537,Nothing,seated
2.25257,15,-0.277822,-0.364043,-9.84832,0.0,0.0,0.0,0.0,0.0,0.0,0.0,5.27344,2.57522,0.00674,0.13537,Nothing,seated
2.40274,16,-0.277822,-0.325723,-9.84832,0.0,0.0,0.0,0.0,0.0,0.0,0.0,5.625,2.10701,0.00674,0.13537,Nothing,seated
2.5529,17,-1.13045,-0.258662,-9.62798,0.0,0.0,0.0,0.0,0.0,0.0,0.0,5.80078,1.63879,0.00674,0.13537,Nothing,seated
2.70307,18,-1.24541,-0.277822,-9.62798,0.0,0.0,0.0,0.0,0.0,0.0,0.0,5.44922,0.702335,0.00674,0.13537,Nothing,seated
2.85325,19,-1.24541,-0.383203,-9.65672,0.0,0.0,0.0,0.0,0.0,0.0,0.0,4.21875,-1.17055,0.00674,0.13537,Nothing,seated
3.00341,20,-1.30289,-0.440684,-9.74294,0.0,0.0,0.0,0.0,0.0,0.0,0.0,2.63672,-3.51168,0.00674,0.13537,Nothing,seated
3.15358,21,-1.28373,-0.325723,-9.78126,0.0,0.0,0.0,0.0,0.0,0.0,0.0,0.527344,-6.78922,0.00674,0.13537,Nothing,seated
3.30373,22,-1.21667,-0.258662,-9.77168,0.0,0.0,0.0,0.0,0.0,0.0,0.0,-1.58203,-9.83289,0.00674,0.13537,Nothing,seated
3.4539,23,-1.29331,-0.249082,-9.74294,0.0,0.0,0.0,0.0,0.0,0.0,0.0,-3.33984,-11.7059,0.00674,0.13537,Nothing,seated
3.60406,24,-1.25499,-0.316143,-9.70462,0.0,0.0,0.0,0.0,0.0,0.0,0.0,-4.74609,-11.9401,0.00674,0.13537,Nothing,seated
3.75422,25,-1.26457,-0.402363,-9.69504,0.0,0.0,0.0,0.0,0.0,0.0,0.0,-5.44922,-10.7696,0.00674,0.13537,Nothing,seated
3.90439,26,-1.27415,-0.383203,-9.64714,0.0,0.0,0.0,0.0,0.0,0.0,0.0,-5.44922,-7.96017,0.00674,0.13537,Nothing,seated
4.05456,27,-1.24541,-0.296982,-9.67588,0.0,0.0,0.0,0.0,0.0,0.0,0.0,-4.74609,-4.2141,0.00674,0.13537,Nothing,seated
4.20473,28,-1.31247,-0.258662,-9.73336,0.0,0.0,0.0,0.0,0.0,0.0,0.0,-3.33984,0.0,0.00674,0.13537,Nothing,seated
4.35489,29,-1.29331,-0.296982,-9.84832,0.0,0.0,0.0,0.0,0.0,0.0,0.0,-1.40625,4.44818,0.00674,0.13537,Nothing,seated
4.50506,30,-1.27415,-0.373623,-9.74294,0.0,0.0,0.0,0.0,0.0,0.0,0.0,0.703125,8.19397,0.00674,0.13537,Nothing,seated
4.65523,31,-1.29331,-0.373623,-9.74294,0.0,0.0,0.0,0.0,0.0,0.0,0.0,2.8125,11.0033,0.00674,0.13537,Nothing,seated
4.8054,32,-1.29331,-0.344883,-9.67588,0.0,0.0,0.0,0.0,0.0,0.0,0.0,4.39453,12.1739,0.00674,0.13537,Nothing,seated
4.95557,33,-1.23583,-0.249082,-9.65672,0.0,0.0,0.0,0.0,0.0,0.0,0.0,5.44922,11.7056,0.00674,0.13537,Nothing,seated
5.10574,34,-1.26457,-0.287402,-9.6184,0.0,0.0,0.0,0.0,0.0,0.0,0.0,5.625,9.36446,0.00674,0.13537,Nothing,seated
5.25588,35,-1.28373,-0.364043,-9.6184,0.0,0.0,0.0,0.0,0.0,0.0,0.0,5.27344,6.08712,0.00674,0.13537,Nothing,seated
5.40604,36,-1.25499,-0.364043,-9.65672,0.0,0.0,0.0,0.0,0.0,0.0,0.0,4.04297,1.63885,0.00674,0.13537,IncreaseQuarterPeriod,seated
5.55619,37,-1.26457,-0.335303,-9.70462,0.0,0.0,0.0,0.0,0.0,0.0,0.0,2.28516,-2.80953,0.00674,0.13537,IncreaseQuarterPeriod,seated
5.70634,38,-1.28373,-0.316143,-9.77168,0.0,0.0,0.0,0.0,0.0,0.0,0.0,0.351562,-6.78992,0.00674,0.13537,IncreaseQuarterPeriod,seated
5.8565,39,-1.30289,-0.277822,-9.77168,0.0,0.0,0.0,0.0,0.0,0.0,0.0,-1.58203,-9.59964,0.00674,0.13537,IncreaseQuarterPeriod,seated
6.00667,40,-1.27415,-0.316143,-9.75252,0.0,0.0,0.0,0.0,0.0,0.0,0.0,-3.51562,-11.7064,0.00674,0.13537,IncreaseQuarterPeriod,seated
6.15672,41,-1.28373,-0.373623,-9.73336,0.0,0.0,0.0,0.0,0.0,0.0,0.0,-4.74609,-11.7082,0.00674,0.13537,IncreaseQuarterPeriod,seated
6.30687,42,-1.23583,-0.316143,-9.68546,0.0,0.0,0.0,0.0,0.0,0.0,0.0,-5.44922,-10.3032,0.00674,0.13537,IncreaseQuarterPeriod,seated
6.45703,43,-1.25499,-0.325723,-9.65672,0.0,0.0,0.0,0.0,0.0,0.0,0.0,-5.44922,-7.72728,0.00674,0.13537,IncreaseQuarterPeriod,seated
6.60718,44,-1.24541,-0.316143,-9.70462,0.0,0.0,0.0,0.0,0.0,0.0,0.0,-4.57031,-3.98075,0.00674,0.13537,IncreaseQuarterPeriod,seated
6.75726,45,-1.28373,-0.325723,-9.7621,0.0,0.0,0.0,0.0,0.0,0.0,0.0,-3.16406,0.468379,0.00674,0.13537,IncreaseQuarterPeriod,seated
6.90742,46,-1.29331,-0.306563,-9.77168,0.0,0.0,0.0,0.0,0.0,0.0,0.0,-1.23047,4.68314,0.00674,0.13537,IncreaseQuarterPeriod,seated
7.05757,47,-1.31247,-0.364043,-9.78126,0.0,0.0,0.0,0.0,0.0,0.0,0.0,0.878906,8.42959,0.00674,0.13537,IncreaseQuarterPeriod,seated
7.20773,48,-1.29331,-0.296982,-9.74294,0.0,0.0,0.0,0.0,0.0,0.0,0.0,2.8125,11.0053,0.00674,0.13537,IncreaseQuarterPeriod,seated
7.35789,49,-1.29331,-0.306563,-9.68546,0.0,0.0,0.0,0.0,0.0,0.0,0.0,4.39453,11.9418,0.00674,0.13537,IncreaseQuarterPeriod,seated
7.50804,50,-1.26457,-0.306563,-9.63756,0.0,0.0,0.0,0.0,0.0,0.0,0.0,5.27344,11.2383,0.00674,0.13537,IncreaseQuarterPeriod,seated
7.6582,51,-1.26457,-0.325723,-9.59924,0.0,0.0,0.0,0.0,0.0,0.0,0.0,5.625,9.1311,0.00674,0.13537,IncreaseQuarterPeriod,seated
7.80834,52,-1.26457,-0.335303,-9.62798,0.0,0.0,0.0,0.0,0.0,0.0,0.0,5.09766,5.61926,0.00674,0.13537,IncreaseQuarterPeriod,seated
7.9585,53,-1.26457,-0.354463,-9.69504,0.0,0.0,0.0,0.0,0.0,0.0,0.0,4.04297,1.63895,0.00674,0.13537,IncreaseQuarterPeriod,seated
8.10858,54,-0.0574805,-1.13045,-8.19097,0.0,0.0,0.0,0.0,0.0,0.0,0.0,2.28516,-2.80993,0.0188,0.1476,IncreaseQuarterPeriod,extended
8.25873,55,-1.8298,0.661025,-6.15999,0.0,0.0,0.0,0.0,0.0,0.0,0.0,0.0,-7.02482,0.0188,0.1476,IncreaseQuarterPeriod,extended
8.40887,56,-9.31184,-0.584385,-6.34201,0.0,0.0,0.0,0.0,0.0,0.0,0.0,-1.93359,-10.0691,0.0188,0.1476,IncreaseQuarterPeriod,extended
8.55904,57,-6.32285,0.134121,-7.47246,0.0,0.0,0.0,0.0,0.0,0.0,0.0,-3.69141,-11.7078,0.0188,0.1476,IncreaseQuarterPeriod,extended
8.70914,58,-5.77679,-0.488584,-6.8306,0.0,0.0,0.0,0.0,0.0,0.0,0.0,-4.92188,-11.9429,0.0188,0.1476,IncreaseQuarterPeriod,extended
8.8593,59,-6.67731,-0.182021,-7.25212,0.0,0.0,0.0,0.0,0.0,0.0,0.0,-5.625,-10.5367,0.0188,0.1476,IncreaseQuarterPeriod,extended
9.00945,60,-6.32285,-0.201182,-7.00304,0.0,0.0,0.0,0.0,0.0,0.0,0.0,-5.625,-7.49277,0.0188,0.1476,IncreaseQuarterPeriod,extended
9.15953,61,-7.46288,-0.249082,-7.13716,0.0,0.0,0.0,0.0,0.0,0.0,0.0,-4.74609,-3.74672,0.00674,0.13537,IncreaseQuarterPeriod,seated
9.30968,62,-5.83427,0.162861,-7.20422,0.0,0.0,0.0,0.0,0.0,0.0,0.0,-3.16406,0.702525,0.00674,0.13537,IncreaseQuarterPeriod,seated
9.45972,63,2.6441,0.632285,-9.55134,0.0,0.0,0.0,0.0,0.0,0.0,0.0,-1.23047,4.91808,0.00674,0.13537,IncreaseQuarterPeriod,seated
9.60987,64,-3.46799,-0.517324,-10.8638,0.0,0.0,0.0,0.0,0.0,0.0,0.0,0.527344,8.19686,0.00674,0.13537,IncreaseQuarterPeriod,seated
9.76004,65,-1.68609,0.0,-9.24478,0.0,0.0,0.0,0.0,0.0,0.0,0.0,2.8125,11.2412,0.00674,0.13537,IncreaseQuarterPeriod,seated
9.91019,66,-1.26457,-0.258662,-9.55134,0.0,0.0,0.0,0.0,0.0,0.0,0.0,4.21875,11.9425,0.00674,0.13537,IncreaseQuarterPeriod,seated
10.0604,67,-1.26457,-0.316143,-9.62798,0.0,0.0,0.0,0.0,0.0,0.0,0.0,5.27344,11.24,0.00674,0.13537,IncreaseQuarterPeriod,seated
10.2105,68,-1.05381,-0.268242,-9.60882,0.0,0.0,0.0,0.0,0.0,0.0,0.0,5.625,9.1311,0.00674,0.13537,IncreaseQuarterPeriod,seated
10.3607,69,-1.29331,-0.229922,-9.51302,0.0,0.0,0.0,0.0,0.0,0.0,0.0,5.27344,6.32153,0.00674,0.13537,IncreaseQuarterPeriod,seated
10.5107,70,-1.29331,-0.316143,-9.77168,0.0,0.0,0.0,0.0,0.0,0.0,0.0,4.21875,1.87331,0.00674,0.13537,IncreaseQuarterPeriod,seated
10.6608,71,1.14961,-0.325723,-7.7886,0.0,0.0,0.0,0.0,0.0,0.0,0.0,2.46094,-2.34188,0.0188,0.1476,IncreaseQuarterPeriod,extended
10.811,72,-1.76273,-0.565225,-5.64267,0.0,0.0,0.0,0.0,0.0,0.0,0.0,0.175781,-6.79142,0.0188,0.1476,IncreaseQuarterPeriod,extended
10.9611,73,-4.16733,-0.641865,-8.04727,0.0,0.0,0.0,0.0,0.0,0.0,0.0,-1.75781,-9.83577,0.0188,0.1476,IncreaseQuarterPeriod,extended
11.1113,74,-6.58151,-0.392783,-7.87482,0.0,0.0,0.0,0.0,0.0,0.0,0.0,-3.51562,-11.709,0.0188,0.1476,IncreaseQuarterPeriod,extended
11.2614,75,-6.71563,-0.0383203,-7.39582,0.0,0.0,0.0,0.0,0.0,0.0,0.0,-4.92188,-12.1759,0.0188,0.1476,IncreaseQuarterPeriod,extended
11.4116,76,-6.43781,-0.258662,-7.39582,0.0,0.0,0.0,0.0,0.0,0.0,0.0,-5.625,-10.7698,0.0188,0.1476,IncreaseQuarterPeriod,extended
11.5617,77,-6.09293,-0.143701,-7.06052,0.0,0.0,0.0,0.0,0.0,0.0,0.0,-5.625,-7.72652,0.0188,0.1476,IncreaseQuarterPeriod,extended
11.7119,78,-6.27495,-0.172441,-7.24254,0.0,0.0,0.0,0.0,0.0,0.0,0.0,-4.92188,-4.21447,0.0188,0.1476,IncreaseQuarterPeriod,extended
11.8619,79,-6.13125,-0.296982,-6.80186,0.0,0.0,0.0,0.0,0.0,0.0,0.0,-3.51562,0.0,0.00674,0.13537,IncreaseQuarterPeriod,seated
12.0121,80,-4.87626,-0.239502,-7.79818,0.0,0.0,0.0,0.0,0.0,0.0,0.0,-1.40625,4.68329,0.00674,0.13537,IncreaseQuarterPeriod,seated
12.1623,81,2.58662,0.450264,-9.65672,0.0,0.0,0.0,0.0,0.0,0.0,0.0,0.527344,8.19588,0.00674,0.13537,IncreaseQuarterPeriod,seated
12.3124,82,-3.07521,-0.804727,-11.0937,0.0,0.0,0.0,0.0,0.0,0.0,0.0,2.46094,10.7711,0.00674,0.13537,IncreaseQuarterPeriod,seated
12.4626,83,-1.8777,-0.0766406,-9.48428,0.0,0.0,0.0,0.0,0.0,0.0,0.0,4.21875,12.176,0.00674,0.13537,IncreaseQuarterPeriod,seated
12.6127,84,-1.41785,-0.0670606,-9.12982,0.0,0.0,0.0,0.0,0.0,0.0,0.0,5.27344,11.7065,0.00674,0.13537,IncreaseQuarterPeriod,seated
12.7629,85,-1.36995,-0.239502,-9.91538,0.0,0.0,0.0,0.0,0.0,0.0,0.0,5.625,9.3654,0.00674,0.13537,IncreaseQuarterPeriod,seated
12.913,86,-0.977168,-0.249082,-9.77168,0.0,0.0,0.0,0.0,0.0,0.0,0.0,5.27344,6.32157,0.00674,0.13537,IncreaseQuarterPeriod,seated
13.0631,87,-0.919688,-0.114961,-10.5189,0.0,0.0,0.0,0.0,0.0,0.0,0.0,4.21875,2.34163,0.0188,0.1476,IncreaseQuarterPeriod,extended
13.2133,88,-3.37219,-1.09213,-7.51078,0.0,0.0,0.0,0.0,0.0,0.0,0.0,2.46094,-2.34163,0.0188,0.1476,IncreaseQuarterPeriod,extended
13.3634,89,-6.51445,0.0479004,-7.47246,0.0,0.0,0.0,0.0,0.0,0.0,0.0,0.351562,-6.55653,0.0188,0.1476,IncreaseQuarterPeriod,extended
13.5136,90,-6.53361,-0.201182,-7.98021,0.0,0.0,0.0,0.0,0.0,0.0,0.0,-1.58203,-9.6005,0.0188,0.1476,IncreaseQuarterPeriod,extended
13.6637,91,-6.02587,-0.287402,-7.12758,0.0,0.0,0.0,0.0,0.0,0.0,0.0,-3.51562,-11.7077,0.0188,0.1476,IncreaseQuarterPeriod,extended
13.8139,92,-6.55277,-0.0383203,-7.24254,0.0,0.0,0.0,0.0,0.0,0.0,0.0,-4.92188,-12.1746,0.0188,0.1476,IncreaseQuarterPeriod,extended
13.9641,93,-6.05461,-0.162861,-7.06052,0.0,0.0,0.0,0.0,0.0,0.0,0.0,-5.625,-10.7697,0.0188,0.1476,IncreaseQuarterPeriod,extended
14.1142,94,-6.26537,-0.249082,-7.28086,0.0,0.0,0.0,0.0,0.0,0.0,0.0,-5.625,-7.96022,0.0188,0.1476,IncreaseQuarterPeriod,extended
14.2644,95,-6.38033,-0.172441,-7.29044,0.0,0.0,0.0,0.0,0.0,0.0,0.0,-5.09766,-4.6825,0.0188,0.1476,IncreaseQuarterPeriod,extended
14.4144,96,-7.53952,-0.354463,-7.12758,0.0,0.0,0.0,0.0,0.0,0.0,0.0,-3.69141,-0.234152,0.00674,0.13537,IncreaseQuarterPeriod,seated
14.5646,97,-5.67141,-0.641865,-8.52627,0.0,0.0,0.0,0.0,0.0,0.0,0.0,-1.58203,4.4489,0.00674,0.13537,IncreaseQuarterPeriod,seated
14.7148,98,5.30736,-1.67651,-10.0016,0.0,0.0,0.0,0.0,0.0,0.0,0.0,0.527344,8.19555,0.00674,0.13537,IncreaseQuarterPeriod,seated
14.8649,99,-4.12901,-0.172441,-10.5381,0.0,0.0,0.0,0.0,0.0,0.0,0.0,2.28516,10.537,0.00674,0.13537,IncreaseQuarterPeriod,seated
15.0151,100,-1.42743,0.0958008,-9.20646,0.0,0.0,0.0,0.0,0.0,0.0,0.0,4.21875,12.4103,0.00674,0.13537,IncreaseQuarterPeriod,seated
15.1652,101,-1.26457,-0.325723,-9.43638,0.0,0.0,0.0,0.0,0.0,0.0,0.0,5.27344,11.9408,0.00674,0.13537,IncreaseQuarterPeriod,seated
15.3154,102,-1.49449,-0.306563,-10.0112,0.0,0.0,0.0,0.0,0.0,0.0,0.0,5.625,9.59944,0.00674,0.13537,IncreaseQuarterPeriod,seated
15.4655,103,-1.01549,-0.201182,-9.50344,0.0,0.0,0.0,0.0,0.0,0.0,0.0,5.44922,6.55563,0.00674,0.13537,IncreaseQuarterPeriod,seated
15.6156,104,-0.191602,-0.718506,-8.55501,0.0,0.0,0.0,0.0,0.0,0.0,0.0,4.39453,2.8099,0.0188,0.1476,IncreaseQuarterPeriod,extended
15.7657,105,-2.72074,-0.00958008,-7.39582,0.0,0.0,0.0,0.0,0.0,0.0,0.0,2.63672,-2.10753,0.0188,0.1476,IncreaseQuarterPeriod,extended
15.9159,106,-8.99569,-0.603545,-7.6449,0.0,0.0,0.0,0.0,0.0,0.0,0.0,0.527344,-6.32259,0.0188,0.1476,IncreaseQuarterPeriod,extended
16.066,107,-6.30369,0.0191602,-7.48204,0.0,0.0,0.0,0.0,0.0,0.0,0.0,-1.40625,-9.36679,0.0188,0.1476,IncreaseQuarterPeriod,extended
16.2162,108,-6.66773,-0.0862207,-7.36708,0.0,0.0,0.0,0.0,0.0,0.0,0.0,-3.33984,-11.7083,0.0188,0.1476,IncreaseQuarterPeriod,extended
16.3664,109,-6.49529,-0.0670606,-7.4054,0.0,0.0,0.0,0.0,0.0,0.0,0.0,-4.92188,-12.4095,0.0188,0.1476,IncreaseQuarterPeriod,extended
16.5165,110,-6.00671,-0.143701,-7.09884,0.0,0.0,0.0,0.0,0.0,0.0,0.0,-5.625,-11.004,0.0188,0.1476,IncreaseQuarterPeriod,extended
16.6667,111,-6.38033,-0.344883,-7.29044,0.0,0.0,0.0,0.0,0.0,0.0,0.0,-5.80078,-8.42867,0.0188,0.1476,IncreaseQuarterPeriod,extended
16.8168,112,-6.16957,-0.239502,-7.20422,0.0,0.0,0.0,0.0,0.0,0.0,0.0,-5.27344,-5.15085,0.0188,0.1476,IncreaseQuarterPeriod,extended
16.9669,113,-7.118,-0.0862207,-7.09884,0.0,0.0,0.0,0.0,0.0,0.0,0.0,-3.86719,-0.702474,0.00674,0.13537,IncreaseQuarterPeriod,seated
17.1171,114,-5.70973,0.0958008,-7.79818,0.0,0.0,0.0,0.0,0.0,0.0,0.0,-1.75781,4.21485,0.00674,0.13537,IncreaseQuarterPeriod,seated
17.2672,115,3.42009,-2.39502,-8.87115,0.0,0.0,0.0,0.0,0.0,0.0,0.0,0.175781,7.72733,0.00674,0.13537,IncreaseQuarterPeriod,seated
17.4174,116,-2.90276,-0.852627,-10.404,0.0,0.0,0.0,0.0,0.0,0.0,0.0,2.28516,10.7712,0.00674,0.13537,IncreaseQuarterPeriod,seated
17.5675,117,-1.44659,-0.373623,-10.1645,0.0,0.0,0.0,0.0,0.0,0.0,0.0,4.04297,12.4103,0.00674,0.13537,IncreaseQuarterPeriod,seated
17.7177,118,-1.23583,-0.526904,-10.0112,0.0,0.0,0.0,0.0,0.0,0.0,0.0,5.27344,12.1748,0.00674,0.13537,IncreaseQuarterPeriod,seated
17.8678,119,-1.24541,-0.296982,-9.91538,0.0,0.0,0.0,0.0,0.0,0.0,0.0,5.80078,10.0676,0.00674,0.13537,IncreaseQuarterPeriod,seated
18.018,120,-1.08255,-0.249082,-9.35016,0.0,0.0,0.0,0.0,0.0,0.0,0.0,5.44922,7.02381,0.00674,0.13537,IncreaseQuarterPeriod,seated
18.1681,121,-0.728086,-0.632285,-6.93598,0.0,0.0,0.0,0.0,0.0,0.0,0.0,4.39453,2.80989,0.0188,0.1476,IncreaseQuarterPeriod,extended
18.3182,122,-2.4525,-0.593965,-4.59844,0.0,0.0,0.0,0.0,0.0,0.0,0.0,2.8125,-1.63914,0.0188,0.1476,IncreaseQuarterPeriod,extended
18.4684,123,-10.4231,2.34712,-6.67731,0.0,0.0,0.0,0.0,0.0,0.0,0.0,0.703125,-6.08821,0.0188,0.1476,IncreaseQuarterPeriod,extended
18.6185,124,-5.50854,0.0479004,-6.55277,0.0,0.0,0.0,0.0,0.0,0.0,0.0,-1.23047,-9.36654,0.0188,0.1476,IncreaseQuarterPeriod,extended
18.7687,125,-5.93965,-0.0862207,-7.66406,0.0,0.0,0.0,0.0,0.0,0.0,0.0,-3.33984,-11.7079,0.0188,0.1476,IncreaseQuarterPeriod,extended
18.9187,126,-6.26537,-0.239502,-7.30002,0.0,0.0,0.0,0.0,0.0,0.0,0.0,-4.74609,-12.1769,0.0188,0.1476,IncreaseQuarterPeriod,extended
19.0689,127,-6.57193,-0.277822,-7.2138,0.0,0.0,0.0,0.0,0.0,0.0,0.0,-5.625,-11.2401,0.0188,0.1476,IncreaseQuarterPeriod,extended
19.219,128,-6.03545,-0.249082,-7.07968,0.0,0.0,0.0,0.0,0.0,0.0,0.0,-5.97656,-8.89843,0.0188,0.1476,IncreaseQuarterPeriod,extended
19.3692,129,-6.13125,-0.143701,-7.29044,0.0,0.0,0.0,0.0,0.0,0.0,0.0,-5.27344,-5.38588,0.0188,0.1476,IncreaseQuarterPeriod,extended
19.5193,130,-7.51078,0.0862207,-6.79228,0.0,0.0,0.0,0.0,0.0,0.0,0.0,-3.86719,-0.702594,0.00674,0.13537,IncreaseQuarterPeriod,seated
19.6694,131,-6.93598,-0.0287402,-7.597,0.0,0.0,0.0,0.0,0.0,0.0,0.0,-1.93359,3.74654,0.00674,0.13537,IncreaseQuarterPeriod,seated
19.8196,132,0.517324,-1.83938,-9.55134,0.0,0.0,0.0,0.0,0.0,0.0,0.0,0.351562,7.96143,0.00674,0.13537,IncreaseQuarterPeriod,seated
19.9697,133,-3.42009,-0.728086,-10.0016,0.0,0.0,0.0,0.0,0.0,0.0,0.0,2.10938,10.7712,0.00674,0.13537,IncreaseQuarterPeriod,seated
20.1199,134,-1.81063,-0.162861,-9.45554,0.0,0.0,0.0,0.0,0.0,0.0,0.0,4.04297,12.4103,0.00674,0.13537,IncreaseQuarterPeriod,seated
20.27,135,-1.53281,-0.134121,-9.34058,0.0,0.0,0.0,0.0,0.0,0.0,0.0,5.27344,12.1749,0.00674,0.13537,IncreaseQuarterPeriod,seated
20.4202,136,-1.22625,-0.239502,-9.84832,0.0,0.0,0.0,0.0,0.0,0.0,0.0,5.80078,10.3019,0.00674,0.13537,IncreaseQuarterPeriod,seated
20.5703,137,-1.14961,-0.296982,-9.50344,0.0,0.0,0.0,0.0,0.0,0.0,0.0,5.625,7.02401,0.00674,0.13537,IncreaseQuarterPeriod,seated
20.7204,138,0.546064,-1.23583,-9.84832,0.0,0.0,0.0,0.0,0.0,0.0,0.0,4.74609,3.51242,0.0188,0.1476,IncreaseQuarterPeriod,extended
20.8706,139,-4.41642,-0.182021,-9.12982,0.0,0.0,0.0,0.0,0.0,0.0,0.0,2.98828,-1.40496,0.0188,0.1476,IncreaseQuarterPeriod,extended
21.0207,140,-5.50854,-0.172441,-7.3575,0.0,0.0,0.0,0.0,0.0,0.0,0.0,0.878906,-5.85402,0.0188,0.1476,IncreaseQuarterPeriod,extended
21.1709,141,-6.63899,0.0479004,-7.8844,0.0,0.0,0.0,0.0,0.0,0.0,0.0,-1.23047,-9.36641,0.0188,0.1476,IncreaseQuarterPeriod,extended
21.321,142,-5.90133,-0.191602,-7.00304,0.0,0.0,0.0,0.0,0.0,0.0,0.0,-3.16406,-11.7078,0.0188,0.1476,IncreaseQuarterPeriod,extended
21.4712,143,-6.56235,-0.258662,-7.42456,0.0,0.0,0.0,0.0,0.0,0.0,0.0,-4.74609,-12.6432,0.0188,0.1476,IncreaseQuarterPeriod,extended
21.6213,144,-6.10251,-0.143701,-7.09884,0.0,0.0,0.0,0.0,0.0,0.0,0.0,-5.80078,-11.7067,0.0188,0.1476,IncreaseQuarterPeriod,extended
21.7715,145,-6.39949,-0.296982,-7.34792,0.0,0.0,0.0,0.0,0.0,0.0,0.0,-5.97656,-9.13115,0.0188,0.1476,IncreaseQuarterPeriod,extended
21.9216,146,-6.31327,-0.153281,-7.3575,0.0,0.0,0.0,0.0,0.0,0.0,0.0,-5.44922,-5.61916,0.0188,0.1476,IncreaseQuarterPeriod,extended
22.0717,147,-7.28086,-0.411943,-7.08926,0.0,0.0,0.0,0.0,0.0,0.0,0.0,-4.04297,-1.17079,0.00674,0.13537,IncreaseQuarterPeriod,seated
22.2219,148,-6.49529,-0.0958008,-8.05685,0.0,0.0,0.0,0.0,0.0,0.0,0.0,-2.10938,3.51236,0.00674,0.13537,IncreaseQuarterPeriod,seated
22.372,149,3.09437,-1.72441,-8.23887,0.0,0.0,0.0,0.0,0.0,0.0,0.0,0.0,7.72722,0.00674,0.13537,IncreaseQuarterPeriod,seated
22.5222,150,-3.0273,-0.498164,-10.4806,0.0,0.0,0.0,0.0,0.0,0.0,0.0,1.93359,10.537,0.00674,0.13537,IncreaseQuarterPeriod,seated
22.6724,151,-1.55197,-0.287402,-9.16813,0.0,0.0,0.0,0.0,0.0,0.0,0.0,4.04297,12.6443,0.00674,0.13537,IncreaseQuarterPeriod,seated
22.8225,152,-1.62861,-0.191602,-9.54176,0.0,0.0,0.0,0.0,0.0,0.0,0.0,5.27344,12.4088,0.00674,0.13537,IncreaseQuarterPeriod,seated
22.9727,153,-1.10171,-0.306563,-9.74294,0.0,0.0,0.0,0.0,0.0,0.0,0.0,5.80078,10.5358,0.00674,0.13537,IncreaseQuarterPeriod,seated
23.1227,154,-1.08255,-0.296982,-9.70462,0.0,0.0,0.0,0.0,0.0,0.0,0.0,5.625,7.49315,0.00674,0.13537,IncreaseQuarterPeriod,seated
23.2728,155,-0.593965,-1.07297,-7.98979,0.0,0.0,0.0,0.0,0.0,0.0,0.0,4.74609,3.74706,0.0188,0.1476,IncreaseQuarterPeriod,extended
23.4229,156,-2.68242,-0.661025,-8.10475,0.0,0.0,0.0,0.0,0.0,0.0,0.0,3.16406,-1.17097,0.0188,0.1476,IncreaseQuarterPeriod,extended
23.5731,157,-7.48204,0.0574805,-7.77902,0.0,0.0,0.0,0.0,0.0,0.0,0.0,1.05469,-5.62064,0.0188,0.1476,IncreaseQuarterPeriod,extended
23.7232,158,-6.85934,0.421523,-7.60658,0.0,0.0,0.0,0.0,0.0,0.0,0.0,-1.05469,-9.13363,0.0188,0.1476,IncreaseQuarterPeriod,extended
23.8734,159,-6.62941,-0.229922,-7.27128,0.0,0.0,0.0,0.0,0.0,0.0,0.0,-3.16406,-11.7078,0.0188,0.1476,IncreaseQuarterPeriod,extended
24.0236,160,-6.80186,-0.249082,-7.32876,0.0,0.0,0.0,0.0,0.0,0.0,0.0,-4.74609,-12.6429,0.0188,0.1476,IncreaseQuarterPeriod,extended
24.1737,161,-6.24621,-0.258662,-7.27128,0.0,0.0,0.0,0.0,0.0,0.0,0.0,-5.80078,-11.9403,0.0188,0.1476,IncreaseQuarterPeriod,extended
24.3239,162,-6.19831,-0.258662,-7.17548,0.0,0.0,0.0,0.0,0.0,0.0,0.0,-5.97656,-9.36503,0.0188,0.1476,IncreaseQuarterPeriod,extended
24.4741,163,-6.22705,-0.210762,-7.2138,0.0,0.0,0.0,0.0,0.0,0.0,0.0,-5.625,-6.08724,0.0188,0.1476,IncreaseQuarterPeriod,extended
24.6241,164,-7.44372,-0.124541,-6.89766,0.0,0.0,0.0,0.0,0.0,0.0,0.0,-4.21875,-1.40493,0.00674,0.13537,IncreaseQuarterPeriod,seated
24.7743,165,-6.32285,-0.105381,-8.62207,0.0,0.0,0.0,0.0,0.0,0.0,0.0,-2.46094,3.04405,0.00674,0.13537,IncreaseQuarterPeriod,seated
24.9244,166,-0.881367,0.507744,-8.23887,0.0,0.0,0.0,0.0,0.0,0.0,0.0,-0.175781,7.49313,0.00674,0.13537,IncreaseQuarterPeriod,seated
25.0746,167,-4.00447,-0.699346,-10.5477,0.0,0.0,0.0,0.0,0.0,0.0,0.0,1.93359,10.5371,0.00674,0.13537,IncreaseQuarterPeriod,seated
25.2247,168,-1.80105,-0.229922,-9.46512,0.0,0.0,0.0,0.0,0.0,0.0,0.0,4.04297,12.8789,0.00674,0.13537,IncreaseQuarterPeriod,seated
25.3749,169,-1.43701,-0.431104,-9.80042,0.0,0.0,0.0,0.0,0.0,0.0,0.0,5.27344,12.6438,0.00674,0.13537,IncreaseQuarterPeriod,seated
25.525,170,-1.30289,-0.258662,-9.8579,0.0,0.0,0.0,0.0,0.0,0.0,0.0,5.97656,11.2389,0.00674,0.13537,IncreaseQuarterPeriod,seated
25.6752,171,-1.05381,-0.268242,-9.54176,0.0,0.0,0.0,0.0,0.0,0.0,0.0,5.80078,7.96096,0.00674,0.13537,IncreaseQuarterPeriod,seated
25.8253,172,-1.24541,-0.306563,-9.60882,0.0,0.0,0.0,0.0,0.0,0.0,0.0,4.92188,3.98047,0.00674,0.13537,IncreaseQuarterPeriod,seated
25.9754,173,-1.11129,0.823887,-11.0842,0.0,0.0,0.0,0.0,0.0,0.0,0.0,3.16406,-1.17084,0.0188,0.1476,IncreaseQuarterPeriod,extended
26.1255,174,-3.94699,-0.134121,-9.38848,0.0,0.0,0.0,0.0,0.0,0.0,0.0,1.23047,-5.38584,0.0188,0.1476,IncreaseQuarterPeriod,extended
26.2757,175,-11.4865,1.93518,-7.71196,0.0,0.0,0.0,0.0,0.0,0.0,0.0,-0.878906,-9.13241,0.0188,0.1476,IncreaseQuarterPeriod,extended
26.4259,176,-6.47613,0.00958008,-7.62574,0.0,0.0,0.0,0.0,0.0,0.0,0.0,-2.8125,-11.4738,0.0188,0.1476,IncreaseQuarterPeriod,extended
26.576,177,-6.88808,-0.124541,-7.86524,0.0,0.0,0.0,0.0,0.0,0.0,0.0,-4.57031,-12.6445,0.0188,0.1476,IncreaseQuarterPeriod,extended
26.7262,178,-6.00671,-0.105381,-7.24254,0.0,0.0,0.0,0.0,0.0,0.0,0.0,-5.80078,-11.9408,0.0188,0.1476,IncreaseQuarterPeriod,extended
26.8763,179,-6.85934,-0.258662,-7.24254,0.0,0.0,0.0,0.0,0.0,0.0,0.0,-5.97656,-9.59916,0.0188,0.1476,IncreaseQuarterPeriod,extended
27.0265,180,-6.09293,-0.229922,-7.0222,0.0,0.0,0.0,0.0,0.0,0.0,0.0,-5.625,-6.3214,0.0188,0.1476,IncreaseQuarterPeriod,extended
27.1766,181,-6.21747,-0.201182,-7.22338,0.0,0.0,0.0,0.0,0.0,0.0,0.0,-4.39453,-2.10716,0.0188,0.1476,IncreaseQuarterPeriod,extended
27.3267,182,-7.09884,-0.124541,-7.08926,0.0,0.0,0.0,0.0,0.0,0.0,0.0,-2.63672,2.57572,0.00674,0.13537,IncreaseQuarterPeriod,seated
27.4769,183,-5.79595,0.0479004,-8.24845,0.0,0.0,0.0,0.0,0.0,0.0,0.0,-0.351562,7.25885,0.00674,0.13537,IncreaseQuarterPeriod,seated
27.627,184,0.431104,0.344883,-10.7009,0.0,0.0,0.0,0.0,0.0,0.0,0.0,1.75781,10.303,0.00674,0.13537,IncreaseQuarterPeriod,seated
27.7772,185,-4.13859,-0.517324,-10.8351,0.0,0.0,0.0,0.0,0.0,0.0,0.0,3.69141,12.4102,0.00674,0.13537,IncreaseQuarterPeriod,seated
27.9273,186,-1.33163,-0.182021,-9.12023,0.0,0.0,0.0,0.0,0.0,0.0,0.0,5.27344,12.8786,0.00674,0.13537,IncreaseQuarterPeriod,seated
28.0775,187,-1.50407,-0.392783,-9.62798,0.0,0.0,0.0,0.0,0.0,0.0,0.0,5.80078,11.2383,0.00674,0.13537,IncreaseQuarterPeriod,seated
28.2277,188,-1.26457,-0.306563,-9.84832,0.0,0.0,0.0,0.0,0.0,0.0,0.0,5.80078,8.19455,0.00674,0.13537,IncreaseQuarterPeriod,seated
28.3778,189,-1.10171,-0.277822,-9.58008,0.0,0.0,0.0,0.0,0.0,0.0,0.0,5.09766,4.44849,0.00674,0.13537,IncreaseQuarterPeriod,seated
28.5602,190,1.33163,-1.23583,-8.50711,0.0,0.0,0.0,0.0,0.0,0.0,0.0,3.16406,-0.673511,0.0188,0.1476,IncreaseQuarterPeriod,extended
28.7103,191,-4.68466,-1.18793,-7.20422,0.0,0.0,0.0,0.0,0.0,0.0,0.0,0.878906,-5.61258,0.0188,0.1476,IncreaseQuarterPeriod,extended
28.8605,192,-11.2566,-0.0958008,-8.27719,0.0,0.0,0.0,0.0,0.0,0.0,0.0,-1.23047,-8.9801,0.0188,0.1476,IncreaseQuarterPeriod,extended
29.0106,193,-7.4533,-0.958008,-7.43414,0.0,0.0,0.0,0.0,0.0,0.0,0.0,-3.16406,-11.4495,0.0188,0.1476,IncreaseQuarterPeriod,extended
29.1608,194,-6.44739,-0.306563,-7.3096,0.0,0.0,0.0,0.0,0.0,0.0,0.0,-4.92188,-12.7964,0.0188,0.1476,IncreaseQuarterPeriod,extended
29.311,195,-6.29411,-0.0958008,-7.5491,0.0,0.0,0.0,0.0,0.0,0.0,0.0,-5.80078,-11.9406,0.0188,0.1476,IncreaseQuarterPeriod,extended
29.4611,196,-6.27495,-0.325723,-7.24254,0.0,0.0,0.0,0.0,0.0,0.0,0.0,-5.97656,-9.13105,0.0188,0.1476,IncreaseQuarterPeriod,extended
29.6113,197,-6.62941,-0.364043,-7.51078,0.0,0.0,0.0,0.0,0.0,0.0,0.0,-5.44922,-5.61913,0.0188,0.1476,IncreaseQuarterPeriod,extended
29.7614,198,-6.30369,-0.134121,-7.19464,0.0,0.0,0.0,0.0,0.0,0.0,0.0,-4.21875,-1.4048,0.0188,0.1476,IncreaseQuarterPeriod,extended
29.9115,199,-6.53361,-0.392783,-6.88808,0.0,0.0,0.0,0.0,0.0,0.0,0.0,-2.28516,3.51236,0.00674,0.13537,IncreaseQuarterPeriod,seated
30.0617,200,-4.20565,-0.785566,-7.3096,0.0,0.0,0.0,0.0,0.0,0.0,0.0,0.0,7.72716,0.00674,0.13537,IncreaseQuarterPeriod,seated
30.2118,201,1.23583,0.0766406,-12.3583,0.0,0.0,0.0,0.0,0.0,0.0,0.0,2.10938,10.7713,0.00674,0.13537,IncreaseQuarterPeriod,seated
30.362,202,-4.11943,-0.172441,-10.2411,0.0,0.0,0.0,0.0,0.0,0.0,0.0,3.86719,12.4103,0.00674,0.13537,IncreaseQuarterPeriod,seated
30.5121,203,-1.24541,-0.373623,-9.62798,0.0,0.0,0.0,0.0,0.0,0.0,0.0,-5.625,-1.87325,0.00674,0.13537,IncreaseQuarterPeriod,seated
32.0743,204,-1.23583,-0.335303,-9.60882,0.0,0.0,0.0,0.0,0.0,0.0,0.0,-5.44922,-1.46292,0.00674,0.13537,IncreaseQuarterPeriod,seated
32.2244,205,-1.21667,-0.306563,-9.68546,0.0,0.0,0.0,0.0,0.0,0.0,0.0,-4.74609,-2.19447,0.00674,0.13537,IncreaseQuarterPeriod,seated
32.3746,206,-1.28373,-0.287402,-9.84832,0.0,0.0,0.0,0.0,0.0,0.0,0.0,-3.16406,-2.4383,0.00674,0.13537,IncreaseQuarterPeriod,seated
32.5247,207,-1.29331,-0.249082,-9.84832,0.0,0.0,0.0,0.0,0.0,0.0,0.0,-1.23047,-2.35703,0.00674,0.13537,IncreaseQuarterPeriod,seated
32.6749,208,-1.29331,-0.287402,-9.80042,0.0,0.0,0.0,0.0,0.0,0.0,0.0,0.878906,3.00724,0.00674,0.13537,IncreaseQuarterPeriod,seated
32.825,209,-1.23583,-0.306563,-9.73336,0.0,0.0,0.0,0.0,0.0,0.0,0.0,2.98828,11.2395,0.00674,0.13537,IncreaseQuarterPeriod,seated
32.9752,210,-1.24541,-0.316143,-9.70462,0.0,0.0,0.0,0.0,0.0,0.0,0.0,4.57031,12.4089,0.00674,0.13537,IncreaseQuarterPeriod,seated
33.1253,211,-1.20709,-0.287402,-9.67588,0.0,0.0,0.0,0.0,0.0,0.0,0.0,5.625,11.7066,0.00674,0.13537,IncreaseQuarterPeriod,seated
33.2755,212,-1.24541,-0.277822,-9.64714,0.0,0.0,0.0,0.0,0.0,0.0,0.0,5.80078,9.36525,0.00674,0.13537,IncreaseQuarterPeriod,seated
33.4257,213,-1.24541,-0.316143,-9.64714,0.0,0.0,0.0,0.0,0.0,0.0,0.0,5.27344,5.85319,0.00674,0.13537,IncreaseQuarterPeriod,seated
33.5758,214,-1.27415,-0.325723,-9.64714,0.0,0.0,0.0,0.0,0.0,0.0,0.0,4.04297,1.40478,0.00674,0.13537,IncreaseQuarterPeriod,seated
33.726,215,-1.23583,-0.316143,-9.74294,0.0,0.0,0.0,0.0,0.0,0.0,0.0,2.28516,-3.04372,0.00674,0.13537,IncreaseQuarterPeriod,seated
33.8761,216,-1.25499,-0.287402,-9.78126,0.0,0.0,0.0,0.0,0.0,0.0,0.0,0.351562,-7.02388,0.00674,0.13537,IncreaseQuarterPeriod,seated
34.0263,217,-1.26457,-0.287402,-9.81,0.0,0.0,0.0,0.0,0.0,0.0,0.0,-1.75781,-10.0676,0.00674,0.13537,IncreaseQuarterPeriod,seated
34.1764,218,-1.27415,-0.277822,-9.74294,0.0,0.0,0.0,0.0,0.0,0.0,0.0,-3.69141,-11.9406,0.00674,0.13537,IncreaseQuarterPeriod,seated
34.3266,219,-1.25499,-0.316143,-9.7142,0.0,0.0,0.0,0.0,0.0,0.0,0.0,-4.92188,-11.9407,0.00674,0.13537,IncreaseQuarterPeriod,seated
34.4767,220,-1.24541,-0.325723,-9.64714,0.0,0.0,0.0,0.0,0.0,0.0,0.0,-5.625,-10.5363,0.00674,0.13537,IncreaseQuarterPeriod,seated
34.6269,221,-1.23583,-0.277822,-9.67588,0.0,0.0,0.0,0.0,0.0,0.0,0.0,-5.44922,-7.72669,0.00674,0.13537,IncreaseQuarterPeriod,seated
34.777,222,-1.26457,-0.287402,-9.72378,0.0,0.0,0.0,0.0,0.0,0.0,0.0,-4.57031,-3.74627,0.00674,0.13537,IncreaseQuarterPeriod,seated
34.9271,223,-1.26457,-0.306563,-9.74294,0.0,0.0,0.0,0.0,0.0,0.0,0.0,-2.98828,0.936687,0.00674,0.13537,IncreaseQuarterPeriod,seated
35.0773,224,-1.28373,-0.316143,-9.84832,0.0,0.0,0.0,0.0,0.0,0.0,0.0,-1.05469,5.15177,0.00674,0.13537,IncreaseQuarterPeriod,seated
35.2274,225,-1.27415,-0.325723,-9.79084,0.0,0.0,0.0,0.0,0.0,0.0,0.0,1.05469,8.89805,0.00674,0.13537,IncreaseQuarterPeriod,seated
35.3776,226,-1.27415,-0.277822,-9.73336,0.0,0.0,0.0,0.0,0.0,0.0,0.0,2.98828,11.2395,0.00674,0.13537,IncreaseQuarterPeriod,seated
35.5277,227,-1.25499,-0.316143,-9.72378,0.0,0.0,0.0,0.0,0.0,0.0,0.0,4.57031,12.1762,0.00674,0.13537,IncreaseQuarterPeriod,seated
35.6779,228,-1.24541,-0.258662,-9.63756,0.0,0.0,0.0,0.0,0.0,0.0,0.0,5.44922,11.2385,0.00674,0.13537,IncreaseQuarterPeriod,seated
35.828,229,-1.27415,-0.296982,-9.59924,0.0,0.0,0.0,0.0,0.0,0.0,0.0,5.80078,9.13113,0.00674,0.13537,IncreaseQuarterPeriod,seated
35.9782,230,-1.24541,-0.354463,-9.6184,0.0,0.0,0.0,0.0,0.0,0.0,0.0,5.09766,5.38496,0.00674,0.13537,IncreaseQuarterPeriod,seated
36.1283,231,-1.09213,-0.325723,-7.52036,0.0,0.0,0.0,0.0,0.0,0.0,0.0,3.86719,1.17079,0.0188,0.1476,IncreaseQuarterPeriod,extended
36.2784,232,-1.75315,-0.938848,-7.57784,0.0,0.0,0.0,0.0,0.0,0.0,0.0,1.93359,-3.51239,0.0188,0.1476,IncreaseQuarterPeriod,extended
36.4286,233,-7.46288,0.124541,-7.25212,0.0,0.0,0.0,0.0,0.0,0.0,0.0,-0.175781,-7.49302,0.0188,0.1476,IncreaseQuarterPeriod,extended
36.5787,234,-5.60435,-0.172441,-7.4533,0.0,0.0,0.0,0.0,0.0,0.0,0.0,-2.10938,-10.5371,0.0188,0.1476,IncreaseQuarterPeriod,extended
36.7289,235,-6.81144,-0.0766406,-7.12758,0.0,0.0,0.0,0.0,0.0,0.0,0.0,-3.86719,-11.9422,0.0188,0.1476,IncreaseQuarterPeriod,extended
36.879,236,-6.64857,-0.153281,-7.34792,0.0,0.0,0.0,0.0,0.0,0.0,0.0,-5.27344,-12.1749,0.0188,0.1476,IncreaseQuarterPeriod,extended
37.0292,237,-5.94923,-0.210762,-7.05094,0.0,0.0,0.0,0.0,0.0,0.0,0.0,-5.80078,-10.3018,0.0188,0.1476,IncreaseQuarterPeriod,extended
37.1794,238,-6.15999,-0.210762,-7.23296,0.0,0.0,0.0,0.0,0.0,0.0,0.0,-5.625,-7.25806,0.0188,0.1476,IncreaseQuarterPeriod,extended
37.3294,239,-6.67731,-0.258662,-6.96472,0.0,0.0,0.0,0.0,0.0,0.0,0.0,-4.74609,-3.51233,0.00674,0.13537,IncreaseQuarterPeriod,seated
37.4796,240,-3.69791,-1.07297,-5.72889,0.0,0.0,0.0,0.0,0.0,0.0,0.0,-3.16406,0.936623,0.00674,0.13537,IncreaseQuarterPeriod,seated
37.6297,241,3.63085,0.670605,-10.0112,0.0,0.0,0.0,0.0,0.0,0.0,0.0,-1.23047,5.38563,0.00674,0.13537,IncreaseQuarterPeriod,seated
37.7799,242,-3.83203,-0.0766406,-10.1645,0.0,0.0,0.0,0.0,0.0,0.0,0.0,0.878906,8.89796,0.00674,0.13537,IncreaseQuarterPeriod,seated
37.9301,243,-2.19384,-0.172441,-9.72378,0.0,0.0,0.0,0.0,0.0,0.0,0.0,2.98828,11.4736,0.00674,0.13537,IncreaseQuarterPeriod,seated
38.0802,244,-1.39869,-0.402363,-9.62798,0.0,0.0,0.0,0.0,0.0,0.0,0.0,4.57031,12.409,0.00674,0.13537,IncreaseQuarterPeriod,seated
38.2304,245,-1.32205,-0.344883,-9.91538,0.0,0.0,0.0,0.0,0.0,0.0,0.0,5.44922,11.4725,0.00674,0.13537,IncreaseQuarterPeriod,seated
38.3805,246,-1.24541,-0.335303,-9.58966,0.0,0.0,0.0,0.0,0.0,0.0,0.0,5.80078,9.36524,0.00674,0.13537,IncreaseQuarterPeriod,seated
38.5307,247,-1.22625,-0.287402,-9.64714,0.0,0.0,0.0,0.0,0.0,0.0,0.0,5.27344,5.85332,0.00674,0.13537,IncreaseQuarterPeriod,seated
38.6808,248,-1.33163,-0.364043,-9.73336,0.0,0.0,0.0,0.0,0.0,0.0,0.0,4.21875,1.63895,0.00674,0.13537,IncreaseQuarterPeriod,seated
38.8309,249,-0.306563,-0.737666,-8.40173,0.0,0.0,0.0,0.0,0.0,0.0,0.0,2.46094,-2.80997,0.0188,0.1476,IncreaseQuarterPeriod,extended
38.981,250,-4.36852,0.0574805,-9.18729,0.0,0.0,0.0,0.0,0.0,0.0,0.0,0.175781,-7.02488,0.0188,0.1476,IncreaseQuarterPeriod,extended
39.1312,251,-8.92863,-1.24541,-8.14307,0.0,0.0,0.0,0.0,0.0,0.0,0.0,-2.10938,-10.5373,0.0188,0.1476,IncreaseQuarterPeriod,extended
39.2814,252,-7.20422,0.306563,-7.28086,0.0,0.0,0.0,0.0,0.0,0.0,0.0,-3.86719,-12.1762,0.0188,0.1476,IncreaseQuarterPeriod,extended
39.4315,253,-5.95881,-0.134121,-7.01262,0.0,0.0,0.0,0.0,0.0,0.0,0.0,-5.09766,-12.4102,0.0188,0.1476,IncreaseQuarterPeriod,extended
39.5817,254,-6.66773,-0.335303,-7.55868,0.0,0.0,0.0,0.0,0.0,0.0,0.0,-5.80078,-11.004,0.0188,0.1476,IncreaseQuarterPeriod,extended
39.7318,255,-6.12167,-0.134121,-7.1659,0.0,0.0,0.0,0.0,0.0,0.0,0.0,-5.80078,-7.96035,0.0188,0.1476,IncreaseQuarterPeriod,extended
39.882,256,-6.48571,-0.229922,-7.4054,0.0,0.0,0.0,0.0,0.0,0.0,0.0,-4.92188,-3.74604,0.0188,0.1476,IncreaseQuarterPeriod,extended
40.0321,257,-7.65448,-0.306563,-7.17548,0.0,0.0,0.0,0.0,0.0,0.0,0.0,-3.51562,0.468308,0.00674,0.13537,IncreaseQuarterPeriod,seated
40.1822,258,-6.57193,0.431104,-6.84018,0.0,0.0,0.0,0.0,0.0,0.0,0.0,-1.40625,4.91724,0.00674,0.13537,IncreaseQuarterPeriod,seated
40.3324,259,2.55788,-1.28373,-9.84832,0.0,0.0,0.0,0.0,0.0,0.0,0.0,0.703125,8.66376,0.00674,0.13537,IncreaseQuarterPeriod,seated
40.4826,260,-3.35303,-0.526904,-10.8734,0.0,0.0,0.0,0.0,0.0,0.0,0.0,2.63672,11.2392,0.00674,0.13537,IncreaseQuarterPeriod,seated
40.6327,261,-2.14594,-0.191602,-9.91538,0.0,0.0,0.0,0.0,0.0,0.0,0.0,4.57031,12.6441,0.00674,0.13537,IncreaseQuarterPeriod,seated
40.7829,262,-1.36037,-0.277822,-9.29268,0.0,0.0,0.0,0.0,0.0,0.0,0.0,5.44922,11.9405,0.00674,0.13537,IncreaseQuarterPeriod,seated
40.933,263,-1.34121,-0.277822,-9.8579,0.0,0.0,0.0,0.0,0.0,0.0,0.0,5.80078,9.59925,0.00674,0.13537,IncreaseQuarterPeriod,seated
41.0832,264,-1.04423,-0.258662,-9.35016,0.0,0.0,0.0,0.0,0.0,0.0,0.0,5.44922,6.32144,0.00674,0.13537,IncreaseQuarterPeriod,seated
41.2333,265,-1.20709,-0.277822,-9.6663,0.0,0.0,0.0,0.0,0.0,0.0,0.0,4.21875,2.10719,0.00674,0.13537,IncreaseQuarterPeriod,seated
41.3834,266,-0.479004,0.0670606,-10.9309,0.0,0.0,0.0,0.0,0.0,0.0,0.0,2.46094,-2.8099,0.0188,0.1476,IncreaseQuarterPeriod,extended
41.5336,267,-2.92192,-0.603545,-5.87259,0.0,0.0,0.0,0.0,0.0,0.0,0.0,0.175781,-7.0247,0.0188,0.1476,IncreaseQuarterPeriod,extended
41.6837,268,-7.34792,-0.498164,-7.55868,0.0,0.0,0.0,0.0,0.0,0.0,0.0,-1.75781,-10.0687,0.0188,0.1476,IncreaseQuarterPeriod,extended
41.8339,269,-6.48571,0.0766406,-7.25212,0.0,0.0,0.0,0.0,0.0,0.0,0.0,-3.69141,-12.1759,0.0188,0.1476,IncreaseQuarterPeriod,extended
41.984,270,-6.8306,-0.0191602,-7.41498,0.0,0.0,0.0,0.0,0.0,0.0,0.0,-5.09766,-12.41,0.0188,0.1476,IncreaseQuarterPeriod,extended
42.1342,271,-6.62941,-0.124541,-7.31918,0.0,0.0,0.0,0.0,0.0,0.0,0.0,-5.80078,-11.0039,0.0188,0.1476,IncreaseQuarterPeriod,extended
42.2844,272,-6.01629,-0.172441,-7.09884,0.0,0.0,0.0,0.0,0.0,0.0,0.0,-5.80078,-7.96029,0.0188,0.1476,IncreaseQuarterPeriod,extended
42.4345,273,-6.39949,-0.316143,-7.32876,0.0,0.0,0.0,0.0,0.0,0.0,0.0,-4.92188,-4.21428,0.0188,0.1476,IncreaseQuarterPeriod,extended
42.5846,274,-5.86301,-0.325723,-6.7348,0.0,0.0,0.0,0.0,0.0,0.0,0.0,-3.51562,0.234155,0.00674,0.13537,IncreaseQuarterPeriod,seated
42.7347,275,-6.61025,-0.871787,-7.70238,0.0,0.0,0.0,0.0,0.0,0.0,0.0,-1.40625,4.9173,0.00674,0.13537,IncreaseQuarterPeriod,seated
42.8849,276,1.84896,0.105381,-9.18729,0.0,0.0,0.0,0.0,0.0,0.0,0.0,0.527344,8.42985,0.00674,0.13537,IncreaseQuarterPeriod,seated
43.0351,277,-3.79371,-0.603545,-10.3656,0.0,0.0,0.0,0.0,0.0,0.0,0.0,2.46094,11.0054,0.00674,0.13537,IncreaseQuarterPeriod,seated
43.1852,278,-1.72441,-0.105381,-9.14898,0.0,0.0,0.0,0.0,0.0,0.0,0.0,4.39453,12.4105,0.00674,0.13537,IncreaseQuarterPeriod,seated
43.3354,279,-1.42743,-0.0766406,-9.12982,0.0,0.0,0.0,0.0,0.0,0.0,0.0,5.27344,11.7068,0.00674,0.13537,IncreaseQuarterPeriod,seated
43.4855,280,-1.32205,-0.258662,-9.98244,0.0,0.0,0.0,0.0,0.0,0.0,0.0,5.80078,9.59956,0.00674,0.13537,IncreaseQuarterPeriod,seated
43.6357,281,-1.01549,-0.220342,-9.73336,0.0,0.0,0.0,0.0,0.0,0.0,0.0,5.44922,6.55568,0.00674,0.13537,IncreaseQuarterPeriod,seated
43.7857,282,-1.33163,-0.287402,-9.69504,0.0,0.0,0.0,0.0,0.0,0.0,0.0,4.21875,2.34167,0.00674,0.13537,IncreaseQuarterPeriod,seated
43.9358,283,-1.21667,-0.0191602,-11.5632,0.0,0.0,0.0,0.0,0.0,0.0,0.0,2.63672,-2.34192,0.0188,0.1476,IncreaseQuarterPeriod,extended
44.0859,284,-3.33387,0.296982,-7.118,0.0,0.0,0.0,0.0,0.0,0.0,0.0,0.351562,-6.5574,0.0188,0.1476,IncreaseQuarterPeriod,extended
44.2361,285,-9.77168,-0.718506,-6.74438,0.0,0.0,0.0,0.0,0.0,0.0,0.0,-1.75781,-10.0703,0.0188,0.1476,IncreaseQuarterPeriod,extended
44.3863,286,-6.53361,-0.124541,-7.70238,0.0,0.0,0.0,0.0,0.0,0.0,0.0,-3.51562,-11.9436,0.0188,0.1476,IncreaseQuarterPeriod,extended
44.5364,287,-6.82102,-0.306563,-7.09884,0.0,0.0,0.0,0.0,0.0,0.0,0.0,-4.92188,-12.1762,0.0188,0.1476,IncreaseQuarterPeriod,extended
44.6866,288,-6.34201,-0.325723,-7.28086,0.0,0.0,0.0,0.0,0.0,0.0,0.0,-5.80078,-11.2383,0.0188,0.1476,IncreaseQuarterPeriod,extended
44.8367,289,-6.26537,-0.344883,-7.07968,0.0,0.0,0.0,0.0,0.0,0.0,0.0,-5.80078,-8.19446,0.0188,0.1476,IncreaseQuarterPeriod,extended
44.9869,290,-6.22705,-0.277822,-7.28086,0.0,0.0,0.0,0.0,0.0,0.0,0.0,-5.09766,-4.44841,0.0188,0.1476,IncreaseQuarterPeriod,extended
45.137,291,-6.81144,-0.268242,-7.10842,0.0,0.0,0.0,0.0,0.0,0.0,0.0,-3.69141,-0.234155,0.00674,0.13537,IncreaseQuarterPeriod,seated
45.2871,292,-4.92416,-0.986748,-7.56826,0.0,0.0,0.0,0.0,0.0,0.0,0.0,-1.58203,4.44895,0.00674,0.13537,IncreaseQuarterPeriod,seated
45.4373,293,4.35894,-1.19751,-8.19097,0.0,0.0,0.0,0.0,0.0,0.0,0.0,0.351562,8.1955,0.00674,0.13537,IncreaseQuarterPeriod,seated
45.5874,294,-2.7399,-0.507744,-10.883,0.0,0.0,0.0,0.0,0.0,0.0,0.0,2.28516,10.7711,0.00674,0.13537,IncreaseQuarterPeriod,seated
45.7376,295,-1.58071,-0.220342,-9.77168,0.0,0.0,0.0,0.0,0.0,0.0,0.0,4.21875,12.4101,0.00674,0.13537,IncreaseQuarterPeriod,seated
45.8877,296,-1.45617,-0.191602,-9.38848,0.0,0.0,0.0,0.0,0.0,0.0,0.0,5.27344,11.9408,0.00674,0.13537,IncreaseQuarterPeriod,seated
46.0379,297,-1.23583,-0.383203,-9.73336,0.0,0.0,0.0,0.0,0.0,0.0,0.0,5.80078,9.83356,0.00674,0.13537,IncreaseQuarterPeriod,seated
46.1881,298,-1.06339,-0.239502,-9.68546,0.0,0.0,0.0,0.0,0.0,0.0,0.0,5.44922,6.78979,0.00674,0.13537,IncreaseQuarterPeriod,seated
46.3381,299,0.431104,-0.775986,-9.08191,0.0,0.0,0.0,0.0,0.0,0.0,0.0,4.39453,2.80993,0.0188,0.1476,IncreaseQuarterPeriod,extended
46.4883,300,-3.60211,-0.756826,-7.81734,0.0,0.0,0.0,0.0,0.0,0.0,0.0,2.63672,-2.10748,0.0188,0.1476,IncreaseQuarterPeriod,extended
46.6384,301,-10.3273,-0.804727,-7.95147,0.0,0.0,0.0,0.0,0.0,0.0,0.0,0.703125,-6.08819,0.0188,0.1476,IncreaseQuarterPeriod,extended
46.7886,302,-6.72521,0.172441,-7.34792,0.0,0.0,0.0,0.0,0.0,0.0,0.0,-1.40625,-9.60057,0.0188,0.1476,IncreaseQuarterPeriod,extended
46.9388,303,-6.57193,-0.268242,-7.4533,0.0,0.0,0.0,0.0,0.0,0.0,0.0,-3.33984,-11.7078,0.0188,0.1476,IncreaseQuarterPeriod,extended
47.0889,304,-6.72521,-0.105381,-7.48204,0.0,0.0,0.0,0.0,0.0,0.0,0.0,-4.92188,-12.4089,0.0188,0.1476,IncreaseQuarterPeriod,extended
47.2391,305,-6.03545,-0.172441,-7.08926,0.0,0.0,0.0,0.0,0.0,0.0,0.0,-5.625,-11.0039,0.0188,0.1476,IncreaseQuarterPeriod,extended
47.3892,306,-6.33243,-0.316143,-7.25212,0.0,0.0,0.0,0.0,0.0,0.0,0.0,-5.80078,-8.66275,0.0188,0.1476,IncreaseQuarterPeriod,extended
47.5394,307,-6.09293,-0.210762,-7.29044,0.0,0.0,0.0,0.0,0.0,0.0,0.0,-5.27344,-5.1508,0.0188,0.1476,IncreaseQuarterPeriod,extended
47.6895,308,-7.2617,0.0479004,-6.8785,0.0,0.0,0.0,0.0,0.0,0.0,0.0,-3.86719,-0.702468,0.00674,0.13537,IncreaseQuarterPeriod,seated
47.8396,309,-6.70606,0.344883,-7.66406,0.0,0.0,0.0,0.0,0.0,0.0,0.0,-1.93359,3.98064,0.00674,0.13537,IncreaseQuarterPeriod,seated
47.9897,310,5.1924,-2.66326,-9.10107,0.0,0.0,0.0,0.0,0.0,0.0,0.0,0.175781,7.72767,0.00674,0.13537,IncreaseQuarterPeriod,seated
48.1399,311,-3.08479,-0.699346,-10.5572,0.0,0.0,0.0,0.0,0.0,0.0,0.0,2.28516,10.7717,0.00674,0.13537,IncreaseQuarterPeriod,seated
48.29,312,-1.47533,-0.153281,-9.04359,0.0,0.0,0.0,0.0,0.0,0.0,0.0,4.21875,12.6451,0.00674,0.13537,IncreaseQuarterPeriod,seated
48.4402,313,-1.26457,-0.641865,-9.40764,0.0,0.0,0.0,0.0,0.0,0.0,0.0,5.44922,12.4096,0.00674,0.13537,IncreaseQuarterPeriod,seated
