0.00176501,0,-0.000958268,-0.213224,0.0,0.0,0.0,0.0,0.0,0.0,0.0,0.0,0.351562,0.0,0.00674,0.13537,None,seated
0.0160439,1,-0.000958268,-0.211306,0.0,0.0,0.0,0.0,0.0,0.0,0.0,0.0,0.351562,0.0,0.00674,0.13537,Nothing,seated
0.029475,2,-0.00479347,-0.211306,0.0,0.0,0.0,0.0,0.0,0.0,0.0,0.0,0.351562,0.0,0.00674,0.13537,Nothing,seated
0.040082,3,-0.00383455,-0.211306,0.0,0.0,0.0,0.0,0.0,0.0,0.0,0.0,0.351562,0.0,0.00674,0.13537,Nothing,seated
0.051455,4,-0.00383455,-0.211306,0.0,0.0,0.0,0.0,0.0,0.0,0.0,0.0,0.351562,0.0,0.00674,0.13537,Nothing,seated
0.069504,5,-0.00287611,-0.211306,0.0,0.0,0.0,0.0,0.0,0.0,0.0,0.0,0.351562,0.0,0.00674,0.13537,Nothing,seated
0.0795729,6,-0.00191719,-0.214182,0.0,0.0,0.0,0.0,0.0,0.0,0.0,0.0,0.351562,0.0,0.00674,0.13537,Nothing,seated
0.091465,7,-0.00191719,-0.214182,0.0,0.0,0.0,0.0,0.0,0.0,0.0,0.0,0.351562,0.0,0.00674,0.13537,Nothing,seated
0.101847,8,-0.00383455,-0.212265,0.0,0.0,0.0,0.0,0.0,0.0,0.0,0.0,0.527344,2.84597,0.00674,0.13537,Nothing,seated
0.112083,9,-0.00383455,-0.212265,0.0,0.0,0.0,0.0,0.0,0.0,0.0,0.0,0.527344,2.89934,0.00674,0.13537,Nothing,seated
0.12349,10,-0.00191719,-0.211306,0.0,0.0,0.0,0.0,0.0,0.0,0.0,0.0,0.527344,3.25606,0.00674,0.13537,Nothing,seated
0.134343,11,-0.00191719,-0.211306,0.0,0.0,0.0,0.0,0.0,0.0,0.0,0.0,0.527344,3.20944,0.00674,0.13537,Nothing,seated
0.144415,12,-0.000958268,-0.213224,0.0,0.0,0.0,0.0,0.0,0.0,0.0,0.0,0.527344,3.31977,0.00674,0.13537,Nothing,seated
0.155187,13,-0.000958268,-0.213224,0.0,0.0,0.0,0.0,0.0,0.0,0.0,0.0,0.527344,0.0,0.00674,0.13537,Nothing,seated
0.165257,14,-0.00383455,-0.213224,0.0,0.0,0.0,0.0,0.0,0.0,0.0,0.0,0.527344,0.0,0.00674,0.13537,Nothing,seated
0.175325,15,-0.00383455,-0.213224,0.0,0.0,0.0,0.0,0.0,0.0,0.0,0.0,0.527344,0.0,0.00674,0.13537,Nothing,seated
0.185392,16,0.00210923,-0.214182,0.0,0.0,0.0,0.0,0.0,0.0,0.0,0.0,0.527344,0.0,0.00674,0.13537,Nothing,seated
0.195463,17,0.00210923,-0.214182,0.0,0.0,0.0,0.0,0.0,0.0,0.0,0.0,0.527344,0.0,0.00674,0.13537,Nothing,seated
0.205525,18,-0.000958268,-0.210347,0.0,0.0,0.0,0.0,0.0,0.0,0.0,0.0,0.527344,0.0,0.00674,0.13537,Nothing,seated
0.21558,19,-0.000958268,-0.210347,0.0,0.0,0.0,0.0,0.0,0.0,0.0,0.0,0.527344,0.0,0.00674,0.13537,Nothing,seated
0.230729,20,-0.00191719,-0.208238,0.0,0.0,0.0,0.0,0.0,0.0,0.0,0.0,0.527344,0.0,0.00674,0.13537,Nothing,seated
0.248211,21,-0.00191719,-0.209197,0.0,0.0,0.0,0.0,0.0,0.0,0.0,0.0,0.527344,0.0,0.00674,0.13537,Nothing,seated
0.288083,22,-0.00383455,-0.210156,0.0,0.0,0.0,0.0,0.0,0.0,0.0,0.0,0.527344,0.0,0.00674,0.13537,Nothing,seated
0.312537,23,-0.00191719,-0.213224,0.0,0.0,0.0,0.0,0.0,0.0,0.0,0.0,0.527344,0.0,0.00674,0.13537,Nothing,seated
0.325045,24,-0.00287611,-0.210347,0.0,0.0,0.0,0.0,0.0,0.0,0.0,0.0,0.527344,0.0,0.00674,0.13537,Nothing,seated
0.565835,25,-0.00287611,-0.210347,0.0,0.0,0.0,0.0,0.0,0.0,0.0,0.0,0.527344,0.0,0.00674,0.13537,Nothing,seated
0.5759,26,-0.000958268,-0.212265,0.0,0.0,0.0,0.0,0.0,0.0,0.0,0.0,0.527344,0.0,0.00674,0.13537,Nothing,seated
0.587212,27,-0.000958268,-0.212265,0.0,0.0,0.0,0.0,0.0,0.0,0.0,0.0,0.527344,0.0,0.00674,0.13537,Nothing,seated
0.597276,28,-0.00479347,-0.211306,0.0,0.0,0.0,0.0,0.0,0.0,0.0,0.0,0.527344,0.0,0.00674,0.13537,Nothing,seated
0.607346,29,-0.00479347,-0.211306,0.0,0.0,0.0,0.0,0.0,0.0,0.0,0.0,0.527344,0.0,0.00674,0.13537,Nothing,seated
0.617415,30,-0.00383455,-0.213224,0.0,0.0,0.0,0.0,0.0,0.0,0.0,0.0,0.527344,0.0,0.00674,0.13537,Nothing,seated
0.630335,31,-0.00383455,-0.213224,0.0,0.0,0.0,0.0,0.0,0.0,0.0,0.0,0.527344,0.0,0.00674,0.13537,Nothing,seated
0.640406,32,-0.00287611,-0.213224,0.0,0.0,0.0,0.0,0.0,0.0,0.0,0.0,0.527344,0.0,0.00674,0.13537,Nothing,seated
0.65195,33,-0.00287611,-0.208238,0.0,0.0,0.0,0.0,0.0,0.0,0.0,0.0,0.527344,0.0,0.00674,0.13537,Nothing,seated
0.66202,34,-0.00287611,-0.208238,0.0,0.0,0.0,0.0,0.0,0.0,0.0,0.0,0.527344,0.0,0.00674,0.13537,Nothing,seated
0.67285,35,-0.00383455,-0.210347,0.0,0.0,0.0,0.0,0.0,0.0,0.0,0.0,0.527344,0.0,0.00674,0.13537,Nothing,seated
0.682921,36,-0.00383455,-0.210347,0.0,0.0,0.0,0.0,0.0,0.0,0.0,0.0,0.527344,0.0,0.00674,0.13537,Nothing,seated
0.695103,37,-0.00383455,-0.207279,0.0,0.0,0.0,0.0,0.0,0.0,0.0,0.0,0.527344,0.0,0.00674,0.13537,Nothing,seated
0.716954,38,-0.00383455,-0.211306,0.0,0.0,0.0,0.0,0.0,0.0,0.0,0.0,0.527344,0.0,0.00674,0.13537,Nothing,seated
0.729338,39,-0.00383455,-0.213224,0.0,0.0,0.0,0.0,0.0,0.0,0.0,0.0,0.527344,0.0,0.00674,0.13537,Nothing,seated
0.740735,40,-0.00191719,-0.213224,0.0,0.0,0.0,0.0,0.0,0.0,0.0,0.0,0.527344,0.0,0.00674,0.13537,Nothing,seated
0.751703,41,-0.00575239,-0.211306,0.0,0.0,0.0,0.0,0.0,0.0,0.0,0.0,0.527344,0.0,0.00674,0.13537,Nothing,seated
0.762535,42,-0.00575239,-0.211306,0.0,0.0,0.0,0.0,0.0,0.0,0.0,0.0,0.527344,0.0,0.00674,0.13537,Nothing,seated
0.783536,43,1.74846e-07,-0.207279,0.0,0.0,0.0,0.0,0.0,0.0,0.0,0.0,0.527344,0.0,0.00674,0.13537,Nothing,seated
0.7936,44,-0.00287611,-0.211306,0.0,0.0,0.0,0.0,0.0,0.0,0.0,0.0,0.703125,2.73539,0.00674,0.13537,Nothing,seated
0.80373,45,-0.00287611,-0.211306,0.0,0.0,0.0,0.0,0.0,0.0,0.0,0.0,0.703125,2.79039,0.00674,0.13537,Nothing,seated
0.817734,46,-0.00287611,-0.213224,0.0,0.0,0.0,0.0,0.0,0.0,0.0,0.0,0.703125,2.6621,0.00674,0.13537,Nothing,seated
0.83121,47,-0.00383455,-0.213224,0.0,0.0,0.0,0.0,0.0,0.0,0.0,0.0,0.703125,2.55961,0.00674,0.13537,Nothing,seated
0.842333,48,-0.00191719,-0.213224,0.0,0.0,0.0,0.0,0.0,0.0,0.0,0.0,0.703125,2.98964,0.00674,0.13537,Nothing,seated
0.855003,49,-0.00575239,-0.209197,0.0,0.0,0.0,0.0,0.0,0.0,0.0,0.0,0.703125,0.0,0.00674,0.13537,Nothing,seated
0.86507,50,-0.00575239,-0.209197,0.0,0.0,0.0,0.0,0.0,0.0,0.0,0.0,0.703125,0.0,0.00674,0.13537,Nothing,seated
0.875137,51,-0.00287611,-0.209197,0.0,0.0,0.0,0.0,0.0,0.0,0.0,0.0,0.703125,0.0,0.00674,0.13537,Nothing,seated
0.890699,52,-0.00287611,-0.211306,0.0,0.0,0.0,0.0,0.0,0.0,0.0,0.0,0.703125,0.0,0.00674,0.13537,Nothing,seated
0.901077,53,-0.00191719,-0.211306,0.0,0.0,0.0,0.0,0.0,0.0,0.0,0.0,0.703125,0.0,0.00674,0.13537,Nothing,seated
0.911144,54,-0.00191719,-0.211306,0.0,0.0,0.0,0.0,0.0,0.0,0.0,0.0,0.703125,0.0,0.00674,0.13537,Nothing,seated
0.921182,55,-0.00287611,-0.211306,0.0,0.0,0.0,0.0,0.0,0.0,0.0,0.0,0.703125,0.0,0.00674,0.13537,Nothing,seated
0.93245,56,-0.00287611,-0.211306,0.0,0.0,0.0,0.0,0.0,0.0,0.0,0.0,0.703125,0.0,0.00674,0.13537,Nothing,seated
0.942554,57,1.74846e-07,-0.212265,0.0,0.0,0.0,0.0,0.0,0.0,0.0,0.0,0.703125,0.0,0.00674,0.13537,Nothing,seated
0.956532,58,1.74846e-07,-0.212265,0.0,0.0,0.0,0.0,0.0,0.0,0.0,0.0,0.703125,0.0,0.00674,0.13537,Nothing,seated
0.966597,59,0.000191863,-0.211306,0.0,0.0,0.0,0.0,0.0,0.0,0.0,0.0,0.703125,0.0,0.00674,0.13537,Nothing,seated
0.982535,60,-0.000958268,-0.209197,0.0,0.0,0.0,0.0,0.0,0.0,0.0,0.0,0.703125,0.0,0.00674,0.13537,Nothing,seated
0.993334,61,-0.000958268,-0.209197,0.0,0.0,0.0,0.0,0.0,0.0,0.0,0.0,0.703125,0.0,0.00674,0.13537,Nothing,seated
1.00341,62,-0.00383455,-0.210156,0.0,0.0,0.0,0.0,0.0,0.0,0.0,0.0,0.703125,0.0,0.00674,0.13537,Nothing,seated
1.02346,63,-0.00383455,-0.211306,0.0,0.0,0.0,0.0,0.0,0.0,0.0,0.0,0.703125,0.0,0.00674,0.13537,Nothing,seated
1.04447,64,-0.00383455,-0.208238,0.0,0.0,0.0,0.0,0.0,0.0,0.0,0.0,0.703125,0.0,0.00674,0.13537,Nothing,seated
1.06223,65,-0.00479347,-0.211306,0.0,0.0,0.0,0.0,0.0,0.0,0.0,0.0,0.703125,0.0,0.00674,0.13537,Nothing,seated
1.07279,66,-0.00479347,-0.211306,0.0,0.0,0.0,0.0,0.0,0.0,0.0,0.0,0.703125,0.0,0.00674,0.13537,Nothing,seated
1.08287,67,-0.00383455,-0.207279,0.0,0.0,0.0,0.0,0.0,0.0,0.0,0.0,0.703125,0.0,0.00674,0.13537,Nothing,seated
1.09346,68,-0.00383455,-0.207279,0.0,0.0,0.0,0.0,0.0,0.0,0.0,0.0,0.703125,0.0,0.00674,0.13537,Nothing,seated
1.10352,69,1.74846e-07,-0.211306,0.0,0.0,0.0,0.0,0.0,0.0,0.0,0.0,0.703125,0.0,0.00674,0.13537,Nothing,seated
1.1136,70,1.74846e-07,-0.211306,0.0,0.0,0.0,0.0,0.0,0.0,0.0,0.0,0.703125,0.0,0.00674,0.13537,Nothing,seated
1.12367,71,-0.00383455,-0.211306,0.0,0.0,0.0,0.0,0.0,0.0,0.0,0.0,0.703125,0.0,0.00674,0.13537,Nothing,seated
1.13373,72,-0.00383455,-0.211306,0.0,0.0,0.0,0.0,0.0,0.0,0.0,0.0,0.703125,0.0,0.00674,0.13537,Nothing,seated
1.14396,73,-0.00191719,-0.213224,0.0,0.0,0.0,0.0,0.0,0.0,0.0,0.0,0.703125,0.0,0.00674,0.13537,Nothing,seated
1.15402,74,-0.00191719,-0.213224,0.0,0.0,0.0,0.0,0.0,0.0,0.0,0.0,0.703125,0.0,0.00674,0.13537,Nothing,seated
1.16421,75,-0.00287611,-0.209197,0.0,0.0,0.0,0.0,0.0,0.0,0.0,0.0,0.703125,0.0,0.00674,0.13537,Nothing,seated
1.17454,76,-0.00287611,-0.209197,0.0,0.0,0.0,0.0,0.0,0.0,0.0,0.0,0.703125,0.0,0.00674,0.13537,Nothing,seated
1.18461,77,-0.00191719,-0.210347,0.0,0.0,0.0,0.0,0.0,0.0,0.0,0.0,0.703125,0.0,0.00674,0.13537,Nothing,seated
1.19712,78,-0.00191719,-0.210347,0.0,0.0,0.0,0.0,0.0,0.0,0.0,0.0,0.703125,0.0,0.00674,0.13537,Nothing,seated
1.21185,79,-0.000958268,-0.210347,0.0,0.0,0.0,0.0,0.0,0.0,0.0,0.0,0.703125,0.0,0.00674,0.13537,Nothing,seated
1.22796,80,-0.00191719,-0.212265,0.0,0.0,0.0,0.0,0.0,0.0,0.0,0.0,0.703125,0.0,0.00674,0.13537,Nothing,seated
1.24458,81,-0.00479347,-0.209197,0.0,0.0,0.0,0.0,0.0,0.0,0.0,0.0,0.703125,0.0,0.00674,0.13537,Nothing,seated
1.26156,82,-0.00479347,-0.213224,0.0,0.0,0.0,0.0,0.0,0.0,0.0,0.0,0.703125,0.0,0.00674,0.13537,Nothing,seated
1.27308,83,-0.00575239,-0.213224,0.0,0.0,0.0,0.0,0.0,0.0,0.0,0.0,0.703125,0.0,0.00674,0.13537,Nothing,seated
1.29758,84,-0.00479347,-0.210347,0.0,0.0,0.0,0.0,0.0,0.0,0.0,0.0,0.703125,0.0,0.00674,0.13537,Nothing,seated
1.32208,85,-0.00287611,-0.213224,0.0,0.0,0.0,0.0,0.0,0.0,0.0,0.0,0.703125,0.0,0.00674,0.13537,Nothing,seated
1.33285,86,-0.00766975,-0.213224,0.0,0.0,0.0,0.0,0.0,0.0,0.0,0.0,0.703125,0.0,0.00674,0.13537,Nothing,seated
1.34736,87,-0.00479347,-0.210347,0.0,0.0,0.0,0.0,0.0,0.0,0.0,0.0,0.703125,0.0,0.00674,0.13537,Nothing,seated
1.37794,88,-0.00287611,-0.213224,0.0,0.0,0.0,0.0,0.0,0.0,0.0,0.0,0.703125,0.0,0.00674,0.13537,Nothing,seated
1.38802,89,-0.00287611,-0.213224,0.0,0.0,0.0,0.0,0.0,0.0,0.0,0.0,0.703125,0.0,0.00674,0.13537,Nothing,seated
1.39808,90,-0.00383455,-0.210347,0.0,0.0,0.0,0.0,0.0,0.0,0.0,0.0,0.703125,0.0,0.00674,0.13537,Nothing,seated
1.40815,91,-0.00383455,-0.20632,0.0,0.0,0.0,0.0,0.0,0.0,0.0,0.0,0.703125,0.0,0.00674,0.13537,Nothing,seated
1.42608,92,-0.00383455,-0.20632,0.0,0.0,0.0,0.0,0.0,0.0,0.0,0.0,0.703125,0.0,0.00674,0.13537,Nothing,seated
1.43708,93,-0.000958268,-0.210156,0.0,0.0,0.0,0.0,0.0,0.0,0.0,0.0,0.703125,0.0,0.00674,0.13537,Nothing,seated
1.45008,94,-0.000958268,-0.211306,0.0,0.0,0.0,0.0,0.0,0.0,0.0,0.0,0.703125,0.0,0.00674,0.13537,Nothing,seated
1.46016,95,-0.00287611,-0.211306,0.0,0.0,0.0,0.0,0.0,0.0,0.0,0.0,0.703125,0.0,0.00674,0.13537,Nothing,seated
1.47091,96,-0.00287611,-0.210347,0.0,0.0,0.0,0.0,0.0,0.0,0.0,0.0,0.703125,0.0,0.00674,0.13537,Nothing,seated
1.48108,97,-0.00383455,-0.210347,0.0,0.0,0.0,0.0,0.0,0.0,0.0,0.0,0.703125,0.0,0.00674,0.13537,Nothing,seated
1.49122,98,-0.00383455,-0.210347,0.0,0.0,0.0,0.0,0.0,0.0,0.0,0.0,0.703125,0.0,0.00674,0.13537,Nothing,seated
1.50129,99,-0.000958268,-0.213224,0.0,0.0,0.0,0.0,0.0,0.0,0.0,0.0,0.703125,0.0,0.00674,0.13537,Nothing,seated
1.51173,100,-0.000958268,-0.213224,0.0,0.0,0.0,0.0,0.0,0.0,0.0,0.0,0.703125,0.0,0.00674,0.13537,Nothing,seated
1.52246,101,-0.00479347,-0.209197,0.0,0.0,0.0,0.0,0.0,0.0,0.0,0.0,0.703125,0.0,0.00674,0.13537,Nothing,seated
1.54783,102,-0.00287611,-0.214182,0.0,0.0,0.0,0.0,0.0,0.0,0.0,0.0,0.527344,-2.63324,0.00674,0.13537,Nothing,seated
1.56308,103,-0.00287611,-0.208238,0.0,0.0,0.0,0.0,0.0,0.0,0.0,0.0,0.527344,-2.44627,0.00674,0.13537,Nothing,seated
1.58022,104,-0.00671083,-0.213224,0.0,0.0,0.0,0.0,0.0,0.0,0.0,0.0,0.527344,-2.22706,0.00674,0.13537,Nothing,seated
1.59116,105,-0.00671083,-0.213224,0.0,0.0,0.0,0.0,0.0,0.0,0.0,0.0,0.527344,-2.21318,0.00674,0.13537,Nothing,seated
1.60119,106,-0.00383455,-0.210347,0.0,0.0,0.0,0.0,0.0,0.0,0.0,0.0,0.527344,-2.23271,0.00674,0.13537,Nothing,seated
1.61173,107,-0.00383455,-0.210156,0.0,0.0,0.0,0.0,0.0,0.0,0.0,0.0,0.527344,0.0,0.00674,0.13537,Nothing,seated
1.62384,108,-0.00575239,-0.210156,0.0,0.0,0.0,0.0,0.0,0.0,0.0,0.0,0.527344,0.0,0.00674,0.13537,Nothing,seated
1.63421,109,-0.00575239,-0.211306,0.0,0.0,0.0,0.0,0.0,0.0,0.0,0.0,0.527344,0.0,0.00674,0.13537,Nothing,seated
1.64428,110,-0.00383455,-0.211306,0.0,0.0,0.0,0.0,0.0,0.0,0.0,0.0,0.527344,0.0,0.00674,0.13537,Nothing,seated
1.6557,111,-0.00383455,-0.211306,0.0,0.0,0.0,0.0,0.0,0.0,0.0,0.0,0.527344,0.0,0.00674,0.13537,Nothing,seated
1.66577,112,-0.00383455,-0.211306,0.0,0.0,0.0,0.0,0.0,0.0,0.0,0.0,0.527344,0.0,0.00674,0.13537,Nothing,seated
1.67584,113,-0.00287611,-0.213224,0.0,0.0,0.0,0.0,0.0,0.0,0.0,0.0,0.527344,0.0,0.00674,0.13537,Nothing,seated
1.68591,114,-0.00287611,-0.213224,0.0,0.0,0.0,0.0,0.0,0.0,0.0,0.0,0.527344,0.0,0.00674,0.13537,Nothing,seated
1.69598,115,-0.00383455,-0.21725,0.0,0.0,0.0,0.0,0.0,0.0,0.0,0.0,0.527344,0.0,0.00674,0.13537,Nothing,seated
1.70605,116,-0.00383455,-0.21725,0.0,0.0,0.0,0.0,0.0,0.0,0.0,0.0,0.527344,0.0,0.00674,0.13537,Nothing,seated
1.71612,117,1.74846e-07,-0.211306,0.0,0.0,0.0,0.0,0.0,0.0,0.0,0.0,0.527344,0.0,0.00674,0.13537,Nothing,seated
1.72619,118,1.74846e-07,-0.211306,0.0,0.0,0.0,0.0,0.0,0.0,0.0,0.0,0.527344,0.0,0.00674,0.13537,Nothing,seated
1.73627,119,-0.00287611,-0.207279,0.0,0.0,0.0,0.0,0.0,0.0,0.0,0.0,0.527344,0.0,0.00674,0.13537,Nothing,seated
1.74634,120,-0.00287611,-0.207279,0.0,0.0,0.0,0.0,0.0,0.0,0.0,0.0,0.527344,0.0,0.00674,0.13537,Nothing,seated
1.75846,121,-0.000958268,-0.208238,0.0,0.0,0.0,0.0,0.0,0.0,0.0,0.0,0.527344,0.0,0.00674,0.13537,Nothing,seated
1.76853,122,-0.000958268,-0.208238,0.0,0.0,0.0,0.0,0.0,0.0,0.0,0.0,0.527344,0.0,0.00674,0.13537,Nothing,seated
1.78008,123,-0.00191719,-0.208238,0.0,0.0,0.0,0.0,0.0,0.0,0.0,0.0,0.527344,0.0,0.00674,0.13537,Nothing,seated
1.791,124,-0.00191719,-0.208238,0.0,0.0,0.0,0.0,0.0,0.0,0.0,0.0,0.527344,0.0,0.00674,0.13537,Nothing,seated
1.80107,125,-0.00383455,-0.208238,0.0,0.0,0.0,0.0,0.0,0.0,0.0,0.0,0.527344,0.0,0.00674,0.13537,Nothing,seated
1.81114,126,-0.00383455,-0.208238,0.0,0.0,0.0,0.0,0.0,0.0,0.0,0.0,0.527344,0.0,0.00674,0.13537,Nothing,seated
1.82119,127,-0.00191719,-0.209197,0.0,0.0,0.0,0.0,0.0,0.0,0.0,0.0,0.527344,0.0,0.00674,0.13537,Nothing,seated
1.83125,128,-0.00191719,-0.209197,0.0,0.0,0.0,0.0,0.0,0.0,0.0,0.0,0.527344,0.0,0.00674,0.13537,Nothing,seated
1.84133,129,-0.00191719,-0.211306,0.0,0.0,0.0,0.0,0.0,0.0,0.0,0.0,0.527344,0.0,0.00674,0.13537,Nothing,seated
1.85139,130,-0.00191719,-0.213224,0.0,0.0,0.0,0.0,0.0,0.0,0.0,0.0,0.527344,0.0,0.00674,0.13537,Nothing,seated
1.86345,131,-0.00191719,-0.213224,0.0,0.0,0.0,0.0,0.0,0.0,0.0,0.0,0.527344,0.0,0.00674,0.13537,Nothing,seated
1.87521,132,-0.00191719,-0.209197,0.0,0.0,0.0,0.0,0.0,0.0,0.0,0.0,0.527344,0.0,0.00674,0.13537,Nothing,seated
1.88528,133,1.74846e-07,-0.209197,0.0,0.0,0.0,0.0,0.0,0.0,0.0,0.0,0.527344,0.0,0.00674,0.13537,Nothing,seated
1.89535,134,1.74846e-07,-0.209197,0.0,0.0,0.0,0.0,0.0,0.0,0.0,0.0,0.527344,0.0,0.00674,0.13537,Nothing,seated
1.90541,135,-0.00383455,-0.209197,0.0,0.0,0.0,0.0,0.0,0.0,0.0,0.0,0.527344,0.0,0.00674,0.13537,Nothing,seated
1.91548,136,-0.00383455,-0.210347,0.0,0.0,0.0,0.0,0.0,0.0,0.0,0.0,0.527344,0.0,0.00674,0.13537,Nothing,seated
1.92555,137,-0.00671083,-0.210347,0.0,0.0,0.0,0.0,0.0,0.0,0.0,0.0,0.527344,0.0,0.00674,0.13537,Nothing,seated
1.93562,138,-0.00671083,-0.210347,0.0,0.0,0.0,0.0,0.0,0.0,0.0,0.0,0.527344,0.0,0.00674,0.13537,Nothing,seated
1.94569,139,-0.00671083,-0.207279,0.0,0.0,0.0,0.0,0.0,0.0,0.0,0.0,0.527344,0.0,0.00674,0.13537,Nothing,seated
1.95621,140,-0.00383455,-0.207279,0.0,0.0,0.0,0.0,0.0,0.0,0.0,0.0,0.527344,0.0,0.00674,0.13537,Nothing,seated
1.96628,141,-0.00383455,-0.210347,0.0,0.0,0.0,0.0,0.0,0.0,0.0,0.0,0.527344,0.0,0.00674,0.13537,Nothing,seated
1.97871,142,-0.00383455,-0.210347,0.0,0.0,0.0,0.0,0.0,0.0,0.0,0.0,0.527344,0.0,0.00674,0.13537,Nothing,seated
1.99006,143,-0.00671083,-0.210156,0.0,0.0,0.0,0.0,0.0,0.0,0.0,0.0,0.527344,0.0,0.00674,0.13537,Nothing,seated
2.00012,144,-0.00671083,-0.210156,0.0,0.0,0.0,0.0,0.0,0.0,0.0,0.0,0.527344,0.0,0.00674,0.13537,Nothing,seated
2.01019,145,-0.00383455,-0.209197,0.0,0.0,0.0,0.0,0.0,0.0,0.0,0.0,0.527344,0.0,0.00674,0.13537,Nothing,seated
2.02025,146,-0.00383455,-0.209197,0.0,0.0,0.0,0.0,0.0,0.0,0.0,0.0,0.527344,0.0,0.00674,0.13537,Nothing,seated
2.03032,147,-0.00191719,-0.214182,0.0,0.0,0.0,0.0,0.0,0.0,0.0,0.0,0.527344,0.0,0.00674,0.13537,Nothing,seated
2.04039,148,-0.00191719,-0.213224,0.0,0.0,0.0,0.0,0.0,0.0,0.0,0.0,0.527344,0.0,0.00674,0.13537,Nothing,seated
2.05647,149,-0.000958268,-0.213224,0.0,0.0,0.0,0.0,0.0,0.0,0.0,0.0,0.527344,0.0,0.00674,0.13537,Nothing,seated
2.06796,150,-0.00383455,-0.210347,0.0,0.0,0.0,0.0,0.0,0.0,0.0,0.0,0.527344,0.0,0.00674,0.13537,Nothing,seated
2.07946,151,-0.00383455,-0.210347,0.0,0.0,0.0,0.0,0.0,0.0,0.0,0.0,0.527344,0.0,0.00674,0.13537,Nothing,seated
2.09008,152,-0.00479347,-0.208238,0.0,0.0,0.0,0.0,0.0,0.0,0.0,0.0,0.527344,0.0,0.00674,0.13537,Nothing,seated
2.10014,153,-0.00479347,-0.208238,0.0,0.0,0.0,0.0,0.0,0.0,0.0,0.0,0.527344,0.0,0.00674,0.13537,Nothing,seated
2.11018,154,-0.00287611,-0.209197,0.0,0.0,0.0,0.0,0.0,0.0,0.0,0.0,0.527344,0.0,0.00674,0.13537,Nothing,seated
2.12025,155,-0.00287611,-0.209197,0.0,0.0,0.0,0.0,0.0,0.0,0.0,0.0,0.527344,0.0,0.00674,0.13537,Nothing,seated
2.13032,156,-0.00671083,-0.211306,0.0,0.0,0.0,0.0,0.0,0.0,0.0,0.0,0.527344,0.0,0.00674,0.13537,Nothing,seated
2.14039,157,-0.00671083,-0.211306,0.0,0.0,0.0,0.0,0.0,0.0,0.0,0.0,0.527344,0.0,0.00674,0.13537,Nothing,seated
2.15085,158,-0.00383455,-0.213224,0.0,0.0,0.0,0.0,0.0,0.0,0.0,0.0,0.527344,0.0,0.00674,0.13537,Nothing,seated
2.16108,159,-0.00383455,-0.213224,0.0,0.0,0.0,0.0,0.0,0.0,0.0,0.0,0.527344,0.0,0.00674,0.13537,Nothing,seated
2.17135,160,-0.00383455,-0.214182,0.0,0.0,0.0,0.0,0.0,0.0,0.0,0.0,0.527344,0.0,0.00674,0.13537,Nothing,seated
2.18246,161,-0.00383455,-0.211306,0.0,0.0,0.0,0.0,0.0,0.0,0.0,0.0,0.527344,0.0,0.00674,0.13537,Nothing,seated
2.19488,162,-0.00191719,-0.211306,0.0,0.0,0.0,0.0,0.0,0.0,0.0,0.0,0.527344,0.0,0.00674,0.13537,Nothing,seated
2.20574,163,-0.00191719,-0.210156,0.0,0.0,0.0,0.0,0.0,0.0,0.0,0.0,0.527344,0.0,0.00674,0.13537,Nothing,seated
2.21833,164,-0.00191719,-0.210156,0.0,0.0,0.0,0.0,0.0,0.0,0.0,0.0,0.527344,0.0,0.00674,0.13537,Nothing,seated
2.23283,165,-0.00479347,-0.215141,0.0,0.0,0.0,0.0,0.0,0.0,0.0,0.0,0.527344,0.0,0.00674,0.13537,Nothing,seated
2.24346,166,-0.00479347,-0.213224,0.0,0.0,0.0,0.0,0.0,0.0,0.0,0.0,0.527344,0.0,0.00674,0.13537,Nothing,seated
2.25415,167,-0.00383455,-0.213224,0.0,0.0,0.0,0.0,0.0,0.0,0.0,0.0,0.527344,0.0,0.00674,0.13537,Nothing,seated
2.26485,168,-0.00383455,-0.210156,0.0,0.0,0.0,0.0,0.0,0.0,0.0,0.0,0.527344,0.0,0.00674,0.13537,Nothing,seated
2.27496,169,-0.00287611,-0.210156,0.0,0.0,0.0,0.0,0.0,0.0,0.0,0.0,0.527344,0.0,0.00674,0.13537,Nothing,seated
2.28533,170,-0.00287611,-0.212265,0.0,0.0,0.0,0.0,0.0,0.0,0.0,0.0,0.527344,0.0,0.00674,0.13537,Nothing,seated
2.29541,171,-0.00479347,-0.212265,0.0,0.0,0.0,0.0,0.0,0.0,0.0,0.0,0.527344,0.0,0.00674,0.13537,Nothing,seated
2.30547,172,-0.00479347,-0.212265,0.0,0.0,0.0,0.0,0.0,0.0,0.0,0.0,0.527344,0.0,0.00674,0.13537,Nothing,seated
2.31554,173,-0.000958268,-0.212265,0.0,0.0,0.0,0.0,0.0,0.0,0.0,0.0,0.527344,0.0,0.00674,0.13537,Nothing,seated
2.3256,174,-0.000958268,-0.207279,0.0,0.0,0.0,0.0,0.0,0.0,0.0,0.0,0.527344,0.0,0.00674,0.13537,Nothing,seated
2.33567,175,-0.00479347,-0.207279,0.0,0.0,0.0,0.0,0.0,0.0,0.0,0.0,0.527344,0.0,0.00674,0.13537,Nothing,seated
2.34574,176,-0.00479347,-0.213224,0.0,0.0,0.0,0.0,0.0,0.0,0.0,0.0,0.527344,0.0,0.00674,0.13537,Nothing,seated
2.35582,177,1.74846e-07,-0.213224,0.0,0.0,0.0,0.0,0.0,0.0,0.0,0.0,0.527344,0.0,0.00674,0.13537,Nothing,seated
2.36685,178,-0.00383455,-0.207279,0.0,0.0,0.0,0.0,0.0,0.0,0.0,0.0,0.527344,0.0,0.00674,0.13537,Nothing,seated
2.37692,179,-0.00383455,-0.207279,0.0,0.0,0.0,0.0,0.0,0.0,0.0,0.0,0.527344,0.0,0.00674,0.13537,Nothing,seated
2.3909,180,-0.00383455,-0.215333,0.0,0.0,0.0,0.0,0.0,0.0,0.0,0.0,0.527344,0.0,0.00674,0.13537,Nothing,seated
2.40108,181,-0.00383455,-0.215333,0.0,0.0,0.0,0.0,0.0,0.0,0.0,0.0,0.527344,0.0,0.00674,0.13537,Nothing,seated
2.41119,182,0.00115078,-0.212265,0.0,0.0,0.0,0.0,0.0,0.0,0.0,0.0,0.527344,0.0,0.00674,0.13537,Nothing,seated
2.42126,183,0.00115078,-0.212265,0.0,0.0,0.0,0.0,0.0,0.0,0.0,0.0,0.527344,0.0,0.00674,0.13537,Nothing,seated
2.43133,184,0.00115078,-0.212265,0.0,0.0,0.0,0.0,0.0,0.0,0.0,0.0,0.527344,0.0,0.00674,0.13537,Nothing,seated
2.44139,185,-0.00383455,-0.214182,0.0,0.0,0.0,0.0,0.0,0.0,0.0,0.0,0.527344,0.0,0.00674,0.13537,Nothing,seated
2.45146,186,-0.00383455,-0.214182,0.0,0.0,0.0,0.0,0.0,0.0,0.0,0.0,0.527344,0.0,0.00674,0.13537,Nothing,seated
2.46153,187,-0.000958268,-0.210347,0.0,0.0,0.0,0.0,0.0,0.0,0.0,0.0,0.527344,0.0,0.00674,0.13537,Nothing,seated
2.47508,188,-0.000958268,-0.207279,0.0,0.0,0.0,0.0,0.0,0.0,0.0,0.0,0.527344,0.0,0.00674,0.13537,Nothing,seated
2.48515,189,-0.00383455,-0.207279,0.0,0.0,0.0,0.0,0.0,0.0,0.0,0.0,0.527344,0.0,0.00674,0.13537,Nothing,seated
2.49686,190,-0.00383455,-0.207279,0.0,0.0,0.0,0.0,0.0,0.0,0.0,0.0,0.527344,0.0,0.00674,0.13537,Nothing,seated
2.50692,191,-0.00479347,-0.207279,0.0,0.0,0.0,0.0,0.0,0.0,0.0,0.0,0.527344,0.0,0.00674,0.13537,Nothing,seated
2.51699,192,-0.00479347,-0.214182,0.0,0.0,0.0,0.0,0.0,0.0,0.0,0.0,0.527344,0.0,0.00674,0.13537,Nothing,seated
2.52706,193,-0.000958268,-0.214182,0.0,0.0,0.0,0.0,0.0,0.0,0.0,0.0,0.527344,0.0,0.00674,0.13537,Nothing,seated
2.53714,194,-0.000958268,-0.211306,0.0,0.0,0.0,0.0,0.0,0.0,0.0,0.0,0.527344,0.0,0.00674,0.13537,Nothing,seated
2.54719,195,-0.00287611,-0.211306,0.0,0.0,0.0,0.0,0.0,0.0,0.0,0.0,0.527344,0.0,0.00674,0.13537,Nothing,seated
2.55726,196,-0.00287611,-0.213224,0.0,0.0,0.0,0.0,0.0,0.0,0.0,0.0,0.527344,0.0,0.00674,0.13537,Nothing,seated
2.56733,197,0.00115078,-0.213224,0.0,0.0,0.0,0.0,0.0,0.0,0.0,0.0,0.527344,0.0,0.00674,0.13537,Nothing,seated
2.5774,198,0.00115078,-0.211306,0.0,0.0,0.0,0.0,0.0,0.0,0.0,0.0,0.527344,0.0,0.00674,0.13537,Nothing,seated
2.58747,199,-0.00191719,-0.211306,0.0,0.0,0.0,0.0,0.0,0.0,0.0,0.0,0.527344,0.0,0.00674,0.13537,Nothing,seated
2.59753,200,-0.00191719,-0.207279,0.0,0.0,0.0,0.0,0.0,0.0,0.0,0.0,0.527344,0.0,0.00674,0.13537,Nothing,seated
2.6076,201,-0.00383455,-0.207279,0.0,0.0,0.0,0.0,0.0,0.0,0.0,0.0,0.527344,0.0,0.00674,0.13537,Nothing,seated
2.61767,202,-0.00383455,-0.210347,0.0,0.0,0.0,0.0,0.0,0.0,0.0,0.0,0.527344,0.0,0.00674,0.13537,Nothing,seated
2.62783,203,1.74846e-07,-0.210347,0.0,0.0,0.0,0.0,0.0,0.0,0.0,0.0,0.527344,0.0,0.00674,0.13537,Nothing,seated
2.63792,204,-0.00191719,-0.210347,0.0,0.0,0.0,0.0,0.0,0.0,0.0,0.0,0.527344,0.0,0.00674,0.13537,Nothing,seated
2.64799,205,-0.00191719,-0.210347,0.0,0.0,0.0,0.0,0.0,0.0,0.0,0.0,0.527344,0.0,0.00674,0.13537,Nothing,seated
2.65806,206,-0.00383455,-0.208238,0.0,0.0,0.0,0.0,0.0,0.0,0.0,0.0,0.527344,0.0,0.00674,0.13537,Nothing,seated
2.66813,207,-0.00383455,-0.208238,0.0,0.0,0.0,0.0,0.0,0.0,0.0,0.0,0.527344,0.0,0.00674,0.13537,Nothing,seated
2.67822,208,-0.00383455,-0.214182,0.0,0.0,0.0,0.0,0.0,0.0,0.0,0.0,0.527344,0.0,0.00674,0.13537,Nothing,seated
2.68829,209,-0.00383455,-0.214182,0.0,0.0,0.0,0.0,0.0,0.0,0.0,0.0,0.527344,0.0,0.00674,0.13537,Nothing,seated
2.70185,210,-0.000958268,-0.211306,0.0,0.0,0.0,0.0,0.0,0.0,0.0,0.0,0.527344,0.0,0.00674,0.13537,Nothing,seated
2.71596,211,-0.00191719,-0.212265,0.0,0.0,0.0,0.0,0.0,0.0,0.0,0.0,0.527344,0.0,0.00674,0.13537,Nothing,seated
2.72646,212,-0.00191719,-0.212265,0.0,0.0,0.0,0.0,0.0,0.0,0.0,0.0,0.527344,0.0,0.00674,0.13537,Nothing,seated
2.73834,213,-0.00191719,-0.213224,0.0,0.0,0.0,0.0,0.0,0.0,0.0,0.0,0.527344,0.0,0.00674,0.13537,Nothing,seated
2.7484,214,-0.00191719,-0.213224,0.0,0.0,0.0,0.0,0.0,0.0,0.0,0.0,0.527344,0.0,0.00674,0.13537,Nothing,seated
2.76146,215,-0.00383455,-0.213224,0.0,0.0,0.0,0.0,0.0,0.0,0.0,0.0,0.527344,0.0,0.00674,0.13537,Nothing,seated
2.77152,216,-0.00383455,-0.211306,0.0,0.0,0.0,0.0,0.0,0.0,0.0,0.0,0.527344,0.0,0.00674,0.13537,Nothing,seated
