0.000110865,0,-1.51365,-0.325723,-9.64714,0.0,0.0,0.0,0.0,0.0,0.0,0.0,0.527344,0.0,0.00674,0.13537,None,seated
0.150274,1,-1.50407,-0.287402,-9.6184,0.0,0.0,0.0,0.0,0.0,0.0,0.0,0.527344,0.0,0.00674,0.13537,Nothing,seated
0.300444,2,-1.52323,-0.277822,-9.65672,0.0,0.0,0.0,0.0,0.0,0.0,0.0,0.527344,0.0,0.00674,0.13537,Nothing,seated
0.450617,3,-1.52323,-0.277822,-9.63756,0.0,0.0,0.0,0.0,0.0,0.0,0.0,0.527344,0.0,0.00674,0.13537,Nothing,seated
0.600794,4,-1.43701,-0.268242,-9.65672,0.0,0.0,0.0,0.0,0.0,0.0,0.0,0.527344,0.0,0.00674,0.13537,Nothing,seated
0.750966,5,-1.22625,-0.287402,-9.7142,0.0,0.0,0.0,0.0,0.0,0.0,0.0,0.703125,0.234108,0.00674,0.13537,Nothing,seated
0.901141,6,-1.20709,-0.287402,-9.7142,0.0,0.0,0.0,0.0,0.0,0.0,0.0,1.05469,0.702313,0.00674,0.13537,Nothing,seated
1.05131,7,-1.21667,-0.258662,-9.6663,0.0,0.0,0.0,0.0,0.0,0.0,0.0,1.75781,1.63873,0.00674,0.13537,Nothing,seated
1.20148,8,-1.20709,-0.277822,-9.7142,0.0,0.0,0.0,0.0,0.0,0.0,0.0,2.28516,2.34104,0.00674,0.13537,Nothing,seated
1.35165,9,-1.18793,-0.249082,-9.68546,0.0,0.0,0.0,0.0,0.0,0.0,0.0,2.98828,3.2775,0.00674,0.13537,Nothing,seated
1.50182,10,-1.15919,-0.306563,-9.74294,0.0,0.0,0.0,0.0,0.0,0.0,0.0,3.51562,3.74574,0.00674,0.13537,Nothing,seated
1.65199,11,-1.00591,-0.287402,-9.69504,0.0,0.0,0.0,0.0,0.0,0.0,0.0,4.04297,3.97987,0.00674,0.13537,Nothing,seated
1.80207,12,-0.977168,-0.344883,-9.73336,0.0,0.0,0.0,0.0,0.0,0.0,0.0,4.57031,3.74618,0.00674,0.13537,Nothing,seated
1.95225,13,-0.910107,-0.258662,-9.74294,0.0,0.0,0.0,0.0,0.0,0.0,0.0,4.92188,3.51206,0.00674,0.13537,Nothing,seated
2.10242,14,-0.910107,-0.249082,-9.7142,0.0,0.0,0.0,0.0,0.0,0.0,0.0,5.27344,3.04377,0.00674,0.13537,Nothing,seated
2.25259,15,-0.795147,-0.277822,-9.70462,0.0,0.0,0.0,0.0,0.0,0.0,0.0,5.27344,2.34135,0.00674,0.13537,Nothing,seated
2.40276,16,-0.708926,-0.316143,-9.78126,0.0,0.0,0.0,0.0,0.0,0.0,0.0,5.44922,1.87308,0.00674,0.13537,Nothing,seated
2.55293,17,-0.670605,-0.306563,-9.84832,0.0,0.0,0.0,0.0,0.0,0.0,0.0,5.44922,1.17055,0.00674,0.13537,Nothing,seated
2.70307,18,-0.680186,-0.335303,-9.77168,0.0,0.0,0.0,0.0,0.0,0.0,0.0,5.625,0.936476,0.00674,0.13537,Nothing,seated
2.85324,19,-0.689766,-0.306563,-9.7621,0.0,0.0,0.0,0.0,0.0,0.0,0.0,5.625,0.468237,0.00674,0.13537,Nothing,seated
3.00341,20,-0.728086,-0.258662,-9.7621,0.0,0.0,0.0,0.0,0.0,0.0,0.0,5.625,0.468237,0.00674,0.13537,Nothing,seated
3.15358,21,-0.661025,-0.268242,-9.7621,0.0,0.0,0.0,0.0,0.0,0.0,0.0,5.44922,0.0,0.00674,0.13537,Nothing,seated
3.30376,22,-0.661025,-0.335303,-9.74294,0.0,0.0,0.0,0.0,0.0,0.0,0.0,5.44922,0.0,0.00674,0.13537,Nothing,seated
3.45393,23,-0.689766,-0.296982,-9.7621,0.0,0.0,0.0,0.0,0.0,0.0,0.0,5.44922,-0.234106,0.00674,0.13537,Nothing,seated
3.6041,24,-0.680186,-0.287402,-9.84832,0.0,0.0,0.0,0.0,0.0,0.0,0.0,5.27344,-0.468215,0.00674,0.13537,Nothing,seated
3.75427,25,-0.680186,-0.239502,-9.77168,0.0,0.0,0.0,0.0,0.0,0.0,0.0,5.27344,-0.468215,0.00674,0.13537,Nothing,seated
3.90443,26,-0.718506,-0.287402,-9.7621,0.0,0.0,0.0,0.0,0.0,0.0,0.0,5.27344,-0.23411,0.00674,0.13537,Nothing,seated
4.05461,27,-0.699346,-0.306563,-9.77168,0.0,0.0,0.0,0.0,0.0,0.0,0.0,5.27344,-0.234111,0.00674,0.13537,Nothing,seated
4.20478,28,-0.708926,-0.277822,-9.72378,0.0,0.0,0.0,0.0,0.0,0.0,0.0,5.27344,-0.234111,0.00674,0.13537,Nothing,seated
4.35495,29,-0.699346,-0.306563,-9.77168,0.0,0.0,0.0,0.0,0.0,0.0,0.0,5.27344,0.0,0.00674,0.13537,Nothing,seated
4.50506,30,-0.680186,-0.268242,-9.74294,0.0,0.0,0.0,0.0,0.0,0.0,0.0,5.27344,0.0,0.00674,0.13537,Nothing,seated
4.65523,31,-0.728086,-0.277822,-9.74294,0.0,0.0,0.0,0.0,0.0,0.0,0.0,5.27344,0.0,0.00674,0.13537,Nothing,seated
4.8054,32,-0.747246,-0.306563,-9.74294,0.0,0.0,0.0,0.0,0.0,0.0,0.0,5.27344,0.0,0.00674,0.13537,Nothing,seated
4.95557,33,-0.775986,-0.268242,-9.74294,0.0,0.0,0.0,0.0,0.0,0.0,0.0,5.27344,0.0,0.00674,0.13537,Nothing,seated
5.10574,34,-0.728086,-0.277822,-9.74294,0.0,0.0,0.0,0.0,0.0,0.0,0.0,5.27344,0.0,0.00674,0.13537,Nothing,seated
5.25591,35,-0.728086,-0.277822,-9.79084,0.0,0.0,0.0,0.0,0.0,0.0,0.0,5.27344,0.0,0.00674,0.13537,Nothing,seated
5.40608,36,-0.708926,-0.287402,-9.7621,0.0,0.0,0.0,0.0,0.0,0.0,0.0,5.09766,-0.23411,0.00674,0.13537,IncreaseQuarterPeriod,seated
5.55623,37,-0.737666,-0.287402,-9.73336,0.0,0.0,0.0,0.0,0.0,0.0,0.0,5.09766,-0.234115,0.00674,0.13537,IncreaseQuarterPeriod,seated
5.70639,38,-0.728086,-0.296982,-9.70462,0.0,0.0,0.0,0.0,0.0,0.0,0.0,5.09766,-0.234118,0.00674,0.13537,IncreaseQuarterPeriod,seated
5.85655,39,-0.718506,-0.287402,-9.74294,0.0,0.0,0.0,0.0,0.0,0.0,0.0,5.09766,-0.234122,0.00674,0.13537,IncreaseQuarterPeriod,seated
6.0067,40,-0.728086,-0.268242,-9.77168,0.0,0.0,0.0,0.0,0.0,0.0,0.0,5.09766,-0.234126,0.00674,0.13537,IncreaseQuarterPeriod,seated
6.15686,41,-1.53281,-0.296982,-9.67588,0.0,0.0,0.0,0.0,0.0,0.0,0.0,4.74609,-0.468262,0.00674,0.13537,IncreaseQuarterPeriod,seated
6.30701,42,-1.48491,-0.239502,-9.60882,0.0,0.0,0.0,0.0,0.0,0.0,0.0,4.04297,-1.40478,0.00674,0.13537,IncreaseQuarterPeriod,seated
6.45717,43,-1.53281,-0.268242,-9.6663,0.0,0.0,0.0,0.0,0.0,0.0,0.0,2.8125,-3.04373,0.00674,0.13537,IncreaseQuarterPeriod,seated
6.60732,44,-1.49449,-0.287402,-9.67588,0.0,0.0,0.0,0.0,0.0,0.0,0.0,1.23047,-5.15092,0.00674,0.13537,IncreaseQuarterPeriod,seated
6.75748,45,-1.50407,-0.277822,-9.73336,0.0,0.0,0.0,0.0,0.0,0.0,0.0,-0.351562,-7.25813,0.00674,0.13537,IncreaseQuarterPeriod,seated
6.90765,46,-1.47533,-0.306563,-9.60882,0.0,0.0,0.0,0.0,0.0,0.0,0.0,-1.93359,-8.89683,0.00674,0.13537,IncreaseQuarterPeriod,seated
7.05781,47,-1.45617,-0.325723,-9.68546,0.0,0.0,0.0,0.0,0.0,0.0,0.0,-3.16406,-9.59921,0.00674,0.13537,IncreaseQuarterPeriod,seated
7.20796,48,-1.51365,-0.268242,-9.64714,0.0,0.0,0.0,0.0,0.0,0.0,0.0,-3.86719,-8.89679,0.00674,0.13537,IncreaseQuarterPeriod,seated
7.35805,49,-1.45617,-0.249082,-9.6184,0.0,0.0,0.0,0.0,0.0,0.0,0.0,-4.04297,-7.02444,0.00674,0.13537,IncreaseQuarterPeriod,seated
7.5082,50,-1.51365,-0.287402,-9.6663,0.0,0.0,0.0,0.0,0.0,0.0,0.0,-3.51562,-4.21468,0.00674,0.13537,IncreaseQuarterPeriod,seated
7.65836,51,-1.51365,-0.249082,-9.68546,0.0,0.0,0.0,0.0,0.0,0.0,0.0,-2.46094,-0.702464,0.00674,0.13537,IncreaseQuarterPeriod,seated
7.80852,52,-1.51365,-0.325723,-9.7142,0.0,0.0,0.0,0.0,0.0,0.0,0.0,-1.05469,2.80984,0.00674,0.13537,IncreaseQuarterPeriod,seated
7.95867,53,-1.52323,-0.287402,-9.7142,0.0,0.0,0.0,0.0,0.0,0.0,0.0,0.527344,5.85382,0.00674,0.13537,IncreaseQuarterPeriod,seated
8.10884,54,-1.51365,-0.296982,-9.63756,0.0,0.0,0.0,0.0,0.0,0.0,0.0,2.10938,8.19445,0.00674,0.13537,IncreaseQuarterPeriod,seated
8.259,55,-1.50407,-0.277822,-9.67588,0.0,0.0,0.0,0.0,0.0,0.0,0.0,3.51562,9.36504,0.00674,0.13537,IncreaseQuarterPeriod,seated
8.40915,56,-1.53281,-0.287402,-9.63756,0.0,0.0,0.0,0.0,0.0,0.0,0.0,4.57031,9.36508,0.00674,0.13537,IncreaseQuarterPeriod,seated
8.55924,57,0.105381,-0.0862207,-8.93821,0.0,0.0,0.0,0.0,0.0,0.0,0.0,4.92188,7.96108,0.0188,0.1476,IncreaseQuarterPeriod,extended
8.7094,58,-5.74805,-0.220342,-8.89031,0.0,0.0,0.0,0.0,0.0,0.0,0.0,4.57031,5.38538,0.0188,0.1476,IncreaseQuarterPeriod,extended
8.85956,59,-7.67364,0.450264,-7.29044,0.0,0.0,0.0,0.0,0.0,0.0,0.0,3.86719,2.34152,0.0188,0.1476,IncreaseQuarterPeriod,extended
9.00971,60,-7.0222,-0.479004,-8.01853,0.0,0.0,0.0,0.0,0.0,0.0,0.0,2.46094,-1.40492,0.0188,0.1476,IncreaseQuarterPeriod,extended
9.15986,61,-6.26537,-0.277822,-7.39582,0.0,0.0,0.0,0.0,0.0,0.0,0.0,0.878906,-4.91721,0.0188,0.1476,IncreaseQuarterPeriod,extended
9.31001,62,-5.95881,-0.105381,-7.32876,0.0,0.0,0.0,0.0,0.0,0.0,0.0,-0.703125,-7.49227,0.0188,0.1476,IncreaseQuarterPeriod,extended
9.46007,63,-6.20789,-0.258662,-7.51078,0.0,0.0,0.0,0.0,0.0,0.0,0.0,-2.28516,-9.13258,0.0188,0.1476,IncreaseQuarterPeriod,extended
9.61022,64,-6.01629,-0.124541,-7.41498,0.0,0.0,0.0,0.0,0.0,0.0,0.0,-3.51562,-9.83507,0.0188,0.1476,IncreaseQuarterPeriod,extended
9.76038,65,-6.05461,-0.201182,-7.46288,0.0,0.0,0.0,0.0,0.0,0.0,0.0,-4.21875,-8.89826,0.0188,0.1476,IncreaseQuarterPeriod,extended
9.91046,66,-6.36117,0.00958008,-7.5491,0.0,0.0,0.0,0.0,0.0,0.0,0.0,-4.39453,-7.02571,0.00674,0.13537,IncreaseQuarterPeriod,seated
10.0606,67,-6.40907,0.325723,-8.15265,0.0,0.0,0.0,0.0,0.0,0.0,0.0,-3.69141,-3.98119,0.00674,0.13537,IncreaseQuarterPeriod,seated
10.2108,68,3.19017,-0.191602,-9.16813,0.0,0.0,0.0,0.0,0.0,0.0,0.0,-2.63672,-0.468308,0.00674,0.13537,IncreaseQuarterPeriod,seated
10.3609,69,-2.01182,-0.296982,-10.0112,0.0,0.0,0.0,0.0,0.0,0.0,0.0,-1.23047,3.04397,0.00674,0.13537,IncreaseQuarterPeriod,seated
10.5111,70,-1.21667,-0.296982,-9.58966,0.0,0.0,0.0,0.0,0.0,0.0,0.0,0.703125,6.55636,0.00674,0.13537,IncreaseQuarterPeriod,seated
10.6613,71,-1.43701,-0.364043,-9.60882,0.0,0.0,0.0,0.0,0.0,0.0,0.0,2.28516,8.89679,0.00674,0.13537,IncreaseQuarterPeriod,seated
10.8114,72,-1.60945,-0.210762,-9.70462,0.0,0.0,0.0,0.0,0.0,0.0,0.0,3.69141,9.83333,0.00674,0.13537,IncreaseQuarterPeriod,seated
10.9615,73,-0.507744,0.0862207,-9.58008,0.0,0.0,0.0,0.0,0.0,0.0,0.0,4.74609,9.83454,0.0188,0.1476,IncreaseQuarterPeriod,extended
11.1116,74,-6.11209,-0.210762,-8.52627,0.0,0.0,0.0,0.0,0.0,0.0,0.0,4.74609,7.96129,0.0188,0.1476,IncreaseQuarterPeriod,extended
11.2618,75,-6.56235,-0.239502,-7.63532,0.0,0.0,0.0,0.0,0.0,0.0,0.0,4.74609,5.38556,0.0188,0.1476,IncreaseQuarterPeriod,extended
11.4119,76,-6.26537,-0.574805,-7.55868,0.0,0.0,0.0,0.0,0.0,0.0,0.0,3.86719,2.10743,0.0188,0.1476,IncreaseQuarterPeriod,extended
11.5621,77,-6.09293,-0.210762,-7.46288,0.0,0.0,0.0,0.0,0.0,0.0,0.0,2.46094,-1.63922,0.0188,0.1476,IncreaseQuarterPeriod,extended
11.7122,78,-6.18873,-0.105381,-7.5491,0.0,0.0,0.0,0.0,0.0,0.0,0.0,0.878906,-5.15124,0.0188,0.1476,IncreaseQuarterPeriod,extended
11.8624,79,-6.33243,-0.182021,-7.58742,0.0,0.0,0.0,0.0,0.0,0.0,0.0,-0.878906,-7.49282,0.0188,0.1476,IncreaseQuarterPeriod,extended
12.0125,80,-5.93965,-0.143701,-7.34792,0.0,0.0,0.0,0.0,0.0,0.0,0.0,-2.46094,-9.60005,0.0188,0.1476,IncreaseQuarterPeriod,extended
12.1627,81,-6.09293,-0.229922,-7.42456,0.0,0.0,0.0,0.0,0.0,0.0,0.0,-3.69141,-10.0683,0.0188,0.1476,IncreaseQuarterPeriod,extended
12.3128,82,-6.20789,-0.191602,-7.58742,0.0,0.0,0.0,0.0,0.0,0.0,0.0,-4.39453,-9.13116,0.0188,0.1476,IncreaseQuarterPeriod,extended
12.4629,83,-6.7348,-0.114961,-7.51078,0.0,0.0,0.0,0.0,0.0,0.0,0.0,-4.57031,-7.25882,0.00674,0.13537,IncreaseQuarterPeriod,seated
12.6131,84,-8.81367,0.287402,-9.30226,0.0,0.0,0.0,0.0,0.0,0.0,0.0,-3.86719,-3.98068,0.00674,0.13537,IncreaseQuarterPeriod,seated
12.7632,85,0.967588,-0.689766,-9.15856,0.0,0.0,0.0,0.0,0.0,0.0,0.0,-2.8125,-0.468318,0.00674,0.13537,IncreaseQuarterPeriod,seated
12.9134,86,-2.0214,-0.661025,-9.84832,0.0,0.0,0.0,0.0,0.0,0.0,0.0,-1.23047,3.2782,0.00674,0.13537,IncreaseQuarterPeriod,seated
13.0635,87,-1.32205,-0.421523,-9.49386,0.0,0.0,0.0,0.0,0.0,0.0,0.0,0.703125,6.79057,0.00674,0.13537,IncreaseQuarterPeriod,seated
13.2137,88,-1.42743,-0.182021,-9.74294,0.0,0.0,0.0,0.0,0.0,0.0,0.0,2.28516,9.13107,0.00674,0.13537,IncreaseQuarterPeriod,seated
13.3638,89,-1.60945,-0.296982,-9.6663,0.0,0.0,0.0,0.0,0.0,0.0,0.0,3.86719,10.3016,0.00674,0.13537,IncreaseQuarterPeriod,seated
13.5139,90,-1.47533,-0.440684,-8.81367,0.0,0.0,0.0,0.0,0.0,0.0,0.0,4.92188,10.3027,0.0188,0.1476,IncreaseQuarterPeriod,extended
13.6641,91,-3.0273,-0.507744,-7.9323,0.0,0.0,0.0,0.0,0.0,0.0,0.0,5.09766,8.42982,0.0188,0.1476,IncreaseQuarterPeriod,extended
13.8142,92,-8.03769,0.498164,-7.86524,0.0,0.0,0.0,0.0,0.0,0.0,0.0,4.92188,5.61986,0.0188,0.1476,IncreaseQuarterPeriod,extended
13.9644,93,-6.17915,-0.143701,-7.34792,0.0,0.0,0.0,0.0,0.0,0.0,0.0,4.04297,2.34164,0.0188,0.1476,IncreaseQuarterPeriod,extended
14.1145,94,-6.28453,-0.105381,-7.75028,0.0,0.0,0.0,0.0,0.0,0.0,0.0,2.46094,-1.87331,0.0188,0.1476,IncreaseQuarterPeriod,extended
14.2647,95,-6.09293,-0.0383203,-7.33834,0.0,0.0,0.0,0.0,0.0,0.0,0.0,0.878906,-5.38522,0.0188,0.1476,IncreaseQuarterPeriod,extended
14.4148,96,-6.15041,-0.105381,-7.44372,0.0,0.0,0.0,0.0,0.0,0.0,0.0,-1.05469,-8.19456,0.0188,0.1476,IncreaseQuarterPeriod,extended
14.565,97,-6.09293,-0.172441,-7.43414,0.0,0.0,0.0,0.0,0.0,0.0,0.0,-2.63672,-10.0675,0.0188,0.1476,IncreaseQuarterPeriod,extended
14.7152,98,-6.17915,-0.182021,-7.4054,0.0,0.0,0.0,0.0,0.0,0.0,0.0,-3.86719,-10.5357,0.0188,0.1476,IncreaseQuarterPeriod,extended
14.8653,99,-6.11209,-0.143701,-7.46288,0.0,0.0,0.0,0.0,0.0,0.0,0.0,-4.57031,-9.36507,0.0188,0.1476,IncreaseQuarterPeriod,extended
15.0154,100,-6.63899,-0.0670606,-7.86524,0.0,0.0,0.0,0.0,0.0,0.0,0.0,-4.74609,-7.4929,0.00674,0.13537,IncreaseQuarterPeriod,seated
15.1655,101,-5.75763,-0.258662,-8.03769,0.0,0.0,0.0,0.0,0.0,0.0,0.0,-4.04297,-3.98061,0.00674,0.13537,IncreaseQuarterPeriod,seated
15.3157,102,-0.402363,-0.0383203,-10.3177,0.0,0.0,0.0,0.0,0.0,0.0,0.0,-2.8125,-0.234157,0.00674,0.13537,IncreaseQuarterPeriod,seated
15.4659,103,-1.96392,-0.124541,-10.1549,0.0,0.0,0.0,0.0,0.0,0.0,0.0,-1.23047,3.51237,0.00674,0.13537,IncreaseQuarterPeriod,seated
15.616,104,-2.01182,-0.431104,-9.84832,0.0,0.0,0.0,0.0,0.0,0.0,0.0,0.703125,7.02474,0.00674,0.13537,IncreaseQuarterPeriod,seated
15.7661,105,-1.40827,-0.296982,-9.4747,0.0,0.0,0.0,0.0,0.0,0.0,0.0,2.46094,9.60073,0.00674,0.13537,IncreaseQuarterPeriod,seated
15.9162,106,-1.69567,-0.258662,-9.70462,0.0,0.0,0.0,0.0,0.0,0.0,0.0,4.04297,10.7715,0.00674,0.13537,IncreaseQuarterPeriod,seated
16.0663,107,-1.81063,-1.11129,-8.59333,0.0,0.0,0.0,0.0,0.0,0.0,0.0,5.09766,10.5384,0.0188,0.1476,IncreaseQuarterPeriod,extended
16.2165,108,-7.70238,0.201182,-7.13716,0.0,0.0,0.0,0.0,0.0,0.0,0.0,5.27344,8.66493,0.0188,0.1476,IncreaseQuarterPeriod,extended
16.3666,109,-6.10251,0.0670606,-8.55501,0.0,0.0,0.0,0.0,0.0,0.0,0.0,5.09766,5.85472,0.0188,0.1476,IncreaseQuarterPeriod,extended
16.5168,110,-5.67141,-0.670605,-7.82692,0.0,0.0,0.0,0.0,0.0,0.0,0.0,4.04297,2.10743,0.0188,0.1476,IncreaseQuarterPeriod,extended
16.6669,111,-6.14083,-0.392783,-7.32876,0.0,0.0,0.0,0.0,0.0,0.0,0.0,2.28516,-2.3416,0.0188,0.1476,IncreaseQuarterPeriod,extended
16.817,112,-6.19831,-0.0862207,-7.51078,0.0,0.0,0.0,0.0,0.0,0.0,0.0,0.878906,-5.61942,0.0188,0.1476,IncreaseQuarterPeriod,extended
16.9672,113,-6.04503,-0.296982,-7.41498,0.0,0.0,0.0,0.0,0.0,0.0,0.0,-1.05469,-8.42908,0.0188,0.1476,IncreaseQuarterPeriod,extended
17.1174,114,-6.14083,-0.239502,-7.52036,0.0,0.0,0.0,0.0,0.0,0.0,0.0,-2.8125,-10.5361,0.0188,0.1476,IncreaseQuarterPeriod,extended
17.2675,115,-6.01629,-0.182021,-7.5491,0.0,0.0,0.0,0.0,0.0,0.0,0.0,-4.04297,-10.7701,0.0188,0.1476,IncreaseQuarterPeriod,extended
17.4177,116,-6.15041,-0.105381,-7.49162,0.0,0.0,0.0,0.0,0.0,0.0,0.0,-4.92188,-9.59948,0.0188,0.1476,IncreaseQuarterPeriod,extended
17.595,117,-6.46655,-0.00958008,-7.05094,0.0,0.0,0.0,0.0,0.0,0.0,0.0,-4.92188,-7.45628,0.00674,0.13537,IncreaseQuarterPeriod,seated
17.7452,118,-5.17324,0.0766406,-7.24254,0.0,0.0,0.0,0.0,0.0,0.0,0.0,-4.04297,-3.84111,0.00674,0.13537,IncreaseQuarterPeriod,seated
17.8953,119,1.59987,-0.105381,-9.55134,0.0,0.0,0.0,0.0,0.0,0.0,0.0,-2.46094,0.451907,0.00674,0.13537,IncreaseQuarterPeriod,seated
18.0455,120,-2.08846,0.114961,-10.3082,0.0,0.0,0.0,0.0,0.0,0.0,0.0,-1.05469,3.84121,0.00674,0.13537,IncreaseQuarterPeriod,seated
18.1956,121,-1.36037,-0.479004,-10.2411,0.0,0.0,0.0,0.0,0.0,0.0,0.0,1.23047,7.90837,0.00674,0.13537,IncreaseQuarterPeriod,seated
18.3458,122,-1.44659,-0.172441,-9.45554,0.0,0.0,0.0,0.0,0.0,0.0,0.0,2.98828,10.5359,0.00674,0.13537,IncreaseQuarterPeriod,seated
18.496,123,-1.71483,-0.220342,-9.7142,0.0,0.0,0.0,0.0,0.0,0.0,0.0,4.39453,11.2383,0.00674,0.13537,IncreaseQuarterPeriod,seated
18.6461,124,-1.53281,-0.191602,-9.64714,0.0,0.0,0.0,0.0,0.0,0.0,0.0,5.44922,10.5358,0.00674,0.13537,IncreaseQuarterPeriod,seated
18.7962,125,0.201182,-0.431104,-9.4747,0.0,0.0,0.0,0.0,0.0,0.0,0.0,5.625,8.89782,0.0188,0.1476,IncreaseQuarterPeriod,extended
18.9464,126,-4.63676,-0.603545,-8.00895,0.0,0.0,0.0,0.0,0.0,0.0,0.0,4.92188,4.91722,0.0188,0.1476,IncreaseQuarterPeriod,extended
19.0965,127,-6.47613,-0.411943,-7.77902,0.0,0.0,0.0,0.0,0.0,0.0,0.0,4.04297,1.40497,0.0188,0.1476,IncreaseQuarterPeriod,extended
19.2466,128,-5.83427,-0.526904,-7.57784,0.0,0.0,0.0,0.0,0.0,0.0,0.0,2.46094,-2.5758,0.0188,0.1476,IncreaseQuarterPeriod,extended
19.3968,129,-6.34201,-0.296982,-7.70238,0.0,0.0,0.0,0.0,0.0,0.0,0.0,0.351562,-6.79077,0.0188,0.1476,IncreaseQuarterPeriod,extended
19.5469,130,-6.05461,-0.143701,-7.41498,0.0,0.0,0.0,0.0,0.0,0.0,0.0,-1.40625,-9.36567,0.0188,0.1476,IncreaseQuarterPeriod,extended
19.6971,131,-5.99713,-0.220342,-7.32876,0.0,0.0,0.0,0.0,0.0,0.0,0.0,-3.16406,-10.771,0.0188,0.1476,IncreaseQuarterPeriod,extended
19.8472,132,-6.16957,-0.287402,-7.55868,0.0,0.0,0.0,0.0,0.0,0.0,0.0,-4.39453,-11.2389,0.0188,0.1476,IncreaseQuarterPeriod,extended
19.9974,133,-6.19831,-0.162861,-7.5012,0.0,0.0,0.0,0.0,0.0,0.0,0.0,-5.09766,-10.0682,0.0188,0.1476,IncreaseQuarterPeriod,extended
20.1474,134,-7.31918,-0.124541,-7.97063,0.0,0.0,0.0,0.0,0.0,0.0,0.0,-4.74609,-6.79091,0.00674,0.13537,IncreaseQuarterPeriod,seated
20.2975,135,-5.44148,-0.0670606,-8.58375,0.0,0.0,0.0,0.0,0.0,0.0,0.0,-3.69141,-3.04442,0.00674,0.13537,IncreaseQuarterPeriod,seated
20.4477,136,3.13269,-0.431104,-10.0878,0.0,0.0,0.0,0.0,0.0,0.0,0.0,-2.46094,0.936756,0.00674,0.13537,IncreaseQuarterPeriod,seated
20.5978,137,-1.20709,-0.622705,-9.93454,0.0,0.0,0.0,0.0,0.0,0.0,0.0,-1.05469,4.44976,0.00674,0.13537,IncreaseQuarterPeriod,seated
20.7479,138,-1.43701,-0.277822,-9.49386,0.0,0.0,0.0,0.0,0.0,0.0,0.0,1.23047,8.43109,0.00674,0.13537,IncreaseQuarterPeriod,seated
20.8981,139,-1.69567,-0.296982,-9.74294,0.0,0.0,0.0,0.0,0.0,0.0,0.0,2.98828,10.3041,0.00674,0.13537,IncreaseQuarterPeriod,seated
21.0482,140,-1.56155,-0.182021,-9.49386,0.0,0.0,0.0,0.0,0.0,0.0,0.0,4.57031,11.0058,0.00674,0.13537,IncreaseQuarterPeriod,seated
21.1984,141,-1.49449,-0.249082,-9.56092,0.0,0.0,0.0,0.0,0.0,0.0,0.0,5.625,10.771,0.00674,0.13537,IncreaseQuarterPeriod,seated
21.3484,142,0.373623,0.143701,-8.67955,0.0,0.0,0.0,0.0,0.0,0.0,0.0,5.80078,9.13264,0.0188,0.1476,IncreaseQuarterPeriod,extended
21.4986,143,-5.0487,-1.52323,-8.27719,0.0,0.0,0.0,0.0,0.0,0.0,0.0,5.27344,5.38595,0.0188,0.1476,IncreaseQuarterPeriod,extended
21.6488,144,-7.76944,0.00958008,-7.71196,0.0,0.0,0.0,0.0,0.0,0.0,0.0,4.21875,1.63911,0.0188,0.1476,IncreaseQuarterPeriod,extended
21.7989,145,-6.35159,-0.153281,-7.65448,0.0,0.0,0.0,0.0,0.0,0.0,0.0,2.46094,-2.8099,0.0188,0.1476,IncreaseQuarterPeriod,extended
21.9491,146,-6.17915,-0.0766406,-7.5491,0.0,0.0,0.0,0.0,0.0,0.0,0.0,0.175781,-7.25906,0.0188,0.1476,IncreaseQuarterPeriod,extended
22.0992,147,-6.19831,0.00958008,-7.55868,0.0,0.0,0.0,0.0,0.0,0.0,0.0,-1.58203,-9.83403,0.0188,0.1476,IncreaseQuarterPeriod,extended
22.2494,148,-6.18873,-0.172441,-7.52994,0.0,0.0,0.0,0.0,0.0,0.0,0.0,-3.33984,-11.4729,0.0188,0.1476,IncreaseQuarterPeriod,extended
22.3995,149,-6.28453,-0.249082,-7.4054,0.0,0.0,0.0,0.0,0.0,0.0,0.0,-4.57031,-11.707,0.0188,0.1476,IncreaseQuarterPeriod,extended
22.5713,150,-5.93965,-0.153281,-7.13716,0.0,0.0,0.0,0.0,0.0,0.0,0.0,-5.27344,-10.014,0.00674,0.13537,IncreaseQuarterPeriod,seated
22.7214,151,-7.08926,-0.622705,-8.27719,0.0,0.0,0.0,0.0,0.0,0.0,0.0,-5.09766,-6.82754,0.00674,0.13537,IncreaseQuarterPeriod,seated
22.8716,152,-3.73623,-0.287402,-12.7894,0.0,0.0,0.0,0.0,0.0,0.0,0.0,-4.04297,-3.18612,0.00674,0.13537,IncreaseQuarterPeriod,seated
23.0217,153,-1.32205,-0.258662,-10.1261,0.0,0.0,0.0,0.0,0.0,0.0,0.0,-2.46094,1.13791,0.00674,0.13537,IncreaseQuarterPeriod,seated
23.1719,154,-1.49449,-0.0862207,-9.7621,0.0,0.0,0.0,0.0,0.0,0.0,0.0,-0.527344,5.23453,0.00674,0.13537,IncreaseQuarterPeriod,seated
23.322,155,-1.55197,-0.392783,-9.86748,0.0,0.0,0.0,0.0,0.0,0.0,0.0,1.40625,8.89721,0.00674,0.13537,IncreaseQuarterPeriod,seated
23.4722,156,-1.41785,-0.201182,-9.4747,0.0,0.0,0.0,0.0,0.0,0.0,0.0,3.33984,11.2385,0.00674,0.13537,IncreaseQuarterPeriod,seated
23.6224,157,-1.59987,-0.201182,-9.39806,0.0,0.0,0.0,0.0,0.0,0.0,0.0,4.92188,11.9409,0.00674,0.13537,IncreaseQuarterPeriod,seated
23.7725,158,-1.54239,-0.201182,-9.77168,0.0,0.0,0.0,0.0,0.0,0.0,0.0,5.80078,11.0043,0.00674,0.13537,IncreaseQuarterPeriod,seated
23.9226,159,0.402363,-0.249082,-8.59333,0.0,0.0,0.0,0.0,0.0,0.0,0.0,5.97656,8.66368,0.0188,0.1476,IncreaseQuarterPeriod,extended
24.0727,160,-4.27272,-0.392783,-8.82325,0.0,0.0,0.0,0.0,0.0,0.0,0.0,5.27344,5.1514,0.0188,0.1476,IncreaseQuarterPeriod,extended
24.2229,161,-7.8844,-0.153281,-8.26761,0.0,0.0,0.0,0.0,0.0,0.0,0.0,4.04297,0.936632,0.0188,0.1476,IncreaseQuarterPeriod,extended
24.3731,162,-6.24621,-0.210762,-7.6449,0.0,0.0,0.0,0.0,0.0,0.0,0.0,2.28516,-3.51236,0.0188,0.1476,IncreaseQuarterPeriod,extended
24.5232,163,-6.29411,-0.172441,-7.65448,0.0,0.0,0.0,0.0,0.0,0.0,0.0,0.0,-7.72723,0.0188,0.1476,IncreaseQuarterPeriod,extended
24.6734,164,-6.17915,-0.0766406,-7.72154,0.0,0.0,0.0,0.0,0.0,0.0,0.0,-2.10938,-10.7701,0.0188,0.1476,IncreaseQuarterPeriod,extended
24.8235,165,-6.32285,-0.306563,-7.3575,0.0,0.0,0.0,0.0,0.0,0.0,0.0,-3.69141,-11.9408,0.0188,0.1476,IncreaseQuarterPeriod,extended
24.9737,166,-6.03545,-0.191602,-7.4054,0.0,0.0,0.0,0.0,0.0,0.0,0.0,-4.92188,-11.9408,0.0188,0.1476,IncreaseQuarterPeriod,extended
25.1237,167,-6.20789,-0.172441,-7.10842,0.0,0.0,0.0,0.0,0.0,0.0,0.0,-5.44922,-10.3031,0.00674,0.13537,IncreaseQuarterPeriod,seated
25.2739,168,-7.86524,0.191602,-8.54543,0.0,0.0,0.0,0.0,0.0,0.0,0.0,-5.09766,-6.79069,0.00674,0.13537,IncreaseQuarterPeriod,seated
25.424,169,-1.90644,-0.0383203,-8.39215,0.0,0.0,0.0,0.0,0.0,0.0,0.0,-4.21875,-2.80993,0.00674,0.13537,IncreaseQuarterPeriod,seated
25.5742,170,-1.60945,-0.296982,-9.84832,0.0,0.0,0.0,0.0,0.0,0.0,0.0,-2.63672,1.40495,0.00674,0.13537,IncreaseQuarterPeriod,seated
25.7243,171,-1.59987,-0.258662,-9.39806,0.0,0.0,0.0,0.0,0.0,0.0,0.0,-0.527344,5.85403,0.00674,0.13537,IncreaseQuarterPeriod,seated
25.8745,172,-1.47533,-0.335303,-9.74294,0.0,0.0,0.0,0.0,0.0,0.0,0.0,1.58203,9.3654,0.00674,0.13537,IncreaseQuarterPeriod,seated
26.0247,173,-1.61903,-0.229922,-9.58966,0.0,0.0,0.0,0.0,0.0,0.0,0.0,3.51562,11.4724,0.00674,0.13537,IncreaseQuarterPeriod,seated
26.1748,174,-1.53281,-0.229922,-9.58966,0.0,0.0,0.0,0.0,0.0,0.0,0.0,5.09766,12.4091,0.00674,0.13537,IncreaseQuarterPeriod,seated
26.325,175,-1.51365,-0.268242,-9.74294,0.0,0.0,0.0,0.0,0.0,0.0,0.0,5.97656,11.4725,0.00674,0.13537,IncreaseQuarterPeriod,seated
26.475,176,-1.55197,-0.306563,-9.84832,0.0,0.0,0.0,0.0,0.0,0.0,0.0,6.15234,8.89794,0.0188,0.1476,IncreaseQuarterPeriod,extended
26.6252,177,-2.70158,-0.565225,-8.27719,0.0,0.0,0.0,0.0,0.0,0.0,0.0,5.44922,5.15146,0.0188,0.1476,IncreaseQuarterPeriod,extended
26.7754,178,-6.86892,-0.411943,-7.61616,0.0,0.0,0.0,0.0,0.0,0.0,0.0,4.04297,0.702482,0.0188,0.1476,IncreaseQuarterPeriod,extended
26.9255,179,-6.58151,-0.191602,-7.44372,0.0,0.0,0.0,0.0,0.0,0.0,0.0,2.28516,-3.74655,0.0188,0.1476,IncreaseQuarterPeriod,extended
27.0757,180,-6.07377,0.0670606,-7.5012,0.0,0.0,0.0,0.0,0.0,0.0,0.0,0.0,-7.96147,0.0188,0.1476,IncreaseQuarterPeriod,extended
27.2258,181,-5.96839,-0.201182,-7.55868,0.0,0.0,0.0,0.0,0.0,0.0,0.0,-1.93359,-10.7703,0.0188,0.1476,IncreaseQuarterPeriod,extended
27.376,182,-6.22705,-0.258662,-7.52994,0.0,0.0,0.0,0.0,0.0,0.0,0.0,-3.86719,-12.4091,0.0188,0.1476,IncreaseQuarterPeriod,extended
27.5261,183,-5.97797,-0.134121,-7.32876,0.0,0.0,0.0,0.0,0.0,0.0,0.0,-5.09766,-12.1762,0.0188,0.1476,IncreaseQuarterPeriod,extended
27.6761,184,-5.89175,-0.229922,-7.3575,0.0,0.0,0.0,0.0,0.0,0.0,0.0,-5.625,-10.5382,0.00674,0.13537,IncreaseQuarterPeriod,seated
27.8263,185,-4.67508,-0.0479004,-9.62798,0.0,0.0,0.0,0.0,0.0,0.0,0.0,-5.27344,-7.02539,0.00674,0.13537,IncreaseQuarterPeriod,seated
27.9764,186,0.162861,0.421523,-10.471,0.0,0.0,0.0,0.0,0.0,0.0,0.0,-4.39453,-3.27846,0.00674,0.13537,IncreaseQuarterPeriod,seated
28.1266,187,-2.12678,-0.239502,-10.1549,0.0,0.0,0.0,0.0,0.0,0.0,0.0,-2.8125,1.40507,0.00674,0.13537,IncreaseQuarterPeriod,seated
28.2767,188,-1.37953,-0.239502,-9.4268,0.0,0.0,0.0,0.0,0.0,0.0,0.0,-0.527344,6.08813,0.00674,0.13537,IncreaseQuarterPeriod,seated
28.4269,189,-1.53281,-0.354463,-9.9058,0.0,0.0,0.0,0.0,0.0,0.0,0.0,1.58203,9.59941,0.00674,0.13537,IncreaseQuarterPeriod,seated
28.5771,190,-1.62861,-0.220342,-9.63756,0.0,0.0,0.0,0.0,0.0,0.0,0.0,3.69141,11.9407,0.00674,0.13537,IncreaseQuarterPeriod,seated
28.7272,191,-1.61903,-0.287402,-9.5705,0.0,0.0,0.0,0.0,0.0,0.0,0.0,5.27344,12.8772,0.00674,0.13537,IncreaseQuarterPeriod,seated
28.8774,192,-1.39869,-0.249082,-9.7621,0.0,0.0,0.0,0.0,0.0,0.0,0.0,6.15234,11.9408,0.00674,0.13537,IncreaseQuarterPeriod,seated
29.0274,193,1.14961,0.143701,-9.38848,0.0,0.0,0.0,0.0,0.0,0.0,0.0,6.32812,9.13208,0.0188,0.1476,IncreaseQuarterPeriod,extended
29.1776,194,-3.95657,-0.910107,-8.09517,0.0,0.0,0.0,0.0,0.0,0.0,0.0,5.44922,5.15145,0.0188,0.1476,IncreaseQuarterPeriod,extended
29.3277,195,-7.75986,0.0766406,-7.29044,0.0,0.0,0.0,0.0,0.0,0.0,0.0,4.21875,0.702486,0.0188,0.1476,IncreaseQuarterPeriod,extended
29.4779,196,-6.76354,-0.546064,-7.60658,0.0,0.0,0.0,0.0,0.0,0.0,0.0,2.46094,-3.74662,0.0188,0.1476,IncreaseQuarterPeriod,extended
29.6281,197,-6.63899,0.0670606,-7.75028,0.0,0.0,0.0,0.0,0.0,0.0,0.0,0.0,-8.19566,0.0188,0.1476,IncreaseQuarterPeriod,extended
29.7782,198,-5.94923,-0.153281,-7.70238,0.0,0.0,0.0,0.0,0.0,0.0,0.0,-2.63672,-11.941,0.0188,0.1476,IncreaseQuarterPeriod,extended
29.9283,199,-6.30369,-0.287402,-7.62574,0.0,0.0,0.0,0.0,0.0,0.0,0.0,-3.86719,-12.4098,0.0188,0.1476,IncreaseQuarterPeriod,extended
30.0785,200,-6.29411,-0.182021,-7.49162,0.0,0.0,0.0,0.0,0.0,0.0,0.0,-5.27344,-12.6439,0.0188,0.1476,IncreaseQuarterPeriod,extended
30.2285,201,-5.41274,0.0479004,-6.99346,0.0,0.0,0.0,0.0,0.0,0.0,0.0,-5.80078,-11.0061,0.00674,0.13537,IncreaseQuarterPeriod,seated
30.3787,202,-4.48348,-0.105381,-7.66406,0.0,0.0,0.0,0.0,0.0,0.0,0.0,-5.44922,-7.25936,0.00674,0.13537,IncreaseQuarterPeriod,seated
30.5289,203,1.16877,0.143701,-10.5764,0.0,0.0,0.0,0.0,0.0,0.0,0.0,-4.39453,-2.34173,0.00674,0.13537,IncreaseQuarterPeriod,seated
30.679,204,-1.82021,-0.593965,-9.96328,0.0,0.0,0.0,0.0,0.0,0.0,0.0,-2.8125,1.40496,0.00674,0.13537,IncreaseQuarterPeriod,seated
30.8291,205,-1.52323,-0.325723,-9.50344,0.0,0.0,0.0,0.0,0.0,0.0,0.0,-0.527344,6.32327,0.00674,0.13537,IncreaseQuarterPeriod,seated
30.9792,206,-1.57113,-0.239502,-9.58008,0.0,0.0,0.0,0.0,0.0,0.0,0.0,1.75781,10.0693,0.00674,0.13537,IncreaseQuarterPeriod,seated
31.1294,207,-1.64777,-0.277822,-9.74294,0.0,0.0,0.0,0.0,0.0,0.0,0.0,4.04297,12.6451,0.00674,0.13537,IncreaseQuarterPeriod,seated
31.2795,208,-1.51365,-0.229922,-9.64714,0.0,0.0,0.0,0.0,0.0,0.0,0.0,5.44922,13.1139,0.00674,0.13537,IncreaseQuarterPeriod,seated
31.4296,209,-1.59029,-0.268242,-9.72378,0.0,0.0,0.0,0.0,0.0,0.0,0.0,6.32812,12.1772,0.00674,0.13537,IncreaseQuarterPeriod,seated
31.5797,210,-1.44659,0.0479004,-8.82325,0.0,0.0,0.0,0.0,0.0,0.0,0.0,6.50391,9.3667,0.0188,0.1476,IncreaseQuarterPeriod,extended
31.7299,211,-4.44516,-0.622705,-8.04727,0.0,0.0,0.0,0.0,0.0,0.0,0.0,5.625,5.15165,0.0188,0.1476,IncreaseQuarterPeriod,extended
31.88,212,-7.01262,0.172441,-7.44372,0.0,0.0,0.0,0.0,0.0,0.0,0.0,4.39453,0.468335,0.0188,0.1476,IncreaseQuarterPeriod,extended
32.03,213,-6.66773,-0.249082,-7.61616,0.0,0.0,0.0,0.0,0.0,0.0,0.0,2.46094,-3.98142,0.0188,0.1476,IncreaseQuarterPeriod,extended
32.1802,214,-6.35159,-0.0766406,-7.77902,0.0,0.0,0.0,0.0,0.0,0.0,0.0,0.0,-8.43127,0.0188,0.1476,IncreaseQuarterPeriod,extended
32.3304,215,-6.16957,-0.0479004,-7.4533,0.0,0.0,0.0,0.0,0.0,0.0,0.0,-2.10938,-11.4745,0.0188,0.1476,IncreaseQuarterPeriod,extended
32.4805,216,-6.15041,-0.191602,-7.4054,0.0,0.0,0.0,0.0,0.0,0.0,0.0,-4.04297,-12.8794,0.0188,0.1476,IncreaseQuarterPeriod,extended
32.6307,217,-5.98755,-0.220342,-7.42456,0.0,0.0,0.0,0.0,0.0,0.0,0.0,-5.44922,-13.1134,0.0188,0.1476,IncreaseQuarterPeriod,extended
32.7808,218,-6.06419,-0.249082,-6.93598,0.0,0.0,0.0,0.0,0.0,0.0,0.0,-5.97656,-11.2392,0.00674,0.13537,IncreaseQuarterPeriod,seated
32.9309,219,-5.10618,-0.296982,-7.6928,0.0,0.0,0.0,0.0,0.0,0.0,0.0,-5.80078,-7.72698,0.00674,0.13537,IncreaseQuarterPeriod,seated
33.0811,220,-0.325723,0.641865,-9.6184,0.0,0.0,0.0,0.0,0.0,0.0,0.0,-4.39453,-3.04409,0.00674,0.13537,IncreaseQuarterPeriod,seated
33.2312,221,-1.49449,-0.402363,-9.26394,0.0,0.0,0.0,0.0,0.0,0.0,0.0,-2.8125,1.63917,0.00674,0.13537,IncreaseQuarterPeriod,seated
33.3814,222,-1.99266,-0.162861,-9.2352,0.0,0.0,0.0,0.0,0.0,0.0,0.0,-0.527344,6.55668,0.00674,0.13537,IncreaseQuarterPeriod,seated
33.5315,223,-1.33163,-0.325723,-9.55134,0.0,0.0,0.0,0.0,0.0,0.0,0.0,1.75781,10.3023,0.00674,0.13537,IncreaseQuarterPeriod,seated
33.6817,224,-1.53281,-0.143701,-9.38848,0.0,0.0,0.0,0.0,0.0,0.0,0.0,4.04297,13.1118,0.00674,0.13537,IncreaseQuarterPeriod,seated
33.8318,225,-1.59987,-0.287402,-9.7621,0.0,0.0,0.0,0.0,0.0,0.0,0.0,5.625,13.3458,0.00674,0.13537,IncreaseQuarterPeriod,seated
33.982,226,-1.42743,-0.162861,-9.84832,0.0,0.0,0.0,0.0,0.0,0.0,0.0,6.50391,12.4092,0.00674,0.13537,IncreaseQuarterPeriod,seated
34.132,227,1.54239,-0.134121,-8.21971,0.0,0.0,0.0,0.0,0.0,0.0,0.0,6.67969,9.60063,0.0188,0.1476,IncreaseQuarterPeriod,extended
34.2822,228,-1.52323,-0.172441,-6.8785,0.0,0.0,0.0,0.0,0.0,0.0,0.0,5.80078,5.38568,0.0188,0.1476,IncreaseQuarterPeriod,extended
34.4324,229,-6.13125,0.162861,-8.09517,0.0,0.0,0.0,0.0,0.0,0.0,0.0,4.57031,0.702487,0.0188,0.1476,IncreaseQuarterPeriod,extended
34.5825,230,-5.95881,0.134121,-7.7886,0.0,0.0,0.0,0.0,0.0,0.0,0.0,-1.23047,-9.13203,0.0188,0.1476,IncreaseQuarterPeriod,extended
34.832,231,-6.16957,0.0,-7.3575,0.0,0.0,0.0,0.0,0.0,0.0,0.0,-1.58203,-9.51234,0.0188,0.1476,IncreaseQuarterPeriod,extended
34.9822,232,-6.36117,-0.402363,-7.597,0.0,0.0,0.0,0.0,0.0,0.0,0.0,-3.51562,-11.9926,0.0188,0.1476,IncreaseQuarterPeriod,extended
35.1323,233,-6.22705,-0.143701,-7.5491,0.0,0.0,0.0,0.0,0.0,0.0,0.0,-5.27344,-13.0265,0.0188,0.1476,IncreaseQuarterPeriod,extended
35.2825,234,-5.97797,-0.153281,-7.39582,0.0,0.0,0.0,0.0,0.0,0.0,0.0,-5.97656,-12.4062,0.0188,0.1476,IncreaseQuarterPeriod,extended
35.4326,235,-5.97797,-0.258662,-7.36708,0.0,0.0,0.0,0.0,0.0,0.0,0.0,-6.15234,-5.78956,0.0188,0.1476,IncreaseQuarterPeriod,extended
35.5828,236,-6.00671,-0.0958008,-7.36708,0.0,0.0,0.0,0.0,0.0,0.0,0.0,-5.27344,-4.91673,0.0188,0.1476,IncreaseQuarterPeriod,extended
35.733,237,-6.16957,-0.210762,-7.597,0.0,0.0,0.0,0.0,0.0,0.0,0.0,-3.69141,-0.234128,0.0188,0.1476,IncreaseQuarterPeriod,extended
35.8831,238,-6.16957,-0.258662,-7.53952,0.0,0.0,0.0,0.0,0.0,0.0,0.0,-1.58203,4.91664,0.0188,0.1476,IncreaseQuarterPeriod,extended
36.0333,239,-6.21747,-0.162861,-7.47246,0.0,0.0,0.0,0.0,0.0,0.0,0.0,0.703125,8.89683,0.0188,0.1476,IncreaseQuarterPeriod,extended
36.1835,240,-6.13125,-0.182021,-7.4533,0.0,0.0,0.0,0.0,0.0,0.0,0.0,2.98828,12.1744,0.0188,0.1476,IncreaseQuarterPeriod,extended
36.3336,241,-6.09293,-0.124541,-7.39582,0.0,0.0,0.0,0.0,0.0,0.0,0.0,4.92188,13.579,0.0188,0.1476,IncreaseQuarterPeriod,extended
36.4838,242,-6.11209,-0.124541,-7.32876,0.0,0.0,0.0,0.0,0.0,0.0,0.0,6.15234,13.1107,0.0188,0.1476,IncreaseQuarterPeriod,extended
36.6339,243,-6.06419,-0.229922,-7.3575,0.0,0.0,0.0,0.0,0.0,0.0,0.0,6.50391,10.7707,0.0188,0.1476,IncreaseQuarterPeriod,extended
36.784,244,-6.07377,-0.239502,-7.39582,0.0,0.0,0.0,0.0,0.0,0.0,0.0,6.15234,7.25841,0.0188,0.1476,IncreaseQuarterPeriod,extended
36.9341,245,-6.13125,-0.201182,-7.3575,0.0,0.0,0.0,0.0,0.0,0.0,0.0,4.92188,2.57605,0.0188,0.1476,IncreaseQuarterPeriod,extended
37.0842,246,-6.13125,-0.134121,-7.44372,0.0,0.0,0.0,0.0,0.0,0.0,0.0,2.98828,-2.57605,0.0188,0.1476,IncreaseQuarterPeriod,extended
37.2344,247,-6.18873,-0.143701,-7.5012,0.0,0.0,0.0,0.0,0.0,0.0,0.0,0.703125,-7.25986,0.0188,0.1476,IncreaseQuarterPeriod,extended
37.3845,248,-6.20789,-0.210762,-7.52036,0.0,0.0,0.0,0.0,0.0,0.0,0.0,-1.58203,-10.7714,0.0188,0.1476,IncreaseQuarterPeriod,extended
37.5347,249,-6.17915,-0.201182,-7.51078,0.0,0.0,0.0,0.0,0.0,0.0,0.0,-3.86719,-13.3471,0.0188,0.1476,IncreaseQuarterPeriod,extended
37.6849,250,-6.12167,-0.229922,-7.46288,0.0,0.0,0.0,0.0,0.0,0.0,0.0,-5.27344,-13.5793,0.0188,0.1476,IncreaseQuarterPeriod,extended
37.835,251,-6.11209,-0.162861,-7.42456,0.0,0.0,0.0,0.0,0.0,0.0,0.0,-5.97656,-11.9408,0.0188,0.1476,IncreaseQuarterPeriod,extended
37.9851,252,-5.63309,-0.182021,-6.94556,0.0,0.0,0.0,0.0,0.0,0.0,0.0,-5.97656,-8.89799,0.00674,0.13537,IncreaseQuarterPeriod,seated
38.1352,253,-6.63899,0.134121,-7.85566,0.0,0.0,0.0,0.0,0.0,0.0,0.0,-5.09766,-4.6832,0.00674,0.13537,IncreaseQuarterPeriod,seated
38.2854,254,0.249082,-0.670605,-10.5477,0.0,0.0,0.0,0.0,0.0,0.0,0.0,-3.51562,0.468332,0.00674,0.13537,IncreaseQuarterPeriod,seated
38.4355,255,-2.56746,-0.258662,-9.6663,0.0,0.0,0.0,0.0,0.0,0.0,0.0,-1.40625,5.15158,0.00674,0.13537,IncreaseQuarterPeriod,seated
38.5857,256,-1.67651,-0.383203,-9.55134,0.0,0.0,0.0,0.0,0.0,0.0,0.0,1.05469,9.36627,0.00674,0.13537,IncreaseQuarterPeriod,seated
38.7359,257,-1.64777,-0.325723,-9.60882,0.0,0.0,0.0,0.0,0.0,0.0,0.0,3.33984,12.4087,0.00674,0.13537,IncreaseQuarterPeriod,seated
38.886,258,-1.61903,-0.229922,-9.58966,0.0,0.0,0.0,0.0,0.0,0.0,0.0,5.27344,13.8131,0.00674,0.13537,IncreaseQuarterPeriod,seated
39.0362,259,-1.59987,-0.287402,-9.5705,0.0,0.0,0.0,0.0,0.0,0.0,0.0,6.32812,13.1109,0.00674,0.13537,IncreaseQuarterPeriod,seated
39.1863,260,-0.182021,-0.306563,-8.89031,0.0,0.0,0.0,0.0,0.0,0.0,0.0,6.85547,11.005,0.0188,0.1476,IncreaseQuarterPeriod,extended
39.3364,261,-3.10395,-0.191602,-8.00895,0.0,0.0,0.0,0.0,0.0,0.0,0.0,6.15234,6.79029,0.0188,0.1476,IncreaseQuarterPeriod,extended
39.4866,262,-6.82102,0.325723,-7.68322,0.0,0.0,0.0,0.0,0.0,0.0,0.0,4.92188,2.10736,0.0188,0.1476,IncreaseQuarterPeriod,extended
39.6367,263,-6.18873,-0.373623,-7.60658,0.0,0.0,0.0,0.0,0.0,0.0,0.0,2.98828,-3.04404,0.0188,0.1476,IncreaseQuarterPeriod,extended
39.7869,264,-6.41865,-0.105381,-7.79818,0.0,0.0,0.0,0.0,0.0,0.0,0.0,0.703125,-7.49297,0.0188,0.1476,IncreaseQuarterPeriod,extended
39.937,265,-6.16957,-0.0958008,-7.60658,0.0,0.0,0.0,0.0,0.0,0.0,0.0,-1.58203,-11.2382,0.0188,0.1476,IncreaseQuarterPeriod,extended
40.0872,266,-6.51445,-0.268242,-7.75028,0.0,0.0,0.0,0.0,0.0,0.0,0.0,-3.86719,-13.3454,0.0188,0.1476,IncreaseQuarterPeriod,extended
40.2374,267,-6.12167,-0.172441,-7.3575,0.0,0.0,0.0,0.0,0.0,0.0,0.0,-5.44922,-13.8136,0.0188,0.1476,IncreaseQuarterPeriod,extended
40.3875,268,-5.88217,-0.134121,-7.25212,0.0,0.0,0.0,0.0,0.0,0.0,0.0,-6.15234,-12.1746,0.0188,0.1476,IncreaseQuarterPeriod,extended
40.5376,269,-6.79228,-0.162861,-7.27128,0.0,0.0,0.0,0.0,0.0,0.0,0.0,-6.15234,-9.1319,0.00674,0.13537,IncreaseQuarterPeriod,seated
40.6878,270,-5.27862,0.0383203,-8.10475,0.0,0.0,0.0,0.0,0.0,0.0,0.0,-5.27344,-4.91721,0.00674,0.13537,IncreaseQuarterPeriod,seated
40.8379,271,2.56746,-0.804727,-9.44596,0.0,0.0,0.0,0.0,0.0,0.0,0.0,-3.51562,0.468307,0.00674,0.13537,IncreaseQuarterPeriod,seated
40.9881,272,-0.574805,-0.632285,-9.62798,0.0,0.0,0.0,0.0,0.0,0.0,0.0,-1.40625,5.38565,0.00674,0.13537,IncreaseQuarterPeriod,seated
41.1382,273,-2.00224,-0.249082,-9.46512,0.0,0.0,0.0,0.0,0.0,0.0,0.0,1.23047,9.83477,0.00674,0.13537,IncreaseQuarterPeriod,seated
41.2884,274,-1.28373,-0.287402,-9.55134,0.0,0.0,0.0,0.0,0.0,0.0,0.0,3.33984,12.6433,0.00674,0.13537,IncreaseQuarterPeriod,seated
41.4385,275,-1.58071,-0.258662,-9.69504,0.0,0.0,0.0,0.0,0.0,0.0,0.0,5.27344,14.0478,0.00674,0.13537,IncreaseQuarterPeriod,seated
41.5887,276,-1.51365,-0.287402,-9.67588,0.0,0.0,0.0,0.0,0.0,0.0,0.0,6.50391,13.3455,0.00674,0.13537,IncreaseQuarterPeriod,seated
41.7596,277,-0.210762,-0.459844,-10.0782,0.0,0.0,0.0,0.0,0.0,0.0,0.0,7.03125,10.9364,0.0188,0.1476,IncreaseQuarterPeriod,extended
41.9104,278,-1.10171,-1.00591,-5.45106,0.0,0.0,0.0,0.0,0.0,0.0,0.0,6.32812,6.60163,0.0188,0.1476,IncreaseQuarterPeriod,extended
42.0606,279,-6.57193,-0.249082,-7.09884,0.0,0.0,0.0,0.0,0.0,0.0,0.0,4.74609,1.8211,0.0188,0.1476,IncreaseQuarterPeriod,extended
42.2107,280,-5.88217,-0.392783,-7.29044,0.0,0.0,0.0,0.0,0.0,0.0,0.0,2.8125,-3.18695,0.0188,0.1476,IncreaseQuarterPeriod,extended
42.3609,281,-6.52403,-0.0670606,-7.44372,0.0,0.0,0.0,0.0,0.0,0.0,0.0,0.175781,-8.19497,0.0188,0.1476,IncreaseQuarterPeriod,extended
42.5111,282,-5.80553,-0.0958008,-7.56826,0.0,0.0,0.0,0.0,0.0,0.0,0.0,-2.10938,-12.1636,0.0188,0.1476,IncreaseQuarterPeriod,extended
42.6612,283,-6.41865,-0.296982,-7.68322,0.0,0.0,0.0,0.0,0.0,0.0,0.0,-4.21875,-14.0472,0.0188,0.1476,IncreaseQuarterPeriod,extended
42.8114,284,-6.18873,-0.114961,-7.51078,0.0,0.0,0.0,0.0,0.0,0.0,0.0,-5.80078,-14.0475,0.0188,0.1476,IncreaseQuarterPeriod,extended
42.9614,285,-6.07377,-0.0862207,-7.09884,0.0,0.0,0.0,0.0,0.0,0.0,0.0,-6.32812,-12.1759,0.00674,0.13537,IncreaseQuarterPeriod,seated
43.1116,286,-3.42967,0.268242,-8.66997,0.0,0.0,0.0,0.0,0.0,0.0,0.0,-6.15234,-8.42955,0.00674,0.13537,IncreaseQuarterPeriod,seated
43.2618,287,-1.67651,0.258662,-9.60882,0.0,0.0,0.0,0.0,0.0,0.0,0.0,-5.09766,-3.98044,0.00674,0.13537,IncreaseQuarterPeriod,seated
43.412,288,-1.45617,-0.162861,-9.73336,0.0,0.0,0.0,0.0,0.0,0.0,0.0,-3.51562,0.936576,0.00674,0.13537,IncreaseQuarterPeriod,seated
43.5621,289,-1.55197,-0.411943,-10.0591,0.0,0.0,0.0,0.0,0.0,0.0,0.0,-0.878906,6.55603,0.00674,0.13537,IncreaseQuarterPeriod,seated
43.7123,290,-1.38911,-0.229922,-9.73336,0.0,0.0,0.0,0.0,0.0,0.0,0.0,1.40625,10.3012,0.00674,0.13537,IncreaseQuarterPeriod,seated
43.8624,291,-1.60945,-0.249082,-9.67588,0.0,0.0,0.0,0.0,0.0,0.0,0.0,3.86719,13.3446,0.00674,0.13537,IncreaseQuarterPeriod,seated
44.0126,292,-1.57113,-0.239502,-9.84832,0.0,0.0,0.0,0.0,0.0,0.0,0.0,5.80078,14.5156,0.00674,0.13537,IncreaseQuarterPeriod,seated
44.1628,293,-1.44659,-0.201182,-9.55134,0.0,0.0,0.0,0.0,0.0,0.0,0.0,6.85547,13.8136,0.00674,0.13537,IncreaseQuarterPeriod,seated
44.3128,294,-1.23583,-0.220342,-8.08559,0.0,0.0,0.0,0.0,0.0,0.0,0.0,7.20703,10.771,0.0188,0.1476,IncreaseQuarterPeriod,extended
44.463,295,-2.34712,-0.459844,-7.19464,0.0,0.0,0.0,0.0,0.0,0.0,0.0,6.32812,6.55615,0.0188,0.1476,IncreaseQuarterPeriod,extended
44.6131,296,-6.94556,-0.229922,-7.73112,0.0,0.0,0.0,0.0,0.0,0.0,0.0,4.92188,1.40508,0.0188,0.1476,IncreaseQuarterPeriod,extended
44.7632,297,-5.2882,-0.411943,-6.81144,0.0,0.0,0.0,0.0,0.0,0.0,0.0,2.8125,-3.98105,0.0188,0.1476,IncreaseQuarterPeriod,extended
44.9134,298,-6.71563,-0.296982,-7.85566,0.0,0.0,0.0,0.0,0.0,0.0,0.0,0.175781,-8.89876,0.0188,0.1476,IncreaseQuarterPeriod,extended
45.0635,299,-6.17915,-0.172441,-7.61616,0.0,0.0,0.0,0.0,0.0,0.0,0.0,-2.10938,-12.4103,0.0188,0.1476,IncreaseQuarterPeriod,extended
45.2137,300,-6.26537,-0.191602,-7.3575,0.0,0.0,0.0,0.0,0.0,0.0,0.0,-4.21875,-14.0493,0.0188,0.1476,IncreaseQuarterPeriod,extended
45.3639,301,-6.05461,-0.220342,-7.4054,0.0,0.0,0.0,0.0,0.0,0.0,0.0,-5.80078,-14.2816,0.0188,0.1476,IncreaseQuarterPeriod,extended
45.5139,302,-6.35159,-0.325723,-7.41498,0.0,0.0,0.0,0.0,0.0,0.0,0.0,-6.50391,-12.4101,0.00674,0.13537,IncreaseQuarterPeriod,seated
45.6641,303,-5.384,-0.440684,-9.02443,0.0,0.0,0.0,0.0,0.0,0.0,0.0,-6.32812,-8.66409,0.00674,0.13537,IncreaseQuarterPeriod,seated
45.8142,304,2.0693,-0.641865,-10.1549,0.0,0.0,0.0,0.0,0.0,0.0,0.0,-5.27344,-4.21485,0.00674,0.13537,IncreaseQuarterPeriod,seated
45.9644,305,-2.1172,-0.0670606,-9.7142,0.0,0.0,0.0,0.0,0.0,0.0,0.0,-3.51562,0.936634,0.00674,0.13537,IncreaseQuarterPeriod,seated
46.1145,306,-1.95434,-0.373623,-9.62798,0.0,0.0,0.0,0.0,0.0,0.0,0.0,-0.878906,6.55649,0.00674,0.13537,IncreaseQuarterPeriod,seated
46.2647,307,-1.32205,-0.249082,-9.4747,0.0,0.0,0.0,0.0,0.0,0.0,0.0,1.58203,10.7702,0.00674,0.13537,IncreaseQuarterPeriod,seated
46.4149,308,-1.67651,-0.258662,-9.70462,0.0,0.0,0.0,0.0,0.0,0.0,0.0,4.04297,13.8132,0.00674,0.13537,IncreaseQuarterPeriod,seated
46.565,309,-1.53281,-0.249082,-9.74294,0.0,0.0,0.0,0.0,0.0,0.0,0.0,5.80078,14.75,0.00674,0.13537,IncreaseQuarterPeriod,seated
46.7152,310,-1.44659,-0.210762,-9.60882,0.0,0.0,0.0,0.0,0.0,0.0,0.0,7.03125,14.0477,0.00674,0.13537,IncreaseQuarterPeriod,seated
46.8653,311,-0.210762,-0.287402,-9.96328,0.0,0.0,0.0,0.0,0.0,0.0,0.0,7.38281,11.0052,0.0188,0.1476,IncreaseQuarterPeriod,extended
47.0154,312,-4.17691,0.249082,-8.04727,0.0,0.0,0.0,0.0,0.0,0.0,0.0,6.15234,6.08808,0.0188,0.1476,IncreaseQuarterPeriod,extended
47.1655,313,-6.68689,-0.210762,-7.08926,0.0,0.0,0.0,0.0,0.0,0.0,0.0,5.09766,1.40508,0.0188,0.1476,IncreaseQuarterPeriod,extended
47.3156,314,-6.37075,-0.354463,-7.79818,0.0,0.0,0.0,0.0,0.0,0.0,0.0,2.8125,-3.98105,0.0188,0.1476,IncreaseQuarterPeriod,extended
47.4658,315,-6.09293,-0.0574805,-7.51078,0.0,0.0,0.0,0.0,0.0,0.0,0.0,0.175781,-9.13302,0.0188,0.1476,IncreaseQuarterPeriod,extended
47.616,316,-6.27495,-0.134121,-7.75986,0.0,0.0,0.0,0.0,0.0,0.0,0.0,-2.10938,-12.6443,0.0188,0.1476,IncreaseQuarterPeriod,extended
47.7661,317,-6.16957,-0.296982,-7.5012,0.0,0.0,0.0,0.0,0.0,0.0,0.0,-4.57031,-14.2829,0.0188,0.1476,IncreaseQuarterPeriod,extended
47.9163,318,-6.27495,-0.143701,-7.39582,0.0,0.0,0.0,0.0,0.0,0.0,0.0,-6.15234,-14.9843,0.0188,0.1476,IncreaseQuarterPeriod,extended
48.0664,319,-6.55277,-0.0287402,-7.19464,0.0,0.0,0.0,0.0,0.0,0.0,0.0,-6.67969,-12.6442,0.00674,0.13537,IncreaseQuarterPeriod,seated
48.2165,320,-5.55645,0.0479004,-7.73112,0.0,0.0,0.0,0.0,0.0,0.0,0.0,-6.50391,-8.89787,0.00674,0.13537,IncreaseQuarterPeriod,seated
48.3667,321,2.1651,0.728086,-8.22929,0.0,0.0,0.0,0.0,0.0,0.0,0.0,-5.27344,-4.21482,0.00674,0.13537,IncreaseQuarterPeriod,seated
48.5168,322,-2.28006,-0.0574805,-10.586,0.0,0.0,0.0,0.0,0.0,0.0,0.0,-3.51562,1.40497,0.00674,0.13537,IncreaseQuarterPeriod,seated
48.667,323,-2.42376,-0.268242,-10.1549,0.0,0.0,0.0,0.0,0.0,0.0,0.0,-1.05469,6.79062,0.00674,0.13537,IncreaseQuarterPeriod,seated
48.8171,324,-1.31247,-0.411943,-9.84832,0.0,0.0,0.0,0.0,0.0,0.0,0.0,1.58203,11.0054,0.00674,0.13537,IncreaseQuarterPeriod,seated
48.9672,325,-1.59029,-0.249082,-9.8579,0.0,0.0,0.0,0.0,0.0,0.0,0.0,4.21875,14.2833,0.00674,0.13537,IncreaseQuarterPeriod,seated
49.1174,326,-1.42743,-0.162861,-9.70462,0.0,0.0,0.0,0.0,0.0,0.0,0.0,6.15234,15.22,0.00674,0.13537,IncreaseQuarterPeriod,seated
49.2675,327,-1.57113,-0.220342,-9.5226,0.0,0.0,0.0,0.0,0.0,0.0,0.0,7.20703,14.2836,0.00674,0.13537,IncreaseQuarterPeriod,seated
49.4176,328,1.17835,0.0383203,-8.08559,0.0,0.0,0.0,0.0,0.0,0.0,0.0,7.55859,11.475,0.0188,0.1476,IncreaseQuarterPeriod,extended
49.5677,329,-1.57113,-1.38911,-8.46879,0.0,0.0,0.0,0.0,0.0,0.0,0.0,6.67969,6.79072,0.0188,0.1476,IncreaseQuarterPeriod,extended
49.7179,330,-7.118,-0.354463,-7.36708,0.0,0.0,0.0,0.0,0.0,0.0,0.0,5.27344,1.405,0.0188,0.1476,IncreaseQuarterPeriod,extended
49.868,331,-5.99713,-0.517324,-7.43414,0.0,0.0,0.0,0.0,0.0,0.0,0.0,2.8125,-4.44909,0.0188,0.1476,IncreaseQuarterPeriod,extended
50.0182,332,-6.77312,-0.0574805,-8.04727,0.0,0.0,0.0,0.0,0.0,0.0,0.0,0.175781,-9.36646,0.0188,0.1476,IncreaseQuarterPeriod,extended
50.1684,333,-5.90133,-0.191602,-7.5491,0.0,0.0,0.0,0.0,0.0,0.0,0.0,-2.28516,-13.1116,0.0188,0.1476,IncreaseQuarterPeriod,extended
50.3185,334,-6.38033,-0.325723,-7.58742,0.0,0.0,0.0,0.0,0.0,0.0,0.0,-4.57031,-14.9843,0.0188,0.1476,IncreaseQuarterPeriod,extended
50.4687,335,-6.22705,-0.210762,-7.52036,0.0,0.0,0.0,0.0,0.0,0.0,0.0,-6.15234,-15.2184,0.0188,0.1476,IncreaseQuarterPeriod,extended
50.6188,336,-6.04503,0.153281,-7.22338,0.0,0.0,0.0,0.0,0.0,0.0,0.0,-6.85547,-12.8785,0.00674,0.13537,IncreaseQuarterPeriod,seated
50.7689,337,-5.17324,-0.0670606,-8.21013,0.0,0.0,0.0,0.0,0.0,0.0,0.0,-6.67969,-9.13193,0.00674,0.13537,IncreaseQuarterPeriod,seated
50.9191,338,0.0287402,0.526904,-11.7931,0.0,0.0,0.0,0.0,0.0,0.0,0.0,-5.44922,-4.21482,0.00674,0.13537,IncreaseQuarterPeriod,seated
51.0692,339,-1.86812,-0.239502,-10.1549,0.0,0.0,0.0,0.0,0.0,0.0,0.0,-3.51562,1.40497,0.00674,0.13537,IncreaseQuarterPeriod,seated
51.2194,340,-1.36037,-0.172441,-9.4747,0.0,0.0,0.0,0.0,0.0,0.0,0.0,-1.05469,6.79078,0.00674,0.13537,IncreaseQuarterPeriod,seated
51.3695,341,-1.57113,-0.325723,-9.84832,0.0,0.0,0.0,0.0,0.0,0.0,0.0,1.93359,11.7069,0.00674,0.13537,IncreaseQuarterPeriod,seated
51.5197,342,-1.48491,-0.249082,-9.96328,0.0,0.0,0.0,0.0,0.0,0.0,0.0,4.57031,14.985,0.00674,0.13537,IncreaseQuarterPeriod,seated
51.6698,343,-1.60945,-0.249082,-9.60882,0.0,0.0,0.0,0.0,0.0,0.0,0.0,6.15234,15.4535,0.00674,0.13537,IncreaseQuarterPeriod,seated
51.82,344,-1.50407,-0.239502,-9.72378,0.0,0.0,0.0,0.0,0.0,0.0,0.0,7.38281,14.5167,0.00674,0.13537,IncreaseQuarterPeriod,seated
51.97,345,-1.24541,-0.0191602,-8.05685,0.0,0.0,0.0,0.0,0.0,0.0,0.0,7.55859,11.4741,0.0188,0.1476,IncreaseQuarterPeriod,extended
52.1202,346,-6.11209,-0.124541,-9.12023,0.0,0.0,0.0,0.0,0.0,0.0,0.0,6.67969,6.3225,0.0188,0.1476,IncreaseQuarterPeriod,extended
52.2703,347,-7.15632,-0.325723,-7.85566,0.0,0.0,0.0,0.0,0.0,0.0,0.0,5.27344,0.936668,0.0188,0.1476,IncreaseQuarterPeriod,extended
52.4205,348,-5.36484,-0.316143,-7.01262,0.0,0.0,0.0,0.0,0.0,0.0,0.0,2.98828,-4.21484,0.0188,0.1476,IncreaseQuarterPeriod,extended
52.5706,349,-6.72521,0.0479004,-7.75028,0.0,0.0,0.0,0.0,0.0,0.0,0.0,0.175781,-9.60053,0.0188,0.1476,IncreaseQuarterPeriod,extended
52.7208,350,-6.16957,-0.287402,-7.6449,0.0,0.0,0.0,0.0,0.0,0.0,0.0,-2.28516,-13.1115,0.0188,0.1476,IncreaseQuarterPeriod,extended
52.871,351,-6.38033,-0.316143,-7.3575,0.0,0.0,0.0,0.0,0.0,0.0,0.0,-4.74609,-15.2185,0.0188,0.1476,IncreaseQuarterPeriod,extended
53.0211,352,-6.01629,-0.162861,-7.43414,0.0,0.0,0.0,0.0,0.0,0.0,0.0,-6.32812,-15.4539,0.0188,0.1476,IncreaseQuarterPeriod,extended
53.1711,353,-5.41274,-0.296982,-7.85566,0.0,0.0,0.0,0.0,0.0,0.0,0.0,-7.03125,-13.3481,0.00674,0.13537,IncreaseQuarterPeriod,seated
53.3213,354,-5.21156,-0.105381,-7.6928,0.0,0.0,0.0,0.0,0.0,0.0,0.0,-6.67969,-9.13291,0.00674,0.13537,IncreaseQuarterPeriod,seated
53.4714,355,0.277822,0.325723,-9.08191,0.0,0.0,0.0,0.0,0.0,0.0,0.0,-5.625,-4.4494,0.00674,0.13537,IncreaseQuarterPeriod,seated
53.6216,356,-1.90644,-0.325723,-10.2698,0.0,0.0,0.0,0.0,0.0,0.0,0.0,-3.51562,1.63927,0.00674,0.13537,IncreaseQuarterPeriod,seated
53.7717,357,-1.42743,-0.335303,-9.6663,0.0,0.0,0.0,0.0,0.0,0.0,0.0,-0.878906,7.25898,0.00674,0.13537,IncreaseQuarterPeriod,seated
53.9219,358,-1.52323,-0.325723,-9.67588,0.0,0.0,0.0,0.0,0.0,0.0,0.0,2.10938,12.1751,0.00674,0.13537,IncreaseQuarterPeriod,seated
54.072,359,-1.59029,-0.258662,-9.92496,0.0,0.0,0.0,0.0,0.0,0.0,0.0,4.74609,15.2189,0.00674,0.13537,IncreaseQuarterPeriod,seated
54.2222,360,-1.48491,-0.191602,-9.65672,0.0,0.0,0.0,0.0,0.0,0.0,0.0,6.32812,15.9218,0.00674,0.13537,IncreaseQuarterPeriod,seated
54.3723,361,-1.50407,-0.220342,-9.7142,0.0,0.0,0.0,0.0,0.0,0.0,0.0,7.55859,14.7512,0.00674,0.13537,IncreaseQuarterPeriod,seated
54.5224,362,0.134121,-0.335303,-8.36341,0.0,0.0,0.0,0.0,0.0,0.0,0.0,7.91016,11.7086,0.0188,0.1476,IncreaseQuarterPeriod,extended
54.6725,363,-3.42009,-0.201182,-8.05685,0.0,0.0,0.0,0.0,0.0,0.0,0.0,6.85547,6.32264,0.0188,0.1476,IncreaseQuarterPeriod,extended
54.8227,364,-4.75172,-0.833467,-7.2138,0.0,0.0,0.0,0.0,0.0,0.0,0.0,5.44922,0.936678,0.0188,0.1476,IncreaseQuarterPeriod,extended
54.9729,365,-5.96839,-0.440684,-7.39582,0.0,0.0,0.0,0.0,0.0,0.0,0.0,2.98828,-4.44908,0.0188,0.1476,IncreaseQuarterPeriod,extended
55.123,366,-6.46655,-0.0287402,-7.65448,0.0,0.0,0.0,0.0,0.0,0.0,0.0,0.175781,-9.83469,0.0188,0.1476,IncreaseQuarterPeriod,extended
55.2731,367,-6.11209,-0.287402,-7.65448,0.0,0.0,0.0,0.0,0.0,0.0,0.0,-2.98828,-14.5184,0.0188,0.1476,IncreaseQuarterPeriod,extended
55.4232,368,-6.30369,-0.325723,-7.6449,0.0,0.0,0.0,0.0,0.0,0.0,0.0,-4.92188,-15.6897,0.0188,0.1476,IncreaseQuarterPeriod,extended
55.5733,369,-6.09293,-0.162861,-7.41498,0.0,0.0,0.0,0.0,0.0,0.0,0.0,-6.50391,-15.9239,0.0188,0.1476,IncreaseQuarterPeriod,extended
55.7234,370,-6.45697,-0.239502,-6.9264,0.0,0.0,0.0,0.0,0.0,0.0,0.0,-7.20703,-13.5837,0.00674,0.13537,IncreaseQuarterPeriod,seated
55.8736,371,-4.99122,-0.364043,-7.7886,0.0,0.0,0.0,0.0,0.0,0.0,0.0,-7.03125,-9.60225,0.00674,0.13537,IncreaseQuarterPeriod,seated
56.0237,372,-0.220342,0.172441,-7.60658,0.0,0.0,0.0,0.0,0.0,0.0,0.0,-5.625,-3.51252,0.00674,0.13537,IncreaseQuarterPeriod,seated
56.1739,373,-1.66693,-0.143701,-9.84832,0.0,0.0,0.0,0.0,0.0,0.0,0.0,-3.69141,1.63913,0.00674,0.13537,IncreaseQuarterPeriod,seated
56.324,374,-2.1651,-0.431104,-10.1836,0.0,0.0,0.0,0.0,0.0,0.0,0.0,-1.05469,7.25898,0.00674,0.13537,IncreaseQuarterPeriod,seated
56.4742,375,-1.22625,-0.239502,-9.14898,0.0,0.0,0.0,0.0,0.0,0.0,0.0,2.10938,12.4091,0.00674,0.13537,IncreaseQuarterPeriod,seated
56.6243,376,-1.62861,-0.239502,-9.80042,0.0,0.0,0.0,0.0,0.0,0.0,0.0,4.57031,15.4531,0.00674,0.13537,IncreaseQuarterPeriod,seated
56.7745,377,-1.43701,-0.172441,-9.91538,0.0,0.0,0.0,0.0,0.0,0.0,0.0,6.50391,16.1555,0.00674,0.13537,IncreaseQuarterPeriod,seated
56.9246,378,-1.49449,-0.239502,-9.54176,0.0,0.0,0.0,0.0,0.0,0.0,0.0,7.73438,15.219,0.00674,0.13537,IncreaseQuarterPeriod,seated
57.0747,379,1.46575,-0.431104,-7.80776,0.0,0.0,0.0,0.0,0.0,0.0,0.0,7.91016,11.9423,0.0188,0.1476,IncreaseQuarterPeriod,extended
57.2249,380,-5.13492,-1.19751,-8.46879,0.0,0.0,0.0,0.0,0.0,0.0,0.0,7.03125,6.55664,0.0188,0.1476,IncreaseQuarterPeriod,extended
57.375,381,-5.64267,-0.306563,-6.94556,0.0,0.0,0.0,0.0,0.0,0.0,0.0,5.44922,1.17082,0.0188,0.1476,IncreaseQuarterPeriod,extended
57.5251,382,-5.55645,-0.440684,-7.7886,0.0,0.0,0.0,0.0,0.0,0.0,0.0,2.98828,-4.6839,0.0188,0.1476,IncreaseQuarterPeriod,extended
57.6752,383,-6.47613,-0.0766406,-7.76944,0.0,0.0,0.0,0.0,0.0,0.0,0.0,0.175781,-10.0703,0.0188,0.1476,IncreaseQuarterPeriod,extended
57.8254,384,-6.06419,-0.191602,-7.63532,0.0,0.0,0.0,0.0,0.0,0.0,0.0,-2.46094,-13.8159,0.0188,0.1476,IncreaseQuarterPeriod,extended
57.9755,385,-6.40907,-0.220342,-7.66406,0.0,0.0,0.0,0.0,0.0,0.0,0.0,-4.92188,-15.923,0.0188,0.1476,IncreaseQuarterPeriod,extended
58.1257,386,-6.18873,-0.172441,-7.46288,0.0,0.0,0.0,0.0,0.0,0.0,0.0,-6.67969,-16.1572,0.0188,0.1476,IncreaseQuarterPeriod,extended
58.2758,387,-6.14083,-0.182021,-7.1659,0.0,0.0,0.0,0.0,0.0,0.0,0.0,-7.38281,-13.815,0.00674,0.13537,IncreaseQuarterPeriod,seated
58.4259,388,-7.14674,0.229922,-8.39215,0.0,0.0,0.0,0.0,0.0,0.0,0.0,-7.03125,-9.60041,0.00674,0.13537,IncreaseQuarterPeriod,seated
58.5761,389,2.31838,-0.498164,-10.0495,0.0,0.0,0.0,0.0,0.0,0.0,0.0,-5.80078,-4.44895,0.00674,0.13537,IncreaseQuarterPeriod,seated
58.7262,390,-1.20709,-0.440684,-9.50344,0.0,0.0,0.0,0.0,0.0,0.0,0.0,-3.69141,1.63911,0.00674,0.13537,IncreaseQuarterPeriod,seated
58.8764,391,-1.83938,-0.469424,-9.84832,0.0,0.0,0.0,0.0,0.0,0.0,0.0,-0.878906,7.72719,0.00674,0.13537,IncreaseQuarterPeriod,seated
59.0265,392,-1.34121,-0.258662,-9.58008,0.0,0.0,0.0,0.0,0.0,0.0,0.0,1.93359,12.4091,0.00674,0.13537,IncreaseQuarterPeriod,seated
59.1767,393,-1.59987,-0.258662,-9.75252,0.0,0.0,0.0,0.0,0.0,0.0,0.0,4.57031,15.4527,0.00674,0.13537,IncreaseQuarterPeriod,seated
59.3268,394,-1.54239,-0.201182,-9.72378,0.0,0.0,0.0,0.0,0.0,0.0,0.0,6.67969,16.6237,0.00674,0.13537,IncreaseQuarterPeriod,seated
59.477,395,-1.50407,-0.229922,-9.58966,0.0,0.0,0.0,0.0,0.0,0.0,0.0,7.91016,15.453,0.00674,0.13537,IncreaseQuarterPeriod,seated
59.6271,396,-1.26457,-0.823887,-9.60882,0.0,0.0,0.0,0.0,0.0,0.0,0.0,8.08594,11.9422,0.0188,0.1476,IncreaseQuarterPeriod,extended
59.7772,397,-6.34201,-0.766406,-6.88808,0.0,0.0,0.0,0.0,0.0,0.0,0.0,7.20703,7.02477,0.0188,0.1476,IncreaseQuarterPeriod,extended
59.9274,398,-4.34936,-0.871787,-5.92049,0.0,0.0,0.0,0.0,0.0,0.0,0.0,5.625,1.40495,0.0188,0.1476,IncreaseQuarterPeriod,extended
60.0775,399,-6.17915,-0.488584,-8.02811,0.0,0.0,0.0,0.0,0.0,0.0,0.0,2.98828,-4.91726,0.0188,0.1476,IncreaseQuarterPeriod,extended
60.2277,400,-6.26537,0.124541,-7.70238,0.0,0.0,0.0,0.0,0.0,0.0,0.0,-0.175781,-10.7712,0.0188,0.1476,IncreaseQuarterPeriod,extended
60.3778,401,-6.38033,-0.00958008,-7.597,0.0,0.0,0.0,0.0,0.0,0.0,0.0,-2.63672,-14.2821,0.0188,0.1476,IncreaseQuarterPeriod,extended
60.528,402,-6.10251,-0.258662,-7.47246,0.0,0.0,0.0,0.0,0.0,0.0,0.0,-5.09766,-16.3892,0.0188,0.1476,IncreaseQuarterPeriod,extended
60.6782,403,-5.98755,-0.153281,-7.3096,0.0,0.0,0.0,0.0,0.0,0.0,0.0,-6.85547,-16.6234,0.0188,0.1476,IncreaseQuarterPeriod,extended
60.8282,404,-6.28453,-0.0670606,-7.01262,0.0,0.0,0.0,0.0,0.0,0.0,0.0,-7.38281,-13.8154,0.00674,0.13537,IncreaseQuarterPeriod,seated
60.9784,405,-6.46655,0.0479004,-8.68913,0.0,0.0,0.0,0.0,0.0,0.0,0.0,-7.20703,-9.36637,0.00674,0.13537,IncreaseQuarterPeriod,seated
61.1285,406,0.114961,0.114961,-8.21971,0.0,0.0,0.0,0.0,0.0,0.0,0.0,-5.80078,-4.21486,0.00674,0.13537,IncreaseQuarterPeriod,seated
61.2787,407,-1.22625,-0.756826,-9.84832,0.0,0.0,0.0,0.0,0.0,0.0,0.0,-3.86719,1.63913,0.00674,0.13537,IncreaseQuarterPeriod,seated
61.4288,408,-1.70525,-0.306563,-9.62798,0.0,0.0,0.0,0.0,0.0,0.0,0.0,-0.878906,7.96152,0.00674,0.13537,IncreaseQuarterPeriod,seated
61.579,409,-1.49449,-0.229922,-9.48428,0.0,0.0,0.0,0.0,0.0,0.0,0.0,1.93359,12.4092,0.00674,0.13537,IncreaseQuarterPeriod,seated
61.7291,410,-1.49449,-0.229922,-9.73336,0.0,0.0,0.0,0.0,0.0,0.0,0.0,4.92188,16.1572,0.00674,0.13537,IncreaseQuarterPeriod,seated
61.8792,411,-1.46575,-0.201182,-9.67588,0.0,0.0,0.0,0.0,0.0,0.0,0.0,6.67969,16.6257,0.00674,0.13537,IncreaseQuarterPeriod,seated
62.0294,412,-1.46575,-0.210762,-9.64714,0.0,0.0,0.0,0.0,0.0,0.0,0.0,8.08594,15.9232,0.00674,0.13537,IncreaseQuarterPeriod,seated
62.1794,413,-0.440684,-0.756826,-8.02811,0.0,0.0,0.0,0.0,0.0,0.0,0.0,8.26172,12.1779,0.0188,0.1476,IncreaseQuarterPeriod,extended
62.3296,414,-5.97797,-0.0479004,-8.85199,0.0,0.0,0.0,0.0,0.0,0.0,0.0,7.20703,7.02569,0.0188,0.1476,IncreaseQuarterPeriod,extended
62.4798,415,-7.05094,0.373623,-7.3096,0.0,0.0,0.0,0.0,0.0,0.0,0.0,5.625,0.936643,0.0188,0.1476,IncreaseQuarterPeriod,extended
62.6299,416,-6.26537,-0.277822,-7.91315,0.0,0.0,0.0,0.0,0.0,0.0,0.0,2.98828,-4.91726,0.0188,0.1476,IncreaseQuarterPeriod,extended
62.7801,417,-6.63899,-0.249082,-7.81734,0.0,0.0,0.0,0.0,0.0,0.0,0.0,0.0,-10.7711,0.0188,0.1476,IncreaseQuarterPeriod,extended
62.9302,418,-6.39949,-0.220342,-7.7886,0.0,0.0,0.0,0.0,0.0,0.0,0.0,-2.63672,-14.516,0.0188,0.1476,IncreaseQuarterPeriod,extended
63.0804,419,-6.30369,-0.249082,-7.3575,0.0,0.0,0.0,0.0,0.0,0.0,0.0,-5.27344,-16.6229,0.0188,0.1476,IncreaseQuarterPeriod,extended
63.2305,420,-6.04503,-0.258662,-7.42456,0.0,0.0,0.0,0.0,0.0,0.0,0.0,-7.03125,-16.8573,0.0188,0.1476,IncreaseQuarterPeriod,extended
63.3944,421,-6.58151,-0.402363,-7.17548,0.0,0.0,0.0,0.0,0.0,0.0,0.0,-7.73438,-14.0258,0.00674,0.13537,IncreaseQuarterPeriod,seated
63.5446,422,-6.03545,0.210762,-8.32509,0.0,0.0,0.0,0.0,0.0,0.0,0.0,-7.38281,-9.65718,0.00674,0.13537,IncreaseQuarterPeriod,seated
63.6947,423,-3.40093,0.239502,-8.73703,0.0,0.0,0.0,0.0,0.0,0.0,0.0,-5.80078,-4.13873,0.00674,0.13537,IncreaseQuarterPeriod,seated
63.8449,424,-2.52914,-0.0479004,-10.107,0.0,0.0,0.0,0.0,0.0,0.0,0.0,-3.51562,2.29932,0.00674,0.13537,IncreaseQuarterPeriod,seated
63.995,425,-1.83938,-0.335303,-10.0303,0.0,0.0,0.0,0.0,0.0,0.0,0.0,-0.703125,8.27744,0.00674,0.13537,IncreaseQuarterPeriod,seated
64.1452,426,-1.52323,-0.296982,-9.67588,0.0,0.0,0.0,0.0,0.0,0.0,0.0,2.28516,13.3453,0.00674,0.13537,IncreaseQuarterPeriod,seated
64.2954,427,-1.41785,-0.162861,-9.4747,0.0,0.0,0.0,0.0,0.0,0.0,0.0,4.92188,16.3887,0.00674,0.13537,IncreaseQuarterPeriod,seated
64.4455,428,-1.60945,-0.201182,-9.74294,0.0,0.0,0.0,0.0,0.0,0.0,0.0,7.20703,17.3252,0.00674,0.13537,IncreaseQuarterPeriod,seated
64.5957,429,-1.43701,-0.172441,-9.6663,0.0,0.0,0.0,0.0,0.0,0.0,0.0,8.26172,15.6868,0.00674,0.13537,IncreaseQuarterPeriod,seated
64.7457,430,-1.96392,-0.804727,-9.07233,0.0,0.0,0.0,0.0,0.0,0.0,0.0,8.4375,12.1763,0.0188,0.1476,IncreaseQuarterPeriod,extended
64.8959,431,-5.63309,-0.0670606,-7.94188,0.0,0.0,0.0,0.0,0.0,0.0,0.0,7.20703,6.55637,0.0188,0.1476,IncreaseQuarterPeriod,extended
65.0461,432,-4.44516,-0.603545,-6.62941,0.0,0.0,0.0,0.0,0.0,0.0,0.0,5.44922,0.702474,0.0188,0.1476,IncreaseQuarterPeriod,extended
65.1962,433,-6.17915,-0.603545,-7.97063,0.0,0.0,0.0,0.0,0.0,0.0,0.0,2.8125,-5.85392,0.0188,0.1476,IncreaseQuarterPeriod,extended
65.3464,434,-6.09293,0.105381,-7.70238,0.0,0.0,0.0,0.0,0.0,0.0,0.0,-0.175781,-11.2391,0.0188,0.1476,IncreaseQuarterPeriod,extended
