6.91414e-06,0,-1.62861,-0.0287402,-10.768,0.0218379,0.846885,0.0194411,-0.967033,-0.967033,0.527473,0.43956,0.175781,0.0,-0.00254181,-1.70329,seated
0.200141,1,-1.61903,-0.546064,-10.7009,0.0356864,0.862332,0.0197074,1.84615,-0.791209,0.527473,0.791209,9.31641,45.6725,0.302716,-1.67808,seated
0.400284,2,-1.42743,-0.948428,-9.94412,0.0157127,0.666323,0.0119842,2.54945,-0.703297,0.527473,1.05495,16.1719,34.2528,0.518809,-1.62789,seated
0.600425,3,-1.36995,-0.440684,-9.30226,-0.000266316,0.329966,0.0239685,0.175824,-0.703297,0.527473,0.791209,19.1602,14.9309,0.596598,-1.60306,seated
0.800521,4,-1.33163,-0.0191602,-9.14898,-0.00745685,-0.0801611,0.0175769,-1.14286,-0.791209,0.615385,0.791209,17.7539,-7.02788,0.546871,-1.61938,seated
1.00066,5,-1.39869,-0.287402,-9.70462,-0.0178432,-0.457797,0.0335558,0.703297,-0.791209,0.615385,0.703297,12.3047,-27.2267,0.389648,-1.66133,seated
1.20081,6,-1.47533,-0.833467,-10.5285,-0.0287621,-0.730505,0.0239685,2.10989,-0.703297,0.527473,0.615385,2.8125,-47.4266,0.0992624,-1.70061,seated
1.40093,7,-1.53281,-0.670605,-10.8159,-0.03542,-0.802943,0.0327569,0.615385,-0.703297,0.527473,0.703297,-5.625,-42.1608,-0.176763,-1.69473,seated
1.60108,8,-1.47533,-0.153281,-10.4231,-0.0279632,-0.69402,0.0135821,-1.31868,-0.703297,0.43956,0.967033,-13.5352,-39.5219,-0.434815,-1.6504,seated
1.80123,9,-1.33163,-0.153281,-9.73336,-0.0098537,-0.402936,0.0266316,-0.527473,-0.703297,0.43956,0.879121,-18.2812,-23.7122,-0.575363,-1.6098,seated
2.00139,10,-1.23583,-0.632285,-9.29268,0.00266316,-0.01518,0.0213053,1.58242,-0.703297,0.43956,0.879121,-18.457,-0.878239,-0.569474,-1.61174,seated
2.20153,11,-1.30289,-0.795147,-9.64714,0.00532632,0.387756,0.0340885,1.67033,-0.615385,0.43956,0.879121,-14.4141,20.2004,-0.445423,-1.64782,seated
2.40167,12,-1.48491,-0.373623,-10.3561,0.02024,0.690558,0.00878843,-0.527473,-0.615385,0.43956,0.967033,-6.67969,38.6446,-0.216104,-1.69041,seated
2.60181,13,-1.64777,-0.172441,-10.768,0.0245011,0.844488,0.0319579,-1.05495,-0.703297,0.527473,0.967033,2.10938,43.9155,0.0592948,-1.70236,seated
2.80195,14,-1.57113,-0.364043,-10.5477,0.0292948,0.807737,0.00745685,0.527473,-0.791209,0.527473,0.879121,10.7227,43.0354,0.33945,-1.67158,seated
3.0021,15,-1.40827,-0.747246,-9.74294,0.0167779,0.610929,0.0191748,2.02198,-0.703297,0.527473,0.879121,16.6992,29.8609,0.53205,-1.62398,seated
3.20224,16,-1.29331,-0.526904,-9.19688,0.00479369,0.218646,0.0245011,0.967033,-0.703297,0.527473,0.791209,18.8086,10.5392,0.590214,-1.60525,seated
3.40239,17,-1.32205,-0.229922,-9.2352,-0.0127832,-0.135821,0.0191748,-0.43956,-0.703297,0.527473,0.879121,16.5234,-11.4174,0.513552,-1.6296,seated
3.60254,18,-1.38911,-0.239502,-9.88664,-0.0194411,-0.520648,0.0308927,0.0,-0.703297,0.527473,0.879121,10.1953,-31.6172,0.320379,-1.67508,seated
3.80269,19,-1.49449,-0.574805,-10.5956,-0.0276969,-0.742756,0.0237021,1.31868,-0.703297,0.527473,0.791209,1.40625,-43.9126,0.0502221,-1.70269,seated
4.00283,20,-1.47533,-0.680186,-10.6435,-0.0364853,-0.77711,0.0276969,0.791209,-0.703297,0.527473,0.879121,-8.08594,-47.4263,-0.253402,-1.68557,seated
4.20296,21,-1.43701,-0.344883,-10.1932,-0.0218379,-0.638626,0.00932106,-0.527473,-0.703297,0.43956,0.967033,-14.5898,-32.4984,-0.463018,-1.6433,seated
4.40312,22,-1.32205,-0.210762,-9.55134,-0.010919,-0.29854,0.0324906,-0.527473,-0.703297,0.43956,0.967033,-18.2812,-18.443,-0.575363,-1.6098,seated
4.60326,23,-1.24541,-0.431104,-9.32142,0.00213053,0.0506001,0.0167779,0.879121,-0.703297,0.43956,0.967033,-17.5781,3.51307,-0.546656,-1.61914,seated
4.80341,24,-1.35079,-0.680186,-9.7621,0.00719053,0.427171,0.0308927,1.40659,-0.703297,0.527473,0.879121,-12.832,23.7128,-0.398283,-1.6591,seated
5.00356,25,-1.51365,-0.498164,-10.4902,0.0239685,0.710798,0.0141148,0.0879121,-0.703297,0.43956,0.967033,-4.92188,39.5214,-0.157457,-1.69651,seated
5.2037,26,-1.60945,-0.258662,-10.7776,0.0178432,0.831173,0.0223706,-0.791209,-0.703297,0.527473,0.967033,4.21875,45.6703,0.127677,-1.69889,seated
5.40384,27,-1.59029,-0.325723,-10.3465,0.0287621,0.741158,0.00745685,0.263736,-0.703297,0.527473,0.967033,12.1289,39.5227,0.382092,-1.66297,seated
5.60399,28,-1.49449,-0.613125,-9.65672,0.0141148,0.508131,0.0170442,1.58242,-0.703297,0.527473,0.967033,17.0508,24.5918,0.54039,-1.62146,seated
5.80414,29,-1.36037,-0.622705,-9.17772,0.00372843,0.138751,0.0239685,0.967033,-0.703297,0.615385,0.967033,18.1055,5.26945,0.56904,-1.61235,seated
6.00429,30,-1.33163,-0.354463,-9.34058,-0.0149137,-0.232228,0.0242348,-0.263736,-0.703297,0.527473,0.967033,14.7656,-16.6869,0.4607,-1.64427,seated
6.20443,31,-1.42743,-0.249082,-10.0303,-0.0255663,-0.552606,0.0364853,0.0,-0.703297,0.527473,0.967033,7.91016,-34.2521,0.248685,-1.68641,seated
6.40452,32,-1.53281,-0.536484,-10.6243,-0.0314253,-0.73663,0.021039,0.879121,-0.703297,0.527473,0.967033,-0.703125,-43.0475,-0.0192293,-1.70328,seated
6.60466,33,-1.50407,-0.661025,-10.5956,-0.0282295,-0.741424,0.0314253,0.791209,-0.703297,0.527473,0.967033,-9.14062,-42.1573,-0.286531,-1.68059,seated
6.80482,34,-1.39869,-0.392783,-10.0782,-0.0205063,-0.551274,0.0111853,-0.263736,-0.703297,0.43956,1.05495,-15.4688,-31.6164,-0.488545,-1.6364,seated
7.00497,35,-1.33163,-0.277822,-9.46512,-0.0111853,-0.223706,0.0279632,-0.263736,-0.703297,0.43956,0.967033,-17.9297,-12.2954,-0.563364,-1.61377,seated
7.20511,36,-1.28373,-0.431104,-9.35974,0.0066579,0.152599,0.0157127,0.703297,-0.703297,0.43956,0.967033,-16.1719,8.78268,-0.504839,-1.63179,seated
7.40526,37,-1.38911,-0.622705,-9.86748,0.00719053,0.504935,0.0282295,1.05495,-0.703297,0.527473,0.967033,-10.5469,28.1049,-0.329099,-1.67326,seated
7.60541,38,-1.54239,-0.469424,-10.5093,0.0253,0.736364,0.0162453,0.175824,-0.703297,0.527473,0.967033,-2.46094,40.3996,-0.0789688,-1.70165,seated
7.80553,39,-1.57113,-0.296982,-10.6722,0.0263653,0.80534,0.0263653,-0.43956,-0.703297,0.527473,0.967033,5.97656,42.1616,0.185264,-1.69398,seated
8.00568,40,-1.51365,-0.335303,-10.2219,0.0287621,0.689226,0.0125169,0.351648,-0.703297,0.527473,0.967033,13.3594,36.8869,0.420697,-1.65426,seated
8.20582,41,-1.36995,-0.613125,-9.54176,0.0127832,0.404002,0.00958738,1.31868,-0.703297,0.527473,0.967033,17.4023,20.1999,0.549647,-1.61859,seated
8.40597,42,-1.29331,-0.546064,-9.19688,-0.00372843,0.0442085,0.0340885,0.967033,-0.703297,0.527473,0.967033,17.2266,-0.878282,0.542453,-1.62087,seated
8.60611,43,-1.36037,-0.335303,-9.55134,-0.0205063,-0.325705,0.0194411,0.0,-0.703297,0.527473,1.05495,13.0078,-21.0784,0.407907,-1.65724,seated
8.80627,44,-1.47533,-0.335303,-10.1836,-0.0300937,-0.605337,0.0316916,0.0879121,-0.703297,0.527473,0.967033,5.625,-36.8854,0.177086,-1.69482,seated
9.00641,45,-1.51365,-0.498164,-10.6435,-0.0346211,-0.7345,0.0292948,0.703297,-0.703297,0.527473,0.967033,-2.8125,-42.1573,-0.0871816,-1.70127,seated
9.20656,46,-1.42743,-0.584385,-10.4519,-0.026099,-0.671117,0.0183758,0.527473,-0.703297,0.527473,0.967033,-11.25,-42.1567,-0.353932,-1.66852,seated
9.40668,47,-1.35079,-0.373623,-9.84832,-0.0181095,-0.459662,0.0237021,0.0,-0.703297,0.43956,0.967033,-15.9961,-23.7153,-0.503246,-1.63224,seated
9.60683,48,-1.26457,-0.344883,-9.38848,-0.00719053,-0.117712,0.0205063,0.0,-0.703297,0.43956,0.967033,-17.4023,-7.02612,-0.546013,-1.61935,seated
9.80698,49,-1.28373,-0.450264,-9.54176,0.0114516,0.251669,0.0245011,0.615385,-0.703297,0.43956,0.967033,-14.7656,13.1737,-0.462254,-1.64354,seated
10.0071,50,-1.40827,-0.565225,-10.0591,0.0181095,0.572846,0.02024,0.791209,-0.703297,0.527473,0.967033,-8.61328,30.7382,-0.269978,-1.68316,seated
10.2073,51,-1.56155,-0.450264,-10.5764,0.0183758,0.752343,0.02024,0.175824,-0.703297,0.527473,0.967033,-0.527344,40.4005,-0.0175736,-1.7033,seated
10.4074,52,-1.57113,-0.335303,-10.5189,0.0253,0.77498,0.0135821,-0.0879121,-0.703297,0.527473,0.967033,7.91016,42.1562,0.248198,-1.68647,seated
10.6076,53,-1.49449,-0.411943,-10.0208,0.0253,0.609331,0.0175769,0.527473,-0.703297,0.527473,0.967033,14.2383,31.618,0.448763,-1.64737,seated
10.8077,54,-1.33163,-0.546064,-9.27352,0.00213053,0.230097,0.0181095,1.05495,-0.703297,0.527473,0.967033,17.2266,14.93,0.54292,-1.62072,seated
11.0078,55,-1.32205,-0.469424,-9.24478,-0.0106526,-0.0617853,0.0245011,0.703297,-0.703297,0.527473,1.05495,15.9961,-6.14934,0.503604,-1.63252,seated
11.208,56,-1.38911,-0.335303,-9.75252,-0.0205063,-0.404534,0.0223706,0.0879121,-0.703297,0.527473,1.05495,10.8984,-25.4698,0.342824,-1.67093,seated
11.4081,57,-1.47533,-0.373623,-10.3465,-0.0282295,-0.638093,0.0308927,0.263736,-0.703297,0.527473,0.967033,2.98828,-39.5223,0.0945487,-1.70097,seated
11.6083,58,-1.49449,-0.517324,-10.6147,-0.0316916,-0.721717,0.0300937,0.615385,-0.703297,0.527473,0.967033,-4.74609,-38.6444,-0.148958,-1.69723,seated
11.8084,59,-1.44659,-0.517324,-10.2794,-0.0229032,-0.620517,0.0154463,0.351648,-0.703297,0.527473,0.967033,-12.1289,-36.8858,-0.382232,-1.66266,seated
12.0085,60,-1.33163,-0.383203,-9.70462,-0.0162453,-0.356065,0.0263653,0.0,-0.703297,0.43956,0.967033,-16.5234,-21.9593,-0.519321,-1.62753,seated
12.2087,61,-1.26457,-0.383203,-9.38848,-0.00346211,-0.00772317,0.0119842,0.175824,-0.703297,0.43956,1.05495,-16.6992,-0.878308,-0.523731,-1.62621,seated
12.4088,62,-1.32205,-0.498164,-9.62798,-0.00106526,0.345678,0.0218379,0.703297,-0.703297,0.43956,0.967033,-13.0078,18.4434,-0.407566,-1.65702,seated
12.609,63,-1.48491,-0.526904,-10.1836,0.0205063,0.624778,0.0183758,0.615385,-0.703297,0.527473,0.967033,-5.97656,35.1314,-0.187874,-1.6936,seated
12.8091,64,-1.57113,-0.411943,-10.5477,0.01518,0.763528,0.0237021,0.0,-0.703297,0.527473,0.967033,1.75781,38.6442,0.0540239,-1.7026,seated
13.0092,65,-1.53281,-0.344883,-10.3561,0.0258327,0.728108,0.00958738,0.0,-0.703297,0.527473,1.05495,9.84375,40.3999,0.309379,-1.67701,seated
13.2094,66,-1.42743,-0.431104,-9.84832,0.0221042,0.522779,0.0162453,0.703297,-0.703297,0.527473,1.05495,15.1172,26.3484,0.476715,-1.64003,seated
13.4095,67,-1.36995,-0.536484,-9.30226,0.00319579,0.193612,0.0154463,1.05495,-0.703297,0.527473,0.967033,16.875,8.78269,0.53225,-1.62401,seated
13.6097,68,-1.29331,-0.431104,-9.29268,-0.00852212,-0.154197,0.0242348,0.527473,-0.703297,0.527473,1.05495,14.5898,-11.4178,0.459578,-1.64458,seated
13.8098,69,-1.42743,-0.373623,-9.91538,-0.0205063,-0.470314,0.0306264,0.175824,-0.703297,0.527473,1.05495,8.96484,-28.1047,0.282801,-1.68139,seated
14.01,70,-1.49449,-0.450264,-10.471,-0.0266316,-0.66366,0.026099,0.351648,-0.703297,0.527473,1.05495,1.23047,-38.6428,0.0392418,-1.70298,seated
14.2101,71,-1.49449,-0.517324,-10.5477,-0.0322242,-0.700145,0.0242348,0.527473,-0.703297,0.527473,0.967033,-6.67969,-39.5219,-0.210562,-1.6911,seated
14.4103,72,-1.40827,-0.469424,-10.0591,-0.0191748,-0.572047,0.0194411,0.263736,-0.703297,0.43956,0.967033,-13.1836,-32.4942,-0.415396,-1.6552,seated
14.6104,73,-1.31247,-0.354463,-9.5705,-0.0170442,-0.292681,0.0250337,0.0879121,-0.703297,0.527473,1.05495,-16.3477,-15.8085,-0.513497,-1.62926,seated
14.8105,74,-1.29331,-0.440684,-9.4268,-0.00532632,0.0932106,0.0178432,0.351648,-0.703297,0.43956,0.967033,-15.6445,3.51365,-0.490618,-1.63584,seated
15.0107,75,-1.34121,-0.517324,-9.7621,0.00852212,0.425839,0.0231695,0.615385,-0.703297,0.43956,1.05495,-11.0742,22.8352,-0.347971,-1.66969,seated
15.2108,76,-1.44659,-0.498164,-10.289,0.0199737,0.662594,0.0250337,0.351648,-0.703297,0.527473,1.05495,-4.04297,35.132,-0.128158,-1.69883,seated
15.411,77,-1.53281,-0.383203,-10.5477,0.0175769,0.755273,0.0205063,0.0,-0.703297,0.527473,0.967033,3.86719,39.5221,0.120948,-1.69941,seated
15.6111,78,-1.51365,-0.392783,-10.2028,0.0237021,0.685498,0.0141148,0.263736,-0.703297,0.527473,1.05495,11.0742,36.0088,0.349271,-1.66969,seated
15.8113,79,-1.36037,-0.459844,-9.70462,0.0125169,0.460727,0.0181095,0.791209,-0.703297,0.527473,1.05495,15.4688,21.9558,0.487957,-1.63694,seated
16.0114,80,-1.30289,-0.517324,-9.27352,0.00213053,0.131028,0.0173105,0.879121,-0.703297,0.527473,1.05495,16.3477,4.39125,0.515268,-1.62911,seated
16.2116,81,-1.31247,-0.421523,-9.44596,-0.00852212,-0.219977,0.0253,0.43956,-0.703297,0.527473,0.967033,13.1836,-15.8087,0.41574,-1.65543,seated
16.4117,82,-1.42743,-0.354463,-10.0399,-0.0242348,-0.504136,0.0308927,0.263736,-0.703297,0.527473,1.05495,7.03125,-30.7394,0.222462,-1.68983,seated
16.6118,83,-1.49449,-0.459844,-10.4614,-0.026099,-0.660997,0.0266316,0.43956,-0.703297,0.527473,0.967033,-0.878906,-39.5218,-0.0272673,-1.70318,seated
16.812,84,-1.44659,-0.517324,-10.4135,-0.0250337,-0.664725,0.0239685,0.43956,-0.703297,0.527473,0.967033,-8.4375,-37.7649,-0.266399,-1.6837,seated
17.0121,85,-1.39869,-0.421523,-9.9537,-0.0194411,-0.462058,0.0223706,0.175824,-0.703297,0.43956,1.05495,-14.4141,-29.8601,-0.453823,-1.64573,seated
17.2123,86,-1.31247,-0.354463,-9.50344,-0.00905475,-0.189883,0.0215716,0.175824,-0.703297,0.43956,1.05495,-16.1719,-8.78367,-0.507668,-1.63096,seated
17.4124,87,-1.31247,-0.459844,-9.44596,0.00452737,0.152865,0.0205063,0.527473,-0.703297,0.43956,0.967033,-14.5898,7.90434,-0.457327,-1.64483,seated
17.6125,88,-1.36037,-0.507744,-9.8579,0.0133158,0.464455,0.0218379,0.615385,-0.703297,0.43956,0.967033,-9.31641,26.353,-0.293013,-1.67955,seated
17.8127,89,-1.53281,-0.488584,-10.3561,0.0178432,0.674312,0.0197074,0.263736,-0.703297,0.527473,0.967033,-1.93359,36.8866,-0.0617401,-1.70232,seated
18.0128,90,-1.57113,-0.373623,-10.5093,0.02024,0.732369,0.0167779,0.0879121,-0.703297,0.527473,0.967033,5.97656,39.5223,0.188197,-1.6937,seated
18.213,91,-1.46575,-0.459844,-10.0782,0.0191748,0.620517,0.0167779,0.43956,-0.703297,0.527473,1.05495,12.1289,30.7395,0.383052,-1.66277,seated
18.4131,92,-1.39869,-0.479004,-9.50344,0.0125169,0.331297,0.0154463,0.879121,-0.703297,0.527473,1.05495,15.8203,18.443,0.499179,-1.63378,seated
18.6133,93,-1.31247,-0.479004,-9.2831,-0.00692422,0.0234358,0.0237021,0.703297,-0.703297,0.527473,1.05495,15.4688,-1.75661,0.487484,-1.63707,seated
18.8134,94,-1.37953,-0.373623,-9.58008,-0.0189084,-0.301736,0.0239685,0.351648,-0.703297,0.527473,1.05495,11.4258,-20.1993,0.360707,-1.66742,seated
19.0135,95,-1.45617,-0.431104,-10.1645,-0.0239685,-0.572846,0.026099,0.351648,-0.703297,0.527473,1.05495,4.57031,-34.2568,0.145182,-1.69765,seated
19.2137,96,-1.51365,-0.498164,-10.4998,-0.0263653,-0.665524,0.0279632,0.43956,-0.703297,0.527473,0.967033,-2.8125,-36.8888,-0.0886529,-1.7012,seated
19.4138,97,-1.43701,-0.488584,-10.3082,-0.0266316,-0.614658,0.0162453,0.351648,-0.703297,0.43956,0.967033,-10.1953,-36.8876,-0.32198,-1.67457,seated
19.6139,98,-1.37953,-0.402363,-9.84832,-0.0170442,-0.397344,0.026099,0.0879121,-0.703297,0.43956,1.05495,-14.5898,-21.957,-0.459702,-1.64421,seated
19.8141,99,-1.30289,-0.411943,-9.4747,0.00133158,-0.0878843,0.02024,0.263736,-0.703297,0.43956,1.05495,-15.8203,-6.14773,-0.496464,-1.63419,seated
20.0142,100,-1.30289,-0.450264,-9.5705,0.0015979,0.24794,0.0239685,0.615385,-0.703297,0.43956,1.05495,-13.0078,14.0519,-0.408044,-1.65691,seated
