9.05991e-06,0,-6.89766,0.0287402,-8.82325,0.0106526,1.02771,0.0343548,-2.02198,1.75824,-1.31868,-0.351648,0.0,0.0,0.0131454,-1.67052,extended
0.150093,1,-7.08926,0.105381,-9.07233,0.0167779,1.10628,0.0399474,-2.02198,1.67033,-1.23077,-0.351648,8.26172,55.0473,0.274409,-1.65242,extended
0.30019,2,-6.8785,-0.0383203,-8.58375,0.0117179,1.04849,0.047138,-0.791209,1.67033,-1.23077,-0.351648,16.1719,52.7003,0.526552,-1.59816,extended
0.450287,3,-6.25579,-0.249082,-7.9323,0.0221042,0.829308,0.0266316,0.263736,1.67033,-1.14286,-0.263736,23.0273,45.6735,0.736905,-1.52262,extended
0.600369,4,-5.70973,-0.402363,-7.12758,0.01012,0.547013,0.0199737,0.263736,1.67033,-1.14286,-0.263736,26.0156,19.911,0.823093,-1.48288,extended
0.750468,5,-5.26904,-0.220342,-6.8306,-0.0106526,0.154996,0.0242348,-0.615385,1.67033,-1.14286,-0.263736,26.3672,2.3422,0.828729,-1.48016,extended
0.900558,6,-5.2882,-0.0287402,-6.95514,-0.0114516,-0.206928,0.0173105,-1.31868,1.67033,-1.23077,-0.263736,23.5547,-18.7388,0.744196,-1.51954,extended
1.05066,7,-5.76721,0.0479004,-7.51078,-0.0133158,-0.581634,0.0117179,-1.31868,1.67033,-1.23077,-0.351648,17.7539,-38.6464,0.571799,-1.58436,extended
1.20075,8,-6.43781,-0.105381,-8.35383,-0.0223706,-0.865527,0.015979,-0.703297,1.67033,-1.23077,-0.351648,9.31641,-56.214,0.314805,-1.64625,extended
1.35084,9,-6.96472,-0.277822,-8.92863,-0.0223706,-1.00268,0.00213053,-0.43956,1.75824,-1.31868,-0.351648,1.40625,-52.7055,0.0666446,-1.6699,extended
1.50091,10,-6.9743,-0.277822,-8.96695,-0.0175769,-1.03011,-0.00426106,-0.879121,1.75824,-1.40659,-0.351648,-7.20703,-57.3947,-0.208806,-1.65634,extended
1.651,11,-6.62941,-0.153281,-8.64123,0.0,-0.898817,-0.0117179,-1.58242,1.75824,-1.31868,-0.263736,-14.7656,-50.358,-0.448154,-1.60976,extended
1.8011,12,-6.03545,0.0862207,-8.04727,-0.00878843,-0.655937,0.00798948,-2.02198,1.84615,-1.40659,-0.263736,-19.8633,-33.9615,-0.604627,-1.5606,extended
1.95123,13,-5.49897,-0.0383203,-7.42456,-0.00878843,-0.296942,0.0221042,-1.49451,1.75824,-1.40659,-0.263736,-21.9727,-14.0505,-0.664711,-1.53753,extended
2.10133,14,-5.34568,-0.229922,-7.27128,0.00479369,0.0575243,0.0191748,-0.703297,1.84615,-1.40659,-0.263736,-20.7422,8.19766,-0.623907,-1.55348,extended
2.25143,15,-5.64267,-0.306563,-7.55868,-0.00639159,0.448476,0.0399474,-0.263736,1.93407,-1.49451,-0.263736,-16.6992,26.9353,-0.499593,-1.59528,extended
2.40153,16,-6.25579,-0.306563,-8.15265,0.0,0.750745,0.0348874,-0.879121,1.93407,-1.40659,-0.263736,-10.0195,44.5028,-0.296529,-1.64312,extended
2.55163,17,-6.7827,-0.0766406,-8.71787,0.00585895,0.98244,0.0324906,-1.93407,1.93407,-1.49451,-0.263736,-1.75781,55.0421,-0.0415741,-1.66955,extended
2.70172,18,-7.05094,0.0479004,-8.96695,-0.00266316,1.07352,0.0551274,-2.28571,1.93407,-1.40659,-0.263736,7.03125,58.5567,0.235107,-1.65755,extended
2.85182,19,-6.85934,0.0479004,-8.64123,0.0253,1.04076,0.0332895,-1.67033,1.93407,-1.40659,-0.263736,15.293,55.0421,0.495834,-1.60678,extended
3.00191,20,-6.28453,-0.0958008,-8.04727,0.0239685,0.878311,0.0338221,-0.527473,1.84615,-1.31868,-0.263736,21.4453,40.9897,0.68695,-1.54326,extended
3.15201,21,-5.66183,-0.402363,-7.22338,0.00798948,0.558199,0.0364853,0.175824,1.84615,-1.23077,-0.263736,25.3125,25.7646,0.803109,-1.49257,extended
3.30211,22,-5.32652,-0.316143,-6.86892,0.0106526,0.203199,0.0183758,-0.175824,1.84615,-1.23077,-0.263736,25.8398,3.51333,0.816438,-1.48617,extended
3.4522,23,-5.32652,-0.114961,-6.89766,-0.01012,-0.196541,0.0183758,-1.14286,1.84615,-1.23077,-0.263736,23.3789,-16.3958,0.740535,-1.52112,extended
3.6023,24,-5.71931,0.0,-7.5491,-0.0127832,-0.51905,0.01012,-1.58242,1.84615,-1.31868,-0.263736,17.9297,-36.3051,0.576295,-1.5829,extended
3.75239,25,-6.32285,0.00958008,-8.23887,-0.021039,-0.814128,0.00852212,-1.31868,1.84615,-1.31868,-0.263736,10.5469,-49.1882,0.35052,-1.63998,extended
3.90249,26,-6.84018,-0.210762,-8.79451,-0.0242348,-0.964597,0.00798948,-0.791209,1.84615,-1.40659,-0.263736,2.28516,-55.0429,0.0928905,-1.66903,extended
4.05259,27,-6.9743,-0.287402,-8.95737,-0.0114516,-1.00534,-0.00426106,-0.791209,1.93407,-1.40659,-0.263736,-6.32812,-57.3836,-0.179981,-1.65972,extended
4.20269,28,-6.60067,-0.191602,-8.62207,-0.00559264,-0.894822,-0.010919,-1.40659,1.93407,-1.49451,-0.175824,-13.7109,-49.1853,-0.414145,-1.61843,extended
4.35279,29,-6.04503,-0.00958008,-8.04727,-0.0133158,-0.637028,0.00772317,-1.93407,1.93407,-1.49451,-0.175824,-18.9844,-35.1326,-0.577572,-1.57022,extended
4.50289,30,-5.55645,0.0,-7.48204,-0.00852212,-0.332096,0.0167779,-1.75824,2.02198,-1.49451,-0.175824,-21.2695,-15.2246,-0.644467,-1.54557,extended
4.65291,31,-5.34568,-0.105381,-7.28086,0.00426106,0.0588559,0.0170442,-1.14286,1.93407,-1.49451,-0.175824,-20.5664,4.68671,-0.620693,-1.55469,extended
4.80301,32,-5.63309,-0.277822,-7.5491,-0.00452737,0.398675,0.04048,-0.615385,2.02198,-1.49451,-0.263736,-16.6992,25.7651,-0.501185,-1.59482,extended
4.9531,33,-6.11209,-0.306563,-8.09517,0.00452737,0.72944,0.0335558,-0.791209,1.93407,-1.49451,-0.175824,-10.3711,42.1597,-0.307039,-1.64123,extended
5.1032,34,-6.64857,-0.191602,-8.62207,0.0119842,0.941694,0.0332895,-1.58242,1.93407,-1.49451,-0.175824,-2.46094,52.7002,-0.0619299,-1.66878,extended
5.2533,35,-6.98388,0.00958008,-8.89989,0.000532632,1.04396,0.0484695,-2.1978,1.93407,-1.49451,-0.263736,5.97656,56.2129,0.202299,-1.66119,extended
5.4034,36,-6.86892,0.0479004,-8.68913,0.0157127,1.02585,0.0356864,-1.93407,1.93407,-1.40659,-0.175824,14.4141,56.212,0.467409,-1.61425,extended
5.55349,37,-6.38991,-0.0574805,-7.98021,0.0255663,0.87911,0.0295611,-0.967033,1.84615,-1.31868,-0.263736,20.5664,40.9906,0.658615,-1.5542,extended
5.70359,38,-5.70973,-0.325723,-7.33834,0.0,0.576574,0.0359527,0.0,1.84615,-1.31868,-0.175824,24.4336,25.7644,0.776945,-1.50484,extended
5.85369,39,-5.3361,-0.296982,-6.91682,0.00639159,0.207993,0.015979,-0.0879121,1.84615,-1.31868,-0.263736,25.3125,5.85556,0.801791,-1.49323,extended
6.00378,40,-5.35526,-0.162861,-6.98388,-0.0130495,-0.194411,0.0205063,-1.05495,1.84615,-1.31868,-0.263736,22.5,-18.7383,0.715279,-1.53181,extended
6.15386,41,-5.68099,-0.0287402,-7.46288,-0.0170442,-0.46126,0.0117179,-1.49451,1.84615,-1.31868,-0.175824,18.2812,-28.1117,0.587381,-1.5793,extended
6.30391,42,-6.28453,-0.0479004,-8.09517,-0.02024,-0.76699,0.00479369,-1.58242,1.93407,-1.40659,-0.175824,11.0742,-48.031,0.365829,-1.63706,extended
6.454,43,-6.76354,-0.134121,-8.75619,-0.026099,-0.937965,0.010919,-1.14286,1.93407,-1.40659,-0.263736,2.8125,-55.0436,0.107969,-1.66835,extended
6.60409,44,-6.8785,-0.258662,-8.88073,-0.00798948,-0.97738,0.00213053,-0.879121,1.93407,-1.49451,-0.175824,-5.97656,-58.5574,-0.169365,-1.66085,extended
6.75418,45,-6.59109,-0.220342,-8.62207,-0.00585895,-0.865261,-0.0125169,-1.23077,1.93407,-1.49451,-0.175824,-13.0078,-46.8473,-0.391463,-1.62383,extended
6.90427,46,-6.10251,-0.0479004,-8.08559,-0.0149137,-0.65354,0.00798948,-1.75824,2.02198,-1.49451,-0.175824,-18.1055,-33.9644,-0.549903,-1.57957,extended
7.05436,47,-5.66183,-0.0191602,-7.52994,-0.0117179,-0.360059,0.0229032,-1.75824,1.93407,-1.49451,-0.175824,-20.5664,-16.396,-0.623905,-1.55347,extended
7.20447,48,-5.384,-0.114961,-7.27128,0.00213053,0.0237021,0.0146474,-1.31868,2.02198,-1.49451,-0.175824,-20.0391,3.51317,-0.605615,-1.56027,extended
7.35456,49,-5.56603,-0.191602,-7.53952,-0.00479369,0.390952,0.0338221,-0.791209,2.02198,-1.49451,-0.175824,-16.3477,24.5941,-0.491418,-1.59771,extended
7.50465,50,-6.10251,-0.306563,-8.02811,0.00878843,0.690025,0.0378169,-0.791209,1.93407,-1.49451,-0.175824,-10.3711,39.8187,-0.307039,-1.64123,extended
7.65475,51,-6.65815,-0.182021,-8.58375,0.0066579,0.918791,0.0306264,-1.40659,1.93407,-1.49451,-0.175824,-2.8125,50.3591,-0.0721041,-1.66831,extended
7.80484,52,-6.9264,-0.0287402,-8.84241,-0.00239685,1.02026,0.0516653,-2.02198,1.93407,-1.49451,-0.175824,5.44922,55.0436,0.186606,-1.66273,extended
7.95491,53,-6.85934,0.00958008,-8.62207,0.0138484,0.985902,0.0308927,-1.84615,1.93407,-1.49451,-0.175824,14.9414,63.2547,0.484098,-1.60992,extended
8.10497,54,-6.39949,-0.0287402,-8.09517,0.0231695,0.849282,0.0324906,-1.23077,1.93407,-1.31868,-0.175824,19.6875,31.6263,0.63131,-1.56421,extended
8.25507,55,-5.82469,-0.277822,-7.41498,0.00372843,0.587493,0.0410127,-0.351648,1.93407,-1.31868,-0.175824,23.7305,26.9362,0.755081,-1.51472,extended
8.40516,56,-5.30736,-0.316143,-6.93598,0.00692422,0.237554,0.02024,-0.175824,1.84615,-1.31868,-0.175824,24.7852,7.02683,0.786197,-1.50059,extended
8.55526,57,-5.3361,-0.182021,-6.96472,-0.00772317,-0.0958738,0.0183758,-0.791209,1.84615,-1.31868,-0.175824,22.8516,-12.8822,0.726937,-1.52693,extended
8.70535,58,-5.67141,-0.0670606,-7.4054,-0.0173105,-0.460993,0.0127832,-1.40659,1.93407,-1.31868,-0.175824,18.1055,-31.6208,0.582833,-1.58079,extended
8.85545,59,-6.16957,-0.0191602,-8.00895,-0.0215716,-0.719586,0.00506001,-1.58242,1.93407,-1.40659,-0.175824,11.4258,-44.5033,0.376784,-1.6349,extended
9.00554,60,-6.63899,-0.105381,-8.59333,-0.0191748,-0.897485,0.00532632,-1.31868,1.93407,-1.49451,-0.175824,3.69141,-51.5295,0.134861,-1.66682,extended
9.15564,61,-6.84018,-0.210762,-8.83283,-0.0111853,-0.94702,-0.00266316,-1.05495,1.93407,-1.49451,-0.175824,-4.92188,-57.3835,-0.136991,-1.66392,extended
9.30574,62,-6.57193,-0.210762,-8.55501,-0.00266316,-0.855407,-0.00878843,-1.23077,2.02198,-1.49451,-0.175824,-12.1289,-48.0169,-0.363914,-1.62997,extended
9.45583,63,-6.03545,-0.0862207,-8.04727,-0.0119842,-0.66073,0.00798948,-1.58242,2.02198,-1.49451,-0.175824,-17.4023,-35.1343,-0.527708,-1.58671,extended
9.60591,64,-5.68099,-0.0574805,-7.55868,-0.0098537,-0.347276,0.015979,-1.67033,2.02198,-1.58242,-0.175824,-19.8633,-16.3978,-0.602211,-1.5615,extended
9.756,65,-5.44148,-0.0958008,-7.3096,-0.0015979,-0.0133158,0.0138484,-1.40659,2.02198,-1.58242,-0.175824,-19.6875,1.17118,-0.595574,-1.5639,extended
9.90609,66,-5.53729,-0.201182,-7.5012,0.000266316,0.351537,0.0324906,-0.967033,2.02198,-1.58242,-0.175824,-16.3477,22.2516,-0.492362,-1.59744,extended
10.0562,67,-6.04503,-0.268242,-7.94188,0.00266316,0.642887,0.0335558,-0.879121,2.02198,-1.49451,-0.175824,-10.8984,36.3053,-0.323686,-1.63813,extended
10.2063,68,-6.53361,-0.172441,-8.54543,0.0127832,0.882039,0.0324906,-1.40659,2.02198,-1.49451,-0.175824,-3.33984,50.359,-0.0885235,-1.66741,extended
10.3564,69,-6.86892,-0.0574805,-8.72745,0.00532632,0.990163,0.0511327,-1.93407,1.93407,-1.49451,-0.175824,4.74609,53.8732,0.164846,-1.66463,extended
10.5065,70,-6.80186,0.0,-8.60291,0.0154463,0.977646,0.0375506,-1.84615,1.93407,-1.49451,-0.175824,13.0078,55.0418,0.424471,-1.62464,extended
10.6566,71,-6.36117,-0.0287402,-8.16223,0.0199737,0.841026,0.03036,-1.31868,1.93407,-1.40659,-0.175824,18.8086,38.6494,0.604487,-1.57357,extended
10.8067,72,-5.80553,-0.249082,-7.4054,0.0,0.569118,0.0410127,-0.527473,1.93407,-1.40659,-0.175824,23.0273,28.1065,0.733706,-1.52403,extended
10.9567,73,-5.35526,-0.249082,-6.9743,0.0,0.0780306,0.02024,-0.527473,1.84615,-1.31868,-0.175824,23.7305,4.68456,0.75391,-1.51526,extended
11.1114,74,-5.35526,-0.191602,-7.01262,-0.00745685,-0.107592,0.0221042,-0.791209,1.93407,-1.31868,-0.175824,22.3242,-9.09247,0.71176,-1.53326,extended
11.2615,75,-5.63309,-0.105381,-7.27128,-0.00719053,-0.418383,0.01518,-1.31868,1.93407,-1.40659,-0.175824,18.1055,-28.1087,0.5833,-1.58063,extended
11.4116,76,-6.11209,-0.0766406,-7.96105,-0.0175769,-0.709732,0.0111853,-1.49451,1.93407,-1.40659,-0.175824,11.25,-45.6728,0.371791,-1.63589,extended
11.5617,77,-6.63899,-0.105381,-8.59333,-0.0253,-0.8863,0.0111853,-1.40659,1.93407,-1.49451,-0.175824,3.51562,-51.5313,0.128799,-1.6672,extended
11.7118,78,-6.80186,-0.172441,-8.78493,-0.00958738,-0.930508,0.00932106,-1.14286,1.93407,-1.49451,-0.175824,-4.39453,-52.7018,-0.120785,-1.66523,extended
11.8619,79,-6.54319,-0.191602,-8.59333,-0.00452737,-0.853809,-0.00479369,-1.23077,2.02198,-1.49451,-0.175824,-11.25,-45.6746,-0.336575,-1.63562,extended
12.012,80,-6.11209,-0.0862207,-8.01853,-0.00772317,-0.641289,0.00772317,-1.58242,2.02198,-1.58242,-0.175824,-16.5234,-35.1327,-0.501013,-1.59488,extended
12.1621,81,-5.63309,-0.0670606,-7.597,-0.00798948,-0.36725,0.0106526,-1.67033,2.02198,-1.58242,-0.175824,-19.3359,-18.7378,-0.586438,-1.56714,extended
12.3122,82,-5.49897,-0.124541,-7.33834,0.0066579,-0.0106526,0.0178432,-1.40659,2.02198,-1.58242,-0.0879121,-19.1602,1.1711,-0.57978,-1.56947,extended
12.4623,83,-5.57561,-0.182021,-7.49162,-0.00266316,0.307329,0.0338221,-1.05495,2.02198,-1.58242,-0.175824,-16.1719,19.909,-0.487472,-1.59886,extended
12.6124,84,-5.97797,-0.249082,-7.94188,0.0015979,0.63037,0.0364853,-1.05495,2.02198,-1.49451,-0.175824,-10.7227,36.3041,-0.319166,-1.63899,extended
12.7625,85,-6.53361,-0.143701,-8.46879,0.0098537,0.835167,0.0335558,-1.40659,2.02198,-1.49451,-0.175824,-3.69141,46.8449,-0.0996693,-1.66673,extended
12.9126,86,-6.79228,-0.0862207,-8.69871,0.00319579,0.952613,0.0468716,-1.84615,2.02198,-1.49451,-0.175824,4.39453,53.8709,0.154508,-1.66544,extended
13.0627,87,-6.79228,-0.00958008,-8.55501,0.00932106,0.956075,0.0298274,-1.84615,1.93407,-1.49451,-0.175824,12.3047,52.6997,0.40267,-1.62949,extended
13.2128,88,-6.41865,-0.0670606,-8.04727,0.0167779,0.840494,0.0282295,-1.31868,1.93407,-1.40659,-0.175824,18.2812,39.8189,0.588605,-1.57889,extended
13.3629,89,-5.74805,-0.182021,-7.46288,0.00319579,0.585363,0.0428769,-0.615385,1.93407,-1.40659,-0.175824,22.3242,26.9361,0.712665,-1.53288,extended
13.5129,90,-5.40316,-0.258662,-7.0222,0.00319579,0.305198,0.0154463,-0.527473,1.93407,-1.31868,-0.175824,23.5547,8.20007,0.749078,-1.51738,extended
13.663,91,-5.34568,-0.191602,-6.98388,-0.00559264,-0.0679106,0.0223706,-0.791209,1.93407,-1.31868,-0.175824,22.1484,-9.36887,0.706594,-1.53538,extended
13.8131,92,-5.63309,-0.134121,-7.41498,-0.0162453,-0.370712,0.0167779,-1.31868,1.93407,-1.40659,-0.175824,18.1055,-26.9359,0.5833,-1.58063,extended
13.9632,93,-6.15999,-0.0766406,-7.98021,-0.0191748,-0.664459,0.00532632,-1.40659,1.93407,-1.40659,-0.175824,11.6016,-43.331,0.38322,-1.6336,extended
14.1133,94,-6.55277,-0.0958008,-8.51669,-0.0229032,-0.839162,0.01012,-1.40659,1.93407,-1.49451,-0.175824,4.21875,-49.1871,0.151083,-1.66571,extended
14.2634,95,-6.7348,-0.191602,-8.71787,-0.0175769,-0.900947,0.0,-1.23077,2.02198,-1.49451,-0.175824,-3.69141,-52.6973,-0.0986895,-1.66679,extended
14.4135,96,-6.57193,-0.162861,-8.55501,-0.00346211,-0.840494,-0.0066579,-1.40659,2.02198,-1.49451,-0.0879121,-10.7227,-46.8447,-0.321095,-1.63863,extended
14.5636,97,-6.09293,-0.0958008,-8.08559,-0.00905475,-0.646882,0.00452737,-1.58242,2.02198,-1.58242,-0.175824,-15.8203,-33.9627,-0.479569,-1.60113,extended
14.7137,98,-5.65225,-0.105381,-7.61616,-0.00426106,-0.381897,0.0130495,-1.58242,2.02198,-1.58242,-0.0879121,-18.6328,-18.7377,-0.564863,-1.57459,extended
14.8638,99,-5.47022,-0.124541,-7.36708,0.000266316,-0.0428769,0.0149137,-1.40659,2.02198,-1.58242,-0.0879121,-18.6328,0.0,-0.563934,-1.57491,extended
15.0139,100,-5.57561,-0.172441,-7.43414,-0.00106526,0.268979,0.03542,-1.05495,2.02198,-1.58242,-0.175824,-15.8203,18.7385,-0.476736,-1.60193,extended
15.164,101,-6.00671,-0.239502,-7.91315,-0.000266316,0.591488,0.03542,-1.05495,2.02198,-1.49451,-0.0879121,-10.7227,33.9628,-0.319166,-1.63899,extended
15.3141,102,-6.44739,-0.162861,-8.36341,0.0066579,0.801878,0.0322242,-1.40659,2.02198,-1.49451,-0.175824,-3.86719,45.6735,-0.105241,-1.66635,extended
15.4642,103,-6.7827,-0.0670606,-8.69871,0.0015979,0.935036,0.0450074,-1.84615,2.02198,-1.49451,-0.175824,3.86719,51.5287,0.137799,-1.66661,extended
15.6143,104,-6.74438,-0.0287402,-8.54543,0.00905475,0.93184,0.0375506,-1.75824,1.93407,-1.49451,-0.175824,11.6016,51.528,0.381293,-1.63398,extended
15.7644,105,-6.38033,-0.105381,-8.08559,0.0239685,0.813329,0.0346211,-1.31868,1.93407,-1.40659,-0.0879121,17.5781,39.8199,0.567353,-1.58576,extended
15.9145,106,-5.88217,-0.191602,-7.58742,0.00852212,0.601075,0.0418116,-0.703297,1.93407,-1.40659,-0.175824,21.7969,28.1076,0.696698,-1.53938,extended
16.0645,107,-5.44148,-0.220342,-7.07968,0.00878843,0.287089,0.0154463,-0.527473,1.93407,-1.40659,-0.175824,23.2031,9.36904,0.738837,-1.52183,extended
16.2146,108,-5.41274,-0.172441,-7.03178,-0.00692422,-0.0370179,0.0181095,-0.967033,1.93407,-1.40659,-0.175824,21.7969,-9.36878,0.695334,-1.53994,extended
16.3647,109,-5.61393,-0.134121,-7.4054,-0.0194411,-0.3795,0.0111853,-1.23077,1.93407,-1.40659,-0.175824,17.9297,-25.7643,0.578457,-1.58221,extended
16.5148,110,-6.13125,-0.0574805,-7.91315,-0.015979,-0.635697,0.0066579,-1.40659,1.93407,-1.40659,-0.175824,11.9531,-39.8175,0.394153,-1.63132,extended
16.6649,111,-6.52403,-0.143701,-8.46879,-0.0218379,-0.817857,0.0149137,-1.31868,1.93407,-1.49451,-0.175824,4.57031,-49.1984,0.162707,-1.66482,extended
16.815,112,-6.72521,-0.172441,-8.68913,-0.0138484,-0.879908,0.00559264,-1.23077,2.02198,-1.49451,-0.175824,-3.16406,-51.5304,-0.0819688,-1.66779,extended
16.9651,113,-6.61025,-0.143701,-8.50711,-0.00106526,-0.813329,-0.00585895,-1.40659,2.02198,-1.49451,-0.0879121,-10.0195,-45.6744,-0.299128,-1.64266,extended
17.1152,114,-6.13125,-0.105381,-8.16223,-0.0119842,-0.644219,0.00239685,-1.58242,2.02198,-1.58242,-0.0879121,-15.1172,-33.9621,-0.45805,-1.6071,extended
17.2653,115,-5.71931,-0.0862207,-7.58742,-0.00852212,-0.36219,0.0141148,-1.58242,2.02198,-1.58242,-0.0879121,-18.1055,-19.9076,-0.548972,-1.57988,extended
17.4154,116,-5.50854,-0.105381,-7.4054,0.00346211,-0.0671117,0.0138484,-1.31868,2.02198,-1.58242,-0.0879121,-18.2812,-1.17111,-0.552877,-1.5786,extended
17.5655,117,-5.57561,-0.191602,-7.51078,-0.00372843,0.286556,0.0348874,-1.05495,2.02198,-1.58242,-0.0879121,-15.4688,18.738,-0.46598,-1.60494,extended
17.7156,118,-5.93007,-0.229922,-7.81734,-0.0015979,0.556867,0.0340885,-1.14286,2.02198,-1.49451,-0.0879121,-10.7227,31.6232,-0.319648,-1.6389,extended
17.8657,119,-6.34201,-0.153281,-8.34425,0.00745685,0.796818,0.0316916,-1.49451,2.02198,-1.49451,-0.0879121,-3.51562,48.0178,-0.0945868,-1.66705,extended
18.0158,120,-6.71563,-0.0766406,-8.62207,0.000266316,0.904942,0.046339,-1.84615,2.02198,-1.49451,-0.0879121,3.86719,49.1899,0.137799,-1.66661,extended
18.1659,121,-6.70606,-0.0383203,-8.47837,0.00878843,0.915595,0.036219,-1.67033,2.02198,-1.49451,-0.0879121,11.25,49.1884,0.371127,-1.63602,extended
18.3159,122,-6.33243,-0.0958008,-8.05685,0.015979,0.799481,0.0314253,-1.31868,1.93407,-1.40659,-0.0879121,16.875,37.4866,0.546018,-1.59237,extended
18.466,123,-5.96839,-0.210762,-7.52036,0.00479369,0.573645,0.0402137,-0.703297,1.93407,-1.40659,-0.175824,21.0938,28.1071,0.675923,-1.54758,extended
18.6161,124,-5.55645,-0.268242,-7.13716,0.0098537,0.29348,0.0154463,-0.615385,1.84615,-1.31868,-0.0879121,22.5,9.36867,0.717542,-1.53086,extended
18.7662,125,-5.41274,-0.172441,-7.03178,-0.00372843,-0.0490022,0.0191748,-0.967033,1.93407,-1.31868,-0.0879121,21.4453,-7.02672,0.684956,-1.54406,extended
18.9163,126,-5.66183,-0.0958008,-7.32876,-0.0154463,-0.354999,0.02024,-1.31868,1.93407,-1.40659,-0.0879121,17.7539,-24.5933,0.572674,-1.58407,extended
19.0664,127,-6.05461,-0.0766406,-7.89398,-0.00798948,-0.603739,0.00239685,-1.40659,1.93407,-1.40659,-0.0879121,11.7773,-39.8172,0.388688,-1.63247,extended
19.2165,128,-6.53361,-0.124541,-8.41131,-0.0271642,-0.789894,0.0157127,-1.31868,2.02198,-1.49451,-0.175824,4.74609,-46.8443,0.168578,-1.66434,extended
19.3806,129,-6.65815,-0.191602,-8.60291,-0.0162453,-0.841559,-0.00319579,-2.02198,3.34066,-3.07692,-0.615385,-3.33984,-49.259,-0.105005,-1.7002,seated
19.5307,130,-8.83283,-0.143701,-8.09517,0.00719053,0.98244,-0.0649811,-2.1978,2.9011,-1.84615,-0.791209,-10.1953,-45.6741,-0.323593,-1.67418,seated
19.6808,131,0.488584,-0.958008,-10.1549,-0.0865527,2.28446,-0.0647148,0.527473,-3.78022,1.23077,-0.615385,-14.7656,-30.4492,-0.473027,-1.64037,seated
19.8309,132,-4.50264,-0.651445,-9.91538,0.0356864,-1.13983,0.200003,-0.791209,1.05495,-0.43956,-0.175824,-17.2266,-16.3957,-0.539044,-1.62153,seated
19.981,133,-0.699346,-0.661025,-9.20646,-0.015979,-0.102798,-0.0902812,-0.0879121,0.0,-0.43956,-0.527473,-17.4023,-1.1711,-0.544144,-1.61995,seated
