0.000180006,0,0.0,0.0,0.0,0.0,0.0,0.0,0.0,0.0,0.0,0.0,0.703125,0.0,0.0129973,0.143496,None,seated
0.100308,1,0.0,0.0,0.0,0.0,0.0,0.0,0.0,0.0,0.0,0.0,0.175781,0.0,0.0129973,0.143496,BackwardQ,seated
0.200438,2,0.0,0.0,0.0,0.0,0.0,0.0,0.0,0.0,0.0,0.0,0.0,0.0,0.0129973,0.143496,BackwardQ,seated
0.300512,3,0.0,0.0,0.0,0.0,0.0,0.0,0.0,0.0,0.0,0.0,-0.175781,0.0,0.0178673,0.140658,BackwardQ,extended
0.40058,4,0.0,0.0,0.0,0.0,0.0,0.0,0.0,0.0,0.0,0.0,-0.175781,0.0,0.0178673,0.140658,BackwardQ,extended
0.500649,5,0.0,0.0,0.0,0.0,0.0,0.0,0.0,0.0,0.0,0.0,0.175781,-1.0537,0.0178673,0.140658,BackwardQ,extended
0.600782,6,0.0,0.0,0.0,0.0,0.0,0.0,0.0,0.0,0.0,0.0,0.703125,1.05369,0.0178673,0.140658,BackwardQ,extended
0.700913,7,0.0,0.0,0.0,0.0,0.0,0.0,0.0,0.0,0.0,0.0,1.05469,2.10737,0.0178673,0.140658,BackwardQ,extended
0.801046,8,0.0,0.0,0.0,0.0,0.0,0.0,0.0,0.0,0.0,0.0,1.58203,3.51187,0.0178673,0.140658,BackwardQ,extended
0.901175,9,0.0,0.0,0.0,0.0,0.0,0.0,0.0,0.0,0.0,0.0,2.28516,4.91603,0.0178673,0.140658,BackwardQ,extended
1.0013,10,0.0,0.0,0.0,0.0,0.0,0.0,0.0,0.0,0.0,0.0,2.98828,5.61765,0.0178673,0.140658,BackwardQ,extended
1.10143,11,0.0,0.0,0.0,0.0,0.0,0.0,0.0,0.0,0.0,0.0,3.69141,5.96886,0.0178673,0.140658,BackwardQ,extended
1.20156,12,0.0,0.0,0.0,0.0,0.0,0.0,0.0,0.0,0.0,0.0,4.21875,6.31999,0.0178673,0.140658,BackwardQ,extended
1.30169,13,0.0,0.0,0.0,0.0,0.0,0.0,0.0,0.0,0.0,0.0,4.74609,6.32004,0.0178673,0.140658,BackwardQ,extended
1.40182,14,0.0,0.0,0.0,0.0,0.0,0.0,0.0,0.0,0.0,0.0,5.09766,5.61778,0.0178673,0.140658,BackwardQ,extended
1.50195,15,0.0,0.0,0.0,0.0,0.0,0.0,0.0,0.0,0.0,0.0,5.27344,4.56441,0.0178673,0.140658,BackwardQ,extended
1.60208,16,0.0,0.0,0.0,0.0,0.0,0.0,0.0,0.0,0.0,0.0,5.27344,3.15994,0.0178673,0.140658,BackwardQ,extended
1.70221,17,0.0,0.0,0.0,0.0,0.0,0.0,0.0,0.0,0.0,0.0,5.27344,2.10663,0.0178673,0.140658,BackwardQ,extended
1.80235,18,0.0,0.0,0.0,0.0,0.0,0.0,0.0,0.0,0.0,0.0,4.92188,0.351098,0.0178673,0.140658,BackwardQ,extended
1.90248,19,0.0,0.0,0.0,0.0,0.0,0.0,0.0,0.0,0.0,0.0,4.57031,-1.0533,0.0178673,0.140658,BackwardQ,extended
2.00261,20,0.0,0.0,0.0,0.0,0.0,0.0,0.0,0.0,0.0,0.0,4.04297,-2.45771,0.0178673,0.140658,BackwardQ,extended
2.10273,21,0.0,0.0,0.0,0.0,0.0,0.0,0.0,0.0,0.0,0.0,3.33984,-3.86214,0.0178673,0.140658,BackwardQ,extended
2.20286,22,0.0,0.0,0.0,0.0,0.0,0.0,0.0,0.0,0.0,0.0,2.63672,-5.26656,0.0178673,0.140658,BackwardQ,extended
2.30299,23,0.0,0.0,0.0,0.0,0.0,0.0,0.0,0.0,0.0,0.0,2.10938,-5.6178,0.0178673,0.140658,BackwardQ,extended
2.40312,24,0.0,0.0,0.0,0.0,0.0,0.0,0.0,0.0,0.0,0.0,1.40625,-6.32001,0.0178673,0.140658,BackwardQ,extended
2.50326,25,0.0,0.0,0.0,0.0,0.0,0.0,0.0,0.0,0.0,0.0,0.878906,-6.31989,0.0178673,0.140658,BackwardQ,extended
2.60339,26,0.0,0.0,0.0,0.0,0.0,0.0,0.0,0.0,0.0,0.0,0.351562,-5.96874,0.0178673,0.140658,BackwardQ,extended
2.70353,27,0.0,0.0,0.0,0.0,0.0,0.0,0.0,0.0,0.0,0.0,0.0,-5.26642,0.0178673,0.140658,BackwardQ,extended
2.8036,28,0.0,0.0,0.0,0.0,0.0,0.0,0.0,0.0,0.0,0.0,0.0,-4.21363,0.0178673,0.140658,BackwardQ,extended
2.90367,29,0.0,0.0,0.0,0.0,0.0,0.0,0.0,0.0,0.0,0.0,0.0,-2.80943,0.0178673,0.140658,BackwardQ,extended
3.00374,30,0.0,0.0,0.0,0.0,0.0,0.0,0.0,0.0,0.0,0.0,0.175781,-1.40491,0.0178673,0.140658,BackwardQ,extended
3.10386,31,0.0,0.0,0.0,0.0,0.0,0.0,0.0,0.0,0.0,0.0,0.351562,0.0,0.0178673,0.140658,BackwardQ,extended
3.20399,32,0.0,0.0,0.0,0.0,0.0,0.0,0.0,0.0,0.0,0.0,0.878906,1.75618,0.0178673,0.140658,BackwardQ,extended
3.30412,33,0.0,0.0,0.0,0.0,0.0,0.0,0.0,0.0,0.0,0.0,1.40625,2.80953,0.0178673,0.140658,BackwardQ,extended
3.40426,34,0.0,0.0,0.0,0.0,0.0,0.0,0.0,0.0,0.0,0.0,2.10938,4.21374,0.0178673,0.140658,BackwardQ,extended
3.50439,35,0.0,0.0,0.0,0.0,0.0,0.0,0.0,0.0,0.0,0.0,2.63672,4.91546,0.0178673,0.140658,BackwardQ,extended
3.60452,36,0.0,0.0,0.0,0.0,0.0,0.0,0.0,0.0,0.0,0.0,3.33984,5.96874,0.0178673,0.140658,BackwardQ,extended
3.70464,37,0.0,0.0,0.0,0.0,0.0,0.0,0.0,0.0,0.0,0.0,4.04297,6.31989,0.0178673,0.140658,BackwardQ,extended
3.80478,38,0.0,0.0,0.0,0.0,0.0,0.0,0.0,0.0,0.0,0.0,4.39453,5.96874,0.0178673,0.140658,BackwardQ,extended
3.90491,39,0.0,0.0,0.0,0.0,0.0,0.0,0.0,0.0,0.0,0.0,4.92188,5.6177,0.0178673,0.140658,BackwardQ,extended
4.00504,40,0.0,0.0,0.0,0.0,0.0,0.0,0.0,0.0,0.0,0.0,5.09766,4.91548,0.0178673,0.140658,BackwardQ,extended
4.10517,41,0.0,0.0,0.0,0.0,0.0,0.0,0.0,0.0,0.0,0.0,5.27344,3.86215,0.0178673,0.140658,BackwardQ,extended
4.2053,42,0.0,0.0,0.0,0.0,0.0,0.0,0.0,0.0,0.0,0.0,5.27344,2.45773,0.0178673,0.140658,BackwardQ,extended
4.30542,43,0.0,0.0,0.0,0.0,0.0,0.0,0.0,0.0,0.0,0.0,5.09766,1.40444,0.0178673,0.140658,BackwardQ,extended
4.40554,44,0.0,0.0,0.0,0.0,0.0,0.0,0.0,0.0,0.0,0.0,4.74609,-0.351121,0.0178673,0.140658,BackwardQ,extended
4.50567,45,0.0,0.0,0.0,0.0,0.0,0.0,0.0,0.0,0.0,0.0,4.21875,-1.75561,0.0178673,0.140658,BackwardQ,extended
4.6058,46,0.0,0.0,0.0,0.0,0.0,0.0,0.0,0.0,0.0,0.0,3.69141,-3.1601,0.0178673,0.140658,BackwardQ,extended
4.70593,47,0.0,0.0,0.0,0.0,0.0,0.0,0.0,0.0,0.0,0.0,2.98828,-4.56456,0.0178673,0.140658,BackwardQ,extended
4.80606,48,0.0,0.0,0.0,0.0,0.0,0.0,0.0,0.0,0.0,0.0,2.28516,-5.61785,0.0178673,0.140658,BackwardQ,extended
4.90619,49,0.0,0.0,0.0,0.0,0.0,0.0,0.0,0.0,0.0,0.0,1.58203,-6.31983,0.0178673,0.140658,BackwardQ,extended
5.00632,50,0.0,0.0,0.0,0.0,0.0,0.0,0.0,0.0,0.0,0.0,1.05469,-6.3198,0.0178673,0.140658,BackwardQ,extended
5.10646,51,0.0,0.0,0.0,0.0,0.0,0.0,0.0,0.0,0.0,0.0,0.527344,-6.3198,0.0178673,0.140658,BackwardQ,extended
5.20658,52,0.0,0.0,0.0,0.0,0.0,0.0,0.0,0.0,0.0,0.0,0.175781,-5.61762,0.0178673,0.140658,BackwardQ,extended
5.30671,53,0.0,0.0,0.0,0.0,0.0,0.0,0.0,0.0,0.0,0.0,0.0,-4.5644,0.0178673,0.140658,BackwardQ,extended
5.40678,54,0.0,0.0,0.0,0.0,0.0,0.0,0.0,0.0,0.0,0.0,0.0,-3.16034,0.0178673,0.140658,BackwardQ,extended
5.50685,55,0.0,0.0,0.0,0.0,0.0,0.0,0.0,0.0,0.0,0.0,0.0,-2.10715,0.0178673,0.140658,BackwardQ,extended
5.60693,56,0.0,0.0,0.0,0.0,0.0,0.0,0.0,0.0,0.0,0.0,0.175781,-0.702466,0.0178673,0.140658,BackwardQ,extended
5.70705,57,0.0,0.0,0.0,0.0,0.0,0.0,0.0,0.0,0.0,0.0,0.703125,1.0537,0.0178673,0.140658,BackwardQ,extended
5.80718,58,0.0,0.0,0.0,0.0,0.0,0.0,0.0,0.0,0.0,0.0,1.23047,2.45861,0.0178673,0.140658,BackwardQ,extended
5.90731,59,0.0,0.0,0.0,0.0,0.0,0.0,0.0,0.0,0.0,0.0,1.75781,3.5119,0.0178673,0.140658,BackwardQ,extended
6.00744,60,0.0,0.0,0.0,0.0,0.0,0.0,0.0,0.0,0.0,0.0,2.46094,4.91611,0.0178673,0.140658,BackwardQ,extended
6.10757,61,0.0,0.0,0.0,0.0,0.0,0.0,0.0,0.0,0.0,0.0,2.98828,5.61774,0.0178673,0.140658,BackwardQ,extended
6.2077,62,0.0,0.0,0.0,0.0,0.0,0.0,0.0,0.0,0.0,0.0,3.69141,5.96882,0.0178673,0.140658,BackwardQ,extended
6.30783,63,0.0,0.0,0.0,0.0,0.0,0.0,0.0,0.0,0.0,0.0,4.21875,5.96877,0.0178673,0.140658,BackwardQ,extended
6.40797,64,0.0,0.0,0.0,0.0,0.0,0.0,0.0,0.0,0.0,0.0,4.74609,5.96876,0.0178673,0.140658,BackwardQ,extended
6.5081,65,0.0,0.0,0.0,0.0,0.0,0.0,0.0,0.0,0.0,0.0,5.09766,5.26652,0.0178673,0.140658,BackwardQ,extended
6.60823,66,0.0,0.0,0.0,0.0,0.0,0.0,0.0,0.0,0.0,0.0,5.27344,4.56431,0.0178673,0.140658,BackwardQ,extended
6.70836,67,0.0,0.0,0.0,0.0,0.0,0.0,0.0,0.0,0.0,0.0,5.27344,3.1599,0.0178673,0.140658,BackwardQ,extended
6.80849,68,0.0,0.0,0.0,0.0,0.0,0.0,0.0,0.0,0.0,0.0,5.09766,1.7555,0.0178673,0.140658,BackwardQ,extended
6.90862,69,0.0,0.0,0.0,0.0,0.0,0.0,0.0,0.0,0.0,0.0,4.74609,0.0,0.0178673,0.140658,BackwardQ,extended
7.00876,70,0.0,0.0,0.0,0.0,0.0,0.0,0.0,0.0,0.0,0.0,4.39453,-1.4044,0.0178673,0.140658,BackwardQ,extended
7.10888,71,0.0,0.0,0.0,0.0,0.0,0.0,0.0,0.0,0.0,0.0,3.86719,-2.80881,0.0178673,0.140658,BackwardQ,extended
7.20901,72,0.0,0.0,0.0,0.0,0.0,0.0,0.0,0.0,0.0,0.0,3.16406,-4.21325,0.0178673,0.140658,BackwardQ,extended
7.30914,73,0.0,0.0,0.0,0.0,0.0,0.0,0.0,0.0,0.0,0.0,2.63672,-4.9155,0.0178673,0.140658,BackwardQ,extended
7.40928,74,0.0,0.0,0.0,0.0,0.0,0.0,0.0,0.0,0.0,0.0,1.93359,-5.61763,0.0178673,0.140658,BackwardQ,extended
7.50941,75,0.0,0.0,0.0,0.0,0.0,0.0,0.0,0.0,0.0,0.0,1.40625,-5.96875,0.0178673,0.140658,BackwardQ,extended
7.60954,76,0.0,0.0,0.0,0.0,0.0,0.0,0.0,0.0,0.0,0.0,0.878906,-5.96872,0.0178673,0.140658,BackwardQ,extended
7.70967,77,0.0,0.0,0.0,0.0,0.0,0.0,0.0,0.0,0.0,0.0,0.351562,-5.61763,0.0178673,0.140658,BackwardQ,extended
7.8098,78,0.0,0.0,0.0,0.0,0.0,0.0,0.0,0.0,0.0,0.0,0.175781,-4.91539,0.0178673,0.140658,BackwardQ,extended
7.90994,79,0.0,0.0,0.0,0.0,0.0,0.0,0.0,0.0,0.0,0.0,0.0,-3.86209,0.0178673,0.140658,BackwardQ,extended
8.20044,80,0.0,0.0,0.0,0.0,0.0,0.0,0.0,0.0,0.0,0.0,0.527344,-1.27189,0.0178673,0.140658,BackwardQ,extended
8.30056,81,0.0,0.0,0.0,0.0,0.0,0.0,0.0,0.0,0.0,0.0,1.05469,0.254378,0.0178673,0.140658,BackwardQ,extended
8.40069,82,0.0,0.0,0.0,0.0,0.0,0.0,0.0,0.0,0.0,0.0,2.28516,2.79815,0.0178673,0.140658,BackwardQ,extended
8.50083,83,0.0,0.0,0.0,0.0,0.0,0.0,0.0,0.0,0.0,0.0,3.86719,5.34188,0.0178673,0.140658,BackwardQ,extended
8.60097,84,0.0,0.0,0.0,0.0,0.0,0.0,0.0,0.0,0.0,0.0,5.97656,8.64876,0.0178673,0.140658,BackwardQ,extended
8.7011,85,0.0,0.0,0.0,0.0,0.0,0.0,0.0,0.0,0.0,0.0,8.4375,15.7994,0.0178673,0.140658,BackwardQ,extended
8.80123,86,0.0,0.0,0.0,0.0,0.0,0.0,0.0,0.0,0.0,0.0,11.0742,20.0124,0.0178673,0.140658,BackwardQ,extended
8.90136,87,0.0,0.0,0.0,0.0,0.0,0.0,0.0,0.0,0.0,0.0,13.1836,21.7677,0.0178673,0.140658,BackwardQ,extended
9.00149,88,0.0,0.0,0.0,0.0,0.0,0.0,0.0,0.0,0.0,0.0,14.5898,21.417,0.0178673,0.140658,BackwardQ,extended
9.10163,89,0.0,0.0,0.0,0.0,0.0,0.0,0.0,0.0,0.0,0.0,15.293,18.6083,0.0178673,0.140658,BackwardQ,extended
9.20175,90,0.0,0.0,0.0,0.0,0.0,0.0,0.0,0.0,0.0,0.0,15.293,13.693,0.0178673,0.140658,BackwardQ,extended
9.30189,91,0.0,0.0,0.0,0.0,0.0,0.0,0.0,0.0,0.0,0.0,14.5898,7.02206,0.0178673,0.140658,BackwardQ,extended
9.40201,92,0.0,0.0,0.0,0.0,0.0,0.0,0.0,0.0,0.0,0.0,13.0078,-0.351105,0.0178673,0.140658,BackwardQ,extended
9.50215,93,0.0,0.0,0.0,0.0,0.0,0.0,0.0,0.0,0.0,0.0,10.7227,-7.72428,0.0178673,0.140658,BackwardQ,extended
9.60227,94,0.0,0.0,0.0,0.0,0.0,0.0,0.0,0.0,0.0,0.0,8.08594,-14.3955,0.0178673,0.140658,BackwardQ,extended
9.7024,95,0.0,0.0,0.0,0.0,0.0,0.0,0.0,0.0,0.0,0.0,5.09766,-20.3643,0.0178673,0.140658,BackwardQ,extended
9.80254,96,0.0,0.0,0.0,0.0,0.0,0.0,0.0,0.0,0.0,0.0,1.93359,-25.2796,0.0178673,0.140658,BackwardQ,extended
9.90267,97,0.0,0.0,0.0,0.0,0.0,0.0,0.0,0.0,0.0,0.0,-1.05469,-28.0884,0.0178673,0.140658,BackwardQ,extended
10.0027,98,0.0,0.0,0.0,0.0,0.0,0.0,0.0,0.0,0.0,0.0,-3.86719,-29.1453,0.0178673,0.140658,BackwardQ,extended
10.1028,99,0.0,0.0,0.0,0.0,0.0,0.0,0.0,0.0,0.0,0.0,-6.32812,-28.7975,0.0178673,0.140658,BackwardQ,extended
10.2029,100,0.0,0.0,0.0,0.0,0.0,0.0,0.0,0.0,0.0,0.0,-8.26172,-26.6935,0.0178673,0.140658,BackwardQ,extended
10.303,101,0.0,0.0,0.0,0.0,0.0,0.0,0.0,0.0,0.0,0.0,-9.49219,-22.8326,0.0178673,0.140658,BackwardQ,extended
10.403,102,0.0,0.0,0.0,0.0,0.0,0.0,0.0,0.0,0.0,0.0,-10.0195,-17.9169,0.0178673,0.140658,BackwardQ,extended
10.5031,103,0.0,0.0,0.0,0.0,0.0,0.0,0.0,0.0,0.0,0.0,-9.84375,-11.9446,0.0178673,0.140658,BackwardQ,extended
10.6032,104,0.0,0.0,0.0,0.0,0.0,0.0,0.0,0.0,0.0,0.0,-8.96484,-5.26959,0.0178673,0.140658,BackwardQ,extended
10.7032,105,0.0,0.0,0.0,0.0,0.0,0.0,0.0,0.0,0.0,0.0,-7.20703,2.10784,0.0178673,0.140658,BackwardQ,extended
10.8033,106,0.0,0.0,0.0,0.0,0.0,0.0,0.0,0.0,0.0,0.0,-4.92188,9.13407,0.0178673,0.140658,BackwardQ,extended
10.9048,107,0.0,0.0,0.0,0.0,0.0,0.0,0.0,0.0,0.0,0.0,-2.10938,15.7638,0.0178673,0.140658,BackwardQ,extended
11.0049,108,0.0,0.0,0.0,0.0,0.0,0.0,0.0,0.0,0.0,0.0,0.878906,21.3687,0.0178673,0.140658,BackwardQ,extended
11.105,109,0.0,0.0,0.0,0.0,0.0,0.0,0.0,0.0,0.0,0.0,4.04297,25.9198,0.0178673,0.140658,BackwardQ,extended
11.2051,110,0.0,0.0,0.0,0.0,0.0,0.0,0.0,0.0,0.0,0.0,7.03125,28.3683,0.0178673,0.140658,BackwardQ,extended
11.3053,111,0.0,0.0,0.0,0.0,0.0,0.0,0.0,0.0,0.0,0.0,9.84375,29.4155,0.0178673,0.140658,BackwardQ,extended
11.4054,112,0.0,0.0,0.0,0.0,0.0,0.0,0.0,0.0,0.0,0.0,12.1289,28.4428,0.0178673,0.140658,BackwardQ,extended
11.5055,113,0.0,0.0,0.0,0.0,0.0,0.0,0.0,0.0,0.0,0.0,13.8867,25.982,0.0178673,0.140658,BackwardQ,extended
11.6057,114,0.0,0.0,0.0,0.0,0.0,0.0,0.0,0.0,0.0,0.0,14.9414,21.7687,0.0178673,0.140658,BackwardQ,extended
11.7058,115,0.0,0.0,0.0,0.0,0.0,0.0,0.0,0.0,0.0,0.0,15.293,16.5021,0.0178673,0.140658,BackwardQ,extended
11.8059,116,0.0,0.0,0.0,0.0,0.0,0.0,0.0,0.0,0.0,0.0,14.7656,9.83103,0.0178673,0.140658,BackwardQ,extended
11.9061,117,0.0,0.0,0.0,0.0,0.0,0.0,0.0,0.0,0.0,0.0,13.5352,2.80888,0.0178673,0.140658,BackwardQ,extended
12.0062,118,0.0,0.0,0.0,0.0,0.0,0.0,0.0,0.0,0.0,0.0,11.7773,-4.21326,0.0178673,0.140658,BackwardQ,extended
12.1063,119,0.0,0.0,0.0,0.0,0.0,0.0,0.0,0.0,0.0,0.0,9.31641,-11.2353,0.0178673,0.140658,BackwardQ,extended
12.2065,120,0.0,0.0,0.0,0.0,0.0,0.0,0.0,0.0,0.0,0.0,6.50391,-17.555,0.0178673,0.140658,BackwardQ,extended
12.3066,121,0.0,0.0,0.0,0.0,0.0,0.0,0.0,0.0,0.0,0.0,3.51562,-22.4705,0.0178673,0.140658,BackwardQ,extended
12.4067,122,0.0,0.0,0.0,0.0,0.0,0.0,0.0,0.0,0.0,0.0,0.351562,-26.3323,0.0178673,0.140658,BackwardQ,extended
12.5069,123,0.0,0.0,0.0,0.0,0.0,0.0,0.0,0.0,0.0,0.0,-2.63672,-28.79,0.0178673,0.140658,BackwardQ,extended
12.6069,124,0.0,0.0,0.0,0.0,0.0,0.0,0.0,0.0,0.0,0.0,-5.09766,-28.7933,0.0178673,0.140658,BackwardQ,extended
12.707,125,0.0,0.0,0.0,0.0,0.0,0.0,0.0,0.0,0.0,0.0,-7.38281,-27.7433,0.0178673,0.140658,BackwardQ,extended
12.8071,126,0.0,0.0,0.0,0.0,0.0,0.0,0.0,0.0,0.0,0.0,-8.96484,-24.9368,0.0178673,0.140658,BackwardQ,extended
12.9071,127,0.0,0.0,0.0,0.0,0.0,0.0,0.0,0.0,0.0,0.0,-9.66797,-20.0222,0.0178673,0.140658,BackwardQ,extended
13.0072,128,0.0,0.0,0.0,0.0,0.0,0.0,0.0,0.0,0.0,0.0,-9.84375,-14.4037,0.0178673,0.140658,BackwardQ,extended
13.1079,129,0.0,0.0,0.0,0.0,0.0,0.0,0.0,0.0,0.0,0.0,-9.31641,-8.42116,0.0178673,0.140658,BackwardQ,extended
13.208,130,0.0,0.0,0.0,0.0,0.0,0.0,0.0,0.0,0.0,0.0,-7.91016,-1.05265,0.0178673,0.140658,BackwardQ,extended
13.308,131,0.0,0.0,0.0,0.0,0.0,0.0,0.0,0.0,0.0,0.0,-5.97656,5.96497,0.0178673,0.140658,BackwardQ,extended
13.4081,132,0.0,0.0,0.0,0.0,0.0,0.0,0.0,0.0,0.0,0.0,-3.51562,12.2807,0.0178673,0.140658,BackwardQ,extended
13.5082,133,0.0,0.0,0.0,0.0,0.0,0.0,0.0,0.0,0.0,0.0,-0.527344,18.5965,0.0178673,0.140658,BackwardQ,extended
13.6083,134,0.0,0.0,0.0,0.0,0.0,0.0,0.0,0.0,0.0,0.0,2.46094,23.5374,0.0178673,0.140658,BackwardQ,extended
13.7084,135,0.0,0.0,0.0,0.0,0.0,0.0,0.0,0.0,0.0,0.0,5.625,27.0473,0.0178673,0.140658,BackwardQ,extended
13.8085,136,0.0,0.0,0.0,0.0,0.0,0.0,0.0,0.0,0.0,0.0,8.4375,28.8001,0.0178673,0.140658,BackwardQ,extended
13.9087,137,0.0,0.0,0.0,0.0,0.0,0.0,0.0,0.0,0.0,0.0,10.8984,28.7972,0.0178673,0.140658,BackwardQ,extended
14.0088,138,0.0,0.0,0.0,0.0,0.0,0.0,0.0,0.0,0.0,0.0,12.832,26.6872,0.0178673,0.140658,BackwardQ,extended
14.1089,139,0.0,0.0,0.0,0.0,0.0,0.0,0.0,0.0,0.0,0.0,14.2383,23.5242,0.0178673,0.140658,BackwardQ,extended
14.209,140,0.0,0.0,0.0,0.0,0.0,0.0,0.0,0.0,0.0,0.0,14.9414,18.6087,0.0178673,0.140658,BackwardQ,extended
14.3092,141,0.0,0.0,0.0,0.0,0.0,0.0,0.0,0.0,0.0,0.0,14.9414,12.9911,0.0178673,0.140658,BackwardQ,extended
14.4093,142,0.0,0.0,0.0,0.0,0.0,0.0,0.0,0.0,0.0,0.0,14.0625,6.31985,0.0178673,0.140658,BackwardQ,extended
14.5094,143,0.0,0.0,0.0,0.0,0.0,0.0,0.0,0.0,0.0,0.0,12.4805,-0.702202,0.0178673,0.140658,BackwardQ,extended
14.6095,144,0.0,0.0,0.0,0.0,0.0,0.0,0.0,0.0,0.0,0.0,10.3711,-7.72468,0.0178673,0.140658,BackwardQ,extended
14.7097,145,0.0,0.0,0.0,0.0,0.0,0.0,0.0,0.0,0.0,0.0,7.91016,-14.0448,0.0178673,0.140658,BackwardQ,extended
14.8098,146,0.0,0.0,0.0,0.0,0.0,0.0,0.0,0.0,0.0,0.0,4.92188,-20.0139,0.0178673,0.140658,BackwardQ,extended
14.9099,147,0.0,0.0,0.0,0.0,0.0,0.0,0.0,0.0,0.0,0.0,1.93359,-24.2278,0.0178673,0.140658,BackwardQ,extended
15.0101,148,0.0,0.0,0.0,0.0,0.0,0.0,0.0,0.0,0.0,0.0,-1.23047,-27.388,0.0178673,0.140658,BackwardQ,extended
15.1101,149,0.0,0.0,0.0,0.0,0.0,0.0,0.0,0.0,0.0,0.0,-3.86719,-28.4431,0.0178673,0.140658,BackwardQ,extended
15.2102,150,0.0,0.0,0.0,0.0,0.0,0.0,0.0,0.0,0.0,0.0,-6.32812,-28.4467,0.0178673,0.140658,BackwardQ,extended
15.3103,151,0.0,0.0,0.0,0.0,0.0,0.0,0.0,0.0,0.0,0.0,-8.08594,-25.9914,0.0178673,0.140658,BackwardQ,extended
15.4103,152,0.0,0.0,0.0,0.0,0.0,0.0,0.0,0.0,0.0,0.0,-9.31641,-22.4812,0.0178673,0.140658,BackwardQ,extended
15.5104,153,0.0,0.0,0.0,0.0,0.0,0.0,0.0,0.0,0.0,0.0,-9.66797,-16.8626,0.0178673,0.140658,BackwardQ,extended
15.6105,154,0.0,0.0,0.0,0.0,0.0,0.0,0.0,0.0,0.0,0.0,-9.49219,-11.2417,0.0178673,0.140658,BackwardQ,extended
15.7106,155,0.0,0.0,0.0,0.0,0.0,0.0,0.0,0.0,0.0,0.0,-8.4375,-4.21564,0.0178673,0.140658,BackwardQ,extended
15.8106,156,0.0,0.0,0.0,0.0,0.0,0.0,0.0,0.0,0.0,0.0,-6.85547,2.45913,0.0178673,0.140658,BackwardQ,extended
15.9107,157,0.0,0.0,0.0,0.0,0.0,0.0,0.0,0.0,0.0,0.0,-4.57031,9.48525,0.0178673,0.140658,BackwardQ,extended
16.0108,158,0.0,0.0,0.0,0.0,0.0,0.0,0.0,0.0,0.0,0.0,-1.93359,15.4575,0.0178673,0.140658,BackwardQ,extended
16.1109,159,0.0,0.0,0.0,0.0,0.0,0.0,0.0,0.0,0.0,0.0,1.05469,21.0784,0.0178673,0.140658,BackwardQ,extended
16.211,160,0.0,0.0,0.0,0.0,0.0,0.0,0.0,0.0,0.0,0.0,4.04297,24.9399,0.0178673,0.140658,BackwardQ,extended
16.3111,161,0.0,0.0,0.0,0.0,0.0,0.0,0.0,0.0,0.0,0.0,7.03125,27.7467,0.0178673,0.140658,BackwardQ,extended
16.4112,162,0.0,0.0,0.0,0.0,0.0,0.0,0.0,0.0,0.0,0.0,9.66797,28.4458,0.0178673,0.140658,BackwardQ,extended
16.5114,163,0.0,0.0,0.0,0.0,0.0,0.0,0.0,0.0,0.0,0.0,11.9531,27.7401,0.0178673,0.140658,BackwardQ,extended
16.6115,164,0.0,0.0,0.0,0.0,0.0,0.0,0.0,0.0,0.0,0.0,13.5352,24.9278,0.0178673,0.140658,BackwardQ,extended
16.7117,165,0.0,0.0,0.0,0.0,0.0,0.0,0.0,0.0,0.0,0.0,14.5898,21.0657,0.0178673,0.140658,BackwardQ,extended
16.8118,166,0.0,0.0,0.0,0.0,0.0,0.0,0.0,0.0,0.0,0.0,14.7656,15.4481,0.0178673,0.140658,BackwardQ,extended
16.9119,167,0.0,0.0,0.0,0.0,0.0,0.0,0.0,0.0,0.0,0.0,14.4141,9.4796,0.0178673,0.140658,BackwardQ,extended
17.012,168,0.0,0.0,0.0,0.0,0.0,0.0,0.0,0.0,0.0,0.0,13.1836,2.45772,0.0178673,0.140658,BackwardQ,extended
17.1122,169,0.0,0.0,0.0,0.0,0.0,0.0,0.0,0.0,0.0,0.0,11.4258,-4.21331,0.0178673,0.140658,BackwardQ,extended
17.2123,170,0.0,0.0,0.0,0.0,0.0,0.0,0.0,0.0,0.0,0.0,9.14062,-10.8843,0.0178673,0.140658,BackwardQ,extended
17.3124,171,0.0,0.0,0.0,0.0,0.0,0.0,0.0,0.0,0.0,0.0,6.32812,-16.8532,0.0178673,0.140658,BackwardQ,extended
17.4126,172,0.0,0.0,0.0,0.0,0.0,0.0,0.0,0.0,0.0,0.0,3.33984,-22.1195,0.0178673,0.140658,BackwardQ,extended
17.5127,173,0.0,0.0,0.0,0.0,0.0,0.0,0.0,0.0,0.0,0.0,0.351562,-25.6306,0.0178673,0.140658,BackwardQ,extended
17.6128,174,0.0,0.0,0.0,0.0,0.0,0.0,0.0,0.0,0.0,0.0,-2.63672,-28.0881,0.0178673,0.140658,BackwardQ,extended
17.7129,175,0.0,0.0,0.0,0.0,0.0,0.0,0.0,0.0,0.0,0.0,-5.09766,-28.4421,0.0178673,0.140658,BackwardQ,extended
17.813,176,0.0,0.0,0.0,0.0,0.0,0.0,0.0,0.0,0.0,0.0,-7.20703,-27.0408,0.0178673,0.140658,BackwardQ,extended
17.913,177,0.0,0.0,0.0,0.0,0.0,0.0,0.0,0.0,0.0,0.0,-8.61328,-23.8831,0.0178673,0.140658,BackwardQ,extended
18.0131,178,0.0,0.0,0.0,0.0,0.0,0.0,0.0,0.0,0.0,0.0,-9.49219,-19.6708,0.0178673,0.140658,BackwardQ,extended
18.1132,179,0.0,0.0,0.0,0.0,0.0,0.0,0.0,0.0,0.0,0.0,-9.49219,-13.701,0.0178673,0.140658,BackwardQ,extended
18.2133,180,0.0,0.0,0.0,0.0,0.0,0.0,0.0,0.0,0.0,0.0,-8.96484,-7.7289,0.0178673,0.140658,BackwardQ,extended
18.3133,181,0.0,0.0,0.0,0.0,0.0,0.0,0.0,0.0,0.0,0.0,-7.55859,-0.702625,0.0178673,0.140658,BackwardQ,extended
18.4134,182,0.0,0.0,0.0,0.0,0.0,0.0,0.0,0.0,0.0,0.0,-5.625,5.97227,0.0178673,0.140658,BackwardQ,extended
18.5135,183,0.0,0.0,0.0,0.0,0.0,0.0,0.0,0.0,0.0,0.0,-3.16406,12.6471,0.0178673,0.140658,BackwardQ,extended
18.6136,184,0.0,0.0,0.0,0.0,0.0,0.0,0.0,0.0,0.0,0.0,-0.351562,18.2681,0.0178673,0.140658,BackwardQ,extended
18.7136,185,0.0,0.0,0.0,0.0,0.0,0.0,0.0,0.0,0.0,0.0,2.63672,23.1865,0.0178673,0.140658,BackwardQ,extended
18.8137,186,0.0,0.0,0.0,0.0,0.0,0.0,0.0,0.0,0.0,0.0,5.625,26.3456,0.0178673,0.140658,BackwardQ,extended
18.9139,187,0.0,0.0,0.0,0.0,0.0,0.0,0.0,0.0,0.0,0.0,8.4375,28.0988,0.0178673,0.140658,BackwardQ,extended
19.014,188,0.0,0.0,0.0,0.0,0.0,0.0,0.0,0.0,0.0,0.0,10.7227,27.7444,0.0178673,0.140658,BackwardQ,extended
19.1141,189,0.0,0.0,0.0,0.0,0.0,0.0,0.0,0.0,0.0,0.0,12.6562,25.9851,0.0178673,0.140658,BackwardQ,extended
19.2143,190,0.0,0.0,0.0,0.0,0.0,0.0,0.0,0.0,0.0,0.0,14.0625,22.8216,0.0178673,0.140658,BackwardQ,extended
19.3144,191,0.0,0.0,0.0,0.0,0.0,0.0,0.0,0.0,0.0,0.0,14.5898,17.9059,0.0178673,0.140658,BackwardQ,extended
19.4145,192,0.0,0.0,0.0,0.0,0.0,0.0,0.0,0.0,0.0,0.0,14.5898,12.2884,0.0178673,0.140658,BackwardQ,extended
19.5147,193,0.0,0.0,0.0,0.0,0.0,0.0,0.0,0.0,0.0,0.0,13.7109,5.96869,0.0178673,0.140658,BackwardQ,extended
19.6148,194,0.0,0.0,0.0,0.0,0.0,0.0,0.0,0.0,0.0,0.0,12.3047,-0.702206,0.0178673,0.140658,BackwardQ,extended
19.7149,195,0.0,0.0,0.0,0.0,0.0,0.0,0.0,0.0,0.0,0.0,10.1953,-7.72442,0.0178673,0.140658,BackwardQ,extended
19.8151,196,0.0,0.0,0.0,0.0,0.0,0.0,0.0,0.0,0.0,0.0,7.55859,-14.0443,0.0178673,0.140658,BackwardQ,extended
19.9152,197,0.0,0.0,0.0,0.0,0.0,0.0,0.0,0.0,0.0,0.0,4.74609,-19.662,0.0178673,0.140658,BackwardQ,extended
20.0153,198,0.0,0.0,0.0,0.0,0.0,0.0,0.0,0.0,0.0,0.0,1.75781,-23.8751,0.0178673,0.140658,BackwardQ,extended
20.1154,199,0.0,0.0,0.0,0.0,0.0,0.0,0.0,0.0,0.0,0.0,-1.05469,-26.6837,0.0178673,0.140658,BackwardQ,extended
20.2155,200,0.0,0.0,0.0,0.0,0.0,0.0,0.0,0.0,0.0,0.0,-3.69141,-27.7402,0.0178673,0.140658,BackwardQ,extended
20.3156,201,0.0,0.0,0.0,0.0,0.0,0.0,0.0,0.0,0.0,0.0,-6.15234,-27.3927,0.0178673,0.140658,BackwardQ,extended
20.4157,202,0.0,0.0,0.0,0.0,0.0,0.0,0.0,0.0,0.0,0.0,-7.91016,-25.2888,0.0178673,0.140658,BackwardQ,extended
20.5157,203,0.0,0.0,0.0,0.0,0.0,0.0,0.0,0.0,0.0,0.0,-8.96484,-21.4274,0.0178673,0.140658,BackwardQ,extended
20.6158,204,0.0,0.0,0.0,0.0,0.0,0.0,0.0,0.0,0.0,0.0,-9.49219,-16.8629,0.0178673,0.140658,BackwardQ,extended
20.7159,205,0.0,0.0,0.0,0.0,0.0,0.0,0.0,0.0,0.0,0.0,-9.14062,-10.8905,0.0178673,0.140658,BackwardQ,extended
20.8159,206,0.0,0.0,0.0,0.0,0.0,0.0,0.0,0.0,0.0,0.0,-8.26172,-4.2157,0.0178673,0.140658,BackwardQ,extended
20.916,207,0.0,0.0,0.0,0.0,0.0,0.0,0.0,0.0,0.0,0.0,-6.50391,2.81044,0.0178673,0.140658,BackwardQ,extended
21.0161,208,0.0,0.0,0.0,0.0,0.0,0.0,0.0,0.0,0.0,0.0,-4.39453,9.1341,0.0178673,0.140658,BackwardQ,extended
21.1162,209,0.0,0.0,0.0,0.0,0.0,0.0,0.0,0.0,0.0,0.0,-1.75781,15.4577,0.0178673,0.140658,BackwardQ,extended
21.2162,210,0.0,0.0,0.0,0.0,0.0,0.0,0.0,0.0,0.0,0.0,1.23047,20.7275,0.0178673,0.140658,BackwardQ,extended
21.3164,211,0.0,0.0,0.0,0.0,0.0,0.0,0.0,0.0,0.0,0.0,4.04297,24.5885,0.0178673,0.140658,BackwardQ,extended
21.4165,212,0.0,0.0,0.0,0.0,0.0,0.0,0.0,0.0,0.0,0.0,7.03125,27.0439,0.0178673,0.140658,BackwardQ,extended
21.5166,213,0.0,0.0,0.0,0.0,0.0,0.0,0.0,0.0,0.0,0.0,9.49219,27.7432,0.0178673,0.140658,BackwardQ,extended
21.6168,214,0.0,0.0,0.0,0.0,0.0,0.0,0.0,0.0,0.0,0.0,11.7773,27.0377,0.0178673,0.140658,BackwardQ,extended
21.7169,215,0.0,0.0,0.0,0.0,0.0,0.0,0.0,0.0,0.0,0.0,13.3594,24.2257,0.0178673,0.140658,BackwardQ,extended
21.817,216,0.0,0.0,0.0,0.0,0.0,0.0,0.0,0.0,0.0,0.0,14.2383,20.3639,0.0178673,0.140658,BackwardQ,extended
21.9172,217,0.0,0.0,0.0,0.0,0.0,0.0,0.0,0.0,0.0,0.0,14.5898,15.0974,0.0178673,0.140658,BackwardQ,extended
22.0173,218,0.0,0.0,0.0,0.0,0.0,0.0,0.0,0.0,0.0,0.0,14.0625,9.12863,0.0178673,0.140658,BackwardQ,extended
22.1174,219,0.0,0.0,0.0,0.0,0.0,0.0,0.0,0.0,0.0,0.0,12.832,2.10659,0.0178673,0.140658,BackwardQ,extended
22.2176,220,0.0,0.0,0.0,0.0,0.0,0.0,0.0,0.0,0.0,0.0,11.0742,-4.56429,0.0178673,0.140658,BackwardQ,extended
22.3177,221,0.0,0.0,0.0,0.0,0.0,0.0,0.0,0.0,0.0,0.0,8.78906,-10.8841,0.0178673,0.140658,BackwardQ,extended
22.4178,222,0.0,0.0,0.0,0.0,0.0,0.0,0.0,0.0,0.0,0.0,6.15234,-16.8531,0.0178673,0.140658,BackwardQ,extended
22.5179,223,0.0,0.0,0.0,0.0,0.0,0.0,0.0,0.0,0.0,0.0,3.33984,-21.4175,0.0178673,0.140658,BackwardQ,extended
22.6181,224,0.0,0.0,0.0,0.0,0.0,0.0,0.0,0.0,0.0,0.0,0.175781,-25.28,0.0178673,0.140658,BackwardQ,extended
22.7182,225,0.0,0.0,0.0,0.0,0.0,0.0,0.0,0.0,0.0,0.0,-2.46094,-27.035,0.0178673,0.140658,BackwardQ,extended
22.8183,226,0.0,0.0,0.0,0.0,0.0,0.0,0.0,0.0,0.0,0.0,-4.92188,-27.3891,0.0178673,0.140658,BackwardQ,extended
22.9184,227,0.0,0.0,0.0,0.0,0.0,0.0,0.0,0.0,0.0,0.0,-7.03125,-26.3389,0.0178673,0.140658,BackwardQ,extended
23.0184,228,0.0,0.0,0.0,0.0,0.0,0.0,0.0,0.0,0.0,0.0,-8.4375,-23.5322,0.0178673,0.140658,BackwardQ,extended
23.1185,229,0.0,0.0,0.0,0.0,0.0,0.0,0.0,0.0,0.0,0.0,-9.14062,-18.6171,0.0178673,0.140658,BackwardQ,extended
23.2186,230,0.0,0.0,0.0,0.0,0.0,0.0,0.0,0.0,0.0,0.0,-9.14062,-13.3499,0.0178673,0.140658,BackwardQ,extended
23.3186,231,0.0,0.0,0.0,0.0,0.0,0.0,0.0,0.0,0.0,0.0,-8.61328,-7.3775,0.0178673,0.140658,BackwardQ,extended
23.4187,232,0.0,0.0,0.0,0.0,0.0,0.0,0.0,0.0,0.0,0.0,-7.20703,-0.351308,0.0178673,0.140658,BackwardQ,extended
23.5188,233,0.0,0.0,0.0,0.0,0.0,0.0,0.0,0.0,0.0,0.0,-5.44922,5.97224,0.0178673,0.140658,BackwardQ,extended
23.6189,234,0.0,0.0,0.0,0.0,0.0,0.0,0.0,0.0,0.0,0.0,-2.98828,12.2957,0.0178673,0.140658,BackwardQ,extended
23.7202,235,0.0,0.0,0.0,0.0,0.0,0.0,0.0,0.0,0.0,0.0,-0.175781,17.8712,0.0178673,0.140658,BackwardQ,extended
23.8203,236,0.0,0.0,0.0,0.0,0.0,0.0,0.0,0.0,0.0,0.0,2.63672,22.4267,0.0178673,0.140658,BackwardQ,extended
23.9204,237,0.0,0.0,0.0,0.0,0.0,0.0,0.0,0.0,0.0,0.0,5.625,25.5777,0.0178673,0.140658,BackwardQ,extended
24.0205,238,0.0,0.0,0.0,0.0,0.0,0.0,0.0,0.0,0.0,0.0,8.26172,27.3264,0.0178673,0.140658,BackwardQ,extended
24.1207,239,0.0,0.0,0.0,0.0,0.0,0.0,0.0,0.0,0.0,0.0,10.7227,27.323,0.0178673,0.140658,BackwardQ,extended
24.2208,240,0.0,0.0,0.0,0.0,0.0,0.0,0.0,0.0,0.0,0.0,12.4805,25.2824,0.0178673,0.140658,BackwardQ,extended
24.3209,241,0.0,0.0,0.0,0.0,0.0,0.0,0.0,0.0,0.0,0.0,13.7109,22.1195,0.0178673,0.140658,BackwardQ,extended
24.4211,242,0.0,0.0,0.0,0.0,0.0,0.0,0.0,0.0,0.0,0.0,14.2383,17.204,0.0178673,0.140658,BackwardQ,extended
24.5212,243,0.0,0.0,0.0,0.0,0.0,0.0,0.0,0.0,0.0,0.0,14.2383,11.9373,0.0178673,0.140658,BackwardQ,extended
24.6213,244,0.0,0.0,0.0,0.0,0.0,0.0,0.0,0.0,0.0,0.0,13.3594,5.2665,0.0178673,0.140658,BackwardQ,extended
24.7215,245,0.0,0.0,0.0,0.0,0.0,0.0,0.0,0.0,0.0,0.0,11.9531,-1.0533,0.0178673,0.140658,BackwardQ,extended
24.8215,246,0.0,0.0,0.0,0.0,0.0,0.0,0.0,0.0,0.0,0.0,9.84375,-7.72504,0.0178673,0.140658,BackwardQ,extended
24.9217,247,0.0,0.0,0.0,0.0,0.0,0.0,0.0,0.0,0.0,0.0,7.38281,-13.6944,0.0178673,0.140658,BackwardQ,extended
25.0218,248,0.0,0.0,0.0,0.0,0.0,0.0,0.0,0.0,0.0,0.0,4.57031,-19.3131,0.0178673,0.140658,BackwardQ,extended
25.1219,249,0.0,0.0,0.0,0.0,0.0,0.0,0.0,0.0,0.0,0.0,1.75781,-23.1759,0.0178673,0.140658,BackwardQ,extended
25.222,250,0.0,0.0,0.0,0.0,0.0,0.0,0.0,0.0,0.0,0.0,-1.23047,-26.3363,0.0178673,0.140658,BackwardQ,extended
25.3221,251,0.0,0.0,0.0,0.0,0.0,0.0,0.0,0.0,0.0,0.0,-3.69141,-27.039,0.0178673,0.140658,BackwardQ,extended
25.4222,252,0.0,0.0,0.0,0.0,0.0,0.0,0.0,0.0,0.0,0.0,-5.97656,-26.6908,0.0178673,0.140658,BackwardQ,extended
25.5223,253,0.0,0.0,0.0,0.0,0.0,0.0,0.0,0.0,0.0,0.0,-7.73438,-24.5862,0.0178673,0.140658,BackwardQ,extended
25.6223,254,0.0,0.0,0.0,0.0,0.0,0.0,0.0,0.0,0.0,0.0,-8.78906,-21.0762,0.0178673,0.140658,BackwardQ,extended
25.7224,255,0.0,0.0,0.0,0.0,0.0,0.0,0.0,0.0,0.0,0.0,-9.14062,-15.8089,0.0178673,0.140658,BackwardQ,extended
25.8225,256,0.0,0.0,0.0,0.0,0.0,0.0,0.0,0.0,0.0,0.0,-8.78906,-10.188,0.0178673,0.140658,BackwardQ,extended
25.9225,257,0.0,0.0,0.0,0.0,0.0,0.0,0.0,0.0,0.0,0.0,-7.91016,-3.8644,0.0178673,0.140658,BackwardQ,extended
26.0226,258,0.0,0.0,0.0,0.0,0.0,0.0,0.0,0.0,0.0,0.0,-6.15234,3.16179,0.0178673,0.140658,BackwardQ,extended
26.1227,259,0.0,0.0,0.0,0.0,0.0,0.0,0.0,0.0,0.0,0.0,-4.04297,9.4855,0.0178673,0.140658,BackwardQ,extended
26.2228,260,0.0,0.0,0.0,0.0,0.0,0.0,0.0,0.0,0.0,0.0,-1.40625,15.4579,0.0178673,0.140658,BackwardQ,extended
26.3228,261,0.0,0.0,0.0,0.0,0.0,0.0,0.0,0.0,0.0,0.0,1.23047,20.025,0.0178673,0.140658,BackwardQ,extended
26.423,262,0.0,0.0,0.0,0.0,0.0,0.0,0.0,0.0,0.0,0.0,4.21875,24.238,0.0178673,0.140658,BackwardQ,extended
26.5231,263,0.0,0.0,0.0,0.0,0.0,0.0,0.0,0.0,0.0,0.0,7.03125,26.3422,0.0178673,0.140658,BackwardQ,extended
26.6232,264,0.0,0.0,0.0,0.0,0.0,0.0,0.0,0.0,0.0,0.0,9.49219,27.0412,0.0178673,0.140658,BackwardQ,extended
26.7234,265,0.0,0.0,0.0,0.0,0.0,0.0,0.0,0.0,0.0,0.0,11.4258,25.6335,0.0178673,0.140658,BackwardQ,extended
26.8235,266,0.0,0.0,0.0,0.0,0.0,0.0,0.0,0.0,0.0,0.0,13.1836,23.875,0.0178673,0.140658,BackwardQ,extended
26.9235,267,0.0,0.0,0.0,0.0,0.0,0.0,0.0,0.0,0.0,0.0,14.0625,19.6648,0.0178673,0.140658,BackwardQ,extended
27.0237,268,0.0,0.0,0.0,0.0,0.0,0.0,0.0,0.0,0.0,0.0,14.2383,14.3976,0.0178673,0.140658,BackwardQ,extended
27.1238,269,0.0,0.0,0.0,0.0,0.0,0.0,0.0,0.0,0.0,0.0,13.7109,8.42797,0.0178673,0.140658,BackwardQ,extended
27.2239,270,0.0,0.0,0.0,0.0,0.0,0.0,0.0,0.0,0.0,0.0,12.6562,2.45817,0.0178673,0.140658,BackwardQ,extended
27.324,271,0.0,0.0,0.0,0.0,0.0,0.0,0.0,0.0,0.0,0.0,10.7227,-4.91638,0.0178673,0.140658,BackwardQ,extended
27.4242,272,0.0,0.0,0.0,0.0,0.0,0.0,0.0,0.0,0.0,0.0,8.61328,-10.885,0.0178673,0.140658,BackwardQ,extended
27.5243,273,0.0,0.0,0.0,0.0,0.0,0.0,0.0,0.0,0.0,0.0,5.80078,-16.8539,0.0178673,0.140658,BackwardQ,extended
27.6244,274,0.0,0.0,0.0,0.0,0.0,0.0,0.0,0.0,0.0,0.0,3.16406,-21.067,0.0178673,0.140658,BackwardQ,extended
27.7245,275,0.0,0.0,0.0,0.0,0.0,0.0,0.0,0.0,0.0,0.0,0.175781,-24.9301,0.0178673,0.140658,BackwardQ,extended
27.8247,276,0.0,0.0,0.0,0.0,0.0,0.0,0.0,0.0,0.0,0.0,-2.46094,-26.3345,0.0178673,0.140658,BackwardQ,extended
27.9247,277,0.0,0.0,0.0,0.0,0.0,0.0,0.0,0.0,0.0,0.0,-4.74609,-26.688,0.0178673,0.140658,BackwardQ,extended
28.0248,278,0.0,0.0,0.0,0.0,0.0,0.0,0.0,0.0,0.0,0.0,-6.85547,-25.2865,0.0178673,0.140658,BackwardQ,extended
28.1249,279,0.0,0.0,0.0,0.0,0.0,0.0,0.0,0.0,0.0,0.0,-8.26172,-22.8309,0.0178673,0.140658,BackwardQ,extended
28.2249,280,0.0,0.0,0.0,0.0,0.0,0.0,0.0,0.0,0.0,0.0,-8.96484,-18.2662,0.0178673,0.140658,BackwardQ,extended
28.325,281,0.0,0.0,0.0,0.0,0.0,0.0,0.0,0.0,0.0,0.0,-8.96484,-12.9986,0.0178673,0.140658,BackwardQ,extended
28.4251,282,0.0,0.0,0.0,0.0,0.0,0.0,0.0,0.0,0.0,0.0,-8.26172,-7.0262,0.0178673,0.140658,BackwardQ,extended
28.5252,283,0.0,0.0,0.0,0.0,0.0,0.0,0.0,0.0,0.0,0.0,-6.85547,0.0,0.0178673,0.140658,BackwardQ,extended
28.6252,284,0.0,0.0,0.0,0.0,0.0,0.0,0.0,0.0,0.0,0.0,-5.09766,6.32346,0.0178673,0.140658,BackwardQ,extended
28.7253,285,0.0,0.0,0.0,0.0,0.0,0.0,0.0,0.0,0.0,0.0,-2.63672,12.6469,0.0178673,0.140658,BackwardQ,extended
28.8254,286,0.0,0.0,0.0,0.0,0.0,0.0,0.0,0.0,0.0,0.0,0.0,17.9164,0.0178673,0.140658,BackwardQ,extended
28.9255,287,0.0,0.0,0.0,0.0,0.0,0.0,0.0,0.0,0.0,0.0,2.8125,22.1321,0.0178673,0.140658,BackwardQ,extended
29.0255,288,0.0,0.0,0.0,0.0,0.0,0.0,0.0,0.0,0.0,0.0,5.625,24.9421,0.0178673,0.140658,BackwardQ,extended
29.1257,289,0.0,0.0,0.0,0.0,0.0,0.0,0.0,0.0,0.0,0.0,8.26172,26.6961,0.0178673,0.140658,BackwardQ,extended
29.2258,290,0.0,0.0,0.0,0.0,0.0,0.0,0.0,0.0,0.0,0.0,10.5469,26.3419,0.0178673,0.140658,BackwardQ,extended
29.3259,291,0.0,0.0,0.0,0.0,0.0,0.0,0.0,0.0,0.0,0.0,12.3047,24.5831,0.0178673,0.140658,BackwardQ,extended
29.4261,292,0.0,0.0,0.0,0.0,0.0,0.0,0.0,0.0,0.0,0.0,13.5352,21.42,0.0178673,0.140658,BackwardQ,extended
29.5262,293,0.0,0.0,0.0,0.0,0.0,0.0,0.0,0.0,0.0,0.0,14.0625,16.8533,0.0178673,0.140658,BackwardQ,extended
29.6263,294,0.0,0.0,0.0,0.0,0.0,0.0,0.0,0.0,0.0,0.0,13.8867,11.2355,0.0178673,0.140658,BackwardQ,extended
29.7264,295,0.0,0.0,0.0,0.0,0.0,0.0,0.0,0.0,0.0,0.0,13.1836,5.26656,0.0178673,0.140658,BackwardQ,extended
29.8265,296,0.0,0.0,0.0,0.0,0.0,0.0,0.0,0.0,0.0,0.0,11.6016,-1.40452,0.0178673,0.140658,BackwardQ,extended
29.9267,297,0.0,0.0,0.0,0.0,0.0,0.0,0.0,0.0,0.0,0.0,9.66797,-7.72485,0.0178673,0.140658,BackwardQ,extended
30.0268,298,0.0,0.0,0.0,0.0,0.0,0.0,0.0,0.0,0.0,0.0,7.20703,-13.6941,0.0178673,0.140658,BackwardQ,extended
30.1269,299,0.0,0.0,0.0,0.0,0.0,0.0,0.0,0.0,0.0,0.0,4.39453,-18.9613,0.0178673,0.140658,BackwardQ,extended
30.2271,300,0.0,0.0,0.0,0.0,0.0,0.0,0.0,0.0,0.0,0.0,1.58203,-23.1751,0.0178673,0.140658,BackwardQ,extended
30.3272,301,0.0,0.0,0.0,0.0,0.0,0.0,0.0,0.0,0.0,0.0,-1.23047,-25.6313,0.0178673,0.140658,BackwardQ,extended
30.4272,302,0.0,0.0,0.0,0.0,0.0,0.0,0.0,0.0,0.0,0.0,-3.69141,-26.6877,0.0178673,0.140658,BackwardQ,extended
30.5273,303,0.0,0.0,0.0,0.0,0.0,0.0,0.0,0.0,0.0,0.0,-5.80078,-25.9885,0.0178673,0.140658,BackwardQ,extended
30.6274,304,0.0,0.0,0.0,0.0,0.0,0.0,0.0,0.0,0.0,0.0,-7.38281,-23.5326,0.0178673,0.140658,BackwardQ,extended
30.7275,305,0.0,0.0,0.0,0.0,0.0,0.0,0.0,0.0,0.0,0.0,-8.4375,-20.0227,0.0178673,0.140658,BackwardQ,extended
30.8275,306,0.0,0.0,0.0,0.0,0.0,0.0,0.0,0.0,0.0,0.0,-8.78906,-15.1068,0.0178673,0.140658,BackwardQ,extended
30.9276,307,0.0,0.0,0.0,0.0,0.0,0.0,0.0,0.0,0.0,0.0,-8.61328,-9.83704,0.0178673,0.140658,BackwardQ,extended
31.0277,308,0.0,0.0,0.0,0.0,0.0,0.0,0.0,0.0,0.0,0.0,-7.55859,-3.51323,0.0178673,0.140658,BackwardQ,extended
31.1277,309,0.0,0.0,0.0,0.0,0.0,0.0,0.0,0.0,0.0,0.0,-5.97656,2.81061,0.0178673,0.140658,BackwardQ,extended
31.2278,310,0.0,0.0,0.0,0.0,0.0,0.0,0.0,0.0,0.0,0.0,-3.69141,9.48585,0.0178673,0.140658,BackwardQ,extended
31.3279,311,0.0,0.0,0.0,0.0,0.0,0.0,0.0,0.0,0.0,0.0,-1.23047,15.1068,0.0178673,0.140658,BackwardQ,extended
31.4279,312,0.0,0.0,0.0,0.0,0.0,0.0,0.0,0.0,0.0,0.0,1.40625,20.0253,0.0178673,0.140658,BackwardQ,extended
31.5281,313,0.0,0.0,0.0,0.0,0.0,0.0,0.0,0.0,0.0,0.0,4.21875,23.5357,0.0178673,0.140658,BackwardQ,extended
31.6282,314,0.0,0.0,0.0,0.0,0.0,0.0,0.0,0.0,0.0,0.0,7.03125,25.9914,0.0178673,0.140658,BackwardQ,extended
31.7283,315,0.0,0.0,0.0,0.0,0.0,0.0,0.0,0.0,0.0,0.0,9.31641,25.9881,0.0178673,0.140658,BackwardQ,extended
31.8285,316,0.0,0.0,0.0,0.0,0.0,0.0,0.0,0.0,0.0,0.0,11.4258,25.2827,0.0178673,0.140658,BackwardQ,extended
31.9286,317,0.0,0.0,0.0,0.0,0.0,0.0,0.0,0.0,0.0,0.0,12.832,22.8221,0.0178673,0.140658,BackwardQ,extended
32.0287,318,0.0,0.0,0.0,0.0,0.0,0.0,0.0,0.0,0.0,0.0,13.7109,18.9598,0.0178673,0.140658,BackwardQ,extended
32.1288,319,0.0,0.0,0.0,0.0,0.0,0.0,0.0,0.0,0.0,0.0,13.8867,13.6933,0.0178673,0.140658,BackwardQ,extended
32.229,320,0.0,0.0,0.0,0.0,0.0,0.0,0.0,0.0,0.0,0.0,13.3594,8.07549,0.0178673,0.140658,BackwardQ,extended
32.3291,321,0.0,0.0,0.0,0.0,0.0,0.0,0.0,0.0,0.0,0.0,12.3047,1.75556,0.0178673,0.140658,BackwardQ,extended
32.4292,322,0.0,0.0,0.0,0.0,0.0,0.0,0.0,0.0,0.0,0.0,10.5469,-4.56442,0.0178673,0.140658,BackwardQ,extended
32.5294,323,0.0,0.0,0.0,0.0,0.0,0.0,0.0,0.0,0.0,0.0,8.26172,-10.8843,0.0178673,0.140658,BackwardQ,extended
32.6295,324,0.0,0.0,0.0,0.0,0.0,0.0,0.0,0.0,0.0,0.0,5.80078,-16.1509,0.0178673,0.140658,BackwardQ,extended
32.7295,325,0.0,0.0,0.0,0.0,0.0,0.0,0.0,0.0,0.0,0.0,2.98828,-20.7188,0.0178673,0.140658,BackwardQ,extended
32.8297,326,0.0,0.0,0.0,0.0,0.0,0.0,0.0,0.0,0.0,0.0,0.175781,-24.2302,0.0178673,0.140658,BackwardQ,extended
32.9298,327,0.0,0.0,0.0,0.0,0.0,0.0,0.0,0.0,0.0,0.0,-2.46094,-25.9861,0.0178673,0.140658,BackwardQ,extended
33.0299,328,0.0,0.0,0.0,0.0,0.0,0.0,0.0,0.0,0.0,0.0,-4.74609,-25.9894,0.0178673,0.140658,BackwardQ,extended
33.1299,329,0.0,0.0,0.0,0.0,0.0,0.0,0.0,0.0,0.0,0.0,-6.67969,-24.9384,0.0178673,0.140658,BackwardQ,extended
33.23,330,0.0,0.0,0.0,0.0,0.0,0.0,0.0,0.0,0.0,0.0,-7.91016,-21.7761,0.0178673,0.140658,BackwardQ,extended
33.3301,331,0.0,0.0,0.0,0.0,0.0,0.0,0.0,0.0,0.0,0.0,-8.61328,-17.5634,0.0178673,0.140658,BackwardQ,extended
33.4302,332,0.0,0.0,0.0,0.0,0.0,0.0,0.0,0.0,0.0,0.0,-8.61328,-12.2958,0.0178673,0.140658,BackwardQ,extended
33.5302,333,0.0,0.0,0.0,0.0,0.0,0.0,0.0,0.0,0.0,0.0,-7.91016,-6.32351,0.0178673,0.140658,BackwardQ,extended
33.6303,334,0.0,0.0,0.0,0.0,0.0,0.0,0.0,0.0,0.0,0.0,-6.67969,0.0,0.0178673,0.140658,BackwardQ,extended
33.7304,335,0.0,0.0,0.0,0.0,0.0,0.0,0.0,0.0,0.0,0.0,-4.74609,6.32347,0.0178673,0.140658,BackwardQ,extended
33.8305,336,0.0,0.0,0.0,0.0,0.0,0.0,0.0,0.0,0.0,0.0,-2.46094,12.2956,0.0178673,0.140658,BackwardQ,extended
33.9305,337,0.0,0.0,0.0,0.0,0.0,0.0,0.0,0.0,0.0,0.0,0.175781,17.5652,0.0178673,0.140658,BackwardQ,extended
34.0307,338,0.0,0.0,0.0,0.0,0.0,0.0,0.0,0.0,0.0,0.0,2.98828,21.7785,0.0178673,0.140658,BackwardQ,extended
34.1308,339,0.0,0.0,0.0,0.0,0.0,0.0,0.0,0.0,0.0,0.0,5.625,24.5858,0.0178673,0.140658,BackwardQ,extended
34.2309,340,0.0,0.0,0.0,0.0,0.0,0.0,0.0,0.0,0.0,0.0,8.26172,25.9879,0.0178673,0.140658,BackwardQ,extended
34.331,341,0.0,0.0,0.0,0.0,0.0,0.0,0.0,0.0,0.0,0.0,10.3711,25.634,0.0178673,0.140658,BackwardQ,extended
34.4312,342,0.0,0.0,0.0,0.0,0.0,0.0,0.0,0.0,0.0,0.0,12.1289,23.8756,0.0178673,0.140658,BackwardQ,extended
34.5313,343,0.0,0.0,0.0,0.0,0.0,0.0,0.0,0.0,0.0,0.0,13.3594,20.7155,0.0178673,0.140658,BackwardQ,extended
34.6314,344,0.0,0.0,0.0,0.0,0.0,0.0,0.0,0.0,0.0,0.0,13.8867,16.5018,0.0178673,0.140658,BackwardQ,extended
34.7315,345,0.0,0.0,0.0,0.0,0.0,0.0,0.0,0.0,0.0,0.0,13.5352,10.5338,0.0178673,0.140658,BackwardQ,extended
34.8317,346,0.0,0.0,0.0,0.0,0.0,0.0,0.0,0.0,0.0,0.0,12.832,4.91581,0.0178673,0.140658,BackwardQ,extended
34.9318,347,0.0,0.0,0.0,0.0,0.0,0.0,0.0,0.0,0.0,0.0,11.25,-1.75564,0.0178673,0.140658,BackwardQ,extended
35.0319,348,0.0,0.0,0.0,0.0,0.0,0.0,0.0,0.0,0.0,0.0,9.31641,-8.07597,0.0178673,0.140658,BackwardQ,extended
35.132,349,0.0,0.0,0.0,0.0,0.0,0.0,0.0,0.0,0.0,0.0,6.85547,-14.0454,0.0178673,0.140658,BackwardQ,extended
35.2322,350,0.0,0.0,0.0,0.0,0.0,0.0,0.0,0.0,0.0,0.0,4.21875,-18.609,0.0178673,0.140658,BackwardQ,extended
35.3323,351,0.0,0.0,0.0,0.0,0.0,0.0,0.0,0.0,0.0,0.0,1.58203,-22.4709,0.0178673,0.140658,BackwardQ,extended
35.4324,352,0.0,0.0,0.0,0.0,0.0,0.0,0.0,0.0,0.0,0.0,-1.23047,-24.9284,0.0178673,0.140658,BackwardQ,extended
35.5325,353,0.0,0.0,0.0,0.0,0.0,0.0,0.0,0.0,0.0,0.0,-3.51562,-25.6336,0.0178673,0.140658,BackwardQ,extended
35.6326,354,0.0,0.0,0.0,0.0,0.0,0.0,0.0,0.0,0.0,0.0,-5.625,-24.9341,0.0178673,0.140658,BackwardQ,extended
35.7326,355,0.0,0.0,0.0,0.0,0.0,0.0,0.0,0.0,0.0,0.0,-7.20703,-22.8299,0.0178673,0.140658,BackwardQ,extended
35.8327,356,0.0,0.0,0.0,0.0,0.0,0.0,0.0,0.0,0.0,0.0,-8.26172,-19.6713,0.0178673,0.140658,BackwardQ,extended
35.9328,357,0.0,0.0,0.0,0.0,0.0,0.0,0.0,0.0,0.0,0.0,-8.61328,-14.7552,0.0178673,0.140658,BackwardQ,extended
36.0329,358,0.0,0.0,0.0,0.0,0.0,0.0,0.0,0.0,0.0,0.0,-8.26172,-9.48556,0.0178673,0.140658,BackwardQ,extended
36.1329,359,0.0,0.0,0.0,0.0,0.0,0.0,0.0,0.0,0.0,0.0,-7.20703,-3.16183,0.0178673,0.140658,BackwardQ,extended
36.233,360,0.0,0.0,0.0,0.0,0.0,0.0,0.0,0.0,0.0,0.0,-5.625,3.16181,0.0178673,0.140658,BackwardQ,extended
36.3331,361,0.0,0.0,0.0,0.0,0.0,0.0,0.0,0.0,0.0,0.0,-3.51562,9.48528,0.0178673,0.140658,BackwardQ,extended
36.4332,362,0.0,0.0,0.0,0.0,0.0,0.0,0.0,0.0,0.0,0.0,-1.05469,15.1062,0.0178673,0.140658,BackwardQ,extended
36.5332,363,0.0,0.0,0.0,0.0,0.0,0.0,0.0,0.0,0.0,0.0,1.58203,19.6732,0.0178673,0.140658,BackwardQ,extended
36.6334,364,0.0,0.0,0.0,0.0,0.0,0.0,0.0,0.0,0.0,0.0,4.39453,23.1836,0.0178673,0.140658,BackwardQ,extended
36.7335,365,0.0,0.0,0.0,0.0,0.0,0.0,0.0,0.0,0.0,0.0,7.03125,25.2881,0.0178673,0.140658,BackwardQ,extended
36.8335,366,0.0,0.0,0.0,0.0,0.0,0.0,0.0,0.0,0.0,0.0,9.31641,25.6406,0.0178673,0.140658,BackwardQ,extended
36.9337,367,0.0,0.0,0.0,0.0,0.0,0.0,0.0,0.0,0.0,0.0,11.25,24.5841,0.0178673,0.140658,BackwardQ,extended
37.0338,368,0.0,0.0,0.0,0.0,0.0,0.0,0.0,0.0,0.0,0.0,12.6562,22.1231,0.0178673,0.140658,BackwardQ,extended
37.1339,369,0.0,0.0,0.0,0.0,0.0,0.0,0.0,0.0,0.0,0.0,13.5352,18.2605,0.0178673,0.140658,BackwardQ,extended
37.2341,370,0.0,0.0,0.0,0.0,0.0,0.0,0.0,0.0,0.0,0.0,13.7109,13.3444,0.0178673,0.140658,BackwardQ,extended
37.3342,371,0.0,0.0,0.0,0.0,0.0,0.0,0.0,0.0,0.0,0.0,13.1836,7.72446,0.0178673,0.140658,BackwardQ,extended
37.4343,372,0.0,0.0,0.0,0.0,0.0,0.0,0.0,0.0,0.0,0.0,11.9531,1.40444,0.0178673,0.140658,BackwardQ,extended
37.5344,373,0.0,0.0,0.0,0.0,0.0,0.0,0.0,0.0,0.0,0.0,10.1953,-4.91553,0.0178673,0.140658,BackwardQ,extended
37.6345,374,0.0,0.0,0.0,0.0,0.0,0.0,0.0,0.0,0.0,0.0,8.08594,-10.8852,0.0178673,0.140658,BackwardQ,extended
37.7347,375,0.0,0.0,0.0,0.0,0.0,0.0,0.0,0.0,0.0,0.0,5.625,-16.1522,0.0178673,0.140658,BackwardQ,extended
37.8348,376,0.0,0.0,0.0,0.0,0.0,0.0,0.0,0.0,0.0,0.0,2.8125,-20.7168,0.0178673,0.140658,BackwardQ,extended
37.9349,377,0.0,0.0,0.0,0.0,0.0,0.0,0.0,0.0,0.0,0.0,0.175781,-23.5262,0.0178673,0.140658,BackwardQ,extended
38.035,378,0.0,0.0,0.0,0.0,0.0,0.0,0.0,0.0,0.0,0.0,-2.46094,-25.2819,0.0178673,0.140658,BackwardQ,extended
38.1351,379,0.0,0.0,0.0,0.0,0.0,0.0,0.0,0.0,0.0,0.0,-4.74609,-25.6339,0.0178673,0.140658,BackwardQ,extended
38.2352,380,0.0,0.0,0.0,0.0,0.0,0.0,0.0,0.0,0.0,0.0,-6.50391,-24.2319,0.0178673,0.140658,BackwardQ,extended
38.3353,381,0.0,0.0,0.0,0.0,0.0,0.0,0.0,0.0,0.0,0.0,-7.73438,-21.0739,0.0178673,0.140658,BackwardQ,extended
38.4353,382,0.0,0.0,0.0,0.0,0.0,0.0,0.0,0.0,0.0,0.0,-8.4375,-17.2123,0.0178673,0.140658,BackwardQ,extended
38.5354,383,0.0,0.0,0.0,0.0,0.0,0.0,0.0,0.0,0.0,0.0,-8.26172,-11.5934,0.0178673,0.140658,BackwardQ,extended
38.6355,384,0.0,0.0,0.0,0.0,0.0,0.0,0.0,0.0,0.0,0.0,-7.73438,-5.97235,0.0178673,0.140658,BackwardQ,extended
38.7355,385,0.0,0.0,0.0,0.0,0.0,0.0,0.0,0.0,0.0,0.0,-6.32812,0.351313,0.0178673,0.140658,BackwardQ,extended
38.8356,386,0.0,0.0,0.0,0.0,0.0,0.0,0.0,0.0,0.0,0.0,-4.39453,6.67497,0.0178673,0.140658,BackwardQ,extended
38.9357,387,0.0,0.0,0.0,0.0,0.0,0.0,0.0,0.0,0.0,0.0,-2.28516,12.2958,0.0178673,0.140658,BackwardQ,extended
39.0358,388,0.0,0.0,0.0,0.0,0.0,0.0,0.0,0.0,0.0,0.0,0.351562,17.2142,0.0178673,0.140658,BackwardQ,extended
39.1359,389,0.0,0.0,0.0,0.0,0.0,0.0,0.0,0.0,0.0,0.0,2.98828,21.4276,0.0178673,0.140658,BackwardQ,extended
39.236,390,0.0,0.0,0.0,0.0,0.0,0.0,0.0,0.0,0.0,0.0,5.80078,24.2351,0.0178673,0.140658,BackwardQ,extended
39.3361,391,0.0,0.0,0.0,0.0,0.0,0.0,0.0,0.0,0.0,0.0,8.26172,25.2861,0.0178673,0.140658,BackwardQ,extended
39.4363,392,0.0,0.0,0.0,0.0,0.0,0.0,0.0,0.0,0.0,0.0,10.3711,25.2831,0.0178673,0.140658,BackwardQ,extended
39.5364,393,0.0,0.0,0.0,0.0,0.0,0.0,0.0,0.0,0.0,0.0,11.9531,23.1734,0.0178673,0.140658,BackwardQ,extended
39.6365,394,0.0,0.0,0.0,0.0,0.0,0.0,0.0,0.0,0.0,0.0,13.1836,20.3643,0.0178673,0.140658,BackwardQ,extended
39.7367,395,0.0,0.0,0.0,0.0,0.0,0.0,0.0,0.0,0.0,0.0,13.5352,15.4475,0.0178673,0.140658,BackwardQ,extended
39.8368,396,0.0,0.0,0.0,0.0,0.0,0.0,0.0,0.0,0.0,0.0,13.3594,10.1812,0.0178673,0.140658,BackwardQ,extended
39.937,397,0.0,0.0,0.0,0.0,0.0,0.0,0.0,0.0,0.0,0.0,12.4805,4.21291,0.0178673,0.140658,BackwardQ,extended
40.0371,398,0.0,0.0,0.0,0.0,0.0,0.0,0.0,0.0,0.0,0.0,11.0742,-1.75539,0.0178673,0.140658,BackwardQ,extended
40.1372,399,0.0,0.0,0.0,0.0,0.0,0.0,0.0,0.0,0.0,0.0,9.14062,-8.07486,0.0178673,0.140658,BackwardQ,extended
40.2374,400,0.0,0.0,0.0,0.0,0.0,0.0,0.0,0.0,0.0,0.0,6.67969,-13.6931,0.0178673,0.140658,BackwardQ,extended
40.3375,401,0.0,0.0,0.0,0.0,0.0,0.0,0.0,0.0,0.0,0.0,4.04297,-18.6085,0.0178673,0.140658,BackwardQ,extended
40.4376,402,0.0,0.0,0.0,0.0,0.0,0.0,0.0,0.0,0.0,0.0,1.40625,-22.1196,0.0178673,0.140658,BackwardQ,extended
40.5377,403,0.0,0.0,0.0,0.0,0.0,0.0,0.0,0.0,0.0,0.0,-1.23047,-24.5773,0.0178673,0.140658,BackwardQ,extended
40.6378,404,0.0,0.0,0.0,0.0,0.0,0.0,0.0,0.0,0.0,0.0,-3.51562,-25.2822,0.0178673,0.140658,BackwardQ,extended
40.7379,405,0.0,0.0,0.0,0.0,0.0,0.0,0.0,0.0,0.0,0.0,-5.625,-24.5833,0.0178673,0.140658,BackwardQ,extended
40.838,406,0.0,0.0,0.0,0.0,0.0,0.0,0.0,0.0,0.0,0.0,-7.03125,-22.1275,0.0178673,0.140658,BackwardQ,extended
40.938,407,0.0,0.0,0.0,0.0,0.0,0.0,0.0,0.0,0.0,0.0,-8.08594,-18.9687,0.0178673,0.140658,BackwardQ,extended
41.0381,408,0.0,0.0,0.0,0.0,0.0,0.0,0.0,0.0,0.0,0.0,-8.26172,-14.0524,0.0178673,0.140658,BackwardQ,extended
41.1404,409,0.0,0.0,0.0,0.0,0.0,0.0,0.0,0.0,0.0,0.0,-7.91016,-8.74305,0.0178673,0.140658,BackwardQ,extended
41.2405,410,0.0,0.0,0.0,0.0,0.0,0.0,0.0,0.0,0.0,0.0,-6.85547,-2.44803,0.0178673,0.140658,BackwardQ,extended
41.3406,411,0.0,0.0,0.0,0.0,0.0,0.0,0.0,0.0,0.0,0.0,-5.27344,3.4972,0.0178673,0.140658,BackwardQ,extended
41.4407,412,0.0,0.0,0.0,0.0,0.0,0.0,0.0,0.0,0.0,0.0,-3.16406,9.79217,0.0178673,0.140658,BackwardQ,extended
41.5407,413,0.0,0.0,0.0,0.0,0.0,0.0,0.0,0.0,0.0,0.0,-0.878906,14.6885,0.0178673,0.140658,BackwardQ,extended
41.6408,414,0.0,0.0,0.0,0.0,0.0,0.0,0.0,0.0,0.0,0.0,1.93359,19.6738,0.0178673,0.140658,BackwardQ,extended
41.7409,415,0.0,0.0,0.0,0.0,0.0,0.0,0.0,0.0,0.0,0.0,4.57031,22.8328,0.0178673,0.140658,BackwardQ,extended
41.8411,416,0.0,0.0,0.0,0.0,0.0,0.0,0.0,0.0,0.0,0.0,7.03125,24.5863,0.0178673,0.140658,BackwardQ,extended
41.9412,417,0.0,0.0,0.0,0.0,0.0,0.0,0.0,0.0,0.0,0.0,9.31641,24.9344,0.0178673,0.140658,BackwardQ,extended
42.0413,418,0.0,0.0,0.0,0.0,0.0,0.0,0.0,0.0,0.0,0.0,11.25,24.2293,0.0178673,0.140658,BackwardQ,extended
42.1414,419,0.0,0.0,0.0,0.0,0.0,0.0,0.0,0.0,0.0,0.0,12.4805,21.0667,0.0178673,0.140658,BackwardQ,extended
42.2415,420,0.0,0.0,0.0,0.0,0.0,0.0,0.0,0.0,0.0,0.0,13.3594,17.557,0.0178673,0.140658,BackwardQ,extended
42.3417,421,0.0,0.0,0.0,0.0,0.0,0.0,0.0,0.0,0.0,0.0,13.3594,12.6409,0.0178673,0.140658,BackwardQ,extended
42.4418,422,0.0,0.0,0.0,0.0,0.0,0.0,0.0,0.0,0.0,0.0,12.832,7.02276,0.0178673,0.140658,BackwardQ,extended
42.5419,423,0.0,0.0,0.0,0.0,0.0,0.0,0.0,0.0,0.0,0.0,11.6016,0.702276,0.0178673,0.140658,BackwardQ,extended
42.6421,424,0.0,0.0,0.0,0.0,0.0,0.0,0.0,0.0,0.0,0.0,9.84375,-5.267,0.0178673,0.140658,BackwardQ,extended
42.7422,425,0.0,0.0,0.0,0.0,0.0,0.0,0.0,0.0,0.0,0.0,7.73438,-11.2354,0.0178673,0.140658,BackwardQ,extended
42.8423,426,0.0,0.0,0.0,0.0,0.0,0.0,0.0,0.0,0.0,0.0,5.27344,-16.1509,0.0178673,0.140658,BackwardQ,extended
42.9424,427,0.0,0.0,0.0,0.0,0.0,0.0,0.0,0.0,0.0,0.0,2.63672,-20.3641,0.0178673,0.140658,BackwardQ,extended
43.0426,428,0.0,0.0,0.0,0.0,0.0,0.0,0.0,0.0,0.0,0.0,0.0,-23.1729,0.0178673,0.140658,BackwardQ,extended
43.1596,429,0.0,0.0,0.0,0.0,0.0,0.0,0.0,0.0,0.0,0.0,-2.8125,-24.4547,0.0178673,0.140658,BackwardQ,extended
43.2597,430,0.0,0.0,0.0,0.0,0.0,0.0,0.0,0.0,0.0,0.0,-4.92188,-24.4577,0.0178673,0.140658,BackwardQ,extended
43.3597,431,0.0,0.0,0.0,0.0,0.0,0.0,0.0,0.0,0.0,0.0,-6.67969,-23.1017,0.0178673,0.140658,BackwardQ,extended
43.4598,432,0.0,0.0,0.0,0.0,0.0,0.0,0.0,0.0,0.0,0.0,-7.73438,-20.0464,0.0178673,0.140658,BackwardQ,extended
43.5599,433,0.0,0.0,0.0,0.0,0.0,0.0,0.0,0.0,0.0,0.0,-8.26172,-15.971,0.0178673,0.140658,BackwardQ,extended
43.6599,434,0.0,0.0,0.0,0.0,0.0,0.0,0.0,0.0,0.0,0.0,-7.91016,-10.1882,0.0178673,0.140658,BackwardQ,extended
43.76,435,0.0,0.0,0.0,0.0,0.0,0.0,0.0,0.0,0.0,0.0,-7.20703,-4.56706,0.0178673,0.140658,BackwardQ,extended
43.8601,436,0.0,0.0,0.0,0.0,0.0,0.0,0.0,0.0,0.0,0.0,-5.80078,1.75654,0.0178673,0.140658,BackwardQ,extended
43.9602,437,0.0,0.0,0.0,0.0,0.0,0.0,0.0,0.0,0.0,0.0,-3.86719,7.72884,0.0178673,0.140658,BackwardQ,extended
44.0602,438,0.0,0.0,0.0,0.0,0.0,0.0,0.0,0.0,0.0,0.0,-1.58203,13.3498,0.0178673,0.140658,BackwardQ,extended
44.1603,439,0.0,0.0,0.0,0.0,0.0,0.0,0.0,0.0,0.0,0.0,1.05469,17.9168,0.0178673,0.140658,BackwardQ,extended
44.2604,440,0.0,0.0,0.0,0.0,0.0,0.0,0.0,0.0,0.0,0.0,3.69141,21.7787,0.0178673,0.140658,BackwardQ,extended
44.3606,441,0.0,0.0,0.0,0.0,0.0,0.0,0.0,0.0,0.0,0.0,6.32812,24.2349,0.0178673,0.140658,BackwardQ,extended
44.4607,442,0.0,0.0,0.0,0.0,0.0,0.0,0.0,0.0,0.0,0.0,8.61328,24.934,0.0178673,0.140658,BackwardQ,extended
44.5608,443,0.0,0.0,0.0,0.0,0.0,0.0,0.0,0.0,0.0,0.0,10.5469,24.2287,0.0178673,0.140658,BackwardQ,extended
44.661,444,0.0,0.0,0.0,0.0,0.0,0.0,0.0,0.0,0.0,0.0,12.1289,22.1193,0.0178673,0.140658,BackwardQ,extended
44.7611,445,0.0,0.0,0.0,0.0,0.0,0.0,0.0,0.0,0.0,0.0,13.0078,18.6082,0.0178673,0.140658,BackwardQ,extended
44.8612,446,0.0,0.0,0.0,0.0,0.0,0.0,0.0,0.0,0.0,0.0,13.3594,14.0441,0.0178673,0.140658,BackwardQ,extended
44.9613,447,0.0,0.0,0.0,0.0,0.0,0.0,0.0,0.0,0.0,0.0,12.832,8.4267,0.0178673,0.140658,BackwardQ,extended
45.0615,448,0.0,0.0,0.0,0.0,0.0,0.0,0.0,0.0,0.0,0.0,11.9531,2.80889,0.0178673,0.140658,BackwardQ,extended
45.1615,449,0.0,0.0,0.0,0.0,0.0,0.0,0.0,0.0,0.0,0.0,10.3711,-3.51156,0.0178673,0.140658,BackwardQ,extended
45.2617,450,0.0,0.0,0.0,0.0,0.0,0.0,0.0,0.0,0.0,0.0,8.4375,-9.13017,0.0178673,0.140658,BackwardQ,extended
45.3618,451,0.0,0.0,0.0,0.0,0.0,0.0,0.0,0.0,0.0,0.0,5.97656,-14.7486,0.0178673,0.140658,BackwardQ,extended
45.4619,452,0.0,0.0,0.0,0.0,0.0,0.0,0.0,0.0,0.0,0.0,3.33984,-18.9624,0.0178673,0.140658,BackwardQ,extended
45.5621,453,0.0,0.0,0.0,0.0,0.0,0.0,0.0,0.0,0.0,0.0,0.878906,-22.1226,0.0178673,0.140658,BackwardQ,extended
45.6622,454,0.0,0.0,0.0,0.0,0.0,0.0,0.0,0.0,0.0,0.0,-1.75781,-24.2266,0.0178673,0.140658,BackwardQ,extended
45.7623,455,0.0,0.0,0.0,0.0,0.0,0.0,0.0,0.0,0.0,0.0,-4.04297,-24.9315,0.0178673,0.140658,BackwardQ,extended
45.8623,456,0.0,0.0,0.0,0.0,0.0,0.0,0.0,0.0,0.0,0.0,-5.80078,-23.5296,0.0178673,0.140658,BackwardQ,extended
45.9624,457,0.0,0.0,0.0,0.0,0.0,0.0,0.0,0.0,0.0,0.0,-7.20703,-21.0737,0.0178673,0.140658,BackwardQ,extended
46.0625,458,0.0,0.0,0.0,0.0,0.0,0.0,0.0,0.0,0.0,0.0,-7.91016,-17.5635,0.0178673,0.140658,BackwardQ,extended
46.1625,459,0.0,0.0,0.0,0.0,0.0,0.0,0.0,0.0,0.0,0.0,-7.91016,-12.2963,0.0178673,0.140658,BackwardQ,extended
46.2626,460,0.0,0.0,0.0,0.0,0.0,0.0,0.0,0.0,0.0,0.0,-7.55859,-7.02649,0.0178673,0.140658,BackwardQ,extended
46.3627,461,0.0,0.0,0.0,0.0,0.0,0.0,0.0,0.0,0.0,0.0,-6.32812,-1.05398,0.0178673,0.140658,BackwardQ,extended
46.4627,462,0.0,0.0,0.0,0.0,0.0,0.0,0.0,0.0,0.0,0.0,-4.74609,4.91859,0.0178673,0.140658,BackwardQ,extended
46.5628,463,0.0,0.0,0.0,0.0,0.0,0.0,0.0,0.0,0.0,0.0,-2.63672,10.5398,0.0178673,0.140658,BackwardQ,extended
46.6629,464,0.0,0.0,0.0,0.0,0.0,0.0,0.0,0.0,0.0,0.0,-0.175781,15.4578,0.0178673,0.140658,BackwardQ,extended
46.7629,465,0.0,0.0,0.0,0.0,0.0,0.0,0.0,0.0,0.0,0.0,2.46094,20.0249,0.0178673,0.140658,BackwardQ,extended
46.8631,466,0.0,0.0,0.0,0.0,0.0,0.0,0.0,0.0,0.0,0.0,5.09766,22.8327,0.0178673,0.140658,BackwardQ,extended
46.9632,467,0.0,0.0,0.0,0.0,0.0,0.0,0.0,0.0,0.0,0.0,7.55859,24.5865,0.0178673,0.140658,BackwardQ,extended
47.0633,468,0.0,0.0,0.0,0.0,0.0,0.0,0.0,0.0,0.0,0.0,9.66797,24.5834,0.0178673,0.140658,BackwardQ,extended
47.1635,469,0.0,0.0,0.0,0.0,0.0,0.0,0.0,0.0,0.0,0.0,11.4258,23.176,0.0178673,0.140658,BackwardQ,extended
47.2636,470,0.0,0.0,0.0,0.0,0.0,0.0,0.0,0.0,0.0,0.0,12.4805,20.0132,0.0178673,0.140658,BackwardQ,extended
47.3637,471,0.0,0.0,0.0,0.0,0.0,0.0,0.0,0.0,0.0,0.0,13.1836,16.1508,0.0178673,0.140658,BackwardQ,extended
47.4639,472,0.0,0.0,0.0,0.0,0.0,0.0,0.0,0.0,0.0,0.0,13.0078,10.8842,0.0178673,0.140658,BackwardQ,extended
47.564,473,0.0,0.0,0.0,0.0,0.0,0.0,0.0,0.0,0.0,0.0,12.3047,5.26657,0.0178673,0.140658,BackwardQ,extended
47.6641,474,0.0,0.0,0.0,0.0,0.0,0.0,0.0,0.0,0.0,0.0,11.0742,-0.702215,0.0178673,0.140658,BackwardQ,extended
47.7642,475,0.0,0.0,0.0,0.0,0.0,0.0,0.0,0.0,0.0,0.0,9.31641,-6.31987,0.0178673,0.140658,BackwardQ,extended
47.8644,476,0.0,0.0,0.0,0.0,0.0,0.0,0.0,0.0,0.0,0.0,7.03125,-12.2887,0.0178673,0.140658,BackwardQ,extended
47.9645,477,0.0,0.0,0.0,0.0,0.0,0.0,0.0,0.0,0.0,0.0,4.57031,-16.8527,0.0178673,0.140658,BackwardQ,extended
48.0646,478,0.0,0.0,0.0,0.0,0.0,0.0,0.0,0.0,0.0,0.0,2.10938,-20.3636,0.0178673,0.140658,BackwardQ,extended
48.1648,479,0.0,0.0,0.0,0.0,0.0,0.0,0.0,0.0,0.0,0.0,-0.527344,-23.172,0.0178673,0.140658,BackwardQ,extended
48.2649,480,0.0,0.0,0.0,0.0,0.0,0.0,0.0,0.0,0.0,0.0,-2.8125,-24.2282,0.0178673,0.140658,BackwardQ,extended
48.3682,481,0.0,0.0,0.0,0.0,0.0,0.0,0.0,0.0,0.0,0.0,-4.92188,-23.7236,0.0178673,0.140658,BackwardQ,extended
48.4683,482,0.0,0.0,0.0,0.0,0.0,0.0,0.0,0.0,0.0,0.0,-6.50391,-21.9824,0.0178673,0.140658,BackwardQ,extended
48.5684,483,0.0,0.0,0.0,0.0,0.0,0.0,0.0,0.0,0.0,0.0,-7.55859,-19.1935,0.0178673,0.140658,BackwardQ,extended
48.6684,484,0.0,0.0,0.0,0.0,0.0,0.0,0.0,0.0,0.0,0.0,-7.91016,-14.6589,0.0178673,0.140658,BackwardQ,extended
48.7685,485,0.0,0.0,0.0,0.0,0.0,0.0,0.0,0.0,0.0,0.0,-7.73438,-9.77256,0.0178673,0.140658,BackwardQ,extended
48.8686,486,0.0,0.0,0.0,0.0,0.0,0.0,0.0,0.0,0.0,0.0,-6.85547,-3.86446,0.0178673,0.140658,BackwardQ,extended
49.1836,487,0.0,0.0,0.0,0.0,0.0,0.0,0.0,0.0,0.0,0.0,-0.878906,7.86374,0.0178673,0.140658,BackwardQ,extended
49.2837,488,0.0,0.0,0.0,0.0,0.0,0.0,0.0,0.0,0.0,0.0,1.75781,13.0242,0.0178673,0.140658,BackwardQ,extended
49.3838,489,0.0,0.0,0.0,0.0,0.0,0.0,0.0,0.0,0.0,0.0,4.21875,16.9546,0.0178673,0.140658,BackwardQ,extended
49.4839,490,0.0,0.0,0.0,0.0,0.0,0.0,0.0,0.0,0.0,0.0,6.85547,20.3928,0.0178673,0.140658,BackwardQ,extended
49.584,491,0.0,0.0,0.0,0.0,0.0,0.0,0.0,0.0,0.0,0.0,8.96484,22.1137,0.0178673,0.140658,BackwardQ,extended
49.6841,492,0.0,0.0,0.0,0.0,0.0,0.0,0.0,0.0,0.0,0.0,10.7227,23.1793,0.0178673,0.140658,BackwardQ,extended
49.7842,493,0.0,0.0,0.0,0.0,0.0,0.0,0.0,0.0,0.0,0.0,12.1289,20.7183,0.0178673,0.140658,BackwardQ,extended
49.8844,494,0.0,0.0,0.0,0.0,0.0,0.0,0.0,0.0,0.0,0.0,12.832,17.2069,0.0178673,0.140658,BackwardQ,extended
49.9845,495,0.0,0.0,0.0,0.0,0.0,0.0,0.0,0.0,0.0,0.0,13.0078,12.2905,0.0178673,0.140658,BackwardQ,extended
50.0846,496,0.0,0.0,0.0,0.0,0.0,0.0,0.0,0.0,0.0,0.0,12.4805,7.02189,0.0178673,0.140658,BackwardQ,extended
50.1848,497,0.0,0.0,0.0,0.0,0.0,0.0,0.0,0.0,0.0,0.0,11.4258,1.40439,0.0178673,0.140658,BackwardQ,extended
50.2849,498,0.0,0.0,0.0,0.0,0.0,0.0,0.0,0.0,0.0,0.0,9.66797,-4.91536,0.0178673,0.140658,BackwardQ,extended
50.385,499,0.0,0.0,0.0,0.0,0.0,0.0,0.0,0.0,0.0,0.0,7.73438,-10.1818,0.0178673,0.140658,BackwardQ,extended
50.4852,500,0.0,0.0,0.0,0.0,0.0,0.0,0.0,0.0,0.0,0.0,5.27344,-15.4485,0.0178673,0.140658,BackwardQ,extended
50.5853,501,0.0,0.0,0.0,0.0,0.0,0.0,0.0,0.0,0.0,0.0,2.8125,-19.3107,0.0178673,0.140658,BackwardQ,extended
50.6854,502,0.0,0.0,0.0,0.0,0.0,0.0,0.0,0.0,0.0,0.0,0.175781,-22.4707,0.0178673,0.140658,BackwardQ,extended
50.7856,503,0.0,0.0,0.0,0.0,0.0,0.0,0.0,0.0,0.0,0.0,-2.10938,-23.5241,0.0178673,0.140658,BackwardQ,extended
50.8856,504,0.0,0.0,0.0,0.0,0.0,0.0,0.0,0.0,0.0,0.0,-4.21875,-23.8781,0.0178673,0.140658,BackwardQ,extended
