0.000164032,0,0.0,0.0,0.0,0.0,0.0,0.0,0.0,0.0,0.0,0.0,0.351562,0.0,0.0129973,0.143496,None,seated
0.100294,1,0.0,0.0,0.0,0.0,0.0,0.0,0.0,0.0,0.0,0.0,0.175781,0.0,0.0129973,0.143496,BackwardQ,seated
0.200427,2,0.0,0.0,0.0,0.0,0.0,0.0,0.0,0.0,0.0,0.0,0.175781,0.0,0.0129973,0.143496,BackwardQ,seated
0.300557,3,0.0,0.0,0.0,0.0,0.0,0.0,0.0,0.0,0.0,0.0,0.0,0.0,0.0129973,0.143496,BackwardQ,seated
0.400681,4,0.0,0.0,0.0,0.0,0.0,0.0,0.0,0.0,0.0,0.0,0.0,0.0,0.0129973,0.143496,BackwardQ,seated
0.500808,5,0.0,0.0,0.0,0.0,0.0,0.0,0.0,0.0,0.0,0.0,-0.175781,-1.05333,0.0129973,0.143496,BackwardQ,seated
0.600881,6,0.0,0.0,0.0,0.0,0.0,0.0,0.0,0.0,0.0,0.0,-0.175781,-0.7023,0.0178673,0.140658,BackwardQ,extended
0.700952,7,0.0,0.0,0.0,0.0,0.0,0.0,0.0,0.0,0.0,0.0,-0.527344,-1.40478,0.0178673,0.140658,BackwardQ,extended
0.801025,8,0.0,0.0,0.0,0.0,0.0,0.0,0.0,0.0,0.0,0.0,-0.351562,-0.702467,0.0178673,0.140658,BackwardQ,extended
0.901061,9,0.0,0.0,0.0,0.0,0.0,0.0,0.0,0.0,0.0,0.0,-0.351562,-0.702591,0.0178673,0.140658,BackwardQ,extended
1.00113,10,0.0,0.0,0.0,0.0,0.0,0.0,0.0,0.0,0.0,0.0,-0.527344,-0.702674,0.0178673,0.140658,BackwardQ,extended
1.1012,11,0.0,0.0,0.0,0.0,0.0,0.0,0.0,0.0,0.0,0.0,-0.527344,-0.702678,0.0178673,0.140658,BackwardQ,extended
1.20127,12,0.0,0.0,0.0,0.0,0.0,0.0,0.0,0.0,0.0,0.0,-0.527344,0.0,0.0178673,0.140658,BackwardQ,extended
1.3014,13,0.0,0.0,0.0,0.0,0.0,0.0,0.0,0.0,0.0,0.0,-0.527344,-0.351302,0.0178673,0.140658,BackwardQ,extended
1.40147,14,0.0,0.0,0.0,0.0,0.0,0.0,0.0,0.0,0.0,0.0,-0.527344,-0.351275,0.0178673,0.140658,BackwardQ,extended
1.50154,15,0.0,0.0,0.0,0.0,0.0,0.0,0.0,0.0,0.0,0.0,-0.527344,0.0,0.0178673,0.140658,BackwardQ,extended
1.60167,16,0.0,0.0,0.0,0.0,0.0,0.0,0.0,0.0,0.0,0.0,-0.351562,0.35123,0.0178673,0.140658,BackwardQ,extended
1.7018,17,0.0,0.0,0.0,0.0,0.0,0.0,0.0,0.0,0.0,0.0,-0.351562,0.35119,0.0178673,0.140658,BackwardQ,extended
1.80193,18,0.0,0.0,0.0,0.0,0.0,0.0,0.0,0.0,0.0,0.0,-0.175781,0.702376,0.0178673,0.140658,BackwardQ,extended
1.90207,19,0.0,0.0,0.0,0.0,0.0,0.0,0.0,0.0,0.0,0.0,-0.175781,0.702286,0.0178673,0.140658,BackwardQ,extended
2.0022,20,0.0,0.0,0.0,0.0,0.0,0.0,0.0,0.0,0.0,0.0,-0.175781,0.702198,0.0178673,0.140658,BackwardQ,extended
2.10233,21,0.0,0.0,0.0,0.0,0.0,0.0,0.0,0.0,0.0,0.0,0.0,0.702201,0.0178673,0.140658,BackwardQ,extended
2.20247,22,0.0,0.0,0.0,0.0,0.0,0.0,0.0,0.0,0.0,0.0,0.0,0.702191,0.0178673,0.140658,BackwardQ,extended
2.3026,23,0.0,0.0,0.0,0.0,0.0,0.0,0.0,0.0,0.0,0.0,0.0,0.35109,0.0178673,0.140658,BackwardQ,extended
2.40273,24,0.0,0.0,0.0,0.0,0.0,0.0,0.0,0.0,0.0,0.0,0.175781,0.70219,0.0178673,0.140658,BackwardQ,extended
2.50281,25,0.0,0.0,0.0,0.0,0.0,0.0,0.0,0.0,0.0,0.0,0.175781,0.702278,0.0129973,0.143496,BackwardQ,seated
2.60288,26,0.0,0.0,0.0,0.0,0.0,0.0,0.0,0.0,0.0,0.0,0.175781,0.351177,0.0129973,0.143496,BackwardQ,seated
2.70295,27,0.0,0.0,0.0,0.0,0.0,0.0,0.0,0.0,0.0,0.0,0.175781,0.351224,0.0129973,0.143496,BackwardQ,seated
2.80302,28,0.0,0.0,0.0,0.0,0.0,0.0,0.0,0.0,0.0,0.0,-0.175781,-0.351267,0.0129973,0.143496,BackwardQ,seated
2.90357,29,0.0,0.0,0.0,0.0,0.0,0.0,0.0,0.0,0.0,0.0,0.0,-0.350972,0.0178673,0.140658,BackwardQ,extended
3.00365,30,0.0,0.0,0.0,0.0,0.0,0.0,0.0,0.0,0.0,0.0,-0.175781,-0.701939,0.0178673,0.140658,BackwardQ,extended
3.10373,31,0.0,0.0,0.0,0.0,0.0,0.0,0.0,0.0,0.0,0.0,-0.351562,-1.0529,0.0178673,0.140658,BackwardQ,extended
3.23657,32,0.0,0.0,0.0,0.0,0.0,0.0,0.0,0.0,0.0,0.0,-0.175781,-0.658827,0.0178673,0.140658,BackwardQ,extended
3.35269,33,0.0,0.0,0.0,0.0,0.0,0.0,0.0,0.0,0.0,0.0,-0.527344,-0.639586,0.0178673,0.140658,BackwardQ,extended
3.45276,34,0.0,0.0,0.0,0.0,0.0,0.0,0.0,0.0,0.0,0.0,-0.351562,-0.640146,0.0178673,0.140658,BackwardQ,extended
3.55284,35,0.0,0.0,0.0,0.0,0.0,0.0,0.0,0.0,0.0,0.0,-0.351562,-0.320076,0.0178673,0.140658,BackwardQ,extended
3.65291,36,0.0,0.0,0.0,0.0,0.0,0.0,0.0,0.0,0.0,0.0,-0.351562,0.0,0.0178673,0.140658,BackwardQ,extended
3.75304,37,0.0,0.0,0.0,0.0,0.0,0.0,0.0,0.0,0.0,0.0,-0.527344,-0.680701,0.0178673,0.140658,BackwardQ,extended
3.85307,38,0.0,0.0,0.0,0.0,0.0,0.0,0.0,0.0,0.0,0.0,-0.527344,0.0,0.0178673,0.140658,BackwardQ,extended
3.95319,39,0.0,0.0,0.0,0.0,0.0,0.0,0.0,0.0,0.0,0.0,-0.527344,-0.351261,0.0178673,0.140658,BackwardQ,extended
4.05327,40,0.0,0.0,0.0,0.0,0.0,0.0,0.0,0.0,0.0,0.0,-0.351562,0.0,0.0178673,0.140658,BackwardQ,extended
4.1534,41,0.0,0.0,0.0,0.0,0.0,0.0,0.0,0.0,0.0,0.0,-0.351562,0.0,0.0178673,0.140658,BackwardQ,extended
4.25354,42,0.0,0.0,0.0,0.0,0.0,0.0,0.0,0.0,0.0,0.0,-0.351562,0.351212,0.0178673,0.140658,BackwardQ,extended
4.35367,43,0.0,0.0,0.0,0.0,0.0,0.0,0.0,0.0,0.0,0.0,-0.351562,0.35114,0.0178673,0.140658,BackwardQ,extended
4.4538,44,0.0,0.0,0.0,0.0,0.0,0.0,0.0,0.0,0.0,0.0,-0.175781,0.702278,0.0178673,0.140658,BackwardQ,extended
4.55393,45,0.0,0.0,0.0,0.0,0.0,0.0,0.0,0.0,0.0,0.0,-0.175781,0.351099,0.0178673,0.140658,BackwardQ,extended
4.65406,46,0.0,0.0,0.0,0.0,0.0,0.0,0.0,0.0,0.0,0.0,-0.175781,0.351098,0.0178673,0.140658,BackwardQ,extended
4.75419,47,0.0,0.0,0.0,0.0,0.0,0.0,0.0,0.0,0.0,0.0,0.0,0.702207,0.0178673,0.140658,BackwardQ,extended
4.85433,48,0.0,0.0,0.0,0.0,0.0,0.0,0.0,0.0,0.0,0.0,0.0,0.702193,0.0178673,0.140658,BackwardQ,extended
4.95447,49,0.0,0.0,0.0,0.0,0.0,0.0,0.0,0.0,0.0,0.0,0.0,0.351093,0.0178673,0.140658,BackwardQ,extended
5.0546,50,0.0,0.0,0.0,0.0,0.0,0.0,0.0,0.0,0.0,0.0,0.0,0.351093,0.0178673,0.140658,BackwardQ,extended
5.15469,51,0.0,0.0,0.0,0.0,0.0,0.0,0.0,0.0,0.0,0.0,0.0,0.351124,0.0178673,0.140658,BackwardQ,extended
5.25482,52,0.0,0.0,0.0,0.0,0.0,0.0,0.0,0.0,0.0,0.0,0.0,0.0,0.0178673,0.140658,BackwardQ,extended
5.35495,53,0.0,0.0,0.0,0.0,0.0,0.0,0.0,0.0,0.0,0.0,0.0,0.0,0.0178673,0.140658,BackwardQ,extended
5.45508,54,0.0,0.0,0.0,0.0,0.0,0.0,0.0,0.0,0.0,0.0,-0.175781,-0.351133,0.0178673,0.140658,BackwardQ,extended
5.55515,55,0.0,0.0,0.0,0.0,0.0,0.0,0.0,0.0,0.0,0.0,-0.175781,-0.351175,0.0178673,0.140658,BackwardQ,extended
5.65522,56,0.0,0.0,0.0,0.0,0.0,0.0,0.0,0.0,0.0,0.0,-0.175781,-0.35119,0.0178673,0.140658,BackwardQ,extended
5.75529,57,0.0,0.0,0.0,0.0,0.0,0.0,0.0,0.0,0.0,0.0,-0.175781,-0.35123,0.0178673,0.140658,BackwardQ,extended
5.85536,58,0.0,0.0,0.0,0.0,0.0,0.0,0.0,0.0,0.0,0.0,-0.351562,-0.70254,0.0178673,0.140658,BackwardQ,extended
5.95544,59,0.0,0.0,0.0,0.0,0.0,0.0,0.0,0.0,0.0,0.0,-0.351562,-0.351308,0.0178673,0.140658,BackwardQ,extended
6.05551,60,0.0,0.0,0.0,0.0,0.0,0.0,0.0,0.0,0.0,0.0,-0.351562,-0.351307,0.0178673,0.140658,BackwardQ,extended
6.15558,61,0.0,0.0,0.0,0.0,0.0,0.0,0.0,0.0,0.0,0.0,-0.527344,-0.702616,0.0178673,0.140658,BackwardQ,extended
6.25566,62,0.0,0.0,0.0,0.0,0.0,0.0,0.0,0.0,0.0,0.0,-0.527344,-0.702609,0.0178673,0.140658,BackwardQ,extended
6.35573,63,0.0,0.0,0.0,0.0,0.0,0.0,0.0,0.0,0.0,0.0,-0.527344,-0.351304,0.0178673,0.140658,BackwardQ,extended
6.4558,64,0.0,0.0,0.0,0.0,0.0,0.0,0.0,0.0,0.0,0.0,-0.527344,-0.351307,0.0178673,0.140658,BackwardQ,extended
6.55588,65,0.0,0.0,0.0,0.0,0.0,0.0,0.0,0.0,0.0,0.0,-0.527344,-0.351306,0.0178673,0.140658,BackwardQ,extended
6.65595,66,0.0,0.0,0.0,0.0,0.0,0.0,0.0,0.0,0.0,0.0,-0.351562,0.351301,0.0178673,0.140658,BackwardQ,extended
6.75608,67,0.0,0.0,0.0,0.0,0.0,0.0,0.0,0.0,0.0,0.0,-0.351562,0.351263,0.0178673,0.140658,BackwardQ,extended
6.85622,68,0.0,0.0,0.0,0.0,0.0,0.0,0.0,0.0,0.0,0.0,-0.351562,0.35122,0.0178673,0.140658,BackwardQ,extended
6.95635,69,0.0,0.0,0.0,0.0,0.0,0.0,0.0,0.0,0.0,0.0,-0.175781,0.702359,0.0178673,0.140658,BackwardQ,extended
7.05648,70,0.0,0.0,0.0,0.0,0.0,0.0,0.0,0.0,0.0,0.0,-0.175781,0.702277,0.0178673,0.140658,BackwardQ,extended
7.15661,71,0.0,0.0,0.0,0.0,0.0,0.0,0.0,0.0,0.0,0.0,-0.175781,0.351102,0.0178673,0.140658,BackwardQ,extended
7.25674,72,0.0,0.0,0.0,0.0,0.0,0.0,0.0,0.0,0.0,0.0,-0.175781,0.351098,0.0178673,0.140658,BackwardQ,extended
7.35688,73,0.0,0.0,0.0,0.0,0.0,0.0,0.0,0.0,0.0,0.0,0.0,0.7022,0.0178673,0.140658,BackwardQ,extended
7.45701,74,0.0,0.0,0.0,0.0,0.0,0.0,0.0,0.0,0.0,0.0,0.0,0.351099,0.0178673,0.140658,BackwardQ,extended
7.55708,75,0.0,0.0,0.0,0.0,0.0,0.0,0.0,0.0,0.0,0.0,0.0,0.351146,0.0178673,0.140658,BackwardQ,extended
7.6572,76,0.0,0.0,0.0,0.0,0.0,0.0,0.0,0.0,0.0,0.0,0.0,0.351144,0.0178673,0.140658,BackwardQ,extended
7.75734,77,0.0,0.0,0.0,0.0,0.0,0.0,0.0,0.0,0.0,0.0,0.0,0.351145,0.0178673,0.140658,BackwardQ,extended
7.85747,78,0.0,0.0,0.0,0.0,0.0,0.0,0.0,0.0,0.0,0.0,0.0,0.0,0.0178673,0.140658,BackwardQ,extended
7.9576,79,0.0,0.0,0.0,0.0,0.0,0.0,0.0,0.0,0.0,0.0,-0.175781,-0.351144,0.0178673,0.140658,BackwardQ,extended
8.05768,80,0.0,0.0,0.0,0.0,0.0,0.0,0.0,0.0,0.0,0.0,-0.175781,-0.35114,0.0178673,0.140658,BackwardQ,extended
8.15775,81,0.0,0.0,0.0,0.0,0.0,0.0,0.0,0.0,0.0,0.0,-0.175781,-0.351179,0.0178673,0.140658,BackwardQ,extended
8.25783,82,0.0,0.0,0.0,0.0,0.0,0.0,0.0,0.0,0.0,0.0,-0.175781,-0.35122,0.0178673,0.140658,BackwardQ,extended
8.3579,83,0.0,0.0,0.0,0.0,0.0,0.0,0.0,0.0,0.0,0.0,-0.351562,-0.702527,0.0178673,0.140658,BackwardQ,extended
8.45797,84,0.0,0.0,0.0,0.0,0.0,0.0,0.0,0.0,0.0,0.0,-0.351562,-0.351306,0.0178673,0.140658,BackwardQ,extended
8.55805,85,0.0,0.0,0.0,0.0,0.0,0.0,0.0,0.0,0.0,0.0,-0.351562,-0.351299,0.0178673,0.140658,BackwardQ,extended
8.65813,86,0.0,0.0,0.0,0.0,0.0,0.0,0.0,0.0,0.0,0.0,-0.351562,-0.351298,0.0178673,0.140658,BackwardQ,extended
8.7582,87,0.0,0.0,0.0,0.0,0.0,0.0,0.0,0.0,0.0,0.0,-0.527344,-0.702605,0.0178673,0.140658,BackwardQ,extended
8.85827,88,0.0,0.0,0.0,0.0,0.0,0.0,0.0,0.0,0.0,0.0,-0.527344,-0.351302,0.0178673,0.140658,BackwardQ,extended
8.95834,89,0.0,0.0,0.0,0.0,0.0,0.0,0.0,0.0,0.0,0.0,-0.527344,-0.351302,0.0178673,0.140658,BackwardQ,extended
9.05906,90,0.0,0.0,0.0,0.0,0.0,0.0,0.0,0.0,0.0,0.0,-0.351562,0.0,0.0178673,0.140658,BackwardQ,extended
9.1592,91,0.0,0.0,0.0,0.0,0.0,0.0,0.0,0.0,0.0,0.0,-0.351562,0.0,0.0178673,0.140658,BackwardQ,extended
9.25933,92,0.0,0.0,0.0,0.0,0.0,0.0,0.0,0.0,0.0,0.0,-0.351562,0.350768,0.0178673,0.140658,BackwardQ,extended
9.35946,93,0.0,0.0,0.0,0.0,0.0,0.0,0.0,0.0,0.0,0.0,-0.351562,0.350724,0.0178673,0.140658,BackwardQ,extended
9.4596,94,0.0,0.0,0.0,0.0,0.0,0.0,0.0,0.0,0.0,0.0,-0.175781,0.701357,0.0178673,0.140658,BackwardQ,extended
9.55973,95,0.0,0.0,0.0,0.0,0.0,0.0,0.0,0.0,0.0,0.0,-0.175781,0.351097,0.0178673,0.140658,BackwardQ,extended
9.65986,96,0.0,0.0,0.0,0.0,0.0,0.0,0.0,0.0,0.0,0.0,-0.175781,0.351097,0.0178673,0.140658,BackwardQ,extended
9.75999,97,0.0,0.0,0.0,0.0,0.0,0.0,0.0,0.0,0.0,0.0,-0.175781,0.3511,0.0178673,0.140658,BackwardQ,extended
9.86012,98,0.0,0.0,0.0,0.0,0.0,0.0,0.0,0.0,0.0,0.0,0.0,0.702206,0.0178673,0.140658,BackwardQ,extended
9.96026,99,0.0,0.0,0.0,0.0,0.0,0.0,0.0,0.0,0.0,0.0,0.0,0.351099,0.0178673,0.140658,BackwardQ,extended
10.0604,100,0.0,0.0,0.0,0.0,0.0,0.0,0.0,0.0,0.0,0.0,0.0,0.351097,0.0178673,0.140658,BackwardQ,extended
10.1605,101,0.0,0.0,0.0,0.0,0.0,0.0,0.0,0.0,0.0,0.0,0.0,0.351095,0.0178673,0.140658,BackwardQ,extended
10.2607,102,0.0,0.0,0.0,0.0,0.0,0.0,0.0,0.0,0.0,0.0,0.0,0.351094,0.0178673,0.140658,BackwardQ,extended
10.3608,103,0.0,0.0,0.0,0.0,0.0,0.0,0.0,0.0,0.0,0.0,0.0,0.0,0.0178673,0.140658,BackwardQ,extended
10.4609,104,0.0,0.0,0.0,0.0,0.0,0.0,0.0,0.0,0.0,0.0,-0.175781,-0.351096,0.0178673,0.140658,BackwardQ,extended
10.561,105,0.0,0.0,0.0,0.0,0.0,0.0,0.0,0.0,0.0,0.0,-0.175781,-0.351137,0.0178673,0.140658,BackwardQ,extended
10.6611,106,0.0,0.0,0.0,0.0,0.0,0.0,0.0,0.0,0.0,0.0,-0.175781,-0.351178,0.0178673,0.140658,BackwardQ,extended
10.7611,107,0.0,0.0,0.0,0.0,0.0,0.0,0.0,0.0,0.0,0.0,-0.175781,-0.351218,0.0178673,0.140658,BackwardQ,extended
10.8612,108,0.0,0.0,0.0,0.0,0.0,0.0,0.0,0.0,0.0,0.0,-0.175781,-0.351264,0.0178673,0.140658,BackwardQ,extended
10.9613,109,0.0,0.0,0.0,0.0,0.0,0.0,0.0,0.0,0.0,0.0,-0.351562,-0.351308,0.0178673,0.140658,BackwardQ,extended
11.0614,110,0.0,0.0,0.0,0.0,0.0,0.0,0.0,0.0,0.0,0.0,-0.351562,-0.35131,0.0178673,0.140658,BackwardQ,extended
11.1614,111,0.0,0.0,0.0,0.0,0.0,0.0,0.0,0.0,0.0,0.0,-0.351562,-0.351311,0.0178673,0.140658,BackwardQ,extended
11.2615,112,0.0,0.0,0.0,0.0,0.0,0.0,0.0,0.0,0.0,0.0,-0.351562,-0.351312,0.0178673,0.140658,BackwardQ,extended
11.3616,113,0.0,0.0,0.0,0.0,0.0,0.0,0.0,0.0,0.0,0.0,-0.527344,-0.702618,0.0178673,0.140658,BackwardQ,extended
11.4616,114,0.0,0.0,0.0,0.0,0.0,0.0,0.0,0.0,0.0,0.0,-0.527344,-0.35131,0.0178673,0.140658,BackwardQ,extended
11.5617,115,0.0,0.0,0.0,0.0,0.0,0.0,0.0,0.0,0.0,0.0,-0.351562,0.0,0.0178673,0.140658,BackwardQ,extended
11.6618,116,0.0,0.0,0.0,0.0,0.0,0.0,0.0,0.0,0.0,0.0,-0.351562,0.0,0.0178673,0.140658,BackwardQ,extended
11.762,117,0.0,0.0,0.0,0.0,0.0,0.0,0.0,0.0,0.0,0.0,-0.351562,0.0,0.0178673,0.140658,BackwardQ,extended
11.8621,118,0.0,0.0,0.0,0.0,0.0,0.0,0.0,0.0,0.0,0.0,-0.351562,0.351188,0.0178673,0.140658,BackwardQ,extended
11.9622,119,0.0,0.0,0.0,0.0,0.0,0.0,0.0,0.0,0.0,0.0,-0.351562,0.351147,0.0178673,0.140658,BackwardQ,extended
12.0624,120,0.0,0.0,0.0,0.0,0.0,0.0,0.0,0.0,0.0,0.0,-0.175781,0.351109,0.0178673,0.140658,BackwardQ,extended
12.1625,121,0.0,0.0,0.0,0.0,0.0,0.0,0.0,0.0,0.0,0.0,-0.175781,0.351106,0.0178673,0.140658,BackwardQ,extended
12.2626,122,0.0,0.0,0.0,0.0,0.0,0.0,0.0,0.0,0.0,0.0,-0.175781,0.351105,0.0178673,0.140658,BackwardQ,extended
12.3628,123,0.0,0.0,0.0,0.0,0.0,0.0,0.0,0.0,0.0,0.0,-0.175781,0.351106,0.0178673,0.140658,BackwardQ,extended
12.4629,124,0.0,0.0,0.0,0.0,0.0,0.0,0.0,0.0,0.0,0.0,0.0,0.702215,0.0178673,0.140658,BackwardQ,extended
12.563,125,0.0,0.0,0.0,0.0,0.0,0.0,0.0,0.0,0.0,0.0,-0.175781,0.0,0.0178673,0.140658,BackwardQ,extended
12.6631,126,0.0,0.0,0.0,0.0,0.0,0.0,0.0,0.0,0.0,0.0,-0.351562,-0.35111,0.0178673,0.140658,BackwardQ,extended
12.7632,127,0.0,0.0,0.0,0.0,0.0,0.0,0.0,0.0,0.0,0.0,-1.05469,-1.75574,0.0178673,0.140658,BackwardQ,extended
12.8633,128,0.0,0.0,0.0,0.0,0.0,0.0,0.0,0.0,0.0,0.0,-2.10938,-3.86304,0.0178673,0.140658,BackwardQ,extended
12.9634,129,0.0,0.0,0.0,0.0,0.0,0.0,0.0,0.0,0.0,0.0,-3.51562,-7.02443,0.0178673,0.140658,BackwardQ,extended
13.0634,130,0.0,0.0,0.0,0.0,0.0,0.0,0.0,0.0,0.0,0.0,-4.74609,-9.1329,0.0178673,0.140658,BackwardQ,extended
13.1635,131,0.0,0.0,0.0,0.0,0.0,0.0,0.0,0.0,0.0,0.0,-5.80078,-10.8904,0.0178673,0.140658,BackwardQ,extended
13.2636,132,0.0,0.0,0.0,0.0,0.0,0.0,0.0,0.0,0.0,0.0,-6.67969,-11.2419,0.0178673,0.140658,BackwardQ,extended
13.3637,133,0.0,0.0,0.0,0.0,0.0,0.0,0.0,0.0,0.0,0.0,-7.03125,-9.83654,0.0178673,0.140658,BackwardQ,extended
13.4637,134,0.0,0.0,0.0,0.0,0.0,0.0,0.0,0.0,0.0,0.0,-7.03125,-7.02611,0.0178673,0.140658,BackwardQ,extended
13.5638,135,0.0,0.0,0.0,0.0,0.0,0.0,0.0,0.0,0.0,0.0,-6.50391,-3.51301,0.0178673,0.140658,BackwardQ,extended
13.6639,136,0.0,0.0,0.0,0.0,0.0,0.0,0.0,0.0,0.0,0.0,-5.80078,0.0,0.0178673,0.140658,BackwardQ,extended
13.764,137,0.0,0.0,0.0,0.0,0.0,0.0,0.0,0.0,0.0,0.0,-4.57031,4.21513,0.0178673,0.140658,BackwardQ,extended
13.8641,138,0.0,0.0,0.0,0.0,0.0,0.0,0.0,0.0,0.0,0.0,-3.16406,7.72796,0.0178673,0.140658,BackwardQ,extended
13.9642,139,0.0,0.0,0.0,0.0,0.0,0.0,0.0,0.0,0.0,0.0,-1.58203,10.8883,0.0178673,0.140658,BackwardQ,extended
14.0643,140,0.0,0.0,0.0,0.0,0.0,0.0,0.0,0.0,0.0,0.0,0.175781,13.3455,0.0178673,0.140658,BackwardQ,extended
14.1644,141,0.0,0.0,0.0,0.0,0.0,0.0,0.0,0.0,0.0,0.0,1.75781,15.1014,0.0129973,0.143496,BackwardQ,seated
14.2645,142,0.0,0.0,0.0,0.0,0.0,0.0,0.0,0.0,0.0,0.0,3.33984,15.8054,0.0129973,0.143496,BackwardQ,seated
14.3646,143,0.0,0.0,0.0,0.0,0.0,0.0,0.0,0.0,0.0,0.0,4.74609,15.8052,0.0129973,0.143496,BackwardQ,seated
14.4646,144,0.0,0.0,0.0,0.0,0.0,0.0,0.0,0.0,0.0,0.0,5.44922,14.0506,0.0129973,0.143496,BackwardQ,seated
14.5647,145,0.0,0.0,0.0,0.0,0.0,0.0,0.0,0.0,0.0,0.0,6.50391,12.6469,0.0129973,0.143496,BackwardQ,seated
14.6648,146,0.0,0.0,0.0,0.0,0.0,0.0,0.0,0.0,0.0,0.0,6.85547,10.1877,0.0129973,0.143496,BackwardQ,seated
14.7648,147,0.0,0.0,0.0,0.0,0.0,0.0,0.0,0.0,0.0,0.0,6.50391,6.32358,0.0129973,0.143496,BackwardQ,seated
14.8649,148,0.0,0.0,0.0,0.0,0.0,0.0,0.0,0.0,0.0,0.0,5.97656,2.45915,0.0129973,0.143496,BackwardQ,seated
14.9689,149,0.0,0.0,0.0,0.0,0.0,0.0,0.0,0.0,0.0,0.0,5.09766,-0.697104,0.0129973,0.143496,BackwardQ,seated
15.0691,150,0.0,0.0,0.0,0.0,0.0,0.0,0.0,0.0,0.0,0.0,4.04297,-4.87918,0.0129973,0.143496,BackwardQ,seated
15.1692,151,0.0,0.0,0.0,0.0,0.0,0.0,0.0,0.0,0.0,0.0,2.46094,-8.7119,0.0129973,0.143496,BackwardQ,seated
15.2693,152,0.0,0.0,0.0,0.0,0.0,0.0,0.0,0.0,0.0,0.0,0.878906,-11.1498,0.0129973,0.143496,BackwardQ,seated
15.3695,153,0.0,0.0,0.0,0.0,0.0,0.0,0.0,0.0,0.0,0.0,-0.878906,-13.5872,0.0129973,0.143496,BackwardQ,seated
15.4695,154,0.0,0.0,0.0,0.0,0.0,0.0,0.0,0.0,0.0,0.0,-2.46094,-15.099,0.0178673,0.140658,BackwardQ,extended
15.5696,155,0.0,0.0,0.0,0.0,0.0,0.0,0.0,0.0,0.0,0.0,-4.04297,-16.1543,0.0178673,0.140658,BackwardQ,extended
15.6697,156,0.0,0.0,0.0,0.0,0.0,0.0,0.0,0.0,0.0,0.0,-5.09766,-15.1027,0.0178673,0.140658,BackwardQ,extended
15.7698,157,0.0,0.0,0.0,0.0,0.0,0.0,0.0,0.0,0.0,0.0,-5.80078,-13.3481,0.0178673,0.140658,BackwardQ,extended
15.8698,158,0.0,0.0,0.0,0.0,0.0,0.0,0.0,0.0,0.0,0.0,-6.67969,-11.5931,0.0178673,0.140658,BackwardQ,extended
15.9699,159,0.0,0.0,0.0,0.0,0.0,0.0,0.0,0.0,0.0,0.0,-6.85547,-8.78265,0.0178673,0.140658,BackwardQ,extended
16.07,160,0.0,0.0,0.0,0.0,0.0,0.0,0.0,0.0,0.0,0.0,-6.50391,-4.91833,0.0178673,0.140658,BackwardQ,extended
16.1701,161,0.0,0.0,0.0,0.0,0.0,0.0,0.0,0.0,0.0,0.0,-5.97656,-1.75652,0.0178673,0.140658,BackwardQ,extended
16.2701,162,0.0,0.0,0.0,0.0,0.0,0.0,0.0,0.0,0.0,0.0,-5.09766,1.40522,0.0178673,0.140658,BackwardQ,extended
16.3703,163,0.0,0.0,0.0,0.0,0.0,0.0,0.0,0.0,0.0,0.0,-3.69141,5.97146,0.0178673,0.140658,BackwardQ,extended
16.4704,164,0.0,0.0,0.0,0.0,0.0,0.0,0.0,0.0,0.0,0.0,-2.28516,9.13181,0.0178673,0.140658,BackwardQ,extended
16.5705,165,0.0,0.0,0.0,0.0,0.0,0.0,0.0,0.0,0.0,0.0,-0.703125,11.5889,0.0178673,0.140658,BackwardQ,extended
16.6707,166,0.0,0.0,0.0,0.0,0.0,0.0,0.0,0.0,0.0,0.0,0.878906,13.6945,0.0178673,0.140658,BackwardQ,extended
16.7707,167,0.0,0.0,0.0,0.0,0.0,0.0,0.0,0.0,0.0,0.0,2.46094,15.099,0.0129973,0.143496,BackwardQ,seated
16.8708,168,0.0,0.0,0.0,0.0,0.0,0.0,0.0,0.0,0.0,0.0,3.86719,15.1007,0.0129973,0.143496,BackwardQ,seated
16.9709,169,0.0,0.0,0.0,0.0,0.0,0.0,0.0,0.0,0.0,0.0,5.09766,14.7513,0.0129973,0.143496,BackwardQ,seated
17.0709,170,0.0,0.0,0.0,0.0,0.0,0.0,0.0,0.0,0.0,0.0,5.625,12.6455,0.0129973,0.143496,BackwardQ,seated
17.171,171,0.0,0.0,0.0,0.0,0.0,0.0,0.0,0.0,0.0,0.0,6.32812,10.8905,0.0129973,0.143496,BackwardQ,seated
17.2711,172,0.0,0.0,0.0,0.0,0.0,0.0,0.0,0.0,0.0,0.0,6.32812,7.72876,0.0129973,0.143496,BackwardQ,seated
17.3712,173,0.0,0.0,0.0,0.0,0.0,0.0,0.0,0.0,0.0,0.0,6.15234,4.56705,0.0129973,0.143496,BackwardQ,seated
17.4712,174,0.0,0.0,0.0,0.0,0.0,0.0,0.0,0.0,0.0,0.0,5.44922,0.702625,0.0129973,0.143496,BackwardQ,seated
17.5713,175,0.0,0.0,0.0,0.0,0.0,0.0,0.0,0.0,0.0,0.0,4.39453,-2.45915,0.0129973,0.143496,BackwardQ,seated
17.6714,176,0.0,0.0,0.0,0.0,0.0,0.0,0.0,0.0,0.0,0.0,3.16406,-6.32282,0.0129973,0.143496,BackwardQ,seated
17.7716,177,0.0,0.0,0.0,0.0,0.0,0.0,0.0,0.0,0.0,0.0,1.58203,-9.48305,0.0129973,0.143496,BackwardQ,seated
17.8717,178,0.0,0.0,0.0,0.0,0.0,0.0,0.0,0.0,0.0,0.0,0.0,-12.2914,0.0129973,0.143496,BackwardQ,seated
17.9718,179,0.0,0.0,0.0,0.0,0.0,0.0,0.0,0.0,0.0,0.0,-1.58203,-14.0472,0.0178673,0.140658,BackwardQ,extended
18.0718,180,0.0,0.0,0.0,0.0,0.0,0.0,0.0,0.0,0.0,0.0,-3.16406,-15.101,0.0178673,0.140658,BackwardQ,extended
18.1719,181,0.0,0.0,0.0,0.0,0.0,0.0,0.0,0.0,0.0,0.0,-4.39453,-15.1026,0.0178673,0.140658,BackwardQ,extended
18.272,182,0.0,0.0,0.0,0.0,0.0,0.0,0.0,0.0,0.0,0.0,-5.09766,-13.348,0.0178673,0.140658,BackwardQ,extended
18.3721,183,0.0,0.0,0.0,0.0,0.0,0.0,0.0,0.0,0.0,0.0,-6.15234,-12.2957,0.0178673,0.140658,BackwardQ,extended
18.4721,184,0.0,0.0,0.0,0.0,0.0,0.0,0.0,0.0,0.0,0.0,-6.50391,-9.83666,0.0178673,0.140658,BackwardQ,extended
18.5722,185,0.0,0.0,0.0,0.0,0.0,0.0,0.0,0.0,0.0,0.0,-6.50391,-6.67485,0.0178673,0.140658,BackwardQ,extended
18.6742,186,0.0,0.0,0.0,0.0,0.0,0.0,0.0,0.0,0.0,0.0,-6.15234,-3.49972,0.0178673,0.140658,BackwardQ,extended
18.7743,187,0.0,0.0,0.0,0.0,0.0,0.0,0.0,0.0,0.0,0.0,-5.44922,-0.699945,0.0178673,0.140658,BackwardQ,extended
18.8743,188,0.0,0.0,0.0,0.0,0.0,0.0,0.0,0.0,0.0,0.0,-4.39453,3.49974,0.0178673,0.140658,BackwardQ,extended
18.9745,189,0.0,0.0,0.0,0.0,0.0,0.0,0.0,0.0,0.0,0.0,-2.98828,6.9986,0.0178673,0.140658,BackwardQ,extended
19.0746,190,0.0,0.0,0.0,0.0,0.0,0.0,0.0,0.0,0.0,0.0,-1.40625,10.1469,0.0178673,0.140658,BackwardQ,extended
19.1747,191,0.0,0.0,0.0,0.0,0.0,0.0,0.0,0.0,0.0,0.0,0.0,12.2916,0.0178673,0.140658,BackwardQ,extended
19.2749,192,0.0,0.0,0.0,0.0,0.0,0.0,0.0,0.0,0.0,0.0,1.58203,14.0459,0.0178673,0.140658,BackwardQ,extended
19.3749,193,0.0,0.0,0.0,0.0,0.0,0.0,0.0,0.0,0.0,0.0,2.98828,14.7482,0.0129973,0.143496,BackwardQ,seated
19.475,194,0.0,0.0,0.0,0.0,0.0,0.0,0.0,0.0,0.0,0.0,4.21875,14.3988,0.0129973,0.143496,BackwardQ,seated
19.5751,195,0.0,0.0,0.0,0.0,0.0,0.0,0.0,0.0,0.0,0.0,5.27344,13.3467,0.0129973,0.143496,BackwardQ,seated
19.6751,196,0.0,0.0,0.0,0.0,0.0,0.0,0.0,0.0,0.0,0.0,5.80078,11.592,0.0129973,0.143496,BackwardQ,seated
19.7752,197,0.0,0.0,0.0,0.0,0.0,0.0,0.0,0.0,0.0,0.0,5.97656,8.78287,0.0129973,0.143496,BackwardQ,seated
19.8753,198,0.0,0.0,0.0,0.0,0.0,0.0,0.0,0.0,0.0,0.0,5.97656,5.97234,0.0129973,0.143496,BackwardQ,seated
19.9754,199,0.0,0.0,0.0,0.0,0.0,0.0,0.0,0.0,0.0,0.0,5.625,2.8105,0.0129973,0.143496,BackwardQ,seated
20.0754,200,0.0,0.0,0.0,0.0,0.0,0.0,0.0,0.0,0.0,0.0,4.74609,-1.05394,0.0129973,0.143496,BackwardQ,seated
20.1756,201,0.0,0.0,0.0,0.0,0.0,0.0,0.0,0.0,0.0,0.0,3.69141,-4.2152,0.0129973,0.143496,BackwardQ,seated
20.2757,202,0.0,0.0,0.0,0.0,0.0,0.0,0.0,0.0,0.0,0.0,2.28516,-7.37573,0.0129973,0.143496,BackwardQ,seated
20.3758,203,0.0,0.0,0.0,0.0,0.0,0.0,0.0,0.0,0.0,0.0,0.878906,-10.1844,0.0129973,0.143496,BackwardQ,seated
20.476,204,0.0,0.0,0.0,0.0,0.0,0.0,0.0,0.0,0.0,0.0,-0.703125,-12.6412,0.0129973,0.143496,BackwardQ,seated
20.576,205,0.0,0.0,0.0,0.0,0.0,0.0,0.0,0.0,0.0,0.0,-2.10938,-13.6946,0.0178673,0.140658,BackwardQ,extended
20.6761,206,0.0,0.0,0.0,0.0,0.0,0.0,0.0,0.0,0.0,0.0,-3.69141,-14.7499,0.0178673,0.140658,BackwardQ,extended
20.7762,207,0.0,0.0,0.0,0.0,0.0,0.0,0.0,0.0,0.0,0.0,-4.74609,-14.0492,0.0178673,0.140658,BackwardQ,extended
20.8762,208,0.0,0.0,0.0,0.0,0.0,0.0,0.0,0.0,0.0,0.0,-5.09766,-11.9432,0.0178673,0.140658,BackwardQ,extended
20.9763,209,0.0,0.0,0.0,0.0,0.0,0.0,0.0,0.0,0.0,0.0,-5.80078,-10.188,0.0178673,0.140658,BackwardQ,extended
21.0764,210,0.0,0.0,0.0,0.0,0.0,0.0,0.0,0.0,0.0,0.0,-6.15234,-8.08004,0.0178673,0.140658,BackwardQ,extended
21.1765,211,0.0,0.0,0.0,0.0,0.0,0.0,0.0,0.0,0.0,0.0,-5.97656,-4.56703,0.0178673,0.140658,BackwardQ,extended
21.2765,212,0.0,0.0,0.0,0.0,0.0,0.0,0.0,0.0,0.0,0.0,-5.44922,-1.40524,0.0178673,0.140658,BackwardQ,extended
21.3766,213,0.0,0.0,0.0,0.0,0.0,0.0,0.0,0.0,0.0,0.0,-4.74609,0.702616,0.0178673,0.140658,BackwardQ,extended
21.4767,214,0.0,0.0,0.0,0.0,0.0,0.0,0.0,0.0,0.0,0.0,-3.51562,4.5665,0.0178673,0.140658,BackwardQ,extended
21.5769,215,0.0,0.0,0.0,0.0,0.0,0.0,0.0,0.0,0.0,0.0,-2.10938,8.07835,0.0178673,0.140658,BackwardQ,extended
21.677,216,0.0,0.0,0.0,0.0,0.0,0.0,0.0,0.0,0.0,0.0,-0.703125,10.5357,0.0178673,0.140658,BackwardQ,extended
21.7771,217,0.0,0.0,0.0,0.0,0.0,0.0,0.0,0.0,0.0,0.0,0.703125,12.2902,0.0178673,0.140658,BackwardQ,extended
21.8772,218,0.0,0.0,0.0,0.0,0.0,0.0,0.0,0.0,0.0,0.0,2.10938,13.6946,0.0129973,0.143496,BackwardQ,seated
21.9773,219,0.0,0.0,0.0,0.0,0.0,0.0,0.0,0.0,0.0,0.0,3.51562,14.0474,0.0129973,0.143496,BackwardQ,seated
22.0773,220,0.0,0.0,0.0,0.0,0.0,0.0,0.0,0.0,0.0,0.0,4.74609,13.6978,0.0129973,0.143496,BackwardQ,seated
22.1796,221,0.0,0.0,0.0,0.0,0.0,0.0,0.0,0.0,0.0,0.0,5.09766,11.5417,0.0129973,0.143496,BackwardQ,seated
22.2797,222,0.0,0.0,0.0,0.0,0.0,0.0,0.0,0.0,0.0,0.0,5.625,9.79405,0.0129973,0.143496,BackwardQ,seated
22.3797,223,0.0,0.0,0.0,0.0,0.0,0.0,0.0,0.0,0.0,0.0,5.80078,7.34563,0.0129973,0.143496,BackwardQ,seated
22.4967,224,0.0,0.0,0.0,0.0,0.0,0.0,0.0,0.0,0.0,0.0,5.44922,3.72243,0.0129973,0.143496,BackwardQ,seated
22.5968,225,0.0,0.0,0.0,0.0,0.0,0.0,0.0,0.0,0.0,0.0,4.92188,0.338403,0.0129973,0.143496,BackwardQ,seated
22.6969,226,0.0,0.0,0.0,0.0,0.0,0.0,0.0,0.0,0.0,0.0,3.86719,-2.37874,0.0129973,0.143496,BackwardQ,seated
22.797,227,0.0,0.0,0.0,0.0,0.0,0.0,0.0,0.0,0.0,0.0,2.63672,-5.77627,0.0129973,0.143496,BackwardQ,seated
22.8971,228,0.0,0.0,0.0,0.0,0.0,0.0,0.0,0.0,0.0,0.0,1.40625,-8.4943,0.0129973,0.143496,BackwardQ,seated
22.9972,229,0.0,0.0,0.0,0.0,0.0,0.0,0.0,0.0,0.0,0.0,-0.175781,-11.2387,0.0129973,0.143496,BackwardQ,seated
23.0973,230,0.0,0.0,0.0,0.0,0.0,0.0,0.0,0.0,0.0,0.0,-1.58203,-12.9948,0.0178673,0.140658,BackwardQ,extended
23.1974,231,0.0,0.0,0.0,0.0,0.0,0.0,0.0,0.0,0.0,0.0,-2.98828,-13.6974,0.0178673,0.140658,BackwardQ,extended
23.2974,232,0.0,0.0,0.0,0.0,0.0,0.0,0.0,0.0,0.0,0.0,-4.21875,-13.6991,0.0178673,0.140658,BackwardQ,extended
23.3975,233,0.0,0.0,0.0,0.0,0.0,0.0,0.0,0.0,0.0,0.0,-4.57031,-11.943,0.0178673,0.140658,BackwardQ,extended
23.4976,234,0.0,0.0,0.0,0.0,0.0,0.0,0.0,0.0,0.0,0.0,-5.44922,-10.5392,0.0178673,0.140658,BackwardQ,extended
23.5976,235,0.0,0.0,0.0,0.0,0.0,0.0,0.0,0.0,0.0,0.0,-5.80078,-8.4313,0.0178673,0.140658,BackwardQ,extended
23.6977,236,0.0,0.0,0.0,0.0,0.0,0.0,0.0,0.0,0.0,0.0,-5.80078,-5.62083,0.0178673,0.140658,BackwardQ,extended
23.7978,237,0.0,0.0,0.0,0.0,0.0,0.0,0.0,0.0,0.0,0.0,-5.44922,-2.45912,0.0178673,0.140658,BackwardQ,extended
23.8979,238,0.0,0.0,0.0,0.0,0.0,0.0,0.0,0.0,0.0,0.0,-4.74609,-0.351307,0.0178673,0.140658,BackwardQ,extended
23.9979,239,0.0,0.0,0.0,0.0,0.0,0.0,0.0,0.0,0.0,0.0,-3.86719,3.16176,0.0178673,0.140658,BackwardQ,extended
24.0981,240,0.0,0.0,0.0,0.0,0.0,0.0,0.0,0.0,0.0,0.0,-2.63672,6.32268,0.0178673,0.140658,BackwardQ,extended
24.1982,241,0.0,0.0,0.0,0.0,0.0,0.0,0.0,0.0,0.0,0.0,-1.23047,9.1317,0.0178673,0.140658,BackwardQ,extended
24.2983,242,0.0,0.0,0.0,0.0,0.0,0.0,0.0,0.0,0.0,0.0,0.175781,11.2377,0.0178673,0.140658,BackwardQ,extended
24.3984,243,0.0,0.0,0.0,0.0,0.0,0.0,0.0,0.0,0.0,0.0,1.58203,12.6424,0.0129973,0.143496,BackwardQ,seated
24.4985,244,0.0,0.0,0.0,0.0,0.0,0.0,0.0,0.0,0.0,0.0,2.8125,13.3447,0.0129973,0.143496,BackwardQ,seated
