0.000148058,0,0.0,0.0,0.0,0.0,0.0,0.0,0.0,0.0,0.0,0.0,0.527344,0.0,0.0129973,0.143496,None,seated
0.10022,1,0.0,0.0,0.0,0.0,0.0,0.0,0.0,0.0,0.0,0.0,0.351562,-1.75655,0.0086997,0.136144,BackwardQParametric,lowered
0.200292,2,0.0,0.0,0.0,0.0,0.0,0.0,0.0,0.0,0.0,0.0,0.175781,-1.75655,0.0196793,0.166905,BackwardQParametric,raised
0.300368,3,0.0,0.0,0.0,0.0,0.0,0.0,0.0,0.0,0.0,0.0,0.175781,0.0,0.0196793,0.166905,BackwardQParametric,raised
0.400441,4,0.0,0.0,0.0,0.0,0.0,0.0,0.0,0.0,0.0,0.0,1.40625,12.2957,0.0086997,0.136144,BackwardQParametric,lowered
0.500513,5,0.0,0.0,0.0,0.0,0.0,0.0,0.0,0.0,0.0,0.0,0.0,-14.0524,0.0086997,0.136144,BackwardQParametric,lowered
0.600584,6,0.0,0.0,0.0,0.0,0.0,0.0,0.0,0.0,0.0,0.0,-2.10938,-21.0787,0.0196793,0.166905,BackwardQParametric,raised
0.700653,7,0.0,0.0,0.0,0.0,0.0,0.0,0.0,0.0,0.0,0.0,-3.33984,-12.2962,0.0086997,0.136144,BackwardQParametric,lowered
0.800731,8,0.0,0.0,0.0,0.0,0.0,0.0,0.0,0.0,0.0,0.0,-4.21875,-8.7822,0.0086997,0.136144,BackwardQParametric,lowered
0.900802,9,0.0,0.0,0.0,0.0,0.0,0.0,0.0,0.0,0.0,0.0,-5.80078,-15.8091,0.0086997,0.136144,BackwardQParametric,lowered
1.00087,10,0.0,0.0,0.0,0.0,0.0,0.0,0.0,0.0,0.0,0.0,-7.03125,-12.2962,0.0086997,0.136144,BackwardQParametric,lowered
1.10094,11,0.0,0.0,0.0,0.0,0.0,0.0,0.0,0.0,0.0,0.0,-7.91016,-8.78283,0.0086997,0.136144,BackwardQParametric,lowered
1.20101,12,0.0,0.0,0.0,0.0,0.0,0.0,0.0,0.0,0.0,0.0,-8.4375,-5.26975,0.0086997,0.136144,BackwardQParametric,lowered
1.30108,13,0.0,0.0,0.0,0.0,0.0,0.0,0.0,0.0,0.0,0.0,-8.26172,1.75655,0.0086997,0.136144,BackwardQParametric,lowered
1.40116,14,0.0,0.0,0.0,0.0,0.0,0.0,0.0,0.0,0.0,0.0,-7.55859,7.02613,0.0196793,0.166905,BackwardQParametric,raised
1.50123,15,0.0,0.0,0.0,0.0,0.0,0.0,0.0,0.0,0.0,0.0,-6.15234,14.0524,0.0196793,0.166905,BackwardQParametric,raised
1.6013,16,0.0,0.0,0.0,0.0,0.0,0.0,0.0,0.0,0.0,0.0,-4.21875,19.3219,0.0196793,0.166905,BackwardQParametric,raised
1.70137,17,0.0,0.0,0.0,0.0,0.0,0.0,0.0,0.0,0.0,0.0,-2.10938,21.0785,0.0196793,0.166905,BackwardQParametric,raised
1.80145,18,0.0,0.0,0.0,0.0,0.0,0.0,0.0,0.0,0.0,0.0,0.351562,24.5915,0.0196793,0.166905,BackwardQParametric,raised
1.90152,19,0.0,0.0,0.0,0.0,0.0,0.0,0.0,0.0,0.0,0.0,2.63672,22.8351,0.0086997,0.136144,BackwardQParametric,lowered
2.00159,20,0.0,0.0,0.0,0.0,0.0,0.0,0.0,0.0,0.0,0.0,4.39453,17.565,0.0086997,0.136144,BackwardQParametric,lowered
2.10166,21,0.0,0.0,0.0,0.0,0.0,0.0,0.0,0.0,0.0,0.0,5.80078,14.0529,0.0086997,0.136144,BackwardQParametric,lowered
2.20173,22,0.0,0.0,0.0,0.0,0.0,0.0,0.0,0.0,0.0,0.0,7.03125,12.2958,0.0086997,0.136144,BackwardQParametric,lowered
2.3018,23,0.0,0.0,0.0,0.0,0.0,0.0,0.0,0.0,0.0,0.0,8.08594,10.5395,0.0086997,0.136144,BackwardQParametric,lowered
2.40187,24,0.0,0.0,0.0,0.0,0.0,0.0,0.0,0.0,0.0,0.0,8.61328,5.26975,0.0086997,0.136144,BackwardQParametric,lowered
2.50194,25,0.0,0.0,0.0,0.0,0.0,0.0,0.0,0.0,0.0,0.0,8.61328,0.0,0.0086997,0.136144,BackwardQParametric,lowered
2.60202,26,0.0,0.0,0.0,0.0,0.0,0.0,0.0,0.0,0.0,0.0,8.26172,-3.51309,0.0086997,0.136144,BackwardQParametric,lowered
2.70209,27,0.0,0.0,0.0,0.0,0.0,0.0,0.0,0.0,0.0,0.0,7.55859,-7.02613,0.0196793,0.166905,BackwardQParametric,raised
2.80216,28,0.0,0.0,0.0,0.0,0.0,0.0,0.0,0.0,0.0,0.0,6.32812,-12.2958,0.0196793,0.166905,BackwardQParametric,raised
2.90224,29,0.0,0.0,0.0,0.0,0.0,0.0,0.0,0.0,0.0,0.0,5.09766,-12.2955,0.0196793,0.166905,BackwardQParametric,raised
3.00231,30,0.0,0.0,0.0,0.0,0.0,0.0,0.0,0.0,0.0,0.0,3.33984,-17.5653,0.0196793,0.166905,BackwardQParametric,raised
3.10238,31,0.0,0.0,0.0,0.0,0.0,0.0,0.0,0.0,0.0,0.0,1.40625,-19.3218,0.0196793,0.166905,BackwardQParametric,raised
3.20245,32,0.0,0.0,0.0,0.0,0.0,0.0,0.0,0.0,0.0,0.0,-0.703125,-21.0786,0.0196793,0.166905,BackwardQParametric,raised
3.30252,33,0.0,0.0,0.0,0.0,0.0,0.0,0.0,0.0,0.0,0.0,-2.8125,-21.079,0.0086997,0.136144,BackwardQParametric,lowered
3.40259,34,0.0,0.0,0.0,0.0,0.0,0.0,0.0,0.0,0.0,0.0,-4.74609,-19.3222,0.0086997,0.136144,BackwardQParametric,lowered
3.50266,35,0.0,0.0,0.0,0.0,0.0,0.0,0.0,0.0,0.0,0.0,-6.67969,-19.3224,0.0086997,0.136144,BackwardQParametric,lowered
3.60274,36,0.0,0.0,0.0,0.0,0.0,0.0,0.0,0.0,0.0,0.0,-7.91016,-12.2951,0.0086997,0.136144,BackwardQParametric,lowered
3.70281,37,0.0,0.0,0.0,0.0,0.0,0.0,0.0,0.0,0.0,0.0,-8.26172,-3.5131,0.0086997,0.136144,BackwardQParametric,lowered
3.80288,38,0.0,0.0,0.0,0.0,0.0,0.0,0.0,0.0,0.0,0.0,-8.26172,0.0,0.0086997,0.136144,BackwardQParametric,lowered
3.90295,39,0.0,0.0,0.0,0.0,0.0,0.0,0.0,0.0,0.0,0.0,-7.73438,5.26975,0.0086997,0.136144,BackwardQParametric,lowered
4.00303,40,0.0,0.0,0.0,0.0,0.0,0.0,0.0,0.0,0.0,0.0,-6.85547,8.78281,0.0196793,0.166905,BackwardQParametric,raised
4.1031,41,0.0,0.0,0.0,0.0,0.0,0.0,0.0,0.0,0.0,0.0,-5.27344,15.8088,0.0196793,0.166905,BackwardQParametric,raised
4.20317,42,0.0,0.0,0.0,0.0,0.0,0.0,0.0,0.0,0.0,0.0,-2.98828,22.8354,0.0196793,0.166905,BackwardQParametric,raised
4.30324,43,0.0,0.0,0.0,0.0,0.0,0.0,0.0,0.0,0.0,0.0,-0.878906,21.0785,0.0196793,0.166905,BackwardQParametric,raised
4.40331,44,0.0,0.0,0.0,0.0,0.0,0.0,0.0,0.0,0.0,0.0,1.75781,26.3484,0.0196793,0.166905,BackwardQParametric,raised
4.50338,45,0.0,0.0,0.0,0.0,0.0,0.0,0.0,0.0,0.0,0.0,3.86719,21.0789,0.0086997,0.136144,BackwardQParametric,lowered
4.60346,46,0.0,0.0,0.0,0.0,0.0,0.0,0.0,0.0,0.0,0.0,5.625,17.5646,0.0086997,0.136144,BackwardQParametric,lowered
4.70353,47,0.0,0.0,0.0,0.0,0.0,0.0,0.0,0.0,0.0,0.0,6.67969,10.5391,0.0086997,0.136144,BackwardQParametric,lowered
4.80361,48,0.0,0.0,0.0,0.0,0.0,0.0,0.0,0.0,0.0,0.0,7.73438,10.5393,0.0086997,0.136144,BackwardQParametric,lowered
4.90367,49,0.0,0.0,0.0,0.0,0.0,0.0,0.0,0.0,0.0,0.0,8.61328,8.78319,0.0086997,0.136144,BackwardQParametric,lowered
5.00375,50,0.0,0.0,0.0,0.0,0.0,0.0,0.0,0.0,0.0,0.0,8.61328,0.0,0.0086997,0.136144,BackwardQParametric,lowered
5.10379,51,0.0,0.0,0.0,0.0,0.0,0.0,0.0,0.0,0.0,0.0,8.4375,-1.75704,0.0086997,0.136144,BackwardQParametric,lowered
5.20386,52,0.0,0.0,0.0,0.0,0.0,0.0,0.0,0.0,0.0,0.0,7.73438,-7.02608,0.0196793,0.166905,BackwardQParametric,raised
5.30393,53,0.0,0.0,0.0,0.0,0.0,0.0,0.0,0.0,0.0,0.0,6.85547,-8.78294,0.0196793,0.166905,BackwardQParametric,raised
5.40401,54,0.0,0.0,0.0,0.0,0.0,0.0,0.0,0.0,0.0,0.0,5.80078,-10.5391,0.0196793,0.166905,BackwardQParametric,raised
5.50408,55,0.0,0.0,0.0,0.0,0.0,0.0,0.0,0.0,0.0,0.0,3.86719,-19.3218,0.0196793,0.166905,BackwardQParametric,raised
5.60415,56,0.0,0.0,0.0,0.0,0.0,0.0,0.0,0.0,0.0,0.0,2.10938,-17.5653,0.0196793,0.166905,BackwardQParametric,raised
5.70422,57,0.0,0.0,0.0,0.0,0.0,0.0,0.0,0.0,0.0,0.0,0.0,-21.0787,0.0196793,0.166905,BackwardQParametric,raised
5.8043,58,0.0,0.0,0.0,0.0,0.0,0.0,0.0,0.0,0.0,0.0,-2.10938,-21.0787,0.0196793,0.166905,BackwardQParametric,raised
5.90437,59,0.0,0.0,0.0,0.0,0.0,0.0,0.0,0.0,0.0,0.0,-4.04297,-19.3219,0.0086997,0.136144,BackwardQParametric,lowered
6.00444,60,0.0,0.0,0.0,0.0,0.0,0.0,0.0,0.0,0.0,0.0,-5.80078,-17.5655,0.0086997,0.136144,BackwardQParametric,lowered
6.10451,61,0.0,0.0,0.0,0.0,0.0,0.0,0.0,0.0,0.0,0.0,-7.20703,-14.0524,0.0086997,0.136144,BackwardQParametric,lowered
6.20458,62,0.0,0.0,0.0,0.0,0.0,0.0,0.0,0.0,0.0,0.0,-8.08594,-8.78329,0.0086997,0.136144,BackwardQParametric,lowered
6.30465,63,0.0,0.0,0.0,0.0,0.0,0.0,0.0,0.0,0.0,0.0,-8.4375,-3.51309,0.0086997,0.136144,BackwardQParametric,lowered
6.40472,64,0.0,0.0,0.0,0.0,0.0,0.0,0.0,0.0,0.0,0.0,-8.08594,3.51311,0.0086997,0.136144,BackwardQParametric,lowered
6.50478,65,0.0,0.0,0.0,0.0,0.0,0.0,0.0,0.0,0.0,0.0,-7.20703,8.78398,0.0196793,0.166905,BackwardQParametric,raised
6.60485,66,0.0,0.0,0.0,0.0,0.0,0.0,0.0,0.0,0.0,0.0,-5.625,15.8091,0.0196793,0.166905,BackwardQParametric,raised
6.70492,67,0.0,0.0,0.0,0.0,0.0,0.0,0.0,0.0,0.0,0.0,-3.69141,19.323,0.0196793,0.166905,BackwardQParametric,raised
6.80499,68,0.0,0.0,0.0,0.0,0.0,0.0,0.0,0.0,0.0,0.0,-1.58203,21.0783,0.0196793,0.166905,BackwardQParametric,raised
6.90506,69,0.0,0.0,0.0,0.0,0.0,0.0,0.0,0.0,0.0,0.0,0.878906,24.5926,0.0196793,0.166905,BackwardQParametric,raised
7.00513,70,0.0,0.0,0.0,0.0,0.0,0.0,0.0,0.0,0.0,0.0,3.16406,22.8353,0.0086997,0.136144,BackwardQParametric,lowered
7.1052,71,0.0,0.0,0.0,0.0,0.0,0.0,0.0,0.0,0.0,0.0,4.92188,17.5653,0.0086997,0.136144,BackwardQParametric,lowered
7.20528,72,0.0,0.0,0.0,0.0,0.0,0.0,0.0,0.0,0.0,0.0,6.15234,12.2957,0.0086997,0.136144,BackwardQParametric,lowered
7.30535,73,0.0,0.0,0.0,0.0,0.0,0.0,0.0,0.0,0.0,0.0,7.20703,10.5392,0.0086997,0.136144,BackwardQParametric,lowered
7.40542,74,0.0,0.0,0.0,0.0,0.0,0.0,0.0,0.0,0.0,0.0,8.26172,10.5395,0.0086997,0.136144,BackwardQParametric,lowered
7.50549,75,0.0,0.0,0.0,0.0,0.0,0.0,0.0,0.0,0.0,0.0,8.61328,3.51312,0.0086997,0.136144,BackwardQParametric,lowered
7.60556,76,0.0,0.0,0.0,0.0,0.0,0.0,0.0,0.0,0.0,0.0,8.4375,-1.75657,0.0086997,0.136144,BackwardQParametric,lowered
7.70564,77,0.0,0.0,0.0,0.0,0.0,0.0,0.0,0.0,0.0,0.0,8.08594,-3.51303,0.0196793,0.166905,BackwardQParametric,raised
7.80571,78,0.0,0.0,0.0,0.0,0.0,0.0,0.0,0.0,0.0,0.0,7.20703,-8.78214,0.0196793,0.166905,BackwardQParametric,raised
7.90579,79,0.0,0.0,0.0,0.0,0.0,0.0,0.0,0.0,0.0,0.0,6.32812,-8.78262,0.0196793,0.166905,BackwardQParametric,raised
