0.000152111,0,0.0,0.0,0.0,0.0,0.0,0.0,0.0,0.0,0.0,0.0,0.527344,0.0,0.0129973,0.143496,None,seated
0.100225,1,0.0,0.0,0.0,0.0,0.0,0.0,0.0,0.0,0.0,0.0,0.527344,0.0,0.0196793,0.166905,BackwardQParametric,raised
0.200295,2,0.0,0.0,0.0,0.0,0.0,0.0,0.0,0.0,0.0,0.0,0.703125,1.75658,0.0196793,0.166905,BackwardQParametric,raised
0.300367,3,0.0,0.0,0.0,0.0,0.0,0.0,0.0,0.0,0.0,0.0,0.703125,0.0,0.0196793,0.166905,BackwardQParametric,raised
0.400437,4,0.0,0.0,0.0,0.0,0.0,0.0,0.0,0.0,0.0,0.0,0.878906,1.75658,0.0196793,0.166905,BackwardQParametric,raised
0.500511,5,0.0,0.0,0.0,0.0,0.0,0.0,0.0,0.0,0.0,0.0,1.05469,1.75651,0.0196793,0.166905,BackwardQParametric,raised
0.600585,6,0.0,0.0,0.0,0.0,0.0,0.0,0.0,0.0,0.0,0.0,1.58203,5.26955,0.0196793,0.166905,BackwardQParametric,raised
0.700656,7,0.0,0.0,0.0,0.0,0.0,0.0,0.0,0.0,0.0,0.0,2.8125,12.2959,0.0196793,0.166905,BackwardQParametric,raised
0.800727,8,0.0,0.0,0.0,0.0,0.0,0.0,0.0,0.0,0.0,0.0,4.57031,17.5657,0.0196793,0.166905,BackwardQParametric,raised
0.9008,9,0.0,0.0,0.0,0.0,0.0,0.0,0.0,0.0,0.0,0.0,6.85547,22.8349,0.0196793,0.166905,BackwardQParametric,raised
1.00088,10,0.0,0.0,0.0,0.0,0.0,0.0,0.0,0.0,0.0,0.0,8.61328,17.5644,0.0196793,0.166905,BackwardQParametric,raised
1.10095,11,0.0,0.0,0.0,0.0,0.0,0.0,0.0,0.0,0.0,0.0,10.0195,14.0525,0.0196793,0.166905,BackwardQParametric,raised
1.20102,12,0.0,0.0,0.0,0.0,0.0,0.0,0.0,0.0,0.0,0.0,10.7227,7.02633,0.0196793,0.166905,BackwardQParametric,raised
1.30243,13,0.0,0.0,0.0,0.0,0.0,0.0,0.0,0.0,0.0,0.0,11.0742,3.46681,0.0196793,0.166905,BackwardQParametric,raised
1.4025,14,0.0,0.0,0.0,0.0,0.0,0.0,0.0,0.0,0.0,0.0,10.5469,-5.26965,0.0196793,0.166905,BackwardQParametric,raised
1.50257,15,0.0,0.0,0.0,0.0,0.0,0.0,0.0,0.0,0.0,0.0,9.31641,-12.2964,0.0086997,0.136144,BackwardQParametric,lowered
1.60265,16,0.0,0.0,0.0,0.0,0.0,0.0,0.0,0.0,0.0,0.0,7.91016,-14.0514,0.0086997,0.136144,BackwardQParametric,lowered
1.70272,17,0.0,0.0,0.0,0.0,0.0,0.0,0.0,0.0,0.0,0.0,5.625,-22.8347,0.0086997,0.136144,BackwardQParametric,lowered
1.80279,18,0.0,0.0,0.0,0.0,0.0,0.0,0.0,0.0,0.0,0.0,3.16406,-24.5916,0.0086997,0.136144,BackwardQParametric,lowered
1.90286,19,0.0,0.0,0.0,0.0,0.0,0.0,0.0,0.0,0.0,0.0,0.527344,-26.3485,0.0086997,0.136144,BackwardQParametric,lowered
2.00293,20,0.0,0.0,0.0,0.0,0.0,0.0,0.0,0.0,0.0,0.0,-1.93359,-24.5922,0.0086997,0.136144,BackwardQParametric,lowered
2.103,21,0.0,0.0,0.0,0.0,0.0,0.0,0.0,0.0,0.0,0.0,-4.21875,-22.8356,0.0196793,0.166905,BackwardQParametric,raised
2.20308,22,0.0,0.0,0.0,0.0,0.0,0.0,0.0,0.0,0.0,0.0,-6.15234,-19.3218,0.0196793,0.166905,BackwardQParametric,raised
2.30315,23,0.0,0.0,0.0,0.0,0.0,0.0,0.0,0.0,0.0,0.0,-7.91016,-17.5655,0.0196793,0.166905,BackwardQParametric,raised
2.40322,24,0.0,0.0,0.0,0.0,0.0,0.0,0.0,0.0,0.0,0.0,-8.78906,-8.78248,0.0196793,0.166905,BackwardQParametric,raised
2.50329,25,0.0,0.0,0.0,0.0,0.0,0.0,0.0,0.0,0.0,0.0,-9.14062,-3.51313,0.0196793,0.166905,BackwardQParametric,raised
2.60337,26,0.0,0.0,0.0,0.0,0.0,0.0,0.0,0.0,0.0,0.0,-8.78906,3.51306,0.0196793,0.166905,BackwardQParametric,raised
2.70344,27,0.0,0.0,0.0,0.0,0.0,0.0,0.0,0.0,0.0,0.0,-8.08594,7.02578,0.0086997,0.136144,BackwardQParametric,lowered
2.80352,28,0.0,0.0,0.0,0.0,0.0,0.0,0.0,0.0,0.0,0.0,-7.03125,10.5392,0.0086997,0.136144,BackwardQParametric,lowered
2.9036,29,0.0,0.0,0.0,0.0,0.0,0.0,0.0,0.0,0.0,0.0,-5.80078,12.295,0.0086997,0.136144,BackwardQParametric,lowered
3.00367,30,0.0,0.0,0.0,0.0,0.0,0.0,0.0,0.0,0.0,0.0,-3.86719,19.3219,0.0086997,0.136144,BackwardQParametric,lowered
3.10374,31,0.0,0.0,0.0,0.0,0.0,0.0,0.0,0.0,0.0,0.0,-1.93359,19.322,0.0086997,0.136144,BackwardQParametric,lowered
3.20381,32,0.0,0.0,0.0,0.0,0.0,0.0,0.0,0.0,0.0,0.0,0.351562,22.8349,0.0086997,0.136144,BackwardQParametric,lowered
3.30388,33,0.0,0.0,0.0,0.0,0.0,0.0,0.0,0.0,0.0,0.0,2.63672,22.8354,0.0196793,0.166905,BackwardQParametric,raised
3.40392,34,0.0,0.0,0.0,0.0,0.0,0.0,0.0,0.0,0.0,0.0,4.74609,21.087,0.0196793,0.166905,BackwardQParametric,raised
3.50399,35,0.0,0.0,0.0,0.0,0.0,0.0,0.0,0.0,0.0,0.0,6.67969,19.3222,0.0196793,0.166905,BackwardQParametric,raised
3.60406,36,0.0,0.0,0.0,0.0,0.0,0.0,0.0,0.0,0.0,0.0,8.4375,17.5655,0.0196793,0.166905,BackwardQParametric,raised
3.70414,37,0.0,0.0,0.0,0.0,0.0,0.0,0.0,0.0,0.0,0.0,9.66797,12.2946,0.0196793,0.166905,BackwardQParametric,raised
3.80421,38,0.0,0.0,0.0,0.0,0.0,0.0,0.0,0.0,0.0,0.0,10.5469,8.78275,0.0196793,0.166905,BackwardQParametric,raised
3.90429,39,0.0,0.0,0.0,0.0,0.0,0.0,0.0,0.0,0.0,0.0,10.3711,-1.75655,0.0196793,0.166905,BackwardQParametric,raised
4.00436,40,0.0,0.0,0.0,0.0,0.0,0.0,0.0,0.0,0.0,0.0,9.66797,-7.02578,0.0086997,0.136144,BackwardQParametric,lowered
4.10444,41,0.0,0.0,0.0,0.0,0.0,0.0,0.0,0.0,0.0,0.0,8.4375,-12.2958,0.0086997,0.136144,BackwardQParametric,lowered
4.20451,42,0.0,0.0,0.0,0.0,0.0,0.0,0.0,0.0,0.0,0.0,6.50391,-19.3216,0.0086997,0.136144,BackwardQParametric,lowered
4.30458,43,0.0,0.0,0.0,0.0,0.0,0.0,0.0,0.0,0.0,0.0,4.39453,-21.0787,0.0086997,0.136144,BackwardQParametric,lowered
4.40465,44,0.0,0.0,0.0,0.0,0.0,0.0,0.0,0.0,0.0,0.0,1.93359,-24.5912,0.0086997,0.136144,BackwardQParametric,lowered
4.50473,45,0.0,0.0,0.0,0.0,0.0,0.0,0.0,0.0,0.0,0.0,-0.527344,-24.5916,0.0086997,0.136144,BackwardQParametric,lowered
4.6048,46,0.0,0.0,0.0,0.0,0.0,0.0,0.0,0.0,0.0,0.0,-2.8125,-22.8338,0.0196793,0.166905,BackwardQParametric,raised
4.70488,47,0.0,0.0,0.0,0.0,0.0,0.0,0.0,0.0,0.0,0.0,-4.92188,-21.0783,0.0196793,0.166905,BackwardQParametric,raised
4.80495,48,0.0,0.0,0.0,0.0,0.0,0.0,0.0,0.0,0.0,0.0,-6.67969,-17.566,0.0196793,0.166905,BackwardQParametric,raised
4.90502,49,0.0,0.0,0.0,0.0,0.0,0.0,0.0,0.0,0.0,0.0,-7.91016,-12.2961,0.0196793,0.166905,BackwardQParametric,raised
5.00509,50,0.0,0.0,0.0,0.0,0.0,0.0,0.0,0.0,0.0,0.0,-8.61328,-7.02631,0.0196793,0.166905,BackwardQParametric,raised
5.10516,51,0.0,0.0,0.0,0.0,0.0,0.0,0.0,0.0,0.0,0.0,-8.61328,0.0,0.0196793,0.166905,BackwardQParametric,raised
5.20523,52,0.0,0.0,0.0,0.0,0.0,0.0,0.0,0.0,0.0,0.0,-8.26172,3.51313,0.0196793,0.166905,BackwardQParametric,raised
5.30531,53,0.0,0.0,0.0,0.0,0.0,0.0,0.0,0.0,0.0,0.0,-7.38281,8.78266,0.0086997,0.136144,BackwardQParametric,lowered
5.40538,54,0.0,0.0,0.0,0.0,0.0,0.0,0.0,0.0,0.0,0.0,-6.15234,12.2958,0.0086997,0.136144,BackwardQParametric,lowered
5.50545,55,0.0,0.0,0.0,0.0,0.0,0.0,0.0,0.0,0.0,0.0,-4.57031,15.8088,0.0086997,0.136144,BackwardQParametric,lowered
5.60552,56,0.0,0.0,0.0,0.0,0.0,0.0,0.0,0.0,0.0,0.0,-2.63672,19.322,0.0086997,0.136144,BackwardQParametric,lowered
5.70559,57,0.0,0.0,0.0,0.0,0.0,0.0,0.0,0.0,0.0,0.0,-0.703125,19.3226,0.0086997,0.136144,BackwardQParametric,lowered
5.80566,58,0.0,0.0,0.0,0.0,0.0,0.0,0.0,0.0,0.0,0.0,1.40625,21.0786,0.0086997,0.136144,BackwardQParametric,lowered
5.90573,59,0.0,0.0,0.0,0.0,0.0,0.0,0.0,0.0,0.0,0.0,3.51562,21.0796,0.0196793,0.166905,BackwardQParametric,raised
6.0058,60,0.0,0.0,0.0,0.0,0.0,0.0,0.0,0.0,0.0,0.0,5.625,21.0784,0.0196793,0.166905,BackwardQParametric,raised
6.10588,61,0.0,0.0,0.0,0.0,0.0,0.0,0.0,0.0,0.0,0.0,7.20703,15.8089,0.0196793,0.166905,BackwardQParametric,raised
6.20592,62,0.0,0.0,0.0,0.0,0.0,0.0,0.0,0.0,0.0,0.0,8.61328,14.0564,0.0196793,0.166905,BackwardQParametric,raised
6.30599,63,0.0,0.0,0.0,0.0,0.0,0.0,0.0,0.0,0.0,0.0,9.84375,12.2961,0.0196793,0.166905,BackwardQParametric,raised
6.40606,64,0.0,0.0,0.0,0.0,0.0,0.0,0.0,0.0,0.0,0.0,10.1953,3.51314,0.0196793,0.166905,BackwardQParametric,raised
6.50613,65,0.0,0.0,0.0,0.0,0.0,0.0,0.0,0.0,0.0,0.0,9.84375,-3.5131,0.0196793,0.166905,BackwardQParametric,raised
6.6062,66,0.0,0.0,0.0,0.0,0.0,0.0,0.0,0.0,0.0,0.0,8.96484,-8.78266,0.0086997,0.136144,BackwardQParametric,lowered
6.70628,67,0.0,0.0,0.0,0.0,0.0,0.0,0.0,0.0,0.0,0.0,7.55859,-14.0522,0.0086997,0.136144,BackwardQParametric,lowered
6.80635,68,0.0,0.0,0.0,0.0,0.0,0.0,0.0,0.0,0.0,0.0,5.44922,-21.0787,0.0086997,0.136144,BackwardQParametric,lowered
6.90642,69,0.0,0.0,0.0,0.0,0.0,0.0,0.0,0.0,0.0,0.0,3.16406,-22.8353,0.0086997,0.136144,BackwardQParametric,lowered
7.00649,70,0.0,0.0,0.0,0.0,0.0,0.0,0.0,0.0,0.0,0.0,0.703125,-24.5911,0.0086997,0.136144,BackwardQParametric,lowered
7.10657,71,0.0,0.0,0.0,0.0,0.0,0.0,0.0,0.0,0.0,0.0,-1.58203,-22.8351,0.0086997,0.136144,BackwardQParametric,lowered
7.20664,72,0.0,0.0,0.0,0.0,0.0,0.0,0.0,0.0,0.0,0.0,-3.86719,-22.8349,0.0196793,0.166905,BackwardQParametric,raised
7.30671,73,0.0,0.0,0.0,0.0,0.0,0.0,0.0,0.0,0.0,0.0,-5.80078,-19.3226,0.0196793,0.166905,BackwardQParametric,raised
7.40678,74,0.0,0.0,0.0,0.0,0.0,0.0,0.0,0.0,0.0,0.0,-7.20703,-14.0521,0.0196793,0.166905,BackwardQParametric,raised
7.50686,75,0.0,0.0,0.0,0.0,0.0,0.0,0.0,0.0,0.0,0.0,-8.26172,-10.5388,0.0196793,0.166905,BackwardQParametric,raised
7.60691,76,0.0,0.0,0.0,0.0,0.0,0.0,0.0,0.0,0.0,0.0,-8.4375,-1.75686,0.0196793,0.166905,BackwardQParametric,raised
7.70698,77,0.0,0.0,0.0,0.0,0.0,0.0,0.0,0.0,0.0,0.0,-8.26172,1.75658,0.0196793,0.166905,BackwardQParametric,raised
7.80705,78,0.0,0.0,0.0,0.0,0.0,0.0,0.0,0.0,0.0,0.0,-7.55859,7.0262,0.0086997,0.136144,BackwardQParametric,lowered
7.90712,79,0.0,0.0,0.0,0.0,0.0,0.0,0.0,0.0,0.0,0.0,-6.50391,10.5396,0.0086997,0.136144,BackwardQParametric,lowered
8.0072,80,0.0,0.0,0.0,0.0,0.0,0.0,0.0,0.0,0.0,0.0,-5.44922,10.5386,0.0086997,0.136144,BackwardQParametric,lowered
8.10728,81,0.0,0.0,0.0,0.0,0.0,0.0,0.0,0.0,0.0,0.0,-3.69141,17.5643,0.0086997,0.136144,BackwardQParametric,lowered
8.20735,82,0.0,0.0,0.0,0.0,0.0,0.0,0.0,0.0,0.0,0.0,-1.58203,21.0783,0.0086997,0.136144,BackwardQParametric,lowered
8.30743,83,0.0,0.0,0.0,0.0,0.0,0.0,0.0,0.0,0.0,0.0,0.351562,19.322,0.0086997,0.136144,BackwardQParametric,lowered
8.4075,84,0.0,0.0,0.0,0.0,0.0,0.0,0.0,0.0,0.0,0.0,2.46094,21.0788,0.0196793,0.166905,BackwardQParametric,raised
8.50758,85,0.0,0.0,0.0,0.0,0.0,0.0,0.0,0.0,0.0,0.0,4.39453,19.3209,0.0196793,0.166905,BackwardQParametric,raised
8.60765,86,0.0,0.0,0.0,0.0,0.0,0.0,0.0,0.0,0.0,0.0,6.32812,19.3216,0.0196793,0.166905,BackwardQParametric,raised
8.70773,87,0.0,0.0,0.0,0.0,0.0,0.0,0.0,0.0,0.0,0.0,7.91016,15.808,0.0196793,0.166905,BackwardQParametric,raised
8.80779,88,0.0,0.0,0.0,0.0,0.0,0.0,0.0,0.0,0.0,0.0,9.14062,12.2965,0.0196793,0.166905,BackwardQParametric,raised
8.90787,89,0.0,0.0,0.0,0.0,0.0,0.0,0.0,0.0,0.0,0.0,9.84375,7.02616,0.0196793,0.166905,BackwardQParametric,raised
9.00792,90,0.0,0.0,0.0,0.0,0.0,0.0,0.0,0.0,0.0,0.0,9.84375,0.0,0.0196793,0.166905,BackwardQParametric,raised
9.10799,91,0.0,0.0,0.0,0.0,0.0,0.0,0.0,0.0,0.0,0.0,9.14062,-7.026,0.0196793,0.166905,BackwardQParametric,raised
9.20807,92,0.0,0.0,0.0,0.0,0.0,0.0,0.0,0.0,0.0,0.0,7.91016,-12.2955,0.0086997,0.136144,BackwardQParametric,lowered
9.30814,93,0.0,0.0,0.0,0.0,0.0,0.0,0.0,0.0,0.0,0.0,6.32812,-15.8094,0.0086997,0.136144,BackwardQParametric,lowered
9.40821,94,0.0,0.0,0.0,0.0,0.0,0.0,0.0,0.0,0.0,0.0,4.21875,-21.0783,0.0086997,0.136144,BackwardQParametric,lowered
9.50828,95,0.0,0.0,0.0,0.0,0.0,0.0,0.0,0.0,0.0,0.0,1.93359,-22.8349,0.0086997,0.136144,BackwardQParametric,lowered
9.60836,96,0.0,0.0,0.0,0.0,0.0,0.0,0.0,0.0,0.0,0.0,-0.527344,-24.5911,0.0086997,0.136144,BackwardQParametric,lowered
9.70843,97,0.0,0.0,0.0,0.0,0.0,0.0,0.0,0.0,0.0,0.0,-2.63672,-21.0784,0.0196793,0.166905,BackwardQParametric,raised
9.8085,98,0.0,0.0,0.0,0.0,0.0,0.0,0.0,0.0,0.0,0.0,-4.74609,-21.078,0.0196793,0.166905,BackwardQParametric,raised
9.90858,99,0.0,0.0,0.0,0.0,0.0,0.0,0.0,0.0,0.0,0.0,-6.32812,-15.8089,0.0196793,0.166905,BackwardQParametric,raised
10.0087,100,0.0,0.0,0.0,0.0,0.0,0.0,0.0,0.0,0.0,0.0,-7.55859,-12.2955,0.0196793,0.166905,BackwardQParametric,raised
10.1087,101,0.0,0.0,0.0,0.0,0.0,0.0,0.0,0.0,0.0,0.0,-8.08594,-5.26957,0.0196793,0.166905,BackwardQParametric,raised
10.2088,102,0.0,0.0,0.0,0.0,0.0,0.0,0.0,0.0,0.0,0.0,-8.08594,0.0,0.0196793,0.166905,BackwardQParametric,raised
10.3089,103,0.0,0.0,0.0,0.0,0.0,0.0,0.0,0.0,0.0,0.0,-7.73438,3.51307,0.0196793,0.166905,BackwardQParametric,raised
10.4089,104,0.0,0.0,0.0,0.0,0.0,0.0,0.0,0.0,0.0,0.0,-6.85547,8.78285,0.0086997,0.136144,BackwardQParametric,lowered
10.509,105,0.0,0.0,0.0,0.0,0.0,0.0,0.0,0.0,0.0,0.0,-5.80078,10.5396,0.0086997,0.136144,BackwardQParametric,lowered
10.6091,106,0.0,0.0,0.0,0.0,0.0,0.0,0.0,0.0,0.0,0.0,-4.21875,15.8088,0.0086997,0.136144,BackwardQParametric,lowered
10.7092,107,0.0,0.0,0.0,0.0,0.0,0.0,0.0,0.0,0.0,0.0,-2.46094,17.5643,0.0086997,0.136144,BackwardQParametric,lowered
10.8092,108,0.0,0.0,0.0,0.0,0.0,0.0,0.0,0.0,0.0,0.0,-0.703125,17.5652,0.0086997,0.136144,BackwardQParametric,lowered
10.9093,109,0.0,0.0,0.0,0.0,0.0,0.0,0.0,0.0,0.0,0.0,1.40625,21.0785,0.0086997,0.136144,BackwardQParametric,lowered
11.0094,110,0.0,0.0,0.0,0.0,0.0,0.0,0.0,0.0,0.0,0.0,3.33984,19.3217,0.0196793,0.166905,BackwardQParametric,raised
11.1095,111,0.0,0.0,0.0,0.0,0.0,0.0,0.0,0.0,0.0,0.0,5.27344,19.3219,0.0196793,0.166905,BackwardQParametric,raised
11.2095,112,0.0,0.0,0.0,0.0,0.0,0.0,0.0,0.0,0.0,0.0,6.85547,15.8089,0.0196793,0.166905,BackwardQParametric,raised
11.3096,113,0.0,0.0,0.0,0.0,0.0,0.0,0.0,0.0,0.0,0.0,8.08594,12.2951,0.0196793,0.166905,BackwardQParametric,raised
11.4097,114,0.0,0.0,0.0,0.0,0.0,0.0,0.0,0.0,0.0,0.0,9.14062,10.539,0.0196793,0.166905,BackwardQParametric,raised
11.5098,115,0.0,0.0,0.0,0.0,0.0,0.0,0.0,0.0,0.0,0.0,9.49219,3.51304,0.0196793,0.166905,BackwardQParametric,raised
11.6098,116,0.0,0.0,0.0,0.0,0.0,0.0,0.0,0.0,0.0,0.0,9.31641,-1.75655,0.0196793,0.166905,BackwardQParametric,raised
11.7099,117,0.0,0.0,0.0,0.0,0.0,0.0,0.0,0.0,0.0,0.0,8.4375,-8.78275,0.0086997,0.136144,BackwardQParametric,lowered
11.81,118,0.0,0.0,0.0,0.0,0.0,0.0,0.0,0.0,0.0,0.0,7.03125,-14.0527,0.0086997,0.136144,BackwardQParametric,lowered
11.91,119,0.0,0.0,0.0,0.0,0.0,0.0,0.0,0.0,0.0,0.0,5.09766,-19.3216,0.0086997,0.136144,BackwardQParametric,lowered
12.0101,120,0.0,0.0,0.0,0.0,0.0,0.0,0.0,0.0,0.0,0.0,2.98828,-21.0781,0.0086997,0.136144,BackwardQParametric,lowered
12.1102,121,0.0,0.0,0.0,0.0,0.0,0.0,0.0,0.0,0.0,0.0,0.703125,-22.8339,0.0086997,0.136144,BackwardQParametric,lowered
12.2103,122,0.0,0.0,0.0,0.0,0.0,0.0,0.0,0.0,0.0,0.0,-1.58203,-22.8338,0.0086997,0.136144,BackwardQParametric,lowered
12.3103,123,0.0,0.0,0.0,0.0,0.0,0.0,0.0,0.0,0.0,0.0,-3.51562,-19.3218,0.0196793,0.166905,BackwardQParametric,raised
12.4104,124,0.0,0.0,0.0,0.0,0.0,0.0,0.0,0.0,0.0,0.0,-5.44922,-19.3222,0.0196793,0.166905,BackwardQParametric,raised
12.5105,125,0.0,0.0,0.0,0.0,0.0,0.0,0.0,0.0,0.0,0.0,-6.67969,-12.2957,0.0196793,0.166905,BackwardQParametric,raised
12.6106,126,0.0,0.0,0.0,0.0,0.0,0.0,0.0,0.0,0.0,0.0,-7.55859,-8.78252,0.0196793,0.166905,BackwardQParametric,raised
12.7106,127,0.0,0.0,0.0,0.0,0.0,0.0,0.0,0.0,0.0,0.0,-7.91016,-3.513,0.0196793,0.166905,BackwardQParametric,raised
12.8107,128,0.0,0.0,0.0,0.0,0.0,0.0,0.0,0.0,0.0,0.0,-7.55859,3.51303,0.0196793,0.166905,BackwardQParametric,raised
12.9108,129,0.0,0.0,0.0,0.0,0.0,0.0,0.0,0.0,0.0,0.0,-7.03125,5.26964,0.0086997,0.136144,BackwardQParametric,lowered
13.0109,130,0.0,0.0,0.0,0.0,0.0,0.0,0.0,0.0,0.0,0.0,-6.15234,8.78254,0.0086997,0.136144,BackwardQParametric,lowered
13.1109,131,0.0,0.0,0.0,0.0,0.0,0.0,0.0,0.0,0.0,0.0,-4.92188,12.296,0.0086997,0.136144,BackwardQParametric,lowered
13.211,132,0.0,0.0,0.0,0.0,0.0,0.0,0.0,0.0,0.0,0.0,-3.33984,15.8087,0.0086997,0.136144,BackwardQParametric,lowered
13.3111,133,0.0,0.0,0.0,0.0,0.0,0.0,0.0,0.0,0.0,0.0,-1.58203,17.5657,0.0086997,0.136144,BackwardQParametric,lowered
13.4111,134,0.0,0.0,0.0,0.0,0.0,0.0,0.0,0.0,0.0,0.0,0.351562,19.3229,0.0086997,0.136144,BackwardQParametric,lowered
13.5112,135,0.0,0.0,0.0,0.0,0.0,0.0,0.0,0.0,0.0,0.0,2.28516,19.3223,0.0196793,0.166905,BackwardQParametric,raised
13.6113,136,0.0,0.0,0.0,0.0,0.0,0.0,0.0,0.0,0.0,0.0,4.21875,19.3221,0.0196793,0.166905,BackwardQParametric,raised
13.7114,137,0.0,0.0,0.0,0.0,0.0,0.0,0.0,0.0,0.0,0.0,5.97656,17.5655,0.0196793,0.166905,BackwardQParametric,raised
13.8114,138,0.0,0.0,0.0,0.0,0.0,0.0,0.0,0.0,0.0,0.0,7.38281,14.0524,0.0196793,0.166905,BackwardQParametric,raised
13.9115,139,0.0,0.0,0.0,0.0,0.0,0.0,0.0,0.0,0.0,0.0,8.61328,12.295,0.0196793,0.166905,BackwardQParametric,raised
14.0116,140,0.0,0.0,0.0,0.0,0.0,0.0,0.0,0.0,0.0,0.0,9.31641,7.0261,0.0196793,0.166905,BackwardQParametric,raised
14.1117,141,0.0,0.0,0.0,0.0,0.0,0.0,0.0,0.0,0.0,0.0,9.14062,-1.75654,0.0196793,0.166905,BackwardQParametric,raised
14.2117,142,0.0,0.0,0.0,0.0,0.0,0.0,0.0,0.0,0.0,0.0,8.61328,-5.26987,0.0086997,0.136144,BackwardQParametric,lowered
14.3118,143,0.0,0.0,0.0,0.0,0.0,0.0,0.0,0.0,0.0,0.0,7.55859,-10.5394,0.0086997,0.136144,BackwardQParametric,lowered
14.4119,144,0.0,0.0,0.0,0.0,0.0,0.0,0.0,0.0,0.0,0.0,5.80078,-17.5655,0.0086997,0.136144,BackwardQParametric,lowered
14.5119,145,0.0,0.0,0.0,0.0,0.0,0.0,0.0,0.0,0.0,0.0,3.86719,-19.326,0.0086997,0.136144,BackwardQParametric,lowered
14.612,146,0.0,0.0,0.0,0.0,0.0,0.0,0.0,0.0,0.0,0.0,1.58203,-22.8356,0.0086997,0.136144,BackwardQParametric,lowered
14.7121,147,0.0,0.0,0.0,0.0,0.0,0.0,0.0,0.0,0.0,0.0,-0.527344,-21.079,0.0086997,0.136144,BackwardQParametric,lowered
14.8121,148,0.0,0.0,0.0,0.0,0.0,0.0,0.0,0.0,0.0,0.0,-2.63672,-21.0784,0.0196793,0.166905,BackwardQParametric,raised
14.9122,149,0.0,0.0,0.0,0.0,0.0,0.0,0.0,0.0,0.0,0.0,-4.39453,-17.5653,0.0196793,0.166905,BackwardQParametric,raised
15.0123,150,0.0,0.0,0.0,0.0,0.0,0.0,0.0,0.0,0.0,0.0,-5.97656,-15.8088,0.0196793,0.166905,BackwardQParametric,raised
15.1123,151,0.0,0.0,0.0,0.0,0.0,0.0,0.0,0.0,0.0,0.0,-6.85547,-8.78262,0.0196793,0.166905,BackwardQParametric,raised
15.2124,152,0.0,0.0,0.0,0.0,0.0,0.0,0.0,0.0,0.0,0.0,-7.38281,-5.26957,0.0196793,0.166905,BackwardQParametric,raised
15.3125,153,0.0,0.0,0.0,0.0,0.0,0.0,0.0,0.0,0.0,0.0,-7.38281,0.0,0.0196793,0.166905,BackwardQParametric,raised
15.4126,154,0.0,0.0,0.0,0.0,0.0,0.0,0.0,0.0,0.0,0.0,-7.03125,3.51291,0.0196793,0.166905,BackwardQParametric,raised
15.5126,155,0.0,0.0,0.0,0.0,0.0,0.0,0.0,0.0,0.0,0.0,-6.50391,5.26961,0.0086997,0.136144,BackwardQParametric,lowered
15.6127,156,0.0,0.0,0.0,0.0,0.0,0.0,0.0,0.0,0.0,0.0,-5.27344,12.2957,0.0086997,0.136144,BackwardQParametric,lowered
15.7128,157,0.0,0.0,0.0,0.0,0.0,0.0,0.0,0.0,0.0,0.0,-4.04297,12.296,0.0086997,0.136144,BackwardQParametric,lowered
15.8129,158,0.0,0.0,0.0,0.0,0.0,0.0,0.0,0.0,0.0,0.0,-2.28516,17.5653,0.0086997,0.136144,BackwardQParametric,lowered
15.9129,159,0.0,0.0,0.0,0.0,0.0,0.0,0.0,0.0,0.0,0.0,-0.527344,17.5651,0.0086997,0.136144,BackwardQParametric,lowered
16.013,160,0.0,0.0,0.0,0.0,0.0,0.0,0.0,0.0,0.0,0.0,1.23047,17.5658,0.0086997,0.136144,BackwardQParametric,lowered
16.1131,161,0.0,0.0,0.0,0.0,0.0,0.0,0.0,0.0,0.0,0.0,3.16406,19.3225,0.0196793,0.166905,BackwardQParametric,raised
16.2131,162,0.0,0.0,0.0,0.0,0.0,0.0,0.0,0.0,0.0,0.0,4.92188,17.5654,0.0196793,0.166905,BackwardQParametric,raised
16.3132,163,0.0,0.0,0.0,0.0,0.0,0.0,0.0,0.0,0.0,0.0,6.32812,14.0523,0.0196793,0.166905,BackwardQParametric,raised
16.4133,164,0.0,0.0,0.0,0.0,0.0,0.0,0.0,0.0,0.0,0.0,7.73438,14.0526,0.0196793,0.166905,BackwardQParametric,raised
16.5133,165,0.0,0.0,0.0,0.0,0.0,0.0,0.0,0.0,0.0,0.0,8.61328,8.78321,0.0196793,0.166905,BackwardQParametric,raised
16.6134,166,0.0,0.0,0.0,0.0,0.0,0.0,0.0,0.0,0.0,0.0,8.96484,3.51304,0.0196793,0.166905,BackwardQParametric,raised
16.7135,167,0.0,0.0,0.0,0.0,0.0,0.0,0.0,0.0,0.0,0.0,8.61328,-3.51304,0.0196793,0.166905,BackwardQParametric,raised
16.8136,168,0.0,0.0,0.0,0.0,0.0,0.0,0.0,0.0,0.0,0.0,7.91016,-7.02635,0.0086997,0.136144,BackwardQParametric,lowered
16.9136,169,0.0,0.0,0.0,0.0,0.0,0.0,0.0,0.0,0.0,0.0,6.50391,-14.052,0.0086997,0.136144,BackwardQParametric,lowered
17.0137,170,0.0,0.0,0.0,0.0,0.0,0.0,0.0,0.0,0.0,0.0,4.74609,-17.5653,0.0086997,0.136144,BackwardQParametric,lowered
17.1138,171,0.0,0.0,0.0,0.0,0.0,0.0,0.0,0.0,0.0,0.0,2.8125,-19.3216,0.0086997,0.136144,BackwardQParametric,lowered
17.2139,172,0.0,0.0,0.0,0.0,0.0,0.0,0.0,0.0,0.0,0.0,0.527344,-22.835,0.0086997,0.136144,BackwardQParametric,lowered
17.3139,173,0.0,0.0,0.0,0.0,0.0,0.0,0.0,0.0,0.0,0.0,-1.40625,-19.3223,0.0086997,0.136144,BackwardQParametric,lowered
17.414,174,0.0,0.0,0.0,0.0,0.0,0.0,0.0,0.0,0.0,0.0,-3.33984,-19.3223,0.0196793,0.166905,BackwardQParametric,raised
17.5141,175,0.0,0.0,0.0,0.0,0.0,0.0,0.0,0.0,0.0,0.0,-5.09766,-17.5668,0.0196793,0.166905,BackwardQParametric,raised
17.6141,176,0.0,0.0,0.0,0.0,0.0,0.0,0.0,0.0,0.0,0.0,-6.32812,-12.2959,0.0196793,0.166905,BackwardQParametric,raised
17.7142,177,0.0,0.0,0.0,0.0,0.0,0.0,0.0,0.0,0.0,0.0,-7.03125,-7.02601,0.0196793,0.166905,BackwardQParametric,raised
17.8143,178,0.0,0.0,0.0,0.0,0.0,0.0,0.0,0.0,0.0,0.0,-7.38281,-3.51325,0.0196793,0.166905,BackwardQParametric,raised
17.9144,179,0.0,0.0,0.0,0.0,0.0,0.0,0.0,0.0,0.0,0.0,-7.03125,3.51301,0.0196793,0.166905,BackwardQParametric,raised
18.0144,180,0.0,0.0,0.0,0.0,0.0,0.0,0.0,0.0,0.0,0.0,-6.50391,5.2694,0.0086997,0.136144,BackwardQParametric,lowered
18.1145,181,0.0,0.0,0.0,0.0,0.0,0.0,0.0,0.0,0.0,0.0,-5.625,8.78264,0.0086997,0.136144,BackwardQParametric,lowered
18.2146,182,0.0,0.0,0.0,0.0,0.0,0.0,0.0,0.0,0.0,0.0,-4.57031,10.5393,0.0086997,0.136144,BackwardQParametric,lowered
18.3146,183,0.0,0.0,0.0,0.0,0.0,0.0,0.0,0.0,0.0,0.0,-3.16406,14.053,0.0086997,0.136144,BackwardQParametric,lowered
18.4147,184,0.0,0.0,0.0,0.0,0.0,0.0,0.0,0.0,0.0,0.0,-1.40625,17.5655,0.0086997,0.136144,BackwardQParametric,lowered
18.5148,185,0.0,0.0,0.0,0.0,0.0,0.0,0.0,0.0,0.0,0.0,0.351562,17.5658,0.0086997,0.136144,BackwardQParametric,lowered
18.6149,186,0.0,0.0,0.0,0.0,0.0,0.0,0.0,0.0,0.0,0.0,2.10938,17.5652,0.0196793,0.166905,BackwardQParametric,raised
18.7149,187,0.0,0.0,0.0,0.0,0.0,0.0,0.0,0.0,0.0,0.0,3.86719,17.5656,0.0196793,0.166905,BackwardQParametric,raised
18.815,188,0.0,0.0,0.0,0.0,0.0,0.0,0.0,0.0,0.0,0.0,5.44922,15.8087,0.0196793,0.166905,BackwardQParametric,raised
18.9151,189,0.0,0.0,0.0,0.0,0.0,0.0,0.0,0.0,0.0,0.0,6.85547,14.053,0.0196793,0.166905,BackwardQParametric,raised
19.0151,190,0.0,0.0,0.0,0.0,0.0,0.0,0.0,0.0,0.0,0.0,7.91016,10.5391,0.0196793,0.166905,BackwardQParametric,raised
19.1152,191,0.0,0.0,0.0,0.0,0.0,0.0,0.0,0.0,0.0,0.0,8.61328,7.02615,0.0196793,0.166905,BackwardQParametric,raised
19.2153,192,0.0,0.0,0.0,0.0,0.0,0.0,0.0,0.0,0.0,0.0,8.61328,0.0,0.0196793,0.166905,BackwardQParametric,raised
19.3154,193,0.0,0.0,0.0,0.0,0.0,0.0,0.0,0.0,0.0,0.0,8.08594,-5.26955,0.0196793,0.166905,BackwardQParametric,raised
19.4154,194,0.0,0.0,0.0,0.0,0.0,0.0,0.0,0.0,0.0,0.0,7.03125,-10.539,0.0086997,0.136144,BackwardQParametric,lowered
19.5155,195,0.0,0.0,0.0,0.0,0.0,0.0,0.0,0.0,0.0,0.0,5.625,-14.0525,0.0086997,0.136144,BackwardQParametric,lowered
19.6156,196,0.0,0.0,0.0,0.0,0.0,0.0,0.0,0.0,0.0,0.0,3.69141,-19.3218,0.0086997,0.136144,BackwardQParametric,lowered
19.7156,197,0.0,0.0,0.0,0.0,0.0,0.0,0.0,0.0,0.0,0.0,1.58203,-21.0783,0.0086997,0.136144,BackwardQParametric,lowered
19.8157,198,0.0,0.0,0.0,0.0,0.0,0.0,0.0,0.0,0.0,0.0,-0.351562,-19.3218,0.0086997,0.136144,BackwardQParametric,lowered
19.9158,199,0.0,0.0,0.0,0.0,0.0,0.0,0.0,0.0,0.0,0.0,-2.28516,-19.3208,0.0196793,0.166905,BackwardQParametric,raised
20.0159,200,0.0,0.0,0.0,0.0,0.0,0.0,0.0,0.0,0.0,0.0,-4.04297,-17.5653,0.0196793,0.166905,BackwardQParametric,raised
20.1159,201,0.0,0.0,0.0,0.0,0.0,0.0,0.0,0.0,0.0,0.0,-5.44922,-14.0527,0.0196793,0.166905,BackwardQParametric,raised
20.216,202,0.0,0.0,0.0,0.0,0.0,0.0,0.0,0.0,0.0,0.0,-6.50391,-10.5394,0.0196793,0.166905,BackwardQParametric,raised
20.3161,203,0.0,0.0,0.0,0.0,0.0,0.0,0.0,0.0,0.0,0.0,-6.85547,-3.51316,0.0196793,0.166905,BackwardQParametric,raised
20.4162,204,0.0,0.0,0.0,0.0,0.0,0.0,0.0,0.0,0.0,0.0,-6.85547,0.0,0.0196793,0.166905,BackwardQParametric,raised
20.5162,205,0.0,0.0,0.0,0.0,0.0,0.0,0.0,0.0,0.0,0.0,-6.50391,3.51294,0.0196793,0.166905,BackwardQParametric,raised
20.6552,206,0.0,0.0,0.0,0.0,0.0,0.0,0.0,0.0,0.0,0.0,-5.44922,7.5901,0.0086997,0.136144,BackwardQParametric,lowered
20.7553,207,0.0,0.0,0.0,0.0,0.0,0.0,0.0,0.0,0.0,0.0,-4.39453,10.5387,0.0086997,0.136144,BackwardQParametric,lowered
20.8553,208,0.0,0.0,0.0,0.0,0.0,0.0,0.0,0.0,0.0,0.0,-2.98828,14.0525,0.0086997,0.136144,BackwardQParametric,lowered
20.9554,209,0.0,0.0,0.0,0.0,0.0,0.0,0.0,0.0,0.0,0.0,-1.40625,15.8086,0.0086997,0.136144,BackwardQParametric,lowered
21.0555,210,0.0,0.0,0.0,0.0,0.0,0.0,0.0,0.0,0.0,0.0,0.175781,15.8092,0.0086997,0.136144,BackwardQParametric,lowered
21.1556,211,0.0,0.0,0.0,0.0,0.0,0.0,0.0,0.0,0.0,0.0,1.93359,17.5652,0.0196793,0.166905,BackwardQParametric,raised
21.2556,212,0.0,0.0,0.0,0.0,0.0,0.0,0.0,0.0,0.0,0.0,3.69141,17.5652,0.0196793,0.166905,BackwardQParametric,raised
21.3557,213,0.0,0.0,0.0,0.0,0.0,0.0,0.0,0.0,0.0,0.0,5.27344,15.809,0.0196793,0.166905,BackwardQParametric,raised
21.4558,214,0.0,0.0,0.0,0.0,0.0,0.0,0.0,0.0,0.0,0.0,6.50391,12.2956,0.0196793,0.166905,BackwardQParametric,raised
21.5558,215,0.0,0.0,0.0,0.0,0.0,0.0,0.0,0.0,0.0,0.0,7.55859,10.5392,0.0196793,0.166905,BackwardQParametric,raised
21.6559,216,0.0,0.0,0.0,0.0,0.0,0.0,0.0,0.0,0.0,0.0,8.4375,8.78275,0.0196793,0.166905,BackwardQParametric,raised
21.756,217,0.0,0.0,0.0,0.0,0.0,0.0,0.0,0.0,0.0,0.0,8.4375,0.0,0.0196793,0.166905,BackwardQParametric,raised
21.8869,218,0.0,0.0,0.0,0.0,0.0,0.0,0.0,0.0,0.0,0.0,7.55859,-6.71117,0.0196793,0.166905,BackwardQParametric,raised
21.987,219,0.0,0.0,0.0,0.0,0.0,0.0,0.0,0.0,0.0,0.0,6.50391,-10.539,0.0086997,0.136144,BackwardQParametric,lowered
22.0871,220,0.0,0.0,0.0,0.0,0.0,0.0,0.0,0.0,0.0,0.0,5.09766,-14.0529,0.0086997,0.136144,BackwardQParametric,lowered
22.1872,221,0.0,0.0,0.0,0.0,0.0,0.0,0.0,0.0,0.0,0.0,3.33984,-17.5645,0.0086997,0.136144,BackwardQParametric,lowered
22.2872,222,0.0,0.0,0.0,0.0,0.0,0.0,0.0,0.0,0.0,0.0,1.23047,-21.0788,0.0086997,0.136144,BackwardQParametric,lowered
22.3873,223,0.0,0.0,0.0,0.0,0.0,0.0,0.0,0.0,0.0,0.0,-0.703125,-19.3213,0.0086997,0.136144,BackwardQParametric,lowered
22.4874,224,0.0,0.0,0.0,0.0,0.0,0.0,0.0,0.0,0.0,0.0,-2.63672,-19.322,0.0196793,0.166905,BackwardQParametric,raised
22.5875,225,0.0,0.0,0.0,0.0,0.0,0.0,0.0,0.0,0.0,0.0,-4.21875,-15.809,0.0196793,0.166905,BackwardQParametric,raised
22.6875,226,0.0,0.0,0.0,0.0,0.0,0.0,0.0,0.0,0.0,0.0,-5.625,-14.0523,0.0196793,0.166905,BackwardQParametric,raised
23.0677,227,0.0,0.0,0.0,0.0,0.0,0.0,0.0,0.0,0.0,0.0,-6.32812,-1.84961,0.0196793,0.166905,BackwardQParametric,raised
23.1678,228,0.0,0.0,0.0,0.0,0.0,0.0,0.0,0.0,0.0,0.0,-5.625,7.02621,0.0196793,0.166905,BackwardQParametric,raised
23.2678,229,0.0,0.0,0.0,0.0,0.0,0.0,0.0,0.0,0.0,0.0,-4.57031,10.5391,0.0086997,0.136144,BackwardQParametric,lowered
23.3679,230,0.0,0.0,0.0,0.0,0.0,0.0,0.0,0.0,0.0,0.0,-3.16406,14.0516,0.0086997,0.136144,BackwardQParametric,lowered
23.468,231,0.0,0.0,0.0,0.0,0.0,0.0,0.0,0.0,0.0,0.0,-1.93359,12.2963,0.0086997,0.136144,BackwardQParametric,lowered
23.568,232,0.0,0.0,0.0,0.0,0.0,0.0,0.0,0.0,0.0,0.0,-0.175781,17.566,0.0086997,0.136144,BackwardQParametric,lowered
23.6681,233,0.0,0.0,0.0,0.0,0.0,0.0,0.0,0.0,0.0,0.0,1.40625,15.8089,0.0086997,0.136144,BackwardQParametric,lowered
23.7682,234,0.0,0.0,0.0,0.0,0.0,0.0,0.0,0.0,0.0,0.0,2.98828,15.8087,0.0196793,0.166905,BackwardQParametric,raised
23.8683,235,0.0,0.0,0.0,0.0,0.0,0.0,0.0,0.0,0.0,0.0,4.57031,15.8088,0.0196793,0.166905,BackwardQParametric,raised
23.9683,236,0.0,0.0,0.0,0.0,0.0,0.0,0.0,0.0,0.0,0.0,5.80078,12.296,0.0196793,0.166905,BackwardQParametric,raised
24.0822,237,0.0,0.0,0.0,0.0,0.0,0.0,0.0,0.0,0.0,0.0,6.85547,9.26344,0.0196793,0.166905,BackwardQParametric,raised
24.1823,238,0.0,0.0,0.0,0.0,0.0,0.0,0.0,0.0,0.0,0.0,7.73438,8.78271,0.0196793,0.166905,BackwardQParametric,raised
24.2823,239,0.0,0.0,0.0,0.0,0.0,0.0,0.0,0.0,0.0,0.0,8.08594,3.51304,0.0196793,0.166905,BackwardQParametric,raised
24.3824,240,0.0,0.0,0.0,0.0,0.0,0.0,0.0,0.0,0.0,0.0,7.73438,-3.5129,0.0196793,0.166905,BackwardQParametric,raised
24.4825,241,0.0,0.0,0.0,0.0,0.0,0.0,0.0,0.0,0.0,0.0,7.03125,-7.02625,0.0086997,0.136144,BackwardQParametric,lowered
24.5826,242,0.0,0.0,0.0,0.0,0.0,0.0,0.0,0.0,0.0,0.0,5.80078,-12.2957,0.0086997,0.136144,BackwardQParametric,lowered
24.6826,243,0.0,0.0,0.0,0.0,0.0,0.0,0.0,0.0,0.0,0.0,4.04297,-17.5654,0.0086997,0.136144,BackwardQParametric,lowered
24.7827,244,0.0,0.0,0.0,0.0,0.0,0.0,0.0,0.0,0.0,0.0,2.10938,-19.3215,0.0086997,0.136144,BackwardQParametric,lowered
24.8828,245,0.0,0.0,0.0,0.0,0.0,0.0,0.0,0.0,0.0,0.0,0.175781,-19.3217,0.0086997,0.136144,BackwardQParametric,lowered
24.9828,246,0.0,0.0,0.0,0.0,0.0,0.0,0.0,0.0,0.0,0.0,-1.58203,-17.5652,0.0086997,0.136144,BackwardQParametric,lowered
25.0829,247,0.0,0.0,0.0,0.0,0.0,0.0,0.0,0.0,0.0,0.0,-3.33984,-17.5667,0.0196793,0.166905,BackwardQParametric,raised
25.183,248,0.0,0.0,0.0,0.0,0.0,0.0,0.0,0.0,0.0,0.0,-4.74609,-14.0527,0.0196793,0.166905,BackwardQParametric,raised
25.2831,249,0.0,0.0,0.0,0.0,0.0,0.0,0.0,0.0,0.0,0.0,-5.97656,-12.2953,0.0196793,0.166905,BackwardQParametric,raised
25.3831,250,0.0,0.0,0.0,0.0,0.0,0.0,0.0,0.0,0.0,0.0,-6.50391,-5.26922,0.0196793,0.166905,BackwardQParametric,raised
25.4832,251,0.0,0.0,0.0,0.0,0.0,0.0,0.0,0.0,0.0,0.0,-6.50391,0.0,0.0196793,0.166905,BackwardQParametric,raised
25.5833,252,0.0,0.0,0.0,0.0,0.0,0.0,0.0,0.0,0.0,0.0,-6.15234,3.51303,0.0196793,0.166905,BackwardQParametric,raised
25.6834,253,0.0,0.0,0.0,0.0,0.0,0.0,0.0,0.0,0.0,0.0,-5.625,5.26948,0.0086997,0.136144,BackwardQParametric,lowered
25.7834,254,0.0,0.0,0.0,0.0,0.0,0.0,0.0,0.0,0.0,0.0,-4.74609,8.78264,0.0086997,0.136144,BackwardQParametric,lowered
25.8835,255,0.0,0.0,0.0,0.0,0.0,0.0,0.0,0.0,0.0,0.0,-3.69141,10.5391,0.0086997,0.136144,BackwardQParametric,lowered
25.9836,256,0.0,0.0,0.0,0.0,0.0,0.0,0.0,0.0,0.0,0.0,-2.46094,12.2956,0.0086997,0.136144,BackwardQParametric,lowered
26.0837,257,0.0,0.0,0.0,0.0,0.0,0.0,0.0,0.0,0.0,0.0,-0.878906,15.8085,0.0086997,0.136144,BackwardQParametric,lowered
26.1837,258,0.0,0.0,0.0,0.0,0.0,0.0,0.0,0.0,0.0,0.0,0.703125,15.808,0.0086997,0.136144,BackwardQParametric,lowered
26.2838,259,0.0,0.0,0.0,0.0,0.0,0.0,0.0,0.0,0.0,0.0,2.28516,15.8089,0.0196793,0.166905,BackwardQParametric,raised
26.3839,260,0.0,0.0,0.0,0.0,0.0,0.0,0.0,0.0,0.0,0.0,3.86719,15.8087,0.0196793,0.166905,BackwardQParametric,raised
26.4839,261,0.0,0.0,0.0,0.0,0.0,0.0,0.0,0.0,0.0,0.0,5.09766,12.3003,0.0196793,0.166905,BackwardQParametric,raised
26.584,262,0.0,0.0,0.0,0.0,0.0,0.0,0.0,0.0,0.0,0.0,6.32812,12.296,0.0196793,0.166905,BackwardQParametric,raised
26.6841,263,0.0,0.0,0.0,0.0,0.0,0.0,0.0,0.0,0.0,0.0,7.38281,10.5393,0.0196793,0.166905,BackwardQParametric,raised
26.7841,264,0.0,0.0,0.0,0.0,0.0,0.0,0.0,0.0,0.0,0.0,7.91016,5.26948,0.0196793,0.166905,BackwardQParametric,raised
26.8842,265,0.0,0.0,0.0,0.0,0.0,0.0,0.0,0.0,0.0,0.0,7.73438,-1.75653,0.0196793,0.166905,BackwardQParametric,raised
26.9843,266,0.0,0.0,0.0,0.0,0.0,0.0,0.0,0.0,0.0,0.0,7.20703,-5.26957,0.0086997,0.136144,BackwardQParametric,lowered
27.0844,267,0.0,0.0,0.0,0.0,0.0,0.0,0.0,0.0,0.0,0.0,6.15234,-10.5391,0.0086997,0.136144,BackwardQParametric,lowered
27.1844,268,0.0,0.0,0.0,0.0,0.0,0.0,0.0,0.0,0.0,0.0,4.57031,-15.8079,0.0086997,0.136144,BackwardQParametric,lowered
27.2845,269,0.0,0.0,0.0,0.0,0.0,0.0,0.0,0.0,0.0,0.0,2.98828,-15.8088,0.0086997,0.136144,BackwardQParametric,lowered
27.3846,270,0.0,0.0,0.0,0.0,0.0,0.0,0.0,0.0,0.0,0.0,1.05469,-19.3212,0.0086997,0.136144,BackwardQParametric,lowered
27.4847,271,0.0,0.0,0.0,0.0,0.0,0.0,0.0,0.0,0.0,0.0,-0.703125,-17.5654,0.0086997,0.136144,BackwardQParametric,lowered
27.631,272,0.0,0.0,0.0,0.0,0.0,0.0,0.0,0.0,0.0,0.0,-3.16406,-16.8216,0.0196793,0.166905,BackwardQParametric,raised
27.731,273,0.0,0.0,0.0,0.0,0.0,0.0,0.0,0.0,0.0,0.0,-4.74609,-15.8094,0.0196793,0.166905,BackwardQParametric,raised
27.8311,274,0.0,0.0,0.0,0.0,0.0,0.0,0.0,0.0,0.0,0.0,-5.625,-8.78264,0.0196793,0.166905,BackwardQParametric,raised
27.9312,275,0.0,0.0,0.0,0.0,0.0,0.0,0.0,0.0,0.0,0.0,-6.15234,-5.26957,0.0196793,0.166905,BackwardQParametric,raised
28.0312,276,0.0,0.0,0.0,0.0,0.0,0.0,0.0,0.0,0.0,0.0,-6.15234,0.0,0.0196793,0.166905,BackwardQParametric,raised
28.1313,277,0.0,0.0,0.0,0.0,0.0,0.0,0.0,0.0,0.0,0.0,-5.80078,3.51307,0.0196793,0.166905,BackwardQParametric,raised
28.2314,278,0.0,0.0,0.0,0.0,0.0,0.0,0.0,0.0,0.0,0.0,-5.27344,5.26961,0.0086997,0.136144,BackwardQParametric,lowered
28.3315,279,0.0,0.0,0.0,0.0,0.0,0.0,0.0,0.0,0.0,0.0,-4.57031,7.02578,0.0086997,0.136144,BackwardQParametric,lowered
28.4315,280,0.0,0.0,0.0,0.0,0.0,0.0,0.0,0.0,0.0,0.0,-3.51562,10.5393,0.0086997,0.136144,BackwardQParametric,lowered
28.5316,281,0.0,0.0,0.0,0.0,0.0,0.0,0.0,0.0,0.0,0.0,-2.28516,12.2958,0.0086997,0.136144,BackwardQParametric,lowered
28.6317,282,0.0,0.0,0.0,0.0,0.0,0.0,0.0,0.0,0.0,0.0,-0.878906,14.0523,0.0086997,0.136144,BackwardQParametric,lowered
28.7318,283,0.0,0.0,0.0,0.0,0.0,0.0,0.0,0.0,0.0,0.0,0.703125,15.809,0.0086997,0.136144,BackwardQParametric,lowered
28.8318,284,0.0,0.0,0.0,0.0,0.0,0.0,0.0,0.0,0.0,0.0,2.28516,15.8088,0.0196793,0.166905,BackwardQParametric,raised
28.9319,285,0.0,0.0,0.0,0.0,0.0,0.0,0.0,0.0,0.0,0.0,3.69141,14.0524,0.0196793,0.166905,BackwardQParametric,raised
29.032,286,0.0,0.0,0.0,0.0,0.0,0.0,0.0,0.0,0.0,0.0,5.09766,14.0523,0.0196793,0.166905,BackwardQParametric,raised
29.132,287,0.0,0.0,0.0,0.0,0.0,0.0,0.0,0.0,0.0,0.0,6.15234,10.5396,0.0196793,0.166905,BackwardQParametric,raised
29.2321,288,0.0,0.0,0.0,0.0,0.0,0.0,0.0,0.0,0.0,0.0,7.20703,10.5388,0.0196793,0.166905,BackwardQParametric,raised
29.3322,289,0.0,0.0,0.0,0.0,0.0,0.0,0.0,0.0,0.0,0.0,7.73438,5.26962,0.0196793,0.166905,BackwardQParametric,raised
29.4323,290,0.0,0.0,0.0,0.0,0.0,0.0,0.0,0.0,0.0,0.0,7.55859,-1.75654,0.0196793,0.166905,BackwardQParametric,raised
29.5323,291,0.0,0.0,0.0,0.0,0.0,0.0,0.0,0.0,0.0,0.0,7.03125,-5.26966,0.0086997,0.136144,BackwardQParametric,lowered
29.6324,292,0.0,0.0,0.0,0.0,0.0,0.0,0.0,0.0,0.0,0.0,6.15234,-8.78252,0.0086997,0.136144,BackwardQParametric,lowered
29.7325,293,0.0,0.0,0.0,0.0,0.0,0.0,0.0,0.0,0.0,0.0,4.57031,-15.8086,0.0086997,0.136144,BackwardQParametric,lowered
29.8388,294,0.0,0.0,0.0,0.0,0.0,0.0,0.0,0.0,0.0,0.0,2.8125,-16.5298,0.0086997,0.136144,BackwardQParametric,lowered
29.9389,295,0.0,0.0,0.0,0.0,0.0,0.0,0.0,0.0,0.0,0.0,0.878906,-19.3198,0.0086997,0.136144,BackwardQParametric,lowered
30.039,296,0.0,0.0,0.0,0.0,0.0,0.0,0.0,0.0,0.0,0.0,-0.878906,-17.5668,0.0086997,0.136144,BackwardQParametric,lowered
30.139,297,0.0,0.0,0.0,0.0,0.0,0.0,0.0,0.0,0.0,0.0,-2.46094,-15.8094,0.0196793,0.166905,BackwardQParametric,raised
30.2391,298,0.0,0.0,0.0,0.0,0.0,0.0,0.0,0.0,0.0,0.0,-3.86719,-14.0521,0.0196793,0.166905,BackwardQParametric,raised
30.3392,299,0.0,0.0,0.0,0.0,0.0,0.0,0.0,0.0,0.0,0.0,-5.09766,-12.2961,0.0196793,0.166905,BackwardQParametric,raised
30.4393,300,0.0,0.0,0.0,0.0,0.0,0.0,0.0,0.0,0.0,0.0,-5.80078,-7.0261,0.0196793,0.166905,BackwardQParametric,raised
30.5393,301,0.0,0.0,0.0,0.0,0.0,0.0,0.0,0.0,0.0,0.0,-5.97656,-1.75654,0.0196793,0.166905,BackwardQParametric,raised
30.6394,302,0.0,0.0,0.0,0.0,0.0,0.0,0.0,0.0,0.0,0.0,-5.80078,1.75655,0.0196793,0.166905,BackwardQParametric,raised
30.7395,303,0.0,0.0,0.0,0.0,0.0,0.0,0.0,0.0,0.0,0.0,-5.44922,3.51317,0.0086997,0.136144,BackwardQParametric,lowered
30.8395,304,0.0,0.0,0.0,0.0,0.0,0.0,0.0,0.0,0.0,0.0,-4.74609,7.02615,0.0086997,0.136144,BackwardQParametric,lowered
31.238,305,0.0,0.0,0.0,0.0,0.0,0.0,0.0,0.0,0.0,0.0,-0.175781,11.4712,0.0086997,0.136144,BackwardQParametric,lowered
31.338,306,0.0,0.0,0.0,0.0,0.0,0.0,0.0,0.0,0.0,0.0,1.40625,15.8091,0.0086997,0.136144,BackwardQParametric,lowered
31.4381,307,0.0,0.0,0.0,0.0,0.0,0.0,0.0,0.0,0.0,0.0,2.8125,14.0525,0.0196793,0.166905,BackwardQParametric,raised
31.5382,308,0.0,0.0,0.0,0.0,0.0,0.0,0.0,0.0,0.0,0.0,4.21875,14.0522,0.0196793,0.166905,BackwardQParametric,raised
31.6382,309,0.0,0.0,0.0,0.0,0.0,0.0,0.0,0.0,0.0,0.0,5.44922,12.2957,0.0196793,0.166905,BackwardQParametric,raised
31.7383,310,0.0,0.0,0.0,0.0,0.0,0.0,0.0,0.0,0.0,0.0,6.50391,10.5396,0.0196793,0.166905,BackwardQParametric,raised
31.8384,311,0.0,0.0,0.0,0.0,0.0,0.0,0.0,0.0,0.0,0.0,7.03125,5.26962,0.0196793,0.166905,BackwardQParametric,raised
31.9385,312,0.0,0.0,0.0,0.0,0.0,0.0,0.0,0.0,0.0,0.0,7.38281,3.51314,0.0196793,0.166905,BackwardQParametric,raised
32.0385,313,0.0,0.0,0.0,0.0,0.0,0.0,0.0,0.0,0.0,0.0,7.03125,-3.51311,0.0196793,0.166905,BackwardQParametric,raised
32.1386,314,0.0,0.0,0.0,0.0,0.0,0.0,0.0,0.0,0.0,0.0,6.32812,-7.02628,0.0086997,0.136144,BackwardQParametric,lowered
32.2387,315,0.0,0.0,0.0,0.0,0.0,0.0,0.0,0.0,0.0,0.0,5.27344,-10.5391,0.0086997,0.136144,BackwardQParametric,lowered
32.3387,316,0.0,0.0,0.0,0.0,0.0,0.0,0.0,0.0,0.0,0.0,3.69141,-15.8091,0.0086997,0.136144,BackwardQParametric,lowered
32.4388,317,0.0,0.0,0.0,0.0,0.0,0.0,0.0,0.0,0.0,0.0,1.93359,-17.5655,0.0086997,0.136144,BackwardQParametric,lowered
32.5389,318,0.0,0.0,0.0,0.0,0.0,0.0,0.0,0.0,0.0,0.0,0.175781,-17.5651,0.0086997,0.136144,BackwardQParametric,lowered
32.6389,319,0.0,0.0,0.0,0.0,0.0,0.0,0.0,0.0,0.0,0.0,-1.58203,-17.574,0.0086997,0.136144,BackwardQParametric,lowered
32.739,320,0.0,0.0,0.0,0.0,0.0,0.0,0.0,0.0,0.0,0.0,-2.98828,-14.0528,0.0196793,0.166905,BackwardQParametric,raised
32.8391,321,0.0,0.0,0.0,0.0,0.0,0.0,0.0,0.0,0.0,0.0,-4.39453,-14.0526,0.0196793,0.166905,BackwardQParametric,raised
32.9391,322,0.0,0.0,0.0,0.0,0.0,0.0,0.0,0.0,0.0,0.0,-5.27344,-8.78254,0.0196793,0.166905,BackwardQParametric,raised
33.0392,323,0.0,0.0,0.0,0.0,0.0,0.0,0.0,0.0,0.0,0.0,-5.80078,-5.26956,0.0196793,0.166905,BackwardQParametric,raised
33.1393,324,0.0,0.0,0.0,0.0,0.0,0.0,0.0,0.0,0.0,0.0,-5.80078,0.0,0.0196793,0.166905,BackwardQParametric,raised
33.2394,325,0.0,0.0,0.0,0.0,0.0,0.0,0.0,0.0,0.0,0.0,-5.44922,3.51307,0.0196793,0.166905,BackwardQParametric,raised
33.3448,326,0.0,0.0,0.0,0.0,0.0,0.0,0.0,0.0,0.0,0.0,-4.92188,5.00008,0.0086997,0.136144,BackwardQParametric,lowered
33.4607,327,0.0,0.0,0.0,0.0,0.0,0.0,0.0,0.0,0.0,0.0,-4.04297,7.58519,0.0086997,0.136144,BackwardQParametric,lowered
33.5608,328,0.0,0.0,0.0,0.0,0.0,0.0,0.0,0.0,0.0,0.0,-2.8125,12.2958,0.0086997,0.136144,BackwardQParametric,lowered
33.6608,329,0.0,0.0,0.0,0.0,0.0,0.0,0.0,0.0,0.0,0.0,-1.58203,12.2956,0.0086997,0.136144,BackwardQParametric,lowered
33.7609,330,0.0,0.0,0.0,0.0,0.0,0.0,0.0,0.0,0.0,0.0,-0.351562,12.2961,0.0086997,0.136144,BackwardQParametric,lowered
33.861,331,0.0,0.0,0.0,0.0,0.0,0.0,0.0,0.0,0.0,0.0,1.05469,14.0529,0.0086997,0.136144,BackwardQParametric,lowered
33.9611,332,0.0,0.0,0.0,0.0,0.0,0.0,0.0,0.0,0.0,0.0,2.63672,15.8088,0.0196793,0.166905,BackwardQParametric,raised
34.0611,333,0.0,0.0,0.0,0.0,0.0,0.0,0.0,0.0,0.0,0.0,3.86719,12.2968,0.0196793,0.166905,BackwardQParametric,raised
34.1612,334,0.0,0.0,0.0,0.0,0.0,0.0,0.0,0.0,0.0,0.0,4.92188,10.539,0.0196793,0.166905,BackwardQParametric,raised
34.2613,335,0.0,0.0,0.0,0.0,0.0,0.0,0.0,0.0,0.0,0.0,5.97656,10.5384,0.0196793,0.166905,BackwardQParametric,raised
34.3613,336,0.0,0.0,0.0,0.0,0.0,0.0,0.0,0.0,0.0,0.0,6.85547,8.78252,0.0196793,0.166905,BackwardQParametric,raised
34.4614,337,0.0,0.0,0.0,0.0,0.0,0.0,0.0,0.0,0.0,0.0,7.20703,3.51313,0.0196793,0.166905,BackwardQParametric,raised
34.5615,338,0.0,0.0,0.0,0.0,0.0,0.0,0.0,0.0,0.0,0.0,7.03125,-1.75646,0.0196793,0.166905,BackwardQParametric,raised
34.6616,339,0.0,0.0,0.0,0.0,0.0,0.0,0.0,0.0,0.0,0.0,6.32812,-7.02638,0.0086997,0.136144,BackwardQParametric,lowered
34.7616,340,0.0,0.0,0.0,0.0,0.0,0.0,0.0,0.0,0.0,0.0,5.44922,-8.78287,0.0086997,0.136144,BackwardQParametric,lowered
34.8617,341,0.0,0.0,0.0,0.0,0.0,0.0,0.0,0.0,0.0,0.0,3.86719,-15.8089,0.0086997,0.136144,BackwardQParametric,lowered
34.9618,342,0.0,0.0,0.0,0.0,0.0,0.0,0.0,0.0,0.0,0.0,2.28516,-15.8087,0.0086997,0.136144,BackwardQParametric,lowered
35.0619,343,0.0,0.0,0.0,0.0,0.0,0.0,0.0,0.0,0.0,0.0,0.527344,-17.5655,0.0086997,0.136144,BackwardQParametric,lowered
35.1619,344,0.0,0.0,0.0,0.0,0.0,0.0,0.0,0.0,0.0,0.0,-1.05469,-15.8112,0.0086997,0.136144,BackwardQParametric,lowered
35.262,345,0.0,0.0,0.0,0.0,0.0,0.0,0.0,0.0,0.0,0.0,-2.63672,-15.8094,0.0196793,0.166905,BackwardQParametric,raised
35.3621,346,0.0,0.0,0.0,0.0,0.0,0.0,0.0,0.0,0.0,0.0,-3.86719,-12.2963,0.0196793,0.166905,BackwardQParametric,raised
35.4621,347,0.0,0.0,0.0,0.0,0.0,0.0,0.0,0.0,0.0,0.0,-4.92188,-10.5397,0.0196793,0.166905,BackwardQParametric,raised
35.5622,348,0.0,0.0,0.0,0.0,0.0,0.0,0.0,0.0,0.0,0.0,-5.44922,-5.26954,0.0196793,0.166905,BackwardQParametric,raised
35.6623,349,0.0,0.0,0.0,0.0,0.0,0.0,0.0,0.0,0.0,0.0,-5.625,-1.75655,0.0196793,0.166905,BackwardQParametric,raised
35.7623,350,0.0,0.0,0.0,0.0,0.0,0.0,0.0,0.0,0.0,0.0,-5.27344,3.51326,0.0196793,0.166905,BackwardQParametric,raised
35.8624,351,0.0,0.0,0.0,0.0,0.0,0.0,0.0,0.0,0.0,0.0,-4.92188,3.51302,0.0086997,0.136144,BackwardQParametric,lowered
35.9625,352,0.0,0.0,0.0,0.0,0.0,0.0,0.0,0.0,0.0,0.0,-4.21875,7.0263,0.0086997,0.136144,BackwardQParametric,lowered
