0.000161886,0,0.0,0.0,0.0,0.0,0.0,0.0,0.0,0.0,0.0,0.0,0.527344,0.0,0.0129973,0.143496,None,seated
0.100233,1,0.0,0.0,0.0,0.0,0.0,0.0,0.0,0.0,0.0,0.0,0.527344,0.0,0.0196793,0.166905,BackwardQParametric,raised
0.200304,2,0.0,0.0,0.0,0.0,0.0,0.0,0.0,0.0,0.0,0.0,0.703125,1.75657,0.0196793,0.166905,BackwardQParametric,raised
0.300374,3,0.0,0.0,0.0,0.0,0.0,0.0,0.0,0.0,0.0,0.0,0.878906,1.75658,0.0196793,0.166905,BackwardQParametric,raised
0.400453,4,0.0,0.0,0.0,0.0,0.0,0.0,0.0,0.0,0.0,0.0,1.05469,1.75642,0.0196793,0.166905,BackwardQParametric,raised
0.500526,5,0.0,0.0,0.0,0.0,0.0,0.0,0.0,0.0,0.0,0.0,1.40625,3.51307,0.0196793,0.166905,BackwardQParametric,raised
0.600604,6,0.0,0.0,0.0,0.0,0.0,0.0,0.0,0.0,0.0,0.0,2.10938,7.02576,0.0196793,0.166905,BackwardQParametric,raised
0.700677,7,0.0,0.0,0.0,0.0,0.0,0.0,0.0,0.0,0.0,0.0,3.51562,14.0523,0.0196793,0.166905,BackwardQParametric,raised
0.800748,8,0.0,0.0,0.0,0.0,0.0,0.0,0.0,0.0,0.0,0.0,5.80078,22.8354,0.0196793,0.166905,BackwardQParametric,raised
0.900818,9,0.0,0.0,0.0,0.0,0.0,0.0,0.0,0.0,0.0,0.0,8.61328,28.1053,0.0196793,0.166905,BackwardQParametric,raised
1.00089,10,0.0,0.0,0.0,0.0,0.0,0.0,0.0,0.0,0.0,0.0,11.25,26.3484,0.0196793,0.166905,BackwardQParametric,raised
1.10096,11,0.0,0.0,0.0,0.0,0.0,0.0,0.0,0.0,0.0,0.0,12.832,15.8094,0.0196793,0.166905,BackwardQParametric,raised
1.20103,12,0.0,0.0,0.0,0.0,0.0,0.0,0.0,0.0,0.0,0.0,13.5352,7.0264,0.0196793,0.166905,BackwardQParametric,raised
1.3011,13,0.0,0.0,0.0,0.0,0.0,0.0,0.0,0.0,0.0,0.0,13.8867,3.51309,0.0196793,0.166905,BackwardQParametric,raised
1.40117,14,0.0,0.0,0.0,0.0,0.0,0.0,0.0,0.0,0.0,0.0,13.3594,-5.2696,0.0196793,0.166905,BackwardQParametric,raised
1.50124,15,0.0,0.0,0.0,0.0,0.0,0.0,0.0,0.0,0.0,0.0,11.7773,-15.8092,0.0086997,0.136144,BackwardQParametric,lowered
1.60131,16,0.0,0.0,0.0,0.0,0.0,0.0,0.0,0.0,0.0,0.0,9.66797,-21.0788,0.0086997,0.136144,BackwardQParametric,lowered
1.70138,17,0.0,0.0,0.0,0.0,0.0,0.0,0.0,0.0,0.0,0.0,6.67969,-29.8616,0.0086997,0.136144,BackwardQParametric,lowered
1.80181,18,0.0,0.0,0.0,0.0,0.0,0.0,0.0,0.0,0.0,0.0,3.33984,-33.2571,0.0086997,0.136144,BackwardQParametric,lowered
1.90188,19,0.0,0.0,0.0,0.0,0.0,0.0,0.0,0.0,0.0,0.0,0.351562,-29.8616,0.0086997,0.136144,BackwardQParametric,lowered
2.00195,20,0.0,0.0,0.0,0.0,0.0,0.0,0.0,0.0,0.0,0.0,-2.63672,-29.8613,0.0086997,0.136144,BackwardQParametric,lowered
2.10202,21,0.0,0.0,0.0,0.0,0.0,0.0,0.0,0.0,0.0,0.0,-5.625,-29.8619,0.0196793,0.166905,BackwardQParametric,raised
2.2021,22,0.0,0.0,0.0,0.0,0.0,0.0,0.0,0.0,0.0,0.0,-8.08594,-24.5904,0.0196793,0.166905,BackwardQParametric,raised
2.30212,23,0.0,0.0,0.0,0.0,0.0,0.0,0.0,0.0,0.0,0.0,-9.84375,-17.5736,0.0196793,0.166905,BackwardQParametric,raised
2.4022,24,0.0,0.0,0.0,0.0,0.0,0.0,0.0,0.0,0.0,0.0,-11.0742,-12.2958,0.0196793,0.166905,BackwardQParametric,raised
2.50227,25,0.0,0.0,0.0,0.0,0.0,0.0,0.0,0.0,0.0,0.0,-11.6016,-5.2698,0.0196793,0.166905,BackwardQParametric,raised
2.60234,26,0.0,0.0,0.0,0.0,0.0,0.0,0.0,0.0,0.0,0.0,-11.6016,0.0,0.0196793,0.166905,BackwardQParametric,raised
2.70241,27,0.0,0.0,0.0,0.0,0.0,0.0,0.0,0.0,0.0,0.0,-10.8984,7.02633,0.0196793,0.166905,BackwardQParametric,raised
2.80248,28,0.0,0.0,0.0,0.0,0.0,0.0,0.0,0.0,0.0,0.0,-9.49219,14.0525,0.0086997,0.136144,BackwardQParametric,lowered
2.90255,29,0.0,0.0,0.0,0.0,0.0,0.0,0.0,0.0,0.0,0.0,-7.55859,19.3217,0.0086997,0.136144,BackwardQParametric,lowered
3.00262,30,0.0,0.0,0.0,0.0,0.0,0.0,0.0,0.0,0.0,0.0,-5.27344,22.8356,0.0086997,0.136144,BackwardQParametric,lowered
3.10269,31,0.0,0.0,0.0,0.0,0.0,0.0,0.0,0.0,0.0,0.0,-2.8125,24.5914,0.0086997,0.136144,BackwardQParametric,lowered
3.20277,32,0.0,0.0,0.0,0.0,0.0,0.0,0.0,0.0,0.0,0.0,0.351562,31.6175,0.0086997,0.136144,BackwardQParametric,lowered
3.30283,33,0.0,0.0,0.0,0.0,0.0,0.0,0.0,0.0,0.0,0.0,3.33984,29.8628,0.0196793,0.166905,BackwardQParametric,raised
3.40291,34,0.0,0.0,0.0,0.0,0.0,0.0,0.0,0.0,0.0,0.0,6.15234,28.1048,0.0196793,0.166905,BackwardQParametric,raised
3.50298,35,0.0,0.0,0.0,0.0,0.0,0.0,0.0,0.0,0.0,0.0,9.14062,29.8622,0.0196793,0.166905,BackwardQParametric,raised
3.60305,36,0.0,0.0,0.0,0.0,0.0,0.0,0.0,0.0,0.0,0.0,11.4258,22.8351,0.0196793,0.166905,BackwardQParametric,raised
3.70312,37,0.0,0.0,0.0,0.0,0.0,0.0,0.0,0.0,0.0,0.0,12.832,14.0523,0.0196793,0.166905,BackwardQParametric,raised
3.80319,38,0.0,0.0,0.0,0.0,0.0,0.0,0.0,0.0,0.0,0.0,13.5352,7.02605,0.0196793,0.166905,BackwardQParametric,raised
3.90326,39,0.0,0.0,0.0,0.0,0.0,0.0,0.0,0.0,0.0,0.0,13.3594,-1.75662,0.0196793,0.166905,BackwardQParametric,raised
4.00334,40,0.0,0.0,0.0,0.0,0.0,0.0,0.0,0.0,0.0,0.0,12.4805,-8.78258,0.0086997,0.136144,BackwardQParametric,lowered
4.10341,41,0.0,0.0,0.0,0.0,0.0,0.0,0.0,0.0,0.0,0.0,10.7227,-17.5646,0.0086997,0.136144,BackwardQParametric,lowered
4.20349,42,0.0,0.0,0.0,0.0,0.0,0.0,0.0,0.0,0.0,0.0,7.91016,-28.1045,0.0086997,0.136144,BackwardQParametric,lowered
4.30355,43,0.0,0.0,0.0,0.0,0.0,0.0,0.0,0.0,0.0,0.0,4.92188,-29.8628,0.0086997,0.136144,BackwardQParametric,lowered
4.40363,44,0.0,0.0,0.0,0.0,0.0,0.0,0.0,0.0,0.0,0.0,2.10938,-28.1048,0.0086997,0.136144,BackwardQParametric,lowered
4.5037,45,0.0,0.0,0.0,0.0,0.0,0.0,0.0,0.0,0.0,0.0,-0.878906,-29.8616,0.0086997,0.136144,BackwardQParametric,lowered
4.60377,46,0.0,0.0,0.0,0.0,0.0,0.0,0.0,0.0,0.0,0.0,-3.86719,-29.8613,0.0196793,0.166905,BackwardQParametric,raised
4.70384,47,0.0,0.0,0.0,0.0,0.0,0.0,0.0,0.0,0.0,0.0,-6.50391,-26.3494,0.0196793,0.166905,BackwardQParametric,raised
5.02306,48,0.0,0.0,0.0,0.0,0.0,0.0,0.0,0.0,0.0,0.0,-11.0742,-14.3169,0.0196793,0.166905,BackwardQParametric,raised
5.12314,49,0.0,0.0,0.0,0.0,0.0,0.0,0.0,0.0,0.0,0.0,-11.4258,-3.51302,0.0196793,0.166905,BackwardQParametric,raised
5.22321,50,0.0,0.0,0.0,0.0,0.0,0.0,0.0,0.0,0.0,0.0,-11.0742,3.51317,0.0196793,0.166905,BackwardQParametric,raised
5.32328,51,0.0,0.0,0.0,0.0,0.0,0.0,0.0,0.0,0.0,0.0,-9.84375,12.2961,0.0086997,0.136144,BackwardQParametric,lowered
5.42335,52,0.0,0.0,0.0,0.0,0.0,0.0,0.0,0.0,0.0,0.0,-8.26172,15.8088,0.0086997,0.136144,BackwardQParametric,lowered
5.52342,53,0.0,0.0,0.0,0.0,0.0,0.0,0.0,0.0,0.0,0.0,-6.32812,19.3216,0.0086997,0.136144,BackwardQParametric,lowered
5.6235,54,0.0,0.0,0.0,0.0,0.0,0.0,0.0,0.0,0.0,0.0,-4.04297,22.835,0.0086997,0.136144,BackwardQParametric,lowered
5.72357,55,0.0,0.0,0.0,0.0,0.0,0.0,0.0,0.0,0.0,0.0,-0.878906,31.6173,0.0086997,0.136144,BackwardQParametric,lowered
5.82364,56,0.0,0.0,0.0,0.0,0.0,0.0,0.0,0.0,0.0,0.0,2.10938,29.8613,0.0086997,0.136144,BackwardQParametric,lowered
5.92371,57,0.0,0.0,0.0,0.0,0.0,0.0,0.0,0.0,0.0,0.0,4.92188,28.1045,0.0196793,0.166905,BackwardQParametric,raised
6.02378,58,0.0,0.0,0.0,0.0,0.0,0.0,0.0,0.0,0.0,0.0,7.55859,26.3484,0.0196793,0.166905,BackwardQParametric,raised
6.12386,59,0.0,0.0,0.0,0.0,0.0,0.0,0.0,0.0,0.0,0.0,10.1953,26.3481,0.0196793,0.166905,BackwardQParametric,raised
6.22393,60,0.0,0.0,0.0,0.0,0.0,0.0,0.0,0.0,0.0,0.0,11.9531,17.5653,0.0196793,0.166905,BackwardQParametric,raised
6.324,61,0.0,0.0,0.0,0.0,0.0,0.0,0.0,0.0,0.0,0.0,13.1836,12.2959,0.0196793,0.166905,BackwardQParametric,raised
6.42407,62,0.0,0.0,0.0,0.0,0.0,0.0,0.0,0.0,0.0,0.0,13.3594,1.75654,0.0196793,0.166905,BackwardQParametric,raised
6.52412,63,0.0,0.0,0.0,0.0,0.0,0.0,0.0,0.0,0.0,0.0,12.6562,-7.02775,0.0196793,0.166905,BackwardQParametric,raised
6.6242,64,0.0,0.0,0.0,0.0,0.0,0.0,0.0,0.0,0.0,0.0,11.4258,-12.296,0.0086997,0.136144,BackwardQParametric,lowered
6.72427,65,0.0,0.0,0.0,0.0,0.0,0.0,0.0,0.0,0.0,0.0,9.31641,-21.0788,0.0086997,0.136144,BackwardQParametric,lowered
6.82434,66,0.0,0.0,0.0,0.0,0.0,0.0,0.0,0.0,0.0,0.0,6.32812,-29.8608,0.0086997,0.136144,BackwardQParametric,lowered
6.93679,67,0.0,0.0,0.0,0.0,0.0,0.0,0.0,0.0,0.0,0.0,2.8125,-31.263,0.0086997,0.136144,BackwardQParametric,lowered
7.03687,68,0.0,0.0,0.0,0.0,0.0,0.0,0.0,0.0,0.0,0.0,0.0,-28.1049,0.0086997,0.136144,BackwardQParametric,lowered
7.13694,69,0.0,0.0,0.0,0.0,0.0,0.0,0.0,0.0,0.0,0.0,-2.8125,-28.1049,0.0086997,0.136144,BackwardQParametric,lowered
7.23701,70,0.0,0.0,0.0,0.0,0.0,0.0,0.0,0.0,0.0,0.0,-5.80078,-29.8613,0.0196793,0.166905,BackwardQParametric,raised
7.33708,71,0.0,0.0,0.0,0.0,0.0,0.0,0.0,0.0,0.0,0.0,-7.91016,-21.0786,0.0196793,0.166905,BackwardQParametric,raised
7.65632,72,0.0,0.0,0.0,0.0,0.0,0.0,0.0,0.0,0.0,0.0,-11.0742,-9.91136,0.0196793,0.166905,BackwardQParametric,raised
7.75639,73,0.0,0.0,0.0,0.0,0.0,0.0,0.0,0.0,0.0,0.0,-10.8984,1.75651,0.0196793,0.166905,BackwardQParametric,raised
7.85646,74,0.0,0.0,0.0,0.0,0.0,0.0,0.0,0.0,0.0,0.0,-10.0195,8.78258,0.0086997,0.136144,BackwardQParametric,lowered
7.95654,75,0.0,0.0,0.0,0.0,0.0,0.0,0.0,0.0,0.0,0.0,-8.61328,14.0525,0.0086997,0.136144,BackwardQParametric,lowered
8.05661,76,0.0,0.0,0.0,0.0,0.0,0.0,0.0,0.0,0.0,0.0,-6.85547,17.5655,0.0086997,0.136144,BackwardQParametric,lowered
8.15668,77,0.0,0.0,0.0,0.0,0.0,0.0,0.0,0.0,0.0,0.0,-4.57031,22.8347,0.0086997,0.136144,BackwardQParametric,lowered
8.25676,78,0.0,0.0,0.0,0.0,0.0,0.0,0.0,0.0,0.0,0.0,-1.58203,29.8596,0.0086997,0.136144,BackwardQParametric,lowered
8.35683,79,0.0,0.0,0.0,0.0,0.0,0.0,0.0,0.0,0.0,0.0,1.05469,26.3481,0.0086997,0.136144,BackwardQParametric,lowered
8.4569,80,0.0,0.0,0.0,0.0,0.0,0.0,0.0,0.0,0.0,0.0,3.86719,28.1052,0.0196793,0.166905,BackwardQParametric,raised
8.55697,81,0.0,0.0,0.0,0.0,0.0,0.0,0.0,0.0,0.0,0.0,6.67969,28.106,0.0196793,0.166905,BackwardQParametric,raised
8.65704,82,0.0,0.0,0.0,0.0,0.0,0.0,0.0,0.0,0.0,0.0,9.31641,26.3484,0.0196793,0.166905,BackwardQParametric,raised
8.75711,83,0.0,0.0,0.0,0.0,0.0,0.0,0.0,0.0,0.0,0.0,11.25,19.3218,0.0196793,0.166905,BackwardQParametric,raised
8.85719,84,0.0,0.0,0.0,0.0,0.0,0.0,0.0,0.0,0.0,0.0,12.6562,14.0523,0.0196793,0.166905,BackwardQParametric,raised
8.95725,85,0.0,0.0,0.0,0.0,0.0,0.0,0.0,0.0,0.0,0.0,13.0078,3.51328,0.0196793,0.166905,BackwardQParametric,raised
9.05732,86,0.0,0.0,0.0,0.0,0.0,0.0,0.0,0.0,0.0,0.0,12.6562,-3.51325,0.0196793,0.166905,BackwardQParametric,raised
9.15739,87,0.0,0.0,0.0,0.0,0.0,0.0,0.0,0.0,0.0,0.0,11.4258,-12.2957,0.0086997,0.136144,BackwardQParametric,lowered
9.25747,88,0.0,0.0,0.0,0.0,0.0,0.0,0.0,0.0,0.0,0.0,9.66797,-17.5657,0.0086997,0.136144,BackwardQParametric,lowered
9.35754,89,0.0,0.0,0.0,0.0,0.0,0.0,0.0,0.0,0.0,0.0,6.85547,-28.1046,0.0086997,0.136144,BackwardQParametric,lowered
9.45761,90,0.0,0.0,0.0,0.0,0.0,0.0,0.0,0.0,0.0,0.0,3.86719,-29.862,0.0086997,0.136144,BackwardQParametric,lowered
9.55768,91,0.0,0.0,0.0,0.0,0.0,0.0,0.0,0.0,0.0,0.0,1.23047,-26.3488,0.0086997,0.136144,BackwardQParametric,lowered
9.65775,92,0.0,0.0,0.0,0.0,0.0,0.0,0.0,0.0,0.0,0.0,-1.58203,-28.1063,0.0086997,0.136144,BackwardQParametric,lowered
9.75781,93,0.0,0.0,0.0,0.0,0.0,0.0,0.0,0.0,0.0,0.0,-4.57031,-29.8632,0.0196793,0.166905,BackwardQParametric,raised
9.85788,94,0.0,0.0,0.0,0.0,0.0,0.0,0.0,0.0,0.0,0.0,-6.85547,-22.8353,0.0196793,0.166905,BackwardQParametric,raised
9.95795,95,0.0,0.0,0.0,0.0,0.0,0.0,0.0,0.0,0.0,0.0,-8.61328,-17.5659,0.0196793,0.166905,BackwardQParametric,raised
10.058,96,0.0,0.0,0.0,0.0,0.0,0.0,0.0,0.0,0.0,0.0,-10.0195,-14.0522,0.0196793,0.166905,BackwardQParametric,raised
10.1581,97,0.0,0.0,0.0,0.0,0.0,0.0,0.0,0.0,0.0,0.0,-10.5469,-5.26977,0.0196793,0.166905,BackwardQParametric,raised
10.2581,98,0.0,0.0,0.0,0.0,0.0,0.0,0.0,0.0,0.0,0.0,-10.7227,-1.75733,0.0196793,0.166905,BackwardQParametric,raised
10.3582,99,0.0,0.0,0.0,0.0,0.0,0.0,0.0,0.0,0.0,0.0,-10.3711,3.51305,0.0196793,0.166905,BackwardQParametric,raised
10.4583,100,0.0,0.0,0.0,0.0,0.0,0.0,0.0,0.0,0.0,0.0,-9.14062,12.2961,0.0086997,0.136144,BackwardQParametric,lowered
10.5583,101,0.0,0.0,0.0,0.0,0.0,0.0,0.0,0.0,0.0,0.0,-7.55859,15.8095,0.0086997,0.136144,BackwardQParametric,lowered
10.6584,102,0.0,0.0,0.0,0.0,0.0,0.0,0.0,0.0,0.0,0.0,-5.625,19.322,0.0086997,0.136144,BackwardQParametric,lowered
10.7585,103,0.0,0.0,0.0,0.0,0.0,0.0,0.0,0.0,0.0,0.0,-3.33984,22.8352,0.0086997,0.136144,BackwardQParametric,lowered
10.8585,104,0.0,0.0,0.0,0.0,0.0,0.0,0.0,0.0,0.0,0.0,-0.527344,28.1043,0.0086997,0.136144,BackwardQParametric,lowered
10.9586,105,0.0,0.0,0.0,0.0,0.0,0.0,0.0,0.0,0.0,0.0,2.28516,28.1054,0.0086997,0.136144,BackwardQParametric,lowered
11.0587,106,0.0,0.0,0.0,0.0,0.0,0.0,0.0,0.0,0.0,0.0,4.92188,26.3496,0.0196793,0.166905,BackwardQParametric,raised
11.1588,107,0.0,0.0,0.0,0.0,0.0,0.0,0.0,0.0,0.0,0.0,7.55859,26.3496,0.0196793,0.166905,BackwardQParametric,raised
11.2588,108,0.0,0.0,0.0,0.0,0.0,0.0,0.0,0.0,0.0,0.0,9.84375,22.835,0.0196793,0.166905,BackwardQParametric,raised
11.3589,109,0.0,0.0,0.0,0.0,0.0,0.0,0.0,0.0,0.0,0.0,11.6016,17.5652,0.0196793,0.166905,BackwardQParametric,raised
11.459,110,0.0,0.0,0.0,0.0,0.0,0.0,0.0,0.0,0.0,0.0,12.4805,8.78283,0.0196793,0.166905,BackwardQParametric,raised
11.559,111,0.0,0.0,0.0,0.0,0.0,0.0,0.0,0.0,0.0,0.0,12.6562,1.75655,0.0196793,0.166905,BackwardQParametric,raised
11.6591,112,0.0,0.0,0.0,0.0,0.0,0.0,0.0,0.0,0.0,0.0,11.9531,-7.02591,0.0196793,0.166905,BackwardQParametric,raised
11.7665,113,0.0,0.0,0.0,0.0,0.0,0.0,0.0,0.0,0.0,0.0,10.3711,-14.7328,0.0086997,0.136144,BackwardQParametric,lowered
11.8666,114,0.0,0.0,0.0,0.0,0.0,0.0,0.0,0.0,0.0,0.0,8.4375,-19.3218,0.0086997,0.136144,BackwardQParametric,lowered
11.9666,115,0.0,0.0,0.0,0.0,0.0,0.0,0.0,0.0,0.0,0.0,5.625,-28.1043,0.0086997,0.136144,BackwardQParametric,lowered
12.0667,116,0.0,0.0,0.0,0.0,0.0,0.0,0.0,0.0,0.0,0.0,2.28516,-33.3745,0.0086997,0.136144,BackwardQParametric,lowered
12.1668,117,0.0,0.0,0.0,0.0,0.0,0.0,0.0,0.0,0.0,0.0,-0.175781,-24.5917,0.0086997,0.136144,BackwardQParametric,lowered
12.2669,118,0.0,0.0,0.0,0.0,0.0,0.0,0.0,0.0,0.0,0.0,-2.98828,-28.1028,0.0196793,0.166905,BackwardQParametric,raised
12.3669,119,0.0,0.0,0.0,0.0,0.0,0.0,0.0,0.0,0.0,0.0,-5.44922,-24.5913,0.0196793,0.166905,BackwardQParametric,raised
12.467,120,0.0,0.0,0.0,0.0,0.0,0.0,0.0,0.0,0.0,0.0,-7.38281,-19.3219,0.0196793,0.166905,BackwardQParametric,raised
12.5671,121,0.0,0.0,0.0,0.0,0.0,0.0,0.0,0.0,0.0,0.0,-8.96484,-15.809,0.0196793,0.166905,BackwardQParametric,raised
12.6672,122,0.0,0.0,0.0,0.0,0.0,0.0,0.0,0.0,0.0,0.0,-10.0195,-10.5396,0.0196793,0.166905,BackwardQParametric,raised
12.7672,123,0.0,0.0,0.0,0.0,0.0,0.0,0.0,0.0,0.0,0.0,-10.3711,-3.51314,0.0196793,0.166905,BackwardQParametric,raised
12.9577,124,0.0,0.0,0.0,0.0,0.0,0.0,0.0,0.0,0.0,0.0,-9.84375,2.76801,0.0196793,0.166905,BackwardQParametric,raised
13.0578,125,0.0,0.0,0.0,0.0,0.0,0.0,0.0,0.0,0.0,0.0,-8.26172,15.8094,0.0086997,0.136144,BackwardQParametric,lowered
13.1579,126,0.0,0.0,0.0,0.0,0.0,0.0,0.0,0.0,0.0,0.0,-6.50391,17.5655,0.0086997,0.136144,BackwardQParametric,lowered
13.258,127,0.0,0.0,0.0,0.0,0.0,0.0,0.0,0.0,0.0,0.0,-4.57031,19.3222,0.0086997,0.136144,BackwardQParametric,lowered
13.358,128,0.0,0.0,0.0,0.0,0.0,0.0,0.0,0.0,0.0,0.0,-2.28516,22.8362,0.0086997,0.136144,BackwardQParametric,lowered
13.4581,129,0.0,0.0,0.0,0.0,0.0,0.0,0.0,0.0,0.0,0.0,0.527344,28.105,0.0086997,0.136144,BackwardQParametric,lowered
13.5581,130,0.0,0.0,0.0,0.0,0.0,0.0,0.0,0.0,0.0,0.0,3.33984,28.1171,0.0196793,0.166905,BackwardQParametric,raised
13.6678,131,0.0,0.0,0.0,0.0,0.0,0.0,0.0,0.0,0.0,0.0,6.15234,25.6386,0.0196793,0.166905,BackwardQParametric,raised
13.7679,132,0.0,0.0,0.0,0.0,0.0,0.0,0.0,0.0,0.0,0.0,8.61328,24.5917,0.0196793,0.166905,BackwardQParametric,raised
13.868,133,0.0,0.0,0.0,0.0,0.0,0.0,0.0,0.0,0.0,0.0,10.5469,19.3217,0.0196793,0.166905,BackwardQParametric,raised
13.968,134,0.0,0.0,0.0,0.0,0.0,0.0,0.0,0.0,0.0,0.0,11.9531,14.0522,0.0196793,0.166905,BackwardQParametric,raised
14.0681,135,0.0,0.0,0.0,0.0,0.0,0.0,0.0,0.0,0.0,0.0,12.4805,5.26964,0.0196793,0.166905,BackwardQParametric,raised
14.1682,136,0.0,0.0,0.0,0.0,0.0,0.0,0.0,0.0,0.0,0.0,12.1289,-3.51319,0.0196793,0.166905,BackwardQParametric,raised
14.2682,137,0.0,0.0,0.0,0.0,0.0,0.0,0.0,0.0,0.0,0.0,11.0742,-10.5395,0.0086997,0.136144,BackwardQParametric,lowered
14.3683,138,0.0,0.0,0.0,0.0,0.0,0.0,0.0,0.0,0.0,0.0,9.31641,-17.5654,0.0086997,0.136144,BackwardQParametric,lowered
14.4684,139,0.0,0.0,0.0,0.0,0.0,0.0,0.0,0.0,0.0,0.0,6.85547,-24.5916,0.0086997,0.136144,BackwardQParametric,lowered
14.5685,140,0.0,0.0,0.0,0.0,0.0,0.0,0.0,0.0,0.0,0.0,4.04297,-28.1049,0.0086997,0.136144,BackwardQParametric,lowered
14.6685,141,0.0,0.0,0.0,0.0,0.0,0.0,0.0,0.0,0.0,0.0,1.40625,-26.3483,0.0086997,0.136144,BackwardQParametric,lowered
14.7686,142,0.0,0.0,0.0,0.0,0.0,0.0,0.0,0.0,0.0,0.0,-1.40625,-28.1046,0.0086997,0.136144,BackwardQParametric,lowered
14.8687,143,0.0,0.0,0.0,0.0,0.0,0.0,0.0,0.0,0.0,0.0,-4.04297,-26.3488,0.0196793,0.166905,BackwardQParametric,raised
14.9688,144,0.0,0.0,0.0,0.0,0.0,0.0,0.0,0.0,0.0,0.0,-6.32812,-22.8351,0.0196793,0.166905,BackwardQParametric,raised
15.0688,145,0.0,0.0,0.0,0.0,0.0,0.0,0.0,0.0,0.0,0.0,-7.91016,-15.8097,0.0196793,0.166905,BackwardQParametric,raised
15.1689,146,0.0,0.0,0.0,0.0,0.0,0.0,0.0,0.0,0.0,0.0,-9.14062,-12.2956,0.0196793,0.166905,BackwardQParametric,raised
15.269,147,0.0,0.0,0.0,0.0,0.0,0.0,0.0,0.0,0.0,0.0,-9.84375,-7.02611,0.0196793,0.166905,BackwardQParametric,raised
15.369,148,0.0,0.0,0.0,0.0,0.0,0.0,0.0,0.0,0.0,0.0,-10.0195,-1.75651,0.0196793,0.166905,BackwardQParametric,raised
15.4691,149,0.0,0.0,0.0,0.0,0.0,0.0,0.0,0.0,0.0,0.0,-9.84375,1.75649,0.0196793,0.166905,BackwardQParametric,raised
15.5692,150,0.0,0.0,0.0,0.0,0.0,0.0,0.0,0.0,0.0,0.0,-8.96484,8.78277,0.0086997,0.136144,BackwardQParametric,lowered
15.6693,151,0.0,0.0,0.0,0.0,0.0,0.0,0.0,0.0,0.0,0.0,-7.20703,17.5654,0.0086997,0.136144,BackwardQParametric,lowered
15.7693,152,0.0,0.0,0.0,0.0,0.0,0.0,0.0,0.0,0.0,0.0,-5.625,15.8094,0.0086997,0.136144,BackwardQParametric,lowered
15.8694,153,0.0,0.0,0.0,0.0,0.0,0.0,0.0,0.0,0.0,0.0,-3.51562,21.0784,0.0086997,0.136144,BackwardQParametric,lowered
15.9695,154,0.0,0.0,0.0,0.0,0.0,0.0,0.0,0.0,0.0,0.0,-0.703125,28.1051,0.0086997,0.136144,BackwardQParametric,lowered
16.0695,155,0.0,0.0,0.0,0.0,0.0,0.0,0.0,0.0,0.0,0.0,1.93359,26.3477,0.0086997,0.136144,BackwardQParametric,lowered
16.1696,156,0.0,0.0,0.0,0.0,0.0,0.0,0.0,0.0,0.0,0.0,4.39453,24.5919,0.0196793,0.166905,BackwardQParametric,raised
16.2697,157,0.0,0.0,0.0,0.0,0.0,0.0,0.0,0.0,0.0,0.0,7.03125,26.3484,0.0196793,0.166905,BackwardQParametric,raised
16.3698,158,0.0,0.0,0.0,0.0,0.0,0.0,0.0,0.0,0.0,0.0,9.14062,21.0785,0.0196793,0.166905,BackwardQParametric,raised
16.4698,159,0.0,0.0,0.0,0.0,0.0,0.0,0.0,0.0,0.0,0.0,10.8984,17.5657,0.0196793,0.166905,BackwardQParametric,raised
16.5759,160,0.0,0.0,0.0,0.0,0.0,0.0,0.0,0.0,0.0,0.0,11.9531,9.94009,0.0196793,0.166905,BackwardQParametric,raised
16.676,161,0.0,0.0,0.0,0.0,0.0,0.0,0.0,0.0,0.0,0.0,12.1289,1.7565,0.0196793,0.166905,BackwardQParametric,raised
16.7761,162,0.0,0.0,0.0,0.0,0.0,0.0,0.0,0.0,0.0,0.0,11.4258,-7.02628,0.0196793,0.166905,BackwardQParametric,raised
16.8762,163,0.0,0.0,0.0,0.0,0.0,0.0,0.0,0.0,0.0,0.0,10.1953,-12.2958,0.0086997,0.136144,BackwardQParametric,lowered
16.9762,164,0.0,0.0,0.0,0.0,0.0,0.0,0.0,0.0,0.0,0.0,8.26172,-19.3219,0.0086997,0.136144,BackwardQParametric,lowered
17.0763,165,0.0,0.0,0.0,0.0,0.0,0.0,0.0,0.0,0.0,0.0,5.625,-26.3487,0.0086997,0.136144,BackwardQParametric,lowered
17.1764,166,0.0,0.0,0.0,0.0,0.0,0.0,0.0,0.0,0.0,0.0,2.46094,-31.6175,0.0086997,0.136144,BackwardQParametric,lowered
17.2764,167,0.0,0.0,0.0,0.0,0.0,0.0,0.0,0.0,0.0,0.0,0.175781,-22.8349,0.0086997,0.136144,BackwardQParametric,lowered
17.3765,168,0.0,0.0,0.0,0.0,0.0,0.0,0.0,0.0,0.0,0.0,-2.63672,-28.1053,0.0086997,0.136144,BackwardQParametric,lowered
17.4766,169,0.0,0.0,0.0,0.0,0.0,0.0,0.0,0.0,0.0,0.0,-5.09766,-24.5923,0.0196793,0.166905,BackwardQParametric,raised
17.5767,170,0.0,0.0,0.0,0.0,0.0,0.0,0.0,0.0,0.0,0.0,-7.20703,-21.0785,0.0196793,0.166905,BackwardQParametric,raised
17.6767,171,0.0,0.0,0.0,0.0,0.0,0.0,0.0,0.0,0.0,0.0,-8.4375,-12.2959,0.0196793,0.166905,BackwardQParametric,raised
17.7768,172,0.0,0.0,0.0,0.0,0.0,0.0,0.0,0.0,0.0,0.0,-9.49219,-10.5385,0.0196793,0.166905,BackwardQParametric,raised
17.8769,173,0.0,0.0,0.0,0.0,0.0,0.0,0.0,0.0,0.0,0.0,-9.84375,-3.51307,0.0196793,0.166905,BackwardQParametric,raised
17.9772,174,0.0,0.0,0.0,0.0,0.0,0.0,0.0,0.0,0.0,0.0,-9.66797,1.75207,0.0196793,0.166905,BackwardQParametric,raised
18.0773,175,0.0,0.0,0.0,0.0,0.0,0.0,0.0,0.0,0.0,0.0,-8.96484,7.02643,0.0086997,0.136144,BackwardQParametric,lowered
18.1786,176,0.0,0.0,0.0,0.0,0.0,0.0,0.0,0.0,0.0,0.0,-7.91016,10.412,0.0086997,0.136144,BackwardQParametric,lowered
18.2786,177,0.0,0.0,0.0,0.0,0.0,0.0,0.0,0.0,0.0,0.0,-6.50391,14.0529,0.0086997,0.136144,BackwardQParametric,lowered
18.3787,178,0.0,0.0,0.0,0.0,0.0,0.0,0.0,0.0,0.0,0.0,-4.57031,19.3228,0.0086997,0.136144,BackwardQParametric,lowered
18.4788,179,0.0,0.0,0.0,0.0,0.0,0.0,0.0,0.0,0.0,0.0,-1.93359,26.348,0.0086997,0.136144,BackwardQParametric,lowered
18.5788,180,0.0,0.0,0.0,0.0,0.0,0.0,0.0,0.0,0.0,0.0,0.527344,24.5916,0.0086997,0.136144,BackwardQParametric,lowered
18.6789,181,0.0,0.0,0.0,0.0,0.0,0.0,0.0,0.0,0.0,0.0,2.98828,24.5919,0.0196793,0.166905,BackwardQParametric,raised
18.7968,182,0.0,0.0,0.0,0.0,0.0,0.0,0.0,0.0,0.0,0.0,6.15234,26.8379,0.0196793,0.166905,BackwardQParametric,raised
18.8969,183,0.0,0.0,0.0,0.0,0.0,0.0,0.0,0.0,0.0,0.0,8.4375,22.8353,0.0196793,0.166905,BackwardQParametric,raised
18.997,184,0.0,0.0,0.0,0.0,0.0,0.0,0.0,0.0,0.0,0.0,10.1953,17.5651,0.0196793,0.166905,BackwardQParametric,raised
19.097,185,0.0,0.0,0.0,0.0,0.0,0.0,0.0,0.0,0.0,0.0,11.4258,12.296,0.0196793,0.166905,BackwardQParametric,raised
19.1971,186,0.0,0.0,0.0,0.0,0.0,0.0,0.0,0.0,0.0,0.0,11.7773,3.51301,0.0196793,0.166905,BackwardQParametric,raised
19.2972,187,0.0,0.0,0.0,0.0,0.0,0.0,0.0,0.0,0.0,0.0,11.4258,-3.51317,0.0196793,0.166905,BackwardQParametric,raised
19.3972,188,0.0,0.0,0.0,0.0,0.0,0.0,0.0,0.0,0.0,0.0,10.3711,-10.5391,0.0086997,0.136144,BackwardQParametric,lowered
19.4973,189,0.0,0.0,0.0,0.0,0.0,0.0,0.0,0.0,0.0,0.0,8.78906,-15.8094,0.0086997,0.136144,BackwardQParametric,lowered
19.5974,190,0.0,0.0,0.0,0.0,0.0,0.0,0.0,0.0,0.0,0.0,6.32812,-24.5918,0.0086997,0.136144,BackwardQParametric,lowered
19.6975,191,0.0,0.0,0.0,0.0,0.0,0.0,0.0,0.0,0.0,0.0,3.51562,-28.1045,0.0086997,0.136144,BackwardQParametric,lowered
19.7975,192,0.0,0.0,0.0,0.0,0.0,0.0,0.0,0.0,0.0,0.0,1.05469,-24.5917,0.0086997,0.136144,BackwardQParametric,lowered
19.8976,193,0.0,0.0,0.0,0.0,0.0,0.0,0.0,0.0,0.0,0.0,-1.58203,-26.3469,0.0086997,0.136144,BackwardQParametric,lowered
20.0189,194,0.0,0.0,0.0,0.0,0.0,0.0,0.0,0.0,0.0,0.0,-4.57031,-24.6283,0.0196793,0.166905,BackwardQParametric,raised
20.119,195,0.0,0.0,0.0,0.0,0.0,0.0,0.0,0.0,0.0,0.0,-6.67969,-21.0793,0.0196793,0.166905,BackwardQParametric,raised
20.2191,196,0.0,0.0,0.0,0.0,0.0,0.0,0.0,0.0,0.0,0.0,-8.08594,-14.0525,0.0196793,0.166905,BackwardQParametric,raised
20.3191,197,0.0,0.0,0.0,0.0,0.0,0.0,0.0,0.0,0.0,0.0,-9.14062,-10.5438,0.0196793,0.166905,BackwardQParametric,raised
20.4192,198,0.0,0.0,0.0,0.0,0.0,0.0,0.0,0.0,0.0,0.0,-9.49219,-3.51302,0.0196793,0.166905,BackwardQParametric,raised
20.5193,199,0.0,0.0,0.0,0.0,0.0,0.0,0.0,0.0,0.0,0.0,-9.49219,0.0,0.0196793,0.166905,BackwardQParametric,raised
20.6193,200,0.0,0.0,0.0,0.0,0.0,0.0,0.0,0.0,0.0,0.0,-8.96484,5.26962,0.0196793,0.166905,BackwardQParametric,raised
20.7194,201,0.0,0.0,0.0,0.0,0.0,0.0,0.0,0.0,0.0,0.0,-7.91016,10.5394,0.0086997,0.136144,BackwardQParametric,lowered
20.8195,202,0.0,0.0,0.0,0.0,0.0,0.0,0.0,0.0,0.0,0.0,-6.32812,15.8082,0.0086997,0.136144,BackwardQParametric,lowered
20.9196,203,0.0,0.0,0.0,0.0,0.0,0.0,0.0,0.0,0.0,0.0,-4.57031,17.5653,0.0086997,0.136144,BackwardQParametric,lowered
21.0196,204,0.0,0.0,0.0,0.0,0.0,0.0,0.0,0.0,0.0,0.0,-2.46094,21.0787,0.0086997,0.136144,BackwardQParametric,lowered
21.1197,205,0.0,0.0,0.0,0.0,0.0,0.0,0.0,0.0,0.0,0.0,0.0,24.5916,0.0086997,0.136144,BackwardQParametric,lowered
21.2198,206,0.0,0.0,0.0,0.0,0.0,0.0,0.0,0.0,0.0,0.0,2.63672,26.3489,0.0196793,0.166905,BackwardQParametric,raised
21.6128,207,0.0,0.0,0.0,0.0,0.0,0.0,0.0,0.0,0.0,0.0,10.7227,20.572,0.0196793,0.166905,BackwardQParametric,raised
21.7129,208,0.0,0.0,0.0,0.0,0.0,0.0,0.0,0.0,0.0,0.0,11.6016,8.78254,0.0196793,0.166905,BackwardQParametric,raised
21.813,209,0.0,0.0,0.0,0.0,0.0,0.0,0.0,0.0,0.0,0.0,11.4258,-1.75657,0.0196793,0.166905,BackwardQParametric,raised
21.913,210,0.0,0.0,0.0,0.0,0.0,0.0,0.0,0.0,0.0,0.0,10.7227,-7.02621,0.0086997,0.136144,BackwardQParametric,lowered
22.0131,211,0.0,0.0,0.0,0.0,0.0,0.0,0.0,0.0,0.0,0.0,9.31641,-14.0515,0.0086997,0.136144,BackwardQParametric,lowered
22.1132,212,0.0,0.0,0.0,0.0,0.0,0.0,0.0,0.0,0.0,0.0,7.03125,-22.8356,0.0086997,0.136144,BackwardQParametric,lowered
22.2133,213,0.0,0.0,0.0,0.0,0.0,0.0,0.0,0.0,0.0,0.0,4.57031,-24.5926,0.0086997,0.136144,BackwardQParametric,lowered
22.3168,214,0.0,0.0,0.0,0.0,0.0,0.0,0.0,0.0,0.0,0.0,1.93359,-25.4598,0.0086997,0.136144,BackwardQParametric,lowered
22.4169,215,0.0,0.0,0.0,0.0,0.0,0.0,0.0,0.0,0.0,0.0,-0.527344,-24.5915,0.0086997,0.136144,BackwardQParametric,lowered
22.517,216,0.0,0.0,0.0,0.0,0.0,0.0,0.0,0.0,0.0,0.0,-2.98828,-24.5918,0.0196793,0.166905,BackwardQParametric,raised
22.617,217,0.0,0.0,0.0,0.0,0.0,0.0,0.0,0.0,0.0,0.0,-5.09766,-21.0786,0.0196793,0.166905,BackwardQParametric,raised
22.7171,218,0.0,0.0,0.0,0.0,0.0,0.0,0.0,0.0,0.0,0.0,-6.85547,-17.5639,0.0196793,0.166905,BackwardQParametric,raised
22.8172,219,0.0,0.0,0.0,0.0,0.0,0.0,0.0,0.0,0.0,0.0,-8.26172,-14.0525,0.0196793,0.166905,BackwardQParametric,raised
22.9173,220,0.0,0.0,0.0,0.0,0.0,0.0,0.0,0.0,0.0,0.0,-8.96484,-7.0263,0.0196793,0.166905,BackwardQParametric,raised
23.0173,221,0.0,0.0,0.0,0.0,0.0,0.0,0.0,0.0,0.0,0.0,-9.31641,-3.51315,0.0196793,0.166905,BackwardQParametric,raised
23.1174,222,0.0,0.0,0.0,0.0,0.0,0.0,0.0,0.0,0.0,0.0,-9.31641,0.0,0.0196793,0.166905,BackwardQParametric,raised
23.2175,223,0.0,0.0,0.0,0.0,0.0,0.0,0.0,0.0,0.0,0.0,-8.61328,7.02638,0.0196793,0.166905,BackwardQParametric,raised
23.3175,224,0.0,0.0,0.0,0.0,0.0,0.0,0.0,0.0,0.0,0.0,-7.03125,15.8089,0.0086997,0.136144,BackwardQParametric,lowered
23.4176,225,0.0,0.0,0.0,0.0,0.0,0.0,0.0,0.0,0.0,0.0,-5.27344,17.5656,0.0086997,0.136144,BackwardQParametric,lowered
23.5177,226,0.0,0.0,0.0,0.0,0.0,0.0,0.0,0.0,0.0,0.0,-3.69141,15.809,0.0086997,0.136144,BackwardQParametric,lowered
23.6177,227,0.0,0.0,0.0,0.0,0.0,0.0,0.0,0.0,0.0,0.0,-1.58203,21.0784,0.0086997,0.136144,BackwardQParametric,lowered
23.7178,228,0.0,0.0,0.0,0.0,0.0,0.0,0.0,0.0,0.0,0.0,0.878906,24.5918,0.0086997,0.136144,BackwardQParametric,lowered
23.8211,229,0.0,0.0,0.0,0.0,0.0,0.0,0.0,0.0,0.0,0.0,3.51562,25.537,0.0196793,0.166905,BackwardQParametric,raised
23.9211,230,0.0,0.0,0.0,0.0,0.0,0.0,0.0,0.0,0.0,0.0,5.80078,22.8405,0.0196793,0.166905,BackwardQParametric,raised
24.0212,231,0.0,0.0,0.0,0.0,0.0,0.0,0.0,0.0,0.0,0.0,8.08594,22.8355,0.0196793,0.166905,BackwardQParametric,raised
24.1213,232,0.0,0.0,0.0,0.0,0.0,0.0,0.0,0.0,0.0,0.0,9.84375,17.566,0.0196793,0.166905,BackwardQParametric,raised
24.2213,233,0.0,0.0,0.0,0.0,0.0,0.0,0.0,0.0,0.0,0.0,11.0742,12.2959,0.0196793,0.166905,BackwardQParametric,raised
24.3214,234,0.0,0.0,0.0,0.0,0.0,0.0,0.0,0.0,0.0,0.0,11.4258,3.51316,0.0196793,0.166905,BackwardQParametric,raised
24.4215,235,0.0,0.0,0.0,0.0,0.0,0.0,0.0,0.0,0.0,0.0,10.8984,-5.26957,0.0196793,0.166905,BackwardQParametric,raised
24.5215,236,0.0,0.0,0.0,0.0,0.0,0.0,0.0,0.0,0.0,0.0,9.84375,-10.5392,0.0086997,0.136144,BackwardQParametric,lowered
24.6216,237,0.0,0.0,0.0,0.0,0.0,0.0,0.0,0.0,0.0,0.0,8.26172,-15.8095,0.0086997,0.136144,BackwardQParametric,lowered
24.7217,238,0.0,0.0,0.0,0.0,0.0,0.0,0.0,0.0,0.0,0.0,5.80078,-24.5901,0.0086997,0.136144,BackwardQParametric,lowered
24.8218,239,0.0,0.0,0.0,0.0,0.0,0.0,0.0,0.0,0.0,0.0,3.16406,-26.3485,0.0086997,0.136144,BackwardQParametric,lowered
24.9218,240,0.0,0.0,0.0,0.0,0.0,0.0,0.0,0.0,0.0,0.0,0.703125,-24.5914,0.0086997,0.136144,BackwardQParametric,lowered
25.0219,241,0.0,0.0,0.0,0.0,0.0,0.0,0.0,0.0,0.0,0.0,-1.58203,-22.8347,0.0086997,0.136144,BackwardQParametric,lowered
25.122,242,0.0,0.0,0.0,0.0,0.0,0.0,0.0,0.0,0.0,0.0,-4.04297,-24.5918,0.0196793,0.166905,BackwardQParametric,raised
25.2221,243,0.0,0.0,0.0,0.0,0.0,0.0,0.0,0.0,0.0,0.0,-5.97656,-19.322,0.0196793,0.166905,BackwardQParametric,raised
25.6137,244,0.0,0.0,0.0,0.0,0.0,0.0,0.0,0.0,0.0,0.0,-8.96484,-7.63011,0.0196793,0.166905,BackwardQParametric,raised
25.7138,245,0.0,0.0,0.0,0.0,0.0,0.0,0.0,0.0,0.0,0.0,-8.78906,1.75657,0.0196793,0.166905,BackwardQParametric,raised
25.8138,246,0.0,0.0,0.0,0.0,0.0,0.0,0.0,0.0,0.0,0.0,-7.91016,8.78264,0.0086997,0.136144,BackwardQParametric,lowered
25.9139,247,0.0,0.0,0.0,0.0,0.0,0.0,0.0,0.0,0.0,0.0,-6.32812,15.8088,0.0086997,0.136144,BackwardQParametric,lowered
26.014,248,0.0,0.0,0.0,0.0,0.0,0.0,0.0,0.0,0.0,0.0,-4.74609,15.8092,0.0086997,0.136144,BackwardQParametric,lowered
26.1141,249,0.0,0.0,0.0,0.0,0.0,0.0,0.0,0.0,0.0,0.0,-2.98828,17.5663,0.0086997,0.136144,BackwardQParametric,lowered
26.2141,250,0.0,0.0,0.0,0.0,0.0,0.0,0.0,0.0,0.0,0.0,-0.527344,24.5916,0.0086997,0.136144,BackwardQParametric,lowered
26.3142,251,0.0,0.0,0.0,0.0,0.0,0.0,0.0,0.0,0.0,0.0,1.93359,24.5928,0.0086997,0.136144,BackwardQParametric,lowered
26.4234,252,0.0,0.0,0.0,0.0,0.0,0.0,0.0,0.0,0.0,0.0,4.39453,22.5257,0.0196793,0.166905,BackwardQParametric,raised
26.5243,253,0.0,0.0,0.0,0.0,0.0,0.0,0.0,0.0,0.0,0.0,6.67969,22.6495,0.0196793,0.166905,BackwardQParametric,raised
26.6244,254,0.0,0.0,0.0,0.0,0.0,0.0,0.0,0.0,0.0,0.0,8.61328,19.3228,0.0196793,0.166905,BackwardQParametric,raised
26.7245,255,0.0,0.0,0.0,0.0,0.0,0.0,0.0,0.0,0.0,0.0,10.0195,14.0522,0.0196793,0.166905,BackwardQParametric,raised
26.8245,256,0.0,0.0,0.0,0.0,0.0,0.0,0.0,0.0,0.0,0.0,11.0742,10.5394,0.0196793,0.166905,BackwardQParametric,raised
26.9246,257,0.0,0.0,0.0,0.0,0.0,0.0,0.0,0.0,0.0,0.0,11.0742,0.0,0.0196793,0.166905,BackwardQParametric,raised
27.0247,258,0.0,0.0,0.0,0.0,0.0,0.0,0.0,0.0,0.0,0.0,10.3711,-7.02658,0.0196793,0.166905,BackwardQParametric,raised
27.1248,259,0.0,0.0,0.0,0.0,0.0,0.0,0.0,0.0,0.0,0.0,9.14062,-12.2958,0.0086997,0.136144,BackwardQParametric,lowered
27.2248,260,0.0,0.0,0.0,0.0,0.0,0.0,0.0,0.0,0.0,0.0,7.38281,-17.5656,0.0086997,0.136144,BackwardQParametric,lowered
27.3249,261,0.0,0.0,0.0,0.0,0.0,0.0,0.0,0.0,0.0,0.0,4.74609,-26.3486,0.0086997,0.136144,BackwardQParametric,lowered
27.4262,262,0.0,0.0,0.0,0.0,0.0,0.0,0.0,0.0,0.0,0.0,1.93359,-27.7617,0.0086997,0.136144,BackwardQParametric,lowered
27.5263,263,0.0,0.0,0.0,0.0,0.0,0.0,0.0,0.0,0.0,0.0,-0.351562,-22.8348,0.0086997,0.136144,BackwardQParametric,lowered
27.6264,264,0.0,0.0,0.0,0.0,0.0,0.0,0.0,0.0,0.0,0.0,-2.63672,-22.8363,0.0196793,0.166905,BackwardQParametric,raised
27.7264,265,0.0,0.0,0.0,0.0,0.0,0.0,0.0,0.0,0.0,0.0,-4.74609,-21.0788,0.0196793,0.166905,BackwardQParametric,raised
27.8265,266,0.0,0.0,0.0,0.0,0.0,0.0,0.0,0.0,0.0,0.0,-6.32812,-15.8086,0.0196793,0.166905,BackwardQParametric,raised
27.9266,267,0.0,0.0,0.0,0.0,0.0,0.0,0.0,0.0,0.0,0.0,-7.55859,-12.2956,0.0196793,0.166905,BackwardQParametric,raised
28.0266,268,0.0,0.0,0.0,0.0,0.0,0.0,0.0,0.0,0.0,0.0,-8.4375,-8.78317,0.0196793,0.166905,BackwardQParametric,raised
28.1267,269,0.0,0.0,0.0,0.0,0.0,0.0,0.0,0.0,0.0,0.0,-8.78906,-3.5131,0.0196793,0.166905,BackwardQParametric,raised
28.2268,270,0.0,0.0,0.0,0.0,0.0,0.0,0.0,0.0,0.0,0.0,-8.61328,1.75642,0.0196793,0.166905,BackwardQParametric,raised
28.3269,271,0.0,0.0,0.0,0.0,0.0,0.0,0.0,0.0,0.0,0.0,-8.08594,5.26946,0.0086997,0.136144,BackwardQParametric,lowered
28.4269,272,0.0,0.0,0.0,0.0,0.0,0.0,0.0,0.0,0.0,0.0,-7.03125,10.5391,0.0086997,0.136144,BackwardQParametric,lowered
28.527,273,0.0,0.0,0.0,0.0,0.0,0.0,0.0,0.0,0.0,0.0,-5.625,14.0521,0.0086997,0.136144,BackwardQParametric,lowered
28.6271,274,0.0,0.0,0.0,0.0,0.0,0.0,0.0,0.0,0.0,0.0,-3.86719,17.5652,0.0086997,0.136144,BackwardQParametric,lowered
28.7271,275,0.0,0.0,0.0,0.0,0.0,0.0,0.0,0.0,0.0,0.0,-1.58203,22.8435,0.0086997,0.136144,BackwardQParametric,lowered
28.8272,276,0.0,0.0,0.0,0.0,0.0,0.0,0.0,0.0,0.0,0.0,0.703125,22.835,0.0086997,0.136144,BackwardQParametric,lowered
28.9297,277,0.0,0.0,0.0,0.0,0.0,0.0,0.0,0.0,0.0,0.0,3.16406,24.0069,0.0196793,0.166905,BackwardQParametric,raised
29.0298,278,0.0,0.0,0.0,0.0,0.0,0.0,0.0,0.0,0.0,0.0,5.44922,22.8351,0.0196793,0.166905,BackwardQParametric,raised
29.1298,279,0.0,0.0,0.0,0.0,0.0,0.0,0.0,0.0,0.0,0.0,7.73438,22.8353,0.0196793,0.166905,BackwardQParametric,raised
29.2299,280,0.0,0.0,0.0,0.0,0.0,0.0,0.0,0.0,0.0,0.0,9.31641,15.8088,0.0196793,0.166905,BackwardQParametric,raised
29.33,281,0.0,0.0,0.0,0.0,0.0,0.0,0.0,0.0,0.0,0.0,10.5469,12.2958,0.0196793,0.166905,BackwardQParametric,raised
29.4301,282,0.0,0.0,0.0,0.0,0.0,0.0,0.0,0.0,0.0,0.0,10.7227,1.75661,0.0196793,0.166905,BackwardQParametric,raised
29.5301,283,0.0,0.0,0.0,0.0,0.0,0.0,0.0,0.0,0.0,0.0,10.5469,-1.75657,0.0196793,0.166905,BackwardQParametric,raised
29.6302,284,0.0,0.0,0.0,0.0,0.0,0.0,0.0,0.0,0.0,0.0,9.66797,-8.78279,0.0086997,0.136144,BackwardQParametric,lowered
29.7303,285,0.0,0.0,0.0,0.0,0.0,0.0,0.0,0.0,0.0,0.0,8.08594,-15.8093,0.0086997,0.136144,BackwardQParametric,lowered
29.8303,286,0.0,0.0,0.0,0.0,0.0,0.0,0.0,0.0,0.0,0.0,5.80078,-22.835,0.0086997,0.136144,BackwardQParametric,lowered
29.9304,287,0.0,0.0,0.0,0.0,0.0,0.0,0.0,0.0,0.0,0.0,3.33984,-24.5923,0.0086997,0.136144,BackwardQParametric,lowered
30.0305,288,0.0,0.0,0.0,0.0,0.0,0.0,0.0,0.0,0.0,0.0,1.05469,-22.8355,0.0086997,0.136144,BackwardQParametric,lowered
30.1306,289,0.0,0.0,0.0,0.0,0.0,0.0,0.0,0.0,0.0,0.0,-1.40625,-24.5923,0.0086997,0.136144,BackwardQParametric,lowered
30.2306,290,0.0,0.0,0.0,0.0,0.0,0.0,0.0,0.0,0.0,0.0,-3.69141,-22.835,0.0196793,0.166905,BackwardQParametric,raised
30.3307,291,0.0,0.0,0.0,0.0,0.0,0.0,0.0,0.0,0.0,0.0,-5.625,-19.3197,0.0196793,0.166905,BackwardQParametric,raised
30.4308,292,0.0,0.0,0.0,0.0,0.0,0.0,0.0,0.0,0.0,0.0,-6.85547,-12.2959,0.0196793,0.166905,BackwardQParametric,raised
30.5308,293,0.0,0.0,0.0,0.0,0.0,0.0,0.0,0.0,0.0,0.0,-7.91016,-10.5393,0.0196793,0.166905,BackwardQParametric,raised
30.6309,294,0.0,0.0,0.0,0.0,0.0,0.0,0.0,0.0,0.0,0.0,-8.4375,-5.26967,0.0196793,0.166905,BackwardQParametric,raised
30.731,295,0.0,0.0,0.0,0.0,0.0,0.0,0.0,0.0,0.0,0.0,-8.61328,-1.75643,0.0196793,0.166905,BackwardQParametric,raised
30.8311,296,0.0,0.0,0.0,0.0,0.0,0.0,0.0,0.0,0.0,0.0,-8.26172,3.5131,0.0196793,0.166905,BackwardQParametric,raised
30.9311,297,0.0,0.0,0.0,0.0,0.0,0.0,0.0,0.0,0.0,0.0,-7.38281,8.78503,0.0086997,0.136144,BackwardQParametric,lowered
31.0312,298,0.0,0.0,0.0,0.0,0.0,0.0,0.0,0.0,0.0,0.0,-6.15234,12.2962,0.0086997,0.136144,BackwardQParametric,lowered
31.1313,299,0.0,0.0,0.0,0.0,0.0,0.0,0.0,0.0,0.0,0.0,-4.57031,15.8101,0.0086997,0.136144,BackwardQParametric,lowered
31.2313,300,0.0,0.0,0.0,0.0,0.0,0.0,0.0,0.0,0.0,0.0,-2.8125,17.5657,0.0086997,0.136144,BackwardQParametric,lowered
31.3314,301,0.0,0.0,0.0,0.0,0.0,0.0,0.0,0.0,0.0,0.0,-0.527344,22.8352,0.0086997,0.136144,BackwardQParametric,lowered
31.4315,302,0.0,0.0,0.0,0.0,0.0,0.0,0.0,0.0,0.0,0.0,1.75781,22.8338,0.0086997,0.136144,BackwardQParametric,lowered
31.5315,303,0.0,0.0,0.0,0.0,0.0,0.0,0.0,0.0,0.0,0.0,4.04297,22.8335,0.0196793,0.166905,BackwardQParametric,raised
31.6316,304,0.0,0.0,0.0,0.0,0.0,0.0,0.0,0.0,0.0,0.0,6.15234,21.0789,0.0196793,0.166905,BackwardQParametric,raised
31.7317,305,0.0,0.0,0.0,0.0,0.0,0.0,0.0,0.0,0.0,0.0,8.08594,19.3223,0.0196793,0.166905,BackwardQParametric,raised
31.8318,306,0.0,0.0,0.0,0.0,0.0,0.0,0.0,0.0,0.0,0.0,9.49219,14.0523,0.0196793,0.166905,BackwardQParametric,raised
31.9318,307,0.0,0.0,0.0,0.0,0.0,0.0,0.0,0.0,0.0,0.0,10.3711,8.78277,0.0196793,0.166905,BackwardQParametric,raised
32.0319,308,0.0,0.0,0.0,0.0,0.0,0.0,0.0,0.0,0.0,0.0,10.5469,1.75655,0.0196793,0.166905,BackwardQParametric,raised
32.132,309,0.0,0.0,0.0,0.0,0.0,0.0,0.0,0.0,0.0,0.0,10.0195,-5.26976,0.0196793,0.166905,BackwardQParametric,raised
32.232,310,0.0,0.0,0.0,0.0,0.0,0.0,0.0,0.0,0.0,0.0,8.96484,-10.5396,0.0086997,0.136144,BackwardQParametric,lowered
32.3321,311,0.0,0.0,0.0,0.0,0.0,0.0,0.0,0.0,0.0,0.0,7.20703,-17.5652,0.0086997,0.136144,BackwardQParametric,lowered
32.4322,312,0.0,0.0,0.0,0.0,0.0,0.0,0.0,0.0,0.0,0.0,4.74609,-24.5924,0.0086997,0.136144,BackwardQParametric,lowered
32.5368,313,0.0,0.0,0.0,0.0,0.0,0.0,0.0,0.0,0.0,0.0,2.10938,-25.2004,0.0086997,0.136144,BackwardQParametric,lowered
32.6369,314,0.0,0.0,0.0,0.0,0.0,0.0,0.0,0.0,0.0,0.0,-0.175781,-22.835,0.0086997,0.136144,BackwardQParametric,lowered
32.737,315,0.0,0.0,0.0,0.0,0.0,0.0,0.0,0.0,0.0,0.0,-2.28516,-21.078,0.0196793,0.166905,BackwardQParametric,raised
32.837,316,0.0,0.0,0.0,0.0,0.0,0.0,0.0,0.0,0.0,0.0,-4.39453,-21.079,0.0196793,0.166905,BackwardQParametric,raised
32.9371,317,0.0,0.0,0.0,0.0,0.0,0.0,0.0,0.0,0.0,0.0,-5.80078,-14.0534,0.0196793,0.166905,BackwardQParametric,raised
33.0372,318,0.0,0.0,0.0,0.0,0.0,0.0,0.0,0.0,0.0,0.0,-7.20703,-14.0523,0.0196793,0.166905,BackwardQParametric,raised
33.1372,319,0.0,0.0,0.0,0.0,0.0,0.0,0.0,0.0,0.0,0.0,-7.91016,-7.02601,0.0196793,0.166905,BackwardQParametric,raised
33.2373,320,0.0,0.0,0.0,0.0,0.0,0.0,0.0,0.0,0.0,0.0,-8.26172,-3.51307,0.0196793,0.166905,BackwardQParametric,raised
33.3374,321,0.0,0.0,0.0,0.0,0.0,0.0,0.0,0.0,0.0,0.0,-8.26172,0.0,0.0196793,0.166905,BackwardQParametric,raised
33.4375,322,0.0,0.0,0.0,0.0,0.0,0.0,0.0,0.0,0.0,0.0,-7.73438,5.2698,0.0196793,0.166905,BackwardQParametric,raised
33.5375,323,0.0,0.0,0.0,0.0,0.0,0.0,0.0,0.0,0.0,0.0,-6.50391,12.2959,0.0086997,0.136144,BackwardQParametric,lowered
33.6376,324,0.0,0.0,0.0,0.0,0.0,0.0,0.0,0.0,0.0,0.0,-4.92188,15.8094,0.0086997,0.136144,BackwardQParametric,lowered
33.7507,325,0.0,0.0,0.0,0.0,0.0,0.0,0.0,0.0,0.0,0.0,-3.33984,13.9881,0.0086997,0.136144,BackwardQParametric,lowered
33.8508,326,0.0,0.0,0.0,0.0,0.0,0.0,0.0,0.0,0.0,0.0,-1.58203,17.5653,0.0086997,0.136144,BackwardQParametric,lowered
33.9509,327,0.0,0.0,0.0,0.0,0.0,0.0,0.0,0.0,0.0,0.0,1.05469,26.3479,0.0086997,0.136144,BackwardQParametric,lowered
34.0509,328,0.0,0.0,0.0,0.0,0.0,0.0,0.0,0.0,0.0,0.0,3.16406,21.0789,0.0196793,0.166905,BackwardQParametric,raised
34.151,329,0.0,0.0,0.0,0.0,0.0,0.0,0.0,0.0,0.0,0.0,5.27344,21.0786,0.0196793,0.166905,BackwardQParametric,raised
34.2511,330,0.0,0.0,0.0,0.0,0.0,0.0,0.0,0.0,0.0,0.0,7.20703,19.3219,0.0196793,0.166905,BackwardQParametric,raised
34.3511,331,0.0,0.0,0.0,0.0,0.0,0.0,0.0,0.0,0.0,0.0,8.96484,17.5689,0.0196793,0.166905,BackwardQParametric,raised
34.4512,332,0.0,0.0,0.0,0.0,0.0,0.0,0.0,0.0,0.0,0.0,10.1953,12.2953,0.0196793,0.166905,BackwardQParametric,raised
34.5513,333,0.0,0.0,0.0,0.0,0.0,0.0,0.0,0.0,0.0,0.0,10.3711,1.7566,0.0196793,0.166905,BackwardQParametric,raised
34.6513,334,0.0,0.0,0.0,0.0,0.0,0.0,0.0,0.0,0.0,0.0,9.84375,-5.27005,0.0196793,0.166905,BackwardQParametric,raised
34.7514,335,0.0,0.0,0.0,0.0,0.0,0.0,0.0,0.0,0.0,0.0,9.14062,-7.02606,0.0086997,0.136144,BackwardQParametric,lowered
34.8515,336,0.0,0.0,0.0,0.0,0.0,0.0,0.0,0.0,0.0,0.0,7.55859,-15.8092,0.0086997,0.136144,BackwardQParametric,lowered
34.9515,337,0.0,0.0,0.0,0.0,0.0,0.0,0.0,0.0,0.0,0.0,5.44922,-21.0783,0.0086997,0.136144,BackwardQParametric,lowered
35.0527,338,0.0,0.0,0.0,0.0,0.0,0.0,0.0,0.0,0.0,0.0,2.8125,-26.0657,0.0086997,0.136144,BackwardQParametric,lowered
35.1528,339,0.0,0.0,0.0,0.0,0.0,0.0,0.0,0.0,0.0,0.0,0.878906,-19.3227,0.0086997,0.136144,BackwardQParametric,lowered
35.2528,340,0.0,0.0,0.0,0.0,0.0,0.0,0.0,0.0,0.0,0.0,-1.40625,-22.8358,0.0086997,0.136144,BackwardQParametric,lowered
35.3529,341,0.0,0.0,0.0,0.0,0.0,0.0,0.0,0.0,0.0,0.0,-3.69141,-22.8357,0.0196793,0.166905,BackwardQParametric,raised
35.453,342,0.0,0.0,0.0,0.0,0.0,0.0,0.0,0.0,0.0,0.0,-5.44922,-17.5656,0.0196793,0.166905,BackwardQParametric,raised
35.5531,343,0.0,0.0,0.0,0.0,0.0,0.0,0.0,0.0,0.0,0.0,-6.50391,-10.5395,0.0196793,0.166905,BackwardQParametric,raised
35.6531,344,0.0,0.0,0.0,0.0,0.0,0.0,0.0,0.0,0.0,0.0,-7.55859,-10.5409,0.0196793,0.166905,BackwardQParametric,raised
35.7532,345,0.0,0.0,0.0,0.0,0.0,0.0,0.0,0.0,0.0,0.0,-7.91016,-3.51317,0.0196793,0.166905,BackwardQParametric,raised
35.8533,346,0.0,0.0,0.0,0.0,0.0,0.0,0.0,0.0,0.0,0.0,-8.08594,-1.75662,0.0196793,0.166905,BackwardQParametric,raised
35.9533,347,0.0,0.0,0.0,0.0,0.0,0.0,0.0,0.0,0.0,0.0,-7.73438,3.51311,0.0196793,0.166905,BackwardQParametric,raised
36.0534,348,0.0,0.0,0.0,0.0,0.0,0.0,0.0,0.0,0.0,0.0,-6.85547,8.7826,0.0086997,0.136144,BackwardQParametric,lowered
36.1535,349,0.0,0.0,0.0,0.0,0.0,0.0,0.0,0.0,0.0,0.0,-5.625,12.2965,0.0086997,0.136144,BackwardQParametric,lowered
36.2535,350,0.0,0.0,0.0,0.0,0.0,0.0,0.0,0.0,0.0,0.0,-4.21875,14.0526,0.0086997,0.136144,BackwardQParametric,lowered
36.3536,351,0.0,0.0,0.0,0.0,0.0,0.0,0.0,0.0,0.0,0.0,-2.63672,15.8088,0.0086997,0.136144,BackwardQParametric,lowered
36.4537,352,0.0,0.0,0.0,0.0,0.0,0.0,0.0,0.0,0.0,0.0,-0.175781,24.5908,0.0086997,0.136144,BackwardQParametric,lowered
36.5538,353,0.0,0.0,0.0,0.0,0.0,0.0,0.0,0.0,0.0,0.0,1.93359,21.0785,0.0086997,0.136144,BackwardQParametric,lowered
36.6538,354,0.0,0.0,0.0,0.0,0.0,0.0,0.0,0.0,0.0,0.0,3.86719,19.3218,0.0196793,0.166905,BackwardQParametric,raised
36.7539,355,0.0,0.0,0.0,0.0,0.0,0.0,0.0,0.0,0.0,0.0,5.97656,21.0787,0.0196793,0.166905,BackwardQParametric,raised
36.854,356,0.0,0.0,0.0,0.0,0.0,0.0,0.0,0.0,0.0,0.0,7.73438,17.5652,0.0196793,0.166905,BackwardQParametric,raised
36.954,357,0.0,0.0,0.0,0.0,0.0,0.0,0.0,0.0,0.0,0.0,9.14062,14.0522,0.0196793,0.166905,BackwardQParametric,raised
37.0541,358,0.0,0.0,0.0,0.0,0.0,0.0,0.0,0.0,0.0,0.0,10.0195,8.78275,0.0196793,0.166905,BackwardQParametric,raised
37.1542,359,0.0,0.0,0.0,0.0,0.0,0.0,0.0,0.0,0.0,0.0,10.0195,0.0,0.0196793,0.166905,BackwardQParametric,raised
37.2543,360,0.0,0.0,0.0,0.0,0.0,0.0,0.0,0.0,0.0,0.0,9.31641,-7.02626,0.0196793,0.166905,BackwardQParametric,raised
37.3543,361,0.0,0.0,0.0,0.0,0.0,0.0,0.0,0.0,0.0,0.0,8.26172,-10.5393,0.0086997,0.136144,BackwardQParametric,lowered
37.4544,362,0.0,0.0,0.0,0.0,0.0,0.0,0.0,0.0,0.0,0.0,6.67969,-15.8088,0.0086997,0.136144,BackwardQParametric,lowered
37.5545,363,0.0,0.0,0.0,0.0,0.0,0.0,0.0,0.0,0.0,0.0,4.39453,-22.836,0.0086997,0.136144,BackwardQParametric,lowered
37.6765,364,0.0,0.0,0.0,0.0,0.0,0.0,0.0,0.0,0.0,0.0,1.40625,-24.4833,0.0086997,0.136144,BackwardQParametric,lowered
37.7766,365,0.0,0.0,0.0,0.0,0.0,0.0,0.0,0.0,0.0,0.0,-0.878906,-22.8349,0.0086997,0.136144,BackwardQParametric,lowered
37.8767,366,0.0,0.0,0.0,0.0,0.0,0.0,0.0,0.0,0.0,0.0,-2.8125,-19.322,0.0196793,0.166905,BackwardQParametric,raised
37.9767,367,0.0,0.0,0.0,0.0,0.0,0.0,0.0,0.0,0.0,0.0,-4.74609,-19.322,0.0196793,0.166905,BackwardQParametric,raised
38.0768,368,0.0,0.0,0.0,0.0,0.0,0.0,0.0,0.0,0.0,0.0,-5.97656,-12.2956,0.0196793,0.166905,BackwardQParametric,raised
38.1769,369,0.0,0.0,0.0,0.0,0.0,0.0,0.0,0.0,0.0,0.0,-6.85547,-8.78268,0.0196793,0.166905,BackwardQParametric,raised
38.2781,370,0.0,0.0,0.0,0.0,0.0,0.0,0.0,0.0,0.0,0.0,-7.55859,-6.94893,0.0196793,0.166905,BackwardQParametric,raised
38.3781,371,0.0,0.0,0.0,0.0,0.0,0.0,0.0,0.0,0.0,0.0,-7.91016,-3.5131,0.0196793,0.166905,BackwardQParametric,raised
38.4782,372,0.0,0.0,0.0,0.0,0.0,0.0,0.0,0.0,0.0,0.0,-7.73438,1.75653,0.0196793,0.166905,BackwardQParametric,raised
38.5783,373,0.0,0.0,0.0,0.0,0.0,0.0,0.0,0.0,0.0,0.0,-7.03125,7.0262,0.0086997,0.136144,BackwardQParametric,lowered
38.6784,374,0.0,0.0,0.0,0.0,0.0,0.0,0.0,0.0,0.0,0.0,-5.97656,10.5392,0.0086997,0.136144,BackwardQParametric,lowered
38.7784,375,0.0,0.0,0.0,0.0,0.0,0.0,0.0,0.0,0.0,0.0,-4.74609,12.2957,0.0086997,0.136144,BackwardQParametric,lowered
38.8785,376,0.0,0.0,0.0,0.0,0.0,0.0,0.0,0.0,0.0,0.0,-3.16406,15.8091,0.0086997,0.136144,BackwardQParametric,lowered
38.9786,377,0.0,0.0,0.0,0.0,0.0,0.0,0.0,0.0,0.0,0.0,-0.878906,22.835,0.0086997,0.136144,BackwardQParametric,lowered
39.0787,378,0.0,0.0,0.0,0.0,0.0,0.0,0.0,0.0,0.0,0.0,1.05469,19.3218,0.0086997,0.136144,BackwardQParametric,lowered
39.1787,379,0.0,0.0,0.0,0.0,0.0,0.0,0.0,0.0,0.0,0.0,3.16406,21.0789,0.0196793,0.166905,BackwardQParametric,raised
39.2788,380,0.0,0.0,0.0,0.0,0.0,0.0,0.0,0.0,0.0,0.0,5.27344,21.0789,0.0196793,0.166905,BackwardQParametric,raised
39.3789,381,0.0,0.0,0.0,0.0,0.0,0.0,0.0,0.0,0.0,0.0,7.20703,19.3221,0.0196793,0.166905,BackwardQParametric,raised
39.4789,382,0.0,0.0,0.0,0.0,0.0,0.0,0.0,0.0,0.0,0.0,8.61328,14.0523,0.0196793,0.166905,BackwardQParametric,raised
39.579,383,0.0,0.0,0.0,0.0,0.0,0.0,0.0,0.0,0.0,0.0,9.66797,10.5388,0.0196793,0.166905,BackwardQParametric,raised
39.6791,384,0.0,0.0,0.0,0.0,0.0,0.0,0.0,0.0,0.0,0.0,9.84375,1.7566,0.0196793,0.166905,BackwardQParametric,raised
39.7792,385,0.0,0.0,0.0,0.0,0.0,0.0,0.0,0.0,0.0,0.0,9.49219,-3.51292,0.0196793,0.166905,BackwardQParametric,raised
39.8792,386,0.0,0.0,0.0,0.0,0.0,0.0,0.0,0.0,0.0,0.0,8.61328,-8.78306,0.0086997,0.136144,BackwardQParametric,lowered
39.9793,387,0.0,0.0,0.0,0.0,0.0,0.0,0.0,0.0,0.0,0.0,7.20703,-14.0517,0.0086997,0.136144,BackwardQParametric,lowered
40.0794,388,0.0,0.0,0.0,0.0,0.0,0.0,0.0,0.0,0.0,0.0,4.92188,-22.8355,0.0086997,0.136144,BackwardQParametric,lowered
40.1871,389,0.0,0.0,0.0,0.0,0.0,0.0,0.0,0.0,0.0,0.0,2.28516,-24.4794,0.0086997,0.136144,BackwardQParametric,lowered
40.2872,390,0.0,0.0,0.0,0.0,0.0,0.0,0.0,0.0,0.0,0.0,0.351562,-19.3217,0.0086997,0.136144,BackwardQParametric,lowered
40.3872,391,0.0,0.0,0.0,0.0,0.0,0.0,0.0,0.0,0.0,0.0,-1.75781,-21.0783,0.0086997,0.136144,BackwardQParametric,lowered
40.4873,392,0.0,0.0,0.0,0.0,0.0,0.0,0.0,0.0,0.0,0.0,-3.86719,-21.0791,0.0196793,0.166905,BackwardQParametric,raised
40.5874,393,0.0,0.0,0.0,0.0,0.0,0.0,0.0,0.0,0.0,0.0,-5.44922,-15.8091,0.0196793,0.166905,BackwardQParametric,raised
40.6874,394,0.0,0.0,0.0,0.0,0.0,0.0,0.0,0.0,0.0,0.0,-6.50391,-10.5393,0.0196793,0.166905,BackwardQParametric,raised
40.7875,395,0.0,0.0,0.0,0.0,0.0,0.0,0.0,0.0,0.0,0.0,-7.38281,-8.78262,0.0196793,0.166905,BackwardQParametric,raised
40.8876,396,0.0,0.0,0.0,0.0,0.0,0.0,0.0,0.0,0.0,0.0,-7.55859,-1.75647,0.0196793,0.166905,BackwardQParametric,raised
40.9877,397,0.0,0.0,0.0,0.0,0.0,0.0,0.0,0.0,0.0,0.0,-7.55859,0.0,0.0196793,0.166905,BackwardQParametric,raised
41.0877,398,0.0,0.0,0.0,0.0,0.0,0.0,0.0,0.0,0.0,0.0,-7.20703,3.51317,0.0196793,0.166905,BackwardQParametric,raised
41.1878,399,0.0,0.0,0.0,0.0,0.0,0.0,0.0,0.0,0.0,0.0,-6.32812,8.78308,0.0086997,0.136144,BackwardQParametric,lowered
41.2879,400,0.0,0.0,0.0,0.0,0.0,0.0,0.0,0.0,0.0,0.0,-4.92188,14.0524,0.0086997,0.136144,BackwardQParametric,lowered
41.388,401,0.0,0.0,0.0,0.0,0.0,0.0,0.0,0.0,0.0,0.0,-3.69141,12.296,0.0086997,0.136144,BackwardQParametric,lowered
41.488,402,0.0,0.0,0.0,0.0,0.0,0.0,0.0,0.0,0.0,0.0,-1.93359,17.5655,0.0086997,0.136144,BackwardQParametric,lowered
41.5881,403,0.0,0.0,0.0,0.0,0.0,0.0,0.0,0.0,0.0,0.0,0.175781,21.0789,0.0086997,0.136144,BackwardQParametric,lowered
41.6882,404,0.0,0.0,0.0,0.0,0.0,0.0,0.0,0.0,0.0,0.0,2.10938,19.3224,0.0196793,0.166905,BackwardQParametric,raised
41.7962,405,0.0,0.0,0.0,0.0,0.0,0.0,0.0,0.0,0.0,0.0,4.39453,21.1502,0.0196793,0.166905,BackwardQParametric,raised
41.8963,406,0.0,0.0,0.0,0.0,0.0,0.0,0.0,0.0,0.0,0.0,6.50391,21.0793,0.0196793,0.166905,BackwardQParametric,raised
41.9964,407,0.0,0.0,0.0,0.0,0.0,0.0,0.0,0.0,0.0,0.0,8.08594,15.8079,0.0196793,0.166905,BackwardQParametric,raised
42.0995,408,0.0,0.0,0.0,0.0,0.0,0.0,0.0,0.0,0.0,0.0,9.14062,10.2292,0.0196793,0.166905,BackwardQParametric,raised
42.1995,409,0.0,0.0,0.0,0.0,0.0,0.0,0.0,0.0,0.0,0.0,9.66797,5.26967,0.0196793,0.166905,BackwardQParametric,raised
42.2996,410,0.0,0.0,0.0,0.0,0.0,0.0,0.0,0.0,0.0,0.0,9.31641,-3.51322,0.0196793,0.166905,BackwardQParametric,raised
42.3997,411,0.0,0.0,0.0,0.0,0.0,0.0,0.0,0.0,0.0,0.0,8.61328,-7.02625,0.0086997,0.136144,BackwardQParametric,lowered
42.4997,412,0.0,0.0,0.0,0.0,0.0,0.0,0.0,0.0,0.0,0.0,7.38281,-12.2962,0.0086997,0.136144,BackwardQParametric,lowered
42.5998,413,0.0,0.0,0.0,0.0,0.0,0.0,0.0,0.0,0.0,0.0,5.44922,-19.3225,0.0086997,0.136144,BackwardQParametric,lowered
42.6999,414,0.0,0.0,0.0,0.0,0.0,0.0,0.0,0.0,0.0,0.0,3.16406,-22.8355,0.0086997,0.136144,BackwardQParametric,lowered
42.8,415,0.0,0.0,0.0,0.0,0.0,0.0,0.0,0.0,0.0,0.0,1.23047,-19.3223,0.0086997,0.136144,BackwardQParametric,lowered
42.9,416,0.0,0.0,0.0,0.0,0.0,0.0,0.0,0.0,0.0,0.0,-0.878906,-21.078,0.0086997,0.136144,BackwardQParametric,lowered
43.0001,417,0.0,0.0,0.0,0.0,0.0,0.0,0.0,0.0,0.0,0.0,-2.8125,-19.3221,0.0196793,0.166905,BackwardQParametric,raised
43.1002,418,0.0,0.0,0.0,0.0,0.0,0.0,0.0,0.0,0.0,0.0,-4.57031,-17.5655,0.0196793,0.166905,BackwardQParametric,raised
43.2002,419,0.0,0.0,0.0,0.0,0.0,0.0,0.0,0.0,0.0,0.0,-5.80078,-12.2956,0.0196793,0.166905,BackwardQParametric,raised
43.3003,420,0.0,0.0,0.0,0.0,0.0,0.0,0.0,0.0,0.0,0.0,-6.67969,-8.78256,0.0196793,0.166905,BackwardQParametric,raised
43.4004,421,0.0,0.0,0.0,0.0,0.0,0.0,0.0,0.0,0.0,0.0,-7.20703,-5.26969,0.0196793,0.166905,BackwardQParametric,raised
43.5005,422,0.0,0.0,0.0,0.0,0.0,0.0,0.0,0.0,0.0,0.0,-7.55859,-3.51329,0.0196793,0.166905,BackwardQParametric,raised
43.6005,423,0.0,0.0,0.0,0.0,0.0,0.0,0.0,0.0,0.0,0.0,-7.20703,3.51316,0.0196793,0.166905,BackwardQParametric,raised
43.7081,424,0.0,0.0,0.0,0.0,0.0,0.0,0.0,0.0,0.0,0.0,-6.50391,6.53752,0.0086997,0.136144,BackwardQParametric,lowered
43.8082,425,0.0,0.0,0.0,0.0,0.0,0.0,0.0,0.0,0.0,0.0,-5.27344,12.2955,0.0086997,0.136144,BackwardQParametric,lowered
43.9082,426,0.0,0.0,0.0,0.0,0.0,0.0,0.0,0.0,0.0,0.0,-4.21875,10.5393,0.0086997,0.136144,BackwardQParametric,lowered
44.0083,427,0.0,0.0,0.0,0.0,0.0,0.0,0.0,0.0,0.0,0.0,-2.8125,14.0524,0.0086997,0.136144,BackwardQParametric,lowered
44.1084,428,0.0,0.0,0.0,0.0,0.0,0.0,0.0,0.0,0.0,0.0,-0.703125,21.0786,0.0086997,0.136144,BackwardQParametric,lowered
44.2084,429,0.0,0.0,0.0,0.0,0.0,0.0,0.0,0.0,0.0,0.0,1.40625,21.0783,0.0086997,0.136144,BackwardQParametric,lowered
44.3085,430,0.0,0.0,0.0,0.0,0.0,0.0,0.0,0.0,0.0,0.0,3.33984,19.3225,0.0196793,0.166905,BackwardQParametric,raised
44.4086,431,0.0,0.0,0.0,0.0,0.0,0.0,0.0,0.0,0.0,0.0,5.27344,19.3227,0.0196793,0.166905,BackwardQParametric,raised
44.5087,432,0.0,0.0,0.0,0.0,0.0,0.0,0.0,0.0,0.0,0.0,7.03125,17.5647,0.0196793,0.166905,BackwardQParametric,raised
44.6087,433,0.0,0.0,0.0,0.0,0.0,0.0,0.0,0.0,0.0,0.0,8.4375,14.0522,0.0196793,0.166905,BackwardQParametric,raised
44.7088,434,0.0,0.0,0.0,0.0,0.0,0.0,0.0,0.0,0.0,0.0,9.31641,8.78294,0.0196793,0.166905,BackwardQParametric,raised
44.8089,435,0.0,0.0,0.0,0.0,0.0,0.0,0.0,0.0,0.0,0.0,9.31641,0.0,0.0196793,0.166905,BackwardQParametric,raised
44.9089,436,0.0,0.0,0.0,0.0,0.0,0.0,0.0,0.0,0.0,0.0,8.96484,-3.51307,0.0196793,0.166905,BackwardQParametric,raised
45.009,437,0.0,0.0,0.0,0.0,0.0,0.0,0.0,0.0,0.0,0.0,8.08594,-8.78189,0.0086997,0.136144,BackwardQParametric,lowered
45.1091,438,0.0,0.0,0.0,0.0,0.0,0.0,0.0,0.0,0.0,0.0,6.50391,-15.8092,0.0086997,0.136144,BackwardQParametric,lowered
45.2091,439,0.0,0.0,0.0,0.0,0.0,0.0,0.0,0.0,0.0,0.0,4.39453,-21.0888,0.0086997,0.136144,BackwardQParametric,lowered
45.3165,440,0.0,0.0,0.0,0.0,0.0,0.0,0.0,0.0,0.0,0.0,1.93359,-22.9105,0.0086997,0.136144,BackwardQParametric,lowered
45.4166,441,0.0,0.0,0.0,0.0,0.0,0.0,0.0,0.0,0.0,0.0,0.0,-19.322,0.0086997,0.136144,BackwardQParametric,lowered
45.5167,442,0.0,0.0,0.0,0.0,0.0,0.0,0.0,0.0,0.0,0.0,-1.93359,-19.3208,0.0086997,0.136144,BackwardQParametric,lowered
45.6168,443,0.0,0.0,0.0,0.0,0.0,0.0,0.0,0.0,0.0,0.0,-3.86719,-19.3225,0.0196793,0.166905,BackwardQParametric,raised
45.7168,444,0.0,0.0,0.0,0.0,0.0,0.0,0.0,0.0,0.0,0.0,-5.44922,-15.8092,0.0196793,0.166905,BackwardQParametric,raised
45.8169,445,0.0,0.0,0.0,0.0,0.0,0.0,0.0,0.0,0.0,0.0,-6.32812,-8.78287,0.0196793,0.166905,BackwardQParametric,raised
45.917,446,0.0,0.0,0.0,0.0,0.0,0.0,0.0,0.0,0.0,0.0,-7.03125,-7.02586,0.0196793,0.166905,BackwardQParametric,raised
46.017,447,0.0,0.0,0.0,0.0,0.0,0.0,0.0,0.0,0.0,0.0,-7.20703,-1.75662,0.0196793,0.166905,BackwardQParametric,raised
46.1171,448,0.0,0.0,0.0,0.0,0.0,0.0,0.0,0.0,0.0,0.0,-7.03125,1.75653,0.0196793,0.166905,BackwardQParametric,raised
46.2172,449,0.0,0.0,0.0,0.0,0.0,0.0,0.0,0.0,0.0,0.0,-6.50391,5.26985,0.0086997,0.136144,BackwardQParametric,lowered
46.3173,450,0.0,0.0,0.0,0.0,0.0,0.0,0.0,0.0,0.0,0.0,-5.80078,7.0262,0.0086997,0.136144,BackwardQParametric,lowered
46.4173,451,0.0,0.0,0.0,0.0,0.0,0.0,0.0,0.0,0.0,0.0,-4.92188,8.783,0.0086997,0.136144,BackwardQParametric,lowered
46.5174,452,0.0,0.0,0.0,0.0,0.0,0.0,0.0,0.0,0.0,0.0,-3.51562,14.0524,0.0086997,0.136144,BackwardQParametric,lowered
46.6175,453,0.0,0.0,0.0,0.0,0.0,0.0,0.0,0.0,0.0,0.0,-1.40625,21.0781,0.0086997,0.136144,BackwardQParametric,lowered
46.7175,454,0.0,0.0,0.0,0.0,0.0,0.0,0.0,0.0,0.0,0.0,0.351562,17.5665,0.0086997,0.136144,BackwardQParametric,lowered
46.8176,455,0.0,0.0,0.0,0.0,0.0,0.0,0.0,0.0,0.0,0.0,2.28516,19.3222,0.0196793,0.166905,BackwardQParametric,raised
46.9177,456,0.0,0.0,0.0,0.0,0.0,0.0,0.0,0.0,0.0,0.0,4.39453,21.0787,0.0196793,0.166905,BackwardQParametric,raised
47.0178,457,0.0,0.0,0.0,0.0,0.0,0.0,0.0,0.0,0.0,0.0,6.32812,19.322,0.0196793,0.166905,BackwardQParametric,raised
47.1178,458,0.0,0.0,0.0,0.0,0.0,0.0,0.0,0.0,0.0,0.0,7.91016,15.8086,0.0196793,0.166905,BackwardQParametric,raised
47.2179,459,0.0,0.0,0.0,0.0,0.0,0.0,0.0,0.0,0.0,0.0,8.96484,10.5393,0.0196793,0.166905,BackwardQParametric,raised
