2.19345e-05,0,-0.383203,-0.373623,-9.62798,-0.00585895,0.161388,0.0282295,0.0,0.0,0.0,0.0,11.6016,0.0,0.36666,-1.66622,seated
0.060102,1,-0.766406,-0.344883,-9.54176,-0.00878843,0.132625,0.021039,0.0,0.0,0.0,0.0,11.7773,2.92578,0.372128,-1.66509,seated
0.120174,2,-1.24541,-0.459844,-9.38848,-0.00639159,0.111054,0.0117179,0.0,0.0,0.0,0.0,11.6016,-2.92618,0.36666,-1.66622,seated
0.180224,3,-1.24541,-0.479004,-9.38848,0.00426106,-0.0253,-0.0503337,0.0,0.0,0.0,0.0,11.25,-5.8545,0.355714,-1.66843,seated
0.240298,4,-1.56155,-0.335303,-9.43638,0.00133158,-0.0953412,-0.0596548,0.0,0.0,0.0,0.0,10.5469,-11.7043,0.333783,-1.67265,seated
0.300374,5,-1.35079,-0.296982,-9.44596,-0.00213053,-0.143012,-0.0098537,0.0,0.0,0.0,0.0,9.84375,-11.7039,0.311801,-1.67661,seated
0.360448,6,-1.43701,-0.268242,-9.5705,-0.0199737,-0.229831,0.0599211,0.0,0.0,0.0,0.0,8.96484,-14.6304,0.284258,-1.68117,seated
0.420522,7,-1.38911,-0.296982,-9.6184,-0.0327569,-0.255397,0.097738,0.0,0.0,0.0,0.0,7.91016,-17.5564,0.251119,-1.68608,seated
0.480597,8,-1.50407,-0.325723,-9.69504,-0.0295611,-0.32677,0.0889496,0.0,0.0,0.0,0.0,6.67969,-20.4822,0.21235,-1.69105,seated
0.540671,9,-1.53281,-0.306563,-9.84832,-0.0255663,-0.356065,0.0431432,0.0,0.0,0.0,0.0,5.09766,-26.3348,0.162363,-1.6962,seated
0.600744,10,-1.45617,-0.287402,-9.77168,-0.0114516,-0.408795,-0.01012,0.0,0.0,0.0,0.0,3.51562,-26.3351,0.112254,-1.69998,seated
0.660815,11,-1.59029,-0.277822,-9.93454,-0.00479369,-0.430899,-0.0274306,0.0,0.0,0.0,0.0,1.93359,-26.336,0.0620589,-1.70236,seated
0.720888,12,-1.55197,-0.296982,-9.93454,-0.00905475,-0.440487,-0.00745685,0.0,0.0,0.0,0.0,0.351562,-26.3352,0.0118173,-1.70337,seated
0.78096,13,-1.53281,-0.316143,-9.97286,-0.0229032,-0.454602,0.0402137,0.0,0.0,0.0,0.0,-1.40625,-29.2618,-0.044015,-1.70285,seated
0.841033,14,-1.53281,-0.316143,-9.9537,-0.0300937,-0.437291,0.0713727,0.0,0.0,0.0,0.0,-2.98828,-26.3351,-0.0942297,-1.70093,seated
0.901107,15,-1.54239,-0.344883,-9.91538,-0.0274306,-0.43809,0.0782969,0.0,0.0,0.0,0.0,-4.39453,-23.4087,-0.138805,-1.69805,seated
0.961185,16,-1.59029,-0.383203,-9.88664,-0.0178432,-0.40267,0.0466053,0.0,0.0,0.0,0.0,-5.80078,-23.407,-0.183297,-1.69408,seated
1.02123,17,-1.52323,-0.421523,-9.80042,-0.0111853,-0.372843,0.00852212,0.0,0.0,0.0,0.0,-7.20703,-23.4203,-0.227678,-1.68902,seated
1.0813,18,-1.58071,-0.364043,-9.69504,-0.00506001,-0.329433,-0.00745685,0.0,0.0,0.0,0.0,-8.4375,-20.4836,-0.266399,-1.6837,seated
1.14137,19,-1.49449,-0.335303,-9.60882,-0.00719053,-0.27111,-0.015979,0.0,0.0,0.0,0.0,-9.31641,-14.6309,-0.293983,-1.67939,seated
1.20145,20,-1.51365,-0.335303,-9.5705,-0.0141148,-0.219178,0.0098537,0.0,0.0,0.0,0.0,-10.0195,-11.7043,-0.316001,-1.67564,seated
1.26152,21,-1.44659,-0.316143,-9.51302,-0.0106526,-0.145941,0.0367516,0.0,0.0,0.0,0.0,-10.5469,-8.77836,-0.332483,-1.67265,seated
1.32159,22,-1.48491,-0.335303,-9.50344,-0.0175769,-0.0886833,0.0548611,0.0,0.0,0.0,0.0,-10.8984,-5.85217,-0.343455,-1.67057,seated
1.38166,23,-1.49449,-0.296982,-9.4268,-0.0117179,-0.0111853,0.0548611,0.0,0.0,0.0,0.0,-10.8984,0.0,-0.343455,-1.67057,seated
1.44174,24,-1.43701,-0.316143,-9.45554,-0.0154463,0.0553938,0.0386158,0.0,0.0,0.0,0.0,-10.7227,2.92609,-0.33797,-1.67162,seated
1.50181,25,-1.47533,-0.335303,-9.4747,-0.00719053,0.123837,0.0098537,0.0,0.0,0.0,0.0,-10.3711,5.85233,-0.326992,-1.67367,seated
1.56188,26,-1.49449,-0.287402,-9.49386,0.000532632,0.193079,0.0015979,0.0,0.0,0.0,0.0,-9.66797,11.7047,-0.304998,-1.67755,seated
1.62196,27,-1.53281,-0.335303,-9.58008,0.00239685,0.251935,0.00532632,0.0,0.0,0.0,0.0,-8.78906,14.6304,-0.277441,-1.68203,seated
1.68203,28,-1.53281,-0.316143,-9.62798,-0.00239685,0.320645,0.0263653,0.0,0.0,0.0,0.0,-7.73438,17.557,-0.244287,-1.68684,seated
1.74211,29,-1.55197,-0.344883,-9.6663,-0.00213053,0.368582,0.0452737,0.0,0.0,0.0,0.0,-6.50391,20.4806,-0.205503,-1.69169,seated
1.80218,30,-1.58071,-0.344883,-9.7621,-0.00532632,0.419714,0.0484695,0.0,0.0,0.0,0.0,-5.09766,23.4093,-0.161063,-1.6962,seated
1.86222,31,-1.57113,-0.402363,-9.84832,-0.00426106,0.452205,0.0423443,0.0,0.0,0.0,0.0,-3.69141,23.4219,-0.116526,-1.69962,seated
1.92229,32,-1.59029,-0.354463,-9.92496,0.0,0.483097,0.0215716,0.0,0.0,0.0,0.0,-2.10938,26.3374,-0.0663391,-1.70217,seated
1.98236,33,-1.57113,-0.383203,-9.92496,0.00319579,0.502006,0.00506001,0.0,0.0,0.0,0.0,-0.527344,26.336,-0.0161008,-1.70332,seated
2.04243,34,-1.59029,-0.354463,-9.93454,0.00692422,0.511593,0.0015979,0.0,0.0,0.0,0.0,1.23047,29.2627,0.0397328,-1.70298,seated
2.1025,35,-1.59029,-0.383203,-9.96328,0.00372843,0.513724,0.0157127,0.0,0.0,0.0,0.0,2.63672,23.4091,0.0843758,-1.70147,seated
2.16258,36,-1.54239,-0.335303,-9.93454,0.00346211,0.505734,0.0388822,0.0,0.0,0.0,0.0,4.39453,29.2607,0.140105,-1.69805,seated
2.22265,37,-1.55197,-0.325723,-9.84832,-0.000266316,0.490022,0.0428769,0.0,0.0,0.0,0.0,5.80078,23.4086,0.184597,-1.69408,seated
2.28273,38,-1.53281,-0.344883,-9.84832,0.00266316,0.455933,0.0335558,0.0,0.0,0.0,0.0,7.20703,23.4083,0.228978,-1.68902,seated
2.3428,39,-1.53281,-0.335303,-9.7142,-0.000266316,0.416518,0.0250337,0.0,0.0,0.0,0.0,8.26172,17.555,0.262175,-1.68451,seated
2.40288,40,-1.46575,-0.316143,-9.64714,0.00213053,0.365119,0.00958738,0.0,0.0,0.0,0.0,9.31641,17.5574,0.295283,-1.67939,seated
2.46295,41,-1.48491,-0.306563,-9.5226,0.00319579,0.310525,0.0066579,0.0,0.0,0.0,0.0,10.1953,14.6311,0.322798,-1.67466,seated
2.52302,42,-1.47533,-0.277822,-9.46512,-0.000266316,0.24794,0.0199737,0.0,0.0,0.0,0.0,10.7227,8.77854,0.33927,-1.67162,seated
2.58309,43,-1.45617,-0.325723,-9.46512,-0.000532632,0.175236,0.0402137,0.0,0.0,0.0,0.0,11.25,8.7785,0.355714,-1.66843,seated
2.64316,44,-1.39869,-0.354463,-9.36932,-0.00852212,0.112385,0.0428769,0.0,0.0,0.0,0.0,11.4258,2.92613,0.361189,-1.66733,seated
2.70322,45,-1.42743,-0.373623,-9.36932,-0.01518,0.04048,0.0308927,0.0,0.0,0.0,0.0,11.25,-2.92681,0.355714,-1.66843,seated
2.76329,46,-1.42743,-0.354463,-9.35974,-0.00932106,-0.0231695,0.0213053,0.0,0.0,0.0,0.0,10.8984,-5.85245,0.344755,-1.67057,seated
2.82336,47,-1.42743,-0.364043,-9.39806,-0.01012,-0.0921454,0.0149137,0.0,0.0,0.0,0.0,10.3711,-8.77868,0.328292,-1.67367,seated
2.88343,48,-1.46575,-0.364043,-9.4747,-0.0141148,-0.163784,0.0223706,0.0,0.0,0.0,0.0,9.66797,-11.7053,0.306298,-1.67755,seated
2.94351,49,-1.42743,-0.354463,-9.54176,-0.0167779,-0.222907,0.0391485,0.0,0.0,0.0,0.0,8.61328,-17.5564,0.273221,-1.68287,seated
3.00358,50,-1.44659,-0.325723,-9.60882,-0.0183758,-0.277768,0.0396811,0.0,0.0,0.0,0.0,7.55859,-17.5574,0.240053,-1.68759,seated
3.06365,51,-1.51365,-0.344883,-9.70462,-0.0205063,-0.327835,0.0391485,0.0,0.0,0.0,0.0,6.15234,-23.4094,0.195704,-1.69292,seated
3.12372,52,-1.49449,-0.325723,-9.77168,-0.0194411,-0.366185,0.0266316,0.0,0.0,0.0,0.0,4.74609,-23.4086,0.151237,-1.69716,seated
3.1838,53,-1.52323,-0.325723,-9.89622,-0.0213053,-0.398143,0.0197074,0.0,0.0,0.0,0.0,3.33984,-23.4086,0.10668,-1.70031,seated
3.24387,54,-1.51365,-0.306563,-9.89622,-0.015979,-0.423709,0.0146474,0.0,0.0,0.0,0.0,1.58203,-29.2609,0.0508968,-1.70271,seated
3.30395,55,-1.51365,-0.306563,-9.93454,-0.021039,-0.435693,0.0298274,0.0,0.0,0.0,0.0,0.0,-26.3338,0.00065,-1.7034,seated
3.36403,56,-1.57113,-0.306563,-9.94412,-0.0197074,-0.439422,0.04048,0.0,0.0,0.0,0.0,-1.58203,-26.3299,-0.0495968,-1.70271,seated
3.42412,57,-1.55197,-0.335303,-9.92496,-0.0175769,-0.432764,0.0364853,0.0,0.0,0.0,0.0,-3.16406,-26.3272,-0.0998053,-1.70063,seated
3.4842,58,-1.55197,-0.344883,-9.88664,-0.0189084,-0.415453,0.0340885,0.0,0.0,0.0,0.0,-4.57031,-23.4091,-0.144372,-1.69761,seated
3.54427,59,-1.52323,-0.335303,-9.84832,-0.0138484,-0.401605,0.0223706,0.0,0.0,0.0,0.0,-5.97656,-23.4082,-0.188851,-1.69351,seated
3.60434,60,-1.53281,-0.325723,-9.7621,-0.0117179,-0.367516,0.0194411,0.0,0.0,0.0,0.0,-7.38281,-23.4109,-0.233217,-1.68831,seated
3.66442,61,-1.51365,-0.383203,-9.7142,-0.010919,-0.321177,0.0194411,0.0,0.0,0.0,0.0,-8.4375,-17.5562,-0.266399,-1.6837,seated
3.72449,62,-1.52323,-0.364043,-9.65672,-0.0181095,-0.254332,0.0221042,0.0,0.0,0.0,0.0,-9.31641,-14.6304,-0.293983,-1.67939,seated
3.78456,63,-1.51365,-0.344883,-9.5705,-0.0149137,-0.193878,0.0295611,0.0,0.0,0.0,0.0,-10.0195,-11.7045,-0.316001,-1.67564,seated
3.84464,64,-1.47533,-0.344883,-9.4747,-0.0138484,-0.129163,0.0292948,0.0,0.0,0.0,0.0,-10.3711,-5.85215,-0.326992,-1.67367,seated
3.90471,65,-1.45617,-0.373623,-9.4747,-0.0098537,-0.0857538,0.0327569,0.0,0.0,0.0,0.0,-10.7227,-5.85215,-0.33797,-1.67162,seated
3.96479,66,-1.45617,-0.373623,-9.44596,-0.01012,-0.0178432,0.0271642,0.0,0.0,0.0,0.0,-10.7227,0.0,-0.33797,-1.67162,seated
4.08279,67,-1.45617,-0.306563,-9.49386,-0.0066579,0.120109,0.0253,0.0,0.0,0.0,0.0,-10.0195,5.95884,-0.316001,-1.67564,seated
4.14286,68,-1.50407,-0.325723,-9.54176,-0.00585895,0.185889,0.0274306,0.0,0.0,0.0,0.0,-9.31641,11.7049,-0.293983,-1.67939,seated
4.20293,69,-1.52323,-0.316143,-9.5705,-0.000532632,0.251669,0.0231695,0.0,0.0,0.0,0.0,-8.4375,14.6301,-0.266399,-1.6837,seated
4.263,70,-1.52323,-0.316143,-9.62798,-0.00719053,0.327036,0.0335558,0.0,0.0,0.0,0.0,-7.38281,17.5574,-0.233217,-1.68831,seated
4.32307,71,-1.57113,-0.325723,-9.69504,-0.00639159,0.365652,0.0319579,0.0,0.0,0.0,0.0,-6.15234,20.4833,-0.194404,-1.69292,seated
4.38315,72,-1.57113,-0.344883,-9.77168,-0.00426106,0.410127,0.0298274,0.0,0.0,0.0,0.0,-4.92188,20.4832,-0.155501,-1.69669,seated
4.44322,73,-1.57113,-0.344883,-9.84832,-0.00213053,0.446612,0.0218379,0.0,0.0,0.0,0.0,-3.33984,26.3345,-0.10538,-1.70031,seated
4.50329,74,-1.57113,-0.325723,-9.89622,0.000798948,0.475108,0.01518,0.0,0.0,0.0,0.0,-1.75781,26.3356,-0.0551781,-1.70254,seated
4.56337,75,-1.57113,-0.325723,-9.94412,0.00239685,0.49375,0.0221042,0.0,0.0,0.0,0.0,-0.175781,26.3356,-0.00493368,-1.70339,seated
4.62343,76,-1.58071,-0.325723,-9.93454,0.00585895,0.506533,0.0218379,0.0,0.0,0.0,0.0,1.40625,26.3378,0.045315,-1.70285,seated
4.68352,77,-1.56155,-0.325723,-9.94412,0.00452737,0.506001,0.021039,0.0,0.0,0.0,0.0,2.98828,26.3295,0.0955297,-1.70093,seated
4.74359,78,-1.55197,-0.335303,-9.87706,-0.00213053,0.496413,0.0274306,0.0,0.0,0.0,0.0,4.57031,26.3351,0.145672,-1.69761,seated
4.80367,79,-1.55197,-0.325723,-9.84832,0.00106526,0.482565,0.0258327,0.0,0.0,0.0,0.0,5.97656,23.4084,0.190151,-1.69351,seated
4.86374,80,-1.52323,-0.325723,-9.74294,0.00133158,0.447677,0.0250337,0.0,0.0,0.0,0.0,7.20703,20.4829,0.228978,-1.68902,seated
4.92381,81,-1.53281,-0.354463,-9.69504,0.00133158,0.411192,0.0199737,0.0,0.0,0.0,0.0,8.26172,17.5574,0.262175,-1.68451,seated
4.98388,82,-1.49449,-0.335303,-9.58966,-0.000798948,0.359793,0.0194411,0.0,0.0,0.0,0.0,9.31641,17.5565,0.295283,-1.67939,seated
5.04396,83,-1.43701,-0.325723,-9.54176,0.000266316,0.308128,0.0189084,0.0,0.0,0.0,0.0,10.1953,14.6306,0.322798,-1.67466,seated
5.10403,84,-1.43701,-0.296982,-9.4747,-0.00532632,0.249006,0.0221042,0.0,0.0,0.0,0.0,10.7227,8.77822,0.33927,-1.67162,seated
5.1641,85,-1.43701,-0.335303,-9.4268,-0.00585895,0.183492,0.0338221,0.0,0.0,0.0,0.0,11.0742,5.85231,0.350236,-1.66951,seated
5.22418,86,-1.42743,-0.316143,-9.38848,-0.00506001,0.117712,0.0276969,0.0,0.0,0.0,0.0,11.0742,0.0,0.350236,-1.66951,seated
5.3385,87,-1.42743,-0.364043,-9.48428,-0.01012,-0.0223706,0.0255663,0.0,0.0,0.0,0.0,10.7227,-3.07525,0.35692,-1.63882,extended
5.39857,88,1.47533,-0.402363,-9.27352,-0.071639,-0.0583232,0.14674,0.0,0.0,0.0,0.0,10.1953,-8.77899,0.340448,-1.64186,extended
5.45864,89,-0.517324,-0.373623,-8.25803,0.0266316,-1.08044,0.0263653,0.0,0.0,0.0,0.0,9.66797,-8.77857,0.323948,-1.64475,extended
5.51871,90,-2.32796,0.392783,-7.82692,0.072438,-2.81789,0.174171,0.0,0.0,0.0,0.0,8.78906,-14.6307,0.296391,-1.64923,extended
5.57878,91,-3.22849,-0.469424,-7.08926,-0.0532632,-3.43281,0.0527306,0.0,0.0,0.0,0.0,7.73438,-17.5571,0.263237,-1.65404,extended
5.63886,92,-9.77168,0.929268,-7.6449,-0.01518,-2.46689,-0.00266316,0.0,0.0,0.0,0.0,6.50391,-20.4829,0.224453,-1.65889,extended
5.69893,93,-10.5285,0.766406,-7.15632,0.116913,-0.636762,0.01012,0.0,0.0,0.0,0.0,4.74609,-29.2618,0.168887,-1.66436,extended
5.759,94,-8.28677,0.182021,-8.25803,0.116114,0.0287621,-0.0806938,0.0,0.0,0.0,0.0,2.8125,-32.1885,0.107603,-1.66841,extended
5.81907,95,-3.04646,-0.134121,-8.51669,-0.0375506,0.699612,-0.230097,0.0,0.0,0.0,0.0,1.23047,-26.3342,0.0573828,-1.67018,extended
5.87915,96,-3.71707,0.00958008,-6.84018,-0.00798948,-0.647681,0.0689759,0.0,0.0,0.0,0.0,0.0,-20.4828,0.0183,-1.6706,extended
5.93924,97,-6.59109,-0.287402,-8.64123,-0.105461,-1.1931,0.121174,0.0,0.0,0.0,0.0,-1.58203,-26.3251,-0.0319468,-1.66991,extended
5.99933,98,-7.87482,0.354463,-8.28677,-0.0708401,-0.387224,0.121174,0.0,0.0,0.0,0.0,-3.16406,-26.3287,-0.0821553,-1.66783,extended
6.05941,99,-5.99713,0.172441,-7.4054,-0.112385,-0.246875,0.0175769,0.0,0.0,0.0,0.0,-4.74609,-26.3348,-0.132287,-1.66436,extended
6.11948,100,-5.42232,-0.172441,-7.61616,-0.0138484,-0.219711,0.102265,0.0,0.0,0.0,0.0,-5.97656,-20.4832,-0.171201,-1.66071,extended
6.17956,101,-5.69057,-0.0958008,-7.63532,-0.0402137,-0.545149,0.01518,0.0,0.0,0.0,0.0,-7.38281,-23.4068,-0.215567,-1.65551,extended
6.23963,102,-6.64857,-0.306563,-7.98021,0.0284958,-0.243413,0.0106526,0.0,0.0,0.0,0.0,-8.4375,-17.5574,-0.248749,-1.6509,extended
6.2997,103,-5.4319,-0.143701,-7.43414,0.0106526,-0.204531,-0.0466053,0.0,0.0,0.0,0.0,-9.31641,-14.6311,-0.276333,-1.64659,extended
6.35977,104,-5.93965,-0.201182,-7.70238,0.0300937,-0.210656,-0.0181095,0.0,0.0,0.0,0.0,-10.0195,-11.7051,-0.298351,-1.64284,extended
6.47529,105,-5.87259,-0.0862207,-7.48204,0.00346211,-0.0173105,0.0,0.0,0.0,0.0,0.0,-10.7227,-6.08639,-0.33797,-1.67162,seated
6.53536,106,-5.52771,-0.325723,-6.17915,0.0386158,-0.109456,-0.0359527,0.0,0.0,0.0,0.0,-10.5469,2.92639,-0.332483,-1.67265,seated
6.59543,107,-9.41722,0.287402,-6.95514,-0.0239685,0.721717,-0.0854875,0.0,0.0,0.0,0.0,-10.7227,-2.92632,-0.33797,-1.67162,seated
6.6555,108,-8.09517,0.210762,-8.34425,0.0575243,1.80376,0.0492685,0.0,0.0,0.0,0.0,-10.7227,0.0,-0.33797,-1.67162,seated
6.71558,109,-5.97797,1.01549,-8.29635,-0.264718,2.60644,-0.127832,0.0,0.0,0.0,0.0,-10.1953,8.77843,-0.321498,-1.67466,seated
6.77563,110,-3.19975,-1.76273,-6.55277,-0.0846885,4.13056,0.0655138,0.0,0.0,0.0,0.0,-8.96484,20.4894,-0.282958,-1.68117,seated
6.8357,111,4.06195,-0.919688,-8.78493,0.154197,1.19949,0.302535,0.0,0.0,0.0,0.0,-7.73438,20.4842,-0.244287,-1.68684,seated
6.89577,112,-0.134121,-0.536484,-10.7393,-0.0423443,-0.568585,0.246875,0.0,0.0,0.0,0.0,-5.97656,29.2609,-0.188851,-1.69351,seated
6.95585,113,-4.19607,-0.546064,-9.49386,0.0,0.287089,0.114782,0.0,0.0,0.0,0.0,-4.74609,20.4828,-0.149937,-1.69716,seated
7.01592,114,-2.47166,-0.603545,-9.58966,0.00585895,0.668453,-0.0860201,0.0,0.0,0.0,0.0,-3.51562,20.4825,-0.110954,-1.69998,seated
7.076,115,-0.958008,-0.191602,-10.768,0.04048,0.693487,-0.230097,0.0,0.0,0.0,0.0,-2.10938,23.4078,-0.0663391,-1.70217,seated
7.13607,116,-1.09213,0.0574805,-9.46512,0.0495348,0.435959,-0.0929443,0.0,0.0,0.0,0.0,-0.351562,29.2607,-0.0105173,-1.70337,seated
7.19614,117,-1.84896,-0.249082,-10.2986,0.0191748,0.419182,0.0119842,0.0,0.0,0.0,0.0,1.58203,32.1881,0.0508968,-1.70271,seated
7.25624,118,-1.20709,-0.172441,-9.84832,-0.0015979,0.614658,0.0761664,0.0,0.0,0.0,0.0,3.16406,26.3256,0.101105,-1.70063,seated
7.31631,119,-1.54239,-0.364043,-9.97286,-0.0178432,0.486826,0.139816,0.0,0.0,0.0,0.0,4.57031,23.4091,0.145672,-1.69761,seated
7.37638,120,-1.78189,-0.402363,-9.70462,-0.0135821,0.499609,0.136354,0.0,0.0,0.0,0.0,5.97656,23.4086,0.190151,-1.69351,seated
7.43646,121,-1.34121,-0.517324,-9.84832,-0.0189084,0.471646,0.0548611,0.0,0.0,0.0,0.0,7.38281,23.4086,0.234517,-1.68831,seated
7.49653,122,-1.46575,-0.392783,-9.74294,0.0141148,0.393882,-0.0189084,0.0,0.0,0.0,0.0,8.4375,17.5569,0.267699,-1.6837,seated
7.5566,123,-1.58071,-0.354463,-9.59924,0.015979,0.378968,-0.0700411,0.0,0.0,0.0,0.0,9.49219,17.5565,0.300792,-1.67848,seated
7.61668,124,-1.43701,-0.354463,-9.55134,0.0194411,0.287355,-0.0402137,0.0,0.0,0.0,0.0,10.1953,11.7047,0.322798,-1.67466,seated
7.67675,125,-1.47533,-0.306563,-9.41722,0.00319579,0.246076,0.0215716,0.0,0.0,0.0,0.0,10.7227,8.7785,0.33927,-1.67162,seated
7.80103,126,-1.49449,-0.277822,-9.88664,-0.026099,0.0916127,0.0982706,0.0,0.0,0.0,0.0,11.4258,5.65774,0.378839,-1.63453,extended
7.8611,127,2.24174,-1.07297,-10.1932,-0.0346211,0.0599211,0.227967,0.0,0.0,0.0,0.0,11.4258,0.0,0.378839,-1.63453,extended
7.92118,128,0.622705,0.143701,-9.48428,0.0801611,-1.26953,0.0524643,0.0,0.0,0.0,0.0,11.0742,-5.85171,0.367886,-1.63671,extended
7.98122,129,-2.17468,0.162861,-7.90356,0.072438,-2.82535,0.113983,0.0,0.0,0.0,0.0,10.5469,-8.78248,0.351433,-1.63985,extended
8.04129,130,-4.07153,-0.555645,-6.7348,-0.0255663,-3.37929,0.0,0.0,0.0,0.0,0.0,9.84375,-11.7049,0.329451,-1.64381,extended
8.10137,131,-9.16813,-0.517324,-7.63532,0.0146474,-1.89803,-0.0620517,0.0,0.0,0.0,0.0,8.78906,-17.5571,0.296391,-1.64923,extended
8.16144,132,-9.30226,0.488584,-6.98388,0.0431432,-0.61306,-0.12437,0.0,0.0,0.0,0.0,7.38281,-23.4091,0.252167,-1.65551,extended
8.22151,133,-9.331,-0.0958008,-7.9323,0.148604,0.208259,-0.077498,0.0,0.0,0.0,0.0,5.80078,-26.3352,0.202247,-1.66128,extended
8.28159,134,-4.03321,0.728086,-8.56459,0.0988033,0.618652,-0.110788,0.0,0.0,0.0,0.0,4.21875,-26.3347,0.152188,-1.66567,extended
8.34166,135,-3.26681,-0.0287402,-6.37075,-0.0535295,-0.743555,0.0364853,0.0,0.0,0.0,0.0,2.8125,-23.4085,0.107603,-1.66841,extended
8.40174,136,-6.16957,-0.354463,-8.51669,-0.0905475,-1.04449,0.140615,0.0,0.0,0.0,0.0,1.40625,-23.4077,0.062965,-1.67005,extended
8.46181,137,-7.04136,0.0958008,-7.89398,-0.0932106,-0.404534,0.111586,0.0,0.0,0.0,0.0,-0.175781,-26.3353,0.0127163,-1.67059,extended
8.52189,138,-6.45697,-0.0862207,-8.21013,-0.110521,-0.261522,0.0322242,0.0,0.0,0.0,0.0,-1.75781,-26.3304,-0.0375281,-1.66974,extended
8.58197,139,-4.72298,-0.105381,-7.15632,-0.0178432,-0.404268,0.067378,0.0,0.0,0.0,0.0,-3.69141,-32.1867,-0.0988764,-1.66682,extended
8.64204,140,-6.70606,-0.201182,-8.07601,-0.0298274,-0.645817,0.0173105,0.0,0.0,0.0,0.0,-4.92188,-20.4834,-0.137851,-1.66389,extended
8.70211,141,-6.74438,-0.114961,-7.75028,0.0178432,-0.301204,-0.00266316,0.0,0.0,0.0,0.0,-6.32812,-23.4092,-0.182304,-1.65951,extended
8.76219,142,-5.69057,-0.229922,-7.80776,0.026099,-0.365652,-0.0447411,0.0,0.0,0.0,0.0,-8.08594,-29.2605,-0.237698,-1.65251,extended
8.82222,143,-5.94923,-0.0862207,-7.63532,0.0364853,-0.317449,-0.0229032,0.0,0.0,0.0,0.0,-8.78906,-11.7114,-0.259791,-1.64923,extended
8.88229,144,-6.12167,-0.124541,-7.67364,0.00692422,-0.260457,-0.0213053,0.0,0.0,0.0,0.0,-9.84375,-17.5573,-0.292851,-1.64381,extended
9.03105,145,-5.84385,-0.344883,-7.48204,-0.02024,-0.0396811,0.0135821,0.0,0.0,0.0,0.0,-10.8984,-7.09004,-0.343455,-1.67057,seated
9.09112,146,-6.27495,-0.143701,-6.8306,0.0015979,0.00798948,0.00213053,0.0,0.0,0.0,0.0,-10.8984,0.0,-0.343455,-1.67057,seated
9.1512,147,-8.73703,0.450264,-7.33834,-0.0135821,0.828243,-0.00932106,0.0,0.0,0.0,0.0,-11.0742,-2.92588,-0.348936,-1.66951,seated
9.21127,148,-7.72154,0.201182,-8.78493,0.0593885,1.96355,-0.0322242,0.0,0.0,0.0,0.0,-11.0742,0.0,-0.348936,-1.66951,seated
9.27134,149,-4.77088,-0.843047,-8.05685,-0.316384,2.92602,-0.138484,0.0,0.0,0.0,0.0,-10.5469,8.77934,-0.332483,-1.67265,seated
9.33142,150,1.49449,-0.584385,-10.1836,0.279366,3.85892,0.0308927,0.0,0.0,0.0,0.0,-9.49219,17.554,-0.299492,-1.67848,seated
9.39149,151,3.19975,-0.0958008,-6.84976,-0.128364,0.311057,0.213586,0.0,0.0,0.0,0.0,-8.08594,23.4083,-0.255348,-1.68531,seated
9.45157,152,-2.89318,-0.689766,-10.9309,0.0221042,-0.503337,0.316117,0.0,0.0,0.0,0.0,-6.67969,23.4082,-0.21105,-1.69105,seated
9.51164,153,-2.8836,-0.383203,-9.24478,-0.00585895,0.475374,0.0769654,0.0,0.0,0.0,0.0,-5.44922,20.4828,-0.172184,-1.69517,seated
9.57171,154,-1.72441,-0.708926,-9.58966,-0.00266316,0.615723,-0.087618,0.0,0.0,0.0,0.0,-4.04297,23.4089,-0.127668,-1.69887,seated
9.63178,155,-0.958008,-0.603545,-9.9058,0.00905475,0.706537,-0.160855,0.0,0.0,0.0,0.0,-2.8125,20.4837,-0.0886532,-1.70121,seated
9.69186,156,-1.59029,-0.373623,-10.0782,-0.0178432,0.41279,-0.0980043,0.0,0.0,0.0,0.0,-1.05469,29.26,-0.0328502,-1.70309,seated
9.75193,157,-2.12678,-0.191602,-9.84832,0.0428769,0.51905,0.0114516,0.0,0.0,0.0,0.0,0.527344,26.3353,0.0174008,-1.70332,seated
9.81202,158,-1.20709,-0.134121,-9.5705,-0.0274306,0.581901,0.0878843,0.0,0.0,0.0,0.0,2.46094,32.1789,0.0787976,-1.70172,seated
9.8721,159,-1.53281,-0.383203,-10.0591,-0.00958738,0.503337,0.120109,0.0,0.0,0.0,0.0,4.04297,26.3349,0.128968,-1.69887,seated
9.93213,160,-1.78189,-0.364043,-9.84832,-0.0284958,0.517452,0.0756338,0.0,0.0,0.0,0.0,6.32812,38.0645,0.201254,-1.69231,seated
9.9922,161,-1.52323,-0.440684,-9.9537,-0.0117179,0.477505,0.0583232,0.0,0.0,0.0,0.0,7.03125,11.7049,0.223437,-1.68971,seated
10.0523,162,-1.56155,-0.373623,-9.5226,0.0157127,0.430101,-0.00292948,0.0,0.0,0.0,0.0,8.26172,20.4839,0.262175,-1.68451,seated
10.1123,163,-1.48491,-0.411943,-9.94412,0.00559264,0.400539,-0.0479369,0.0,0.0,0.0,0.0,9.14062,14.6314,0.289772,-1.68029,seated
10.1724,164,-1.41785,-0.210762,-9.26394,0.0221042,0.321444,-0.0234358,0.0,0.0,0.0,0.0,10.1953,17.5559,0.322798,-1.67466,seated
10.2325,165,-1.57113,-0.354463,-9.7142,-0.00372843,0.284159,0.0154463,0.0,0.0,0.0,0.0,10.8984,11.7047,0.344755,-1.67057,seated
10.2926,166,-1.42743,-0.287402,-9.25436,-0.00585895,0.210656,0.0719054,0.0,0.0,0.0,0.0,11.25,5.85222,0.355714,-1.66843,seated
10.406,167,-1.21667,-0.258662,-9.26394,-0.00585895,0.0721717,0.0631169,0.0,0.0,0.0,0.0,11.6016,3.09849,0.38431,-1.63342,extended
10.4661,168,0.756826,-0.498164,-10.2315,-0.0245011,-0.102798,0.134756,0.0,0.0,0.0,0.0,11.25,-5.85245,0.373364,-1.63563,extended
10.5262,169,0.392783,-0.306563,-8.86157,0.0567253,-1.37392,-0.00239685,0.0,0.0,0.0,0.0,11.0742,-2.92613,0.367886,-1.63671,extended
10.5862,170,0.143701,-0.220342,-6.90724,0.0370179,-2.85384,0.12144,0.0,0.0,0.0,0.0,10.3711,-11.7092,0.345942,-1.64087,extended
10.6463,171,-4.56012,-0.172441,-7.13716,-0.000532632,-3.3428,0.0447411,0.0,0.0,0.0,0.0,9.66797,-11.7047,0.323948,-1.64475,extended
10.7064,172,-12.1571,0.661025,-7.63532,-0.00639159,-2.0778,-0.051399,0.0,0.0,0.0,0.0,8.4375,-20.4836,0.285349,-1.6509,extended
10.7664,173,-10.9117,-0.584385,-5.87259,0.0782969,-0.388289,0.0695085,0.0,0.0,0.0,0.0,7.03125,-23.4105,0.241087,-1.65691,extended
10.8265,174,-6.65815,0.622705,-8.01853,0.135821,0.251935,-0.147273,0.0,0.0,0.0,0.0,5.27344,-29.2612,0.185574,-1.6629,extended
10.8866,175,-5.61393,0.0,-7.82692,-0.104396,0.514256,-0.0982706,0.0,0.0,0.0,0.0,3.51562,-29.2588,0.129904,-1.66717,extended
10.9467,176,-3.96615,-0.124541,-7.13716,-0.0266316,-0.749946,0.0535295,0.0,0.0,0.0,0.0,2.10938,-23.4084,0.0852891,-1.66937,extended
11.0067,177,-7.87482,-0.498164,-8.66039,-0.0969391,-1.10015,0.133158,0.0,0.0,0.0,0.0,0.703125,-23.4083,0.0406342,-1.67046,extended
11.0668,178,-6.42823,-0.229922,-7.58742,-0.0687096,-0.360858,0.101999,0.0,0.0,0.0,0.0,-1.05469,-29.2604,-0.0152002,-1.67029,extended
11.1269,179,-6.47613,-0.469424,-8.53585,-0.092678,-0.310525,0.00905475,0.0,0.0,0.0,0.0,-2.63672,-26.3281,-0.0654258,-1.66867,extended
11.187,180,-5.36484,-0.220342,-7.14674,-0.00585895,-0.289752,0.0902812,0.0,0.0,0.0,0.0,-4.21875,-26.3342,-0.115588,-1.66567,extended
11.247,181,-6.09293,-0.249082,-8.24845,-0.0375506,-0.632767,-0.00346211,0.0,0.0,0.0,0.0,-5.625,-23.4093,-0.160091,-1.66184,extended
11.3071,182,-6.55277,-0.143701,-7.94188,0.026099,-0.283893,0.000798948,0.0,0.0,0.0,0.0,-7.20703,-26.3359,-0.210028,-1.65622,extended
11.3672,183,-5.55645,-0.134121,-7.56826,0.015979,-0.326504,-0.0516653,0.0,0.0,0.0,0.0,-8.4375,-20.4828,-0.248749,-1.6509,extended
11.4272,184,-6.09293,-0.191602,-7.73112,0.0255663,-0.301204,0.0,0.0,0.0,0.0,0.0,-9.49219,-17.5669,-0.281842,-1.64568,extended
11.4873,185,-5.95881,-0.153281,-7.51078,0.00532632,-0.20746,-0.0066579,0.0,0.0,0.0,0.0,-10.1953,-11.7051,-0.303848,-1.64186,extended
11.6022,186,-5.67141,-0.0287402,-7.32876,-0.0183758,-0.116646,0.0596548,0.0,0.0,0.0,0.0,-11.0742,-7.65213,-0.348936,-1.66951,seated
11.6622,187,-6.45697,-0.229922,-7.00304,0.0130495,-0.132359,0.0237021,0.0,0.0,0.0,0.0,-11.0742,0.0,-0.348936,-1.66951,seated
11.7223,188,-9.25436,0.268242,-6.65815,-0.00292948,0.45833,-0.0367516,0.0,0.0,0.0,0.0,-11.25,-2.92626,-0.354414,-1.66843,seated
11.7824,189,-7.44372,-0.402363,-7.44372,0.0388822,1.78964,0.0205063,0.0,0.0,0.0,0.0,-11.25,0.0,-0.354414,-1.66843,seated
11.8424,190,-4.22481,-0.661025,-6.79228,-0.263653,2.59632,-0.142479,0.0,0.0,0.0,0.0,-10.7227,8.77777,-0.33797,-1.67162,seated
11.9025,191,0.0,-1.08255,-6.99346,0.0998685,3.92017,0.0873517,0.0,0.0,0.0,0.0,-9.49219,20.4841,-0.299492,-1.67848,seated
11.9626,192,3.46799,0.546064,-8.77535,0.0426106,1.51055,0.270577,0.0,0.0,0.0,0.0,-8.4375,17.5557,-0.266399,-1.6837,seated
12.0227,193,-1.36995,-0.785566,-10.8926,-0.036219,-0.583232,0.226102,0.0,0.0,0.0,0.0,-6.85547,26.3352,-0.216595,-1.69039,seated
12.0827,194,-3.82245,-0.689766,-9.63756,0.00772317,0.176035,0.0253,0.0,0.0,0.0,0.0,-5.625,20.4815,-0.177741,-1.69464,seated
12.1428,195,-2.213,-0.517324,-10.1932,-0.015979,0.616788,-0.052198,0.0,0.0,0.0,0.0,-4.39453,20.4808,-0.138805,-1.69805,seated
12.2029,196,-1.60945,-0.373623,-10.6147,0.0183758,0.701477,-0.197873,0.0,0.0,0.0,0.0,-2.98828,23.4088,-0.0942297,-1.70093,seated
12.263,197,-1.39869,-0.134121,-9.27352,0.0426106,0.495082,-0.066579,0.0,0.0,0.0,0.0,-1.23047,29.261,-0.0384328,-1.70298,seated
12.323,198,-1.94476,-0.373623,-10.5093,0.00905475,0.420247,0.0098537,0.0,0.0,0.0,0.0,0.527344,29.2618,0.0174008,-1.70332,seated
12.3831,199,-1.45617,-0.143701,-9.69504,0.00559264,0.64848,0.0753675,0.0,0.0,0.0,0.0,2.28516,29.2496,0.0732187,-1.70195,seated
12.4432,200,-1.59029,-0.354463,-10.0878,-0.0231695,0.524643,0.112385,0.0,0.0,0.0,0.0,4.04297,29.2602,0.128968,-1.69887,seated
12.5033,201,-1.82021,-0.325723,-9.65672,-0.0015979,0.522779,0.12144,0.0,0.0,0.0,0.0,5.625,26.3384,0.179041,-1.69464,seated
12.5633,202,-1.52323,-0.459844,-10.0112,-0.0175769,0.511593,0.0500674,0.0,0.0,0.0,0.0,7.03125,23.4097,0.223437,-1.68971,seated
12.6234,203,-1.53281,-0.296982,-9.58008,0.02024,0.436758,-0.0250337,0.0,0.0,0.0,0.0,8.4375,23.4054,0.267699,-1.6837,seated
12.6835,204,-1.43701,-0.392783,-9.7621,0.0,0.422377,-0.0524643,0.0,0.0,0.0,0.0,9.31641,14.6302,0.295283,-1.67939,seated
12.7436,205,-1.39869,-0.316143,-9.5226,0.0245011,0.34408,-0.0119842,0.0,0.0,0.0,0.0,10.3711,17.5539,0.328292,-1.67367,seated
12.8037,206,-1.53281,-0.316143,-9.5226,-0.0106526,0.290551,0.0191748,0.0,0.0,0.0,0.0,11.0742,11.7046,0.350236,-1.66951,seated
12.8637,207,-1.49449,-0.402363,-9.58966,-0.00506001,0.235157,0.0780306,0.0,0.0,0.0,0.0,11.6016,8.77843,0.36666,-1.66622,seated
12.9799,208,-1.48491,-0.507744,-9.73336,-0.0106526,0.0902812,0.0500674,0.0,0.0,0.0,0.0,11.7773,1.51283,0.389778,-1.63229,extended
13.04,209,1.37953,-0.364043,-8.70829,-0.0609864,0.0551274,0.147006,0.0,0.0,0.0,0.0,11.6016,-2.92618,0.38431,-1.63342,extended
13.1001,210,-0.804727,-0.440684,-9.04359,0.02024,-1.06526,-0.0383495,0.0,0.0,0.0,0.0,11.25,-5.85206,0.373364,-1.63563,extended
13.1601,211,-2.18426,-0.0479004,-7.15632,0.0918791,-2.71376,0.140615,0.0,0.0,0.0,0.0,10.5469,-11.7045,0.351433,-1.63985,extended
13.2202,212,-4.04279,-0.622705,-7.5491,-0.0263653,-3.34413,0.0346211,0.0,0.0,0.0,0.0,9.84375,-11.7008,0.329451,-1.64381,extended
13.2803,213,-9.6663,0.335303,-7.71196,-0.0173105,-2.37341,0.00772317,0.0,0.0,0.0,0.0,8.61328,-20.4828,0.290871,-1.65007,extended
13.3404,214,-10.3465,0.632285,-6.47613,0.0908138,-0.480434,0.00532632,0.0,0.0,0.0,0.0,7.03125,-26.3362,0.241087,-1.65691,extended
13.4005,215,-7.41498,0.364043,-8.00895,0.0846885,0.0508664,-0.0711064,0.0,0.0,0.0,0.0,5.44922,-26.3346,0.191134,-1.66237,extended
13.4605,216,-2.4525,0.0574805,-7.86524,-0.092678,0.734766,-0.168045,0.0,0.0,0.0,0.0,3.86719,-26.3358,0.141048,-1.66646,extended
13.5206,217,-4.29188,0.469424,-7.0222,-0.0300937,-0.712662,0.115848,0.0,0.0,0.0,0.0,2.46094,-23.4095,0.0964476,-1.66892,extended
13.5807,218,-7.0222,-0.258662,-8.94779,-0.0916127,-1.17019,0.10413,0.0,0.0,0.0,0.0,0.703125,-29.2643,0.0406342,-1.67046,extended
13.6407,219,-6.86892,0.172441,-7.97063,-0.0383495,-0.475907,0.101999,0.0,0.0,0.0,0.0,-1.05469,-29.2606,-0.0152002,-1.67029,extended
13.7008,220,-6.23663,0.0958008,-7.71196,-0.0905475,-0.255131,0.000798948,0.0,0.0,0.0,0.0,-2.63672,-26.3279,-0.0654258,-1.66867,extended
13.7609,221,-5.16366,-0.220342,-7.5012,0.0130495,-0.290817,0.0929443,0.0,0.0,0.0,0.0,-4.21875,-26.335,-0.115588,-1.66567,extended
13.821,222,-6.05461,-0.268242,-7.85566,-0.0466053,-0.626375,0.00452737,0.0,0.0,0.0,0.0,-5.625,-23.4092,-0.160091,-1.66184,extended
13.8811,223,-6.50487,-0.210762,-7.94188,0.0386158,-0.327303,0.0221042,0.0,0.0,0.0,0.0,-7.20703,-26.3349,-0.210028,-1.65622,extended
13.9411,224,-5.67141,-0.201182,-7.56826,0.0015979,-0.301204,-0.0545948,0.0,0.0,0.0,0.0,-8.4375,-20.4829,-0.248749,-1.6509,extended
14.0012,225,-6.03545,-0.220342,-7.76944,0.0245011,-0.305198,-0.000532632,0.0,0.0,0.0,0.0,-9.49219,-17.5565,-0.281842,-1.64568,extended
14.0612,226,-5.93965,-0.114961,-7.44372,0.0,-0.239951,-0.0189084,0.0,0.0,0.0,0.0,-10.5469,-17.5707,-0.314833,-1.63985,extended
14.1763,227,-5.65225,0.0479004,-7.08926,-0.00772317,-0.100135,0.0436758,0.0,0.0,0.0,0.0,-11.25,-6.11084,-0.354414,-1.66843,seated
14.2364,228,-7.5491,-0.871787,-6.22705,0.0239685,-0.173105,-0.036219,0.0,0.0,0.0,0.0,-11.25,0.0,-0.354414,-1.66843,seated
14.2964,229,-8.78493,-0.411943,-6.8306,-0.0237021,0.732369,-0.0508664,0.0,0.0,0.0,0.0,-11.4258,-2.92603,-0.359889,-1.66733,seated
14.3565,230,-8.55501,-0.306563,-7.20422,-0.0173105,1.86448,-0.000798948,0.0,0.0,0.0,0.0,-11.6016,-2.92611,-0.36536,-1.66622,seated
14.4166,231,-5.72889,1.09213,-8.92863,-0.143012,2.70897,-0.18216,0.0,0.0,0.0,0.0,-11.0742,8.77847,-0.348936,-1.66951,seated
14.4767,232,-4.50264,-1.72441,-7.51078,0.217048,4.00513,0.0575243,0.0,0.0,0.0,0.0,-9.84375,20.4824,-0.310501,-1.67661,seated
14.5367,233,2.89318,-0.277822,-8.77535,0.0841559,0.895088,0.243679,0.0,0.0,0.0,0.0,-8.78906,17.5569,-0.277441,-1.68203,seated
14.5968,234,-0.670605,-0.718506,-11.4578,-0.0245011,-0.482032,0.236222,0.0,0.0,0.0,0.0,-7.03125,29.2618,-0.222137,-1.68971,seated
14.6569,235,-3.22849,-0.306563,-9.58966,0.026099,0.191481,0.0980043,0.0,0.0,0.0,0.0,-5.80078,20.4823,-0.183297,-1.69408,seated
14.7169,236,-2.65368,-0.488584,-9.30226,0.00639159,0.767523,-0.114782,0.0,0.0,0.0,0.0,-4.57031,20.4828,-0.144372,-1.69761,seated
14.777,237,-0.766406,-0.249082,-10.6243,0.000532632,0.703607,-0.210123,0.0,0.0,0.0,0.0,-2.98828,26.3347,-0.0942297,-1.70093,seated
14.8371,238,-1.07297,-0.277822,-9.44596,0.0732369,0.435161,-0.0479369,0.0,0.0,0.0,0.0,-1.23047,29.2616,-0.0384328,-1.70298,seated
14.8972,239,-1.93518,-0.507744,-10.2698,0.010919,0.43303,0.0420779,0.0,0.0,0.0,0.0,0.351562,26.335,0.0118173,-1.70337,seated
14.9572,240,-1.43701,-0.258662,-9.77168,0.00133158,0.692955,0.0753675,0.0,0.0,0.0,0.0,2.28516,32.1802,0.0732187,-1.70195,seated
15.0173,241,-1.50407,-0.344883,-10.0782,-0.0189084,0.51692,0.116646,0.0,0.0,0.0,0.0,4.04297,29.2606,0.128968,-1.69887,seated
15.0774,242,-1.59029,-0.325723,-9.74294,-0.00292948,0.512925,0.115315,0.0,0.0,0.0,0.0,5.625,26.3362,0.179041,-1.69464,seated
15.1375,243,-1.46575,-0.364043,-9.87706,-0.00559264,0.517452,0.0359527,0.0,0.0,0.0,0.0,7.03125,23.408,0.223437,-1.68971,seated
15.1975,244,-1.49449,-0.383203,-9.67588,0.0133158,0.431432,-0.0231695,0.0,0.0,0.0,0.0,8.4375,23.4088,0.267699,-1.6837,seated
15.2576,245,-1.64777,-0.316143,-9.70462,0.00958738,0.418649,-0.0543285,0.0,0.0,0.0,0.0,9.66797,20.4829,0.306298,-1.67755,seated
15.3177,246,-1.46575,-0.316143,-9.44596,0.0175769,0.337955,0.00239685,0.0,0.0,0.0,0.0,10.5469,14.6304,0.333783,-1.67265,seated
15.3778,247,-1.54239,-0.344883,-9.53218,-0.00266316,0.283094,0.0338221,0.0,0.0,0.0,0.0,11.0742,8.7785,0.350236,-1.66951,seated
15.4378,248,-1.41785,-0.364043,-9.38848,-0.00958738,0.223972,0.0841559,0.0,0.0,0.0,0.0,11.7773,11.7043,0.372128,-1.66509,seated
15.552,249,-1.44659,-0.440684,-9.49386,-0.0149137,0.102265,0.0561927,0.0,0.0,0.0,0.0,11.9531,1.53929,0.395243,-1.63114,extended
15.6121,250,1.36037,-0.306563,-9.2352,-0.0237021,-0.0119842,0.192547,0.0,0.0,0.0,0.0,11.6016,-5.8521,0.38431,-1.63342,extended
15.6722,251,-0.498164,-0.756826,-9.03401,0.041279,-0.995756,-0.00585895,0.0,0.0,0.0,0.0,11.4258,-2.92614,0.378839,-1.63453,extended
15.7323,252,-0.708926,-0.0958008,-5.95881,0.0900148,-2.55584,0.0948085,0.0,0.0,0.0,0.0,10.7227,-11.7042,0.35692,-1.63882,extended
15.7923,253,-5.52771,-0.613125,-7.06052,-0.0442085,-3.34733,0.0969391,0.0,0.0,0.0,0.0,10.0195,-11.7045,0.334951,-1.64284,extended
15.8524,254,-9.04359,0.450264,-8.01853,-0.00452737,-2.66636,-0.01012,0.0,0.0,0.0,0.0,8.78906,-20.4811,0.296391,-1.64923,extended
15.9125,255,-6.22705,-0.661025,-6.36117,0.12437,-0.289486,-0.111054,0.0,0.0,0.0,0.0,7.38281,-23.4065,0.252167,-1.65551,extended
15.9726,256,-7.12758,-0.804727,-7.57784,0.03036,-0.115848,-0.0652474,0.0,0.0,0.0,0.0,5.44922,-32.1843,0.191134,-1.66237,extended
16.0326,257,-5.32652,-0.440684,-8.19097,0.0319579,0.666856,-0.127033,0.0,0.0,0.0,0.0,4.04297,-23.409,0.146618,-1.66607,extended
16.0927,258,-3.23807,-0.0958008,-6.36117,-0.100135,-0.459662,0.102265,0.0,0.0,0.0,0.0,2.63672,-23.4085,0.102026,-1.66867,extended
16.1528,259,-6.61025,-0.210762,-8.65081,-0.121973,-1.18537,0.0593885,0.0,0.0,0.0,0.0,0.878906,-29.2596,0.0462174,-1.67039,extended
16.2129,260,-7.56826,0.364043,-7.99937,-0.00639159,-0.592021,0.126234,0.0,0.0,0.0,0.0,-0.878906,-29.2585,-0.00961736,-1.67039,extended
16.273,261,-6.15999,0.296982,-7.52036,-0.0756338,-0.28629,0.00878843,0.0,0.0,0.0,0.0,-2.63672,-29.2491,-0.0654258,-1.66867,extended
16.333,262,-5.4798,-0.335303,-7.76944,0.00772317,-0.350206,0.0862864,0.0,0.0,0.0,0.0,-4.21875,-26.3346,-0.115588,-1.66567,extended
16.3931,263,-5.79595,-0.220342,-7.66406,-0.0391485,-0.562726,0.00745685,0.0,0.0,0.0,0.0,-5.80078,-26.3345,-0.165647,-1.66128,extended
16.4532,264,-6.80186,-0.00958008,-7.52994,0.0383495,-0.28336,-0.010919,0.0,0.0,0.0,0.0,-7.73438,-32.1866,-0.226637,-1.65404,extended
16.5132,265,-5.4798,-0.0862207,-7.37666,0.00932106,-0.271376,-0.0482032,0.0,0.0,0.0,0.0,-8.61328,-14.6402,-0.254271,-1.65007,extended
16.5733,266,-6.20789,-0.191602,-7.87482,0.0181095,-0.33183,-0.00372843,0.0,0.0,0.0,0.0,-9.66797,-17.5571,-0.287348,-1.64475,extended
16.6334,267,-5.90133,-0.0191602,-7.23296,0.00479369,-0.249538,0.00905475,0.0,0.0,0.0,0.0,-10.5469,-14.6311,-0.314833,-1.63985,extended
16.7477,268,-5.66183,-0.0862207,-7.29044,-0.0135821,-0.125435,0.0516653,0.0,0.0,0.0,0.0,-11.4258,-7.69014,-0.359889,-1.66733,seated
16.8077,269,-5.77679,-0.316143,-7.15632,-0.00239685,-0.0833569,-0.0223706,0.0,0.0,0.0,0.0,-11.4258,0.0,-0.359889,-1.66733,seated
16.8678,270,-9.31184,0.153281,-7.3575,-0.0133158,0.695351,-0.0703075,0.0,0.0,0.0,0.0,-11.6016,-2.92627,-0.36536,-1.66622,seated
16.9279,271,-7.47246,-0.526904,-6.81144,0.0380832,1.90656,0.0537959,0.0,0.0,0.0,0.0,-11.6016,0.0,-0.36536,-1.66622,seated
16.9879,272,-3.64043,-0.153281,-6.01629,-0.186421,2.57528,-0.117978,0.0,0.0,0.0,0.0,-11.25,5.85206,-0.354414,-1.66843,seated
17.048,273,-0.0479004,-1.13045,-6.26537,0.0356864,3.9793,-0.00452737,0.0,0.0,0.0,0.0,-10.1953,17.557,-0.321498,-1.67466,seated
17.1081,274,3.42967,0.201182,-8.98611,0.0125169,1.17232,0.274039,0.0,0.0,0.0,0.0,-8.96484,20.4828,-0.282958,-1.68117,seated
17.1682,275,-2.10762,-0.201182,-11.3428,-0.0418116,-0.532366,0.238353,0.0,0.0,0.0,0.0,-7.38281,26.3358,-0.233217,-1.68831,seated
17.2282,276,-4.29188,-0.431104,-9.7142,0.0495348,-0.00745685,0.155529,0.0,0.0,0.0,0.0,-5.97656,23.4127,-0.188851,-1.69351,seated
17.2883,277,-2.22258,-0.632285,-9.17772,0.0117179,0.77205,-0.0886833,0.0,0.0,0.0,0.0,-4.74609,20.4838,-0.149937,-1.69716,seated
17.3484,278,-0.268242,-0.0958008,-10.768,0.0167779,0.763528,-0.210656,0.0,0.0,0.0,0.0,-3.33984,23.407,-0.10538,-1.70031,seated
17.4084,279,-1.32205,0.0479004,-9.43638,0.0761664,0.489755,-0.0356864,0.0,0.0,0.0,0.0,-1.40625,32.1866,-0.044015,-1.70285,seated
17.4685,280,-2.0214,-0.680186,-10.7393,0.0191748,0.396012,0.0276969,0.0,0.0,0.0,0.0,0.175781,26.3353,0.00623368,-1.70339,seated
17.5286,281,-1.46575,-0.0958008,-9.84832,-0.0127832,0.69109,0.0636496,0.0,0.0,0.0,0.0,1.93359,29.2537,0.0620589,-1.70236,seated
17.5887,282,-1.59029,-0.354463,-9.89622,-0.0173105,0.555535,0.12144,0.0,0.0,0.0,0.0,3.86719,32.1876,0.123398,-1.69926,seated
17.6488,283,-1.83938,-0.364043,-9.97286,-0.010919,0.510262,0.123038,0.0,0.0,0.0,0.0,5.625,29.261,0.179041,-1.69464,seated
17.7088,284,-1.41785,-0.354463,-9.87706,-0.0111853,0.535029,0.0383495,0.0,0.0,0.0,0.0,7.03125,23.4099,0.223437,-1.68971,seated
17.7689,285,-1.42743,-0.402363,-9.74294,0.0181095,0.446612,-0.0255663,0.0,0.0,0.0,0.0,8.4375,23.4095,0.267699,-1.6837,seated
17.829,286,-1.50407,-0.373623,-9.70462,0.0066579,0.430633,-0.0588559,0.0,0.0,0.0,0.0,9.49219,17.5568,0.300792,-1.67848,seated
17.889,287,-1.38911,-0.296982,-9.48428,0.0189084,0.364054,-0.0173105,0.0,0.0,0.0,0.0,10.5469,17.5565,0.333783,-1.67265,seated
17.9491,288,-1.57113,-0.335303,-9.55134,-0.00719053,0.294546,0.0375506,0.0,0.0,0.0,0.0,11.4258,14.6304,0.361189,-1.66733,seated
18.0092,289,-1.36995,-0.344883,-9.41722,-0.00585895,0.246076,0.0759001,0.0,0.0,0.0,0.0,11.9531,8.77791,0.377593,-1.66394,seated
18.1249,290,-1.50407,-0.392783,-9.70462,-0.015979,0.113717,0.0439422,0.0,0.0,0.0,0.0,12.1289,1.51907,0.400704,-1.62997,extended
18.185,291,0.0383203,-0.747246,-9.38848,-0.0183758,-0.128098,0.136088,0.0,0.0,0.0,0.0,11.9531,-2.92616,0.395243,-1.63114,extended
18.2451,292,0.900527,-0.172441,-9.7621,0.0324906,-1.88578,0.0423443,0.0,0.0,0.0,0.0,11.4258,-8.77829,0.378839,-1.63453,extended
18.3051,293,0.210762,-0.0670606,-6.43781,0.0713727,-2.85864,0.143544,0.0,0.0,0.0,0.0,11.0742,-5.85238,0.367886,-1.63671,extended
18.3652,294,-4.48348,-1.29331,-7.2138,-0.0146474,-3.29566,0.0258327,0.0,0.0,0.0,0.0,10.1953,-14.631,0.340448,-1.64186,extended
18.4253,295,-10.4231,-0.383203,-7.85566,0.0149137,-2.72548,-0.0894822,0.0,0.0,0.0,0.0,9.14062,-17.5562,0.307422,-1.64749,extended
18.4853,296,-10.6243,0.364043,-6.20789,0.109456,-0.619718,0.0532632,0.0,0.0,0.0,0.0,7.55859,-26.3364,0.257703,-1.65479,extended
18.5454,297,-7.7886,0.134121,-8.09517,0.123837,-0.137952,-0.0873517,0.0,0.0,0.0,0.0,5.80078,-29.2598,0.202247,-1.66128,extended
18.6055,298,-4.72298,0.785566,-7.70238,-0.0900148,0.494549,-0.0833569,0.0,0.0,0.0,0.0,4.21875,-26.3346,0.152188,-1.66567,extended
18.6656,299,-2.75906,0.162861,-7.15632,-0.0346211,-0.773648,0.0790959,0.0,0.0,0.0,0.0,2.63672,-26.335,0.102026,-1.66867,extended
18.7256,300,-6.8785,-0.536484,-8.40173,-0.133424,-1.07459,0.130229,0.0,0.0,0.0,0.0,0.878906,-29.2625,0.0462174,-1.67039,extended
18.7857,301,-7.04136,0.143701,-7.6449,-0.0194411,-0.422644,0.0657801,0.0,0.0,0.0,0.0,-0.703125,-26.3345,-0.0040342,-1.67046,extended
18.8458,302,-6.16957,-0.0862207,-8.68913,-0.0777643,-0.32384,0.00506001,0.0,0.0,0.0,0.0,-2.46094,-29.2527,-0.0598476,-1.66892,extended
18.9059,303,-5.87259,-0.191602,-7.42456,0.00133158,-0.350206,0.0628506,0.0,0.0,0.0,0.0,-4.21875,-29.2625,-0.115588,-1.66567,extended
18.966,304,-5.4798,-0.249082,-8.12391,-0.0324906,-0.639958,-0.00772317,0.0,0.0,0.0,0.0,-5.80078,-26.3323,-0.165647,-1.66128,extended
19.026,305,-6.90724,0.0287402,-7.71196,0.0322242,-0.323308,0.00426106,0.0,0.0,0.0,0.0,-7.38281,-26.3352,-0.215567,-1.65551,extended
19.0861,306,-5.65225,-0.124541,-7.68322,0.000532632,-0.366984,-0.0319579,0.0,0.0,0.0,0.0,-8.61328,-20.4853,-0.254271,-1.65007,extended
19.1462,307,-6.10251,-0.0191602,-7.57784,0.00852212,-0.342216,0.0178432,0.0,0.0,0.0,0.0,-9.84375,-20.4823,-0.292851,-1.64381,extended
19.2062,308,-5.93965,-0.0479004,-7.5491,-0.00772317,-0.22557,0.00745685,0.0,0.0,0.0,0.0,-10.7227,-14.634,-0.32032,-1.63882,extended
19.3254,309,-5.75763,-0.0191602,-7.15632,-0.0223706,-0.134756,0.026099,0.0,0.0,0.0,0.0,-11.6016,-7.37441,-0.36536,-1.66622,seated
19.3855,310,-5.90133,-0.249082,-6.8306,-0.00506001,-0.133957,-0.0399474,0.0,0.0,0.0,0.0,-11.6016,0.0,-0.36536,-1.66622,seated
19.4456,311,-8.92863,-0.0287402,-7.20422,0.0181095,0.871919,-0.0183758,0.0,0.0,0.0,0.0,-11.9531,-5.85217,-0.376293,-1.66394,seated
19.5056,312,-6.64857,-0.364043,-7.98021,0.0468716,1.69723,0.0639159,0.0,0.0,0.0,0.0,-11.9531,0.0,-0.376293,-1.66394,seated
19.5657,313,-3.83203,0.507744,-9.09149,-0.232494,2.47541,-0.165649,0.0,0.0,0.0,0.0,-11.6016,5.85224,-0.36536,-1.66622,seated
19.6258,314,-1.42743,-1.53281,-9.96328,0.0697748,3.69327,0.0239685,0.0,0.0,0.0,0.0,-10.3711,20.4832,-0.326992,-1.67367,seated
19.6858,315,5.23072,0.172441,-7.118,0.0761664,0.647414,0.215183,0.0,0.0,0.0,0.0,-9.14062,20.4834,-0.288472,-1.68029,seated
19.7459,316,-0.373623,-0.651445,-11.8027,-0.0458064,-0.518784,0.308927,0.0,0.0,0.0,0.0,-7.55859,26.335,-0.238753,-1.68759,seated
19.806,317,-3.86077,-0.843047,-9.13939,0.0631169,-0.153398,0.114516,0.0,0.0,0.0,0.0,-5.97656,26.3367,-0.188851,-1.69351,seated
19.8661,318,-2.31838,-0.737666,-9.73336,-0.00745685,0.858337,-0.103597,0.0,0.0,0.0,0.0,-4.74609,20.4834,-0.149937,-1.69716,seated
19.9261,319,-1.11129,0.00958008,-10.2603,0.0189084,0.7851,-0.203998,0.0,0.0,0.0,0.0,-3.33984,23.4088,-0.10538,-1.70031,seated
19.9862,320,-1.23583,-0.392783,-9.38848,0.0695085,0.502805,-0.0700411,0.0,0.0,0.0,0.0,-1.40625,32.1871,-0.044015,-1.70285,seated
20.0463,321,-1.91602,-0.526904,-10.3752,0.0141148,0.391485,0.00932106,0.0,0.0,0.0,0.0,0.175781,26.3361,0.00623368,-1.70339,seated
20.1064,322,-1.45617,-0.0287402,-9.9058,0.00372843,0.705205,0.056459,0.0,0.0,0.0,0.0,2.10938,32.1816,0.0676391,-1.70217,seated
20.1664,323,-1.63819,-0.325723,-9.89622,-0.00266316,0.578705,0.123571,0.0,0.0,0.0,0.0,4.04297,32.1887,0.128968,-1.69887,seated
20.2265,324,-1.82021,-0.287402,-9.92496,-0.0098537,0.500142,0.121706,0.0,0.0,0.0,0.0,5.625,26.3358,0.179041,-1.69464,seated
20.2866,325,-1.37953,-0.344883,-9.7621,-0.0138484,0.580835,0.0745685,0.0,0.0,0.0,0.0,7.20703,26.3354,0.228978,-1.68902,seated
20.3466,326,-1.44659,-0.364043,-9.8579,0.00506001,0.462058,-0.0146474,0.0,0.0,0.0,0.0,8.61328,23.4092,0.273221,-1.68287,seated
20.4067,327,-1.50407,-0.364043,-9.74294,0.00852212,0.442351,-0.0529969,0.0,0.0,0.0,0.0,9.84375,20.4813,0.311801,-1.67661,seated
20.4668,328,-1.43701,-0.354463,-9.43638,0.0197074,0.351005,-0.0258327,0.0,0.0,0.0,0.0,10.7227,14.6307,0.33927,-1.67162,seated
20.5269,329,-1.53281,-0.296982,-9.64714,-0.00585895,0.294546,0.0274306,0.0,0.0,0.0,0.0,11.4258,11.7047,0.361189,-1.66733,seated
20.5869,330,-1.39869,-0.306563,-9.29268,-0.00905475,0.268713,0.0745685,0.0,0.0,0.0,0.0,11.9531,8.77836,0.377593,-1.66394,seated
20.702,331,-1.51365,-0.364043,-9.74294,-0.0197074,0.101466,0.0657801,0.0,0.0,0.0,0.0,12.3047,3.05472,0.406161,-1.62879,extended
20.7621,332,2.37586,-0.431104,-9.12023,-0.0625843,0.102265,0.160855,0.0,0.0,0.0,0.0,12.1289,-2.92619,0.400704,-1.62997,extended
20.8222,333,0.201182,-0.287402,-7.9323,0.041279,-1.7236,0.00133158,0.0,0.0,0.0,0.0,11.7773,-5.85226,0.389778,-1.63229,extended
20.8822,334,-1.85854,0.105381,-6.89766,0.0833569,-2.74013,0.148338,0.0,0.0,0.0,0.0,11.25,-8.77871,0.373364,-1.63563,extended
20.9423,335,-5.07744,-0.373623,-6.7827,-0.00213053,-3.36011,0.01012,0.0,0.0,0.0,0.0,10.1953,-17.5557,0.340448,-1.64186,extended
21.0024,336,-9.49386,-0.296982,-7.71196,0.00426106,-2.14198,-0.0205063,0.0,0.0,0.0,0.0,9.14062,-17.5567,0.307422,-1.64749,extended
21.0625,337,-10.4614,0.747246,-6.47613,0.0932106,-0.556334,-0.0367516,0.0,0.0,0.0,0.0,7.55859,-26.3355,0.257703,-1.65479,extended
21.1225,338,-8.23887,0.258662,-8.10475,0.0567253,0.0753675,-0.0500674,0.0,0.0,0.0,0.0,5.80078,-29.2611,0.202247,-1.66128,extended
21.1826,339,-5.3361,0.546064,-8.64123,-0.0881506,0.713461,-0.0745685,0.0,0.0,0.0,0.0,4.21875,-26.3354,0.152188,-1.66567,extended
21.2427,340,-2.46208,-0.0574805,-6.29411,-0.0972054,-0.737163,0.101999,0.0,0.0,0.0,0.0,2.8125,-23.4092,0.107603,-1.66841,extended
21.3028,341,-7.62574,-0.584385,-8.81367,-0.0942759,-1.18138,0.113184,0.0,0.0,0.0,0.0,1.05469,-29.2605,0.0518002,-1.67029,extended
21.3628,342,-7.1659,0.249082,-7.79818,-0.0194411,-0.458863,0.0753675,0.0,0.0,0.0,0.0,-0.703125,-29.2614,-0.0040342,-1.67046,extended
21.4229,343,-6.46655,0.0479004,-8.26761,-0.0676443,-0.316117,-0.0274306,0.0,0.0,0.0,0.0,-2.63672,-32.1789,-0.0654258,-1.66867,extended
21.483,344,-4.88584,0.0191602,-7.32876,0.0191748,-0.303068,0.0729706,0.0,0.0,0.0,0.0,-4.21875,-26.3344,-0.115588,-1.66567,extended
21.5431,345,-6.47613,-0.296982,-8.13349,-0.0340885,-0.662328,-0.01518,0.0,0.0,0.0,0.0,-5.97656,-29.2575,-0.171201,-1.66071,extended
21.6031,346,-6.26537,-0.105381,-7.75986,0.0460727,-0.353668,0.00932106,0.0,0.0,0.0,0.0,-7.38281,-23.4089,-0.215567,-1.65551,extended
21.6632,347,-5.77679,-0.0766406,-7.76944,-0.00932106,-0.344613,-0.0402137,0.0,0.0,0.0,0.0,-8.78906,-23.4088,-0.259791,-1.64923,extended
21.7233,348,-6.03545,-0.0958008,-7.75028,0.0133158,-0.320911,0.0162453,0.0,0.0,0.0,0.0,-10.0195,-20.4841,-0.298351,-1.64284,extended
21.7834,349,-5.89175,-0.0479004,-7.46288,-0.0223706,-0.260457,0.0119842,0.0,0.0,0.0,0.0,-10.8984,-14.6312,-0.325805,-1.63777,extended
21.8961,350,-5.58519,0.0,-7.20422,-0.026099,-0.114516,0.0452737,0.0,0.0,0.0,0.0,-11.7773,-7.79597,-0.370828,-1.66509,seated
21.9562,351,-3.71707,-0.0670606,-7.29044,0.0111853,-0.251136,-0.0316916,0.0,0.0,0.0,0.0,-11.7773,0.0,-0.370828,-1.66509,seated
22.0162,352,-8.33467,0.421523,-6.9743,-0.00372843,0.626642,-0.0657801,0.0,0.0,0.0,0.0,-11.9531,-2.92767,-0.376293,-1.66394,seated
22.0763,353,-8.63165,-0.814307,-7.86524,0.00426106,1.88712,-0.0300937,0.0,0.0,0.0,0.0,-12.1289,-2.92618,-0.381754,-1.66277,seated
22.1364,354,-4.2823,0.0958008,-5.75763,-0.159257,2.71696,-0.0862864,0.0,0.0,0.0,0.0,-11.7773,5.85254,-0.370828,-1.66509,seated
22.1964,355,-2.67284,-0.421523,-6.00671,0.0111853,3.87437,0.0133158,0.0,0.0,0.0,0.0,-10.5469,20.4826,-0.332483,-1.67265,seated
22.2565,356,4.36852,0.114961,-9.2831,0.02024,1.21946,0.275371,0.0,0.0,0.0,0.0,-9.31641,20.4832,-0.293983,-1.67939,seated
22.3166,357,-0.210762,-0.296982,-10.9309,-0.0881506,-0.515322,0.213053,0.0,0.0,0.0,0.0,-7.73438,26.3342,-0.244287,-1.68684,seated
22.3767,358,-3.40093,-0.354463,-9.01485,0.0567253,0.111586,0.165116,0.0,0.0,0.0,0.0,-6.32812,23.4096,-0.199954,-1.69231,seated
22.4367,359,-2.6441,-0.507744,-9.21604,-0.0194411,0.735299,-0.104662,0.0,0.0,0.0,0.0,-5.09766,20.4834,-0.161063,-1.6962,seated
22.4968,360,-0.881367,-0.325723,-10.5093,0.0322242,0.716657,-0.210922,0.0,0.0,0.0,0.0,-3.51562,26.3362,-0.110954,-1.69998,seated
22.5569,361,-1.34121,0.0670606,-9.50344,0.0537959,0.479369,-0.052198,0.0,0.0,0.0,0.0,-1.58203,32.1834,-0.0495968,-1.70271,seated
22.617,362,-2.01182,-0.364043,-10.2986,-0.00479369,0.440487,0.0253,0.0,0.0,0.0,0.0,0.0,26.3352,0.00065,-1.7034,seated
22.677,363,-1.37953,-0.114961,-9.84832,0.0141148,0.705205,0.0687096,0.0,0.0,0.0,0.0,1.93359,32.1783,0.0620589,-1.70236,seated
22.7371,364,-1.49449,-0.450264,-9.96328,-0.0114516,0.590955,0.115848,0.0,0.0,0.0,0.0,3.86719,32.1772,0.123398,-1.69926,seated
22.7972,365,-1.58071,-0.335303,-10.0112,-0.00798948,0.538225,0.121706,0.0,0.0,0.0,0.0,5.625,29.2603,0.179041,-1.69464,seated
22.8573,366,-1.46575,-0.306563,-9.91538,-0.015979,0.556068,0.0468716,0.0,0.0,0.0,0.0,7.20703,26.3368,0.228978,-1.68902,seated
22.9174,367,-1.50407,-0.383203,-9.84832,0.00745685,0.464455,-0.0133158,0.0,0.0,0.0,0.0,8.4375,20.4828,0.267699,-1.6837,seated
22.9774,368,-1.64777,-0.364043,-9.70462,0.00772317,0.445547,-0.0548611,0.0,0.0,0.0,0.0,9.84375,23.4092,0.311801,-1.67661,seated
23.0375,369,-1.51365,-0.296982,-9.49386,0.0162453,0.37444,-0.0199737,0.0,0.0,0.0,0.0,10.8984,17.5567,0.344755,-1.67057,seated
23.0976,370,-1.58071,-0.306563,-9.5226,-0.00292948,0.313454,0.03542,0.0,0.0,0.0,0.0,11.6016,11.7046,0.36666,-1.66622,seated
23.1576,371,-1.45617,-0.373623,-9.4268,-0.00692422,0.278833,0.0777643,0.0,0.0,0.0,0.0,12.1289,8.77843,0.383054,-1.66277,seated
23.2812,372,-1.53281,-0.239502,-9.26394,-0.00852212,0.0958738,0.046339,0.0,0.0,0.0,0.0,12.4805,2.84634,0.411614,-1.62759,extended
23.3412,373,1.36037,-0.919688,-9.44596,-0.0378169,0.0745685,0.176035,0.0,0.0,0.0,0.0,12.3047,-2.92669,0.406161,-1.62879,extended
23.4013,374,-0.479004,-0.498164,-8.34425,0.0388822,-1.27352,-0.0157127,0.0,0.0,0.0,0.0,11.9531,-5.85245,0.395243,-1.63114,extended
23.4614,375,-1.90644,-0.258662,-7.2138,0.0966728,-2.82109,0.108657,0.0,0.0,0.0,0.0,11.4258,-8.77854,0.378839,-1.63453,extended
23.5214,376,-4.63676,0.0862207,-8.05685,-0.0279632,-3.35425,0.00266316,0.0,0.0,0.0,0.0,10.5469,-14.6306,0.351433,-1.63985,extended
23.5815,377,-8.82325,0.440684,-7.70238,0.0130495,-1.80962,-0.000532632,0.0,0.0,0.0,0.0,9.14062,-23.409,0.307422,-1.64749,extended
23.6416,378,-7.63532,0.871787,-6.51445,0.137685,-0.565655,-0.0474043,0.0,0.0,0.0,0.0,7.73438,-23.4101,0.263237,-1.65404,extended
23.7017,379,-9.21604,0.383203,-7.80776,0.0982706,0.110255,-0.0319579,0.0,0.0,0.0,0.0,5.97656,-29.2611,0.207801,-1.66071,extended
23.7617,380,-5.44148,-0.134121,-7.89398,-0.0370179,0.523577,-0.0545948,0.0,0.0,0.0,0.0,4.39453,-26.3362,0.157755,-1.66525,extended
23.8218,381,-2.99856,0.479004,-7.10842,-0.061519,-0.543818,0.0942759,0.0,0.0,0.0,0.0,2.8125,-26.3346,0.107603,-1.66841,extended
23.8819,382,-7.17548,-0.661025,-8.46879,-0.111853,-1.22745,0.129696,0.0,0.0,0.0,0.0,1.05469,-29.2585,0.0518002,-1.67029,extended
23.942,383,-7.43414,-0.124541,-7.56826,-0.0242348,-0.417584,0.0577906,0.0,0.0,0.0,0.0,-0.878906,-32.1858,-0.00961736,-1.67039,extended
24.002,384,-6.14083,-0.229922,-8.82325,-0.057258,-0.356864,-0.0111853,0.0,0.0,0.0,0.0,-2.63672,-29.2528,-0.0654258,-1.66867,extended
24.0621,385,-5.32652,-0.143701,-7.0222,0.00106526,-0.344347,0.0599211,0.0,0.0,0.0,0.0,-4.39453,-29.2621,-0.121155,-1.66525,extended
24.1222,386,-6.29411,-0.354463,-8.41131,-0.0237021,-0.655937,-0.0157127,0.0,0.0,0.0,0.0,-6.15234,-29.2611,-0.176754,-1.66012,extended
24.1823,387,-6.40907,0.0574805,-7.39582,0.0458064,-0.347543,0.00346211,0.0,0.0,0.0,0.0,-7.55859,-23.408,-0.221103,-1.65479,extended
24.2423,388,-5.70973,-0.0670606,-7.6449,-0.00106526,-0.381897,-0.0279632,0.0,0.0,0.0,0.0,-8.96484,-23.4095,-0.265308,-1.64837,extended
24.3024,389,-6.09293,-0.153281,-7.7886,0.0135821,-0.316916,0.0263653,0.0,0.0,0.0,0.0,-10.1953,-20.485,-0.303848,-1.64186,extended
24.3625,390,-5.82469,-0.0191602,-7.43414,-0.00452737,-0.247141,0.00639159,0.0,0.0,0.0,0.0,-11.0742,-14.6308,-0.331286,-1.63671,extended
24.4787,391,-5.60435,-0.00958008,-7.29044,-0.0178432,-0.137952,0.0396811,0.0,0.0,0.0,0.0,-11.9531,-7.56507,-0.376293,-1.66394,seated
24.5387,392,-6.41865,-0.258662,-6.33243,0.0173105,-0.100934,-0.0897485,0.0,0.0,0.0,0.0,-11.9531,0.0,-0.376293,-1.66394,seated
24.5988,393,-9.4747,0.0,-7.09884,0.0149137,0.341417,-0.0668453,0.0,0.0,0.0,0.0,-12.3047,-5.85233,-0.387211,-1.66159,seated
24.6589,394,-8.36341,-0.249082,-8.86157,0.0271642,1.67033,-0.0609864,0.0,0.0,0.0,0.0,-12.3047,0.0,-0.387211,-1.66159,seated
24.7189,395,-3.33387,0.373623,-6.9743,-0.173105,2.46342,-0.115848,0.0,0.0,0.0,0.0,-11.7773,8.77833,-0.370828,-1.66509,seated
24.779,396,0.0670606,-0.392783,-8.94779,0.0447411,3.86025,0.03542,0.0,0.0,0.0,0.0,-10.7227,17.5572,-0.33797,-1.67162,seated
24.8391,397,3.44883,-0.124541,-8.54543,0.0713727,2.00936,0.264985,0.0,0.0,0.0,0.0,-9.49219,20.483,-0.299492,-1.67848,seated
24.8992,398,-1.83938,-0.316143,-11.2279,-0.0641822,-0.506533,0.257528,0.0,0.0,0.0,0.0,-7.91016,26.3345,-0.249819,-1.68608,seated
24.9592,399,-3.05605,-0.0862207,-9.04359,0.0442085,-0.00506001,0.20027,0.0,0.0,0.0,0.0,-6.32812,26.3418,-0.199954,-1.69231,seated
25.0193,400,-1.95434,-0.766406,-9.51302,-0.0170442,0.871919,-0.116114,0.0,0.0,0.0,0.0,-4.92188,23.4097,-0.155501,-1.69669,seated
25.0794,401,-0.938848,-0.0574805,-10.6243,0.0197074,0.748881,-0.189351,0.0,0.0,0.0,0.0,-3.51562,23.4097,-0.110954,-1.69998,seated
25.1394,402,-1.41785,-0.574805,-9.38848,0.0721717,0.470847,-0.0553938,0.0,0.0,0.0,0.0,-1.23047,38.0382,-0.0384328,-1.70298,seated
25.1995,403,-1.96392,-0.526904,-10.4231,0.010919,0.417317,0.0295611,0.0,0.0,0.0,0.0,0.175781,23.41,0.00623368,-1.70339,seated
25.2596,404,-1.50407,-0.0574805,-9.86748,0.00213053,0.721184,0.0495348,0.0,0.0,0.0,0.0,2.10938,32.179,0.0676391,-1.70217,seated
25.3197,405,-1.66693,-0.316143,-10.0687,-0.0111853,0.58989,0.121706,0.0,0.0,0.0,0.0,4.21875,35.1091,0.134538,-1.69847,seated
25.3798,406,-1.83938,-0.277822,-9.96328,-0.00772317,0.543818,0.101999,0.0,0.0,0.0,0.0,5.80078,26.3356,0.184597,-1.69408,seated
25.4398,407,-1.47533,-0.325723,-9.84832,-0.00532632,0.576841,0.0327569,0.0,0.0,0.0,0.0,7.38281,26.3348,0.234517,-1.68831,seated
25.4999,408,-1.51365,-0.411943,-9.70462,0.0138484,0.476706,-0.0221042,0.0,0.0,0.0,0.0,8.78906,23.4094,0.278741,-1.68203,seated
25.56,409,-1.51365,-0.344883,-9.84832,0.0106526,0.462325,-0.052198,0.0,0.0,0.0,0.0,10.0195,20.4828,0.317301,-1.67564,seated
25.62,410,-1.41785,-0.306563,-9.4268,0.0125169,0.35713,-0.00798948,0.0,0.0,0.0,0.0,11.25,20.4835,0.355714,-1.66843,seated
25.6801,411,-1.58071,-0.306563,-9.54176,-0.00745685,0.314519,0.0191748,0.0,0.0,0.0,0.0,11.7773,8.77864,0.372128,-1.66509,seated
25.7402,412,-1.43701,-0.335303,-9.32142,-0.0125169,0.259658,0.0804275,0.0,0.0,0.0,0.0,12.4805,11.7048,0.393964,-1.66039,seated
25.8582,413,-1.43701,-0.402363,-9.35974,-0.0119842,0.107858,0.0460727,0.0,0.0,0.0,0.0,12.6562,1.49017,0.417064,-1.62638,extended
25.9182,414,2.01182,0.105381,-8.74661,-0.061519,0.0676443,0.125968,0.0,0.0,0.0,0.0,12.4805,-2.92631,0.411614,-1.62759,extended
25.9783,415,0.383203,-0.689766,-9.03401,0.0436758,-1.50628,-0.0127832,0.0,0.0,0.0,0.0,11.9531,-8.77833,0.395243,-1.63114,extended
26.0384,416,-2.53872,0.229922,-6.62941,0.0844222,-2.64612,0.139816,0.0,0.0,0.0,0.0,11.6016,-5.85268,0.38431,-1.63342,extended
26.0984,417,-5.57561,-0.488584,-6.9743,-0.0181095,-3.4187,0.0146474,0.0,0.0,0.0,0.0,10.7227,-14.632,0.35692,-1.63882,extended
26.1585,418,-10.1453,-0.593965,-7.60658,-0.01012,-2.32201,-0.00852212,0.0,0.0,0.0,0.0,9.31641,-23.4085,0.312933,-1.64659,extended
26.2186,419,-8.23887,0.364043,-6.68689,0.12943,-0.654072,-0.0253,0.0,0.0,0.0,0.0,7.91016,-23.4089,0.268769,-1.65328,extended
26.2787,420,-7.97063,0.210762,-8.40173,0.0556601,-0.0423443,-0.0279632,0.0,0.0,0.0,0.0,5.97656,-32.1871,0.207801,-1.66071,extended
26.3387,421,-3.45841,-0.584385,-8.13349,-0.0846885,0.719852,-0.143544,0.0,0.0,0.0,0.0,4.39453,-26.3357,0.157755,-1.66525,extended
26.3988,422,-3.39135,0.210762,-6.66773,-0.0801611,-0.672981,0.133957,0.0,0.0,0.0,0.0,2.8125,-26.3352,0.107603,-1.66841,extended
26.4589,423,-7.6449,-0.680186,-8.38257,-0.0761664,-1.18617,0.104396,0.0,0.0,0.0,0.0,1.05469,-29.2604,0.0518002,-1.67029,extended
26.5189,424,-6.7827,-0.0862207,-7.72154,-0.00346211,-0.518251,0.0639159,0.0,0.0,0.0,0.0,-0.878906,-32.1868,-0.00961736,-1.67039,extended
26.579,425,-6.23663,0.210762,-7.70238,-0.066579,-0.307062,-0.0340885,0.0,0.0,0.0,0.0,-2.8125,-32.1751,-0.0710032,-1.66841,extended
26.6391,426,-5.29778,-0.162861,-7.82692,0.00559264,-0.333694,0.0711064,0.0,0.0,0.0,0.0,-4.39453,-26.335,-0.121155,-1.66525,extended
26.6992,427,-6.09293,-0.182021,-7.80776,-0.0484695,-0.645284,-0.0066579,0.0,0.0,0.0,0.0,-6.15234,-29.26,-0.176754,-1.66012,extended
26.7593,428,-6.55277,-0.105381,-8.00895,0.0402137,-0.367516,0.0135821,0.0,0.0,0.0,0.0,-7.73438,-26.3352,-0.226637,-1.65404,extended
26.8193,429,-5.71931,-0.124541,-7.65448,-0.0098537,-0.349939,-0.0295611,0.0,0.0,0.0,0.0,-9.14062,-23.4094,-0.270822,-1.64749,extended
26.8794,430,-6.09293,-0.191602,-7.77902,0.000798948,-0.342483,0.0181095,0.0,0.0,0.0,0.0,-10.1953,-17.558,-0.303848,-1.64186,extended
26.9395,431,-5.84385,-0.124541,-7.4054,-0.010919,-0.248739,0.0135821,0.0,0.0,0.0,0.0,-11.25,-17.5569,-0.336764,-1.63563,extended
27.0519,432,-5.58519,0.0191602,-7.04136,-0.0199737,-0.114782,0.0410127,0.0,0.0,0.0,0.0,-12.1289,-7.81613,-0.381754,-1.66277,seated
27.112,433,-5.80553,-0.287402,-7.03178,0.00585895,-0.212787,-0.0527306,0.0,0.0,0.0,0.0,-12.1289,0.0,-0.381754,-1.66277,seated
27.1721,434,-8.54543,0.325723,-6.88808,0.00292948,0.645817,-0.0660464,0.0,0.0,0.0,0.0,-12.3047,-2.92602,-0.387211,-1.66159,seated
27.2321,435,-8.16223,-0.162861,-7.97063,0.0340885,1.81814,-0.0628506,0.0,0.0,0.0,0.0,-12.4805,-2.9262,-0.392664,-1.66039,seated
27.2922,436,-6.07377,0.143701,-7.17548,-0.165649,2.51376,-0.046339,0.0,0.0,0.0,0.0,-12.1289,5.85219,-0.381754,-1.66277,seated
27.3523,437,-3.13269,-1.41785,-6.90724,-0.0439422,3.93589,0.0343548,0.0,0.0,0.0,0.0,-10.8984,20.4837,-0.343455,-1.67057,seated
27.4124,438,3.60211,-0.469424,-8.50711,-0.0189084,1.48604,0.223706,0.0,0.0,0.0,0.0,-9.66797,20.4833,-0.304998,-1.67755,seated
27.4724,439,0.929268,-0.680186,-10.7872,0.00878843,-0.511593,0.293214,0.0,0.0,0.0,0.0,-7.91016,29.2633,-0.249819,-1.68608,seated
27.5325,440,-3.21891,-0.699346,-9.4268,0.026099,0.141414,0.116646,0.0,0.0,0.0,0.0,-6.50391,23.4084,-0.205503,-1.69169,seated
27.5926,441,-3.0273,-0.728086,-9.77168,-0.00292948,0.855141,-0.10919,0.0,0.0,0.0,0.0,-5.09766,23.4091,-0.161063,-1.6962,seated
27.6526,442,-0.996328,-0.0383203,-10.5285,0.0375506,0.727309,-0.198938,0.0,0.0,0.0,0.0,-3.69141,23.4083,-0.116526,-1.69962,seated
27.7127,443,-1.07297,0.0479004,-9.27352,0.0567253,0.495082,-0.0460727,0.0,0.0,0.0,0.0,-1.75781,32.1875,-0.0551781,-1.70254,seated
27.7728,444,-1.85854,-0.411943,-10.5572,-0.015979,0.464189,0.0300937,0.0,0.0,0.0,0.0,0.175781,32.1878,0.00623368,-1.70339,seated
27.8329,445,-1.61903,-0.134121,-9.8579,0.0125169,0.720651,0.0777643,0.0,0.0,0.0,0.0,1.93359,29.2515,0.0620589,-1.70236,seated
27.893,446,-1.69567,-0.287402,-10.0399,-0.00905475,0.585895,0.12437,0.0,0.0,0.0,0.0,4.04297,35.1146,0.128968,-1.69887,seated
27.953,447,-1.80105,-0.325723,-9.86748,-0.0106526,0.564058,0.117712,0.0,0.0,0.0,0.0,5.80078,29.2591,0.184597,-1.69408,seated
28.0131,448,-1.41785,-0.421523,-9.88664,-0.0135821,0.569118,0.0423443,0.0,0.0,0.0,0.0,7.38281,26.3353,0.234517,-1.68831,seated
28.0732,449,-1.56155,-0.421523,-9.8579,0.0146474,0.480701,-0.0242348,0.0,0.0,0.0,0.0,8.78906,23.4088,0.278741,-1.68203,seated
28.1332,450,-1.54239,-0.335303,-9.65672,0.00878843,0.459662,-0.0583232,0.0,0.0,0.0,0.0,10.0195,20.4935,0.317301,-1.67564,seated
28.1933,451,-1.53281,-0.335303,-9.49386,0.015979,0.381631,-0.0130495,0.0,0.0,0.0,0.0,11.25,20.4834,0.355714,-1.66843,seated
28.2534,452,-1.57113,-0.364043,-9.50344,-0.00346211,0.322509,0.0367516,0.0,0.0,0.0,0.0,11.9531,11.705,0.377593,-1.66394,seated
28.3134,453,-1.39869,-0.344883,-9.38848,-0.00905475,0.251136,0.0865527,0.0,0.0,0.0,0.0,12.6562,11.7025,0.399414,-1.65918,seated
28.4273,454,-1.43701,-0.402363,-9.77168,-0.0130495,0.127565,0.0407464,0.0,0.0,0.0,0.0,13.0078,3.08814,0.427953,-1.6239,extended
28.4874,455,1.27415,-0.344883,-10.0495,-0.0199737,0.071639,0.098537,0.0,0.0,0.0,0.0,12.6562,-5.85236,0.417064,-1.62638,extended
28.5474,456,0.354463,-0.392783,-8.45921,0.0482032,-1.01999,-0.0633832,0.0,0.0,0.0,0.0,12.3047,-5.85273,0.406161,-1.62879,extended
28.6075,457,-0.919688,0.143701,-6.8306,0.0836233,-2.68819,0.103597,0.0,0.0,0.0,0.0,11.6016,-11.7047,0.38431,-1.63342,extended
28.6676,458,-5.59477,-1.22625,-7.09884,-0.0428769,-3.34972,-0.00479369,0.0,0.0,0.0,0.0,10.7227,-14.6311,0.35692,-1.63882,extended
28.7276,459,-11.065,0.220342,-7.71196,-0.01012,-2.41043,0.0255663,0.0,0.0,0.0,0.0,9.66797,-17.5574,0.323948,-1.64475,extended
28.7877,460,-9.00527,0.929268,-7.10842,0.114516,-0.21758,-0.000532632,0.0,0.0,0.0,0.0,8.26172,-23.4094,0.279825,-1.65171,extended
28.8478,461,-5.44148,-0.229922,-6.86892,0.02024,-0.245543,-0.0636496,0.0,0.0,0.0,0.0,6.32812,-32.1878,0.218904,-1.65951,extended
28.9079,462,-6.28453,-0.296982,-9.09149,-0.00372843,0.528637,-0.0490022,0.0,0.0,0.0,0.0,4.74609,-26.3369,0.168887,-1.66436,extended
28.9679,463,-2.81654,-0.421523,-6.61025,-0.12144,-0.447677,0.14168,0.0,0.0,0.0,0.0,3.16406,-26.3369,0.118755,-1.66783,extended
29.028,464,-6.41865,-0.143701,-8.54543,-0.111853,-1.13717,0.082558,0.0,0.0,0.0,0.0,1.23047,-32.1878,0.0573828,-1.67018,extended
29.0881,465,-7.71196,0.0766406,-7.86524,0.000798948,-0.629305,0.0980043,0.0,0.0,0.0,0.0,-0.703125,-32.189,-0.0040342,-1.67046,extended
29.1482,466,-6.16957,0.0862207,-7.57784,-0.0460727,-0.366717,-0.0356864,0.0,0.0,0.0,0.0,-2.46094,-29.2539,-0.0598476,-1.66892,extended
29.2082,467,-5.63309,-0.134121,-7.96105,0.0215716,-0.408795,0.0633832,0.0,0.0,0.0,0.0,-4.39453,-32.1858,-0.121155,-1.66525,extended
29.2683,468,-5.97797,0.0191602,-7.70238,-0.0356864,-0.591488,-0.00319579,0.0,0.0,0.0,0.0,-5.97656,-26.3347,-0.171201,-1.66071,extended
29.3284,469,-6.64857,-0.134121,-8.07601,0.0324906,-0.388555,0.010919,0.0,0.0,0.0,0.0,-7.55859,-26.3355,-0.221103,-1.65479,extended
29.3885,470,-5.41274,0.0670606,-7.4533,0.000532632,-0.335292,-0.0157127,0.0,0.0,0.0,0.0,-8.96484,-23.4085,-0.265308,-1.64837,extended
29.4485,471,-6.29411,-0.0862207,-7.58742,0.000798948,-0.327036,0.0359527,0.0,0.0,0.0,0.0,-10.5469,-26.335,-0.314833,-1.63985,extended
29.5086,472,-5.82469,-0.114961,-7.4533,-0.0125169,-0.240483,0.0191748,0.0,0.0,0.0,0.0,-11.25,-11.705,-0.336764,-1.63563,extended
29.6313,473,-5.74805,-0.0383203,-7.12758,-0.0141148,-0.140082,0.036219,0.0,0.0,0.0,0.0,-12.3047,-8.59605,-0.387211,-1.66159,seated
29.6914,474,-5.40316,-0.287402,-6.51445,0.00745685,-0.047138,0.000798948,0.0,0.0,0.0,0.0,-12.3047,0.0,-0.387211,-1.66159,seated
29.7514,475,-7.97063,-0.210762,-7.76944,0.0127832,0.371245,-0.107059,0.0,0.0,0.0,0.0,-12.4805,-2.92576,-0.392664,-1.66039,seated
29.8115,476,-8.61249,-0.335303,-7.27128,0.01012,1.51241,-0.00719053,0.0,0.0,0.0,0.0,-12.6562,-2.92618,-0.398114,-1.65918,seated
29.8716,477,-5.0008,0.0479004,-8.89989,-0.114782,2.22614,-0.125701,0.0,0.0,0.0,0.0,-12.3047,5.85224,-0.387211,-1.66159,seated
29.9317,478,-0.804727,-1.69567,-7.09884,0.0237021,3.75692,0.0569916,0.0,0.0,0.0,0.0,-11.0742,20.4828,-0.348936,-1.66951,seated
29.9917,479,4.7613,-1.16877,-8.40173,0.0117179,2.55637,0.183758,0.0,0.0,0.0,0.0,-9.84375,20.4835,-0.310501,-1.67661,seated
30.0518,480,-1.29331,-0.775986,-10.0878,0.00452737,-0.576308,0.351005,0.0,0.0,0.0,0.0,-8.08594,29.2616,-0.255348,-1.68531,seated
30.1119,481,-3.98531,-0.986748,-9.91538,0.0221042,-0.0370179,0.194144,0.0,0.0,0.0,0.0,-6.50391,26.3346,-0.205503,-1.69169,seated
30.172,482,-2.3567,-0.536484,-9.88664,-0.00319579,0.735831,-0.127033,0.0,0.0,0.0,0.0,-5.27344,20.4834,-0.166624,-1.6957,seated
30.232,483,-0.574805,-0.153281,-10.471,0.0255663,0.787497,-0.198672,0.0,0.0,0.0,0.0,-3.69141,26.3349,-0.116526,-1.69962,seated
30.2921,484,-0.986748,-0.00958008,-9.73336,0.0593885,0.556334,-0.0695085,0.0,0.0,0.0,0.0,-1.58203,35.1148,-0.0495968,-1.70271,seated
30.3522,485,-1.66693,-0.364043,-10.4135,-0.00213053,0.444482,0.00239685,0.0,0.0,0.0,0.0,0.175781,29.2609,0.00623368,-1.70339,seated
30.4122,486,-1.76273,-0.0670606,-9.8579,0.0111853,0.743022,0.0551274,0.0,0.0,0.0,0.0,2.10938,32.1875,0.0676391,-1.70217,seated
30.4723,487,-1.59029,-0.325723,-10.1549,-0.0117179,0.597081,0.127832,0.0,0.0,0.0,0.0,4.04297,32.1868,0.128968,-1.69887,seated
30.5324,488,-1.71483,-0.325723,-10.0208,-0.00479369,0.558998,0.13449,0.0,0.0,0.0,0.0,5.97656,32.1868,0.190151,-1.69351,seated
30.5925,489,-1.47533,-0.364043,-10.0208,-0.0154463,0.595749,0.0577906,0.0,0.0,0.0,0.0,7.55859,26.3363,0.240053,-1.68759,seated
30.6525,490,-1.45617,-0.335303,-9.7142,0.0114516,0.482565,-0.0242348,0.0,0.0,0.0,0.0,9.14062,26.3355,0.289772,-1.68029,seated
30.7126,491,-1.55197,-0.325723,-9.62798,0.0125169,0.473244,-0.0561927,0.0,0.0,0.0,0.0,10.1953,17.5569,0.322798,-1.67466,seated
30.7727,492,-1.45617,-0.344883,-9.6184,0.0167779,0.402936,-0.0324906,0.0,0.0,0.0,0.0,11.25,17.5569,0.355714,-1.66843,seated
30.8328,493,-1.54239,-0.316143,-9.43638,-0.00745685,0.327303,0.0237021,0.0,0.0,0.0,0.0,12.1289,14.6303,0.383054,-1.66277,seated
30.8928,494,-1.40827,-0.316143,-9.2831,-0.0098537,0.245011,0.0910801,0.0,0.0,0.0,0.0,12.832,11.7057,0.40486,-1.65795,seated
31.0469,495,-1.06339,-0.383203,-9.18729,-0.0106526,0.0396811,0.04048,0.0,0.0,0.0,0.0,12.832,0.0,0.42251,-1.62515,extended
31.107,496,-0.364043,-0.277822,-9.92496,-0.0308927,-0.0484695,0.0639159,0.0,0.0,0.0,0.0,12.832,0.0,0.42251,-1.62515,extended
31.1671,497,1.91602,-0.900527,-9.11065,0.0703075,-1.44876,0.0490022,0.0,0.0,0.0,0.0,12.1289,-11.7045,0.400704,-1.62997,extended
31.2272,498,-2.36628,0.0958008,-8.33467,-0.03542,-2.91297,0.0886833,0.0,0.0,0.0,0.0,11.4258,-11.7048,0.378839,-1.63453,extended
31.2872,499,-4.09069,-0.162861,-6.60067,-0.00506001,-3.45199,0.0284958,0.0,0.0,0.0,0.0,10.3711,-17.5569,0.345942,-1.64087,extended
31.3473,500,-10.8063,-0.316143,-7.76944,0.0213053,-1.64796,-0.0865527,0.0,0.0,0.0,0.0,8.96484,-23.4096,0.301908,-1.64837,extended
