1.40667e-05,0,-5.41274,-0.0191602,-7.52036,0.00239685,0.0980043,0.0223706,0.0,0.0,0.0,0.0,-0.351562,0.0,-0.0105173,-1.70337,seated
0.060086,1,-8.77535,0.105381,-7.39582,0.0495348,0.0410127,-0.131028,0.0,0.0,0.0,0.0,-0.351562,0.0,-0.0105173,-1.70337,seated
0.120169,2,-8.46879,0.574805,-7.5491,0.0380832,1.4176,-0.0631169,0.0,0.0,0.0,0.0,-0.351562,0.0,-0.0105173,-1.70337,seated
0.180236,3,-4.25355,-0.172441,-7.95147,0.0181095,2.57821,-0.0660464,0.0,0.0,0.0,0.0,-0.351562,0.0,-0.0105173,-1.70337,seated
0.240308,4,-3.84161,0.114961,-9.89622,-0.0263653,2.92894,0.00452737,0.0,0.0,0.0,0.0,-0.175781,2.92618,-0.00493368,-1.70339,seated
0.300382,5,4.9529,0.201182,-7.2138,-0.156061,2.28286,0.101466,0.0,0.0,0.0,0.0,0.0,2.92607,0.00065,-1.7034,seated
0.360457,6,-3.20933,0.0479004,-11.544,0.0253,-0.194677,0.331564,0.0,0.0,0.0,0.0,0.527344,8.77808,0.0174008,-1.70332,seated
0.420525,7,-4.70382,-0.958008,-9.39806,0.000266316,-0.479369,0.258859,0.0,0.0,0.0,0.0,0.351562,-2.92638,0.0118173,-1.70337,seated
0.480595,8,0.191602,-0.296982,-9.38848,-0.0335558,0.684965,-0.0932106,0.0,0.0,0.0,0.0,0.351562,0.0,0.0118173,-1.70337,seated
0.540664,9,0.114961,-0.258662,-9.62798,0.00559264,0.03036,-0.14168,0.0,0.0,0.0,0.0,0.175781,-2.92632,0.00623368,-1.70339,seated
0.600732,10,-1.40827,-0.306563,-9.12982,0.0548611,-0.0719054,-0.110521,0.0,0.0,0.0,0.0,0.0,-2.92638,0.00065,-1.7034,seated
0.660802,11,-1.10171,-0.546064,-10.0495,0.0133158,0.0633832,-0.0258327,0.0,0.0,0.0,0.0,0.0,0.0,0.00065,-1.7034,seated
0.720872,12,-0.996328,-0.364043,-9.7142,-0.0282295,-0.0367516,0.0798948,0.0,0.0,0.0,0.0,0.0,0.0,0.00065,-1.7034,seated
0.780941,13,-0.967588,-0.287402,-9.53218,-0.0298274,0.0751011,0.136088,0.0,0.0,0.0,0.0,0.0,0.0,0.00065,-1.7034,seated
0.841009,14,-1.37953,-0.335303,-9.97286,-0.0127832,-0.00852212,0.129696,0.0,0.0,0.0,0.0,0.0,0.0,0.00065,-1.7034,seated
0.90108,15,-1.07297,-0.364043,-9.84832,-0.0183758,0.010919,0.0420779,0.0,0.0,0.0,0.0,-0.175781,-2.92623,-0.00493368,-1.70339,seated
0.96115,16,-0.996328,-0.354463,-9.45554,0.0167779,-0.0114516,-0.03542,0.0,0.0,0.0,0.0,-0.351562,-2.92627,-0.0105173,-1.70337,seated
1.02122,17,-0.986748,-0.402363,-9.84832,0.00932106,0.00639159,-0.0697748,0.0,0.0,0.0,0.0,-0.703125,-5.85266,-0.0216842,-1.70326,seated
1.08128,18,-1.12087,-0.316143,-9.97286,-0.00559264,-0.00133158,-0.0119842,0.0,0.0,0.0,0.0,-0.878906,-2.92647,-0.0272674,-1.70319,seated
1.14136,19,-0.967588,-0.335303,-9.5705,-0.00559264,-0.00852212,0.0806938,0.0,0.0,0.0,0.0,-0.878906,0.0,-0.0272674,-1.70319,seated
1.20142,20,-1.14003,-0.364043,-9.84832,-0.0119842,-0.00292948,0.0966728,0.0,0.0,0.0,0.0,-0.878906,0.0,-0.0272674,-1.70319,seated
1.26149,21,-1.11129,-0.431104,-9.87706,-0.0229032,-0.00319579,0.0900148,0.0,0.0,0.0,0.0,-1.05469,-2.92627,-0.0328502,-1.70309,seated
1.32157,22,-1.03465,-0.383203,-9.59924,-0.00426106,0.00213053,0.0468716,0.0,0.0,0.0,0.0,-1.05469,0.0,-0.0328502,-1.70309,seated
1.38164,23,-1.08255,-0.431104,-9.89622,0.0,0.00213053,-0.00852212,0.0,0.0,0.0,0.0,-1.23047,-2.92636,-0.0384328,-1.70298,seated
1.4417,24,-1.07297,-0.383203,-9.7621,0.000532632,0.00346211,-0.0380832,0.0,0.0,0.0,0.0,-1.40625,-2.92633,-0.044015,-1.70285,seated
1.50178,25,-1.06339,-0.296982,-9.65672,0.0125169,0.00692422,-0.01518,0.0,0.0,0.0,0.0,-1.40625,0.0,-0.044015,-1.70285,seated
1.56185,26,-1.11129,-0.383203,-9.8579,-0.00426106,0.0175769,0.0356864,0.0,0.0,0.0,0.0,-1.58203,-2.92623,-0.0495968,-1.70271,seated
1.62192,27,-1.07297,-0.364043,-9.7621,-0.0199737,0.015979,0.0689759,0.0,0.0,0.0,0.0,-1.58203,0.0,-0.0495968,-1.70271,seated
1.68199,28,-1.03465,-0.392783,-9.69504,-0.01012,0.0279632,0.072438,0.0,0.0,0.0,0.0,-1.40625,2.92632,-0.044015,-1.70285,seated
1.74205,29,-1.11129,-0.392783,-9.79084,-0.00852212,0.0306264,0.0410127,0.0,0.0,0.0,0.0,-1.40625,0.0,-0.044015,-1.70285,seated
1.80212,30,-1.08255,-0.383203,-9.84832,-0.00452737,0.0338221,-0.000798948,0.0,0.0,0.0,0.0,-1.40625,0.0,-0.044015,-1.70285,seated
1.86216,31,-1.03465,-0.344883,-9.69504,0.00266316,0.0396811,-0.0239685,0.0,0.0,0.0,0.0,-1.40625,0.0,-0.044015,-1.70285,seated
1.92222,32,-1.09213,-0.344883,-9.84832,0.0015979,0.0479369,-0.00719053,0.0,0.0,0.0,0.0,-1.40625,0.0,-0.044015,-1.70285,seated
1.98229,33,-1.12087,-0.335303,-9.79084,-0.0117179,0.0532632,0.0253,0.0,0.0,0.0,0.0,-1.40625,0.0,-0.044015,-1.70285,seated
2.04236,34,-1.05381,-0.335303,-9.73336,-0.01518,0.061519,0.0596548,0.0,0.0,0.0,0.0,-1.23047,2.92613,-0.0384328,-1.70298,seated
2.10244,35,-1.06339,-0.354463,-9.70462,-0.00372843,0.0625843,0.0593885,0.0,0.0,0.0,0.0,-1.05469,2.92623,-0.0328502,-1.70309,seated
2.1625,36,-1.08255,-0.364043,-9.75252,-0.00905475,0.0671117,0.03542,0.0,0.0,0.0,0.0,-1.05469,0.0,-0.0328502,-1.70309,seated
2.22258,37,-1.09213,-0.364043,-9.70462,0.00106526,0.0679106,0.00426106,0.0,0.0,0.0,0.0,-0.878906,2.92623,-0.0272674,-1.70319,seated
2.28265,38,-1.11129,-0.383203,-9.84832,0.000532632,0.0751011,-0.01518,0.0,0.0,0.0,0.0,-0.703125,2.92598,-0.0216842,-1.70326,seated
2.34272,39,-1.09213,-0.306563,-9.78126,-0.000266316,0.0676443,0.00772317,0.0,0.0,0.0,0.0,-0.703125,0.0,-0.0216842,-1.70326,seated
2.40279,40,-1.04423,-0.344883,-9.73336,-0.00719053,0.0764327,0.0327569,0.0,0.0,0.0,0.0,-0.527344,2.92632,-0.0161008,-1.70332,seated
2.46287,41,-1.04423,-0.373623,-9.7621,-0.00932106,0.0769654,0.0532632,0.0,0.0,0.0,0.0,-0.351562,2.92593,-0.0105173,-1.70337,seated
2.52293,42,-1.06339,-0.402363,-9.84832,-0.0117179,0.0700411,0.0506001,0.0,0.0,0.0,0.0,-0.351562,0.0,-0.0105173,-1.70337,seated
2.583,43,-1.08255,-0.373623,-9.72378,-0.00745685,0.0700411,0.0258327,0.0,0.0,0.0,0.0,-0.175781,2.92632,-0.00493368,-1.70339,seated
2.64307,44,-1.11129,-0.354463,-9.77168,-0.00292948,0.0652474,-0.00213053,0.0,0.0,0.0,0.0,0.0,2.92627,0.00065,-1.7034,seated
2.70314,45,-1.09213,-0.316143,-9.74294,0.00213053,0.0593885,-0.00239685,0.0,0.0,0.0,0.0,0.0,0.0,0.00065,-1.7034,seated
2.76321,46,-1.08255,-0.344883,-9.73336,-0.00266316,0.0548611,0.0133158,0.0,0.0,0.0,0.0,0.0,0.0,0.00065,-1.7034,seated
2.82328,47,-1.05381,-0.316143,-9.70462,-0.00372843,0.057258,0.0332895,0.0,0.0,0.0,0.0,0.175781,2.92638,0.00623368,-1.70339,seated
2.88335,48,-1.11129,-0.373623,-9.84832,-0.00745685,0.0484695,0.0484695,0.0,0.0,0.0,0.0,0.175781,0.0,0.00623368,-1.70339,seated
2.94342,49,-1.06339,-0.364043,-9.74294,-0.00852212,0.0426106,0.0399474,0.0,0.0,0.0,0.0,0.175781,0.0,0.00623368,-1.70339,seated
3.00349,50,-1.08255,-0.383203,-9.7621,-0.00559264,0.0367516,0.0178432,0.0,0.0,0.0,0.0,0.175781,0.0,0.00623368,-1.70339,seated
3.06356,51,-1.09213,-0.373623,-9.7621,0.000266316,0.0306264,0.00426106,0.0,0.0,0.0,0.0,0.175781,0.0,0.00623368,-1.70339,seated
3.12363,52,-1.07297,-0.344883,-9.73336,-0.00532632,0.0231695,0.00452737,0.0,0.0,0.0,0.0,0.175781,0.0,0.00623368,-1.70339,seated
3.1837,53,-1.08255,-0.325723,-9.72378,-0.00745685,0.0199737,0.021039,0.0,0.0,0.0,0.0,0.0,-2.92623,0.00065,-1.7034,seated
3.24377,54,-1.10171,-0.344883,-9.73336,-0.01012,0.0133158,0.0391485,0.0,0.0,0.0,0.0,0.0,0.0,0.00065,-1.7034,seated
3.30384,55,-1.06339,-0.344883,-9.70462,-0.00559264,0.01012,0.0436758,0.0,0.0,0.0,0.0,0.0,0.0,0.00065,-1.7034,seated
3.36391,56,-1.07297,-0.373623,-9.7621,-0.00772317,0.00585895,0.0274306,0.0,0.0,0.0,0.0,-0.175781,-2.92638,-0.00493368,-1.70339,seated
3.42397,57,-1.11129,-0.364043,-9.74294,-0.00905475,0.0015979,0.01518,0.0,0.0,0.0,0.0,-0.351562,-2.92647,-0.0105173,-1.70337,seated
3.48404,58,-1.09213,-0.364043,-9.81,-0.00585895,-0.00239685,0.00479369,0.0,0.0,0.0,0.0,-0.351562,0.0,-0.0105173,-1.70337,seated
3.54411,59,-1.07297,-0.344883,-9.77168,-0.00133158,-0.00213053,0.0162453,0.0,0.0,0.0,0.0,-0.527344,-2.92632,-0.0161008,-1.70332,seated
3.60416,60,-1.08255,-0.383203,-9.7621,-0.00559264,0.0,0.0284958,0.0,0.0,0.0,0.0,-0.703125,-2.92731,-0.0216842,-1.70326,seated
3.66423,61,-1.09213,-0.335303,-9.74294,-0.00798948,-0.00292948,0.0423443,0.0,0.0,0.0,0.0,-0.703125,0.0,-0.0216842,-1.70326,seated
3.7243,62,-1.09213,-0.373623,-9.7142,-0.00585895,-0.00346211,0.0407464,0.0,0.0,0.0,0.0,-0.878906,-2.92638,-0.0272674,-1.70319,seated
3.78437,63,-1.09213,-0.364043,-9.73336,-0.00798948,-0.0015979,0.0213053,0.0,0.0,0.0,0.0,-1.05469,-2.92623,-0.0328502,-1.70309,seated
3.84444,64,-1.11129,-0.354463,-9.72378,-0.00346211,-0.00213053,0.00905475,0.0,0.0,0.0,0.0,-1.05469,0.0,-0.0328502,-1.70309,seated
3.90451,65,-1.07297,-0.364043,-9.7621,-0.00532632,0.00213053,0.00772317,0.0,0.0,0.0,0.0,-1.23047,-2.92623,-0.0384328,-1.70298,seated
3.96458,66,-1.11129,-0.373623,-9.77168,-0.00106526,0.00346211,0.0183758,0.0,0.0,0.0,0.0,-1.40625,-2.92632,-0.044015,-1.70285,seated
4.02465,67,-1.06339,-0.335303,-9.72378,-0.00745685,0.0114516,0.03542,0.0,0.0,0.0,0.0,-1.40625,0.0,-0.044015,-1.70285,seated
4.08473,68,-1.06339,-0.325723,-9.75252,-0.00772317,0.0135821,0.0338221,0.0,0.0,0.0,0.0,-1.40625,0.0,-0.044015,-1.70285,seated
4.1448,69,-1.09213,-0.402363,-9.84832,-0.00745685,0.0191748,0.0308927,0.0,0.0,0.0,0.0,-1.40625,0.0,-0.044015,-1.70285,seated
4.20487,70,-1.06339,-0.354463,-9.77168,-0.00452737,0.0234358,0.0221042,0.0,0.0,0.0,0.0,-1.58203,-2.92604,-0.0495968,-1.70271,seated
4.26495,71,-1.06339,-0.364043,-9.72378,-0.00239685,0.0319579,0.00745685,0.0,0.0,0.0,0.0,-1.58203,0.0,-0.0495968,-1.70271,seated
4.32502,72,-1.07297,-0.344883,-9.74294,-0.0066579,0.0359527,0.0141148,0.0,0.0,0.0,0.0,-1.58203,0.0,-0.0495968,-1.70271,seated
4.38509,73,-1.09213,-0.344883,-9.74294,-0.00266316,0.0410127,0.0253,0.0,0.0,0.0,0.0,-1.40625,2.92623,-0.044015,-1.70285,seated
4.44516,74,-1.09213,-0.344883,-9.7142,-0.0066579,0.047138,0.0340885,0.0,0.0,0.0,0.0,-1.40625,0.0,-0.044015,-1.70285,seated
4.50524,75,-1.10171,-0.344883,-9.84832,-0.00639159,0.056459,0.0335558,0.0,0.0,0.0,0.0,-1.40625,0.0,-0.044015,-1.70285,seated
4.56531,76,-1.11129,-0.373623,-9.7621,-0.00585895,0.0569916,0.0223706,0.0,0.0,0.0,0.0,-1.23047,2.92598,-0.0384328,-1.70298,seated
4.62538,77,-1.09213,-0.373623,-9.7621,-0.00372843,0.0639159,0.01012,0.0,0.0,0.0,0.0,-1.23047,0.0,-0.0384328,-1.70298,seated
4.68545,78,-1.10171,-0.383203,-9.77168,0.0,0.0676443,0.0098537,0.0,0.0,0.0,0.0,-1.05469,2.92628,-0.0328502,-1.70309,seated
4.74552,79,-1.08255,-0.354463,-9.78126,-0.00719053,0.0681769,0.0199737,0.0,0.0,0.0,0.0,-0.878906,2.92634,-0.0272674,-1.70319,seated
4.80559,80,-1.08255,-0.354463,-9.75252,-0.00266316,0.0753675,0.0282295,0.0,0.0,0.0,0.0,-0.703125,2.92632,-0.0216842,-1.70326,seated
4.86566,81,-1.13045,-0.335303,-9.75252,-0.00852212,0.0737696,0.0327569,0.0,0.0,0.0,0.0,-0.703125,0.0,-0.0216842,-1.70326,seated
4.92573,82,-1.09213,-0.306563,-9.73336,-0.00585895,0.0732369,0.0306264,0.0,0.0,0.0,0.0,-0.527344,2.92618,-0.0161008,-1.70332,seated
4.9858,83,-1.08255,-0.364043,-9.73336,-0.00559264,0.0721717,0.015979,0.0,0.0,0.0,0.0,-0.351562,2.92627,-0.0105173,-1.70337,seated
5.04588,84,-1.07297,-0.354463,-9.73336,-0.00639159,0.072438,0.015979,0.0,0.0,0.0,0.0,-0.351562,0.0,-0.0105173,-1.70337,seated
5.10595,85,-1.12087,-0.325723,-9.7621,-0.00559264,0.0681769,0.0154463,0.0,0.0,0.0,0.0,-0.175781,2.92627,-0.00493368,-1.70339,seated
5.16601,86,-1.08255,-0.364043,-9.77168,-0.00479369,0.0676443,0.0221042,0.0,0.0,0.0,0.0,0.0,2.92632,0.00065,-1.7034,seated
5.22608,87,-1.12087,-0.344883,-9.74294,-0.00905475,0.0639159,0.0295611,0.0,0.0,0.0,0.0,0.0,0.0,0.00065,-1.7034,seated
5.28616,88,-1.10171,-0.364043,-9.74294,-0.00346211,0.0604538,0.0319579,0.0,0.0,0.0,0.0,0.0,0.0,0.00065,-1.7034,seated
5.34623,89,-1.07297,-0.383203,-9.74294,-0.00719053,0.0545948,0.0223706,0.0,0.0,0.0,0.0,0.175781,2.92609,0.00623368,-1.70339,seated
5.4063,90,-1.09213,-0.383203,-9.72378,-0.000532632,0.0490022,0.0135821,0.0,0.0,0.0,0.0,0.175781,0.0,0.00623368,-1.70339,seated
5.46637,91,-1.08255,-0.373623,-9.74294,-0.00452737,0.041279,0.0162453,0.0,0.0,0.0,0.0,0.175781,0.0,0.00623368,-1.70339,seated
5.52644,92,-1.09213,-0.335303,-9.72378,-0.00106526,0.0386158,0.0223706,0.0,0.0,0.0,0.0,0.175781,0.0,0.00623368,-1.70339,seated
5.58651,93,-1.07297,-0.344883,-9.72378,-0.0066579,0.0343548,0.0332895,0.0,0.0,0.0,0.0,0.175781,0.0,0.00623368,-1.70339,seated
5.64657,94,-1.09213,-0.354463,-9.74294,-0.00266316,0.0276969,0.0316916,0.0,0.0,0.0,0.0,0.175781,0.0,0.00623368,-1.70339,seated
5.70665,95,-1.09213,-0.344883,-9.7621,-0.00319579,0.02024,0.026099,0.0,0.0,0.0,0.0,0.175781,0.0,0.00623368,-1.70339,seated
5.76672,96,-1.09213,-0.364043,-9.79084,-0.00319579,0.0154463,0.0175769,0.0,0.0,0.0,0.0,0.0,-2.92627,0.00065,-1.7034,seated
5.82679,97,-1.07297,-0.383203,-9.7621,-0.00372843,0.0127832,0.0167779,0.0,0.0,0.0,0.0,0.0,0.0,0.00065,-1.7034,seated
5.88686,98,-1.07297,-0.344883,-9.78126,-0.00719053,0.00639159,0.0181095,0.0,0.0,0.0,0.0,-0.175781,-2.92627,-0.00493368,-1.70339,seated
5.94693,99,-1.08255,-0.364043,-9.7621,-0.00506001,0.00452737,0.0279632,0.0,0.0,0.0,0.0,-0.351562,-2.92627,-0.0105173,-1.70337,seated
6.00699,100,-1.07297,-0.344883,-9.74294,-0.00479369,-0.00346211,0.0322242,0.0,0.0,0.0,0.0,-0.351562,0.0,-0.0105173,-1.70337,seated
6.06706,101,-1.08255,-0.354463,-9.84832,-0.0098537,0.00372843,0.0237021,0.0,0.0,0.0,0.0,-0.527344,-2.92638,-0.0161008,-1.70332,seated
6.12713,102,-1.10171,-0.354463,-9.77168,-0.00133158,-0.00372843,0.0239685,0.0,0.0,0.0,0.0,-0.703125,-2.92624,-0.0216842,-1.70326,seated
6.18721,103,-1.09213,-0.364043,-9.7621,-0.00639159,-0.00346211,0.0191748,0.0,0.0,0.0,0.0,-0.703125,0.0,-0.0216842,-1.70326,seated
6.24727,104,-1.09213,-0.344883,-9.84832,-0.0015979,-0.00213053,0.0213053,0.0,0.0,0.0,0.0,-0.878906,-2.92633,-0.0272674,-1.70319,seated
6.30735,105,-1.07297,-0.344883,-9.84832,-0.00532632,-0.00213053,0.0221042,0.0,0.0,0.0,0.0,-1.05469,-2.92624,-0.0328502,-1.70309,seated
6.36741,106,-1.09213,-0.335303,-9.74294,-0.0066579,-0.00479369,0.0279632,0.0,0.0,0.0,0.0,-1.05469,0.0,-0.0328502,-1.70309,seated
6.42749,107,-1.09213,-0.364043,-9.7621,-0.00372843,0.00292948,0.0335558,0.0,0.0,0.0,0.0,-1.23047,-2.92617,-0.0384328,-1.70298,seated
6.48756,108,-1.10171,-0.354463,-9.7621,-0.00266316,0.00506001,0.0245011,0.0,0.0,0.0,0.0,-1.40625,-2.92619,-0.044015,-1.70285,seated
6.54763,109,-1.07297,-0.364043,-9.74294,-0.00506001,0.0098537,0.021039,0.0,0.0,0.0,0.0,-1.40625,0.0,-0.044015,-1.70285,seated
6.6077,110,-1.11129,-0.344883,-9.73336,-0.00506001,0.0162453,0.0213053,0.0,0.0,0.0,0.0,-1.40625,0.0,-0.044015,-1.70285,seated
6.66777,111,-1.06339,-0.364043,-9.70462,-0.00692422,0.0181095,0.0197074,0.0,0.0,0.0,0.0,-1.40625,0.0,-0.044015,-1.70285,seated
6.72784,112,-1.10171,-0.354463,-9.72378,-0.00452737,0.0239685,0.0266316,0.0,0.0,0.0,0.0,-1.40625,0.0,-0.044015,-1.70285,seated
6.78791,113,-1.11129,-0.354463,-9.78126,-0.00692422,0.0276969,0.0295611,0.0,0.0,0.0,0.0,-1.58203,-2.92628,-0.0495968,-1.70271,seated
6.84798,114,-1.08255,-0.335303,-9.77168,-0.00346211,0.0367516,0.0282295,0.0,0.0,0.0,0.0,-1.40625,2.92619,-0.044015,-1.70285,seated
6.90805,115,-1.07297,-0.364043,-9.7621,-0.0066579,0.0396811,0.0221042,0.0,0.0,0.0,0.0,-1.40625,0.0,-0.044015,-1.70285,seated
6.96813,116,-1.10171,-0.364043,-9.75252,-0.0015979,0.0452737,0.0215716,0.0,0.0,0.0,0.0,-1.40625,0.0,-0.044015,-1.70285,seated
7.02819,117,-1.11129,-0.373623,-9.74294,-0.000532632,0.0490022,0.0213053,0.0,0.0,0.0,0.0,-1.40625,0.0,-0.044015,-1.70285,seated
7.08826,118,-1.08255,-0.344883,-9.7621,-0.00426106,0.0543285,0.0258327,0.0,0.0,0.0,0.0,-1.23047,2.92627,-0.0384328,-1.70298,seated
7.14833,119,-1.06339,-0.354463,-9.84832,-0.00479369,0.0612527,0.0284958,0.0,0.0,0.0,0.0,-1.23047,0.0,-0.0384328,-1.70298,seated
7.2084,120,-1.08255,-0.373623,-9.73336,-0.00639159,0.0671117,0.0242348,0.0,0.0,0.0,0.0,-1.05469,2.92635,-0.0328502,-1.70309,seated
7.26847,121,-1.12087,-0.364043,-9.73336,-0.00639159,0.0676443,0.0218379,0.0,0.0,0.0,0.0,-0.878906,2.92617,-0.0272674,-1.70319,seated
7.32854,122,-1.07297,-0.344883,-9.73336,-0.0066579,0.071639,0.0213053,0.0,0.0,0.0,0.0,-0.878906,0.0,-0.0272674,-1.70319,seated
7.38861,123,-1.09213,-0.335303,-9.77168,-0.00452737,0.0721717,0.0213053,0.0,0.0,0.0,0.0,-0.703125,2.92621,-0.0216842,-1.70326,seated
7.44868,124,-1.11129,-0.344883,-9.72378,-0.00479369,0.0721717,0.0215716,0.0,0.0,0.0,0.0,-0.527344,2.92631,-0.0161008,-1.70332,seated
7.50875,125,-1.09213,-0.354463,-9.77168,-0.00692422,0.0711064,0.0298274,0.0,0.0,0.0,0.0,-0.351562,2.92621,-0.0105173,-1.70337,seated
7.56882,126,-1.10171,-0.364043,-9.77168,-0.00719053,0.0753675,0.0292948,0.0,0.0,0.0,0.0,-0.351562,0.0,-0.0105173,-1.70337,seated
7.62889,127,-1.06339,-0.335303,-9.74294,-0.00346211,0.071639,0.0274306,0.0,0.0,0.0,0.0,-0.175781,2.92636,-0.00493368,-1.70339,seated
7.68896,128,-1.11129,-0.354463,-9.74294,-0.00585895,0.0652474,0.0199737,0.0,0.0,0.0,0.0,-0.175781,0.0,-0.00493368,-1.70339,seated
7.74903,129,-1.07297,-0.354463,-9.7142,-0.00452737,0.0631169,0.0149137,0.0,0.0,0.0,0.0,0.0,2.92627,0.00065,-1.7034,seated
7.8091,130,-1.10171,-0.373623,-9.73336,-0.00452737,0.0625843,0.0221042,0.0,0.0,0.0,0.0,0.0,0.0,0.00065,-1.7034,seated
7.86915,131,-1.12087,-0.354463,-9.78126,-0.00319579,0.0567253,0.026099,0.0,0.0,0.0,0.0,0.175781,2.92705,0.00623368,-1.70339,seated
7.92922,132,-1.06339,-0.364043,-9.75252,-0.00532632,0.051399,0.0284958,0.0,0.0,0.0,0.0,0.175781,0.0,0.00623368,-1.70339,seated
7.98929,133,-1.09213,-0.364043,-9.74294,-0.00506001,0.0482032,0.0258327,0.0,0.0,0.0,0.0,0.175781,0.0,0.00623368,-1.70339,seated
8.04936,134,-1.09213,-0.373623,-9.75252,-0.000266316,0.04048,0.0205063,0.0,0.0,0.0,0.0,0.175781,0.0,0.00623368,-1.70339,seated
8.10943,135,-1.09213,-0.344883,-9.7621,-0.00372843,0.0324906,0.0239685,0.0,0.0,0.0,0.0,0.175781,0.0,0.00623368,-1.70339,seated
8.1695,136,-1.09213,-0.344883,-9.74294,-0.00213053,0.0314253,0.0205063,0.0,0.0,0.0,0.0,0.175781,0.0,0.00623368,-1.70339,seated
8.22957,137,-1.08255,-0.325723,-9.75252,-0.00372843,0.000532632,0.02024,0.0,0.0,0.0,0.0,-0.351562,-8.77944,-0.0105173,-1.70337,seated
8.55666,138,-1.11129,-0.344883,-9.7621,-0.00479369,0.00133158,0.02024,0.0,0.0,0.0,0.0,-0.351562,0.0,-0.0105173,-1.70337,seated
8.61673,139,-1.05381,-0.364043,-9.73336,-0.00426106,-0.000532632,0.0266316,0.0,0.0,0.0,0.0,-0.527344,-2.92626,-0.0161008,-1.70332,seated
8.6768,140,-1.07297,-0.364043,-9.74294,-0.00639159,-0.00239685,0.0258327,0.0,0.0,0.0,0.0,-0.703125,-2.92592,-0.0216842,-1.70326,seated
8.73687,141,-1.09213,-0.354463,-9.74294,-0.00585895,-0.00239685,0.026099,0.0,0.0,0.0,0.0,-0.703125,0.0,-0.0216842,-1.70326,seated
8.79694,142,-1.08255,-0.364043,-9.74294,-0.00585895,-0.00372843,0.0231695,0.0,0.0,0.0,0.0,-0.878906,-2.92629,-0.0272674,-1.70319,seated
8.85701,143,-1.09213,-0.344883,-9.74294,-0.00426106,0.000266316,0.0231695,0.0,0.0,0.0,0.0,-1.05469,-2.92629,-0.0328502,-1.70309,seated
8.91708,144,-1.10171,-0.392783,-9.7621,-0.00346211,0.000266316,0.0215716,0.0,0.0,0.0,0.0,-1.05469,0.0,-0.0328502,-1.70309,seated
8.97715,145,-1.13045,-0.344883,-9.7621,-0.00426106,0.00319579,0.0250337,0.0,0.0,0.0,0.0,-1.23047,-2.92632,-0.0384328,-1.70298,seated
9.03722,146,-1.09213,-0.364043,-9.74294,-0.00745685,0.00585895,0.0239685,0.0,0.0,0.0,0.0,-1.23047,0.0,-0.0384328,-1.70298,seated
9.09729,147,-1.08255,-0.383203,-9.7621,-0.00745685,0.00932106,0.0189084,0.0,0.0,0.0,0.0,-1.40625,-2.92638,-0.044015,-1.70285,seated
9.15736,148,-1.08255,-0.364043,-9.74294,-0.00106526,0.0149137,0.0213053,0.0,0.0,0.0,0.0,-1.40625,0.0,-0.044015,-1.70285,seated
9.21743,149,-1.08255,-0.354463,-9.74294,-0.00745685,0.0175769,0.0239685,0.0,0.0,0.0,0.0,-1.40625,0.0,-0.044015,-1.70285,seated
9.2775,150,-1.09213,-0.316143,-9.74294,-0.00559264,0.026099,0.0245011,0.0,0.0,0.0,0.0,-1.40625,0.0,-0.044015,-1.70285,seated
9.33757,151,-1.10171,-0.306563,-9.72378,-0.00319579,0.0324906,0.0223706,0.0,0.0,0.0,0.0,-1.40625,0.0,-0.044015,-1.70285,seated
9.39764,152,-1.11129,-0.364043,-9.74294,-0.00506001,0.0348874,0.0255663,0.0,0.0,0.0,0.0,-1.40625,0.0,-0.044015,-1.70285,seated
9.45771,153,-1.09213,-0.364043,-9.7621,-0.00426106,0.0426106,0.0245011,0.0,0.0,0.0,0.0,-1.40625,0.0,-0.044015,-1.70285,seated
9.51778,154,-1.06339,-0.392783,-9.7621,-0.00452737,0.046339,0.021039,0.0,0.0,0.0,0.0,-1.40625,0.0,-0.044015,-1.70285,seated
9.57785,155,-1.06339,-0.344883,-9.7621,-0.00319579,0.0543285,0.0194411,0.0,0.0,0.0,0.0,-1.23047,2.92614,-0.0384328,-1.70298,seated
9.63792,156,-1.09213,-0.373623,-9.77168,0.0,0.0551274,0.021039,0.0,0.0,0.0,0.0,-1.23047,0.0,-0.0384328,-1.70298,seated
9.69799,157,-1.07297,-0.373623,-9.77168,-0.00479369,0.0639159,0.02024,0.0,0.0,0.0,0.0,-1.05469,2.92624,-0.0328502,-1.70309,seated
9.75806,158,-1.08255,-0.354463,-9.77168,-0.00719053,0.0671117,0.0215716,0.0,0.0,0.0,0.0,-1.05469,0.0,-0.0328502,-1.70309,seated
9.81813,159,-1.08255,-0.325723,-9.75252,-0.00639159,0.0671117,0.0234358,0.0,0.0,0.0,0.0,-0.878906,2.92624,-0.0272674,-1.70319,seated
9.8782,160,-1.10171,-0.354463,-9.72378,-0.00346211,0.071639,0.0218379,0.0,0.0,0.0,0.0,-0.703125,2.92634,-0.0216842,-1.70326,seated
9.93827,161,-1.11129,-0.354463,-9.7621,-0.00426106,0.0687096,0.0284958,0.0,0.0,0.0,0.0,-0.703125,0.0,-0.0216842,-1.70326,seated
9.99833,162,-1.10171,-0.335303,-9.73336,-0.00452737,0.071639,0.0223706,0.0,0.0,0.0,0.0,-0.527344,2.92664,-0.0161008,-1.70332,seated
10.0584,163,-1.06339,-0.354463,-9.72378,-0.00239685,0.0719054,0.0263653,0.0,0.0,0.0,0.0,-0.351562,2.92627,-0.0105173,-1.70337,seated
10.1185,164,-1.06339,-0.335303,-9.75252,-0.00319579,0.0711064,0.0213053,0.0,0.0,0.0,0.0,-0.351562,0.0,-0.0105173,-1.70337,seated
10.1785,165,-1.06339,-0.344883,-9.73336,0.0,0.0681769,0.0234358,0.0,0.0,0.0,0.0,-0.175781,2.92627,-0.00493368,-1.70339,seated
10.2386,166,-1.23583,-0.335303,-9.6663,-0.00506001,0.0769654,0.0167779,0.0,0.0,0.0,0.0,-0.175781,0.0,-0.00493368,-1.70339,seated
10.2987,167,-1.41785,-0.335303,-9.69504,-0.00346211,0.0508664,0.0229032,0.0,0.0,0.0,0.0,0.0,2.92623,0.00065,-1.7034,seated
10.3588,168,-1.57113,-0.287402,-9.6663,-0.00346211,0.0506001,0.02024,0.0,0.0,0.0,0.0,-0.175781,-2.92623,-0.00493368,-1.70339,seated
10.4188,169,-1.73399,-0.344883,-9.58008,-0.00213053,0.00372843,0.0271642,0.0,0.0,0.0,0.0,-0.351562,-2.92623,-0.0105173,-1.70337,seated
10.4789,170,-2.19384,-0.191602,-9.63756,-0.00319579,-0.00479369,-0.00346211,0.0,0.0,0.0,0.0,-0.527344,-2.92623,-0.0161008,-1.70332,seated
10.539,171,-1.69567,-0.354463,-9.64714,-0.00585895,-0.0548611,0.00905475,0.0,0.0,0.0,0.0,-0.878906,-5.85264,-0.0272674,-1.70319,seated
10.599,172,-1.8777,-0.268242,-9.65672,-0.00932106,-0.0905475,0.0308927,0.0,0.0,0.0,0.0,-1.40625,-8.77868,-0.044015,-1.70285,seated
10.6591,173,-1.84896,-0.335303,-9.73336,-0.0098537,-0.113451,0.0308927,0.0,0.0,0.0,0.0,-1.75781,-5.85236,-0.0551781,-1.70254,seated
10.7192,174,-1.88728,-0.373623,-9.69504,-0.00772317,-0.139816,0.0255663,0.0,0.0,0.0,0.0,-2.46094,-11.7051,-0.0774976,-1.70172,seated
10.8399,175,-1.84896,-0.574805,-9.45554,-0.010919,-0.170975,0.010919,0.0,0.0,0.0,0.0,-4.21875,-14.5617,-0.115588,-1.66567,extended
10.9,176,-1.66693,-1.25499,-11.8793,-0.162985,-0.311324,0.170176,0.0,0.0,0.0,0.0,-4.57031,-5.85257,-0.126722,-1.66481,extended
10.96,177,0.498164,0.843047,-7.99937,0.130495,-1.99391,0.0817591,0.0,0.0,0.0,0.0,-5.44922,-14.6312,-0.154534,-1.66237,extended
11.0201,178,-4.08111,0.661025,-8.94779,0.0902812,-2.59632,0.0953412,0.0,0.0,0.0,0.0,-5.97656,-8.77899,-0.171201,-1.66071,extended
11.0802,179,-3.50631,-0.517324,-6.56235,-0.00719053,-2.93534,0.0474043,0.0,0.0,0.0,0.0,-6.67969,-11.7049,-0.1934,-1.65825,extended
11.1402,180,-9.82916,-0.488584,-8.93821,-0.0223706,-2.47727,0.036219,0.0,0.0,0.0,0.0,-7.03125,-5.85247,-0.204487,-1.65691,extended
11.2003,181,-7.86524,-0.325723,-6.79228,0.0924117,0.230097,-0.0743022,0.0,0.0,0.0,0.0,-7.73438,-11.7046,-0.226637,-1.65404,extended
11.2604,182,-4.5697,-0.392783,-7.24254,0.000532632,0.694552,0.0953412,0.0,0.0,0.0,0.0,-7.73438,0.0,-0.226637,-1.65404,extended
11.3205,183,-3.77455,-0.0862207,-7.22338,0.00372843,-0.324107,0.000798948,0.0,0.0,0.0,0.0,-7.91016,-2.92627,-0.232169,-1.65328,extended
11.3805,184,-7.38624,-0.268242,-7.67364,-0.0532632,-0.274572,0.0426106,0.0,0.0,0.0,0.0,-7.55859,5.85254,-0.221103,-1.65479,extended
11.4406,185,-5.46064,0.124541,-7.7407,-0.0756338,0.203998,0.0820254,0.0,0.0,0.0,0.0,-7.38281,2.92618,-0.215567,-1.65551,extended
11.5007,186,-5.20198,-0.0862207,-7.42456,-0.0591222,0.0556601,0.0708401,0.0,0.0,0.0,0.0,-6.85547,8.77899,-0.198945,-1.65759,extended
11.5607,187,-6.46655,-0.0191602,-7.82692,-0.0442085,0.235956,0.0577906,0.0,0.0,0.0,0.0,-6.32812,8.77885,-0.182304,-1.65951,extended
11.6208,188,-5.41274,-0.182021,-8.01853,-0.0191748,0.176301,-0.0173105,0.0,0.0,0.0,0.0,-5.27344,17.558,-0.148974,-1.6629,extended
11.6809,189,-6.44739,-0.258662,-7.8365,0.021039,0.253799,0.000266316,0.0,0.0,0.0,0.0,-4.92188,5.85199,-0.137851,-1.66389,extended
11.741,190,-5.75763,-0.182021,-7.77902,0.0258327,0.300937,-0.026099,0.0,0.0,0.0,0.0,-4.04297,14.6319,-0.110018,-1.66607,extended
11.801,191,-5.90133,-0.220342,-7.75986,0.021039,0.264452,0.00559264,0.0,0.0,0.0,0.0,-3.16406,14.6314,-0.0821553,-1.66783,extended
11.8611,192,-5.95881,-0.210762,-7.7886,-0.00133158,0.336357,0.0495348,0.0,0.0,0.0,0.0,-2.10938,17.558,-0.0486891,-1.66937,extended
11.9212,193,-5.90133,-0.220342,-8.09517,-0.0396811,0.297475,0.0596548,0.0,0.0,0.0,0.0,-1.05469,17.558,-0.0152002,-1.67029,extended
11.9812,194,-5.65225,-0.191602,-7.57784,-0.0255663,0.362989,0.0668453,0.0,0.0,0.0,0.0,0.0,17.5578,0.0183,-1.6706,extended
12.0413,195,-6.14083,-0.229922,-7.82692,-0.0250337,0.304932,0.0420779,0.0,0.0,0.0,0.0,0.878906,14.6307,0.0462174,-1.67039,extended
12.1014,196,-5.85343,-0.143701,-7.66406,0.00905475,0.330232,0.00426106,0.0,0.0,0.0,0.0,1.75781,14.6297,0.0741281,-1.66974,extended
12.1615,197,-5.79595,-0.182021,-7.71196,0.0271642,0.302269,-0.015979,0.0,0.0,0.0,0.0,2.63672,14.6321,0.102026,-1.66867,extended
12.2215,198,-6.05461,-0.0766406,-7.71196,0.0274306,0.292149,-0.000532632,0.0,0.0,0.0,0.0,3.51562,14.6319,0.129904,-1.66717,extended
12.2816,199,-5.71931,-0.0479004,-7.67364,0.00772317,0.254598,0.0175769,0.0,0.0,0.0,0.0,4.21875,11.7048,0.152188,-1.66567,extended
12.3417,200,-5.88217,0.0,-7.5491,-0.0141148,0.241282,0.0511327,0.0,0.0,0.0,0.0,4.74609,8.77885,0.168887,-1.66436,extended
12.4017,201,-5.79595,-0.0287402,-7.56826,-0.0306264,0.178432,0.0575243,0.0,0.0,0.0,0.0,5.27344,8.77885,0.185574,-1.6629,extended
12.4618,202,-5.79595,-0.105381,-7.58742,-0.0237021,0.161121,0.0450074,0.0,0.0,0.0,0.0,5.625,5.85268,0.196691,-1.66184,extended
12.5746,203,-5.59477,-0.201182,-7.57784,0.0162453,0.100667,0.0,0.0,0.0,0.0,0.0,5.80078,1.5578,0.184597,-1.69408,seated
12.6347,204,-7.51078,0.325723,-7.62574,0.067378,0.0655138,-0.0966728,0.0,0.0,0.0,0.0,5.80078,0.0,0.184597,-1.69408,seated
12.6948,205,-8.02811,-0.392783,-8.16223,0.0474043,1.16194,-0.123304,0.0,0.0,0.0,0.0,5.44922,-5.85247,0.173484,-1.69517,seated
12.7549,206,-3.96615,-0.0670606,-7.42456,0.00266316,2.30497,-0.0162453,0.0,0.0,0.0,0.0,5.09766,-5.85266,0.162363,-1.6962,seated
12.8149,207,-2.96024,-0.507744,-8.66997,-0.0599211,2.68287,0.00372843,0.0,0.0,0.0,0.0,4.57031,-8.77871,0.145672,-1.69761,seated
12.875,208,-1.8298,-0.162861,-9.9537,-0.115315,2.58167,-0.141946,0.0,0.0,0.0,0.0,4.04297,-8.77885,0.128968,-1.69887,seated
12.9351,209,-0.603545,-0.526904,-11.0746,-0.0173105,-0.203199,0.300405,0.0,0.0,0.0,0.0,3.86719,-2.92619,0.123398,-1.69926,seated
12.9951,210,-1.99266,-0.498164,-10.6243,0.0327569,-0.790959,0.237554,0.0,0.0,0.0,0.0,2.8125,-17.558,0.0899532,-1.70121,seated
13.0552,211,-2.7878,-0.229922,-10.5381,-0.0569916,0.442351,-0.121174,0.0,0.0,0.0,0.0,1.75781,-17.5574,0.0564781,-1.70254,seated
13.1153,212,-0.459844,-0.268242,-9.25436,0.0098537,-0.0889496,-0.165915,0.0,0.0,0.0,0.0,0.703125,-17.5577,0.0229842,-1.70326,seated
13.1753,213,-1.76273,-0.411943,-9.69504,0.0524643,-0.48363,-0.0695085,0.0,0.0,0.0,0.0,-0.351562,-17.5574,-0.0105173,-1.70337,seated
13.2354,214,-0.919688,-0.440684,-10.3369,-0.0407464,-0.158458,-0.0314253,0.0,0.0,0.0,0.0,-1.23047,-14.6312,-0.0384328,-1.70298,seated
13.2955,215,-0.900527,0.0,-9.50344,-0.0245011,-0.315585,0.0844222,0.0,0.0,0.0,0.0,-2.10938,-14.6307,-0.0663391,-1.70217,seated
13.3556,216,-1.22625,-0.172441,-10.0016,-0.0154463,-0.16192,0.137419,0.0,0.0,0.0,0.0,-2.98828,-14.6314,-0.0942297,-1.70093,seated
13.4156,217,-1.32205,-0.306563,-10.0112,-0.00692422,-0.283094,0.13156,0.0,0.0,0.0,0.0,-3.86719,-14.6314,-0.122098,-1.69926,seated
13.4757,218,-1.06339,-0.373623,-9.8579,-0.01518,-0.178432,0.0388822,0.0,0.0,0.0,0.0,-4.74609,-14.6314,-0.149937,-1.69716,seated
13.5358,219,-0.977168,-0.402363,-9.69504,0.015979,-0.201868,-0.0391485,0.0,0.0,0.0,0.0,-5.44922,-11.7051,-0.172184,-1.69517,seated
13.6538,220,-0.775986,-0.344883,-9.44596,0.0015979,-0.156061,-0.0173105,0.0,0.0,0.0,0.0,-6.67969,-10.4282,-0.1934,-1.65825,extended
13.7138,221,-1.83938,-1.14961,-10.8926,-0.12943,-0.364587,0.213053,0.0,0.0,0.0,0.0,-6.85547,-2.92626,-0.198945,-1.65759,extended
13.7739,222,-0.134121,0.0,-10.2028,0.139816,-1.58991,0.0713727,0.0,0.0,0.0,0.0,-7.03125,-2.9265,-0.204487,-1.65691,extended
13.834,223,-2.43334,-0.229922,-7.87482,-0.0066579,-2.71243,0.0711064,0.0,0.0,0.0,0.0,-7.03125,0.0,-0.204487,-1.65691,extended
13.894,224,-4.10027,0.0191602,-6.25579,-0.00213053,-3.05917,0.0535295,0.0,0.0,0.0,0.0,-7.03125,0.0,-0.204487,-1.65691,extended
13.9541,225,-8.29635,-0.603545,-7.71196,0.0149137,-1.47592,-0.0271642,0.0,0.0,0.0,0.0,-7.03125,0.0,-0.204487,-1.65691,extended
14.0142,226,-7.55868,0.440684,-8.06643,0.161121,0.200802,-0.120908,0.0,0.0,0.0,0.0,-6.85547,2.92648,-0.198945,-1.65759,extended
14.0742,227,-4.88584,-0.373623,-7.43414,0.0282295,0.527306,-0.0300937,0.0,0.0,0.0,0.0,-6.32812,8.7792,-0.182304,-1.65951,extended
14.1343,228,-5.27862,0.0958008,-7.90356,-0.0119842,-0.0255663,0.00106526,0.0,0.0,0.0,0.0,-5.625,11.7056,-0.160091,-1.66184,extended
14.1944,229,-5.92049,0.0958008,-7.75028,0.000532632,0.331031,0.0343548,0.0,0.0,0.0,0.0,-5.09766,8.77909,-0.143413,-1.6634,extended
14.2544,230,-5.62351,-0.114961,-7.65448,-0.0428769,0.243679,0.0708401,0.0,0.0,0.0,0.0,-4.21875,14.6306,-0.115588,-1.66567,extended
14.3145,231,-6.13125,-0.0766406,-7.7407,-0.0527306,0.229032,0.0910801,0.0,0.0,0.0,0.0,-3.16406,17.5573,-0.0821553,-1.66783,extended
14.3746,232,-5.4798,-0.306563,-7.65448,-0.0287621,0.353934,0.0703075,0.0,0.0,0.0,0.0,-2.46094,11.7051,-0.0598476,-1.66892,extended
14.4347,233,-6.18873,-0.258662,-8.10475,-0.0146474,0.262588,0.00798948,0.0,0.0,0.0,0.0,-1.40625,17.5579,-0.026365,-1.67005,extended
14.4947,234,-5.61393,-0.220342,-7.62574,0.0324906,0.351537,-0.00905475,0.0,0.0,0.0,0.0,-0.527344,14.6309,0.00154917,-1.67052,extended
14.5548,235,-5.94923,-0.182021,-7.80776,0.0396811,0.298807,-0.0282295,0.0,0.0,0.0,0.0,0.351562,14.6314,0.0294673,-1.67057,extended
14.6149,236,-5.88217,-0.0958008,-7.77902,0.0189084,0.308128,-0.00932106,0.0,0.0,0.0,0.0,1.23047,14.6316,0.0573828,-1.67018,extended
14.6749,237,-5.59477,-0.105381,-7.5491,-0.00559264,0.307329,0.0255663,0.0,0.0,0.0,0.0,2.10938,14.6314,0.0852891,-1.66937,extended
14.735,238,-5.96839,-0.210762,-7.85566,-0.0306264,0.287355,0.0612527,0.0,0.0,0.0,0.0,2.98828,14.6314,0.11318,-1.66813,extended
14.7951,239,-5.66183,-0.162861,-7.597,-0.0410127,0.26099,0.0604538,0.0,0.0,0.0,0.0,3.69141,11.7051,0.135476,-1.66682,extended
14.8552,240,-5.70973,-0.172441,-7.5012,-0.0218379,0.229831,0.0458064,0.0,0.0,0.0,0.0,4.21875,8.77812,0.152188,-1.66567,extended
14.9152,241,-5.83427,-0.172441,-7.6449,0.00745685,0.208526,0.0154463,0.0,0.0,0.0,0.0,4.74609,8.77909,0.168887,-1.66436,extended
15.0345,242,-5.11576,-0.191602,-7.2138,0.03036,0.152865,-0.0098537,0.0,0.0,0.0,0.0,5.27344,4.4224,0.167924,-1.6957,seated
15.0945,243,-6.82102,0.0479004,-7.7886,0.0458064,0.0577906,-0.1265,0.0,0.0,0.0,0.0,5.44922,2.92617,0.173484,-1.69517,seated
15.1546,244,-8.96695,0.0479004,-7.85566,0.0348874,1.46714,-0.051399,0.0,0.0,0.0,0.0,5.27344,-2.92626,0.167924,-1.6957,seated
15.2147,245,-6.47613,-0.411943,-8.04727,-0.0308927,2.47061,-0.0439422,0.0,0.0,0.0,0.0,5.09766,-2.92631,0.162363,-1.6962,seated
15.2747,246,-2.80696,-0.0670606,-8.53585,-0.0671117,2.83334,0.01012,0.0,0.0,0.0,0.0,4.92188,-2.92646,0.156801,-1.69669,seated
15.3348,247,0.296982,-0.574805,-7.33834,-0.109456,2.30869,-0.0868191,0.0,0.0,0.0,0.0,4.57031,-5.85254,0.145672,-1.69761,seated
15.3949,248,-2.7878,0.335303,-11.3907,-0.00239685,-0.376837,0.300671,0.0,0.0,0.0,0.0,4.39453,-2.92638,0.140105,-1.69805,seated
15.455,249,-1.62861,-0.191602,-9.20646,0.0495348,-0.647414,0.217847,0.0,0.0,0.0,0.0,3.69141,-11.7051,0.117826,-1.69962,seated
15.515,250,-2.73032,-0.536484,-10.4231,-0.0396811,0.467118,-0.148871,0.0,0.0,0.0,0.0,2.8125,-14.6314,0.0899532,-1.70121,seated
15.5751,251,-0.900527,-0.306563,-9.24478,0.01012,-0.14674,-0.143811,0.0,0.0,0.0,0.0,1.75781,-17.5577,0.0564781,-1.70254,seated
15.6352,252,-1.43701,-0.421523,-9.15856,0.0444748,-0.407996,-0.052198,0.0,0.0,0.0,0.0,0.878906,-14.6307,0.0285674,-1.70319,seated
15.6952,253,-1.36037,-0.622705,-10.3177,-0.00559264,-0.144343,0.00745685,0.0,0.0,0.0,0.0,0.0,-14.6331,0.00065,-1.7034,seated
15.7553,254,-0.651445,-0.421523,-9.93454,-0.0484695,-0.292149,0.0908138,0.0,0.0,0.0,0.0,-0.878906,-14.6318,-0.0272674,-1.70319,seated
15.8154,255,-1.73399,-0.229922,-9.7142,-0.01012,-0.164583,0.118244,0.0,0.0,0.0,0.0,-1.75781,-14.6313,-0.0551781,-1.70254,seated
15.8754,256,-1.00591,-0.440684,-10.0782,-0.0183758,-0.253267,0.100135,0.0,0.0,0.0,0.0,-2.46094,-11.705,-0.0774976,-1.70172,seated
15.9355,257,-1.02507,-0.344883,-10.0016,-0.0170442,-0.206661,0.0250337,0.0,0.0,0.0,0.0,-3.33984,-14.6313,-0.10538,-1.70031,seated
15.9956,258,-1.00591,-0.258662,-9.59924,0.0127832,-0.214384,-0.0375506,0.0,0.0,0.0,0.0,-4.21875,-14.6308,-0.133238,-1.69847,seated
16.0556,259,-1.24541,-0.383203,-9.98244,-0.00506001,-0.162453,-0.0583232,0.0,0.0,0.0,0.0,-5.09766,-14.6313,-0.161063,-1.6962,seated
16.1157,260,-1.06339,-0.287402,-9.81,-0.010919,-0.16698,-0.0119842,0.0,0.0,0.0,0.0,-5.625,-8.7785,-0.177741,-1.69464,seated
16.2402,261,-1.07297,-0.277822,-9.97286,-0.0279632,-0.115049,0.1012,0.0,0.0,0.0,0.0,-6.50391,-7.06304,-0.187853,-1.65889,extended
16.3002,262,-0.852627,-1.05381,-9.2831,-0.125435,-0.275371,0.245011,0.0,0.0,0.0,0.0,-6.50391,0.0,-0.187853,-1.65889,extended
16.3603,263,0.852627,-0.344883,-9.77168,0.123038,-1.85702,0.0777643,0.0,0.0,0.0,0.0,-6.67969,-2.92624,-0.1934,-1.65825,extended
16.4204,264,-3.18059,-0.153281,-8.47837,0.0117179,-2.79499,-0.00719053,0.0,0.0,0.0,0.0,-6.67969,0.0,-0.1934,-1.65825,extended
16.4804,265,-4.74214,0.00958008,-6.60067,0.03036,-3.03893,0.0189084,0.0,0.0,0.0,0.0,-6.67969,0.0,-0.1934,-1.65825,extended
16.5405,266,-8.58375,-0.383203,-7.76944,0.0543285,-1.30761,-0.0958738,0.0,0.0,0.0,0.0,-6.50391,2.92643,-0.187853,-1.65889,extended
16.6006,267,-6.21747,0.929268,-8.31551,0.168844,0.322509,-0.101466,0.0,0.0,0.0,0.0,-6.32812,2.9262,-0.182304,-1.65951,extended
16.6607,268,-4.64634,-0.517324,-7.30002,0.04048,-0.0703075,0.000798948,0.0,0.0,0.0,0.0,-5.44922,14.63,-0.154534,-1.66237,extended
16.7207,269,-6.58151,0.0766406,-8.08559,-0.0237021,-0.0905475,0.0348874,0.0,0.0,0.0,0.0,-5.09766,5.85257,-0.143413,-1.6634,extended
16.7808,270,-5.384,-0.0862207,-7.67364,-0.0410127,0.380566,0.0822917,0.0,0.0,0.0,0.0,-4.39453,11.7049,-0.121155,-1.66525,extended
16.8409,271,-5.81511,-0.277822,-7.8365,-0.0772317,0.25593,0.104929,0.0,0.0,0.0,0.0,-3.51562,14.6312,-0.0933037,-1.66717,extended
16.9009,272,-6.35159,-0.229922,-7.87482,-0.0649811,0.223972,0.0865527,0.0,0.0,0.0,0.0,-2.63672,14.6314,-0.0654258,-1.66867,extended
16.961,273,-5.95881,-0.220342,-7.44372,-0.00479369,0.371511,0.04048,0.0,0.0,0.0,0.0,-1.58203,17.5574,-0.0319468,-1.66991,extended
17.0211,274,-5.89175,-0.0958008,-8.08559,0.0284958,0.234092,-0.0266316,0.0,0.0,0.0,0.0,-0.878906,11.7049,-0.00961736,-1.67039,extended
17.0811,275,-5.80553,-0.153281,-7.6449,0.0553938,0.33902,-0.0332895,0.0,0.0,0.0,0.0,0.0,14.6312,0.0183,-1.6706,extended
17.1412,276,-5.93007,-0.134121,-7.7886,0.0428769,0.279898,-0.0117179,0.0,0.0,0.0,0.0,0.703125,11.7137,0.0406342,-1.67046,extended
17.2012,277,-6.02587,-0.0958008,-7.89398,-0.0066579,0.28629,0.0234358,0.0,0.0,0.0,0.0,1.58203,14.632,0.0685468,-1.66991,extended
17.2613,278,-5.4798,-0.0958008,-7.55868,-0.0300937,0.273507,0.0604538,0.0,0.0,0.0,0.0,2.46094,14.6323,0.0964476,-1.66892,extended
17.3214,279,-5.98755,-0.162861,-7.79818,-0.0458064,0.259658,0.0764327,0.0,0.0,0.0,0.0,3.33984,14.6323,0.12433,-1.66751,extended
17.3814,280,-5.63309,-0.210762,-7.70238,-0.0343548,0.225037,0.0524643,0.0,0.0,0.0,0.0,3.86719,8.77885,0.141048,-1.66646,extended
17.4415,281,-5.77679,-0.153281,-7.58742,0.00239685,0.192547,0.0170442,0.0,0.0,0.0,0.0,4.39453,8.77885,0.157755,-1.66525,extended
17.5016,282,-5.74805,-0.114961,-7.55868,0.0319579,0.170176,-0.0135821,0.0,0.0,0.0,0.0,4.57031,2.92599,0.163322,-1.66481,extended
17.6149,283,-5.44148,-0.0574805,-7.48204,0.0205063,0.122239,0.0111853,0.0,0.0,0.0,0.0,5.09766,4.65415,0.162363,-1.6962,seated
17.675,284,-7.36708,0.0479004,-7.90356,0.0359527,0.14674,-0.120641,0.0,0.0,0.0,0.0,5.09766,0.0,0.162363,-1.6962,seated
17.735,285,-7.70238,0.325723,-8.11433,0.00452737,1.14836,0.00106526,0.0,0.0,0.0,0.0,4.92188,-2.92618,0.156801,-1.69669,seated
17.7951,286,-4.25355,-0.0670606,-8.35383,-0.0258327,2.40723,-0.0495348,0.0,0.0,0.0,0.0,4.57031,-5.85196,0.145672,-1.69761,seated
17.8552,287,-4.68466,-0.0670606,-9.35974,-0.0439422,2.738,0.0284958,0.0,0.0,0.0,0.0,4.39453,-2.92705,0.140105,-1.69805,seated
17.9152,288,4.12901,0.191602,-6.58151,-0.0921454,2.78753,-0.0170442,0.0,0.0,0.0,0.0,3.86719,-8.7792,0.123398,-1.69926,seated
17.9753,289,3.94699,-1.11129,-10.8926,-0.00639159,-0.0111853,0.277235,0.0,0.0,0.0,0.0,3.69141,-2.92636,0.117826,-1.69962,seated
18.0354,290,-1.23583,-0.220342,-10.0208,0.0298274,-0.797084,0.19015,0.0,0.0,0.0,0.0,2.8125,-14.6323,0.0899532,-1.70121,seated
18.0954,291,-2.67284,-0.105381,-10.2986,-0.0583232,0.444215,-0.117445,0.0,0.0,0.0,0.0,1.93359,-14.6314,0.0620589,-1.70236,seated
18.1555,292,-0.459844,-0.450264,-10.0878,0.00372843,-0.0399474,-0.077498,0.0,0.0,0.0,0.0,1.05469,-14.6314,0.0341503,-1.70309,seated
18.2156,293,-1.68609,-0.411943,-9.5705,0.0335558,-0.391485,-0.026099,0.0,0.0,0.0,0.0,0.175781,-14.6322,0.00623368,-1.70339,seated
18.2756,294,-0.986748,-0.613125,-9.93454,-0.0418116,-0.156594,0.0479369,0.0,0.0,0.0,0.0,-0.527344,-11.7048,-0.0161008,-1.70332,seated
18.3357,295,-0.881367,-0.268242,-10.2124,-0.0319579,-0.269778,0.0806938,0.0,0.0,0.0,0.0,-1.40625,-14.6315,-0.044015,-1.70285,seated
18.3958,296,-0.986748,-0.287402,-9.79084,-0.0162453,-0.150735,0.102532,0.0,0.0,0.0,0.0,-2.10938,-11.7067,-0.0663391,-1.70217,seated
18.4558,297,-1.29331,-0.354463,-10.0974,0.0,-0.244745,0.0745685,0.0,0.0,0.0,0.0,-2.98828,-14.6313,-0.0942297,-1.70093,seated
18.5159,298,-1.04423,-0.383203,-9.87706,-0.00585895,-0.184291,-0.0199737,0.0,0.0,0.0,0.0,-3.86719,-14.6298,-0.122098,-1.69926,seated
18.576,299,-0.977168,-0.306563,-9.59924,0.0138484,-0.188285,-0.0396811,0.0,0.0,0.0,0.0,-4.57031,-11.7048,-0.144372,-1.69761,seated
18.6361,300,-1.05381,-0.373623,-9.73336,-0.00905475,-0.139017,-0.0178432,0.0,0.0,0.0,0.0,-5.27344,-11.705,-0.166624,-1.6957,seated
18.7513,301,-1.13045,-0.268242,-9.87706,-0.0117179,-0.0924117,0.0657801,0.0,0.0,0.0,0.0,-6.15234,-7.62838,-0.176754,-1.66012,extended
18.8113,302,3.82245,-0.220342,-8.11433,-0.121174,-0.268447,0.253799,0.0,0.0,0.0,0.0,-6.32812,-2.92641,-0.182304,-1.65951,extended
18.8714,303,1.41785,-1.02507,-9.34058,0.192014,-1.65462,0.0886833,0.0,0.0,0.0,0.0,-6.50391,-2.92632,-0.187853,-1.65889,extended
18.9315,304,-2.41418,0.210762,-7.73112,0.0255663,-2.74785,0.0322242,0.0,0.0,0.0,0.0,-6.50391,0.0,-0.187853,-1.65889,extended
18.9916,305,-3.0273,-0.0862207,-7.76944,0.0117179,-3.13401,-0.0215716,0.0,0.0,0.0,0.0,-6.50391,0.0,-0.187853,-1.65889,extended
19.0516,306,-8.71787,-0.431104,-7.97063,0.0221042,-1.68711,-0.00133158,0.0,0.0,0.0,0.0,-6.32812,2.92618,-0.182304,-1.65951,extended
19.1117,307,-6.32285,0.862207,-8.46879,0.177899,0.342749,-0.142213,0.0,0.0,0.0,0.0,-6.32812,0.0,-0.182304,-1.65951,extended
19.1718,308,-4.67508,-0.383203,-7.39582,0.0154463,0.579504,-0.0239685,0.0,0.0,0.0,0.0,-5.80078,8.77899,-0.165647,-1.66128,extended
19.2318,309,-5.49897,0.105381,-7.6449,-0.0167779,-0.127033,0.0436758,0.0,0.0,0.0,0.0,-5.27344,8.77871,-0.148974,-1.6629,extended
19.2919,310,-6.26537,-0.191602,-8.04727,-0.0479369,0.296144,0.0782969,0.0,0.0,0.0,0.0,-4.57031,11.7056,-0.126722,-1.66481,extended
19.352,311,-5.65225,-0.344883,-7.81734,-0.0820254,0.282295,0.0969391,0.0,0.0,0.0,0.0,-3.69141,14.6312,-0.0988764,-1.66682,extended
19.412,312,-6.09293,-0.162861,-7.7407,-0.0500674,0.160589,0.0878843,0.0,0.0,0.0,0.0,-2.8125,14.6315,-0.0710032,-1.66841,extended
19.4721,313,-5.62351,-0.182021,-7.597,0.00372843,0.348874,0.0444748,0.0,0.0,0.0,0.0,-2.10938,11.704,-0.0486891,-1.66937,extended
19.5322,314,-6.17915,-0.105381,-8.11433,0.0223706,0.208259,-0.0335558,0.0,0.0,0.0,0.0,-1.23047,14.6314,-0.0207828,-1.67018,extended
19.5923,315,-5.97797,-0.191602,-7.70238,0.0593885,0.32677,-0.0319579,0.0,0.0,0.0,0.0,-0.527344,11.7051,0.00154917,-1.67052,extended
19.6523,316,-5.91091,-0.134121,-7.7886,0.03036,0.278833,-0.0197074,0.0,0.0,0.0,0.0,0.351562,14.6319,0.0294673,-1.67057,extended
19.7124,317,-5.89175,-0.0574805,-7.76944,-0.00426106,0.256729,0.0250337,0.0,0.0,0.0,0.0,1.05469,11.7048,0.0518002,-1.67029,extended
19.7725,318,-5.54687,-0.0670606,-7.48204,-0.0343548,0.302535,0.0599211,0.0,0.0,0.0,0.0,1.93359,14.6315,0.0797089,-1.66956,extended
19.8325,319,-6.14083,-0.124541,-7.85566,-0.0450074,0.227168,0.0751011,0.0,0.0,0.0,0.0,2.63672,11.7056,0.102026,-1.66867,extended
19.8926,320,-5.69057,-0.0958008,-7.5491,-0.0370179,0.247141,0.0495348,0.0,0.0,0.0,0.0,3.33984,11.7048,0.12433,-1.66751,extended
19.9527,321,-5.71931,-0.105381,-7.55868,0.0127832,0.18722,0.0242348,0.0,0.0,0.0,0.0,3.86719,8.77888,0.141048,-1.66646,extended
20.0662,322,-5.60435,-0.114961,-7.29044,0.0346211,0.143811,-0.0250337,0.0,0.0,0.0,0.0,4.39453,4.64729,0.140105,-1.69805,seated
20.1262,323,-6.62941,0.0,-7.70238,0.0639159,0.138484,-0.107325,0.0,0.0,0.0,0.0,4.74609,5.85268,0.151237,-1.69716,seated
20.1863,324,-7.8365,0.0862207,-7.87482,0.0567253,1.53558,-0.0495348,0.0,0.0,0.0,0.0,4.74609,0.0,0.151237,-1.69716,seated
20.2464,325,-5.4798,-0.134121,-7.77902,-0.00319579,2.4304,-0.0356864,0.0,0.0,0.0,0.0,4.57031,-2.92635,0.145672,-1.69761,seated
20.3064,326,-3.00814,-0.383203,-8.89031,-0.036219,2.67834,0.0279632,0.0,0.0,0.0,0.0,4.57031,0.0,0.145672,-1.69761,seated
20.3665,327,0.728086,-0.546064,-8.63165,-0.101999,2.27647,-0.0732369,0.0,0.0,0.0,0.0,4.21875,-5.85243,0.134538,-1.69847,seated
20.4266,328,3.38177,-0.843047,-9.04359,-0.0668453,-0.296144,0.295877,0.0,0.0,0.0,0.0,4.21875,0.0,0.134538,-1.69847,seated
20.4866,329,-1.44659,-0.0383203,-9.2831,0.00745685,-0.415187,0.175769,0.0,0.0,0.0,0.0,3.69141,-8.77882,0.117826,-1.69962,seated
20.5467,330,-2.31838,-0.517324,-10.1645,-0.0364853,0.32384,-0.098537,0.0,0.0,0.0,0.0,2.98828,-11.7055,0.0955297,-1.70093,seated
20.6068,331,-0.670605,-0.498164,-9.31184,-0.00878843,0.0322242,-0.113717,0.0,0.0,0.0,0.0,2.10938,-14.6299,0.0676391,-1.70217,seated
20.6669,332,-1.83938,-0.258662,-9.2831,0.0266316,-0.226901,-0.0607201,0.0,0.0,0.0,0.0,1.40625,-11.7049,0.045315,-1.70285,seated
20.7269,333,-0.929268,-0.450264,-10.0495,-0.0399474,-0.160322,0.0263653,0.0,0.0,0.0,0.0,0.527344,-14.6318,0.0174008,-1.70332,seated
20.787,334,-0.833467,-0.402363,-9.88664,-0.0194411,-0.245543,0.103331,0.0,0.0,0.0,0.0,-0.175781,-11.7062,-0.00493368,-1.70339,seated
20.8471,335,-1.13045,-0.421523,-9.64714,-0.0255663,-0.159257,0.121973,0.0,0.0,0.0,0.0,-0.878906,-11.7053,-0.0272674,-1.70319,seated
20.9071,336,-1.28373,-0.344883,-9.99202,-0.0146474,-0.254865,0.0796285,0.0,0.0,0.0,0.0,-1.75781,-14.631,-0.0551781,-1.70254,seated
20.9672,337,-0.938848,-0.364043,-9.9058,-0.00745685,-0.198938,-0.0106526,0.0,0.0,0.0,0.0,-2.46094,-11.7123,-0.0774976,-1.70172,seated
21.0998,338,-0.756826,-0.316143,-9.62798,-0.00239685,-0.177633,0.00905475,0.0,0.0,0.0,0.0,-4.39453,-14.5814,-0.121155,-1.66525,extended
21.1598,339,-1.24541,-0.795147,-10.7967,-0.131028,-0.342483,0.188019,0.0,0.0,0.0,0.0,-4.74609,-5.85203,-0.132287,-1.66436,extended
21.2199,340,0.364043,0.354463,-7.70238,0.14674,-1.79337,0.0639159,0.0,0.0,0.0,0.0,-5.27344,-8.77902,-0.148974,-1.6629,extended
21.28,341,-2.17468,0.383203,-8.63165,0.0175769,-2.80031,0.123304,0.0,0.0,0.0,0.0,-5.625,-5.85231,-0.160091,-1.66184,extended
21.3401,342,-3.67875,0.0574805,-7.58742,-0.01518,-2.74918,0.0487358,0.0,0.0,0.0,0.0,-6.15234,-8.77861,-0.176754,-1.66012,extended
21.4001,343,-7.75028,-0.632285,-7.52994,0.0410127,-1.60988,0.0,0.0,0.0,0.0,0.0,-6.32812,-2.92625,-0.182304,-1.65951,extended
21.4602,344,-7.6928,0.0958008,-8.48795,0.116114,0.0641822,-0.152865,0.0,0.0,0.0,0.0,-6.67969,-5.8525,-0.1934,-1.65825,extended
21.5203,345,-4.33978,-0.459844,-7.24254,0.0348874,0.364853,-0.0141148,0.0,0.0,0.0,0.0,-6.50391,2.9262,-0.187853,-1.65889,extended
21.5803,346,-5.31694,-0.00958008,-7.57784,0.00719053,-0.207194,0.0298274,0.0,0.0,0.0,0.0,-6.32812,2.92625,-0.182304,-1.65951,extended
21.6404,347,-6.43781,-0.134121,-8.29635,-0.03542,0.233293,0.0838896,0.0,0.0,0.0,0.0,-5.80078,8.77902,-0.165647,-1.66128,extended
21.7005,348,-5.29778,-0.172441,-7.60658,-0.067378,0.131826,0.0942759,0.0,0.0,0.0,0.0,-5.44922,5.8528,-0.154534,-1.66237,extended
21.7605,349,-6.34201,-0.220342,-7.90356,-0.0569916,0.0633832,0.0777643,0.0,0.0,0.0,0.0,-4.92188,8.77892,-0.137851,-1.66389,extended
21.8206,350,-5.41274,-0.229922,-7.597,-0.0189084,0.279099,0.0527306,0.0,0.0,0.0,0.0,-4.39453,8.77909,-0.121155,-1.66525,extended
21.8807,351,-5.95881,-0.201182,-8.01853,0.0,0.17497,-0.00585895,0.0,0.0,0.0,0.0,-3.86719,8.77895,-0.104448,-1.66646,extended
21.9408,352,-5.72889,-0.124541,-7.62574,0.0410127,0.262588,-0.0125169,0.0,0.0,0.0,0.0,-3.16406,11.7051,-0.0821553,-1.66783,extended
22.0008,353,-5.82469,-0.134121,-7.81734,0.0231695,0.250337,-0.0213053,0.0,0.0,0.0,0.0,-2.28516,14.6314,-0.0542687,-1.66915,extended
22.0609,354,-5.98755,-0.0958008,-7.82692,0.00372843,0.250071,0.015979,0.0,0.0,0.0,0.0,-1.58203,11.7051,-0.0319468,-1.66991,extended
22.121,355,-5.67141,-0.105381,-7.70238,-0.0223706,0.291882,0.0426106,0.0,0.0,0.0,0.0,-0.703125,14.6314,-0.0040342,-1.67046,extended
22.181,356,-6.00671,-0.134121,-7.85566,-0.0271642,0.254865,0.0652474,0.0,0.0,0.0,0.0,0.0,11.7061,0.0183,-1.6706,extended
22.2411,357,-5.72889,-0.153281,-7.68322,-0.0364853,0.284159,0.0474043,0.0,0.0,0.0,0.0,0.878906,14.6307,0.0462174,-1.67039,extended
22.3012,358,-5.81511,-0.172441,-7.65448,-0.00213053,0.241549,0.0367516,0.0,0.0,0.0,0.0,1.58203,11.7057,0.0685468,-1.66991,extended
22.3612,359,-5.86301,-0.162861,-7.7407,0.0146474,0.258327,-0.00319579,0.0,0.0,0.0,0.0,2.28516,11.7052,0.0908687,-1.66915,extended
22.4213,360,-5.78637,-0.0958008,-7.67364,0.0279632,0.207993,-0.00692422,0.0,0.0,0.0,0.0,2.8125,8.77979,0.107603,-1.66841,extended
22.4814,361,-5.74805,-0.0479004,-7.63532,0.015979,0.212254,0.00798948,0.0,0.0,0.0,0.0,3.33984,8.77854,0.12433,-1.66751,extended
22.5414,362,-5.77679,-0.0574805,-7.67364,-0.00372843,0.167513,0.0348874,0.0,0.0,0.0,0.0,3.69141,5.85264,0.135476,-1.66682,extended
22.6015,363,-5.76721,-0.0670606,-7.65448,-0.0276969,0.150202,0.0548611,0.0,0.0,0.0,0.0,4.04297,5.85236,0.146618,-1.66607,extended
22.6616,364,-5.66183,-0.143701,-7.597,-0.0258327,0.114782,0.0548611,0.0,0.0,0.0,0.0,4.39453,5.85275,0.157755,-1.66525,extended
22.7216,365,-5.75763,-0.162861,-7.63532,-0.0130495,0.0764327,0.0319579,0.0,0.0,0.0,0.0,4.39453,0.0,0.157755,-1.66525,extended
22.856,366,-6.33243,-0.0191602,-7.597,0.0279632,0.0127832,-0.00719053,0.0,0.0,0.0,0.0,4.21875,-1.30807,0.134538,-1.69847,seated
22.9161,367,-7.63532,0.105381,-7.04136,0.061519,-0.0133158,-0.16192,0.0,0.0,0.0,0.0,3.86719,-5.85287,0.123398,-1.69926,seated
22.9762,368,-7.76944,0.0670606,-7.86524,-0.00292948,1.53185,-0.0655138,0.0,0.0,0.0,0.0,3.33984,-8.77878,0.10668,-1.70031,seated
23.0362,369,-4.17691,-0.182021,-7.89398,-0.0138484,2.47781,-0.0490022,0.0,0.0,0.0,0.0,2.8125,-8.77892,0.0899532,-1.70121,seated
23.0963,370,-3.27639,-0.680186,-8.50711,-0.0812264,2.85464,-0.00772317,0.0,0.0,0.0,0.0,2.46094,-5.8528,0.0787976,-1.70172,seated
23.1564,371,-2.74948,0.0766406,-8.32509,-0.0753675,1.50442,0.0798948,0.0,0.0,0.0,0.0,1.75781,-11.7053,0.0564781,-1.70254,seated
23.2164,372,3.27639,0.0191602,-12.1571,0.0157127,-0.599744,0.328101,0.0,0.0,0.0,0.0,1.58203,-2.92623,0.0508968,-1.70271,seated
23.2765,373,-1.98308,-0.852627,-9.55134,0.00905475,-0.37444,0.206928,0.0,0.0,0.0,0.0,0.703125,-14.6304,0.0229842,-1.70326,seated
23.3366,374,-1.59987,-0.574805,-10.107,-0.0492685,0.357396,-0.103064,0.0,0.0,0.0,0.0,-0.351562,-17.557,-0.0105173,-1.70337,seated
23.3967,375,0.402363,-0.153281,-10.1357,0.0119842,-0.309992,-0.113983,0.0,0.0,0.0,0.0,-1.05469,-11.705,-0.0328502,-1.70309,seated
23.4567,376,-1.42743,-0.00958008,-9.38848,0.0335558,-0.193878,-0.0881506,0.0,0.0,0.0,0.0,-1.93359,-14.6306,-0.0607589,-1.70236,seated
23.5168,377,-1.04423,-0.316143,-10.0208,-0.0423443,-0.15473,0.000266316,0.0,0.0,0.0,0.0,-2.63672,-11.705,-0.0830758,-1.70147,seated
23.5769,378,-1.11129,-0.344883,-10.107,-0.0205063,-0.207993,0.0937433,0.0,0.0,0.0,0.0,-3.33984,-11.705,-0.10538,-1.70031,seated
23.6369,379,-0.938848,-0.364043,-9.44596,-0.0199737,-0.125435,0.132093,0.0,0.0,0.0,0.0,-3.86719,-8.7785,-0.122098,-1.69926,seated
23.697,380,-0.986748,-0.440684,-9.91538,-0.0173105,-0.144343,0.102532,0.0,0.0,0.0,0.0,-4.39453,-8.77906,-0.138805,-1.69805,seated
23.7571,381,-0.900527,-0.344883,-9.45554,-0.0114516,-0.121706,0.01012,0.0,0.0,0.0,0.0,-4.92188,-8.77895,-0.155501,-1.69669,seated
23.8814,382,-1.08255,-0.344883,-10.0112,0.000266316,-0.0681769,-0.0492685,0.0,0.0,0.0,0.0,-5.80078,-7.07062,-0.165647,-1.66128,extended
23.9414,383,-0.728086,0.258662,-10.5093,-0.0921454,-0.217314,0.174171,0.0,0.0,0.0,0.0,-5.80078,0.0,-0.165647,-1.66128,extended
24.0015,384,2.9315,-0.574805,-8.00895,0.133691,-1.75582,0.00878843,0.0,0.0,0.0,0.0,-5.97656,-2.92623,-0.171201,-1.66071,extended
24.0616,385,-2.1651,0.287402,-8.23887,0.00319579,-2.69592,0.0487358,0.0,0.0,0.0,0.0,-5.80078,2.92613,-0.165647,-1.66128,extended
24.1217,386,-5.49897,-0.249082,-7.67364,-0.0378169,-2.58779,0.0806938,0.0,0.0,0.0,0.0,-5.625,2.92632,-0.160091,-1.66184,extended
24.1817,387,-10.0591,0.105381,-7.51078,-0.0149137,-1.41094,0.0399474,0.0,0.0,0.0,0.0,-5.44922,2.92647,-0.154534,-1.66237,extended
24.2418,388,-6.94556,0.756826,-8.28677,0.159257,0.358195,-0.0798948,0.0,0.0,0.0,0.0,-5.44922,0.0,-0.154534,-1.66237,extended
24.3019,389,-4.31104,-0.843047,-6.93598,0.00479369,0.466852,-0.00532632,0.0,0.0,0.0,0.0,-4.92188,8.77871,-0.137851,-1.66389,extended
24.3619,390,-6.60067,-0.0287402,-7.96105,-0.01518,-0.162719,0.0292948,0.0,0.0,0.0,0.0,-4.21875,11.7046,-0.115588,-1.66567,extended
24.422,391,-5.58519,0.0862207,-7.8365,0.000266316,0.315052,0.0383495,0.0,0.0,0.0,0.0,-3.69141,8.77857,-0.0988764,-1.66682,extended
24.4821,392,-5.63309,-0.0479004,-7.61616,-0.0308927,0.274039,0.0719054,0.0,0.0,0.0,0.0,-2.8125,14.6314,-0.0710032,-1.66841,extended
24.5422,393,-6.48571,-0.162861,-7.96105,-0.0506001,0.157393,0.0751011,0.0,0.0,0.0,0.0,-2.10938,11.7043,-0.0486891,-1.66937,extended
24.6022,394,-5.90133,-0.239502,-7.46288,-0.02024,0.354733,0.0609864,0.0,0.0,0.0,0.0,-1.40625,11.7053,-0.026365,-1.67005,extended
24.6623,395,-5.78637,-0.182021,-7.82692,-0.00905475,0.194144,0.00133158,0.0,0.0,0.0,0.0,-0.527344,14.6314,0.00154917,-1.67052,extended
24.7224,396,-5.84385,-0.0670606,-7.65448,0.0298274,0.28629,-0.00852212,0.0,0.0,0.0,0.0,0.0,8.77871,0.0183,-1.6706,extended
24.7824,397,-5.71931,-0.114961,-7.82692,0.0388822,0.250337,-0.010919,0.0,0.0,0.0,0.0,0.703125,11.7051,0.0406342,-1.67046,extended
24.8425,398,-6.06419,-0.0670606,-7.90356,0.0183758,0.229298,0.00319579,0.0,0.0,0.0,0.0,1.40625,11.7048,0.062965,-1.67005,extended
24.9026,399,-5.46064,-0.114961,-7.57784,-0.00559264,0.246342,0.0367516,0.0,0.0,0.0,0.0,2.10938,11.7049,0.0852891,-1.66937,extended
24.9626,400,-5.87259,-0.191602,-7.76944,-0.0170442,0.196009,0.0591222,0.0,0.0,0.0,0.0,2.8125,11.7048,0.107603,-1.66841,extended
25.0227,401,-5.80553,-0.210762,-7.77902,-0.0359527,0.201069,0.0490022,0.0,0.0,0.0,0.0,3.16406,5.85257,0.118755,-1.66783,extended
25.1416,402,-5.63309,-0.306563,-7.5491,0.0194411,0.186688,0.0,0.0,0.0,0.0,0.0,3.86719,5.91231,0.123398,-1.69926,seated
25.2017,403,-8.21971,-0.421523,-8.11433,0.0703075,0.185889,-0.129163,0.0,0.0,0.0,0.0,4.04297,2.92625,0.128968,-1.69887,seated
25.2618,404,-8.85199,-0.277822,-6.66773,0.0596548,1.54517,-0.0884169,0.0,0.0,0.0,0.0,4.04297,0.0,0.128968,-1.69887,seated
25.3219,405,-4.9529,-0.239502,-8.02811,0.0181095,2.54625,-0.0577906,0.0,0.0,0.0,0.0,3.86719,-2.92624,0.123398,-1.69926,seated
25.3819,406,-2.03098,-0.402363,-8.36341,-0.0575243,2.79019,-0.0591222,0.0,0.0,0.0,0.0,3.86719,0.0,0.123398,-1.69926,seated
25.442,407,0.450264,-0.0766406,-11.7548,-0.097738,2.38779,-0.0364853,0.0,0.0,0.0,0.0,3.69141,-2.92629,0.117826,-1.69962,seated
25.5021,408,2.56746,-0.344883,-8.05685,-0.0356864,-0.324906,0.344347,0.0,0.0,0.0,0.0,3.86719,2.92629,0.123398,-1.69926,seated
25.5621,409,-3.49673,-0.0766406,-9.58966,0.0625843,-0.610663,0.331031,0.0,0.0,0.0,0.0,3.33984,-8.77888,0.10668,-1.70031,seated
25.6222,410,-2.72074,-0.431104,-10.2028,-0.0740359,0.549943,-0.124103,0.0,0.0,0.0,0.0,2.63672,-11.7048,0.0843758,-1.70147,seated
25.6823,411,0.0383203,-0.249082,-9.25436,0.00932106,-0.113717,-0.168045,0.0,0.0,0.0,0.0,1.75781,-14.632,0.0564781,-1.70254,seated
25.7424,412,-1.74357,-0.440684,-9.29268,0.0266316,-0.313188,-0.117712,0.0,0.0,0.0,0.0,1.05469,-11.7033,0.0341503,-1.70309,seated
25.8024,413,-1.18793,-0.593965,-9.96328,-0.00798948,-0.087618,-0.0439422,0.0,0.0,0.0,0.0,0.351562,-11.7061,0.0118173,-1.70337,seated
25.8625,414,-0.661025,-0.440684,-9.84832,-0.0418116,-0.229831,0.082558,0.0,0.0,0.0,0.0,-0.351562,-11.7048,-0.0105173,-1.70337,seated
25.9226,415,-0.938848,-0.392783,-9.5705,-0.0189084,-0.108657,0.146208,0.0,0.0,0.0,0.0,-0.878906,-8.77888,-0.0272674,-1.70319,seated
25.9826,416,-1.07297,-0.335303,-9.92496,-0.0255663,-0.21039,0.138484,0.0,0.0,0.0,0.0,-1.58203,-11.7052,-0.0495968,-1.70271,seated
26.0427,417,-1.00591,-0.411943,-9.84832,-0.0167779,-0.155262,0.0479369,0.0,0.0,0.0,0.0,-2.10938,-8.77892,-0.0663391,-1.70217,seated
26.1585,418,-1.14003,-0.364043,-10.1261,-0.00719053,-0.165915,-0.066579,0.0,0.0,0.0,0.0,-3.69141,-13.666,-0.0988764,-1.66682,extended
26.2185,419,1.49449,-0.296982,-8.05685,-0.0932106,-0.397344,0.170709,0.0,0.0,0.0,0.0,-4.21875,-8.77885,-0.115588,-1.66567,extended
26.2786,420,1.12087,-0.756826,-8.57417,0.144876,-1.72466,0.0812264,0.0,0.0,0.0,0.0,-4.74609,-8.77871,-0.132287,-1.66436,extended
26.3387,421,-1.45617,0.249082,-7.98021,0.00559264,-2.74918,0.106526,0.0,0.0,0.0,0.0,-4.92188,-2.92595,-0.137851,-1.66389,extended
26.3988,422,-1.80105,-0.411943,-6.40907,-0.00905475,-3.13134,0.121174,0.0,0.0,0.0,0.0,-5.44922,-8.77895,-0.154534,-1.66237,extended
26.4588,423,-9.77168,-0.785566,-8.10475,0.108657,-0.311324,-0.122772,0.0,0.0,0.0,0.0,-5.80078,-5.85254,-0.165647,-1.66128,extended
26.5255,424,-8.08559,-0.0383203,-7.43414,-0.0138484,0.401605,0.00639159,0.0,0.0,0.0,0.0,-5.97656,-2.63639,-0.171201,-1.66071,extended
26.5945,425,-4.5697,-0.0191602,-7.7886,0.0503337,-0.198938,-0.0213053,0.0,0.0,0.0,0.0,-5.80078,2.54763,-0.165647,-1.66128,extended
26.6546,426,-6.81144,-0.249082,-8.00895,-0.00292948,-0.155529,-0.0015979,0.0,0.0,0.0,0.0,-5.625,2.9262,-0.160091,-1.66184,extended
26.7146,427,-5.34568,-0.191602,-7.68322,-0.00745685,0.226369,0.0284958,0.0,0.0,0.0,0.0,-5.44922,2.92625,-0.154534,-1.66237,extended
26.7747,428,-5.4798,-0.191602,-7.61616,-0.0263653,0.0860201,0.0652474,0.0,0.0,0.0,0.0,-5.09766,5.85259,-0.143413,-1.6634,extended
26.8348,429,-6.46655,-0.210762,-8.01853,-0.0484695,0.146474,0.0588559,0.0,0.0,0.0,0.0,-4.57031,8.77861,-0.126722,-1.66481,extended
26.8948,430,-5.2403,-0.124541,-7.39582,-0.0167779,0.219977,0.0609864,0.0,0.0,0.0,0.0,-4.04297,8.77906,-0.110018,-1.66607,extended
26.9549,431,-6.18873,-0.153281,-8.01853,-0.00213053,0.15473,0.0253,0.0,0.0,0.0,0.0,-3.51562,8.77864,-0.0933037,-1.66717,extended
27.015,432,-5.64267,-0.191602,-7.62574,0.0167779,0.244478,0.00213053,0.0,0.0,0.0,0.0,-2.8125,11.705,-0.0710032,-1.66841,extended
27.0751,433,-5.78637,-0.153281,-7.75986,0.0271642,0.200802,-0.00266316,0.0,0.0,0.0,0.0,-2.28516,8.77934,-0.0542687,-1.66915,extended
27.1351,434,-6.01629,-0.143701,-7.90356,0.0138484,0.261256,0.00426106,0.0,0.0,0.0,0.0,-1.58203,11.7053,-0.0319468,-1.66991,extended
27.1952,435,-5.58519,-0.114961,-7.66406,-0.00585895,0.229298,0.0231695,0.0,0.0,0.0,0.0,-0.878906,11.7049,-0.00961736,-1.67039,extended
27.2553,436,-5.86301,-0.105381,-7.75028,-0.00772317,0.259658,0.0487358,0.0,0.0,0.0,0.0,-0.175781,11.7047,0.0127163,-1.67059,extended
27.3153,437,-5.79595,-0.124541,-7.77902,-0.0237021,0.240483,0.0468716,0.0,0.0,0.0,0.0,0.527344,11.7064,0.0350508,-1.67052,extended
27.3754,438,-5.76721,-0.143701,-7.6449,-0.01518,0.229298,0.0452737,0.0,0.0,0.0,0.0,1.23047,11.7057,0.0573828,-1.67018,extended
27.4355,439,-5.68099,-0.153281,-7.63532,-0.00213053,0.237554,0.0231695,0.0,0.0,0.0,0.0,1.75781,8.77861,0.0741281,-1.66974,extended
27.4955,440,-5.90133,-0.124541,-7.75028,0.0130495,0.196808,0.00106526,0.0,0.0,0.0,0.0,2.28516,8.77888,0.0908687,-1.66915,extended
27.5556,441,-5.76721,-0.0479004,-7.62574,0.0149137,0.192014,-0.00239685,0.0,0.0,0.0,0.0,2.8125,8.7792,0.107603,-1.66841,extended
27.6157,442,-5.71931,-0.0670606,-7.56826,0.0119842,0.159523,0.02024,0.0,0.0,0.0,0.0,3.16406,5.85213,0.118755,-1.66783,extended
27.6758,443,-5.82469,-0.105381,-7.68322,-0.00852212,0.144077,0.0324906,0.0,0.0,0.0,0.0,3.51562,5.85259,0.129904,-1.66717,extended
27.7358,444,-5.73847,-0.124541,-7.6449,-0.0194411,0.104662,0.0444748,0.0,0.0,0.0,0.0,3.69141,2.92625,0.135476,-1.66682,extended
27.7959,445,-5.64267,-0.134121,-7.58742,-0.0197074,0.0854875,0.0458064,0.0,0.0,0.0,0.0,3.86719,2.9262,0.141048,-1.66646,extended
27.856,446,-5.76721,-0.182021,-7.61616,-0.00532632,0.0431432,0.0300937,0.0,0.0,0.0,0.0,3.69141,-2.92625,0.135476,-1.66682,extended
27.9723,447,-5.53729,-0.0958008,-7.56826,0.0149137,0.00372843,0.00372843,0.0,0.0,0.0,0.0,3.51562,-1.51123,0.112254,-1.69998,seated
28.0324,448,-7.20422,-0.0479004,-7.29044,0.0567253,-0.0841559,-0.138218,0.0,0.0,0.0,0.0,3.16406,-5.85201,0.101105,-1.70063,seated
28.0924,449,-9.25436,0.402363,-8.26761,0.0178432,1.37685,-0.0628506,0.0,0.0,0.0,0.0,2.63672,-8.77899,0.0843758,-1.70147,seated
28.1525,450,-5.59477,-0.0383203,-9.00527,-0.0327569,2.46795,-0.0577906,0.0,0.0,0.0,0.0,1.93359,-11.7049,0.0620589,-1.70236,seated
28.2126,451,-4.48348,0.977168,-6.71563,-0.0740359,2.83813,-0.0367516,0.0,0.0,0.0,0.0,1.40625,-8.77902,0.045315,-1.70285,seated
28.2726,452,6.03545,-0.364043,-9.8579,-0.0700411,1.7979,-0.0772317,0.0,0.0,0.0,0.0,1.05469,-5.85259,0.0341503,-1.70309,seated
28.3327,453,-0.153281,-0.756826,-11.3237,0.0298274,-0.325172,0.332096,0.0,0.0,0.0,0.0,0.878906,-2.9264,0.0285674,-1.70319,seated
28.3928,454,-3.87993,-0.843047,-9.73336,0.0125169,-0.509995,0.271642,0.0,0.0,0.0,0.0,0.175781,-11.7054,0.00623368,-1.70339,seated
28.4528,455,0.0670606,-0.354463,-9.9058,-0.0420779,0.396811,-0.100934,0.0,0.0,0.0,0.0,-0.703125,-14.6311,-0.0216842,-1.70326,seated
28.5129,456,0.364043,-0.316143,-10.3561,-0.00266316,-0.211189,-0.139017,0.0,0.0,0.0,0.0,-1.40625,-11.7049,-0.044015,-1.70285,seated
28.573,457,-1.56155,-0.0670606,-9.24478,0.04048,-0.209324,-0.113451,0.0,0.0,0.0,0.0,-2.28516,-14.6303,-0.0719187,-1.70195,seated
28.6331,458,-1.24541,-0.383203,-9.93454,-0.00319579,-0.097738,-0.0218379,0.0,0.0,0.0,0.0,-2.8125,-8.77902,-0.0886532,-1.70121,seated
28.6931,459,-1.32205,-0.364043,-9.86748,-0.0391485,-0.192014,0.0878843,0.0,0.0,0.0,0.0,-3.51562,-11.7052,-0.110954,-1.69998,seated
28.7532,460,-0.948428,-0.373623,-9.74294,-0.0300937,-0.0729706,0.140082,0.0,0.0,0.0,0.0,-3.86719,-5.85612,-0.122098,-1.69926,seated
28.8132,461,-1.36037,-0.373623,-10.0878,-0.02024,-0.121973,0.12437,0.0,0.0,0.0,0.0,-4.21875,-5.85326,-0.133238,-1.69847,seated
28.8733,462,-0.929268,-0.344883,-9.55134,-0.0146474,-0.0735032,0.0276969,0.0,0.0,0.0,0.0,-4.74609,-8.77909,-0.149937,-1.69716,seated
29.0029,463,-1.12087,-0.402363,-10.107,-0.00266316,-0.0348874,-0.0133158,0.0,0.0,0.0,0.0,-5.44922,-5.42514,-0.154534,-1.66237,extended
29.063,464,1.99266,-1.05381,-9.30226,-0.0428769,-0.36219,0.0383495,0.0,0.0,0.0,0.0,-5.27344,2.92614,-0.148974,-1.6629,extended
29.123,465,3.38177,-0.661025,-8.77535,0.132625,-1.64956,-0.0205063,0.0,0.0,0.0,0.0,-5.27344,0.0,-0.148974,-1.6629,extended
29.1831,466,-3.79371,-0.0383203,-7.39582,-0.0399474,-2.87621,0.0468716,0.0,0.0,0.0,0.0,-5.09766,2.92629,-0.143413,-1.6634,extended
29.2432,467,-6.45697,0.804727,-6.80186,-0.00292948,-3.06317,0.136354,0.0,0.0,0.0,0.0,-4.92188,2.92722,-0.137851,-1.66389,extended
29.3032,468,-7.39582,-0.919688,-8.07601,-0.0287621,-1.28338,0.00745685,0.0,0.0,0.0,0.0,-4.74609,2.92639,-0.132287,-1.66436,extended
29.3633,469,-7.52994,0.603545,-7.9323,0.129163,0.25087,-0.0993359,0.0,0.0,0.0,0.0,-4.57031,2.9262,-0.126722,-1.66481,extended
29.4234,470,-4.54096,-0.584385,-7.27128,0.00585895,0.53929,-0.00745685,0.0,0.0,0.0,0.0,-4.04297,8.77888,-0.110018,-1.66607,extended
29.4834,471,-5.02954,-0.134121,-8.24845,-0.00266316,-0.128631,0.0223706,0.0,0.0,0.0,0.0,-3.51562,8.77888,-0.0933037,-1.66717,extended
29.5435,472,-6.76354,0.0383203,-7.8365,-0.00532632,0.303334,0.0287621,0.0,0.0,0.0,0.0,-2.98828,8.77892,-0.0765797,-1.66813,extended
29.6036,473,-5.58519,-0.0766406,-7.67364,-0.0370179,0.238619,0.0703075,0.0,0.0,0.0,0.0,-2.10938,14.632,-0.0486891,-1.66937,extended
29.6636,474,-5.69057,-0.0574805,-7.75028,-0.0532632,0.146474,0.0687096,0.0,0.0,0.0,0.0,-1.40625,11.7054,-0.026365,-1.67005,extended
29.7237,475,-5.79595,-0.114961,-7.82692,-0.0141148,0.332363,0.0604538,0.0,0.0,0.0,0.0,-0.703125,11.7049,-0.0040342,-1.67046,extended
29.7838,476,-5.93965,-0.229922,-7.80776,-0.0154463,0.175236,0.0135821,0.0,0.0,0.0,0.0,-0.175781,8.77878,0.0127163,-1.67059,extended
29.8439,477,-5.67141,-0.172441,-7.60658,0.0253,0.256995,0.000266316,0.0,0.0,0.0,0.0,0.351562,8.77909,0.0294673,-1.67057,extended
29.9039,478,-5.73847,-0.191602,-7.75028,0.021039,0.22264,-0.0119842,0.0,0.0,0.0,0.0,1.05469,11.7059,0.0518002,-1.67029,extended
29.964,479,-5.99713,-0.134121,-7.8365,0.0117179,0.203199,0.0234358,0.0,0.0,0.0,0.0,1.58203,8.77913,0.0685468,-1.66991,extended
30.0241,480,-5.4798,-0.0958008,-7.48204,-0.010919,0.178432,0.0332895,0.0,0.0,0.0,0.0,2.10938,8.77902,0.0852891,-1.66937,extended
30.0841,481,-5.86301,-0.0766406,-7.73112,-0.0183758,0.170975,0.0569916,0.0,0.0,0.0,0.0,2.63672,8.77801,0.102026,-1.66867,extended
30.1442,482,-5.79595,-0.143701,-7.71196,-0.0324906,0.158991,0.0495348,0.0,0.0,0.0,0.0,2.98828,5.85656,0.11318,-1.66813,extended
30.2042,483,-5.64267,-0.0958008,-7.58742,-0.010919,0.12943,0.0444748,0.0,0.0,0.0,0.0,3.33984,5.85257,0.12433,-1.66751,extended
30.2643,484,-5.66183,-0.143701,-7.57784,0.0015979,0.113983,0.01518,0.0,0.0,0.0,0.0,3.51562,2.92614,0.129904,-1.66717,extended
30.3244,485,-5.85343,-0.105381,-7.73112,0.015979,0.0719054,-0.00292948,0.0,0.0,0.0,0.0,3.51562,0.0,0.129904,-1.66717,extended
30.447,486,-5.75763,-0.153281,-7.72154,0.0117179,0.0479369,0.0162453,0.0,0.0,0.0,0.0,3.33984,-1.433,0.10668,-1.70031,seated
30.5071,487,-6.19831,0.0479004,-7.63532,0.0370179,0.0785633,-0.0751011,0.0,0.0,0.0,0.0,3.16406,-2.92645,0.101105,-1.70063,seated
30.5672,488,-8.36341,0.268242,-7.94188,0.0276969,1.70336,0.00266316,0.0,0.0,0.0,0.0,2.8125,-5.85273,0.0899532,-1.70121,seated
30.6272,489,-5.36484,-0.172441,-7.91315,0.026099,2.2565,-0.0242348,0.0,0.0,0.0,0.0,2.46094,-5.85264,0.0787976,-1.70172,seated
30.6873,490,-3.18059,-0.316143,-8.86157,-0.0633832,2.67701,-0.0388822,0.0,0.0,0.0,0.0,1.93359,-8.77885,0.0620589,-1.70236,seated
30.7474,491,2.0693,0.335303,-10.0399,-0.092678,2.43227,0.0250337,0.0,0.0,0.0,0.0,1.40625,-8.77885,0.045315,-1.70285,seated
30.8074,492,0.708926,-1.12087,-10.2028,-0.0511327,-0.747017,0.277768,0.0,0.0,0.0,0.0,1.05469,-5.85266,0.0341503,-1.70309,seated
30.8675,493,-3.34345,-0.153281,-9.49386,0.0284958,-0.66872,0.303867,0.0,0.0,0.0,0.0,0.703125,-5.85199,0.0229842,-1.70326,seated
30.9276,494,-0.728086,-0.210762,-10.107,-0.0697748,0.458596,-0.0423443,0.0,0.0,0.0,0.0,0.0,-11.7049,0.00065,-1.7034,seated
30.9877,495,-0.172441,-0.459844,-10.1549,0.00772317,-0.310525,-0.0679106,0.0,0.0,0.0,0.0,-1.05469,-17.5574,-0.0328502,-1.70309,seated
31.0477,496,-1.25499,-0.296982,-9.84832,0.01518,-0.0940096,-0.0790959,0.0,0.0,0.0,0.0,-1.93359,-14.6309,-0.0607589,-1.70236,seated
31.1078,497,-1.11129,-0.555645,-9.62798,-0.0170442,-0.117712,-0.0138484,0.0,0.0,0.0,0.0,-2.28516,-5.85245,-0.0719187,-1.70195,seated
31.1679,498,-1.09213,-0.450264,-9.7621,-0.0319579,-0.197607,0.0777643,0.0,0.0,0.0,0.0,-2.8125,-8.77882,-0.0886532,-1.70121,seated
31.2279,499,-1.12087,-0.344883,-10.0399,-0.0258327,-0.0671117,0.110521,0.0,0.0,0.0,0.0,-3.16406,-5.85245,-0.0998053,-1.70063,seated
31.288,500,-1.26457,-0.402363,-9.73336,-0.0213053,-0.0924117,0.103064,0.0,0.0,0.0,0.0,-3.69141,-8.77899,-0.116526,-1.69962,seated
