2.09808e-05,0,0.0,0.0,0.0,0.0,0.0,0.0,0.0,0.0,0.0,0.0,0.351562,0.0,0.0,0.0,seated
0.0958109,1,0.0,0.0,0.0,0.0,0.0,0.0,0.0,0.0,0.0,0.0,0.351562,0.0,0.0,0.0,extended
0.187768,2,0.0,0.0,0.0,0.0,0.0,0.0,0.0,0.0,0.0,0.0,0.527344,1.91156,0.0,0.0,extended
0.267876,3,0.0,0.0,0.0,0.0,0.0,0.0,0.0,0.0,0.0,0.0,0.527344,0.0,0.0,0.0,extended
0.347974,4,0.0,0.0,0.0,0.0,0.0,0.0,0.0,0.0,0.0,0.0,0.351562,-2.19457,0.0,0.0,extended
0.428073,5,0.0,0.0,0.0,0.0,0.0,0.0,0.0,0.0,0.0,0.0,0.175781,-2.19455,0.0,0.0,extended
0.508176,6,0.0,0.0,0.0,0.0,0.0,0.0,0.0,0.0,0.0,0.0,0.175781,0.0,0.0,0.0,extended
0.588276,7,0.0,0.0,0.0,0.0,0.0,0.0,0.0,0.0,0.0,0.0,0.175781,0.0,0.0,0.0,extended
0.668346,8,0.0,0.0,0.0,0.0,0.0,0.0,0.0,0.0,0.0,0.0,0.351562,2.19534,0.0,0.0,extended
0.748439,9,0.0,0.0,0.0,0.0,0.0,0.0,0.0,0.0,0.0,0.0,0.351562,0.0,0.0,0.0,extended
0.82854,10,0.0,0.0,0.0,0.0,0.0,0.0,0.0,0.0,0.0,0.0,0.351562,0.0,0.0,0.0,extended
0.908639,11,0.0,0.0,0.0,0.0,0.0,0.0,0.0,0.0,0.0,0.0,0.351562,0.0,0.0,0.0,extended
0.988737,12,0.0,0.0,0.0,0.0,0.0,0.0,0.0,0.0,0.0,0.0,0.175781,-2.19457,0.0,0.0,extended
1.06884,13,0.0,0.0,0.0,0.0,0.0,0.0,0.0,0.0,0.0,0.0,0.175781,0.0,0.0,0.0,extended
1.14894,14,0.0,0.0,0.0,0.0,0.0,0.0,0.0,0.0,0.0,0.0,0.175781,0.0,0.0,0.0,extended
1.22903,15,0.0,0.0,0.0,0.0,0.0,0.0,0.0,0.0,0.0,0.0,0.175781,0.0,0.0,0.0,extended
1.30913,16,0.0,0.0,0.0,0.0,0.0,0.0,0.0,0.0,0.0,0.0,0.175781,0.0,0.0,0.0,extended
1.39862,17,0.0,0.0,0.0,0.0,0.0,0.0,0.0,0.0,0.0,0.0,0.0,-1.96437,0.0,0.0,seated
1.47872,18,0.0,0.0,0.0,0.0,0.0,0.0,0.0,0.0,0.0,0.0,0.0,0.0,0.0,0.0,seated
1.55882,19,0.0,0.0,0.0,0.0,0.0,0.0,0.0,0.0,0.0,0.0,-0.175781,-2.19446,0.0,0.0,seated
1.63892,20,0.0,0.0,0.0,0.0,0.0,0.0,0.0,0.0,0.0,0.0,-0.175781,0.0,0.0,0.0,seated
1.71902,21,0.0,0.0,0.0,0.0,0.0,0.0,0.0,0.0,0.0,0.0,0.0,2.19457,0.0,0.0,seated
1.79911,22,0.0,0.0,0.0,0.0,0.0,0.0,0.0,0.0,0.0,0.0,0.351562,4.38911,0.0,0.0,seated
1.87921,23,0.0,0.0,0.0,0.0,0.0,0.0,0.0,0.0,0.0,0.0,0.351562,0.0,0.0,0.0,seated
1.95931,24,0.0,0.0,0.0,0.0,0.0,0.0,0.0,0.0,0.0,0.0,0.175781,-2.19458,0.0,0.0,seated
2.0394,25,0.0,0.0,0.0,0.0,0.0,0.0,0.0,0.0,0.0,0.0,0.0,-2.19463,0.0,0.0,seated
2.1195,26,0.0,0.0,0.0,0.0,0.0,0.0,0.0,0.0,0.0,0.0,0.0,0.0,0.0,0.0,seated
2.1996,27,0.0,0.0,0.0,0.0,0.0,0.0,0.0,0.0,0.0,0.0,0.351562,4.38905,0.0,0.0,seated
2.2797,28,0.0,0.0,0.0,0.0,0.0,0.0,0.0,0.0,0.0,0.0,0.351562,0.0,0.0,0.0,seated
2.3598,29,0.0,0.0,0.0,0.0,0.0,0.0,0.0,0.0,0.0,0.0,0.351562,0.0,0.0,0.0,seated
2.4399,30,0.0,0.0,0.0,0.0,0.0,0.0,0.0,0.0,0.0,0.0,0.351562,0.0,0.0,0.0,seated
2.52,31,0.0,0.0,0.0,0.0,0.0,0.0,0.0,0.0,0.0,0.0,0.351562,0.0,0.0,0.0,seated
2.6001,32,0.0,0.0,0.0,0.0,0.0,0.0,0.0,0.0,0.0,0.0,0.527344,2.19455,0.0,0.0,seated
2.6802,33,0.0,0.0,0.0,0.0,0.0,0.0,0.0,0.0,0.0,0.0,0.703125,2.19458,0.0,0.0,seated
2.77241,34,0.0,0.0,0.0,0.0,0.0,0.0,0.0,0.0,0.0,0.0,0.703125,0.0,0.0,0.0,extended
2.8525,35,0.0,0.0,0.0,0.0,0.0,0.0,0.0,0.0,0.0,0.0,0.703125,0.0,0.0,0.0,extended
2.9326,36,0.0,0.0,0.0,0.0,0.0,0.0,0.0,0.0,0.0,0.0,0.703125,0.0,0.0,0.0,extended
3.0127,37,0.0,0.0,0.0,0.0,0.0,0.0,0.0,0.0,0.0,0.0,0.703125,0.0,0.0,0.0,extended
3.09279,38,0.0,0.0,0.0,0.0,0.0,0.0,0.0,0.0,0.0,0.0,0.703125,0.0,0.0,0.0,extended
3.17289,39,0.0,0.0,0.0,0.0,0.0,0.0,0.0,0.0,0.0,0.0,0.351562,-4.38915,0.0,0.0,extended
3.25299,40,0.0,0.0,0.0,0.0,0.0,0.0,0.0,0.0,0.0,0.0,0.351562,0.0,0.0,0.0,extended
3.33309,41,0.0,0.0,0.0,0.0,0.0,0.0,0.0,0.0,0.0,0.0,0.351562,0.0,0.0,0.0,extended
3.41319,42,0.0,0.0,0.0,0.0,0.0,0.0,0.0,0.0,0.0,0.0,0.351562,0.0,0.0,0.0,extended
3.49329,43,0.0,0.0,0.0,0.0,0.0,0.0,0.0,0.0,0.0,0.0,0.351562,0.0,0.0,0.0,extended
3.57339,44,0.0,0.0,0.0,0.0,0.0,0.0,0.0,0.0,0.0,0.0,0.175781,-2.19438,0.0,0.0,extended
3.65349,45,0.0,0.0,0.0,0.0,0.0,0.0,0.0,0.0,0.0,0.0,0.0,-2.19452,0.0,0.0,extended
3.73359,46,0.0,0.0,0.0,0.0,0.0,0.0,0.0,0.0,0.0,0.0,0.0,0.0,0.0,0.0,extended
3.81369,47,0.0,0.0,0.0,0.0,0.0,0.0,0.0,0.0,0.0,0.0,-0.175781,-2.19457,0.0,0.0,extended
3.89379,48,0.0,0.0,0.0,0.0,0.0,0.0,0.0,0.0,0.0,0.0,-0.175781,0.0,0.0,0.0,extended
3.97389,49,0.0,0.0,0.0,0.0,0.0,0.0,0.0,0.0,0.0,0.0,-0.175781,0.0,0.0,0.0,extended
4.05398,50,0.0,0.0,0.0,0.0,0.0,0.0,0.0,0.0,0.0,0.0,-0.175781,0.0,0.0,0.0,extended
4.15227,51,0.0,0.0,0.0,0.0,0.0,0.0,0.0,0.0,0.0,0.0,-0.351562,-1.78846,0.0,0.0,seated
4.23236,52,0.0,0.0,0.0,0.0,0.0,0.0,0.0,0.0,0.0,0.0,-0.351562,0.0,0.0,0.0,seated
4.31246,53,0.0,0.0,0.0,0.0,0.0,0.0,0.0,0.0,0.0,0.0,-0.527344,-2.19463,0.0,0.0,seated
4.39256,54,0.0,0.0,0.0,0.0,0.0,0.0,0.0,0.0,0.0,0.0,-0.351562,2.19457,0.0,0.0,seated
4.47266,55,0.0,0.0,0.0,0.0,0.0,0.0,0.0,0.0,0.0,0.0,-0.175781,2.19452,0.0,0.0,seated
4.55276,56,0.0,0.0,0.0,0.0,0.0,0.0,0.0,0.0,0.0,0.0,0.175781,4.38905,0.0,0.0,seated
4.63286,57,0.0,0.0,0.0,0.0,0.0,0.0,0.0,0.0,0.0,0.0,0.175781,0.0,0.0,0.0,seated
4.71297,58,0.0,0.0,0.0,0.0,0.0,0.0,0.0,0.0,0.0,0.0,0.175781,0.0,0.0,0.0,seated
4.79306,59,0.0,0.0,0.0,0.0,0.0,0.0,0.0,0.0,0.0,0.0,0.0,-2.19461,0.0,0.0,seated
4.87316,60,0.0,0.0,0.0,0.0,0.0,0.0,0.0,0.0,0.0,0.0,0.175781,2.19455,0.0,0.0,seated
4.95326,61,0.0,0.0,0.0,0.0,0.0,0.0,0.0,0.0,0.0,0.0,0.527344,4.38917,0.0,0.0,seated
5.03335,62,0.0,0.0,0.0,0.0,0.0,0.0,0.0,0.0,0.0,0.0,0.703125,2.19491,0.0,0.0,seated
5.11344,63,0.0,0.0,0.0,0.0,0.0,0.0,0.0,0.0,0.0,0.0,0.703125,0.0,0.0,0.0,seated
5.19355,64,0.0,0.0,0.0,0.0,0.0,0.0,0.0,0.0,0.0,0.0,0.703125,0.0,0.0,0.0,seated
5.27365,65,0.0,0.0,0.0,0.0,0.0,0.0,0.0,0.0,0.0,0.0,0.703125,0.0,0.0,0.0,seated
5.35375,66,0.0,0.0,0.0,0.0,0.0,0.0,0.0,0.0,0.0,0.0,0.878906,2.19459,0.0,0.0,seated
5.43385,67,0.0,0.0,0.0,0.0,0.0,0.0,0.0,0.0,0.0,0.0,1.05469,2.19455,0.0,0.0,seated
5.52041,68,0.0,0.0,0.0,0.0,0.0,0.0,0.0,0.0,0.0,0.0,1.05469,0.0,0.0,0.0,extended
5.60051,69,0.0,0.0,0.0,0.0,0.0,0.0,0.0,0.0,0.0,0.0,1.05469,0.0,0.0,0.0,extended
5.68061,70,0.0,0.0,0.0,0.0,0.0,0.0,0.0,0.0,0.0,0.0,1.05469,0.0,0.0,0.0,extended
5.76071,71,0.0,0.0,0.0,0.0,0.0,0.0,0.0,0.0,0.0,0.0,1.05469,0.0,0.0,0.0,extended
5.84081,72,0.0,0.0,0.0,0.0,0.0,0.0,0.0,0.0,0.0,0.0,0.703125,-4.38903,0.0,0.0,extended
5.92091,73,0.0,0.0,0.0,0.0,0.0,0.0,0.0,0.0,0.0,0.0,0.351562,-4.38909,0.0,0.0,extended
6.00101,74,0.0,0.0,0.0,0.0,0.0,0.0,0.0,0.0,0.0,0.0,0.351562,0.0,0.0,0.0,extended
6.0811,75,0.0,0.0,0.0,0.0,0.0,0.0,0.0,0.0,0.0,0.0,0.175781,-2.19458,0.0,0.0,extended
6.1612,76,0.0,0.0,0.0,0.0,0.0,0.0,0.0,0.0,0.0,0.0,0.175781,0.0,0.0,0.0,extended
6.2413,77,0.0,0.0,0.0,0.0,0.0,0.0,0.0,0.0,0.0,0.0,0.175781,0.0,0.0,0.0,extended
6.3214,78,0.0,0.0,0.0,0.0,0.0,0.0,0.0,0.0,0.0,0.0,0.0,-2.19457,0.0,0.0,extended
6.40149,79,0.0,0.0,0.0,0.0,0.0,0.0,0.0,0.0,0.0,0.0,-0.175781,-2.19463,0.0,0.0,extended
6.48159,80,0.0,0.0,0.0,0.0,0.0,0.0,0.0,0.0,0.0,0.0,-0.351562,-2.1945,0.0,0.0,extended
6.56169,81,0.0,0.0,0.0,0.0,0.0,0.0,0.0,0.0,0.0,0.0,-0.527344,-2.19466,0.0,0.0,extended
6.64178,82,0.0,0.0,0.0,0.0,0.0,0.0,0.0,0.0,0.0,0.0,-0.527344,0.0,0.0,0.0,extended
6.72188,83,0.0,0.0,0.0,0.0,0.0,0.0,0.0,0.0,0.0,0.0,-0.527344,0.0,0.0,0.0,extended
6.80198,84,0.0,0.0,0.0,0.0,0.0,0.0,0.0,0.0,0.0,0.0,-0.527344,0.0,0.0,0.0,extended
6.89565,85,0.0,0.0,0.0,0.0,0.0,0.0,0.0,0.0,0.0,0.0,-0.703125,-1.8767,0.0,0.0,seated
6.97575,86,0.0,0.0,0.0,0.0,0.0,0.0,0.0,0.0,0.0,0.0,-0.527344,2.19453,0.0,0.0,seated
7.05584,87,0.0,0.0,0.0,0.0,0.0,0.0,0.0,0.0,0.0,0.0,-0.703125,-2.19458,0.0,0.0,seated
7.13594,88,0.0,0.0,0.0,0.0,0.0,0.0,0.0,0.0,0.0,0.0,-0.351562,4.38912,0.0,0.0,seated
7.21604,89,0.0,0.0,0.0,0.0,0.0,0.0,0.0,0.0,0.0,0.0,-0.175781,2.19461,0.0,0.0,seated
7.29614,90,0.0,0.0,0.0,0.0,0.0,0.0,0.0,0.0,0.0,0.0,0.175781,4.38881,0.0,0.0,seated
7.37624,91,0.0,0.0,0.0,0.0,0.0,0.0,0.0,0.0,0.0,0.0,0.351562,2.19461,0.0,0.0,seated
7.45634,92,0.0,0.0,0.0,0.0,0.0,0.0,0.0,0.0,0.0,0.0,0.351562,0.0,0.0,0.0,seated
7.53644,93,0.0,0.0,0.0,0.0,0.0,0.0,0.0,0.0,0.0,0.0,0.351562,0.0,0.0,0.0,seated
7.61654,94,0.0,0.0,0.0,0.0,0.0,0.0,0.0,0.0,0.0,0.0,0.527344,2.19451,0.0,0.0,seated
7.69664,95,0.0,0.0,0.0,0.0,0.0,0.0,0.0,0.0,0.0,0.0,0.703125,2.19452,0.0,0.0,seated
7.77674,96,0.0,0.0,0.0,0.0,0.0,0.0,0.0,0.0,0.0,0.0,1.05469,4.38915,0.0,0.0,seated
7.85684,97,0.0,0.0,0.0,0.0,0.0,0.0,0.0,0.0,0.0,0.0,1.05469,0.0,0.0,0.0,seated
7.93694,98,0.0,0.0,0.0,0.0,0.0,0.0,0.0,0.0,0.0,0.0,1.05469,0.0,0.0,0.0,seated
8.01704,99,0.0,0.0,0.0,0.0,0.0,0.0,0.0,0.0,0.0,0.0,1.05469,0.0,0.0,0.0,seated
8.09713,100,0.0,0.0,0.0,0.0,0.0,0.0,0.0,0.0,0.0,0.0,1.23047,2.19459,0.0,0.0,seated
8.17723,101,0.0,0.0,0.0,0.0,0.0,0.0,0.0,0.0,0.0,0.0,1.23047,0.0,0.0,0.0,seated
8.26914,102,0.0,0.0,0.0,0.0,0.0,0.0,0.0,0.0,0.0,0.0,1.23047,0.0,0.0,0.0,extended
8.34924,103,0.0,0.0,0.0,0.0,0.0,0.0,0.0,0.0,0.0,0.0,1.23047,0.0,0.0,0.0,extended
8.42934,104,0.0,0.0,0.0,0.0,0.0,0.0,0.0,0.0,0.0,0.0,1.05469,-2.1945,0.0,0.0,extended
8.50944,105,0.0,0.0,0.0,0.0,0.0,0.0,0.0,0.0,0.0,0.0,1.05469,0.0,0.0,0.0,extended
8.58954,106,0.0,0.0,0.0,0.0,0.0,0.0,0.0,0.0,0.0,0.0,0.703125,-4.389,0.0,0.0,extended
8.66964,107,0.0,0.0,0.0,0.0,0.0,0.0,0.0,0.0,0.0,0.0,0.175781,-6.58392,0.0,0.0,extended
8.74974,108,0.0,0.0,0.0,0.0,0.0,0.0,0.0,0.0,0.0,0.0,0.175781,0.0,0.0,0.0,extended
8.82983,109,0.0,0.0,0.0,0.0,0.0,0.0,0.0,0.0,0.0,0.0,0.0,-2.19465,0.0,0.0,extended
8.90993,110,0.0,0.0,0.0,0.0,0.0,0.0,0.0,0.0,0.0,0.0,0.0,0.0,0.0,0.0,extended
8.99003,111,0.0,0.0,0.0,0.0,0.0,0.0,0.0,0.0,0.0,0.0,-0.175781,-2.19455,0.0,0.0,extended
9.07013,112,0.0,0.0,0.0,0.0,0.0,0.0,0.0,0.0,0.0,0.0,-0.351562,-2.19455,0.0,0.0,extended
9.15023,113,0.0,0.0,0.0,0.0,0.0,0.0,0.0,0.0,0.0,0.0,-0.527344,-2.19459,0.0,0.0,extended
9.23033,114,0.0,0.0,0.0,0.0,0.0,0.0,0.0,0.0,0.0,0.0,-0.703125,-2.19457,0.0,0.0,extended
9.31042,115,0.0,0.0,0.0,0.0,0.0,0.0,0.0,0.0,0.0,0.0,-0.703125,0.0,0.0,0.0,extended
9.39052,116,0.0,0.0,0.0,0.0,0.0,0.0,0.0,0.0,0.0,0.0,-0.703125,0.0,0.0,0.0,extended
9.47062,117,0.0,0.0,0.0,0.0,0.0,0.0,0.0,0.0,0.0,0.0,-0.703125,0.0,0.0,0.0,extended
9.55072,118,0.0,0.0,0.0,0.0,0.0,0.0,0.0,0.0,0.0,0.0,-0.878906,-2.1945,0.0,0.0,extended
9.64002,119,0.0,0.0,0.0,0.0,0.0,0.0,0.0,0.0,0.0,0.0,-0.878906,0.0,0.0,0.0,seated
9.72013,120,0.0,0.0,0.0,0.0,0.0,0.0,0.0,0.0,0.0,0.0,-0.703125,2.19439,0.0,0.0,seated
9.80023,121,0.0,0.0,0.0,0.0,0.0,0.0,0.0,0.0,0.0,0.0,-0.703125,0.0,0.0,0.0,seated
9.88033,122,0.0,0.0,0.0,0.0,0.0,0.0,0.0,0.0,0.0,0.0,-0.351562,4.38911,0.0,0.0,seated
9.96042,123,0.0,0.0,0.0,0.0,0.0,0.0,0.0,0.0,0.0,0.0,0.0,4.38907,0.0,0.0,seated
10.0405,124,0.0,0.0,0.0,0.0,0.0,0.0,0.0,0.0,0.0,0.0,0.351562,4.38945,0.0,0.0,seated
10.1206,125,0.0,0.0,0.0,0.0,0.0,0.0,0.0,0.0,0.0,0.0,0.527344,2.19452,0.0,0.0,seated
10.2007,126,0.0,0.0,0.0,0.0,0.0,0.0,0.0,0.0,0.0,0.0,0.527344,0.0,0.0,0.0,seated
10.2808,127,0.0,0.0,0.0,0.0,0.0,0.0,0.0,0.0,0.0,0.0,0.527344,0.0,0.0,0.0,seated
10.3609,128,0.0,0.0,0.0,0.0,0.0,0.0,0.0,0.0,0.0,0.0,0.878906,4.38928,0.0,0.0,seated
10.441,129,0.0,0.0,0.0,0.0,0.0,0.0,0.0,0.0,0.0,0.0,1.05469,2.19459,0.0,0.0,seated
10.5211,130,0.0,0.0,0.0,0.0,0.0,0.0,0.0,0.0,0.0,0.0,1.23047,2.19449,0.0,0.0,seated
10.6012,131,0.0,0.0,0.0,0.0,0.0,0.0,0.0,0.0,0.0,0.0,1.40625,2.19455,0.0,0.0,seated
10.6813,132,0.0,0.0,0.0,0.0,0.0,0.0,0.0,0.0,0.0,0.0,1.23047,-2.19468,0.0,0.0,seated
10.7614,133,0.0,0.0,0.0,0.0,0.0,0.0,0.0,0.0,0.0,0.0,1.23047,0.0,0.0,0.0,seated
10.8415,134,0.0,0.0,0.0,0.0,0.0,0.0,0.0,0.0,0.0,0.0,1.40625,2.19451,0.0,0.0,seated
10.9216,135,0.0,0.0,0.0,0.0,0.0,0.0,0.0,0.0,0.0,0.0,1.40625,0.0,0.0,0.0,seated
11.0104,136,0.0,0.0,0.0,0.0,0.0,0.0,0.0,0.0,0.0,0.0,1.23047,-1.97942,0.0,0.0,extended
11.0905,137,0.0,0.0,0.0,0.0,0.0,0.0,0.0,0.0,0.0,0.0,1.05469,-2.19463,0.0,0.0,extended
11.1706,138,0.0,0.0,0.0,0.0,0.0,0.0,0.0,0.0,0.0,0.0,1.05469,0.0,0.0,0.0,extended
11.2507,139,0.0,0.0,0.0,0.0,0.0,0.0,0.0,0.0,0.0,0.0,0.878906,-2.19463,0.0,0.0,extended
11.3308,140,0.0,0.0,0.0,0.0,0.0,0.0,0.0,0.0,0.0,0.0,0.527344,-4.38912,0.0,0.0,extended
11.4109,141,0.0,0.0,0.0,0.0,0.0,0.0,0.0,0.0,0.0,0.0,-0.175781,-8.77868,0.0,0.0,extended
11.491,142,0.0,0.0,0.0,0.0,0.0,0.0,0.0,0.0,0.0,0.0,-0.175781,0.0,0.0,0.0,extended
11.5711,143,0.0,0.0,0.0,0.0,0.0,0.0,0.0,0.0,0.0,0.0,-0.351562,-2.19451,0.0,0.0,extended
11.6512,144,0.0,0.0,0.0,0.0,0.0,0.0,0.0,0.0,0.0,0.0,-0.351562,0.0,0.0,0.0,extended
11.7313,145,0.0,0.0,0.0,0.0,0.0,0.0,0.0,0.0,0.0,0.0,-0.527344,-2.19458,0.0,0.0,extended
11.8113,146,0.0,0.0,0.0,0.0,0.0,0.0,0.0,0.0,0.0,0.0,-0.703125,-2.1956,0.0,0.0,extended
11.8914,147,0.0,0.0,0.0,0.0,0.0,0.0,0.0,0.0,0.0,0.0,-0.878906,-2.19455,0.0,0.0,extended
11.9715,148,0.0,0.0,0.0,0.0,0.0,0.0,0.0,0.0,0.0,0.0,-1.05469,-2.19455,0.0,0.0,extended
12.0516,149,0.0,0.0,0.0,0.0,0.0,0.0,0.0,0.0,0.0,0.0,-1.05469,0.0,0.0,0.0,extended
12.1317,150,0.0,0.0,0.0,0.0,0.0,0.0,0.0,0.0,0.0,0.0,-0.878906,2.19455,0.0,0.0,extended
12.2119,151,0.0,0.0,0.0,0.0,0.0,0.0,0.0,0.0,0.0,0.0,-0.878906,0.0,0.0,0.0,extended
12.292,152,0.0,0.0,0.0,0.0,0.0,0.0,0.0,0.0,0.0,0.0,-0.878906,0.0,0.0,0.0,extended
12.3721,153,0.0,0.0,0.0,0.0,0.0,0.0,0.0,0.0,0.0,0.0,-0.878906,0.0,0.0,0.0,extended
12.4522,154,0.0,0.0,0.0,0.0,0.0,0.0,0.0,0.0,0.0,0.0,-0.703125,2.19455,0.0,0.0,extended
12.5323,155,0.0,0.0,0.0,0.0,0.0,0.0,0.0,0.0,0.0,0.0,-0.527344,2.19444,0.0,0.0,extended
12.6124,156,0.0,0.0,0.0,0.0,0.0,0.0,0.0,0.0,0.0,0.0,-0.175781,4.38916,0.0,0.0,extended
12.6925,157,0.0,0.0,0.0,0.0,0.0,0.0,0.0,0.0,0.0,0.0,0.0,2.1945,0.0,0.0,extended
12.7726,158,0.0,0.0,0.0,0.0,0.0,0.0,0.0,0.0,0.0,0.0,0.175781,2.19423,0.0,0.0,extended
12.8527,159,0.0,0.0,0.0,0.0,0.0,0.0,0.0,0.0,0.0,0.0,0.351562,2.19413,0.0,0.0,extended
12.9468,160,0.0,0.0,0.0,0.0,0.0,0.0,0.0,0.0,0.0,0.0,0.527344,1.86771,0.0,0.0,extended
13.0269,161,0.0,0.0,0.0,0.0,0.0,0.0,0.0,0.0,0.0,0.0,0.703125,2.19436,0.0,0.0,extended
13.107,162,0.0,0.0,0.0,0.0,0.0,0.0,0.0,0.0,0.0,0.0,0.878906,2.19455,0.0,0.0,extended
13.1871,163,0.0,0.0,0.0,0.0,0.0,0.0,0.0,0.0,0.0,0.0,0.878906,0.0,0.0,0.0,extended
13.2672,164,0.0,0.0,0.0,0.0,0.0,0.0,0.0,0.0,0.0,0.0,1.05469,2.1944,0.0,0.0,extended
13.3473,165,0.0,0.0,0.0,0.0,0.0,0.0,0.0,0.0,0.0,0.0,1.05469,0.0,0.0,0.0,extended
13.4274,166,0.0,0.0,0.0,0.0,0.0,0.0,0.0,0.0,0.0,0.0,1.05469,0.0,0.0,0.0,extended
13.5075,167,0.0,0.0,0.0,0.0,0.0,0.0,0.0,0.0,0.0,0.0,1.05469,0.0,0.0,0.0,extended
13.5876,168,0.0,0.0,0.0,0.0,0.0,0.0,0.0,0.0,0.0,0.0,0.878906,-2.19452,0.0,0.0,extended
13.6677,169,0.0,0.0,0.0,0.0,0.0,0.0,0.0,0.0,0.0,0.0,0.703125,-2.19455,0.0,0.0,extended
13.7478,170,0.0,0.0,0.0,0.0,0.0,0.0,0.0,0.0,0.0,0.0,0.527344,-2.1945,0.0,0.0,extended
13.8279,171,0.0,0.0,0.0,0.0,0.0,0.0,0.0,0.0,0.0,0.0,0.351562,-2.19455,0.0,0.0,extended
13.908,172,0.0,0.0,0.0,0.0,0.0,0.0,0.0,0.0,0.0,0.0,0.351562,0.0,0.0,0.0,extended
13.9881,173,0.0,0.0,0.0,0.0,0.0,0.0,0.0,0.0,0.0,0.0,0.0,-4.38907,0.0,0.0,extended
14.0682,174,0.0,0.0,0.0,0.0,0.0,0.0,0.0,0.0,0.0,0.0,-0.175781,-2.19415,0.0,0.0,extended
14.1596,175,0.0,0.0,0.0,0.0,0.0,0.0,0.0,0.0,0.0,0.0,-0.351562,-1.92295,0.0,0.0,seated
14.2397,176,0.0,0.0,0.0,0.0,0.0,0.0,0.0,0.0,0.0,0.0,-0.351562,0.0,0.0,0.0,seated
14.3198,177,0.0,0.0,0.0,0.0,0.0,0.0,0.0,0.0,0.0,0.0,-0.703125,-4.38913,0.0,0.0,seated
14.3999,178,0.0,0.0,0.0,0.0,0.0,0.0,0.0,0.0,0.0,0.0,-0.878906,-2.19451,0.0,0.0,seated
14.48,179,0.0,0.0,0.0,0.0,0.0,0.0,0.0,0.0,0.0,0.0,-0.703125,2.19455,0.0,0.0,seated
14.5601,180,0.0,0.0,0.0,0.0,0.0,0.0,0.0,0.0,0.0,0.0,-0.527344,2.19431,0.0,0.0,seated
14.6402,181,0.0,0.0,0.0,0.0,0.0,0.0,0.0,0.0,0.0,0.0,-0.351562,2.19459,0.0,0.0,seated
14.7203,182,0.0,0.0,0.0,0.0,0.0,0.0,0.0,0.0,0.0,0.0,-0.527344,-2.19444,0.0,0.0,seated
14.8004,183,0.0,0.0,0.0,0.0,0.0,0.0,0.0,0.0,0.0,0.0,-0.703125,-2.1946,0.0,0.0,seated
14.8805,184,0.0,0.0,0.0,0.0,0.0,0.0,0.0,0.0,0.0,0.0,-0.527344,2.19463,0.0,0.0,seated
14.9606,185,0.0,0.0,0.0,0.0,0.0,0.0,0.0,0.0,0.0,0.0,-0.175781,4.38917,0.0,0.0,seated
15.0407,186,0.0,0.0,0.0,0.0,0.0,0.0,0.0,0.0,0.0,0.0,0.0,2.19461,0.0,0.0,seated
15.1208,187,0.0,0.0,0.0,0.0,0.0,0.0,0.0,0.0,0.0,0.0,0.175781,2.19407,0.0,0.0,seated
15.2296,188,0.0,0.0,0.0,0.0,0.0,0.0,0.0,0.0,0.0,0.0,0.351562,1.61584,0.0,0.0,extended
15.3097,189,0.0,0.0,0.0,0.0,0.0,0.0,0.0,0.0,0.0,0.0,0.703125,4.38896,0.0,0.0,extended
15.3898,190,0.0,0.0,0.0,0.0,0.0,0.0,0.0,0.0,0.0,0.0,0.878906,2.19453,0.0,0.0,extended
15.4699,191,0.0,0.0,0.0,0.0,0.0,0.0,0.0,0.0,0.0,0.0,1.05469,2.19459,0.0,0.0,extended
15.55,192,0.0,0.0,0.0,0.0,0.0,0.0,0.0,0.0,0.0,0.0,1.05469,0.0,0.0,0.0,extended
15.6301,193,0.0,0.0,0.0,0.0,0.0,0.0,0.0,0.0,0.0,0.0,0.703125,-4.3893,0.0,0.0,extended
15.7102,194,0.0,0.0,0.0,0.0,0.0,0.0,0.0,0.0,0.0,0.0,1.05469,4.38932,0.0,0.0,extended
15.7903,195,0.0,0.0,0.0,0.0,0.0,0.0,0.0,0.0,0.0,0.0,1.05469,0.0,0.0,0.0,extended
15.8703,196,0.0,0.0,0.0,0.0,0.0,0.0,0.0,0.0,0.0,0.0,1.23047,2.19502,0.0,0.0,extended
15.9504,197,0.0,0.0,0.0,0.0,0.0,0.0,0.0,0.0,0.0,0.0,1.23047,0.0,0.0,0.0,extended
16.0305,198,0.0,0.0,0.0,0.0,0.0,0.0,0.0,0.0,0.0,0.0,1.05469,-2.19438,0.0,0.0,extended
16.1106,199,0.0,0.0,0.0,0.0,0.0,0.0,0.0,0.0,0.0,0.0,0.878906,-2.19456,0.0,0.0,extended
16.1907,200,0.0,0.0,0.0,0.0,0.0,0.0,0.0,0.0,0.0,0.0,0.703125,-2.1944,0.0,0.0,extended
16.2708,201,0.0,0.0,0.0,0.0,0.0,0.0,0.0,0.0,0.0,0.0,0.527344,-2.19467,0.0,0.0,extended
16.3509,202,0.0,0.0,0.0,0.0,0.0,0.0,0.0,0.0,0.0,0.0,0.351562,-2.1946,0.0,0.0,extended
16.431,203,0.0,0.0,0.0,0.0,0.0,0.0,0.0,0.0,0.0,0.0,0.175781,-2.19457,0.0,0.0,extended
16.5111,204,0.0,0.0,0.0,0.0,0.0,0.0,0.0,0.0,0.0,0.0,-0.175781,-4.38894,0.0,0.0,extended
16.5913,205,0.0,0.0,0.0,0.0,0.0,0.0,0.0,0.0,0.0,0.0,-0.351562,-2.19392,0.0,0.0,extended
16.6714,206,0.0,0.0,0.0,0.0,0.0,0.0,0.0,0.0,0.0,0.0,-0.703125,-4.38899,0.0,0.0,extended
16.7515,207,0.0,0.0,0.0,0.0,0.0,0.0,0.0,0.0,0.0,0.0,-0.703125,0.0,0.0,0.0,extended
16.8316,208,0.0,0.0,0.0,0.0,0.0,0.0,0.0,0.0,0.0,0.0,-0.878906,-2.19434,0.0,0.0,extended
16.9204,209,0.0,0.0,0.0,0.0,0.0,0.0,0.0,0.0,0.0,0.0,-1.05469,-1.97839,0.0,0.0,seated
17.0005,210,0.0,0.0,0.0,0.0,0.0,0.0,0.0,0.0,0.0,0.0,-1.05469,0.0,0.0,0.0,seated
17.0806,211,0.0,0.0,0.0,0.0,0.0,0.0,0.0,0.0,0.0,0.0,-1.23047,-2.19442,0.0,0.0,seated
17.1607,212,0.0,0.0,0.0,0.0,0.0,0.0,0.0,0.0,0.0,0.0,-1.05469,2.19459,0.0,0.0,seated
17.2408,213,0.0,0.0,0.0,0.0,0.0,0.0,0.0,0.0,0.0,0.0,-0.703125,4.38919,0.0,0.0,seated
17.3209,214,0.0,0.0,0.0,0.0,0.0,0.0,0.0,0.0,0.0,0.0,-0.351562,4.38903,0.0,0.0,seated
17.401,215,0.0,0.0,0.0,0.0,0.0,0.0,0.0,0.0,0.0,0.0,-0.175781,2.1946,0.0,0.0,seated
17.4811,216,0.0,0.0,0.0,0.0,0.0,0.0,0.0,0.0,0.0,0.0,-0.175781,0.0,0.0,0.0,seated
17.5612,217,0.0,0.0,0.0,0.0,0.0,0.0,0.0,0.0,0.0,0.0,-0.175781,0.0,0.0,0.0,seated
17.6413,218,0.0,0.0,0.0,0.0,0.0,0.0,0.0,0.0,0.0,0.0,0.0,2.19461,0.0,0.0,seated
17.7214,219,0.0,0.0,0.0,0.0,0.0,0.0,0.0,0.0,0.0,0.0,0.527344,6.58268,0.0,0.0,seated
17.8136,220,0.0,0.0,0.0,0.0,0.0,0.0,0.0,0.0,0.0,0.0,0.878906,3.81435,0.0,0.0,extended
17.8937,221,0.0,0.0,0.0,0.0,0.0,0.0,0.0,0.0,0.0,0.0,1.05469,2.19468,0.0,0.0,extended
17.9738,222,0.0,0.0,0.0,0.0,0.0,0.0,0.0,0.0,0.0,0.0,1.23047,2.19452,0.0,0.0,extended
18.0539,223,0.0,0.0,0.0,0.0,0.0,0.0,0.0,0.0,0.0,0.0,1.40625,2.19457,0.0,0.0,extended
18.134,224,0.0,0.0,0.0,0.0,0.0,0.0,0.0,0.0,0.0,0.0,1.23047,-2.19453,0.0,0.0,extended
18.2141,225,0.0,0.0,0.0,0.0,0.0,0.0,0.0,0.0,0.0,0.0,1.05469,-2.19453,0.0,0.0,extended
18.2942,226,0.0,0.0,0.0,0.0,0.0,0.0,0.0,0.0,0.0,0.0,1.23047,2.19453,0.0,0.0,extended
18.3743,227,0.0,0.0,0.0,0.0,0.0,0.0,0.0,0.0,0.0,0.0,1.23047,0.0,0.0,0.0,extended
18.4544,228,0.0,0.0,0.0,0.0,0.0,0.0,0.0,0.0,0.0,0.0,1.40625,2.19462,0.0,0.0,extended
18.5345,229,0.0,0.0,0.0,0.0,0.0,0.0,0.0,0.0,0.0,0.0,1.23047,-2.19449,0.0,0.0,extended
18.6146,230,0.0,0.0,0.0,0.0,0.0,0.0,0.0,0.0,0.0,0.0,1.05469,-2.1946,0.0,0.0,extended
18.6947,231,0.0,0.0,0.0,0.0,0.0,0.0,0.0,0.0,0.0,0.0,0.703125,-4.38899,0.0,0.0,extended
18.7748,232,0.0,0.0,0.0,0.0,0.0,0.0,0.0,0.0,0.0,0.0,0.527344,-2.19455,0.0,0.0,extended
18.8549,233,0.0,0.0,0.0,0.0,0.0,0.0,0.0,0.0,0.0,0.0,0.351562,-2.19453,0.0,0.0,extended
18.935,234,0.0,0.0,0.0,0.0,0.0,0.0,0.0,0.0,0.0,0.0,0.175781,-2.1945,0.0,0.0,extended
19.0151,235,0.0,0.0,0.0,0.0,0.0,0.0,0.0,0.0,0.0,0.0,-0.175781,-4.38905,0.0,0.0,extended
19.0952,236,0.0,0.0,0.0,0.0,0.0,0.0,0.0,0.0,0.0,0.0,-0.351562,-2.19412,0.0,0.0,extended
19.1753,237,0.0,0.0,0.0,0.0,0.0,0.0,0.0,0.0,0.0,0.0,-0.703125,-4.38936,0.0,0.0,extended
19.2554,238,0.0,0.0,0.0,0.0,0.0,0.0,0.0,0.0,0.0,0.0,-0.878906,-2.19449,0.0,0.0,extended
19.3355,239,0.0,0.0,0.0,0.0,0.0,0.0,0.0,0.0,0.0,0.0,-1.05469,-2.19458,0.0,0.0,extended
19.4227,240,0.0,0.0,0.0,0.0,0.0,0.0,0.0,0.0,0.0,0.0,-1.05469,0.0,0.0,0.0,seated
19.5028,241,0.0,0.0,0.0,0.0,0.0,0.0,0.0,0.0,0.0,0.0,-1.05469,0.0,0.0,0.0,seated
19.5829,242,0.0,0.0,0.0,0.0,0.0,0.0,0.0,0.0,0.0,0.0,-1.40625,-4.38911,0.0,0.0,seated
19.663,243,0.0,0.0,0.0,0.0,0.0,0.0,0.0,0.0,0.0,0.0,-1.23047,2.1944,0.0,0.0,seated
19.7431,244,0.0,0.0,0.0,0.0,0.0,0.0,0.0,0.0,0.0,0.0,-1.05469,2.19455,0.0,0.0,seated
19.8232,245,0.0,0.0,0.0,0.0,0.0,0.0,0.0,0.0,0.0,0.0,-0.703125,4.389,0.0,0.0,seated
19.9033,246,0.0,0.0,0.0,0.0,0.0,0.0,0.0,0.0,0.0,0.0,-0.351562,4.38917,0.0,0.0,seated
19.9833,247,0.0,0.0,0.0,0.0,0.0,0.0,0.0,0.0,0.0,0.0,-0.351562,0.0,0.0,0.0,seated
20.0634,248,0.0,0.0,0.0,0.0,0.0,0.0,0.0,0.0,0.0,0.0,-0.175781,2.19461,0.0,0.0,seated
20.1435,249,0.0,0.0,0.0,0.0,0.0,0.0,0.0,0.0,0.0,0.0,0.0,2.19459,0.0,0.0,seated
20.2396,250,0.0,0.0,0.0,0.0,0.0,0.0,0.0,0.0,0.0,0.0,0.527344,5.49044,0.0,0.0,extended
20.3356,251,0.0,0.0,0.0,0.0,0.0,0.0,0.0,0.0,0.0,0.0,1.05469,5.49383,0.0,0.0,seated
20.4157,252,0.0,0.0,0.0,0.0,0.0,0.0,0.0,0.0,0.0,0.0,1.23047,2.19447,0.0,0.0,seated
20.4958,253,0.0,0.0,0.0,0.0,0.0,0.0,0.0,0.0,0.0,0.0,1.05469,-2.19453,0.0,0.0,seated
20.5759,254,0.0,0.0,0.0,0.0,0.0,0.0,0.0,0.0,0.0,0.0,1.40625,4.38873,0.0,0.0,seated
20.656,255,0.0,0.0,0.0,0.0,0.0,0.0,0.0,0.0,0.0,0.0,1.75781,4.38915,0.0,0.0,seated
20.7361,256,0.0,0.0,0.0,0.0,0.0,0.0,0.0,0.0,0.0,0.0,1.93359,2.1945,0.0,0.0,seated
20.8162,257,0.0,0.0,0.0,0.0,0.0,0.0,0.0,0.0,0.0,0.0,1.93359,0.0,0.0,0.0,seated
20.8963,258,0.0,0.0,0.0,0.0,0.0,0.0,0.0,0.0,0.0,0.0,1.93359,0.0,0.0,0.0,seated
20.9764,259,0.0,0.0,0.0,0.0,0.0,0.0,0.0,0.0,0.0,0.0,1.75781,-2.19461,0.0,0.0,seated
21.0565,260,0.0,0.0,0.0,0.0,0.0,0.0,0.0,0.0,0.0,0.0,1.75781,0.0,0.0,0.0,seated
21.1366,261,0.0,0.0,0.0,0.0,0.0,0.0,0.0,0.0,0.0,0.0,1.58203,-2.19452,0.0,0.0,seated
21.2167,262,0.0,0.0,0.0,0.0,0.0,0.0,0.0,0.0,0.0,0.0,1.40625,-2.19452,0.0,0.0,seated
21.2968,263,0.0,0.0,0.0,0.0,0.0,0.0,0.0,0.0,0.0,0.0,1.05469,-4.38882,0.0,0.0,seated
21.3769,264,0.0,0.0,0.0,0.0,0.0,0.0,0.0,0.0,0.0,0.0,0.703125,-4.38887,0.0,0.0,seated
21.457,265,0.0,0.0,0.0,0.0,0.0,0.0,0.0,0.0,0.0,0.0,0.527344,-2.19457,0.0,0.0,seated
21.5371,266,0.0,0.0,0.0,0.0,0.0,0.0,0.0,0.0,0.0,0.0,0.351562,-2.19452,0.0,0.0,seated
21.6172,267,0.0,0.0,0.0,0.0,0.0,0.0,0.0,0.0,0.0,0.0,0.0,-4.38909,0.0,0.0,seated
21.6973,268,0.0,0.0,0.0,0.0,0.0,0.0,0.0,0.0,0.0,0.0,-0.175781,-2.19419,0.0,0.0,seated
21.7774,269,0.0,0.0,0.0,0.0,0.0,0.0,0.0,0.0,0.0,0.0,-0.527344,-4.39077,0.0,0.0,seated
21.8575,270,0.0,0.0,0.0,0.0,0.0,0.0,0.0,0.0,0.0,0.0,-0.703125,-2.19461,0.0,0.0,seated
21.9375,271,0.0,0.0,0.0,0.0,0.0,0.0,0.0,0.0,0.0,0.0,-0.703125,0.0,0.0,0.0,seated
22.0176,272,0.0,0.0,0.0,0.0,0.0,0.0,0.0,0.0,0.0,0.0,-0.878906,-2.19457,0.0,0.0,seated
22.1106,273,0.0,0.0,0.0,0.0,0.0,0.0,0.0,0.0,0.0,0.0,-1.05469,-1.89054,0.0,0.0,extended
22.1907,274,0.0,0.0,0.0,0.0,0.0,0.0,0.0,0.0,0.0,0.0,-1.05469,0.0,0.0,0.0,extended
22.2708,275,0.0,0.0,0.0,0.0,0.0,0.0,0.0,0.0,0.0,0.0,-0.878906,2.19453,0.0,0.0,extended
22.3509,276,0.0,0.0,0.0,0.0,0.0,0.0,0.0,0.0,0.0,0.0,-0.703125,2.19453,0.0,0.0,extended
22.431,277,0.0,0.0,0.0,0.0,0.0,0.0,0.0,0.0,0.0,0.0,-0.703125,0.0,0.0,0.0,extended
22.5111,278,0.0,0.0,0.0,0.0,0.0,0.0,0.0,0.0,0.0,0.0,-1.05469,-4.38886,0.0,0.0,extended
22.5912,279,0.0,0.0,0.0,0.0,0.0,0.0,0.0,0.0,0.0,0.0,-0.703125,4.38913,0.0,0.0,extended
22.6713,280,0.0,0.0,0.0,0.0,0.0,0.0,0.0,0.0,0.0,0.0,-0.351562,4.38903,0.0,0.0,extended
22.7514,281,0.0,0.0,0.0,0.0,0.0,0.0,0.0,0.0,0.0,0.0,0.0,4.38925,0.0,0.0,extended
22.8315,282,0.0,0.0,0.0,0.0,0.0,0.0,0.0,0.0,0.0,0.0,0.351562,4.3881,0.0,0.0,extended
22.9242,283,0.0,0.0,0.0,0.0,0.0,0.0,0.0,0.0,0.0,0.0,0.527344,1.89704,0.0,0.0,seated
23.0043,284,0.0,0.0,0.0,0.0,0.0,0.0,0.0,0.0,0.0,0.0,0.878906,4.38911,0.0,0.0,seated
23.0844,285,0.0,0.0,0.0,0.0,0.0,0.0,0.0,0.0,0.0,0.0,0.878906,0.0,0.0,0.0,seated
23.1645,286,0.0,0.0,0.0,0.0,0.0,0.0,0.0,0.0,0.0,0.0,1.05469,2.19461,0.0,0.0,seated
23.2446,287,0.0,0.0,0.0,0.0,0.0,0.0,0.0,0.0,0.0,0.0,1.40625,4.38916,0.0,0.0,seated
23.3247,288,0.0,0.0,0.0,0.0,0.0,0.0,0.0,0.0,0.0,0.0,1.75781,4.38907,0.0,0.0,seated
23.4048,289,0.0,0.0,0.0,0.0,0.0,0.0,0.0,0.0,0.0,0.0,1.93359,2.19453,0.0,0.0,seated
23.4849,290,0.0,0.0,0.0,0.0,0.0,0.0,0.0,0.0,0.0,0.0,1.58203,-4.38913,0.0,0.0,seated
23.565,291,0.0,0.0,0.0,0.0,0.0,0.0,0.0,0.0,0.0,0.0,1.40625,-2.19454,0.0,0.0,seated
23.6451,292,0.0,0.0,0.0,0.0,0.0,0.0,0.0,0.0,0.0,0.0,1.23047,-2.19455,0.0,0.0,seated
23.7252,293,0.0,0.0,0.0,0.0,0.0,0.0,0.0,0.0,0.0,0.0,1.23047,0.0,0.0,0.0,seated
23.8053,294,0.0,0.0,0.0,0.0,0.0,0.0,0.0,0.0,0.0,0.0,1.23047,0.0,0.0,0.0,seated
23.8854,295,0.0,0.0,0.0,0.0,0.0,0.0,0.0,0.0,0.0,0.0,1.05469,-2.19461,0.0,0.0,seated
23.9655,296,0.0,0.0,0.0,0.0,0.0,0.0,0.0,0.0,0.0,0.0,0.703125,-4.38879,0.0,0.0,seated
24.0456,297,0.0,0.0,0.0,0.0,0.0,0.0,0.0,0.0,0.0,0.0,0.351562,-4.38916,0.0,0.0,seated
24.1257,298,0.0,0.0,0.0,0.0,0.0,0.0,0.0,0.0,0.0,0.0,0.175781,-2.19451,0.0,0.0,seated
24.2058,299,0.0,0.0,0.0,0.0,0.0,0.0,0.0,0.0,0.0,0.0,0.0,-2.19456,0.0,0.0,seated
24.2859,300,0.0,0.0,0.0,0.0,0.0,0.0,0.0,0.0,0.0,0.0,-0.175781,-2.1941,0.0,0.0,seated
24.366,301,0.0,0.0,0.0,0.0,0.0,0.0,0.0,0.0,0.0,0.0,-0.351562,-2.19413,0.0,0.0,seated
24.4461,302,0.0,0.0,0.0,0.0,0.0,0.0,0.0,0.0,0.0,0.0,-0.703125,-4.38926,0.0,0.0,seated
24.5394,303,0.0,0.0,0.0,0.0,0.0,0.0,0.0,0.0,0.0,0.0,-0.703125,0.0,0.0,0.0,extended
24.6195,304,0.0,0.0,0.0,0.0,0.0,0.0,0.0,0.0,0.0,0.0,-0.703125,0.0,0.0,0.0,extended
24.6996,305,0.0,0.0,0.0,0.0,0.0,0.0,0.0,0.0,0.0,0.0,-0.703125,0.0,0.0,0.0,extended
24.7797,306,0.0,0.0,0.0,0.0,0.0,0.0,0.0,0.0,0.0,0.0,-0.703125,0.0,0.0,0.0,extended
24.8598,307,0.0,0.0,0.0,0.0,0.0,0.0,0.0,0.0,0.0,0.0,-0.878906,-2.19449,0.0,0.0,extended
24.9399,308,0.0,0.0,0.0,0.0,0.0,0.0,0.0,0.0,0.0,0.0,-1.05469,-2.19451,0.0,0.0,extended
25.02,309,0.0,0.0,0.0,0.0,0.0,0.0,0.0,0.0,0.0,0.0,-0.878906,2.19463,0.0,0.0,extended
25.1001,310,0.0,0.0,0.0,0.0,0.0,0.0,0.0,0.0,0.0,0.0,-0.527344,4.38921,0.0,0.0,extended
25.1802,311,0.0,0.0,0.0,0.0,0.0,0.0,0.0,0.0,0.0,0.0,-0.175781,4.38938,0.0,0.0,extended
25.2603,312,0.0,0.0,0.0,0.0,0.0,0.0,0.0,0.0,0.0,0.0,0.0,2.19451,0.0,0.0,extended
25.3404,313,0.0,0.0,0.0,0.0,0.0,0.0,0.0,0.0,0.0,0.0,0.175781,2.19407,0.0,0.0,extended
25.4206,314,0.0,0.0,0.0,0.0,0.0,0.0,0.0,0.0,0.0,0.0,0.351562,2.19416,0.0,0.0,extended
25.5071,315,0.0,0.0,0.0,0.0,0.0,0.0,0.0,0.0,0.0,0.0,0.351562,0.0,0.0,0.0,seated
25.5872,316,0.0,0.0,0.0,0.0,0.0,0.0,0.0,0.0,0.0,0.0,0.878906,6.58364,0.0,0.0,seated
25.6673,317,0.0,0.0,0.0,0.0,0.0,0.0,0.0,0.0,0.0,0.0,0.878906,0.0,0.0,0.0,seated
25.7474,318,0.0,0.0,0.0,0.0,0.0,0.0,0.0,0.0,0.0,0.0,1.05469,2.19442,0.0,0.0,seated
25.8275,319,0.0,0.0,0.0,0.0,0.0,0.0,0.0,0.0,0.0,0.0,1.23047,2.19455,0.0,0.0,seated
25.9076,320,0.0,0.0,0.0,0.0,0.0,0.0,0.0,0.0,0.0,0.0,1.40625,2.19483,0.0,0.0,seated
25.9877,321,0.0,0.0,0.0,0.0,0.0,0.0,0.0,0.0,0.0,0.0,1.58203,2.19457,0.0,0.0,seated
26.0678,322,0.0,0.0,0.0,0.0,0.0,0.0,0.0,0.0,0.0,0.0,1.40625,-2.19451,0.0,0.0,seated
26.1479,323,0.0,0.0,0.0,0.0,0.0,0.0,0.0,0.0,0.0,0.0,1.23047,-2.19449,0.0,0.0,seated
26.228,324,0.0,0.0,0.0,0.0,0.0,0.0,0.0,0.0,0.0,0.0,1.23047,0.0,0.0,0.0,seated
26.3081,325,0.0,0.0,0.0,0.0,0.0,0.0,0.0,0.0,0.0,0.0,1.05469,-2.1946,0.0,0.0,seated
26.3882,326,0.0,0.0,0.0,0.0,0.0,0.0,0.0,0.0,0.0,0.0,1.05469,0.0,0.0,0.0,seated
26.4683,327,0.0,0.0,0.0,0.0,0.0,0.0,0.0,0.0,0.0,0.0,0.703125,-4.38915,0.0,0.0,seated
26.5484,328,0.0,0.0,0.0,0.0,0.0,0.0,0.0,0.0,0.0,0.0,0.527344,-2.19447,0.0,0.0,seated
26.6285,329,0.0,0.0,0.0,0.0,0.0,0.0,0.0,0.0,0.0,0.0,0.351562,-2.19458,0.0,0.0,seated
26.7086,330,0.0,0.0,0.0,0.0,0.0,0.0,0.0,0.0,0.0,0.0,0.175781,-2.19448,0.0,0.0,seated
26.7887,331,0.0,0.0,0.0,0.0,0.0,0.0,0.0,0.0,0.0,0.0,0.0,-2.19434,0.0,0.0,seated
26.8688,332,0.0,0.0,0.0,0.0,0.0,0.0,0.0,0.0,0.0,0.0,-0.175781,-2.19395,0.0,0.0,seated
26.9489,333,0.0,0.0,0.0,0.0,0.0,0.0,0.0,0.0,0.0,0.0,-0.351562,-2.19411,0.0,0.0,seated
27.029,334,0.0,0.0,0.0,0.0,0.0,0.0,0.0,0.0,0.0,0.0,-0.351562,0.0,0.0,0.0,seated
27.1244,335,0.0,0.0,0.0,0.0,0.0,0.0,0.0,0.0,0.0,0.0,-0.527344,-1.8422,0.0,0.0,extended
27.2045,336,0.0,0.0,0.0,0.0,0.0,0.0,0.0,0.0,0.0,0.0,-0.351562,2.19462,0.0,0.0,extended
27.2846,337,0.0,0.0,0.0,0.0,0.0,0.0,0.0,0.0,0.0,0.0,-0.527344,-2.19468,0.0,0.0,extended
27.3647,338,0.0,0.0,0.0,0.0,0.0,0.0,0.0,0.0,0.0,0.0,-0.527344,0.0,0.0,0.0,extended
27.4448,339,0.0,0.0,0.0,0.0,0.0,0.0,0.0,0.0,0.0,0.0,-0.703125,-2.19452,0.0,0.0,extended
27.5249,340,0.0,0.0,0.0,0.0,0.0,0.0,0.0,0.0,0.0,0.0,-0.878906,-2.19441,0.0,0.0,extended
27.605,341,0.0,0.0,0.0,0.0,0.0,0.0,0.0,0.0,0.0,0.0,-0.527344,4.38915,0.0,0.0,extended
27.6851,342,0.0,0.0,0.0,0.0,0.0,0.0,0.0,0.0,0.0,0.0,-0.351562,2.19468,0.0,0.0,extended
27.7652,343,0.0,0.0,0.0,0.0,0.0,0.0,0.0,0.0,0.0,0.0,0.0,4.38874,0.0,0.0,extended
27.8453,344,0.0,0.0,0.0,0.0,0.0,0.0,0.0,0.0,0.0,0.0,0.0,0.0,0.0,0.0,extended
27.9389,345,0.0,0.0,0.0,0.0,0.0,0.0,0.0,0.0,0.0,0.0,0.175781,1.87816,0.0,0.0,seated
28.019,346,0.0,0.0,0.0,0.0,0.0,0.0,0.0,0.0,0.0,0.0,0.351562,2.19404,0.0,0.0,seated
28.1112,347,0.0,0.0,0.0,0.0,0.0,0.0,0.0,0.0,0.0,0.0,0.351562,0.0,0.0,0.0,extended
28.1913,348,0.0,0.0,0.0,0.0,0.0,0.0,0.0,0.0,0.0,0.0,0.703125,4.38912,0.0,0.0,extended
28.2713,349,0.0,0.0,0.0,0.0,0.0,0.0,0.0,0.0,0.0,0.0,1.05469,4.39077,0.0,0.0,extended
28.3514,350,0.0,0.0,0.0,0.0,0.0,0.0,0.0,0.0,0.0,0.0,1.23047,2.19452,0.0,0.0,extended
28.4315,351,0.0,0.0,0.0,0.0,0.0,0.0,0.0,0.0,0.0,0.0,1.05469,-2.19452,0.0,0.0,extended
28.5116,352,0.0,0.0,0.0,0.0,0.0,0.0,0.0,0.0,0.0,0.0,0.703125,-4.38921,0.0,0.0,extended
28.5917,353,0.0,0.0,0.0,0.0,0.0,0.0,0.0,0.0,0.0,0.0,0.703125,0.0,0.0,0.0,extended
28.6718,354,0.0,0.0,0.0,0.0,0.0,0.0,0.0,0.0,0.0,0.0,0.703125,0.0,0.0,0.0,extended
28.7519,355,0.0,0.0,0.0,0.0,0.0,0.0,0.0,0.0,0.0,0.0,0.703125,0.0,0.0,0.0,extended
28.832,356,0.0,0.0,0.0,0.0,0.0,0.0,0.0,0.0,0.0,0.0,0.703125,0.0,0.0,0.0,extended
28.9121,357,0.0,0.0,0.0,0.0,0.0,0.0,0.0,0.0,0.0,0.0,0.703125,0.0,0.0,0.0,extended
28.9922,358,0.0,0.0,0.0,0.0,0.0,0.0,0.0,0.0,0.0,0.0,0.351562,-4.38913,0.0,0.0,extended
29.0723,359,0.0,0.0,0.0,0.0,0.0,0.0,0.0,0.0,0.0,0.0,0.175781,-2.19457,0.0,0.0,extended
29.1524,360,0.0,0.0,0.0,0.0,0.0,0.0,0.0,0.0,0.0,0.0,0.0,-2.19463,0.0,0.0,extended
29.2326,361,0.0,0.0,0.0,0.0,0.0,0.0,0.0,0.0,0.0,0.0,-0.175781,-2.19403,0.0,0.0,extended
29.3267,362,0.0,0.0,0.0,0.0,0.0,0.0,0.0,0.0,0.0,0.0,-0.175781,0.0,0.0,0.0,seated
29.4068,363,0.0,0.0,0.0,0.0,0.0,0.0,0.0,0.0,0.0,0.0,-0.351562,-2.19452,0.0,0.0,seated
29.4869,364,0.0,0.0,0.0,0.0,0.0,0.0,0.0,0.0,0.0,0.0,-0.527344,-2.19452,0.0,0.0,seated
29.567,365,0.0,0.0,0.0,0.0,0.0,0.0,0.0,0.0,0.0,0.0,-0.703125,-2.19447,0.0,0.0,seated
29.6471,366,0.0,0.0,0.0,0.0,0.0,0.0,0.0,0.0,0.0,0.0,-0.527344,2.19455,0.0,0.0,seated
29.7272,367,0.0,0.0,0.0,0.0,0.0,0.0,0.0,0.0,0.0,0.0,-0.351562,2.19455,0.0,0.0,seated
29.8073,368,0.0,0.0,0.0,0.0,0.0,0.0,0.0,0.0,0.0,0.0,-0.175781,2.19456,0.0,0.0,seated
29.8873,369,0.0,0.0,0.0,0.0,0.0,0.0,0.0,0.0,0.0,0.0,-0.351562,-2.1956,0.0,0.0,seated
29.9674,370,0.0,0.0,0.0,0.0,0.0,0.0,0.0,0.0,0.0,0.0,-0.527344,-2.19459,0.0,0.0,seated
30.0475,371,0.0,0.0,0.0,0.0,0.0,0.0,0.0,0.0,0.0,0.0,-0.351562,2.19451,0.0,0.0,seated
30.1276,372,0.0,0.0,0.0,0.0,0.0,0.0,0.0,0.0,0.0,0.0,-0.175781,2.19459,0.0,0.0,seated
30.2077,373,0.0,0.0,0.0,0.0,0.0,0.0,0.0,0.0,0.0,0.0,0.175781,4.38903,0.0,0.0,seated
30.3062,374,0.0,0.0,0.0,0.0,0.0,0.0,0.0,0.0,0.0,0.0,0.351562,1.78527,0.0,0.0,extended
30.3863,375,0.0,0.0,0.0,0.0,0.0,0.0,0.0,0.0,0.0,0.0,0.527344,2.19455,0.0,0.0,extended
