1.78814e-05,0,-1.08255,-0.373623,-9.77168,-0.00905475,0.0468716,0.0239685,0.0,0.0,0.0,0.0,-0.351562,0.0,-0.0105173,-1.70337,seated
0.0400858,1,-1.07297,-0.354463,-9.77168,-0.00266316,0.0479369,0.0215716,0.0,0.0,0.0,0.0,-0.351562,0.0,-0.0105173,-1.70337,seated
0.0801558,2,-1.08255,-0.373623,-9.7621,-0.00106526,0.0500674,0.0237021,0.0,0.0,0.0,0.0,-0.351562,0.0,-0.0105173,-1.70337,seated
0.120226,3,-1.08255,-0.364043,-9.74294,-0.00372843,0.0474043,0.0175769,0.0,0.0,0.0,0.0,-0.351562,0.0,-0.0105173,-1.70337,seated
0.160296,4,-1.08255,-0.354463,-9.77168,-0.00133158,0.046339,0.0197074,0.0,0.0,0.0,0.0,-0.351562,0.0,-0.0105173,-1.70337,seated
0.200366,5,-1.07297,-0.383203,-9.74294,-0.00346211,0.0490022,0.0218379,0.0,0.0,0.0,0.0,-0.175781,4.38685,-0.00493368,-1.70339,seated
0.240437,6,-1.09213,-0.354463,-9.77168,-0.00585895,0.0503337,0.021039,0.0,0.0,0.0,0.0,-0.175781,0.0,-0.00493368,-1.70339,seated
0.280507,7,-1.11129,-0.383203,-9.73336,-0.00506001,0.0450074,0.0223706,0.0,0.0,0.0,0.0,-0.175781,0.0,-0.00493368,-1.70339,seated
0.320565,8,-1.07297,-0.373623,-9.75252,-0.00692422,0.0479369,0.0229032,0.0,0.0,0.0,0.0,-0.175781,0.0,-0.00493368,-1.70339,seated
0.360635,9,-1.10171,-0.354463,-9.7621,-0.00639159,0.0458064,0.0221042,0.0,0.0,0.0,0.0,-0.175781,0.0,-0.00493368,-1.70339,seated
0.400704,10,-1.11129,-0.364043,-9.74294,-0.00506001,0.0452737,0.0245011,0.0,0.0,0.0,0.0,-0.175781,0.0,-0.00493368,-1.70339,seated
0.440769,11,-1.12087,-0.335303,-9.7621,-0.00372843,0.0450074,0.0215716,0.0,0.0,0.0,0.0,-0.175781,0.0,-0.00493368,-1.70339,seated
0.480836,12,-1.11129,-0.383203,-9.72378,-0.00213053,0.0439422,0.0242348,0.0,0.0,0.0,0.0,0.0,4.38719,0.00065,-1.7034,seated
0.520905,13,-1.09213,-0.373623,-9.74294,-0.00559264,0.0410127,0.0239685,0.0,0.0,0.0,0.0,0.0,0.0,0.00065,-1.7034,seated
0.560972,14,-1.11129,-0.354463,-9.78126,-0.00239685,0.0418116,0.0231695,0.0,0.0,0.0,0.0,0.0,0.0,0.00065,-1.7034,seated
0.601041,15,-1.09213,-0.344883,-9.73336,-0.00585895,0.0367516,0.0287621,0.0,0.0,0.0,0.0,0.0,0.0,0.00065,-1.7034,seated
0.641113,16,-1.08255,-0.383203,-9.74294,-0.000266316,0.0383495,0.0223706,0.0,0.0,0.0,0.0,0.0,0.0,0.00065,-1.7034,seated
0.681178,17,-1.09213,-0.364043,-9.70462,-0.00719053,0.0386158,0.0218379,0.0,0.0,0.0,0.0,0.0,0.0,0.00065,-1.7034,seated
0.721246,18,-1.06339,-0.373623,-9.7621,-0.00452737,0.0378169,0.0231695,0.0,0.0,0.0,0.0,0.0,0.0,0.00065,-1.7034,seated
0.761315,19,-1.05381,-0.364043,-9.72378,-0.00319579,0.0332895,0.0250337,0.0,0.0,0.0,0.0,0.0,0.0,0.00065,-1.7034,seated
0.801382,20,-1.10171,-0.344883,-9.74294,-0.00639159,0.03036,0.0242348,0.0,0.0,0.0,0.0,0.0,0.0,0.00065,-1.7034,seated
0.841452,21,-1.18793,-0.316143,-9.79084,-0.00798948,0.0335558,0.0314253,0.0,0.0,0.0,0.0,0.0,0.0,0.00065,-1.7034,seated
0.881523,22,-0.977168,-0.383203,-9.65672,-0.00559264,0.0348874,0.03542,0.0,0.0,0.0,0.0,0.0,0.0,0.00065,-1.7034,seated
0.921592,23,-0.823887,-0.306563,-9.84832,-0.00772317,0.0370179,0.0410127,0.0,0.0,0.0,0.0,0.0,0.0,0.00065,-1.7034,seated
0.961662,24,-0.574805,-0.440684,-9.84832,-0.0106526,0.0553938,0.0492685,0.0,0.0,0.0,0.0,0.0,0.0,0.00065,-1.7034,seated
1.00173,25,-0.555645,-0.498164,-9.84832,-0.0066579,0.046339,0.0468716,0.0,0.0,0.0,0.0,0.0,0.0,0.00065,-1.7034,seated
1.0418,26,-0.680186,-0.431104,-9.84832,-0.00692422,0.0575243,0.0375506,0.0,0.0,0.0,0.0,0.175781,4.38674,0.00623368,-1.70339,seated
1.08187,27,-0.574805,-0.459844,-9.9058,-0.00532632,0.0798948,0.0189084,0.0,0.0,0.0,0.0,0.175781,0.0,0.00623368,-1.70339,seated
1.12194,28,-0.536484,-0.392783,-9.84832,-0.0015979,0.0785633,0.01012,0.0,0.0,0.0,0.0,0.351562,4.38708,0.0118173,-1.70337,seated
1.16201,29,-0.603545,-0.402363,-9.86748,0.000266316,0.0854875,0.00559264,0.0,0.0,0.0,0.0,0.527344,4.38695,0.0174008,-1.70332,seated
1.20208,30,-0.574805,-0.364043,-9.8579,-0.00292948,0.104929,0.0106526,0.0,0.0,0.0,0.0,0.527344,0.0,0.0174008,-1.70332,seated
1.24215,31,-0.651445,-0.325723,-9.84832,-0.00106526,0.10413,0.00905475,0.0,0.0,0.0,0.0,0.878906,8.7737,0.0285674,-1.70319,seated
1.28221,32,-0.823887,-0.239502,-9.84832,-0.00639159,0.108657,0.015979,0.0,0.0,0.0,0.0,1.05469,4.38698,0.0341503,-1.70309,seated
1.32229,33,-0.958008,-0.114961,-9.84832,-0.0015979,0.100934,0.0218379,0.0,0.0,0.0,0.0,1.05469,0.0,0.0341503,-1.70309,seated
1.36235,34,-1.18793,-0.105381,-9.84832,-0.00346211,0.10413,0.0199737,0.0,0.0,0.0,0.0,1.23047,4.38708,0.0397328,-1.70298,seated
1.40242,35,-1.09213,-0.162861,-9.74294,-0.00559264,0.121706,0.0197074,0.0,0.0,0.0,0.0,1.40625,4.38706,0.045315,-1.70285,seated
1.44249,36,-1.07297,-0.172441,-9.78126,-0.00133158,0.0828243,0.0258327,0.0,0.0,0.0,0.0,1.58203,4.38729,0.0508968,-1.70271,seated
1.48256,37,-1.18793,-0.210762,-9.73336,-0.00106526,0.0961401,0.0287621,0.0,0.0,0.0,0.0,1.75781,4.38698,0.0564781,-1.70254,seated
1.52262,38,-1.05381,-0.239502,-9.72378,-0.00506001,0.0785633,0.0213053,0.0,0.0,0.0,0.0,1.75781,0.0,0.0564781,-1.70254,seated
1.56269,39,-1.12087,-0.316143,-9.74294,0.000798948,0.0585895,0.0253,0.0,0.0,0.0,0.0,1.75781,0.0,0.0564781,-1.70254,seated
1.60277,40,-1.14003,-0.364043,-9.70462,-0.00798948,0.0679106,0.0213053,0.0,0.0,0.0,0.0,1.93359,4.38599,0.0620589,-1.70236,seated
1.64285,41,-1.03465,-0.459844,-9.77168,-0.0015979,0.0508664,0.0199737,0.0,0.0,0.0,0.0,1.93359,0.0,0.0620589,-1.70236,seated
1.68292,42,-1.11129,-0.488584,-9.70462,0.0,0.0332895,0.01518,0.0,0.0,0.0,0.0,1.93359,0.0,0.0620589,-1.70236,seated
1.72299,43,-1.08255,-0.507744,-9.77168,-0.00479369,0.04048,0.0167779,0.0,0.0,0.0,0.0,1.93359,0.0,0.0620589,-1.70236,seated
1.76306,44,-1.07297,-0.574805,-9.70462,0.00106526,0.0138484,0.0199737,0.0,0.0,0.0,0.0,1.75781,-4.38609,0.0564781,-1.70254,seated
1.80313,45,-1.11129,-0.565225,-9.78126,-0.0066579,0.00905475,0.0234358,0.0,0.0,0.0,0.0,1.75781,0.0,0.0564781,-1.70254,seated
1.8432,46,-0.996328,-0.593965,-9.70462,-0.0106526,0.00852212,0.0253,0.0,0.0,0.0,0.0,1.58203,-4.38685,0.0508968,-1.70271,seated
1.88327,47,-1.11129,-0.536484,-9.74294,-0.00639159,-0.0106526,0.0287621,0.0,0.0,0.0,0.0,1.58203,0.0,0.0508968,-1.70271,seated
1.92334,48,-1.08255,-0.469424,-9.7621,-0.00745685,-0.00932106,0.0271642,0.0,0.0,0.0,0.0,1.40625,-4.38664,0.045315,-1.70285,seated
1.96342,49,-1.00591,-0.431104,-9.73336,-0.00719053,-0.0191748,0.0271642,0.0,0.0,0.0,0.0,1.23047,-4.3862,0.0397328,-1.70298,seated
2.00349,50,-1.09213,-0.411943,-9.7621,-0.00559264,-0.0367516,0.0274306,0.0,0.0,0.0,0.0,1.05469,-4.38698,0.0341503,-1.70309,seated
2.04356,51,-1.07297,-0.316143,-9.72378,-0.01012,-0.0295611,0.0271642,0.0,0.0,0.0,0.0,0.878906,-4.3864,0.0285674,-1.70319,seated
2.08363,52,-1.07297,-0.249082,-9.77168,-0.00745685,-0.0495348,0.0242348,0.0,0.0,0.0,0.0,0.703125,-4.38674,0.0229842,-1.70326,seated
2.1237,53,-1.10171,-0.249082,-9.7621,-0.00878843,-0.0532632,0.0250337,0.0,0.0,0.0,0.0,0.527344,-4.38719,0.0174008,-1.70332,seated
2.16378,54,-1.06339,-0.172441,-9.77168,-0.00905475,-0.0474043,0.0263653,0.0,0.0,0.0,0.0,0.351562,-4.38609,0.0118173,-1.70337,seated
2.20385,55,-1.08255,-0.153281,-9.7621,-0.00745685,-0.0593885,0.0266316,0.0,0.0,0.0,0.0,0.0,-8.7737,0.00065,-1.7034,seated
2.24392,56,-1.11129,-0.182021,-9.84832,-0.0117179,-0.0583232,0.0295611,0.0,0.0,0.0,0.0,-0.175781,-4.38698,-0.00493368,-1.70339,seated
2.28398,57,-1.12087,-0.162861,-9.84832,-0.00745685,-0.0593885,0.0295611,0.0,0.0,0.0,0.0,-0.351562,-4.3874,-0.0105173,-1.70337,seated
2.32405,58,-1.11129,-0.182021,-9.74294,-0.00745685,-0.0681769,0.0245011,0.0,0.0,0.0,0.0,-0.527344,-4.38651,-0.0161008,-1.70332,seated
2.36413,59,-1.10171,-0.220342,-9.79084,-0.00639159,-0.0604538,0.021039,0.0,0.0,0.0,0.0,-0.878906,-8.77307,-0.0272674,-1.70319,seated
2.4042,60,-1.05381,-0.296982,-9.77168,-0.00426106,-0.0639159,0.0191748,0.0,0.0,0.0,0.0,-1.05469,-4.38698,-0.0328502,-1.70309,seated
2.44427,61,-1.07297,-0.316143,-9.78126,0.0,-0.066579,0.0199737,0.0,0.0,0.0,0.0,-1.23047,-4.38685,-0.0384328,-1.70298,seated
2.48433,62,-1.09213,-0.402363,-9.7621,-0.00452737,-0.0585895,0.0178432,0.0,0.0,0.0,0.0,-1.40625,-4.38719,-0.044015,-1.70285,seated
2.5244,63,-1.08255,-0.431104,-9.84832,-0.00559264,-0.0609864,0.0178432,0.0,0.0,0.0,0.0,-1.58203,-4.38695,-0.0495968,-1.70271,seated
2.56447,64,-1.05381,-0.450264,-9.73336,-0.00426106,-0.0508664,0.0223706,0.0,0.0,0.0,0.0,-1.75781,-4.38695,-0.0551781,-1.70254,seated
2.60454,65,-1.07297,-0.498164,-9.78126,-0.00719053,-0.0431432,0.026099,0.0,0.0,0.0,0.0,-1.93359,-4.38687,-0.0607589,-1.70236,seated
2.64461,66,-1.11129,-0.526904,-9.74294,-0.00639159,-0.0442085,0.0237021,0.0,0.0,0.0,0.0,-2.10938,-4.38685,-0.0663391,-1.70217,seated
2.68467,67,-1.07297,-0.536484,-9.77168,-0.00639159,-0.0306264,0.026099,0.0,0.0,0.0,0.0,-2.10938,0.0,-0.0663391,-1.70217,seated
2.72474,68,-1.05381,-0.536484,-9.84832,-0.0141148,-0.0255663,0.0255663,0.0,0.0,0.0,0.0,-2.28516,-4.38729,-0.0719187,-1.70195,seated
2.76481,69,-1.08255,-0.479004,-9.74294,-0.00106526,-0.0135821,0.0239685,0.0,0.0,0.0,0.0,-2.46094,-4.38674,-0.0774976,-1.70172,seated
2.80488,70,-1.09213,-0.498164,-9.84832,-0.00532632,-0.00426106,0.0157127,0.0,0.0,0.0,0.0,-2.46094,0.0,-0.0774976,-1.70172,seated
2.84495,71,-1.05381,-0.440684,-9.74294,-0.00932106,-0.00106526,0.0218379,0.0,0.0,0.0,0.0,-2.46094,0.0,-0.0774976,-1.70172,seated
2.88501,72,-1.06339,-0.402363,-9.74294,-0.00479369,0.00958738,0.0234358,0.0,0.0,0.0,0.0,-2.63672,-4.38729,-0.0830758,-1.70147,seated
2.92508,73,-1.05381,-0.364043,-9.72378,-0.00798948,0.0229032,0.0242348,0.0,0.0,0.0,0.0,-2.63672,0.0,-0.0830758,-1.70147,seated
2.96515,74,-1.13045,-0.287402,-9.84832,-0.00559264,0.0295611,0.0274306,0.0,0.0,0.0,0.0,-2.63672,0.0,-0.0830758,-1.70147,seated
3.00522,75,-1.02507,-0.316143,-9.79084,-0.0066579,0.0418116,0.0237021,0.0,0.0,0.0,0.0,-2.46094,4.38674,-0.0774976,-1.70172,seated
3.04529,76,-1.09213,-0.277822,-9.75252,-0.00372843,0.0495348,0.0263653,0.0,0.0,0.0,0.0,-2.46094,0.0,-0.0774976,-1.70172,seated
3.08536,77,-1.09213,-0.249082,-9.84832,-0.00426106,0.0591222,0.0271642,0.0,0.0,0.0,0.0,-2.46094,0.0,-0.0774976,-1.70172,seated
3.12543,78,-1.04423,-0.249082,-9.84832,-0.00319579,0.0719054,0.0255663,0.0,0.0,0.0,0.0,-2.28516,4.38687,-0.0719187,-1.70195,seated
3.1655,79,-1.04423,-0.210762,-9.72378,-0.00772317,0.0751011,0.0215716,0.0,0.0,0.0,0.0,-2.10938,4.38664,-0.0663391,-1.70217,seated
3.20557,80,-1.10171,-0.201182,-9.78126,-0.00239685,0.087618,0.0199737,0.0,0.0,0.0,0.0,-2.10938,0.0,-0.0663391,-1.70217,seated
3.24564,81,-1.10171,-0.306563,-9.78126,0.0,0.097738,0.0191748,0.0,0.0,0.0,0.0,-1.93359,4.38716,-0.0607589,-1.70236,seated
3.28571,82,-1.07297,-0.277822,-9.78126,-0.00106526,0.100667,0.0191748,0.0,0.0,0.0,0.0,-1.75781,4.38687,-0.0551781,-1.70254,seated
3.32578,83,-1.09213,-0.354463,-9.7621,-0.00239685,0.107858,0.021039,0.0,0.0,0.0,0.0,-1.58203,4.38674,-0.0495968,-1.70271,seated
3.36585,84,-1.07297,-0.335303,-9.7621,0.0015979,0.111586,0.0215716,0.0,0.0,0.0,0.0,-1.40625,4.38674,-0.044015,-1.70285,seated
3.40592,85,-1.08255,-0.383203,-9.78126,-0.00292948,0.115581,0.0239685,0.0,0.0,0.0,0.0,-1.05469,8.77411,-0.0328502,-1.70309,seated
3.44599,86,-1.08255,-0.459844,-9.75252,-0.00346211,0.125701,0.0253,0.0,0.0,0.0,0.0,-0.878906,4.38674,-0.0272674,-1.70319,seated
3.48606,87,-1.07297,-0.450264,-9.7621,-0.00213053,0.124902,0.0276969,0.0,0.0,0.0,0.0,-0.703125,4.38674,-0.0216842,-1.70326,seated
3.52613,88,-1.10171,-0.507744,-9.74294,-0.000798948,0.130229,0.0197074,0.0,0.0,0.0,0.0,-0.527344,4.38708,-0.0161008,-1.70332,seated
3.5662,89,-1.04423,-0.526904,-9.74294,-0.00239685,0.133957,0.0162453,0.0,0.0,0.0,0.0,-0.351562,4.38695,-0.0105173,-1.70337,seated
3.60627,90,-1.09213,-0.526904,-9.7621,-0.00319579,0.130495,0.01518,0.0,0.0,0.0,0.0,0.0,8.77396,0.00065,-1.7034,seated
3.64634,91,-1.07297,-0.479004,-9.7621,-0.00133158,0.133957,0.0229032,0.0,0.0,0.0,0.0,0.175781,4.38674,0.00623368,-1.70339,seated
3.68641,92,-1.08255,-0.450264,-9.74294,-0.00266316,0.131028,0.0183758,0.0,0.0,0.0,0.0,0.351562,4.38674,0.0118173,-1.70337,seated
3.72648,93,-1.07297,-0.431104,-9.77168,0.000532632,0.13156,0.0199737,0.0,0.0,0.0,0.0,0.527344,4.38695,0.0174008,-1.70332,seated
3.76656,94,-1.09213,-0.402363,-9.77168,-0.000798948,0.128098,0.0215716,0.0,0.0,0.0,0.0,0.703125,4.38609,0.0229842,-1.70326,seated
3.80663,95,-1.10171,-0.344883,-9.77168,-0.00692422,0.125435,0.0218379,0.0,0.0,0.0,0.0,0.878906,4.38687,0.0285674,-1.70319,seated
3.8467,96,-1.09213,-0.306563,-9.74294,-0.00266316,0.121174,0.0231695,0.0,0.0,0.0,0.0,1.05469,4.3862,0.0341503,-1.70309,seated
3.88677,97,-1.11129,-0.316143,-9.78126,-0.00319579,0.11132,0.0271642,0.0,0.0,0.0,0.0,1.23047,4.38685,0.0397328,-1.70298,seated
3.92685,98,-1.08255,-0.277822,-9.74294,-0.00319579,0.10626,0.0221042,0.0,0.0,0.0,0.0,1.40625,4.3863,0.045315,-1.70285,seated
3.96692,99,-1.09213,-0.258662,-9.84832,-0.00506001,0.0964064,0.0250337,0.0,0.0,0.0,0.0,1.40625,0.0,0.045315,-1.70285,seated
4.00699,100,-1.07297,-0.220342,-9.73336,-0.000266316,0.0924117,0.0245011,0.0,0.0,0.0,0.0,1.58203,4.38687,0.0508968,-1.70271,seated
4.04706,101,-1.07297,-0.249082,-9.74294,-0.00239685,0.0812264,0.0231695,0.0,0.0,0.0,0.0,1.75781,4.38672,0.0564781,-1.70254,seated
4.08713,102,-1.08255,-0.220342,-9.75252,-0.00346211,0.0737696,0.0245011,0.0,0.0,0.0,0.0,1.75781,0.0,0.0564781,-1.70254,seated
4.1272,103,-1.08255,-0.258662,-9.70462,-0.00133158,0.0633832,0.0197074,0.0,0.0,0.0,0.0,1.75781,0.0,0.0564781,-1.70254,seated
4.16727,104,-1.06339,-0.306563,-9.72378,-0.00239685,0.0556601,0.0245011,0.0,0.0,0.0,0.0,1.93359,4.38677,0.0620589,-1.70236,seated
4.20734,105,-1.08255,-0.335303,-9.73336,0.0,0.0458064,0.0245011,0.0,0.0,0.0,0.0,1.93359,0.0,0.0620589,-1.70236,seated
4.24741,106,-1.10171,-0.364043,-9.74294,-0.0015979,0.0346211,0.0250337,0.0,0.0,0.0,0.0,1.75781,-4.38721,0.0564781,-1.70254,seated
4.28748,107,-1.05381,-0.383203,-9.77168,-0.00319579,0.0237021,0.0197074,0.0,0.0,0.0,0.0,1.75781,0.0,0.0564781,-1.70254,seated
4.32755,108,-1.06339,-0.450264,-9.75252,-0.00346211,0.0175769,0.0253,0.0,0.0,0.0,0.0,1.75781,0.0,0.0564781,-1.70254,seated
4.36757,109,-1.08255,-0.469424,-9.73336,-0.00479369,0.00372843,0.026099,0.0,0.0,0.0,0.0,1.58203,-4.39171,0.0508968,-1.70271,seated
4.40764,110,-1.11129,-0.450264,-9.73336,-0.00372843,-0.00106526,0.0223706,0.0,0.0,0.0,0.0,1.58203,0.0,0.0508968,-1.70271,seated
4.44771,111,-1.09213,-0.459844,-9.73336,-0.00585895,-0.00878843,0.0263653,0.0,0.0,0.0,0.0,1.40625,-4.38708,0.045315,-1.70285,seated
4.48778,112,-1.07297,-0.450264,-9.84832,-0.00372843,-0.0191748,0.02024,0.0,0.0,0.0,0.0,1.23047,-4.38698,0.0397328,-1.70298,seated
4.52785,113,-1.11129,-0.431104,-9.73336,-0.00479369,-0.0274306,0.0223706,0.0,0.0,0.0,0.0,1.05469,-4.38685,0.0341503,-1.70309,seated
4.56792,114,-1.05381,-0.402363,-9.7621,-0.00426106,-0.0343548,0.0239685,0.0,0.0,0.0,0.0,0.878906,-4.38685,0.0285674,-1.70319,seated
4.60799,115,-1.04423,-0.402363,-9.78126,-0.00692422,-0.0378169,0.0279632,0.0,0.0,0.0,0.0,0.703125,-4.38695,0.0229842,-1.70326,seated
4.64806,116,-1.09213,-0.383203,-9.78126,-0.0066579,-0.0474043,0.0242348,0.0,0.0,0.0,0.0,0.527344,-4.38674,0.0174008,-1.70332,seated
4.68813,117,-1.09213,-0.354463,-9.77168,-0.00905475,-0.0532632,0.0274306,0.0,0.0,0.0,0.0,0.351562,-4.38687,0.0118173,-1.70337,seated
4.7282,118,-1.08255,-0.316143,-9.7621,-0.00692422,-0.0537959,0.0215716,0.0,0.0,0.0,0.0,0.175781,-4.38693,0.00623368,-1.70339,seated
4.76826,119,-1.06339,-0.316143,-9.7621,-0.00878843,-0.0561927,0.0239685,0.0,0.0,0.0,0.0,-0.175781,-8.77422,-0.00493368,-1.70339,seated
4.80834,120,-1.12087,-0.296982,-9.74294,-0.00852212,-0.0625843,0.0258327,0.0,0.0,0.0,0.0,-0.351562,-4.3863,-0.0105173,-1.70337,seated
4.84841,121,-1.11129,-0.249082,-9.84832,-0.00479369,-0.0636496,0.0258327,0.0,0.0,0.0,0.0,-0.527344,-4.38721,-0.0161008,-1.70332,seated
4.88848,122,-1.07297,-0.296982,-9.7621,-0.00692422,-0.0620517,0.0237021,0.0,0.0,0.0,0.0,-0.703125,-4.38685,-0.0216842,-1.70326,seated
4.92855,123,-1.09213,-0.306563,-9.84832,-0.00719053,-0.0628506,0.0218379,0.0,0.0,0.0,0.0,-0.878906,-4.38674,-0.0272674,-1.70319,seated
4.96861,124,-1.09213,-0.287402,-9.79084,-0.00479369,-0.0612527,0.0237021,0.0,0.0,0.0,0.0,-1.05469,-4.38719,-0.0328502,-1.70309,seated
5.00868,125,-1.05381,-0.277822,-9.77168,-0.00506001,-0.0569916,0.0282295,0.0,0.0,0.0,0.0,-1.40625,-8.77385,-0.044015,-1.70285,seated
5.04876,126,-1.09213,-0.325723,-9.77168,-0.00532632,-0.0524643,0.0239685,0.0,0.0,0.0,0.0,-1.58203,-4.3858,-0.0495968,-1.70271,seated
5.08883,127,-1.08255,-0.364043,-9.84832,-0.00585895,-0.0495348,0.0242348,0.0,0.0,0.0,0.0,-1.75781,-4.38674,-0.0551781,-1.70254,seated
5.1289,128,-1.10171,-0.364043,-9.7621,-0.0106526,-0.0452737,0.0245011,0.0,0.0,0.0,0.0,-1.93359,-4.38716,-0.0607589,-1.70236,seated
5.16897,129,-1.06339,-0.402363,-9.75252,-0.00745685,-0.0359527,0.0218379,0.0,0.0,0.0,0.0,-1.93359,0.0,-0.0607589,-1.70236,seated
5.20904,130,-1.08255,-0.392783,-9.75252,-0.0066579,-0.0343548,0.0245011,0.0,0.0,0.0,0.0,-2.10938,-4.38687,-0.0663391,-1.70217,seated
5.32177,131,-1.02507,-0.459844,-9.79084,-0.00719053,-0.0162453,0.03036,0.0,0.0,0.0,0.0,-2.46094,-3.11878,-0.0598476,-1.66892,extended
5.36184,132,0.0766406,-0.0383203,-9.60882,-0.0135821,-0.0407464,0.156328,0.0,0.0,0.0,0.0,-2.63672,-4.3863,-0.0654258,-1.66867,extended
5.40191,133,0.632285,-0.708926,-10.0495,-0.0884169,-0.342749,0.158991,0.0,0.0,0.0,0.0,-2.46094,4.38677,-0.0598476,-1.66892,extended
5.44198,134,0.938848,-0.651445,-7.6928,0.0881506,-1.5726,0.0484695,0.0,0.0,0.0,0.0,-2.63672,-4.38682,-0.0654258,-1.66867,extended
5.48205,135,-2.05972,-0.0383203,-8.13349,0.168045,-2.43173,0.0940096,0.0,0.0,0.0,0.0,-2.63672,0.0,-0.0654258,-1.66867,extended
5.52213,136,-3.64043,-0.0191602,-8.55501,-0.0242348,-2.95584,0.00239685,0.0,0.0,0.0,0.0,-2.63672,0.0,-0.0654258,-1.66867,extended
5.56219,137,-5.83427,-0.0191602,-8.32509,-0.01012,-2.92841,0.0167779,0.0,0.0,0.0,0.0,-2.63672,0.0,-0.0654258,-1.66867,extended
5.60227,138,-9.49386,-0.00958008,-7.86524,-0.00133158,-2.22534,0.0511327,0.0,0.0,0.0,0.0,-2.63672,0.0,-0.0654258,-1.66867,extended
5.64233,139,-8.71787,-0.785566,-7.84608,0.0386158,-0.98537,-0.0117179,0.0,0.0,0.0,0.0,-2.46094,4.38695,-0.0598476,-1.66892,extended
5.6824,140,-7.01262,0.440684,-8.21971,0.0822917,0.284958,-0.0905475,0.0,0.0,0.0,0.0,-2.63672,-4.38685,-0.0654258,-1.66867,extended
5.72247,141,-5.29778,0.124541,-7.29044,-0.0098537,0.396811,0.00798948,0.0,0.0,0.0,0.0,-2.46094,4.38698,-0.0598476,-1.66892,extended
5.76254,142,-4.65592,-0.134121,-7.44372,0.00452737,0.34408,0.0127832,0.0,0.0,0.0,0.0,-2.28516,4.38687,-0.0542687,-1.66915,extended
5.80261,143,-4.56012,-0.191602,-7.62574,-0.0181095,-0.142213,0.0452737,0.0,0.0,0.0,0.0,-2.10938,4.38716,-0.0486891,-1.66937,extended
5.84268,144,-7.68322,0.220342,-8.32509,-0.0332895,-0.00479369,0.0460727,0.0,0.0,0.0,0.0,-1.93359,4.38695,-0.0431089,-1.66956,extended
5.88275,145,-5.47022,-0.210762,-7.25212,-0.0356864,0.252468,0.10413,0.0,0.0,0.0,0.0,-1.75781,4.38653,-0.0375281,-1.66974,extended
5.92282,146,-5.30736,-0.0287402,-7.55868,-0.0567253,0.113184,0.0607201,0.0,0.0,0.0,0.0,-1.40625,8.7739,-0.026365,-1.67005,extended
5.96289,147,-5.84385,0.0670606,-7.72154,-0.0189084,0.0487358,0.0782969,0.0,0.0,0.0,0.0,-1.23047,4.38687,-0.0207828,-1.67018,extended
6.00297,148,-5.97797,-0.268242,-7.89398,-0.04048,0.14461,0.0284958,0.0,0.0,0.0,0.0,-1.05469,4.38638,-0.0152002,-1.67029,extended
6.04304,149,-5.93007,-0.229922,-7.94188,0.00958738,0.153132,0.0274306,0.0,0.0,0.0,0.0,-0.878906,4.3863,-0.00961736,-1.67039,extended
6.08311,150,-5.29778,-0.201182,-7.32876,0.0175769,0.0929443,0.00692422,0.0,0.0,0.0,0.0,-0.703125,4.38677,-0.0040342,-1.67046,extended
6.12318,151,-6.13125,-0.134121,-8.07601,0.0237021,0.100667,-0.0215716,0.0,0.0,0.0,0.0,-0.527344,4.38706,0.00154917,-1.67052,extended
6.16325,152,-5.48939,-0.182021,-7.5491,0.0364853,0.161388,-0.0111853,0.0,0.0,0.0,0.0,-0.351562,4.38674,0.00713269,-1.67057,extended
6.20332,153,-5.79595,-0.210762,-7.76944,0.00878843,0.10413,-0.00932106,0.0,0.0,0.0,0.0,-0.175781,4.38674,0.0127163,-1.67059,extended
6.24339,154,-5.72889,-0.0287402,-7.75028,0.0114516,0.117179,0.0242348,0.0,0.0,0.0,0.0,0.0,4.38698,0.0183,-1.6706,extended
6.28346,155,-5.78637,-0.210762,-7.61616,-0.0130495,0.124902,0.0324906,0.0,0.0,0.0,0.0,0.351562,8.77354,0.0294673,-1.67057,extended
6.32353,156,-5.69057,-0.162861,-7.6449,-0.0191748,0.116646,0.0482032,0.0,0.0,0.0,0.0,0.527344,4.38737,0.0350508,-1.67052,extended
6.36357,157,-5.52771,-0.191602,-7.75028,-0.0314253,0.103331,0.0545948,0.0,0.0,0.0,0.0,0.703125,4.39014,0.0406342,-1.67046,extended
6.40364,158,-5.95881,-0.172441,-7.86524,-0.03036,0.111054,0.0543285,0.0,0.0,0.0,0.0,0.703125,0.0,0.0406342,-1.67046,extended
6.4437,159,-5.63309,-0.201182,-7.61616,-0.01518,0.107059,0.0460727,0.0,0.0,0.0,0.0,0.878906,4.38719,0.0462174,-1.67039,extended
6.48377,160,-5.75763,-0.191602,-7.76944,-0.0141148,0.0844222,0.0133158,0.0,0.0,0.0,0.0,1.05469,4.38685,0.0518002,-1.67029,extended
6.52384,161,-5.81511,-0.143701,-7.61616,0.015979,0.0929443,0.00266316,0.0,0.0,0.0,0.0,1.05469,0.0,0.0518002,-1.67029,extended
6.56391,162,-5.70973,-0.172441,-7.7407,0.0127832,0.0782969,-0.00772317,0.0,0.0,0.0,0.0,1.23047,4.38685,0.0573828,-1.67018,extended
6.60399,163,-5.74805,-0.0383203,-7.7407,0.0205063,0.0759001,0.00106526,0.0,0.0,0.0,0.0,1.23047,0.0,0.0573828,-1.67018,extended
6.64405,164,-5.67141,-0.0574805,-7.67364,0.01518,0.0625843,0.00346211,0.0,0.0,0.0,0.0,1.23047,0.0,0.0573828,-1.67018,extended
6.68412,165,-5.76721,-0.0383203,-7.75028,0.00559264,0.0604538,0.015979,0.0,0.0,0.0,0.0,1.23047,0.0,0.0573828,-1.67018,extended
6.7242,166,-5.66183,-0.0383203,-7.67364,-0.0066579,0.046339,0.0271642,0.0,0.0,0.0,0.0,1.40625,4.38674,0.062965,-1.67005,extended
6.76427,167,-5.84385,-0.0383203,-7.77902,-0.0181095,0.0367516,0.0402137,0.0,0.0,0.0,0.0,1.40625,0.0,0.062965,-1.67005,extended
6.80434,168,-5.61393,-0.0574805,-7.597,-0.0255663,0.0367516,0.0466053,0.0,0.0,0.0,0.0,1.40625,0.0,0.062965,-1.67005,extended
6.84441,169,-5.83427,-0.0862207,-7.75028,-0.0274306,0.015979,0.0492685,0.0,0.0,0.0,0.0,1.23047,-4.38693,0.0573828,-1.67018,extended
6.88447,170,-5.69057,-0.134121,-7.66406,-0.0237021,0.0162453,0.0444748,0.0,0.0,0.0,0.0,1.23047,0.0,0.0573828,-1.67018,extended
6.92454,171,-5.70973,-0.172441,-7.73112,-0.00719053,0.00532632,0.0239685,0.0,0.0,0.0,0.0,1.23047,0.0,0.0573828,-1.67018,extended
6.96456,172,-5.70973,-0.201182,-7.70238,0.00532632,-0.0015979,0.01012,0.0,0.0,0.0,0.0,1.05469,-4.39213,0.0518002,-1.67029,extended
7.00463,173,-5.74805,-0.191602,-7.73112,0.00772317,-0.0114516,0.00213053,0.0,0.0,0.0,0.0,0.878906,-4.38719,0.0462174,-1.67039,extended
7.0447,174,-5.72889,-0.153281,-7.72154,0.0111853,-0.0170442,-0.000532632,0.0,0.0,0.0,0.0,0.703125,-4.38687,0.0406342,-1.67046,extended
7.08477,175,-5.71931,-0.124541,-7.70238,0.0106526,-0.0250337,0.00559264,0.0,0.0,0.0,0.0,0.527344,-4.38672,0.0350508,-1.67052,extended
7.12484,176,-5.75763,-0.153281,-7.7407,-0.000266316,-0.0295611,0.0133158,0.0,0.0,0.0,0.0,0.351562,-4.38687,0.0294673,-1.67057,extended
7.16491,177,-5.70015,-0.114961,-7.66406,-0.00506001,-0.0367516,0.0266316,0.0,0.0,0.0,0.0,0.351562,0.0,0.0294673,-1.67057,extended
7.20498,178,-5.76721,-0.182021,-7.76944,-0.0189084,-0.0460727,0.0359527,0.0,0.0,0.0,0.0,0.0,-8.7738,0.0183,-1.6706,extended
7.24505,179,-5.78637,-0.172441,-7.70238,-0.0218379,-0.0474043,0.0447411,0.0,0.0,0.0,0.0,0.0,0.0,0.0183,-1.6706,extended
7.28512,180,-5.71931,-0.143701,-7.71196,-0.0213053,-0.0529969,0.0380832,0.0,0.0,0.0,0.0,-0.351562,-8.77328,0.00713269,-1.67057,extended
7.32519,181,-5.74805,-0.210762,-7.7886,-0.0117179,-0.0548611,0.0343548,0.0,0.0,0.0,0.0,-0.527344,-4.38674,0.00154917,-1.67052,extended
7.36526,182,-5.70973,-0.172441,-7.6928,-0.00452737,-0.0551274,0.0213053,0.0,0.0,0.0,0.0,-0.703125,-4.38674,-0.0040342,-1.67046,extended
7.40533,183,-5.78637,-0.153281,-7.75986,0.00426106,-0.0575243,0.0098537,0.0,0.0,0.0,0.0,-0.878906,-4.38687,-0.00961736,-1.67039,extended
7.4454,184,-5.72889,-0.105381,-7.75986,0.0098537,-0.0609864,0.00452737,0.0,0.0,0.0,0.0,-1.05469,-4.38693,-0.0152002,-1.67029,extended
7.48547,185,-5.73847,-0.0766406,-7.73112,0.00479369,-0.0543285,0.00479369,0.0,0.0,0.0,0.0,-1.40625,-8.77422,-0.026365,-1.67005,extended
7.52554,186,-5.70973,-0.105381,-7.75028,0.00745685,-0.0511327,0.00905475,0.0,0.0,0.0,0.0,-1.58203,-4.38695,-0.0319468,-1.66991,extended
7.56561,187,-5.76721,-0.0574805,-7.75028,0.0015979,-0.0575243,0.0170442,0.0,0.0,0.0,0.0,-1.75781,-4.38685,-0.0375281,-1.66974,extended
7.60568,188,-5.69057,-0.0479004,-7.70238,-0.01012,-0.0423443,0.0282295,0.0,0.0,0.0,0.0,-1.93359,-4.38708,-0.0431089,-1.66956,extended
7.64575,189,-5.71931,-0.0766406,-7.77902,-0.0197074,-0.0452737,0.0308927,0.0,0.0,0.0,0.0,-2.10938,-4.38617,-0.0486891,-1.66937,extended
7.75352,190,-5.59477,-0.143701,-7.80776,-0.0167779,-0.0231695,0.0324906,0.0,0.0,0.0,0.0,-2.28516,-1.63115,-0.0719187,-1.70195,seated
7.79356,191,-4.3302,0.411943,-7.58742,0.0378169,-0.0327569,-0.0324906,0.0,0.0,0.0,0.0,-2.28516,0.0,-0.0719187,-1.70195,seated
7.83363,192,-6.8306,-0.517324,-8.32509,0.0423443,-0.0154463,-0.136354,0.0,0.0,0.0,0.0,-2.46094,-4.38706,-0.0774976,-1.70172,seated
7.8737,193,-8.69871,-0.124541,-7.79818,0.0737696,1.47912,-0.0529969,0.0,0.0,0.0,0.0,-2.8125,-8.77417,-0.0886532,-1.70121,seated
7.91377,194,-5.36484,0.0862207,-8.84241,-0.00213053,2.38832,0.0255663,0.0,0.0,0.0,0.0,-2.8125,0.0,-0.0886532,-1.70121,seated
7.95384,195,-5.2403,-0.220342,-7.68322,0.03542,2.57874,-0.120641,0.0,0.0,0.0,0.0,-2.8125,0.0,-0.0886532,-1.70121,seated
7.99391,196,-3.12311,-0.0287402,-9.09149,-0.0482032,2.97662,-0.0229032,0.0,0.0,0.0,0.0,-2.8125,0.0,-0.0886532,-1.70121,seated
8.03398,197,-1.55197,-0.814307,-9.08191,-0.0516653,2.96596,-0.144343,0.0,0.0,0.0,0.0,-2.8125,0.0,-0.0886532,-1.70121,seated
8.07406,198,4.62718,-0.0670606,-7.86524,-0.0988033,0.857804,0.169111,0.0,0.0,0.0,0.0,-2.46094,8.77244,-0.0774976,-1.70172,seated
8.11414,199,3.57337,-0.536484,-10.5285,-0.0015979,-0.382164,0.32677,0.0,0.0,0.0,0.0,-2.10938,8.77229,-0.0663391,-1.70217,seated
8.15421,200,-2.08846,0.0383203,-10.8351,0.0279632,-0.599744,0.266582,0.0,0.0,0.0,0.0,-2.10938,0.0,-0.0663391,-1.70217,seated
8.19427,201,-3.18059,-0.354463,-9.74294,-0.0141148,0.335026,0.0719054,0.0,0.0,0.0,0.0,-2.10938,0.0,-0.0663391,-1.70217,seated
8.23435,202,-2.70158,0.0479004,-9.93454,-0.0532632,0.691623,-0.0647148,0.0,0.0,0.0,0.0,-1.93359,4.38674,-0.0607589,-1.70236,seated
8.27442,203,0.210762,-0.555645,-9.26394,-0.0117179,0.241815,-0.103064,0.0,0.0,0.0,0.0,-1.93359,0.0,-0.0607589,-1.70236,seated
8.31449,204,-0.383203,-0.555645,-10.4806,0.01012,-0.118777,-0.0713727,0.0,0.0,0.0,0.0,-1.93359,0.0,-0.0607589,-1.70236,seated
8.35457,205,-1.75315,-0.526904,-9.36932,0.04048,-0.102265,-0.0838896,0.0,0.0,0.0,0.0,-1.75781,4.38583,-0.0551781,-1.70254,seated
8.39464,206,-1.09213,-0.0958008,-10.3082,-0.0138484,0.165915,-0.0591222,0.0,0.0,0.0,0.0,-1.58203,4.38703,-0.0495968,-1.70271,seated
8.43471,207,-0.823887,-0.517324,-9.55134,0.0167779,0.16698,0.0250337,0.0,0.0,0.0,0.0,-1.40625,4.38677,-0.044015,-1.70285,seated
8.47477,208,-0.929268,-0.344883,-9.86748,-0.00958738,0.0660464,0.0897485,0.0,0.0,0.0,0.0,-1.05469,8.77453,-0.0328502,-1.70309,seated
8.51484,209,-1.44659,-0.316143,-9.92496,0.0199737,0.100667,-0.0245011,0.0,0.0,0.0,0.0,0.527344,39.4802,0.0174008,-1.70332,seated
8.84404,210,-1.13045,-0.316143,-9.77168,-0.000798948,0.110788,-0.00506001,0.0,0.0,0.0,0.0,0.703125,0.533975,0.0229842,-1.70326,seated
8.88411,211,-0.996328,-0.373623,-9.6663,-0.00452737,0.13156,0.0391485,0.0,0.0,0.0,0.0,0.878906,4.38687,0.0285674,-1.70319,seated
8.92418,212,-0.958008,-0.325723,-9.55134,-0.0125169,0.1012,0.0756338,0.0,0.0,0.0,0.0,1.23047,8.77323,0.0397328,-1.70298,seated
8.96425,213,-1.16877,-0.364043,-9.97286,-0.0106526,0.107592,0.0958738,0.0,0.0,0.0,0.0,1.40625,4.38687,0.045315,-1.70285,seated
9.00433,214,-0.938848,-0.364043,-9.51302,-0.00932106,0.105727,0.0721717,0.0,0.0,0.0,0.0,1.58203,4.38596,0.0508968,-1.70271,seated
9.0444,215,-1.12087,-0.450264,-10.0016,-0.0098537,0.0798948,0.0532632,0.0,0.0,0.0,0.0,1.58203,0.0,0.0508968,-1.70271,seated
9.08446,216,-1.00591,-0.383203,-9.63756,0.00479369,0.0881506,0.015979,0.0,0.0,0.0,0.0,1.75781,4.38724,0.0564781,-1.70254,seated
9.12453,217,-1.06339,-0.402363,-9.84832,-0.0066579,0.0681769,-0.0253,0.0,0.0,0.0,0.0,1.75781,0.0,0.0564781,-1.70254,seated
9.16457,218,-1.06339,-0.373623,-9.70462,0.00559264,0.0655138,-0.03542,0.0,0.0,0.0,0.0,1.75781,0.0,0.0564781,-1.70254,seated
9.20463,219,-1.05381,-0.316143,-9.78126,0.0,0.0551274,-0.0306264,0.0,0.0,0.0,0.0,1.75781,0.0,0.0564781,-1.70254,seated
9.2447,220,-1.05381,-0.306563,-9.74294,0.00426106,0.046339,-0.00506001,0.0,0.0,0.0,0.0,1.75781,0.0,0.0564781,-1.70254,seated
9.28477,221,-1.07297,-0.306563,-9.65672,-0.0133158,0.0370179,0.0322242,0.0,0.0,0.0,0.0,1.75781,0.0,0.0564781,-1.70254,seated
9.32483,222,-1.11129,-0.316143,-9.8579,-0.00719053,0.0348874,0.0657801,0.0,0.0,0.0,0.0,1.75781,0.0,0.0564781,-1.70254,seated
9.3649,223,-1.01549,-0.344883,-9.65672,-0.0162453,0.0213053,0.0777643,0.0,0.0,0.0,0.0,1.75781,0.0,0.0564781,-1.70254,seated
9.40497,224,-1.14961,-0.364043,-9.84832,-0.015979,0.00878843,0.071639,0.0,0.0,0.0,0.0,1.75781,0.0,0.0564781,-1.70254,seated
9.44505,225,-1.03465,-0.364043,-9.6663,-0.00559264,0.00532632,0.0436758,0.0,0.0,0.0,0.0,1.58203,-4.38674,0.0508968,-1.70271,seated
9.48512,226,-1.11129,-0.402363,-9.89622,-0.00585895,-0.0111853,0.0154463,0.0,0.0,0.0,0.0,1.40625,-4.38693,0.045315,-1.70285,seated
9.52518,227,-1.01549,-0.325723,-9.65672,0.00319579,-0.00958738,-0.0117179,0.0,0.0,0.0,0.0,1.40625,0.0,0.045315,-1.70285,seated
9.56525,228,-1.11129,-0.364043,-9.84832,-0.00239685,-0.0282295,-0.0239685,0.0,0.0,0.0,0.0,1.23047,-4.38674,0.0397328,-1.70298,seated
9.60532,229,-1.09213,-0.316143,-9.6663,0.00639159,-0.0319579,-0.0133158,0.0,0.0,0.0,0.0,1.05469,-4.387,0.0341503,-1.70309,seated
9.64539,230,-1.11129,-0.335303,-9.84832,-0.0098537,-0.0375506,0.0066579,0.0,0.0,0.0,0.0,0.878906,-4.38653,0.0285674,-1.70319,seated
9.68546,231,-1.10171,-0.325723,-9.84832,-0.00452737,-0.0391485,0.0314253,0.0,0.0,0.0,0.0,0.703125,-4.38669,0.0229842,-1.70326,seated
9.72554,232,-1.02507,-0.325723,-9.70462,-0.00905475,-0.0479369,0.0556601,0.0,0.0,0.0,0.0,0.527344,-4.3862,0.0174008,-1.70332,seated
9.76556,233,-1.11129,-0.402363,-9.7621,-0.0130495,-0.0527306,0.0652474,0.0,0.0,0.0,0.0,0.351562,-4.39181,0.0118173,-1.70337,seated
9.80563,234,-1.04423,-0.383203,-9.72378,-0.0170442,-0.051399,0.0577906,0.0,0.0,0.0,0.0,0.175781,-4.38719,0.00623368,-1.70339,seated
9.8457,235,-1.11129,-0.402363,-9.88664,-0.0130495,-0.0628506,0.0399474,0.0,0.0,0.0,0.0,0.0,-4.38716,0.00065,-1.7034,seated
9.88577,236,-1.04423,-0.383203,-9.67588,-0.00426106,-0.0631169,0.01518,0.0,0.0,0.0,0.0,-0.351562,-8.77406,-0.0105173,-1.70337,seated
9.92584,237,-1.08255,-0.354463,-9.84832,-0.00239685,-0.0631169,-0.0015979,0.0,0.0,0.0,0.0,-0.527344,-4.38677,-0.0161008,-1.70332,seated
9.96591,238,-1.06339,-0.392783,-9.75252,0.00372843,-0.0617853,-0.0138484,0.0,0.0,0.0,0.0,-0.703125,-4.38693,-0.0216842,-1.70326,seated
10.006,239,-1.09213,-0.316143,-9.74294,-0.00532632,-0.0657801,-0.00745685,0.0,0.0,0.0,0.0,-0.878906,-4.38698,-0.0272674,-1.70319,seated
10.046,240,-1.11129,-0.344883,-9.84832,-0.00479369,-0.0529969,0.0119842,0.0,0.0,0.0,0.0,-1.23047,-8.77343,-0.0384328,-1.70298,seated
10.0861,241,-1.08255,-0.325723,-9.84832,-0.0066579,-0.0575243,0.0316916,0.0,0.0,0.0,0.0,-1.40625,-4.38625,-0.044015,-1.70285,seated
10.1262,242,-1.12087,-0.325723,-9.84832,-0.0098537,-0.0537959,0.0535295,0.0,0.0,0.0,0.0,-1.58203,-4.38714,-0.0495968,-1.70271,seated
10.1663,243,-1.08255,-0.325723,-9.84832,-0.0119842,-0.0503337,0.057258,0.0,0.0,0.0,0.0,-1.75781,-4.3869,-0.0551781,-1.70254,seated
10.2063,244,-1.07297,-0.354463,-9.87706,-0.00798948,-0.0444748,0.0527306,0.0,0.0,0.0,0.0,-1.75781,0.0,-0.0551781,-1.70254,seated
10.2464,245,-1.03465,-0.325723,-9.70462,-0.00559264,-0.041279,0.0378169,0.0,0.0,0.0,0.0,-1.93359,-4.38703,-0.0607589,-1.70236,seated
10.2865,246,-1.07297,-0.383203,-9.84832,-0.00932106,-0.0338221,0.015979,0.0,0.0,0.0,0.0,-2.10938,-4.38687,-0.0663391,-1.70217,seated
10.4088,247,-0.977168,-0.316143,-10.0495,-0.00452737,-0.0178432,0.00905475,0.0,0.0,0.0,0.0,-2.46094,-2.87261,-0.0598476,-1.66892,extended
10.4489,248,1.83938,-0.287402,-9.04359,-0.0596548,-0.192547,0.153398,0.0,0.0,0.0,0.0,-2.46094,0.0,-0.0598476,-1.66892,extended
10.489,249,-1.55197,-0.498164,-9.74294,-0.0700411,-0.670318,0.231695,0.0,0.0,0.0,0.0,-2.46094,0.0,-0.0598476,-1.66892,extended
10.5291,250,0.900527,0.124541,-8.21971,0.13156,-1.6224,0.0548611,0.0,0.0,0.0,0.0,-2.46094,0.0,-0.0598476,-1.66892,extended
10.5691,251,-1.83938,0.239502,-8.69871,0.0897485,-2.42161,0.143544,0.0,0.0,0.0,0.0,-2.46094,0.0,-0.0598476,-1.66892,extended
10.6092,252,-2.1651,0.268242,-8.44005,-0.000532632,-2.84479,0.0343548,0.0,0.0,0.0,0.0,-2.46094,0.0,-0.0598476,-1.66892,extended
10.6493,253,-4.7134,-0.479004,-7.66406,0.0367516,-3.03361,0.0878843,0.0,0.0,0.0,0.0,-2.46094,0.0,-0.0598476,-1.66892,extended
10.6893,254,-8.94779,-0.287402,-7.86524,-0.0282295,-2.3031,-0.0332895,0.0,0.0,0.0,0.0,-2.28516,4.38706,-0.0542687,-1.66915,extended
10.7294,255,-9.22562,-0.785566,-7.89398,0.0865527,-0.713993,-0.0524643,0.0,0.0,0.0,0.0,-2.46094,-4.3868,-0.0598476,-1.66892,extended
10.7695,256,-6.70606,0.268242,-8.59333,0.136088,0.411991,-0.201335,0.0,0.0,0.0,0.0,-2.46094,0.0,-0.0598476,-1.66892,extended
10.8096,257,-4.72298,0.325723,-7.47246,0.021039,0.671916,-0.0388822,0.0,0.0,0.0,0.0,-2.46094,0.0,-0.0598476,-1.66892,extended
10.8496,258,-3.96615,-0.354463,-7.29044,0.0218379,0.157659,0.01012,0.0,0.0,0.0,0.0,-2.10938,8.77323,-0.0486891,-1.66937,extended
10.8897,259,-5.35526,0.172441,-7.66406,-0.0133158,-0.229298,0.0276969,0.0,0.0,0.0,0.0,-2.10938,0.0,-0.0486891,-1.66937,extended
10.9298,260,-6.81144,-0.0862207,-8.06643,-0.0388822,-0.0154463,0.057258,0.0,0.0,0.0,0.0,-1.75781,8.7737,-0.0375281,-1.66974,extended
10.9698,261,-5.3361,0.0,-7.62574,-0.0508664,0.222907,0.0990696,0.0,0.0,0.0,0.0,-1.58203,4.38659,-0.0319468,-1.66991,extended
11.0099,262,-5.74805,-0.392783,-7.87482,-0.071639,0.159257,0.0942759,0.0,0.0,0.0,0.0,-1.40625,4.38685,-0.026365,-1.67005,extended
11.05,263,-5.44148,0.0,-7.52036,-0.0527306,0.0490022,0.10413,0.0,0.0,0.0,0.0,-1.05469,8.7738,-0.0152002,-1.67029,extended
11.0901,264,-6.45697,-0.114961,-7.89398,-0.0527306,0.0988033,0.0751011,0.0,0.0,0.0,0.0,-0.878906,4.38698,-0.00961736,-1.67039,extended
11.1301,265,-5.50854,-0.411943,-7.58742,-0.0146474,0.193878,0.0423443,0.0,0.0,0.0,0.0,-0.703125,4.38716,-0.0040342,-1.67046,extended
11.1702,266,-5.44148,-0.134121,-7.597,0.00719053,0.0982706,0.00133158,0.0,0.0,0.0,0.0,-0.527344,4.387,0.00154917,-1.67052,extended
11.2103,267,-6.07377,-0.134121,-7.90356,0.0314253,0.097738,-0.00772317,0.0,0.0,0.0,0.0,-0.351562,4.38674,0.00713269,-1.67057,extended
11.2503,268,-5.60435,-0.134121,-7.61616,0.0418116,0.135555,-0.0292948,0.0,0.0,0.0,0.0,-0.175781,4.3868,0.0127163,-1.67059,extended
11.2904,269,-5.91091,-0.114961,-7.81734,0.03542,0.115315,-0.0324906,0.0,0.0,0.0,0.0,-0.175781,0.0,0.0127163,-1.67059,extended
11.3305,270,-5.71931,-0.114961,-7.61616,0.0253,0.107858,-0.00532632,0.0,0.0,0.0,0.0,0.0,4.38672,0.0183,-1.6706,extended
11.3705,271,-5.97797,-0.0191602,-7.86524,0.00532632,0.11132,0.00932106,0.0,0.0,0.0,0.0,0.351562,8.77307,0.0294673,-1.67057,extended
11.4106,272,-5.74805,-0.0574805,-7.6449,-0.00452737,0.122239,0.0399474,0.0,0.0,0.0,0.0,0.527344,4.39218,0.0350508,-1.67052,extended
11.4506,273,-5.58519,-0.0479004,-7.6449,-0.0319579,0.098537,0.0506001,0.0,0.0,0.0,0.0,0.703125,4.387,0.0406342,-1.67046,extended
11.4907,274,-5.91091,-0.201182,-7.84608,-0.0327569,0.109456,0.0695085,0.0,0.0,0.0,0.0,0.878906,4.38708,0.0462174,-1.67039,extended
11.5308,275,-5.55645,-0.143701,-7.5491,-0.0375506,0.102798,0.0628506,0.0,0.0,0.0,0.0,1.05469,4.38693,0.0518002,-1.67029,extended
11.5708,276,-5.89175,-0.172441,-7.84608,-0.0255663,0.0782969,0.0508664,0.0,0.0,0.0,0.0,1.05469,0.0,0.0518002,-1.67029,extended
11.6109,277,-5.60435,-0.210762,-7.61616,-0.00719053,0.0964064,0.0402137,0.0,0.0,0.0,0.0,1.23047,4.38674,0.0573828,-1.67018,extended
11.651,278,-5.84385,-0.229922,-7.73112,0.00719053,0.0708401,0.00639159,0.0,0.0,0.0,0.0,1.23047,0.0,0.0573828,-1.67018,extended
11.691,279,-5.72889,-0.191602,-7.70238,0.0205063,0.0641822,-0.00719053,0.0,0.0,0.0,0.0,1.23047,0.0,0.0573828,-1.67018,extended
11.7311,280,-5.72889,-0.114961,-7.72154,0.0255663,0.0612527,-0.0178432,0.0,0.0,0.0,0.0,1.23047,0.0,0.0573828,-1.67018,extended
11.7712,281,-5.69057,-0.114961,-7.66406,0.0245011,0.0506001,-0.00559264,0.0,0.0,0.0,0.0,1.23047,0.0,0.0573828,-1.67018,extended
11.8113,282,-5.74805,-0.114961,-7.70238,0.00532632,0.03542,-0.000798948,0.0,0.0,0.0,0.0,1.23047,0.0,0.0573828,-1.67018,extended
11.8513,283,-5.80553,-0.0766406,-7.73112,-0.00319579,0.036219,0.0308927,0.0,0.0,0.0,0.0,1.23047,0.0,0.0573828,-1.67018,extended
11.8914,284,-5.67141,-0.0862207,-7.6449,-0.0205063,0.0274306,0.0407464,0.0,0.0,0.0,0.0,1.23047,0.0,0.0573828,-1.67018,extended
11.9315,285,-5.82469,-0.114961,-7.75986,-0.0300937,0.0162453,0.0506001,0.0,0.0,0.0,0.0,1.23047,0.0,0.0573828,-1.67018,extended
11.9715,286,-5.66183,-0.134121,-7.68322,-0.0255663,0.0114516,0.0529969,0.0,0.0,0.0,0.0,1.23047,0.0,0.0573828,-1.67018,extended
12.0116,287,-5.77679,-0.153281,-7.75986,-0.0300937,0.000266316,0.0460727,0.0,0.0,0.0,0.0,1.05469,-4.39142,0.0518002,-1.67029,extended
12.0516,288,-5.70015,-0.124541,-7.70238,-0.0119842,-0.0066579,0.0322242,0.0,0.0,0.0,0.0,1.05469,0.0,0.0518002,-1.67029,extended
12.0917,289,-5.78637,-0.172441,-7.7407,-0.000798948,-0.0146474,0.0149137,0.0,0.0,0.0,0.0,0.878906,-4.38695,0.0462174,-1.67039,extended
12.1318,290,-5.73847,-0.172441,-7.71196,0.0119842,-0.0218379,-0.000798948,0.0,0.0,0.0,0.0,0.703125,-4.38703,0.0406342,-1.67046,extended
12.1718,291,-5.75763,-0.0958008,-7.75028,0.02024,-0.0332895,-0.00239685,0.0,0.0,0.0,0.0,0.527344,-4.38698,0.0350508,-1.67052,extended
12.2119,292,-5.77679,-0.0862207,-7.70238,0.0162453,-0.0348874,-0.00532632,0.0,0.0,0.0,0.0,0.351562,-4.38693,0.0294673,-1.67057,extended
12.252,293,-5.65225,-0.124541,-7.75028,0.00479369,-0.0386158,0.00585895,0.0,0.0,0.0,0.0,0.175781,-4.38677,0.0238837,-1.67059,extended
12.2921,294,-5.78637,-0.0862207,-7.77902,-0.00239685,-0.0460727,0.0162453,0.0,0.0,0.0,0.0,0.0,-4.38674,0.0183,-1.6706,extended
12.3321,295,-5.71931,-0.124541,-7.70238,-0.0149137,-0.0468716,0.0338221,0.0,0.0,0.0,0.0,-0.175781,-4.3869,0.0127163,-1.67059,extended
12.3722,296,-5.80553,-0.134121,-7.7407,-0.0253,-0.0529969,0.0450074,0.0,0.0,0.0,0.0,-0.351562,-4.38664,0.00713269,-1.67057,extended
12.4123,297,-5.74805,-0.143701,-7.73112,-0.0263653,-0.0543285,0.0511327,0.0,0.0,0.0,0.0,-0.527344,-4.3868,0.00154917,-1.67052,extended
12.4523,298,-5.75763,-0.172441,-7.7407,-0.0242348,-0.051399,0.0410127,0.0,0.0,0.0,0.0,-0.703125,-4.38674,-0.0040342,-1.67046,extended
12.4924,299,-5.74805,-0.162861,-7.7407,-0.0213053,-0.0535295,0.0314253,0.0,0.0,0.0,0.0,-0.878906,-4.38693,-0.00961736,-1.67039,extended
12.5325,300,-5.72889,-0.172441,-7.7886,-0.00133158,-0.0556601,0.0199737,0.0,0.0,0.0,0.0,-1.23047,-8.77328,-0.0207828,-1.67018,extended
12.5725,301,-5.76721,-0.162861,-7.73112,0.00452737,-0.0460727,0.00745685,0.0,0.0,0.0,0.0,-1.40625,-4.38669,-0.026365,-1.67005,extended
12.6126,302,-5.71931,-0.105381,-7.7407,0.0130495,-0.0516653,0.000798948,0.0,0.0,0.0,0.0,-1.58203,-4.39247,-0.0319468,-1.66991,extended
12.6526,303,-5.79595,-0.143701,-7.7407,0.0114516,-0.0442085,0.00479369,0.0,0.0,0.0,0.0,-1.75781,-4.38698,-0.0375281,-1.66974,extended
12.6927,304,-5.69057,-0.105381,-7.72154,0.00745685,-0.0428769,0.00692422,0.0,0.0,0.0,0.0,-1.93359,-4.38727,-0.0431089,-1.66956,extended
12.7328,305,-5.81511,-0.0766406,-7.7886,0.00133158,-0.0420779,0.0149137,0.0,0.0,0.0,0.0,-2.10938,-4.38669,-0.0486891,-1.66937,extended
12.8435,306,-5.72889,-0.124541,-7.77902,-0.0189084,-0.0245011,0.0380832,0.0,0.0,0.0,0.0,-2.28516,-1.5872,-0.0719187,-1.70195,seated
12.8836,307,-4.57928,-0.239502,-7.30002,0.00506001,0.071639,0.0442085,0.0,0.0,0.0,0.0,-2.28516,0.0,-0.0719187,-1.70195,seated
12.9236,308,-7.43414,-0.402363,-7.47246,0.0340885,0.0924117,-0.112918,0.0,0.0,0.0,0.0,-2.46094,-4.38761,-0.0774976,-1.70172,seated
12.9637,309,-9.17772,0.134121,-8.59333,0.0756338,1.17605,-0.0098537,0.0,0.0,0.0,0.0,-2.63672,-4.38695,-0.0830758,-1.70147,seated
13.0038,310,-6.62941,-0.699346,-7.84608,-0.0250337,2.24744,-0.0364853,0.0,0.0,0.0,0.0,-2.63672,0.0,-0.0830758,-1.70147,seated
13.0438,311,-4.86668,0.258662,-8.75619,-0.000532632,2.77821,-0.0687096,0.0,0.0,0.0,0.0,-2.8125,-4.38698,-0.0886532,-1.70121,seated
13.0839,312,-2.5004,-0.689766,-7.86524,-0.00719053,2.95211,-0.0479369,0.0,0.0,0.0,0.0,-2.63672,4.38682,-0.0830758,-1.70147,seated
13.124,313,-2.67284,0.373623,-8.89989,-0.0822917,2.87968,-0.125435,0.0,0.0,0.0,0.0,-2.63672,0.0,-0.0830758,-1.70147,seated
13.164,314,4.4739,-0.593965,-8.55501,-0.098537,1.43837,0.072438,0.0,0.0,0.0,0.0,-2.28516,8.77343,-0.0719187,-1.70195,seated
13.2041,315,1.46575,-0.0191602,-10.2315,0.0428769,-0.0596548,0.248207,0.0,0.0,0.0,0.0,-2.10938,4.38687,-0.0663391,-1.70217,seated
13.2442,316,-1.72441,-0.708926,-10.586,-0.00798948,-0.663393,0.247141,0.0,0.0,0.0,0.0,-2.10938,0.0,-0.0663391,-1.70217,seated
13.2843,317,-3.75539,-0.967588,-9.22562,0.00585895,0.0199737,0.146208,0.0,0.0,0.0,0.0,-1.93359,4.38659,-0.0607589,-1.70236,seated
13.3243,318,-2.1172,-0.0766406,-9.45554,-0.051399,0.67085,-0.0604538,0.0,0.0,0.0,0.0,-1.93359,0.0,-0.0607589,-1.70236,seated
13.3644,319,-0.747246,-0.680186,-9.49386,-0.00479369,0.406665,-0.0844222,0.0,0.0,0.0,0.0,-1.75781,4.38672,-0.0551781,-1.70254,seated
13.4045,320,-0.354463,-0.134121,-9.8579,0.0167779,-0.0660464,-0.0759001,0.0,0.0,0.0,0.0,-1.75781,0.0,-0.0551781,-1.70254,seated
13.4445,321,-1.27415,-0.651445,-9.26394,0.0367516,-0.00292948,-0.0841559,0.0,0.0,0.0,0.0,-1.58203,4.38672,-0.0495968,-1.70271,seated
13.4846,322,-0.852627,-0.296982,-9.74294,-0.0170442,0.165915,-0.0721717,0.0,0.0,0.0,0.0,-1.40625,4.39147,-0.044015,-1.70285,seated
13.5246,323,-1.13045,-0.210762,-9.97286,0.0253,0.13449,0.00745685,0.0,0.0,0.0,0.0,-1.23047,4.38706,-0.0384328,-1.70298,seated
13.5647,324,-0.919688,-0.402363,-9.53218,-0.00772317,0.0561927,0.0617853,0.0,0.0,0.0,0.0,-1.05469,4.38758,-0.0328502,-1.70309,seated
13.6048,325,-1.27415,-0.239502,-10.0303,-0.0178432,0.170709,0.108923,0.0,0.0,0.0,0.0,-0.703125,8.77401,-0.0216842,-1.70326,seated
13.6448,326,-0.756826,-0.392783,-9.4747,-0.0149137,0.140881,0.123837,0.0,0.0,0.0,0.0,-0.351562,8.7737,-0.0105173,-1.70337,seated
13.6849,327,-1.36037,-0.335303,-10.0495,-0.0149137,0.0828243,0.114782,0.0,0.0,0.0,0.0,-0.175781,4.38703,-0.00493368,-1.70339,seated
13.725,328,-0.977168,-0.402363,-9.55134,-0.00958738,0.158458,0.0402137,0.0,0.0,0.0,0.0,0.0,4.38677,0.00065,-1.7034,seated
13.765,329,-1.07297,-0.440684,-9.89622,-0.0135821,0.123038,0.0167779,0.0,0.0,0.0,0.0,0.175781,4.38693,0.00623368,-1.70339,seated
13.8051,330,-1.08255,-0.296982,-9.69504,0.0197074,0.106526,-0.0319579,0.0,0.0,0.0,0.0,0.351562,4.38667,0.0118173,-1.70337,seated
13.8452,331,-1.07297,-0.373623,-9.84832,0.00239685,0.134223,-0.0628506,0.0,0.0,0.0,0.0,0.351562,0.0,0.0118173,-1.70337,seated
13.8853,332,-1.00591,-0.364043,-9.84832,0.010919,0.110788,-0.0527306,0.0,0.0,0.0,0.0,0.527344,4.38674,0.0174008,-1.70332,seated
13.9253,333,-1.08255,-0.210762,-9.69504,0.00532632,0.098537,-0.0189084,0.0,0.0,0.0,0.0,0.703125,4.387,0.0229842,-1.70326,seated
13.9654,334,-1.11129,-0.354463,-9.84832,-0.00932106,0.12437,0.0183758,0.0,0.0,0.0,0.0,1.05469,8.77349,0.0341503,-1.70309,seated
14.0055,335,-0.986748,-0.287402,-9.69504,-0.00532632,0.101999,0.0764327,0.0,0.0,0.0,0.0,1.23047,4.38703,0.0397328,-1.70298,seated
14.0455,336,-1.14003,-0.335303,-9.87706,-0.0138484,0.0937433,0.0924117,0.0,0.0,0.0,0.0,1.40625,4.38687,0.045315,-1.70285,seated
14.0856,337,-1.04423,-0.364043,-9.63756,-0.00878843,0.110521,0.0897485,0.0,0.0,0.0,0.0,1.40625,0.0,0.045315,-1.70285,seated
14.1256,338,-1.09213,-0.450264,-9.7621,-0.0162453,0.0820254,0.0711064,0.0,0.0,0.0,0.0,1.58203,4.38724,0.0508968,-1.70271,seated
14.1657,339,-1.09213,-0.402363,-9.84832,-0.00346211,0.0833569,0.0383495,0.0,0.0,0.0,0.0,1.75781,4.38711,0.0564781,-1.70254,seated
14.2058,340,-1.00591,-0.383203,-9.6663,-0.00372843,0.0735032,-0.00878843,0.0,0.0,0.0,0.0,1.75781,0.0,0.0564781,-1.70254,seated
14.2458,341,-1.09213,-0.421523,-9.84832,0.00878843,0.0593885,-0.0367516,0.0,0.0,0.0,0.0,1.75781,0.0,0.0564781,-1.70254,seated
14.2859,342,-1.05381,-0.325723,-9.70462,0.00585895,0.052198,-0.0391485,0.0,0.0,0.0,0.0,1.75781,0.0,0.0564781,-1.70254,seated
14.326,343,-1.12087,-0.354463,-9.84832,0.00319579,0.046339,-0.0237021,0.0,0.0,0.0,0.0,1.75781,0.0,0.0564781,-1.70254,seated
14.366,344,-1.05381,-0.325723,-9.65672,0.000798948,0.03036,0.00479369,0.0,0.0,0.0,0.0,1.75781,0.0,0.0564781,-1.70254,seated
14.4061,345,-1.07297,-0.364043,-9.8579,-0.0098537,0.0319579,0.0620517,0.0,0.0,0.0,0.0,1.75781,0.0,0.0564781,-1.70254,seated
14.4462,346,-1.01549,-0.344883,-9.65672,-0.0111853,0.0253,0.0732369,0.0,0.0,0.0,0.0,1.75781,0.0,0.0564781,-1.70254,seated
14.4863,347,-1.11129,-0.354463,-9.84832,-0.0181095,0.00692422,0.0745685,0.0,0.0,0.0,0.0,1.75781,0.0,0.0564781,-1.70254,seated
14.5263,348,-1.07297,-0.383203,-9.70462,-0.0106526,0.00719053,0.0676443,0.0,0.0,0.0,0.0,1.58203,-4.38695,0.0508968,-1.70271,seated
14.5664,349,-1.04423,-0.373623,-9.84832,-0.00798948,-0.00852212,0.0340885,0.0,0.0,0.0,0.0,1.40625,-4.3869,0.045315,-1.70285,seated
14.6065,350,-1.06339,-0.344883,-9.7142,-0.00372843,-0.0119842,0.00692422,0.0,0.0,0.0,0.0,1.40625,0.0,0.045315,-1.70285,seated
14.6465,351,-1.11129,-0.316143,-9.79084,-0.00532632,-0.0239685,-0.0146474,0.0,0.0,0.0,0.0,1.05469,-8.77343,0.0341503,-1.70309,seated
14.6866,352,-1.01549,-0.344883,-9.74294,0.00772317,-0.03036,-0.0221042,0.0,0.0,0.0,0.0,1.05469,0.0,0.0341503,-1.70309,seated
14.7266,353,-1.03465,-0.325723,-9.72378,-0.00239685,-0.0396811,-0.0125169,0.0,0.0,0.0,0.0,0.703125,-8.77537,0.0229842,-1.70326,seated
14.7667,354,-1.06339,-0.344883,-9.75252,-0.00479369,-0.0436758,0.0119842,0.0,0.0,0.0,0.0,0.527344,-4.38714,0.0174008,-1.70332,seated
14.8068,355,-1.07297,-0.344883,-9.7621,-0.00932106,-0.0482032,0.0386158,0.0,0.0,0.0,0.0,0.527344,0.0,0.0174008,-1.70332,seated
14.8468,356,-1.05381,-0.373623,-9.74294,-0.0106526,-0.051399,0.0599211,0.0,0.0,0.0,0.0,0.351562,-4.38617,0.0118173,-1.70337,seated
14.8869,357,-1.08255,-0.373623,-9.74294,-0.01012,-0.0532632,0.066579,0.0,0.0,0.0,0.0,0.0,-8.7739,0.00065,-1.7034,seated
14.927,358,-1.06339,-0.411943,-9.84832,-0.0125169,-0.0575243,0.0585895,0.0,0.0,0.0,0.0,-0.175781,-4.3868,-0.00493368,-1.70339,seated
14.967,359,-1.04423,-0.411943,-9.7621,-0.0066579,-0.0596548,0.0418116,0.0,0.0,0.0,0.0,-0.351562,-4.38729,-0.0105173,-1.70337,seated
15.0071,360,-1.08255,-0.383203,-9.84832,-0.00745685,-0.0612527,0.0114516,0.0,0.0,0.0,0.0,-0.527344,-4.3862,-0.0161008,-1.70332,seated
15.0472,361,-1.13045,-0.402363,-9.84832,0.00266316,-0.0596548,-0.00319579,0.0,0.0,0.0,0.0,-0.703125,-4.38719,-0.0216842,-1.70326,seated
15.0873,362,-1.03465,-0.402363,-9.7142,-0.0015979,-0.0633832,-0.0127832,0.0,0.0,0.0,0.0,-1.05469,-8.7737,-0.0328502,-1.70309,seated
15.1273,363,-1.09213,-0.344883,-9.84832,-0.00426106,-0.0596548,-0.00878843,0.0,0.0,0.0,0.0,-1.23047,-4.38711,-0.0384328,-1.70298,seated
15.1674,364,-1.07297,-0.344883,-9.75252,-0.00772317,-0.0548611,0.00932106,0.0,0.0,0.0,0.0,-1.40625,-4.38685,-0.044015,-1.70285,seated
15.2075,365,-1.11129,-0.335303,-9.77168,-0.00506001,-0.0511327,0.0282295,0.0,0.0,0.0,0.0,-1.58203,-4.38693,-0.0495968,-1.70271,seated
15.2475,366,-1.06339,-0.344883,-9.74294,-0.0098537,-0.0452737,0.047138,0.0,0.0,0.0,0.0,-1.75781,-4.38698,-0.0551781,-1.70254,seated
15.2876,367,-1.05381,-0.373623,-9.84832,-0.0098537,-0.0428769,0.0585895,0.0,0.0,0.0,0.0,-1.75781,0.0,-0.0551781,-1.70254,seated
15.3276,368,-1.08255,-0.364043,-9.7621,-0.00745685,-0.0322242,0.0532632,0.0,0.0,0.0,0.0,-1.93359,-4.38711,-0.0607589,-1.70236,seated
15.3677,369,-1.08255,-0.373623,-9.84832,-0.01012,-0.026099,0.0338221,0.0,0.0,0.0,0.0,-2.10938,-4.38729,-0.0663391,-1.70217,seated
15.4867,370,-1.03465,-0.354463,-10.1166,-0.00905475,-0.0162453,0.00239685,0.0,0.0,0.0,0.0,-2.28516,-1.47772,-0.0542687,-1.66915,extended
15.5267,371,0.143701,0.00958008,-10.5668,-0.0396811,-0.113983,0.0836233,0.0,0.0,0.0,0.0,-2.46094,-4.3869,-0.0598476,-1.66892,extended
15.5668,372,-0.210762,-1.14961,-9.12982,-0.113451,-0.399474,0.170709,0.0,0.0,0.0,0.0,-2.28516,4.38661,-0.0542687,-1.66915,extended
15.6069,373,0.364043,-0.191602,-10.471,0.153398,-1.52865,0.0849548,0.0,0.0,0.0,0.0,-2.46094,-4.38656,-0.0598476,-1.66892,extended
15.6469,374,-1.91602,-0.124541,-7.70238,0.137685,-2.39258,0.213852,0.0,0.0,0.0,0.0,-2.28516,4.38682,-0.0542687,-1.66915,extended
15.687,375,-4.86668,0.0862207,-10.2411,-0.021039,-3.00937,0.03036,0.0,0.0,0.0,0.0,-2.46094,-4.3869,-0.0598476,-1.66892,extended
15.7271,376,-2.9315,-0.756826,-8.60291,0.0138484,-2.9862,0.0402137,0.0,0.0,0.0,0.0,-2.28516,4.38674,-0.0542687,-1.66915,extended
15.7672,377,-8.21971,0.277822,-7.84608,-0.0271642,-2.26608,0.0287621,0.0,0.0,0.0,0.0,-2.28516,0.0,-0.0542687,-1.66915,extended
15.8072,378,-8.44963,-0.296982,-7.67364,0.0790959,-0.90148,-0.0340885,0.0,0.0,0.0,0.0,-2.28516,0.0,-0.0542687,-1.66915,extended
15.8473,379,-7.79818,0.287402,-8.66997,0.117712,0.322775,-0.201868,0.0,0.0,0.0,0.0,-2.46094,-4.38669,-0.0598476,-1.66892,extended
15.8874,380,-4.5218,0.0574805,-7.39582,0.0183758,0.553671,-0.0356864,0.0,0.0,0.0,0.0,-2.28516,4.38685,-0.0542687,-1.66915,extended
15.9274,381,-4.75172,-0.0574805,-7.49162,0.0402137,0.230896,0.00905475,0.0,0.0,0.0,0.0,-2.10938,4.38669,-0.0486891,-1.66937,extended
15.9675,382,-5.20198,-0.134121,-7.61616,-0.0106526,-0.184557,0.0138484,0.0,0.0,0.0,0.0,-1.93359,4.38677,-0.0431089,-1.66956,extended
16.0076,383,-6.85934,-0.0383203,-7.96105,-0.0138484,0.0114516,0.0391485,0.0,0.0,0.0,0.0,-1.75781,4.38703,-0.0375281,-1.66974,extended
16.0476,384,-5.10618,-0.0574805,-7.46288,-0.0359527,0.227967,0.072438,0.0,0.0,0.0,0.0,-1.58203,4.387,-0.0319468,-1.66991,extended
16.0877,385,-5.65225,-0.268242,-7.79818,-0.0553938,0.126234,0.0764327,0.0,0.0,0.0,0.0,-1.23047,8.775,-0.0207828,-1.67018,extended
16.1278,386,-5.63309,-0.105381,-7.63532,-0.0402137,0.0604538,0.0910801,0.0,0.0,0.0,0.0,-1.05469,4.38661,-0.0152002,-1.67029,extended
16.1679,387,-6.17915,-0.162861,-7.7886,-0.0556601,0.10413,0.071639,0.0,0.0,0.0,0.0,-0.878906,4.38622,-0.00961736,-1.67039,extended
16.2079,388,-5.70973,-0.210762,-7.77902,-0.01518,0.172839,0.0482032,0.0,0.0,0.0,0.0,-0.703125,4.3869,-0.0040342,-1.67046,extended
16.248,389,-5.50854,-0.143701,-7.56826,-0.00719053,0.108391,0.0263653,0.0,0.0,0.0,0.0,-0.527344,4.38687,0.00154917,-1.67052,extended
16.2881,390,-6.15999,-0.134121,-7.97063,0.01518,0.0932106,0.00319579,0.0,0.0,0.0,0.0,-0.351562,4.38703,0.00713269,-1.67057,extended
16.3281,391,-5.54687,-0.201182,-7.5491,0.0327569,0.134223,-0.0111853,0.0,0.0,0.0,0.0,-0.175781,4.38667,0.0127163,-1.67059,extended
16.3682,392,-5.86301,-0.114961,-7.85566,0.03036,0.112918,-0.0223706,0.0,0.0,0.0,0.0,0.0,4.38716,0.0183,-1.6706,extended
16.4083,393,-5.61393,-0.0479004,-7.597,0.0300937,0.11132,-0.00479369,0.0,0.0,0.0,0.0,0.175781,4.3868,0.0238837,-1.67059,extended
16.4483,394,-5.93965,-0.0862207,-7.85566,0.00372843,0.112385,0.0015979,0.0,0.0,0.0,0.0,0.351562,4.38708,0.0294673,-1.67057,extended
16.4884,395,-5.86301,-0.0670606,-7.75986,0.0,0.117712,0.0279632,0.0,0.0,0.0,0.0,0.527344,4.38617,0.0350508,-1.67052,extended
16.5285,396,-5.62351,-0.0958008,-7.63532,-0.0263653,0.0948085,0.0418116,0.0,0.0,0.0,0.0,0.703125,4.38664,0.0406342,-1.67046,extended
16.5686,397,-5.94923,-0.114961,-7.85566,-0.0239685,0.102798,0.057258,0.0,0.0,0.0,0.0,0.878906,4.38648,0.0462174,-1.67039,extended
16.6086,398,-5.53729,-0.172441,-7.57784,-0.0292948,0.0958738,0.0591222,0.0,0.0,0.0,0.0,1.05469,4.3874,0.0518002,-1.67029,extended
16.6487,399,-5.88217,-0.143701,-7.7886,-0.0274306,0.0764327,0.0500674,0.0,0.0,0.0,0.0,1.05469,0.0,0.0518002,-1.67029,extended
16.6888,400,-5.65225,-0.191602,-7.60658,-0.010919,0.0932106,0.0399474,0.0,0.0,0.0,0.0,1.23047,4.38646,0.0573828,-1.67018,extended
16.7288,401,-5.80553,-0.201182,-7.73112,-0.00319579,0.0679106,0.0170442,0.0,0.0,0.0,0.0,1.23047,0.0,0.0573828,-1.67018,extended
16.7689,402,-5.68099,-0.153281,-7.70238,0.010919,0.067378,0.00292948,0.0,0.0,0.0,0.0,1.23047,0.0,0.0573828,-1.67018,extended
16.809,403,-5.76721,-0.143701,-7.68322,0.0213053,0.0551274,-0.00585895,0.0,0.0,0.0,0.0,1.23047,0.0,0.0573828,-1.67018,extended
16.849,404,-5.72889,-0.134121,-7.7407,0.0189084,0.0529969,-0.00426106,0.0,0.0,0.0,0.0,1.23047,0.0,0.0573828,-1.67018,extended
16.8891,405,-5.70015,-0.105381,-7.6928,0.010919,0.0386158,-0.00239685,0.0,0.0,0.0,0.0,1.23047,0.0,0.0573828,-1.67018,extended
16.9292,406,-5.82469,-0.0958008,-7.75028,0.00239685,0.0322242,0.0141148,0.0,0.0,0.0,0.0,1.23047,0.0,0.0573828,-1.67018,extended
16.9692,407,-5.63309,-0.0287402,-7.61616,-0.0135821,0.0250337,0.0370179,0.0,0.0,0.0,0.0,1.23047,0.0,0.0573828,-1.67018,extended
17.0093,408,-5.86301,-0.124541,-7.76944,-0.0223706,0.0117179,0.0410127,0.0,0.0,0.0,0.0,1.23047,0.0,0.0573828,-1.67018,extended
17.0494,409,-5.67141,-0.134121,-7.61616,-0.0237021,0.00559264,0.0452737,0.0,0.0,0.0,0.0,1.05469,-4.38669,0.0518002,-1.67029,extended
17.0895,410,-5.78637,-0.153281,-7.76944,-0.0282295,-0.00452737,0.0482032,0.0,0.0,0.0,0.0,1.05469,0.0,0.0518002,-1.67029,extended
17.1295,411,-5.70015,-0.162861,-7.65448,-0.0117179,-0.00852212,0.04048,0.0,0.0,0.0,0.0,0.878906,-4.38714,0.0462174,-1.67039,extended
17.1696,412,-5.82469,-0.143701,-7.77902,-0.00692422,-0.0130495,0.0223706,0.0,0.0,0.0,0.0,0.703125,-4.388,0.0406342,-1.67046,extended
17.2097,413,-5.70973,-0.143701,-7.63532,0.00798948,-0.0221042,0.0111853,0.0,0.0,0.0,0.0,0.703125,0.0,0.0406342,-1.67046,extended
17.2497,414,-5.78637,-0.124541,-7.6928,0.0135821,-0.0295611,0.00532632,0.0,0.0,0.0,0.0,0.527344,-4.38729,0.0350508,-1.67052,extended
17.2898,415,-5.79595,-0.124541,-7.7886,0.0119842,-0.0348874,-0.000532632,0.0,0.0,0.0,0.0,0.351562,-4.38672,0.0294673,-1.67057,extended
17.3299,416,-5.68099,-0.0862207,-7.63532,0.00958738,-0.0407464,0.00239685,0.0,0.0,0.0,0.0,0.0,-8.77354,0.0183,-1.6706,extended
17.3699,417,-5.82469,-0.0958008,-7.75028,0.00346211,-0.0468716,0.0154463,0.0,0.0,0.0,0.0,-0.175781,-4.38727,0.0127163,-1.67059,extended
17.41,418,-5.70015,-0.0862207,-7.68322,-0.00958738,-0.0442085,0.0284958,0.0,0.0,0.0,0.0,-0.351562,-4.38648,0.00713269,-1.67057,extended
17.4501,419,-5.74805,-0.105381,-7.73112,-0.0170442,-0.052198,0.0383495,0.0,0.0,0.0,0.0,-0.351562,0.0,0.00713269,-1.67057,extended
17.4901,420,-5.73847,-0.153281,-7.71196,-0.0221042,-0.0484695,0.0396811,0.0,0.0,0.0,0.0,-0.703125,-8.7738,-0.0040342,-1.67046,extended
17.5302,421,-5.72889,-0.124541,-7.71196,-0.0199737,-0.0511327,0.0420779,0.0,0.0,0.0,0.0,-0.878906,-4.38633,-0.00961736,-1.67039,extended
17.5703,422,-5.78637,-0.162861,-7.71196,-0.0135821,-0.0503337,0.0356864,0.0,0.0,0.0,0.0,-1.05469,-4.38635,-0.0152002,-1.67029,extended
17.6104,423,-5.74805,-0.191602,-7.75986,-0.0111853,-0.0516653,0.0258327,0.0,0.0,0.0,0.0,-1.23047,-4.38703,-0.0207828,-1.67018,extended
17.6504,424,-5.74805,-0.134121,-7.70238,0.00133158,-0.0484695,0.02024,0.0,0.0,0.0,0.0,-1.40625,-4.3868,-0.026365,-1.67005,extended
17.6905,425,-5.73847,-0.134121,-7.70238,0.00532632,-0.047138,0.00719053,0.0,0.0,0.0,0.0,-1.58203,-4.38685,-0.0319468,-1.66991,extended
17.7306,426,-5.76721,-0.134121,-7.75986,0.00932106,-0.0450074,0.00426106,0.0,0.0,0.0,0.0,-1.75781,-4.3869,-0.0375281,-1.66974,extended
17.7706,427,-5.71931,-0.114961,-7.70238,0.0098537,-0.0388822,0.0066579,0.0,0.0,0.0,0.0,-1.93359,-4.38719,-0.0431089,-1.66956,extended
17.8107,428,-5.72889,-0.0862207,-7.76944,0.00106526,-0.0367516,0.0135821,0.0,0.0,0.0,0.0,-2.10938,-4.38716,-0.0486891,-1.66937,extended
17.924,429,-5.75763,-0.325723,-7.84608,-0.0111853,0.00266316,0.0348874,0.0,0.0,0.0,0.0,-2.28516,-1.55124,-0.0719187,-1.70195,seated
17.9641,430,-5.0487,-0.306563,-7.99937,0.00719053,0.0660464,0.0135821,0.0,0.0,0.0,0.0,-2.28516,0.0,-0.0719187,-1.70195,seated
18.0042,431,-8.50711,-0.287402,-8.05685,0.0141148,-0.00319579,-0.122239,0.0,0.0,0.0,0.0,-2.46094,-4.38711,-0.0774976,-1.70172,seated
18.0442,432,-8.29635,-0.402363,-8.47837,0.0740359,0.855407,-0.0239685,0.0,0.0,0.0,0.0,-2.63672,-4.38719,-0.0830758,-1.70147,seated
18.0843,433,-5.76721,-0.670605,-7.23296,-0.0117179,2.17953,-0.041279,0.0,0.0,0.0,0.0,-2.46094,4.38682,-0.0774976,-1.70172,seated
18.1244,434,-4.40684,-0.0766406,-9.12982,0.0535295,2.43786,-0.0487358,0.0,0.0,0.0,0.0,-2.63672,-4.3868,-0.0830758,-1.70147,seated
18.1644,435,-4.29188,-0.574805,-8.23887,-0.0537959,2.82561,-0.0583232,0.0,0.0,0.0,0.0,-2.46094,4.38695,-0.0774976,-1.70172,seated
18.2045,436,-0.0766406,-0.699346,-6.59109,-0.0596548,2.94306,-0.0764327,0.0,0.0,0.0,0.0,-2.46094,0.0,-0.0774976,-1.70172,seated
18.2446,437,3.67875,0.0479004,-9.10107,-0.0833569,0.953412,0.0894822,0.0,0.0,0.0,0.0,-2.28516,4.38794,-0.0719187,-1.70195,seated
18.2846,438,3.94699,-0.641865,-9.53218,-0.0511327,-0.205063,0.303334,0.0,0.0,0.0,0.0,-1.93359,8.77417,-0.0607589,-1.70236,seated
18.3247,439,-2.213,-0.249082,-10.3752,0.00239685,-0.568585,0.233027,0.0,0.0,0.0,0.0,-1.93359,0.0,-0.0607589,-1.70236,seated
18.3648,440,-2.67284,-0.210762,-9.39806,0.00692422,-0.265783,0.077498,0.0,0.0,0.0,0.0,-1.93359,0.0,-0.0607589,-1.70236,seated
18.4048,441,-1.82021,-0.249082,-10.586,-0.0383495,0.581102,-0.03036,0.0,0.0,0.0,0.0,-1.75781,4.38685,-0.0551781,-1.70254,seated
18.4449,442,-0.0574805,-0.517324,-9.49386,-0.0308927,0.265251,-0.1012,0.0,0.0,0.0,0.0,-1.75781,0.0,-0.0551781,-1.70254,seated
18.485,443,-0.296982,-0.373623,-10.1836,0.0157127,0.0215716,-0.0639159,0.0,0.0,0.0,0.0,-1.58203,4.38698,-0.0495968,-1.70271,seated
18.525,444,-1.43701,-0.229922,-9.78126,0.0266316,0.0604538,-0.0729706,0.0,0.0,0.0,0.0,-1.58203,0.0,-0.0495968,-1.70271,seated
18.5651,445,-0.862207,-0.383203,-9.89622,0.00532632,0.163252,-0.0535295,0.0,0.0,0.0,0.0,-1.40625,4.3868,-0.044015,-1.70285,seated
18.6052,446,-1.22625,-0.335303,-9.69504,0.00106526,0.11132,0.01012,0.0,0.0,0.0,0.0,-1.05469,8.7739,-0.0328502,-1.70309,seated
18.6453,447,-0.823887,-0.306563,-9.65672,0.0146474,0.0657801,0.0735032,0.0,0.0,0.0,0.0,-0.878906,4.38693,-0.0272674,-1.70319,seated
18.6853,448,-1.37953,-0.344883,-10.107,-0.0274306,0.119842,0.098537,0.0,0.0,0.0,0.0,-0.703125,4.38708,-0.0216842,-1.70326,seated
18.7254,449,-0.804727,-0.421523,-9.43638,-0.015979,0.169111,0.109722,0.0,0.0,0.0,0.0,-0.351562,8.77234,-0.0105173,-1.70337,seated
18.7655,450,-1.18793,-0.296982,-10.0303,-0.00319579,0.0806938,0.0940096,0.0,0.0,0.0,0.0,-0.175781,4.38653,-0.00493368,-1.70339,seated
18.8055,451,-1.13045,-0.469424,-9.59924,-0.0133158,0.140349,0.0516653,0.0,0.0,0.0,0.0,0.0,4.3868,0.00065,-1.7034,seated
18.8456,452,-0.910107,-0.344883,-9.93454,-0.015979,0.104396,-0.000532632,0.0,0.0,0.0,0.0,0.175781,4.39158,0.00623368,-1.70339,seated
18.8856,453,-1.14961,-0.373623,-9.59924,0.00772317,0.109456,-0.0338221,0.0,0.0,0.0,0.0,0.351562,4.38771,0.0118173,-1.70337,seated
18.9257,454,-1.06339,-0.344883,-9.87706,0.00506001,0.1265,-0.0535295,0.0,0.0,0.0,0.0,0.527344,4.38703,0.0174008,-1.70332,seated
18.9658,455,-1.09213,-0.354463,-9.98244,0.0138484,0.1012,-0.0388822,0.0,0.0,0.0,0.0,0.703125,4.38656,0.0229842,-1.70326,seated
19.0058,456,-1.04423,-0.277822,-9.48428,0.0173105,0.0988033,-0.00852212,0.0,0.0,0.0,0.0,0.703125,0.0,0.0229842,-1.70326,seated
19.0459,457,-1.10171,-0.239502,-9.96328,-0.00905475,0.120109,0.0282295,0.0,0.0,0.0,0.0,1.05469,8.77422,0.0341503,-1.70309,seated
19.086,458,-1.03465,-0.354463,-9.62798,0.00106526,0.0961401,0.0657801,0.0,0.0,0.0,0.0,1.23047,4.38664,0.0397328,-1.70298,seated
19.126,459,-1.05381,-0.277822,-9.91538,-0.0135821,0.0844222,0.082558,0.0,0.0,0.0,0.0,1.40625,4.3868,0.045315,-1.70285,seated
19.1661,460,-1.13045,-0.383203,-9.69504,-0.0098537,0.107059,0.082558,0.0,0.0,0.0,0.0,1.40625,0.0,0.045315,-1.70285,seated
19.2062,461,-0.967588,-0.383203,-9.84832,-0.02024,0.0828243,0.0593885,0.0,0.0,0.0,0.0,1.58203,4.38693,0.0508968,-1.70271,seated
19.2463,462,-1.14961,-0.402363,-9.70462,-0.00426106,0.071639,0.0295611,0.0,0.0,0.0,0.0,1.75781,4.38698,0.0564781,-1.70254,seated
19.2863,463,-0.996328,-0.364043,-9.7142,-0.00452737,0.0753675,-0.00878843,0.0,0.0,0.0,0.0,1.75781,0.0,0.0564781,-1.70254,seated
19.3264,464,-1.09213,-0.421523,-9.7621,-0.00133158,0.0567253,-0.0271642,0.0,0.0,0.0,0.0,1.75781,0.0,0.0564781,-1.70254,seated
19.3665,465,-1.07297,-0.364043,-9.6663,0.00772317,0.0482032,-0.0295611,0.0,0.0,0.0,0.0,1.75781,0.0,0.0564781,-1.70254,seated
19.4065,466,-1.11129,-0.354463,-9.88664,-0.00106526,0.0442085,-0.0106526,0.0,0.0,0.0,0.0,1.75781,0.0,0.0564781,-1.70254,seated
19.4466,467,-1.07297,-0.316143,-9.6663,0.00106526,0.0332895,0.0170442,0.0,0.0,0.0,0.0,1.75781,0.0,0.0564781,-1.70254,seated
19.4867,468,-1.09213,-0.383203,-9.84832,-0.0130495,0.0250337,0.0543285,0.0,0.0,0.0,0.0,1.75781,0.0,0.0564781,-1.70254,seated
19.5267,469,-1.05381,-0.402363,-9.62798,-0.00719053,0.0229032,0.0697748,0.0,0.0,0.0,0.0,1.75781,0.0,0.0564781,-1.70254,seated
19.5668,470,-1.11129,-0.354463,-9.88664,-0.0146474,0.00559264,0.0753675,0.0,0.0,0.0,0.0,1.58203,-4.38693,0.0508968,-1.70271,seated
19.6069,471,-1.09213,-0.392783,-9.69504,-0.00932106,0.00106526,0.0532632,0.0,0.0,0.0,0.0,1.40625,-4.38677,0.045315,-1.70285,seated
19.647,472,-1.07297,-0.402363,-9.84832,-0.00932106,-0.0098537,0.0287621,0.0,0.0,0.0,0.0,1.40625,0.0,0.045315,-1.70285,seated
19.687,473,-1.11129,-0.392783,-9.69504,-0.00372843,-0.0223706,0.00239685,0.0,0.0,0.0,0.0,1.23047,-4.38669,0.0397328,-1.70298,seated
19.7271,474,-1.04423,-0.344883,-9.84832,-0.00106526,-0.0205063,-0.0175769,0.0,0.0,0.0,0.0,1.05469,-4.38698,0.0341503,-1.70309,seated
19.7672,475,-1.12087,-0.335303,-9.75252,0.00426106,-0.0348874,-0.0197074,0.0,0.0,0.0,0.0,0.878906,-4.38693,0.0285674,-1.70319,seated
19.8072,476,-1.08255,-0.296982,-9.75252,0.000798948,-0.0388822,-0.00506001,0.0,0.0,0.0,0.0,0.703125,-4.38677,0.0229842,-1.70326,seated
19.8473,477,-1.10171,-0.344883,-9.8579,-0.00852212,-0.0423443,0.0149137,0.0,0.0,0.0,0.0,0.527344,-4.38682,0.0174008,-1.70332,seated
19.8874,478,-1.11129,-0.354463,-9.70462,-0.00585895,-0.0492685,0.0428769,0.0,0.0,0.0,0.0,0.351562,-4.38656,0.0118173,-1.70337,seated
19.9274,479,-1.02507,-0.364043,-9.78126,-0.01012,-0.0511327,0.0625843,0.0,0.0,0.0,0.0,0.175781,-4.38703,0.00623368,-1.70339,seated
19.9675,480,-1.14961,-0.354463,-9.75252,-0.0098537,-0.0500674,0.066579,0.0,0.0,0.0,0.0,0.0,-4.387,0.00065,-1.7034,seated
20.0076,481,-1.07297,-0.364043,-9.84832,-0.0119842,-0.0599211,0.0556601,0.0,0.0,0.0,0.0,-0.175781,-4.38959,-0.00493368,-1.70339,seated
20.0476,482,-1.08255,-0.373623,-9.75252,-0.00772317,-0.0556601,0.0348874,0.0,0.0,0.0,0.0,-0.351562,-4.38747,-0.0105173,-1.70337,seated
20.0877,483,-1.00591,-0.392783,-9.84832,-0.00506001,-0.0553938,0.0106526,0.0,0.0,0.0,0.0,-0.527344,-4.38714,-0.0161008,-1.70332,seated
20.1278,484,-1.09213,-0.402363,-9.84832,-0.00319579,-0.0569916,-0.00532632,0.0,0.0,0.0,0.0,-0.878906,-8.77354,-0.0272674,-1.70319,seated
20.1678,485,-1.11129,-0.354463,-9.6663,0.00479369,-0.0585895,-0.00878843,0.0,0.0,0.0,0.0,-1.05469,-4.38672,-0.0328502,-1.70309,seated
20.2079,486,-1.09213,-0.373623,-9.84832,-0.00452737,-0.057258,-0.00133158,0.0,0.0,0.0,0.0,-1.23047,-4.38687,-0.0384328,-1.70298,seated
20.248,487,-1.07297,-0.364043,-9.74294,-0.000798948,-0.0516653,0.0191748,0.0,0.0,0.0,0.0,-1.40625,-4.38672,-0.044015,-1.70285,seated
20.2881,488,-1.07297,-0.344883,-9.84832,-0.00772317,-0.041279,0.0356864,0.0,0.0,0.0,0.0,-1.58203,-4.38601,-0.0495968,-1.70271,seated
20.3281,489,-1.08255,-0.335303,-9.75252,-0.00745685,-0.0407464,0.0506001,0.0,0.0,0.0,0.0,-1.75781,-4.38604,-0.0551781,-1.70254,seated
20.3709,490,-1.11129,-0.344883,-9.84832,-0.0146474,-0.0386158,0.0567253,0.0,0.0,0.0,0.0,-1.75781,0.0,-0.0551781,-1.70254,seated
20.411,491,-1.06339,-0.354463,-9.69504,-0.00639159,-0.0300937,0.0479369,0.0,0.0,0.0,0.0,-1.93359,-4.38674,-0.0607589,-1.70236,seated
20.451,492,-1.05381,-0.364043,-9.8579,-0.00958738,-0.0215716,0.0327569,0.0,0.0,0.0,0.0,-2.10938,-4.3869,-0.0663391,-1.70217,seated
20.5807,493,-0.756826,-0.364043,-9.59924,-0.0114516,-0.0245011,0.00719053,0.0,0.0,0.0,0.0,-2.46094,-2.71148,-0.0598476,-1.66892,extended
20.6208,494,-0.00958008,-0.134121,-10.6818,-0.0756338,-0.216781,0.155262,0.0,0.0,0.0,0.0,-2.46094,0.0,-0.0598476,-1.66892,extended
20.6608,495,0.0479004,-1.32205,-10.2603,-0.0431432,-0.49162,0.137685,0.0,0.0,0.0,0.0,-2.28516,4.3869,-0.0542687,-1.66915,extended
20.7009,496,0.201182,-0.622705,-9.93454,0.182693,-1.67433,0.0740359,0.0,0.0,0.0,0.0,-2.46094,-4.38653,-0.0598476,-1.66892,extended
20.741,497,-0.153281,-0.143701,-7.29044,0.0569916,-2.34997,0.117445,0.0,0.0,0.0,0.0,-2.28516,4.38711,-0.0542687,-1.66915,extended
20.781,498,-1.76273,-0.622705,-7.96105,0.00239685,-2.82641,0.0593885,0.0,0.0,0.0,0.0,-2.28516,0.0,-0.0542687,-1.66915,extended
20.8211,499,-3.80329,-0.0670606,-7.08926,-0.0114516,-3.05411,-0.00559264,0.0,0.0,0.0,0.0,-2.28516,0.0,-0.0542687,-1.66915,extended
20.8612,500,-9.6184,0.0,-8.46879,-0.00852212,-2.18166,0.0841559,0.0,0.0,0.0,0.0,-2.28516,0.0,-0.0542687,-1.66915,extended
20.9012,501,-10.4806,-1.16877,-8.02811,0.0737696,-0.649811,-0.0466053,0.0,0.0,0.0,0.0,-2.28516,0.0,-0.0542687,-1.66915,extended
20.9413,502,-7.6449,0.938848,-8.48795,0.168578,0.319047,-0.0873517,0.0,0.0,0.0,0.0,-2.28516,0.0,-0.0542687,-1.66915,extended
20.9814,503,-4.10027,0.0,-7.14674,-0.00932106,0.529969,-0.0964064,0.0,0.0,0.0,0.0,-2.10938,4.38661,-0.0486891,-1.66937,extended
21.0215,504,-4.6176,0.229922,-7.55868,0.0346211,0.0370179,0.0106526,0.0,0.0,0.0,0.0,-1.93359,4.38677,-0.0431089,-1.66956,extended
21.0615,505,-5.96839,-0.114961,-7.56826,-0.01012,-0.177633,0.0231695,0.0,0.0,0.0,0.0,-1.75781,4.38703,-0.0375281,-1.66974,extended
21.1016,506,-6.9743,0.0479004,-8.41131,-0.0322242,0.0793622,0.0511327,0.0,0.0,0.0,0.0,-1.58203,4.38635,-0.0319468,-1.66991,extended
21.1417,507,-5.384,-0.162861,-7.47246,-0.0460727,0.251136,0.101466,0.0,0.0,0.0,0.0,-1.40625,4.38727,-0.026365,-1.67005,extended
21.1817,508,-5.62351,-0.105381,-7.8365,-0.0649811,0.100934,0.0836233,0.0,0.0,0.0,0.0,-1.05469,8.77401,-0.0152002,-1.67029,extended
21.2218,509,-5.76721,-0.0574805,-7.65448,-0.0431432,0.0482032,0.092678,0.0,0.0,0.0,0.0,-0.878906,4.38664,-0.00961736,-1.67039,extended
21.2619,510,-6.09293,-0.258662,-7.94188,-0.052198,0.138751,0.057258,0.0,0.0,0.0,0.0,-0.703125,4.38614,-0.0040342,-1.67046,extended
21.302,511,-5.4798,-0.124541,-7.49162,-0.00346211,0.173105,0.0468716,0.0,0.0,0.0,0.0,-0.527344,4.38672,0.00154917,-1.67052,extended
21.342,512,-5.64267,-0.277822,-7.72154,-0.00213053,0.0801611,-0.00479369,0.0,0.0,0.0,0.0,-0.351562,4.38633,0.00713269,-1.67057,extended
21.3821,513,-6.12167,-0.105381,-7.76944,0.0348874,0.0921454,-0.00958738,0.0,0.0,0.0,0.0,-0.351562,0.0,0.00713269,-1.67057,extended
21.4222,514,-5.44148,-0.0574805,-7.52994,0.0388822,0.152333,-0.02024,0.0,0.0,0.0,0.0,-0.175781,4.38607,0.0127163,-1.67059,extended
21.4623,515,-5.71931,-0.153281,-7.72154,0.0253,0.092678,-0.0271642,0.0,0.0,0.0,0.0,0.0,4.38674,0.0183,-1.6706,extended
21.5023,516,-5.71931,-0.0574805,-7.71196,0.0250337,0.0980043,0.000532632,0.0,0.0,0.0,0.0,0.175781,4.38693,0.0238837,-1.67059,extended
21.5424,517,-5.86301,-0.0670606,-7.85566,-0.00532632,0.113983,0.0218379,0.0,0.0,0.0,0.0,0.351562,4.38643,0.0294673,-1.67057,extended
21.5825,518,-5.66183,-0.00958008,-7.66406,-0.0154463,0.115848,0.0468716,0.0,0.0,0.0,0.0,0.527344,4.38714,0.0350508,-1.67052,extended
21.6225,519,-5.70973,-0.114961,-7.68322,-0.0364853,0.0817591,0.052198,0.0,0.0,0.0,0.0,0.703125,4.38677,0.0406342,-1.67046,extended
21.6626,520,-5.86301,-0.105381,-7.82692,-0.0322242,0.105461,0.0671117,0.0,0.0,0.0,0.0,0.878906,4.39142,0.0462174,-1.67039,extended
21.7026,521,-5.56603,-0.162861,-7.52036,-0.0322242,0.0902812,0.0535295,0.0,0.0,0.0,0.0,1.05469,4.38732,0.0518002,-1.67029,extended
21.7427,522,-5.92049,-0.172441,-7.87482,-0.0194411,0.0695085,0.0426106,0.0,0.0,0.0,0.0,1.05469,0.0,0.0518002,-1.67029,extended
21.7828,523,-5.62351,-0.143701,-7.61616,-0.00426106,0.0881506,0.0213053,0.0,0.0,0.0,0.0,1.05469,0.0,0.0518002,-1.67029,extended
21.8228,524,-5.82469,-0.191602,-7.70238,0.0191748,0.0585895,-0.00559264,0.0,0.0,0.0,0.0,1.23047,4.38687,0.0573828,-1.67018,extended
21.8629,525,-5.69057,-0.134121,-7.67364,0.0239685,0.0553938,-0.010919,0.0,0.0,0.0,0.0,1.23047,0.0,0.0573828,-1.67018,extended
21.903,526,-5.84385,-0.0958008,-7.7407,0.0245011,0.0487358,-0.0114516,0.0,0.0,0.0,0.0,1.23047,0.0,0.0573828,-1.67018,extended
21.9431,527,-5.68099,-0.105381,-7.65448,0.0170442,0.0423443,0.00239685,0.0,0.0,0.0,0.0,1.23047,0.0,0.0573828,-1.67018,extended
21.9831,528,-5.75763,-0.0766406,-7.71196,-0.000266316,0.0266316,0.0167779,0.0,0.0,0.0,0.0,1.23047,0.0,0.0573828,-1.67018,extended
22.0232,529,-5.74805,-0.0862207,-7.71196,-0.010919,0.0314253,0.0343548,0.0,0.0,0.0,0.0,1.05469,-4.38698,0.0518002,-1.67029,extended
22.0633,530,-5.68099,-0.0670606,-7.70238,-0.0239685,0.0146474,0.051399,0.0,0.0,0.0,0.0,1.05469,0.0,0.0518002,-1.67029,extended
22.1033,531,-5.85343,-0.162861,-7.76944,-0.0314253,0.00958738,0.0569916,0.0,0.0,0.0,0.0,1.05469,0.0,0.0518002,-1.67029,extended
22.1434,532,-5.73847,-0.153281,-7.71196,-0.0231695,0.000532632,0.0418116,0.0,0.0,0.0,0.0,1.05469,0.0,0.0518002,-1.67029,extended
22.1859,533,-5.78637,-0.143701,-7.76944,-0.0194411,-0.00905475,0.0322242,0.0,0.0,0.0,0.0,0.878906,-4.13638,0.0462174,-1.67039,extended
22.226,534,-5.69057,-0.143701,-7.62574,-0.00559264,-0.0127832,0.0234358,0.0,0.0,0.0,0.0,0.703125,-4.38667,0.0406342,-1.67046,extended
22.266,535,-5.79595,-0.143701,-7.75028,0.0125169,-0.0215716,0.00798948,0.0,0.0,0.0,0.0,0.527344,-4.38695,0.0350508,-1.67052,extended
22.3061,536,-5.70973,-0.114961,-7.67364,0.01518,-0.0279632,-0.000266316,0.0,0.0,0.0,0.0,0.351562,-4.38625,0.0294673,-1.67057,extended
22.3462,537,-5.70015,-0.105381,-7.70238,0.0183758,-0.0348874,-0.00479369,0.0,0.0,0.0,0.0,0.175781,-4.38682,0.0238837,-1.67059,extended
22.3862,538,-5.80553,-0.114961,-7.75986,0.0117179,-0.03542,0.00559264,0.0,0.0,0.0,0.0,0.0,-4.38677,0.0183,-1.6706,extended
22.4263,539,-5.70973,-0.0958008,-7.67364,-0.00479369,-0.0431432,0.0167779,0.0,0.0,0.0,0.0,-0.175781,-4.38693,0.0127163,-1.67059,extended
22.4664,540,-5.78637,-0.0766406,-7.77902,-0.0146474,-0.0444748,0.0348874,0.0,0.0,0.0,0.0,-0.175781,0.0,0.0127163,-1.67059,extended
22.5065,541,-5.71931,-0.143701,-7.70238,-0.0229032,-0.0423443,0.0466053,0.0,0.0,0.0,0.0,-0.351562,-4.38698,0.00713269,-1.67057,extended
22.5465,542,-5.79595,-0.105381,-7.76944,-0.0274306,-0.0490022,0.0479369,0.0,0.0,0.0,0.0,-0.527344,-4.38693,0.00154917,-1.67052,extended
22.5866,543,-5.72889,-0.162861,-7.72154,-0.0194411,-0.051399,0.0450074,0.0,0.0,0.0,0.0,-0.703125,-4.38711,-0.0040342,-1.67046,extended
22.6267,544,-5.82469,-0.143701,-7.76944,-0.0173105,-0.0495348,0.0314253,0.0,0.0,0.0,0.0,-0.878906,-4.38695,-0.00961736,-1.67039,extended
22.6667,545,-5.76721,-0.182021,-7.6928,-0.0015979,-0.0511327,0.021039,0.0,0.0,0.0,0.0,-1.05469,-4.38669,-0.0152002,-1.67029,extended
22.7068,546,-5.78637,-0.172441,-7.75028,0.00905475,-0.0484695,0.00878843,0.0,0.0,0.0,0.0,-1.40625,-8.77349,-0.026365,-1.67005,extended
22.7469,547,-5.71931,-0.134121,-7.72154,0.0149137,-0.0458064,-0.00319579,0.0,0.0,0.0,0.0,-1.58203,-4.38714,-0.0319468,-1.66991,extended
22.7869,548,-5.75763,-0.0958008,-7.7407,0.00958738,-0.047138,0.0,0.0,0.0,0.0,0.0,-1.75781,-4.38698,-0.0375281,-1.66974,extended
22.827,549,-5.77679,-0.134121,-7.77902,0.00372843,-0.0407464,0.00958738,0.0,0.0,0.0,0.0,-1.93359,-4.38693,-0.0431089,-1.66956,extended
22.8671,550,-5.70973,-0.0958008,-7.70238,0.00133158,-0.0308927,0.02024,0.0,0.0,0.0,0.0,-1.93359,0.0,-0.0431089,-1.66956,extended
22.9071,551,-5.80553,-0.0574805,-7.75028,-0.00932106,-0.0340885,0.0300937,0.0,0.0,0.0,0.0,-2.10938,-4.38677,-0.0486891,-1.66937,extended
23.0263,552,-6.25579,-0.229922,-7.70238,-0.00639159,0.0282295,0.0364853,0.0,0.0,0.0,0.0,-2.28516,-1.47553,-0.0719187,-1.70195,seated
23.0663,553,-6.40907,0.210762,-7.12758,0.0229032,0.147805,-0.0340885,0.0,0.0,0.0,0.0,-2.28516,0.0,-0.0719187,-1.70195,seated
23.1064,554,-8.16223,-0.718506,-8.53585,0.061519,0.418116,-0.104396,0.0,0.0,0.0,0.0,-2.46094,-4.38667,-0.0774976,-1.70172,seated
23.1464,555,-7.91315,-0.364043,-7.62574,0.036219,1.38937,-0.0524643,0.0,0.0,0.0,0.0,-2.63672,-4.39221,-0.0830758,-1.70147,seated
23.1865,556,-7.39582,0.373623,-8.54543,0.00426106,2.4834,-0.00772317,0.0,0.0,0.0,0.0,-2.63672,0.0,-0.0830758,-1.70147,seated
23.2266,557,-4.31104,0.00958008,-7.49162,0.00213053,2.66662,-0.100667,0.0,0.0,0.0,0.0,-2.63672,0.0,-0.0830758,-1.70147,seated
23.2666,558,-2.23216,-0.967588,-9.04359,-0.0146474,2.99446,-0.0833569,0.0,0.0,0.0,0.0,-2.46094,4.38664,-0.0774976,-1.70172,seated
23.3067,559,-2.50998,-0.440684,-6.67731,-0.0814927,2.96889,-0.104929,0.0,0.0,0.0,0.0,-2.46094,0.0,-0.0774976,-1.70172,seated
23.3468,560,6.67731,-0.852627,-7.77902,-0.0737696,0.874582,0.111586,0.0,0.0,0.0,0.0,-2.10938,8.77244,-0.0663391,-1.70217,seated
23.3869,561,0.210762,-0.517324,-8.99569,0.0125169,-0.415187,0.368582,0.0,0.0,0.0,0.0,-1.75781,8.77359,-0.0551781,-1.70254,seated
23.4269,562,-1.36037,0.0766406,-9.98244,0.0146474,-0.715858,0.294279,0.0,0.0,0.0,0.0,-1.75781,0.0,-0.0551781,-1.70254,seated
23.467,563,-3.05605,-0.536484,-9.63756,-0.0162453,0.295611,0.120908,0.0,0.0,0.0,0.0,-1.75781,0.0,-0.0551781,-1.70254,seated
23.5071,564,-0.517324,-0.182021,-10.1166,-0.0524643,0.766724,-0.0668453,0.0,0.0,0.0,0.0,-1.58203,4.38674,-0.0495968,-1.70271,seated
23.5471,565,0.201182,-0.411943,-9.19688,-0.00585895,0.358195,-0.117712,0.0,0.0,0.0,0.0,-1.58203,0.0,-0.0495968,-1.70271,seated
23.5872,566,-1.00591,-0.555645,-10.2411,0.0141148,-0.123837,-0.0729706,0.0,0.0,0.0,0.0,-1.40625,4.38653,-0.044015,-1.70285,seated
23.6273,567,-1.67651,-0.172441,-9.55134,0.0548611,-0.03036,-0.097738,0.0,0.0,0.0,0.0,-1.40625,0.0,-0.044015,-1.70285,seated
23.6674,568,-1.18793,-0.325723,-10.0495,-0.021039,0.186688,-0.0902812,0.0,0.0,0.0,0.0,-1.23047,4.38685,-0.0384328,-1.70298,seated
23.7074,569,-0.804727,-0.210762,-9.67588,0.0258327,0.144077,-0.0135821,0.0,0.0,0.0,0.0,-1.05469,4.38669,-0.0328502,-1.70309,seated
23.7475,570,-1.05381,-0.383203,-9.74294,-0.0157127,0.0436758,0.0604538,0.0,0.0,0.0,0.0,-0.703125,8.77349,-0.0216842,-1.70326,seated
23.7876,571,-1.25499,-0.325723,-9.96328,-0.015979,0.161388,0.102265,0.0,0.0,0.0,0.0,-0.527344,4.38734,-0.0161008,-1.70332,seated
23.8276,572,-0.756826,-0.364043,-9.54176,-0.0162453,0.138484,0.117712,0.0,0.0,0.0,0.0,-0.175781,8.77401,-0.00493368,-1.70339,seated
23.8677,573,-1.26457,-0.354463,-9.96328,-0.0199737,0.0889496,0.120641,0.0,0.0,0.0,0.0,0.0,4.38674,0.00065,-1.7034,seated
23.9078,574,-0.977168,-0.373623,-9.64714,-0.0066579,0.147273,0.0745685,0.0,0.0,0.0,0.0,0.175781,4.387,0.00623368,-1.70339,seated
23.9478,575,-1.11129,-0.488584,-9.93454,-0.0157127,0.124902,0.0231695,0.0,0.0,0.0,0.0,0.351562,4.38687,0.0118173,-1.70337,seated
23.9879,576,-1.02507,-0.335303,-9.56092,0.01518,0.0966728,-0.0154463,0.0,0.0,0.0,0.0,0.527344,4.38617,0.0174008,-1.70332,seated
24.028,577,-1.09213,-0.325723,-9.74294,0.0,0.127832,-0.056459,0.0,0.0,0.0,0.0,0.703125,4.3874,0.0229842,-1.70326,seated
24.0681,578,-1.03465,-0.364043,-9.88664,0.0173105,0.107059,-0.057258,0.0,0.0,0.0,0.0,0.703125,0.0,0.0229842,-1.70326,seated
24.1081,579,-1.04423,-0.258662,-9.64714,0.00426106,0.0886833,-0.0298274,0.0,0.0,0.0,0.0,0.878906,4.38677,0.0285674,-1.70319,seated
24.1482,580,-1.14961,-0.335303,-9.96328,-0.00213053,0.111586,0.0106526,0.0,0.0,0.0,0.0,1.05469,4.38627,0.0341503,-1.70309,seated
24.1883,581,-0.977168,-0.277822,-9.6184,-0.0114516,0.0940096,0.0479369,0.0,0.0,0.0,0.0,1.23047,4.38685,0.0397328,-1.70298,seated
24.2283,582,-1.16877,-0.335303,-9.89622,-0.0141148,0.0790959,0.0796285,0.0,0.0,0.0,0.0,1.40625,4.38604,0.045315,-1.70285,seated
24.2684,583,-1.07297,-0.316143,-9.65672,-0.0138484,0.0948085,0.0937433,0.0,0.0,0.0,0.0,1.58203,4.38672,0.0508968,-1.70271,seated
24.3085,584,-1.05381,-0.392783,-9.84832,-0.0146474,0.0735032,0.0753675,0.0,0.0,0.0,0.0,1.58203,0.0,0.0508968,-1.70271,seated
24.3486,585,-1.07297,-0.421523,-9.70462,0.000266316,0.0689759,0.0545948,0.0,0.0,0.0,0.0,1.75781,4.38672,0.0564781,-1.70254,seated
24.3886,586,-1.07297,-0.411943,-9.74294,-0.00532632,0.0617853,0.00719053,0.0,0.0,0.0,0.0,1.75781,0.0,0.0564781,-1.70254,seated
24.4287,587,-1.05381,-0.421523,-9.72378,0.00692422,0.0511327,-0.0191748,0.0,0.0,0.0,0.0,1.75781,0.0,0.0564781,-1.70254,seated
24.4688,588,-1.09213,-0.392783,-9.73336,-0.00239685,0.0407464,-0.0343548,0.0,0.0,0.0,0.0,1.75781,0.0,0.0564781,-1.70254,seated
24.5088,589,-1.06339,-0.364043,-9.75252,0.00452737,0.0396811,-0.0263653,0.0,0.0,0.0,0.0,1.58203,-4.38687,0.0508968,-1.70271,seated
24.5489,590,-1.04423,-0.316143,-9.70462,-0.000798948,0.02024,-0.00106526,0.0,0.0,0.0,0.0,1.58203,0.0,0.0508968,-1.70271,seated
24.589,591,-1.08255,-0.344883,-9.79084,-0.0111853,0.0183758,0.0287621,0.0,0.0,0.0,0.0,1.58203,0.0,0.0508968,-1.70271,seated
24.6291,592,-1.02507,-0.316143,-9.60882,-0.0098537,0.0119842,0.0569916,0.0,0.0,0.0,0.0,1.58203,0.0,0.0508968,-1.70271,seated
24.6691,593,-1.12087,-0.364043,-9.84832,-0.0146474,-0.00213053,0.0681769,0.0,0.0,0.0,0.0,1.40625,-4.38698,0.045315,-1.70285,seated
24.7092,594,-1.06339,-0.364043,-9.70462,-0.00852212,-0.00452737,0.0671117,0.0,0.0,0.0,0.0,1.40625,0.0,0.045315,-1.70285,seated
24.7493,595,-1.10171,-0.373623,-9.79084,-0.010919,-0.0167779,0.0484695,0.0,0.0,0.0,0.0,1.23047,-4.3868,0.0397328,-1.70298,seated
24.7893,596,-1.04423,-0.373623,-9.69504,-0.000266316,-0.0245011,0.0205063,0.0,0.0,0.0,0.0,1.05469,-4.38695,0.0341503,-1.70309,seated
24.8294,597,-1.11129,-0.383203,-9.84832,-0.00719053,-0.0274306,-0.00106526,0.0,0.0,0.0,0.0,0.878906,-4.387,0.0285674,-1.70319,seated
24.8695,598,-1.07297,-0.325723,-9.7142,0.00133158,-0.0332895,-0.01518,0.0,0.0,0.0,0.0,0.703125,-4.38698,0.0229842,-1.70326,seated
24.9095,599,-1.02507,-0.296982,-9.7142,-0.00292948,-0.0442085,-0.0146474,0.0,0.0,0.0,0.0,0.527344,-4.38693,0.0174008,-1.70332,seated
24.9496,600,-1.08255,-0.344883,-9.84832,-0.0015979,-0.0460727,0.00239685,0.0,0.0,0.0,0.0,0.351562,-4.39192,0.0118173,-1.70337,seated
24.9896,601,-1.04423,-0.316143,-9.72378,-0.00639159,-0.0516653,0.0234358,0.0,0.0,0.0,0.0,0.175781,-4.38708,0.00623368,-1.70339,seated
25.0297,602,-1.08255,-0.344883,-9.78126,-0.0106526,-0.0524643,0.0458064,0.0,0.0,0.0,0.0,0.0,-4.38703,0.00065,-1.7034,seated
25.0698,603,-1.06339,-0.373623,-9.73336,-0.0117179,-0.0511327,0.0636496,0.0,0.0,0.0,0.0,-0.175781,-4.38711,-0.00493368,-1.70339,seated
25.1098,604,-1.07297,-0.383203,-9.84832,-0.0135821,-0.0569916,0.0607201,0.0,0.0,0.0,0.0,-0.351562,-4.38719,-0.0105173,-1.70337,seated
25.1499,605,-1.03465,-0.402363,-9.74294,-0.00798948,-0.0532632,0.0468716,0.0,0.0,0.0,0.0,-0.527344,-4.38737,-0.0161008,-1.70332,seated
25.19,606,-1.08255,-0.364043,-9.84832,-0.00878843,-0.0553938,0.0279632,0.0,0.0,0.0,0.0,-0.703125,-4.3869,-0.0216842,-1.70326,seated
25.23,607,-1.07297,-0.383203,-9.84832,-0.0015979,-0.0529969,0.00719053,0.0,0.0,0.0,0.0,-0.878906,-4.38698,-0.0272674,-1.70319,seated
25.2701,608,-1.05381,-0.383203,-9.7142,-0.00559264,-0.0524643,-0.00719053,0.0,0.0,0.0,0.0,-1.05469,-4.38614,-0.0328502,-1.70309,seated
25.3102,609,-1.06339,-0.383203,-9.84832,0.0,-0.0503337,-0.00559264,0.0,0.0,0.0,0.0,-1.40625,-8.77255,-0.044015,-1.70285,seated
25.3503,610,-1.04423,-0.364043,-9.73336,-0.00452737,-0.0479369,-0.00106526,0.0,0.0,0.0,0.0,-1.58203,-4.38664,-0.0495968,-1.70271,seated
25.3903,611,-1.09213,-0.354463,-9.74294,-0.0066579,-0.0420779,0.0146474,0.0,0.0,0.0,0.0,-1.75781,-4.38693,-0.0551781,-1.70254,seated
25.4304,612,-1.04423,-0.354463,-9.7621,-0.00692422,-0.0340885,0.036219,0.0,0.0,0.0,0.0,-1.75781,0.0,-0.0551781,-1.70254,seated
25.4705,613,-1.04423,-0.383203,-9.84832,-0.010919,-0.0276969,0.0482032,0.0,0.0,0.0,0.0,-1.93359,-4.3862,-0.0607589,-1.70236,seated
25.5105,614,-1.07297,-0.335303,-9.7142,-0.0106526,-0.0189084,0.0561927,0.0,0.0,0.0,0.0,-1.93359,0.0,-0.0607589,-1.70236,seated
25.5506,615,-1.05381,-0.364043,-9.84832,-0.0138484,-0.0138484,0.0442085,0.0,0.0,0.0,0.0,-2.10938,-4.3921,-0.0663391,-1.70217,seated
25.676,616,-0.967588,-0.344883,-9.8579,-0.00745685,-0.00719053,0.00559264,0.0,0.0,0.0,0.0,-2.28516,-1.40098,-0.0542687,-1.66915,extended
25.7161,617,-0.0383203,0.354463,-10.6818,-0.0836233,-0.18722,0.12437,0.0,0.0,0.0,0.0,-2.28516,0.0,-0.0542687,-1.66915,extended
25.7562,618,-0.670605,-0.775986,-10.0878,-0.0386158,-0.442617,0.181361,0.0,0.0,0.0,0.0,-2.28516,0.0,-0.0542687,-1.66915,extended
25.7962,619,0.105381,-0.249082,-11.4865,0.178432,-1.75662,0.0516653,0.0,0.0,0.0,0.0,-2.28516,0.0,-0.0542687,-1.66915,extended
25.8363,620,0.411943,-0.440684,-8.54543,0.0657801,-2.34438,0.170709,0.0,0.0,0.0,0.0,-2.10938,4.38614,-0.0486891,-1.66937,extended
25.8764,621,-2.5962,-0.632285,-8.27719,0.02024,-2.87328,0.0561927,0.0,0.0,0.0,0.0,-2.10938,0.0,-0.0486891,-1.66937,extended
25.9165,622,-4.98164,-0.0383203,-7.39582,0.0141148,-2.91909,0.00532632,0.0,0.0,0.0,0.0,-2.10938,0.0,-0.0486891,-1.66937,extended
25.9565,623,-8.90947,-0.296982,-7.98021,-0.0111853,-2.15024,0.0676443,0.0,0.0,0.0,0.0,-2.10938,0.0,-0.0486891,-1.66937,extended
25.9966,624,-10.0495,-1.29331,-7.49162,0.0681769,-0.888164,-0.0620517,0.0,0.0,0.0,0.0,-2.10938,0.0,-0.0486891,-1.66937,extended
26.0367,625,-7.61616,1.12087,-8.44963,0.129696,0.195742,-0.100135,0.0,0.0,0.0,0.0,-2.10938,0.0,-0.0486891,-1.66937,extended
26.0767,626,-4.87626,-0.335303,-7.68322,-0.00745685,0.623446,-0.0492685,0.0,0.0,0.0,0.0,-1.93359,4.38661,-0.0431089,-1.66956,extended
26.1168,627,-4.48348,0.0479004,-7.24254,0.0314253,0.114516,0.00719053,0.0,0.0,0.0,0.0,-1.75781,4.38656,-0.0375281,-1.66974,extended
26.1569,628,-5.80553,-0.0191602,-7.75028,-0.00692422,-0.213319,0.0191748,0.0,0.0,0.0,0.0,-1.58203,4.38682,-0.0319468,-1.66991,extended
26.197,629,-6.94556,0.220342,-8.22929,-0.0218379,0.0668453,0.0340885,0.0,0.0,0.0,0.0,-1.40625,4.38612,-0.026365,-1.67005,extended
26.237,630,-5.29778,0.0574805,-7.53952,-0.0356864,0.263653,0.101999,0.0,0.0,0.0,0.0,-1.23047,4.38669,-0.0207828,-1.67018,extended
26.2771,631,-5.74805,-0.258662,-7.73112,-0.0500674,0.0894822,0.0681769,0.0,0.0,0.0,0.0,-0.878906,8.77349,-0.00961736,-1.67039,extended
26.3172,632,-5.79595,0.0,-7.7407,-0.0322242,0.0418116,0.0785633,0.0,0.0,0.0,0.0,-0.878906,0.0,-0.00961736,-1.67039,extended
26.3572,633,-5.98755,-0.182021,-7.82692,-0.046339,0.167513,0.0532632,0.0,0.0,0.0,0.0,-0.703125,4.38674,-0.0040342,-1.67046,extended
26.3973,634,-5.24988,-0.210762,-7.48204,-0.00319579,0.137952,0.0460727,0.0,0.0,0.0,0.0,-0.351562,8.77385,0.00713269,-1.67057,extended
26.4374,635,-5.89175,-0.153281,-7.82692,-0.00346211,0.0649811,0.00133158,0.0,0.0,0.0,0.0,-0.351562,0.0,0.00713269,-1.67057,extended
26.4774,636,-6.05461,-0.124541,-7.82692,0.0215716,0.129163,0.00292948,0.0,0.0,0.0,0.0,-0.175781,4.38727,0.0127163,-1.67059,extended
26.5175,637,-5.2882,-0.0766406,-7.56826,0.0348874,0.142479,-0.0138484,0.0,0.0,0.0,0.0,0.0,4.38669,0.0183,-1.6706,extended
26.5576,638,-5.69057,-0.0574805,-7.72154,0.0183758,0.0687096,-0.02024,0.0,0.0,0.0,0.0,0.175781,4.39003,0.0238837,-1.67059,extended
26.5976,639,-5.91091,-0.0670606,-7.80776,0.0205063,0.11132,0.00585895,0.0,0.0,0.0,0.0,0.351562,4.3874,0.0294673,-1.67057,extended
26.6377,640,-5.71931,-0.124541,-7.73112,-0.00452737,0.108923,0.0162453,0.0,0.0,0.0,0.0,0.527344,4.38672,0.0350508,-1.67052,extended
26.6778,641,-5.61393,-0.0383203,-7.63532,-0.0106526,0.092678,0.0346211,0.0,0.0,0.0,0.0,0.703125,4.38677,0.0406342,-1.67046,extended
26.7178,642,-5.81511,-0.114961,-7.73112,-0.0308927,0.082558,0.0503337,0.0,0.0,0.0,0.0,0.703125,0.0,0.0406342,-1.67046,extended
26.7579,643,-5.74805,-0.191602,-7.81734,-0.0279632,0.105195,0.0607201,0.0,0.0,0.0,0.0,0.878906,4.38687,0.0462174,-1.67039,extended
26.798,644,-5.57561,-0.153281,-7.53952,-0.0266316,0.0735032,0.0511327,0.0,0.0,0.0,0.0,1.05469,4.38682,0.0518002,-1.67029,extended
26.8381,645,-5.94923,-0.162861,-7.8844,-0.0183758,0.0711064,0.0367516,0.0,0.0,0.0,0.0,1.05469,0.0,0.0518002,-1.67029,extended
26.8781,646,-5.61393,-0.182021,-7.57784,-0.00133158,0.0820254,0.0284958,0.0,0.0,0.0,0.0,1.05469,0.0,0.0518002,-1.67029,extended
26.9182,647,-5.78637,-0.162861,-7.75028,0.00719053,0.0490022,0.00932106,0.0,0.0,0.0,0.0,1.23047,4.38693,0.0573828,-1.67018,extended
26.9583,648,-5.71931,-0.143701,-7.70238,0.02024,0.0487358,-0.00292948,0.0,0.0,0.0,0.0,1.23047,0.0,0.0573828,-1.67018,extended
26.9983,649,-5.78637,-0.105381,-7.75028,0.015979,0.0423443,-0.00639159,0.0,0.0,0.0,0.0,1.05469,-4.38685,0.0518002,-1.67029,extended
27.0384,650,-5.70015,-0.134121,-7.66406,0.0183758,0.036219,0.00133158,0.0,0.0,0.0,0.0,1.05469,0.0,0.0518002,-1.67029,extended
27.0785,651,-5.79595,-0.0958008,-7.77902,-0.000798948,0.0237021,0.00772317,0.0,0.0,0.0,0.0,1.05469,0.0,0.0518002,-1.67029,extended
27.1185,652,-5.73847,-0.0766406,-7.6928,-0.00506001,0.0242348,0.03036,0.0,0.0,0.0,0.0,1.05469,0.0,0.0518002,-1.67029,extended
27.1586,653,-5.70015,-0.0958008,-7.6928,-0.021039,0.0127832,0.0388822,0.0,0.0,0.0,0.0,1.05469,0.0,0.0518002,-1.67029,extended
27.1987,654,-5.78637,-0.134121,-7.7886,-0.0274306,0.000266316,0.0458064,0.0,0.0,0.0,0.0,1.05469,0.0,0.0518002,-1.67029,extended
27.2388,655,-5.68099,-0.143701,-7.70238,-0.0263653,-0.000266316,0.0450074,0.0,0.0,0.0,0.0,0.878906,-4.38695,0.0462174,-1.67039,extended
27.2788,656,-5.79595,-0.143701,-7.77902,-0.0221042,-0.0117179,0.0410127,0.0,0.0,0.0,0.0,0.703125,-4.38755,0.0406342,-1.67046,extended
27.3189,657,-5.72889,-0.134121,-7.70238,-0.00958738,-0.0189084,0.0274306,0.0,0.0,0.0,0.0,0.703125,0.0,0.0406342,-1.67046,extended
27.359,658,-5.80553,-0.172441,-7.75986,0.0015979,-0.0231695,0.0111853,0.0,0.0,0.0,0.0,0.527344,-4.38695,0.0350508,-1.67052,extended
27.399,659,-5.74805,-0.134121,-7.70238,0.00745685,-0.0274306,0.00372843,0.0,0.0,0.0,0.0,0.351562,-4.3869,0.0294673,-1.67057,extended
27.4391,660,-5.71931,-0.134121,-7.71196,0.02024,-0.0375506,-0.0015979,0.0,0.0,0.0,0.0,0.175781,-4.38685,0.0238837,-1.67059,extended
27.4792,661,-5.75763,-0.114961,-7.75986,0.00372843,-0.0346211,0.00798948,0.0,0.0,0.0,0.0,0.0,-4.38669,0.0183,-1.6706,extended
27.5192,662,-5.69057,-0.0670606,-7.67364,-0.000798948,-0.041279,0.0106526,0.0,0.0,0.0,0.0,-0.175781,-4.38674,0.0127163,-1.67059,extended
27.5593,663,-5.78637,-0.134121,-7.77902,-0.00506001,-0.0490022,0.0242348,0.0,0.0,0.0,0.0,-0.351562,-4.3869,0.00713269,-1.67057,extended
27.5994,664,-5.68099,-0.134121,-7.70238,-0.0149137,-0.0436758,0.0338221,0.0,0.0,0.0,0.0,-0.527344,-4.38708,0.00154917,-1.67052,extended
27.6394,665,-5.79595,-0.134121,-7.7407,-0.0221042,-0.0484695,0.04048,0.0,0.0,0.0,0.0,-0.703125,-4.38693,-0.0040342,-1.67046,extended
27.6795,666,-5.71931,-0.153281,-7.71196,-0.0189084,-0.046339,0.0436758,0.0,0.0,0.0,0.0,-0.878906,-4.3868,-0.00961736,-1.67039,extended
27.7196,667,-5.73847,-0.162861,-7.76944,-0.0170442,-0.0447411,0.0367516,0.0,0.0,0.0,0.0,-1.05469,-4.38664,-0.0152002,-1.67029,extended
27.7597,668,-5.70973,-0.153281,-7.77902,-0.00878843,-0.0487358,0.0335558,0.0,0.0,0.0,0.0,-1.23047,-4.38755,-0.0207828,-1.67018,extended
27.7997,669,-5.72889,-0.153281,-7.75028,-0.00133158,-0.0452737,0.0181095,0.0,0.0,0.0,0.0,-1.40625,-4.387,-0.026365,-1.67005,extended
27.8398,670,-5.70973,-0.172441,-7.75028,0.00319579,-0.0388822,0.00932106,0.0,0.0,0.0,0.0,-1.58203,-4.38685,-0.0319468,-1.66991,extended
27.8799,671,-5.77679,-0.105381,-7.7407,0.00798948,-0.0431432,0.00239685,0.0,0.0,0.0,0.0,-1.75781,-4.38734,-0.0375281,-1.66974,extended
27.9199,672,-5.74805,-0.105381,-7.77902,0.0130495,-0.0407464,0.00479369,0.0,0.0,0.0,0.0,-1.93359,-4.38612,-0.0431089,-1.66956,extended
27.96,673,-5.70973,-0.0958008,-7.71196,0.00426106,-0.0298274,0.0127832,0.0,0.0,0.0,0.0,-2.10938,-4.3869,-0.0486891,-1.66937,extended
28.0704,674,-5.40316,-0.0958008,-7.63532,-0.00878843,0.0117179,0.0346211,0.0,0.0,0.0,0.0,-2.28516,-1.59214,-0.0719187,-1.70195,seated
28.1105,675,-4.89542,-0.680186,-6.69648,0.0167779,0.0660464,0.03542,0.0,0.0,0.0,0.0,-2.28516,0.0,-0.0719187,-1.70195,seated
28.1506,676,-8.28677,-0.364043,-7.77902,0.0340885,0.0551274,-0.130229,0.0,0.0,0.0,0.0,-2.46094,-4.38614,-0.0774976,-1.70172,seated
28.1906,677,-9.78126,0.0670606,-9.12982,0.0287621,1.10282,-0.0479369,0.0,0.0,0.0,0.0,-2.46094,0.0,-0.0774976,-1.70172,seated
28.2307,678,-5.42232,-0.603545,-7.3096,-0.0213053,2.01548,-0.0689759,0.0,0.0,0.0,0.0,-2.46094,0.0,-0.0774976,-1.70172,seated
28.2708,679,-4.68466,0.114961,-8.38257,-0.0205063,2.63546,-0.071639,0.0,0.0,0.0,0.0,-2.46094,0.0,-0.0774976,-1.70172,seated
28.3108,680,-4.40684,0.114961,-8.57417,-0.066579,2.79925,-0.0583232,0.0,0.0,0.0,0.0,-2.46094,0.0,-0.0774976,-1.70172,seated
28.3509,681,-1.43701,-0.622705,-9.12982,-0.0508664,2.99073,-0.102532,0.0,0.0,0.0,0.0,-2.46094,0.0,-0.0774976,-1.70172,seated
28.391,682,4.57928,-0.191602,-9.2352,-0.0450074,1.82107,0.21039,0.0,0.0,0.0,0.0,-2.10938,8.77343,-0.0663391,-1.70217,seated
28.431,683,2.96024,0.105381,-10.9309,-0.000266316,0.302801,0.30866,0.0,0.0,0.0,0.0,-1.75781,8.77443,-0.0551781,-1.70254,seated
28.4711,684,-0.929268,-0.804727,-10.2794,0.0391485,-0.675111,0.296676,0.0,0.0,0.0,0.0,-1.75781,0.0,-0.0551781,-1.70254,seated
28.5112,685,-3.73623,-0.622705,-9.5705,0.0300937,-0.157127,0.0561927,0.0,0.0,0.0,0.0,-1.75781,0.0,-0.0551781,-1.70254,seated
28.5513,686,-1.99266,-0.249082,-10.2986,-0.0524643,0.641289,-0.0836233,0.0,0.0,0.0,0.0,-1.75781,0.0,-0.0551781,-1.70254,seated
28.5913,687,-0.344883,-0.919688,-8.90947,-0.01012,0.434628,-0.118777,0.0,0.0,0.0,0.0,-1.58203,4.3868,-0.0495968,-1.70271,seated
28.6314,688,-0.440684,-0.191602,-10.471,0.0191748,0.00798948,-0.0908138,0.0,0.0,0.0,0.0,-1.58203,0.0,-0.0495968,-1.70271,seated
28.6715,689,-1.45617,-0.507744,-9.18729,0.0399474,0.0681769,-0.0966728,0.0,0.0,0.0,0.0,-1.40625,4.38614,-0.044015,-1.70285,seated
28.7115,690,-1.10171,-0.0958008,-10.2219,-0.00479369,0.149936,-0.0548611,0.0,0.0,0.0,0.0,-1.40625,0.0,-0.044015,-1.70285,seated
28.7516,691,-1.14003,-0.421523,-9.96328,0.0154463,0.157393,-0.0178432,0.0,0.0,0.0,0.0,-1.05469,8.77359,-0.0328502,-1.70309,seated
28.7917,692,-0.938848,-0.383203,-9.49386,-0.0138484,0.0695085,0.0972054,0.0,0.0,0.0,0.0,-0.878906,4.38674,-0.0272674,-1.70319,seated
28.8318,693,-1.51365,-0.220342,-10.2411,-0.0130495,0.132093,0.118777,0.0,0.0,0.0,0.0,-0.527344,8.77312,-0.0161008,-1.70332,seated
28.8718,694,-0.680186,-0.402363,-9.41722,-0.021039,0.157393,0.130229,0.0,0.0,0.0,0.0,-0.351562,4.38682,-0.0105173,-1.70337,seated
28.9119,695,-1.32205,-0.392783,-9.89622,-0.0223706,0.082558,0.107325,0.0,0.0,0.0,0.0,-0.175781,4.38745,-0.00493368,-1.70339,seated
28.952,696,-0.948428,-0.421523,-9.55134,-0.00559264,0.139816,0.0527306,0.0,0.0,0.0,0.0,0.0,4.38677,0.00065,-1.7034,seated
28.992,697,-1.20709,-0.431104,-10.0495,-0.0138484,0.102798,-0.0141148,0.0,0.0,0.0,0.0,0.175781,4.38661,0.00623368,-1.70339,seated
29.0321,698,-1.13045,-0.306563,-9.60882,0.0178432,0.10626,-0.0503337,0.0,0.0,0.0,0.0,0.351562,4.38677,0.0118173,-1.70337,seated
29.0722,699,-1.01549,-0.402363,-9.84832,0.00133158,0.113717,-0.0697748,0.0,0.0,0.0,0.0,0.527344,4.38552,0.0174008,-1.70332,seated
29.1123,700,-1.04423,-0.364043,-10.0016,0.0133158,0.108391,-0.0641822,0.0,0.0,0.0,0.0,0.703125,4.38638,0.0229842,-1.70326,seated
29.1523,701,-1.03465,-0.306563,-9.58966,0.00958738,0.0908138,-0.0327569,0.0,0.0,0.0,0.0,0.703125,0.0,0.0229842,-1.70326,seated
29.1924,702,-1.14003,-0.316143,-9.91538,-0.00772317,0.107592,0.01012,0.0,0.0,0.0,0.0,0.878906,4.38677,0.0285674,-1.70319,seated
29.2325,703,-1.04423,-0.287402,-9.59924,-0.00958738,0.106793,0.0804275,0.0,0.0,0.0,0.0,1.05469,4.38661,0.0341503,-1.70309,seated
29.2726,704,-1.06339,-0.344883,-9.87706,-0.0189084,0.0833569,0.0998685,0.0,0.0,0.0,0.0,1.23047,4.38646,0.0397328,-1.70298,seated
29.3126,705,-1.06339,-0.364043,-9.67588,-0.00559264,0.104662,0.0990696,0.0,0.0,0.0,0.0,1.40625,4.38617,0.045315,-1.70285,seated
29.3527,706,-1.05381,-0.440684,-9.9537,-0.0213053,0.0737696,0.0671117,0.0,0.0,0.0,0.0,1.58203,4.3864,0.0508968,-1.70271,seated
29.3928,707,-1.11129,-0.411943,-9.84832,0.00479369,0.077498,0.0221042,0.0,0.0,0.0,0.0,1.58203,0.0,0.0508968,-1.70271,seated
29.4328,708,-1.03465,-0.373623,-9.58966,-0.000798948,0.0628506,-0.000798948,0.0,0.0,0.0,0.0,1.58203,0.0,0.0508968,-1.70271,seated
29.4729,709,-1.10171,-0.440684,-9.92496,0.00532632,0.0524643,-0.0319579,0.0,0.0,0.0,0.0,1.58203,0.0,0.0508968,-1.70271,seated
29.513,710,-1.04423,-0.344883,-9.62798,0.0066579,0.0490022,-0.0396811,0.0,0.0,0.0,0.0,1.58203,0.0,0.0508968,-1.70271,seated
29.5531,711,-1.13045,-0.354463,-9.84832,0.00719053,0.0407464,-0.0258327,0.0,0.0,0.0,0.0,1.58203,0.0,0.0508968,-1.70271,seated
29.5931,712,-0.996328,-0.316143,-9.62798,-0.00319579,0.0292948,0.0239685,0.0,0.0,0.0,0.0,1.58203,0.0,0.0508968,-1.70271,seated
29.6332,713,-1.14961,-0.364043,-9.93454,-0.0106526,0.026099,0.0506001,0.0,0.0,0.0,0.0,1.58203,0.0,0.0508968,-1.70271,seated
29.6733,714,-1.03465,-0.325723,-9.60882,-0.00479369,0.0178432,0.0719054,0.0,0.0,0.0,0.0,1.58203,0.0,0.0508968,-1.70271,seated
29.7133,715,-1.09213,-0.364043,-9.8579,-0.0213053,0.00639159,0.0838896,0.0,0.0,0.0,0.0,1.40625,-4.38706,0.045315,-1.70285,seated
29.7534,716,-1.07297,-0.392783,-9.68546,-0.0106526,0.000266316,0.0713727,0.0,0.0,0.0,0.0,1.40625,0.0,0.045315,-1.70285,seated
29.7935,717,-1.05381,-0.383203,-9.80042,-0.0114516,-0.0127832,0.0482032,0.0,0.0,0.0,0.0,1.23047,-4.38687,0.0397328,-1.70298,seated
29.8336,718,-1.06339,-0.392783,-9.74294,-0.000532632,-0.0135821,0.00958738,0.0,0.0,0.0,0.0,1.05469,-4.38648,0.0341503,-1.70309,seated
29.8736,719,-1.05381,-0.373623,-9.7621,-0.00426106,-0.026099,-0.0213053,0.0,0.0,0.0,0.0,0.878906,-4.38719,0.0285674,-1.70319,seated
29.9137,720,-1.11129,-0.354463,-9.77168,0.00506001,-0.0274306,-0.0258327,0.0,0.0,0.0,0.0,0.703125,-4.38693,0.0229842,-1.70326,seated
29.9538,721,-1.05381,-0.316143,-9.70462,0.00213053,-0.0399474,-0.00772317,0.0,0.0,0.0,0.0,0.527344,-4.38656,0.0174008,-1.70332,seated
29.9938,722,-1.10171,-0.316143,-9.8579,-0.00506001,-0.0399474,0.00585895,0.0,0.0,0.0,0.0,0.351562,-4.38627,0.0118173,-1.70337,seated
30.0339,723,-1.05381,-0.306563,-9.67588,-0.00852212,-0.0442085,0.0338221,0.0,0.0,0.0,0.0,0.351562,0.0,0.0118173,-1.70337,seated
30.074,724,-1.08255,-0.344883,-9.84832,-0.0119842,-0.0500674,0.0583232,0.0,0.0,0.0,0.0,0.175781,-4.38614,0.00623368,-1.70339,seated
30.1141,725,-1.09213,-0.335303,-9.70462,-0.01518,-0.0487358,0.067378,0.0,0.0,0.0,0.0,0.0,-4.38672,0.00065,-1.7034,seated
30.1541,726,-1.07297,-0.364043,-9.78126,-0.0138484,-0.0556601,0.0649811,0.0,0.0,0.0,0.0,-0.175781,-4.38622,-0.00493368,-1.70339,seated
30.1942,727,-1.07297,-0.402363,-9.79084,-0.00905475,-0.0500674,0.0447411,0.0,0.0,0.0,0.0,-0.351562,-4.38693,-0.0105173,-1.70337,seated
30.2343,728,-1.07297,-0.383203,-9.77168,-0.00585895,-0.0553938,0.02024,0.0,0.0,0.0,0.0,-0.703125,-8.77396,-0.0216842,-1.70326,seated
30.2743,729,-1.09213,-0.421523,-9.79084,-0.000798948,-0.051399,0.00213053,0.0,0.0,0.0,0.0,-0.878906,-4.38716,-0.0272674,-1.70319,seated
30.3144,730,-1.05381,-0.364043,-9.73336,0.00106526,-0.0535295,-0.0119842,0.0,0.0,0.0,0.0,-1.05469,-4.3868,-0.0328502,-1.70309,seated
30.3545,731,-1.10171,-0.383203,-9.84832,-0.00346211,-0.051399,-0.0127832,0.0,0.0,0.0,0.0,-1.23047,-4.38685,-0.0384328,-1.70298,seated
30.3946,732,-1.04423,-0.364043,-9.73336,-0.0015979,-0.0495348,0.0066579,0.0,0.0,0.0,0.0,-1.40625,-4.38635,-0.044015,-1.70285,seated
30.4346,733,-1.09213,-0.364043,-9.84832,-0.00506001,-0.04048,0.0266316,0.0,0.0,0.0,0.0,-1.58203,-4.38727,-0.0495968,-1.70271,seated
30.4747,734,-1.05381,-0.344883,-9.69504,-0.0111853,-0.0370179,0.0466053,0.0,0.0,0.0,0.0,-1.75781,-4.38703,-0.0551781,-1.70254,seated
30.5148,735,-1.05381,-0.402363,-9.84832,-0.0111853,-0.0300937,0.0609864,0.0,0.0,0.0,0.0,-1.75781,0.0,-0.0551781,-1.70254,seated
30.5548,736,-1.08255,-0.364043,-9.77168,-0.00772317,-0.0266316,0.0593885,0.0,0.0,0.0,0.0,-1.93359,-4.38693,-0.0607589,-1.70236,seated
30.5949,737,-1.06339,-0.383203,-9.84832,-0.0117179,-0.0194411,0.0450074,0.0,0.0,0.0,0.0,-1.93359,0.0,-0.0607589,-1.70236,seated
30.635,738,-1.08255,-0.411943,-9.79084,-0.00426106,-0.0135821,0.0223706,0.0,0.0,0.0,0.0,-2.10938,-4.38698,-0.0663391,-1.70217,seated
30.7944,739,0.249082,-0.392783,-8.82325,-0.0532632,-0.148338,0.118244,0.0,0.0,0.0,0.0,-2.28516,-1.10249,-0.0542687,-1.66915,extended
30.8345,740,-0.0958008,-1.09213,-8.89031,-0.0838896,-0.302535,0.225037,0.0,0.0,0.0,0.0,-2.10938,4.38716,-0.0486891,-1.66937,extended
30.8746,741,-0.287402,0.0766406,-11.1512,0.110788,-1.25435,0.0418116,0.0,0.0,0.0,0.0,-2.28516,-4.38635,-0.0542687,-1.66915,extended
30.9146,742,-2.24174,-0.517324,-9.2831,0.0841559,-2.04211,0.16991,0.0,0.0,0.0,0.0,-2.10938,4.38703,-0.0486891,-1.66937,extended
30.9547,743,-3.0273,0.325723,-9.15856,0.0482032,-2.68553,0.00346211,0.0,0.0,0.0,0.0,-2.10938,0.0,-0.0486891,-1.66937,extended
30.9948,744,-2.28006,-0.718506,-6.21747,0.0316916,-3.09592,0.0948085,0.0,0.0,0.0,0.0,-2.10938,0.0,-0.0486891,-1.66937,extended
31.0348,745,-8.09517,-0.277822,-7.12758,-0.02024,-2.59152,0.0511327,0.0,0.0,0.0,0.0,-2.10938,0.0,-0.0486891,-1.66937,extended
31.0749,746,-9.49386,-0.162861,-8.49753,0.0378169,-1.13983,-0.061519,0.0,0.0,0.0,0.0,-1.93359,4.38737,-0.0431089,-1.66956,extended
31.115,747,-7.70238,-0.814307,-8.86157,0.154463,0.209058,-0.194144,0.0,0.0,0.0,0.0,-2.10938,-4.38659,-0.0486891,-1.66937,extended
31.155,748,-5.26904,0.450264,-7.4054,0.0625843,0.571514,-0.026099,0.0,0.0,0.0,0.0,-1.93359,4.38695,-0.0431089,-1.66956,extended
31.1951,749,-4.19607,-0.661025,-7.08926,0.00292948,0.282029,0.041279,0.0,0.0,0.0,0.0,-1.75781,4.387,-0.0375281,-1.66974,extended
31.2352,750,-5.23072,0.143701,-8.02811,0.0175769,-0.21039,0.00346211,0.0,0.0,0.0,0.0,-1.58203,4.3862,-0.0319468,-1.66991,extended
