2.38419e-05,0,-5.79595,-0.296982,-5.57561,-0.000266316,0.0468716,0.0482032,0.0,0.0,0.0,0.0,0.0,0.0,0.00065,-1.7034,seated
0.0600979,1,-6.62941,-0.584385,-6.42823,0.00506001,-0.127832,-0.175502,0.0,0.0,0.0,0.0,0.0,0.0,0.00065,-1.7034,seated
0.120172,2,-6.89766,-0.459844,-6.53361,-0.0223706,1.17099,0.154463,0.0,0.0,0.0,0.0,0.0,0.0,0.00065,-1.7034,seated
0.180246,3,-6.63899,-0.134121,-7.8844,0.0343548,1.4674,0.0692422,0.0,0.0,0.0,0.0,0.0,0.0,0.00065,-1.7034,seated
0.240318,4,-6.38991,0.134121,-7.4054,-0.0157127,1.62639,0.0506001,0.0,0.0,0.0,0.0,0.175781,2.92617,0.00623368,-1.70339,seated
0.300368,5,-5.89175,-0.536484,-8.33467,-0.0279632,1.91614,-0.0066579,0.0,0.0,0.0,0.0,0.175781,0.0,0.00623368,-1.70339,seated
0.360445,6,-3.71707,-0.0670606,-8.78493,-0.0420779,2.01521,-0.0130495,0.0,0.0,0.0,0.0,0.175781,0.0,0.00623368,-1.70339,seated
0.420516,7,-1.33163,-0.316143,-9.09149,-0.0276969,1.64344,-0.021039,0.0,0.0,0.0,0.0,0.175781,0.0,0.00623368,-1.70339,seated
0.480593,8,-0.268242,-0.383203,-9.84832,-0.00239685,0.609598,-0.0402137,0.0,0.0,0.0,0.0,0.175781,0.0,0.00623368,-1.70339,seated
0.540667,9,-1.39869,-0.651445,-9.35016,-0.0482032,-0.140615,0.0756338,0.0,0.0,0.0,0.0,0.175781,0.0,0.00623368,-1.70339,seated
0.60074,10,-2.74948,-0.411943,-9.60882,0.00798948,-0.0900148,0.0170442,0.0,0.0,0.0,0.0,0.0,-2.92613,0.00065,-1.7034,seated
0.660814,11,-1.65735,-0.469424,-9.4747,-0.000798948,0.127299,-0.0138484,0.0,0.0,0.0,0.0,0.0,0.0,0.00065,-1.7034,seated
0.720887,12,-1.40827,-0.450264,-9.46512,-0.010919,0.0154463,0.00266316,0.0,0.0,0.0,0.0,0.0,0.0,0.00065,-1.7034,seated
0.780959,13,-1.94476,-0.354463,-9.73336,-0.00585895,0.0367516,0.0306264,0.0,0.0,0.0,0.0,0.0,0.0,0.00065,-1.7034,seated
0.841032,14,-1.57113,-0.364043,-9.4268,-0.01518,0.0838896,0.0428769,0.0,0.0,0.0,0.0,0.175781,2.92612,0.00623368,-1.70339,seated
0.901103,15,-1.91602,-0.392783,-9.58966,-0.00692422,0.0282295,0.0500674,0.0,0.0,0.0,0.0,0.175781,0.0,0.00623368,-1.70339,seated
0.961177,16,-1.74357,-0.402363,-9.48428,-0.0154463,0.0908138,0.0380832,0.0,0.0,0.0,0.0,0.175781,0.0,0.00623368,-1.70339,seated
1.02125,17,-1.74357,-0.364043,-9.4747,-0.00479369,0.0652474,0.0215716,0.0,0.0,0.0,0.0,0.351562,2.92612,0.0118173,-1.70337,seated
1.08132,18,-1.9735,-0.344883,-9.48428,-0.00266316,0.0782969,0.0130495,0.0,0.0,0.0,0.0,0.527344,2.92613,0.0174008,-1.70332,seated
1.14137,19,-1.99266,-0.364043,-9.51302,-0.0130495,0.0721717,0.0410127,0.0,0.0,0.0,0.0,0.527344,0.0,0.0174008,-1.70332,seated
1.20144,20,-2.32796,-0.306563,-9.39806,-0.0119842,0.0740359,0.0687096,0.0,0.0,0.0,0.0,0.703125,2.92623,0.0229842,-1.70326,seated
1.26151,21,-2.6441,-0.364043,-9.39806,-0.0282295,0.0639159,0.107325,0.0,0.0,0.0,0.0,0.703125,0.0,0.0229842,-1.70326,seated
1.32158,22,-2.66326,-0.421523,-9.2352,-0.03036,0.0173105,0.133957,0.0,0.0,0.0,0.0,0.703125,0.0,0.0229842,-1.70326,seated
1.38166,23,-2.94108,-0.450264,-9.30226,-0.0255663,-0.0127832,0.10919,0.0,0.0,0.0,0.0,0.527344,-2.92593,0.0174008,-1.70332,seated
1.44173,24,-2.90276,-0.459844,-9.24478,-0.0162453,-0.0543285,0.0524643,0.0,0.0,0.0,0.0,0.0,-8.77836,0.00065,-1.7034,seated
1.5018,25,-3.05605,-0.383203,-9.2831,-0.00745685,-0.106793,0.000532632,0.0,0.0,0.0,0.0,-0.527344,-8.77899,-0.0161008,-1.70332,seated
1.56187,26,-2.96982,-0.316143,-9.29268,0.00133158,-0.140349,-0.026099,0.0,0.0,0.0,0.0,-1.23047,-11.7043,-0.0384328,-1.70298,seated
1.62195,27,-2.98898,-0.296982,-9.39806,-0.00506001,-0.179231,-0.00506001,0.0,0.0,0.0,0.0,-2.10938,-14.6307,-0.0663391,-1.70217,seated
1.68202,28,-2.95066,-0.296982,-9.29268,-0.0130495,-0.199204,0.0322242,0.0,0.0,0.0,0.0,-2.8125,-11.7045,-0.0886532,-1.70121,seated
1.74209,29,-2.92192,-0.306563,-9.35974,-0.0221042,-0.218912,0.0591222,0.0,0.0,0.0,0.0,-3.69141,-14.6311,-0.116526,-1.69962,seated
1.80216,30,-2.7399,-0.364043,-9.40764,-0.0173105,-0.225836,0.0516653,0.0,0.0,0.0,0.0,-4.57031,-14.6309,-0.144372,-1.69761,seated
1.86223,31,-2.27048,-0.373623,-9.5705,-0.00958738,-0.229298,0.0170442,0.0,0.0,0.0,0.0,-5.44922,-14.6309,-0.172184,-1.69517,seated
1.92231,32,-1.81063,-0.373623,-9.6184,0.00106526,-0.214651,-0.0276969,0.0,0.0,0.0,0.0,-6.15234,-11.7041,-0.194404,-1.69292,seated
1.98237,33,-1.77231,-0.402363,-9.55134,0.00346211,-0.161121,-0.0628506,0.0,0.0,0.0,0.0,-6.85547,-11.707,-0.216595,-1.69039,seated
2.04244,34,-1.72441,-0.440684,-9.51302,0.010919,-0.109456,-0.0687096,0.0,0.0,0.0,0.0,-7.20703,-5.85215,-0.227678,-1.68902,seated
2.10252,35,-1.77231,-0.459844,-9.54176,-0.0098537,-0.0612527,-0.00852212,0.0,0.0,0.0,0.0,-7.38281,-2.92613,-0.233217,-1.68831,seated
2.16259,36,-1.89686,-0.498164,-9.41722,-0.0111853,0.010919,0.0380832,0.0,0.0,0.0,0.0,-7.38281,0.0,-0.233217,-1.68831,seated
2.22267,37,-1.89686,-0.498164,-9.39806,-0.01518,0.0506001,0.0551274,0.0,0.0,0.0,0.0,-7.20703,2.92612,-0.227678,-1.68902,seated
2.28274,38,-2.10762,-0.440684,-9.4268,-0.0170442,0.097738,0.067378,0.0,0.0,0.0,0.0,-7.03125,2.92609,-0.222137,-1.68971,seated
2.34281,39,-2.20342,-0.344883,-9.331,-0.0141148,0.148871,0.0695085,0.0,0.0,0.0,0.0,-6.50391,8.77822,-0.205503,-1.69169,seated
2.40289,40,-2.37586,-0.325723,-9.40764,-0.0130495,0.173105,0.0652474,0.0,0.0,0.0,0.0,-5.97656,8.77854,-0.188851,-1.69351,seated
2.46296,41,-2.41418,-0.354463,-9.35016,-0.0135821,0.200003,0.0588559,0.0,0.0,0.0,0.0,-5.44922,8.77836,-0.172184,-1.69517,seated
2.52303,42,-2.43334,-0.364043,-9.39806,-0.00452737,0.212787,0.0263653,0.0,0.0,0.0,0.0,-4.74609,11.7042,-0.149937,-1.69716,seated
2.5831,43,-2.52914,-0.316143,-9.3789,0.00266316,0.233826,-0.00133158,0.0,0.0,0.0,0.0,-4.04297,11.7049,-0.127668,-1.69887,seated
2.64318,44,-2.49082,-0.364043,-9.4268,0.00559264,0.236222,-0.0146474,0.0,0.0,0.0,0.0,-3.33984,11.7047,-0.10538,-1.70031,seated
2.70326,45,-2.41418,-0.354463,-9.46512,0.00452737,0.24794,-0.000266316,0.0,0.0,0.0,0.0,-2.63672,11.7034,-0.0830758,-1.70147,seated
2.76333,46,-2.29922,-0.421523,-9.54176,0.00266316,0.258859,0.00905475,0.0,0.0,0.0,0.0,-1.93359,11.7033,-0.0607589,-1.70236,seated
2.82341,47,-2.12678,-0.411943,-9.49386,0.00506001,0.260191,0.00559264,0.0,0.0,0.0,0.0,-1.23047,11.7045,-0.0384328,-1.70298,seated
2.88348,48,-1.83938,-0.440684,-9.67588,0.0015979,0.271909,0.0167779,0.0,0.0,0.0,0.0,-0.351562,14.6311,-0.0105173,-1.70337,seated
2.94355,49,-1.77231,-0.383203,-9.65672,-0.0015979,0.290018,0.0298274,0.0,0.0,0.0,0.0,0.527344,14.6314,0.0174008,-1.70332,seated
3.00362,50,-1.75315,-0.450264,-9.64714,-0.00106526,0.305731,0.0231695,0.0,0.0,0.0,0.0,1.40625,14.6304,0.045315,-1.70285,seated
3.0637,51,-1.76273,-0.421523,-9.6663,-0.00772317,0.302002,0.021039,0.0,0.0,0.0,0.0,2.28516,14.6304,0.0732187,-1.70195,seated
3.12377,52,-1.80105,-0.431104,-9.72378,-0.000532632,0.307861,0.0205063,0.0,0.0,0.0,0.0,3.16406,14.6311,0.101105,-1.70063,seated
3.18384,53,-1.70525,-0.392783,-9.64714,-0.00266316,0.290285,0.0213053,0.0,0.0,0.0,0.0,3.86719,11.7047,0.123398,-1.69926,seated
3.24391,54,-1.80105,-0.383203,-9.70462,-0.00452737,0.289219,0.0258327,0.0,0.0,0.0,0.0,4.74609,14.6302,0.151237,-1.69716,seated
3.30399,55,-1.73399,-0.344883,-9.56092,0.000798948,0.266582,0.0255663,0.0,0.0,0.0,0.0,5.44922,11.7047,0.173484,-1.69517,seated
3.36406,56,-1.69567,-0.364043,-9.59924,-0.00372843,0.241815,0.0284958,0.0,0.0,0.0,0.0,6.15234,11.7036,0.195704,-1.69292,seated
3.42413,57,-1.72441,-0.373623,-9.55134,-0.00559264,0.212254,0.0276969,0.0,0.0,0.0,0.0,6.50391,5.85273,0.206803,-1.69169,seated
3.48421,58,-1.68609,-0.373623,-9.51302,-0.00133158,0.18216,0.026099,0.0,0.0,0.0,0.0,7.03125,8.7784,0.223437,-1.68971,seated
3.54428,59,-1.72441,-0.364043,-9.55134,-0.00292948,0.149137,0.0229032,0.0,0.0,0.0,0.0,7.20703,2.92618,0.228978,-1.68902,seated
3.60435,60,-1.69567,-0.411943,-9.53218,-0.0125169,0.108923,0.0274306,0.0,0.0,0.0,0.0,7.38281,2.92612,0.234517,-1.68831,seated
3.66442,61,-1.72441,-0.364043,-9.44596,-0.0111853,0.0756338,0.0242348,0.0,0.0,0.0,0.0,7.38281,0.0,0.234517,-1.68831,seated
3.72449,62,-1.72441,-0.411943,-9.4747,-0.00958738,0.0324906,0.0271642,0.0,0.0,0.0,0.0,7.38281,0.0,0.234517,-1.68831,seated
3.78456,63,-1.70525,-0.392783,-9.58008,-0.0114516,-0.00372843,0.0322242,0.0,0.0,0.0,0.0,7.20703,-2.92618,0.228978,-1.68902,seated
3.84463,64,-1.66693,-0.421523,-9.50344,-0.0135821,-0.036219,0.03036,0.0,0.0,0.0,0.0,6.67969,-8.77868,0.21235,-1.69105,seated
3.90471,65,-1.70525,-0.440684,-9.54176,-0.0106526,-0.0745685,0.0205063,0.0,0.0,0.0,0.0,6.32812,-5.85224,0.201254,-1.69231,seated
3.96478,66,-1.69567,-0.402363,-9.53218,-0.0125169,-0.106526,0.0255663,0.0,0.0,0.0,0.0,5.80078,-8.7784,0.184597,-1.69408,seated
4.02485,67,-1.69567,-0.383203,-9.58966,-0.0154463,-0.137685,0.0255663,0.0,0.0,0.0,0.0,5.09766,-11.7047,0.162363,-1.6962,seated
4.08492,68,-1.73399,-0.383203,-9.5705,-0.0167779,-0.162453,0.0253,0.0,0.0,0.0,0.0,4.39453,-11.7051,0.140105,-1.69805,seated
4.14499,69,-1.73399,-0.335303,-9.6663,-0.0157127,-0.183225,0.03542,0.0,0.0,0.0,0.0,3.51562,-14.6306,0.112254,-1.69998,seated
4.20507,70,-1.72441,-0.364043,-9.60882,-0.0111853,-0.20027,0.0274306,0.0,0.0,0.0,0.0,2.63672,-14.6304,0.0843758,-1.70147,seated
4.26514,71,-1.72441,-0.373623,-9.69504,-0.0125169,-0.215183,0.03036,0.0,0.0,0.0,0.0,1.75781,-14.6303,0.0564781,-1.70254,seated
4.32521,72,-1.70525,-0.373623,-9.65672,-0.0154463,-0.219711,0.0279632,0.0,0.0,0.0,0.0,0.878906,-14.6316,0.0285674,-1.70319,seated
4.38528,73,-1.74357,-0.335303,-9.64714,-0.0181095,-0.223972,0.03036,0.0,0.0,0.0,0.0,0.175781,-11.7045,0.00623368,-1.70339,seated
4.44536,74,-1.74357,-0.411943,-9.6663,-0.0189084,-0.21545,0.0322242,0.0,0.0,0.0,0.0,-0.703125,-14.6309,-0.0216842,-1.70326,seated
4.50544,75,-1.73399,-0.402363,-9.65672,-0.0135821,-0.206129,0.03036,0.0,0.0,0.0,0.0,-1.58203,-14.6272,-0.0495968,-1.70271,seated
4.56552,76,-1.71483,-0.411943,-9.6184,-0.0141148,-0.189617,0.0292948,0.0,0.0,0.0,0.0,-2.28516,-11.7044,-0.0719187,-1.70195,seated
4.62559,77,-1.74357,-0.411943,-9.63756,-0.0170442,-0.167779,0.0300937,0.0,0.0,0.0,0.0,-2.8125,-8.7778,-0.0886532,-1.70121,seated
4.68567,78,-1.72441,-0.440684,-9.6184,-0.0146474,-0.144876,0.0266316,0.0,0.0,0.0,0.0,-3.51562,-11.7043,-0.110954,-1.69998,seated
4.74574,79,-1.73399,-0.411943,-9.58966,-0.0133158,-0.115581,0.0237021,0.0,0.0,0.0,0.0,-3.86719,-5.85217,-0.122098,-1.69926,seated
4.80581,80,-1.76273,-0.431104,-9.55134,-0.00878843,-0.0769654,0.0245011,0.0,0.0,0.0,0.0,-4.21875,-5.85245,-0.133238,-1.69847,seated
4.86589,81,-1.74357,-0.392783,-9.54176,-0.01518,-0.0396811,0.0298274,0.0,0.0,0.0,0.0,-4.39453,-2.92607,-0.138805,-1.69805,seated
4.92596,82,-1.75315,-0.383203,-9.51302,-0.00932106,-0.00452737,0.0284958,0.0,0.0,0.0,0.0,-4.57031,-2.92617,-0.144372,-1.69761,seated
5.04603,83,-1.76273,-0.392783,-9.5226,-0.00719053,0.0721717,0.0284958,0.0,0.0,0.0,0.0,-4.21875,2.92788,-0.133238,-1.69847,seated
5.1061,84,-1.67651,-0.364043,-9.54176,-0.00772317,0.10626,0.0218379,0.0,0.0,0.0,0.0,-4.04297,2.92623,-0.127668,-1.69887,seated
5.16617,85,-1.75315,-0.354463,-9.58008,-0.00426106,0.139017,0.026099,0.0,0.0,0.0,0.0,-3.51562,8.77854,-0.110954,-1.69998,seated
5.22625,86,-1.71483,-0.373623,-9.53218,-0.0015979,0.17204,0.0276969,0.0,0.0,0.0,0.0,-2.98828,8.77822,-0.0942297,-1.70093,seated
5.28632,87,-1.74357,-0.383203,-9.58966,-0.00133158,0.203466,0.0215716,0.0,0.0,0.0,0.0,-2.46094,8.77819,-0.0774976,-1.70172,seated
5.34638,88,-1.72441,-0.402363,-9.6184,-0.000798948,0.232494,0.026099,0.0,0.0,0.0,0.0,-1.58203,14.6351,-0.0495968,-1.70271,seated
5.40645,89,-1.72441,-0.402363,-9.64714,-0.00532632,0.251136,0.0276969,0.0,0.0,0.0,0.0,-0.878906,11.7049,-0.0272674,-1.70319,seated
5.46652,90,-1.72441,-0.392783,-9.69504,-0.00452737,0.27324,0.0287621,0.0,0.0,0.0,0.0,0.0,14.6311,0.00065,-1.7034,seated
5.52661,91,-1.73399,-0.411943,-9.6663,-0.000532632,0.284958,0.0237021,0.0,0.0,0.0,0.0,0.878906,14.6266,0.0285674,-1.70319,seated
5.5867,92,-1.72441,-0.440684,-9.69504,0.00213053,0.293747,0.0218379,0.0,0.0,0.0,0.0,1.58203,11.702,0.0508968,-1.70271,seated
5.64676,93,-1.74357,-0.411943,-9.67588,0.00266316,0.296676,0.021039,0.0,0.0,0.0,0.0,2.46094,14.6321,0.0787976,-1.70172,seated
5.70683,94,-1.72441,-0.402363,-9.64714,-0.00213053,0.291616,0.0205063,0.0,0.0,0.0,0.0,3.33984,14.6308,0.10668,-1.70031,seated
5.76691,95,-1.80105,-0.373623,-9.65672,0.0015979,0.284426,0.0213053,0.0,0.0,0.0,0.0,4.21875,14.6289,0.134538,-1.69847,seated
5.82699,96,-1.72441,-0.383203,-9.6184,-0.00266316,0.267914,0.0287621,0.0,0.0,0.0,0.0,4.92188,11.7049,0.156801,-1.69669,seated
5.94628,97,-1.69567,-0.335303,-9.64714,-0.00372843,0.226369,0.0314253,0.0,0.0,0.0,0.0,6.15234,10.3143,0.213354,-1.66012,extended
6.00636,98,-1.41785,0.114961,-10.8926,-0.0276969,0.256462,0.363521,0.0,0.0,0.0,0.0,6.50391,5.8515,0.224453,-1.65889,extended
6.06644,99,-0.153281,-0.182021,-9.00527,0.00106526,-0.989364,-0.0327569,0.0,0.0,0.0,0.0,7.20703,11.7049,0.246628,-1.65622,extended
6.12651,100,-1.06339,0.555645,-6.79228,0.0841559,-2.54332,0.185889,0.0,0.0,0.0,0.0,7.55859,5.85233,0.257703,-1.65479,extended
6.18658,101,-4.48348,-1.04423,-7.08926,-0.056459,-3.11989,0.0567253,0.0,0.0,0.0,0.0,7.73438,2.92636,0.263237,-1.65404,extended
6.24665,102,-10.5764,-0.258662,-7.7886,0.000532632,-1.67939,-0.0231695,0.0,0.0,0.0,0.0,7.73438,0.0,0.263237,-1.65404,extended
6.30672,103,-8.36341,1.10171,-6.30369,0.15473,0.243946,-0.0263653,0.0,0.0,0.0,0.0,7.38281,-5.85215,0.252167,-1.65551,extended
6.3668,104,-8.85199,-0.0479004,-8.26761,0.0868191,0.254865,-0.154197,0.0,0.0,0.0,0.0,6.85547,-8.77791,0.235545,-1.65759,extended
6.42687,105,-4.10985,0.249082,-7.33834,0.0314253,1.0389,-0.0889496,0.0,0.0,0.0,0.0,6.32812,-8.77909,0.218904,-1.65951,extended
6.48694,106,-2.82612,-0.0862207,-6.11209,-0.0250337,-0.350738,0.0756338,0.0,0.0,0.0,0.0,5.97656,-5.85217,0.207801,-1.66071,extended
6.54702,107,-6.9264,-0.316143,-8.83283,-0.0790959,-0.735299,0.0295611,0.0,0.0,0.0,0.0,5.44922,-8.77822,0.191134,-1.66237,extended
6.60709,108,-7.49162,0.105381,-7.8844,-0.0506001,-0.0604538,0.125701,0.0,0.0,0.0,0.0,4.74609,-11.7049,0.168887,-1.66436,extended
6.66716,109,-5.53729,0.182021,-7.55868,-0.113717,0.00372843,0.0484695,0.0,0.0,0.0,0.0,4.04297,-11.704,0.146618,-1.66607,extended
6.72723,110,-5.20198,-0.277822,-7.42456,-0.00852212,-0.061519,0.134756,0.0,0.0,0.0,0.0,3.33984,-11.7045,0.12433,-1.66751,extended
6.78731,111,-5.84385,-0.201182,-7.73112,-0.0487358,-0.383762,0.0258327,0.0,0.0,0.0,0.0,2.46094,-14.6306,0.0964476,-1.66892,extended
6.84737,112,-6.48571,-0.296982,-7.81734,-0.00266316,-0.181095,0.00479369,0.0,0.0,0.0,0.0,1.58203,-14.6321,0.0685468,-1.66991,extended
6.90744,113,-5.27862,-0.143701,-7.48204,0.036219,-0.182427,-0.0524643,0.0,0.0,0.0,0.0,0.527344,-17.5576,0.0350508,-1.67052,extended
6.96751,114,-6.10251,-0.0574805,-7.86524,0.0343548,-0.2277,-0.0245011,0.0,0.0,0.0,0.0,-0.351562,-14.6314,0.00713269,-1.67057,extended
7.02761,115,-5.70973,0.00958008,-7.597,0.0399474,-0.235956,-0.0213053,0.0,0.0,0.0,0.0,-1.23047,-14.6258,-0.0207828,-1.67018,extended
7.08768,116,-5.84385,-0.0958008,-7.75028,-0.00585895,-0.161388,0.00932106,0.0,0.0,0.0,0.0,-1.93359,-11.7045,-0.0431089,-1.66956,extended
7.14775,117,-5.72889,0.00958008,-7.47246,-0.0194411,-0.185356,0.0524643,0.0,0.0,0.0,0.0,-2.63672,-11.7045,-0.0654258,-1.66867,extended
7.20783,118,-5.87259,-0.134121,-7.67364,-0.0484695,-0.165382,0.0577906,0.0,0.0,0.0,0.0,-3.33984,-11.7047,-0.08773,-1.66751,extended
7.2679,119,-6.11209,-0.162861,-7.5491,-0.0391485,-0.0953412,0.0836233,0.0,0.0,0.0,0.0,-3.69141,-5.85233,-0.0988764,-1.66682,extended
7.32797,120,-5.63309,-0.182021,-7.66406,-0.0335558,-0.12437,0.0378169,0.0,0.0,0.0,0.0,-4.04297,-5.85222,-0.110018,-1.66607,extended
7.38804,121,-6.14083,-0.239502,-7.597,-0.0223706,-0.0306264,0.0442085,0.0,0.0,0.0,0.0,-4.39453,-5.85226,-0.121155,-1.66525,extended
7.44812,122,-5.56603,-0.268242,-7.597,-0.0098537,-0.0378169,-0.00639159,0.0,0.0,0.0,0.0,-4.57031,-2.92592,-0.126722,-1.66481,extended
7.55891,123,-5.63309,-0.0766406,-7.33834,0.0175769,0.0537959,-0.00878843,0.0,0.0,0.0,0.0,-4.57031,0.0,-0.144372,-1.69761,seated
7.61898,124,-6.26537,-0.162861,-7.17548,0.0324906,-0.107592,-0.0548611,0.0,0.0,0.0,0.0,-4.21875,5.85245,-0.133238,-1.69847,seated
7.67905,125,-8.93821,0.555645,-7.86524,0.0567253,0.500142,-0.105195,0.0,0.0,0.0,0.0,-4.39453,-2.92618,-0.138805,-1.69805,seated
7.73912,126,-5.93965,0.143701,-7.42456,0.0588559,1.86288,0.0535295,0.0,0.0,0.0,0.0,-4.39453,0.0,-0.138805,-1.69805,seated
7.79919,127,-5.50854,-0.0766406,-8.28677,-0.184557,2.62907,0.0343548,0.0,0.0,0.0,0.0,-3.86719,8.77909,-0.122098,-1.69926,seated
7.85926,128,-1.02507,-0.306563,-9.8579,-0.0878843,3.86531,0.015979,0.0,0.0,0.0,0.0,-2.63672,20.4833,-0.0830758,-1.70147,seated
7.91933,129,3.28597,-0.641865,-8.58375,0.00292948,1.52892,0.302002,0.0,0.0,0.0,0.0,-1.75781,14.6307,-0.0551781,-1.70254,seated
7.97939,130,-0.996328,-0.546064,-9.96328,-0.0298274,-0.61013,0.256995,0.0,0.0,0.0,0.0,-0.527344,20.489,-0.0161008,-1.70332,seated
8.03946,131,-3.58295,-0.220342,-9.46512,0.0439422,-0.111054,0.145941,0.0,0.0,0.0,0.0,0.175781,11.7043,0.00623368,-1.70339,seated
8.09955,132,-2.41418,-0.383203,-9.84832,0.015979,0.482032,-0.128364,0.0,0.0,0.0,0.0,0.878906,11.7018,0.0285674,-1.70319,seated
8.15963,133,-1.10171,-0.0670606,-10.4327,0.0114516,0.525175,-0.239951,0.0,0.0,0.0,0.0,1.58203,11.7042,0.0508968,-1.70271,seated
8.27064,134,-1.95434,-0.603545,-10.9213,-0.0138484,0.136088,0.0149137,0.0,0.0,0.0,0.0,3.16406,14.2511,0.118755,-1.66783,extended
8.33071,135,-0.680186,-0.287402,-11.0746,-0.000798948,0.362723,0.229298,0.0,0.0,0.0,0.0,4.04297,14.6305,0.146618,-1.66607,extended
8.39078,136,1.85854,-0.938848,-9.89622,0.0604538,-0.757403,0.144077,0.0,0.0,0.0,0.0,5.27344,20.483,0.185574,-1.6629,extended
8.45086,137,-0.210762,0.364043,-7.98979,0.104662,-2.38593,0.229564,0.0,0.0,0.0,0.0,6.15234,14.6305,0.213354,-1.66012,extended
8.51093,138,-4.04279,-1.07297,-7.34792,-0.0838896,-3.03734,0.0322242,0.0,0.0,0.0,0.0,6.85547,11.7053,0.235545,-1.65759,extended
8.571,139,-10.5285,-0.862207,-7.95147,0.0223706,-1.69803,-0.0916127,0.0,0.0,0.0,0.0,7.38281,8.77857,0.252167,-1.65551,extended
8.63107,140,-7.8365,0.613125,-7.98021,0.193878,0.181361,-0.142213,0.0,0.0,0.0,0.0,7.55859,2.92613,0.257703,-1.65479,extended
8.69114,141,-4.92416,-0.296982,-7.5012,0.0844222,0.456998,-0.155262,0.0,0.0,0.0,0.0,7.38281,-2.92613,0.252167,-1.65551,extended
8.75122,142,-6.94556,0.0,-7.49162,0.233027,1.19469,-0.0516653,0.0,0.0,0.0,0.0,7.55859,2.92618,0.257703,-1.65479,extended
8.81129,143,-2.1172,0.191602,-6.10251,-0.036219,-0.151534,0.0223706,0.0,0.0,0.0,0.0,7.55859,0.0,0.257703,-1.65479,extended
8.87137,144,-5.54687,-0.201182,-8.67955,-0.0814927,-0.578971,0.0324906,0.0,0.0,0.0,0.0,7.55859,0.0,0.257703,-1.65479,extended
8.93144,145,-7.7407,0.526904,-7.7886,-0.0324906,0.01012,0.125701,0.0,0.0,0.0,0.0,7.38281,-2.9262,0.252167,-1.65551,extended
8.99151,146,-5.70973,0.392783,-7.5012,-0.0833569,0.121174,0.0647148,0.0,0.0,0.0,0.0,6.85547,-8.77875,0.235545,-1.65759,extended
9.05158,147,-5.82469,-0.431104,-7.15632,-0.0503337,0.0316916,0.143811,0.0,0.0,0.0,0.0,6.50391,-5.8528,0.224453,-1.65889,extended
9.11164,148,-4.92416,-0.134121,-7.6449,-0.0647148,-0.327835,0.0282295,0.0,0.0,0.0,0.0,5.80078,-11.7052,0.202247,-1.66128,extended
9.17172,149,-6.91682,-0.268242,-7.71196,-0.00745685,-0.0990696,0.0183758,0.0,0.0,0.0,0.0,5.09766,-11.7047,0.180013,-1.6634,extended
9.23179,150,-5.1924,-0.182021,-7.43414,0.04048,-0.161654,-0.0537959,0.0,0.0,0.0,0.0,4.21875,-14.6305,0.152188,-1.66567,extended
9.29186,151,-6.12167,-0.153281,-7.75986,0.04048,-0.2277,-0.0343548,0.0,0.0,0.0,0.0,3.16406,-17.5569,0.118755,-1.66783,extended
9.35194,152,-5.72889,-0.0574805,-7.58742,0.046339,-0.253267,-0.0266316,0.0,0.0,0.0,0.0,2.28516,-14.6305,0.0908687,-1.66915,extended
9.41201,153,-6.09293,-0.105381,-7.82692,0.00452737,-0.203199,0.00798948,0.0,0.0,0.0,0.0,1.23047,-17.5569,0.0573828,-1.67018,extended
9.47208,154,-5.86301,0.0,-7.51078,-0.0119842,-0.246342,0.0556601,0.0,0.0,0.0,0.0,0.527344,-11.7042,0.0350508,-1.67052,extended
9.53216,155,-5.89175,-0.134121,-7.73112,-0.0545948,-0.240217,0.0625843,0.0,0.0,0.0,0.0,-0.351562,-14.6311,0.00713269,-1.67057,extended
9.59225,156,-6.06419,-0.134121,-7.597,-0.0458064,-0.198139,0.0905475,0.0,0.0,0.0,0.0,-1.23047,-14.6263,-0.0207828,-1.67018,extended
9.65232,157,-5.63309,-0.162861,-7.77902,-0.0551274,-0.246076,0.0380832,0.0,0.0,0.0,0.0,-1.93359,-11.7043,-0.0431089,-1.66956,extended
9.71239,158,-6.15999,-0.172441,-7.63532,0.00452737,-0.162985,0.03542,0.0,0.0,0.0,0.0,-2.8125,-14.6306,-0.0710032,-1.66841,extended
9.77246,159,-5.65225,-0.0766406,-7.71196,0.00319579,-0.170975,-0.0205063,0.0,0.0,0.0,0.0,-3.51562,-11.7047,-0.0933037,-1.66717,extended
9.83253,160,-6.01629,-0.105381,-7.67364,0.0255663,-0.141946,-0.0098537,0.0,0.0,0.0,0.0,-4.04297,-8.77892,-0.110018,-1.66607,extended
9.8926,161,-5.70973,-0.0574805,-7.62574,0.02024,-0.102532,-0.0189084,0.0,0.0,0.0,0.0,-4.57031,-8.77937,-0.126722,-1.66481,extended
9.95267,162,-5.92049,-0.0862207,-7.72154,0.00372843,-0.061519,0.0133158,0.0,0.0,0.0,0.0,-4.92188,-5.85257,-0.137851,-1.66389,extended
10.0692,163,-5.92049,-0.0766406,-7.67364,-0.0359527,-0.000798948,0.0452737,0.0,0.0,0.0,0.0,-4.92188,0.0,-0.155501,-1.69669,seated
10.1292,164,-6.24621,-0.0479004,-6.77312,-0.0215716,-0.0197074,-0.0780306,0.0,0.0,0.0,0.0,-4.57031,5.85222,-0.144372,-1.69761,seated
10.1893,165,-9.6184,0.249082,-7.4054,-0.0178432,0.372576,-0.117179,0.0,0.0,0.0,0.0,-4.57031,0.0,-0.144372,-1.69761,seated
10.2494,166,-8.45921,0.287402,-7.70238,-0.00133158,1.68765,0.0625843,0.0,0.0,0.0,0.0,-4.74609,-2.9262,-0.149937,-1.69716,seated
10.3094,167,-4.07153,0.986748,-8.68913,-0.0474043,2.49299,-0.0679106,0.0,0.0,0.0,0.0,-4.57031,2.92629,-0.144372,-1.69761,seated
10.3695,168,-2.65368,-0.469424,-6.02587,-0.115315,3.74414,-0.0239685,0.0,0.0,0.0,0.0,-3.51562,17.5578,-0.110954,-1.69998,seated
10.4296,169,4.02363,-0.775986,-8.80409,0.0908138,1.83572,0.300937,0.0,0.0,0.0,0.0,-2.63672,14.6296,-0.0830758,-1.70147,seated
10.4897,170,-1.23583,-1.05381,-10.3177,-0.0652474,-0.656203,0.204531,0.0,0.0,0.0,0.0,-1.40625,20.4833,-0.044015,-1.70285,seated
10.5497,171,-3.53505,-0.411943,-9.39806,0.0532632,-0.284958,0.208792,0.0,0.0,0.0,0.0,-0.703125,11.7036,-0.0216842,-1.70326,seated
10.6098,172,-2.63452,-0.488584,-10.174,0.0106526,0.545415,-0.0625843,0.0,0.0,0.0,0.0,0.0,11.7045,0.00065,-1.7034,seated
10.6699,173,-0.804727,0.0766406,-10.289,0.00532632,0.631436,-0.190682,0.0,0.0,0.0,0.0,0.703125,11.7019,0.0229842,-1.70326,seated
10.73,174,-0.967588,0.00958008,-9.10107,0.0609864,0.247141,-0.0348874,0.0,0.0,0.0,0.0,1.75781,17.5523,0.0564781,-1.70254,seated
10.7901,175,-1.95434,-0.459844,-10.1645,0.00905475,0.164317,0.010919,0.0,0.0,0.0,0.0,2.63672,14.6304,0.0843758,-1.70147,seated
10.9063,176,-1.43701,-0.229922,-9.9058,-0.02024,0.283094,0.115315,0.0,0.0,0.0,0.0,4.57031,16.6362,0.163322,-1.66481,extended
10.9664,177,-0.411943,-0.316143,-9.69504,-0.0399474,-0.0428769,0.313454,0.0,0.0,0.0,0.0,5.44922,14.6275,0.191134,-1.66237,extended
11.0264,178,0.450264,-0.440684,-9.84832,-0.0106526,-0.629039,0.0319579,0.0,0.0,0.0,0.0,6.50391,17.5574,0.224453,-1.65889,extended
11.0865,179,-2.0693,-0.0958008,-7.47246,0.109722,-2.17474,0.133158,0.0,0.0,0.0,0.0,7.03125,8.77857,0.241087,-1.65691,extended
11.1466,180,-2.87402,-0.546064,-6.7348,-0.0194411,-2.99073,0.0263653,0.0,0.0,0.0,0.0,7.73438,11.7046,0.263237,-1.65404,extended
11.2067,181,-10.404,-0.335303,-7.52036,0.0263653,-2.10523,-0.113717,0.0,0.0,0.0,0.0,8.08594,5.85226,0.274298,-1.65251,extended
11.2667,182,-8.89989,0.354463,-8.21013,0.176035,0.127299,-0.107858,0.0,0.0,0.0,0.0,8.08594,0.0,0.274298,-1.65251,extended
11.3268,183,-9.2352,-0.536484,-8.17181,0.112918,0.430633,-0.127565,0.0,0.0,0.0,0.0,7.73438,-5.85224,0.263237,-1.65404,extended
11.3869,184,-3.96615,0.603545,-7.01262,0.0868191,1.17658,-0.126234,0.0,0.0,0.0,0.0,7.55859,-2.92578,0.257703,-1.65479,extended
11.447,185,-3.18059,0.105381,-5.77679,-0.0338221,-0.1265,0.123837,0.0,0.0,0.0,0.0,7.73438,2.9261,0.263237,-1.65404,extended
11.507,186,-6.91682,-0.459844,-8.64123,-0.141414,-0.74169,0.0577906,0.0,0.0,0.0,0.0,7.55859,-2.92624,0.257703,-1.65479,extended
11.5671,187,-6.47613,0.431104,-7.61616,-0.0719054,-0.134756,0.161121,0.0,0.0,0.0,0.0,7.03125,-8.77871,0.241087,-1.65691,extended
11.6272,188,-5.74805,0.306563,-7.56826,-0.0942759,0.122239,0.0812264,0.0,0.0,0.0,0.0,6.50391,-8.77857,0.224453,-1.65889,extended
11.6873,189,-5.03912,0.00958008,-7.24254,0.000532632,-0.0383495,0.134756,0.0,0.0,0.0,0.0,5.80078,-11.7047,0.202247,-1.66128,extended
11.7473,190,-5.76721,-0.239502,-7.60658,-0.0396811,-0.319047,0.0332895,0.0,0.0,0.0,0.0,5.09766,-11.7045,0.180013,-1.6634,extended
11.8074,191,-6.46655,-0.258662,-7.79818,0.0223706,-0.209591,0.000266316,0.0,0.0,0.0,0.0,4.21875,-14.6311,0.152188,-1.66567,extended
11.8675,192,-5.1924,-0.00958008,-7.09884,0.0356864,-0.179763,-0.0556601,0.0,0.0,0.0,0.0,3.16406,-17.5571,0.118755,-1.66783,extended
11.9275,193,-6.19831,-0.0479004,-8.01853,0.0447411,-0.262321,-0.0370179,0.0,0.0,0.0,0.0,2.10938,-17.5574,0.0852891,-1.66937,extended
11.9876,194,-5.74805,0.143701,-7.32876,0.0229032,-0.277235,-0.00745685,0.0,0.0,0.0,0.0,1.05469,-17.5567,0.0518002,-1.67029,extended
12.0477,195,-6.01629,0.0,-7.81734,-0.0117179,-0.222108,0.0167779,0.0,0.0,0.0,0.0,0.175781,-14.6306,0.0238837,-1.67059,extended
12.1078,196,-5.76721,-0.0383203,-7.56826,-0.0229032,-0.262055,0.0687096,0.0,0.0,0.0,0.0,-0.703125,-14.6308,-0.0040342,-1.67046,extended
12.1678,197,-6.02587,-0.0958008,-7.7407,-0.0535295,-0.257261,0.0620517,0.0,0.0,0.0,0.0,-1.58203,-14.6276,-0.0319468,-1.66991,extended
12.2279,198,-5.87259,-0.143701,-7.60658,-0.026099,-0.203199,0.0817591,0.0,0.0,0.0,0.0,-2.28516,-11.7041,-0.0542687,-1.66915,extended
12.288,199,-5.95881,-0.210762,-7.70238,-0.036219,-0.229831,0.0300937,0.0,0.0,0.0,0.0,-3.16406,-14.6303,-0.0821553,-1.66783,extended
12.3481,200,-5.86301,-0.162861,-7.63532,0.0106526,-0.143012,0.0189084,0.0,0.0,0.0,0.0,-3.86719,-11.7041,-0.104448,-1.66646,extended
12.4081,201,-5.90133,-0.172441,-7.68322,0.0098537,-0.155529,-0.0266316,0.0,0.0,0.0,0.0,-4.39453,-8.77857,-0.121155,-1.66525,extended
12.4682,202,-5.86301,-0.114961,-7.60658,0.0229032,-0.0916127,-0.00745685,0.0,0.0,0.0,0.0,-4.92188,-8.77815,-0.137851,-1.66389,extended
12.5283,203,-5.83427,-0.124541,-7.62574,0.00213053,-0.0657801,-0.0106526,0.0,0.0,0.0,0.0,-5.09766,-2.92613,-0.143413,-1.6634,extended
12.6491,204,-5.59477,0.0479004,-7.19464,-0.0189084,0.066579,0.0388822,0.0,0.0,0.0,0.0,-5.27344,-1.45445,-0.166624,-1.6957,seated
12.7092,205,-5.82469,-0.229922,-5.99713,-0.00213053,-0.239418,-0.113451,0.0,0.0,0.0,0.0,-4.92188,5.85208,-0.155501,-1.69669,seated
12.7693,206,-8.73703,0.153281,-7.4054,0.0154463,0.596282,-0.0745685,0.0,0.0,0.0,0.0,-5.09766,-2.92627,-0.161063,-1.6962,seated
12.8294,207,-8.18139,-0.172441,-7.42456,0.015979,1.92254,-0.0900148,0.0,0.0,0.0,0.0,-5.09766,0.0,-0.161063,-1.6962,seated
12.8894,208,-3.79371,-0.421523,-7.86524,-0.110788,2.82002,0.092678,0.0,0.0,0.0,0.0,-4.57031,8.77864,-0.144372,-1.69761,seated
12.9495,209,0.593965,-0.728086,-9.70462,-0.0276969,3.81498,-0.0604538,0.0,0.0,0.0,0.0,-3.51562,17.5573,-0.110954,-1.69998,seated
13.0096,210,2.63452,0.239502,-7.57784,-0.00932106,0.964064,0.241549,0.0,0.0,0.0,0.0,-2.46094,17.5578,-0.0774976,-1.70172,seated
13.0697,211,-1.06339,-0.459844,-9.84832,-0.00852212,-0.478304,0.230097,0.0,0.0,0.0,0.0,-1.40625,17.557,-0.044015,-1.70285,seated
13.1297,212,-3.56379,-0.325723,-9.89622,0.0098537,0.0958738,0.0910801,0.0,0.0,0.0,0.0,-0.527344,14.6305,-0.0161008,-1.70332,seated
13.1898,213,-1.33163,-0.335303,-9.07233,-0.00133158,0.603739,-0.121706,0.0,0.0,0.0,0.0,0.175781,11.7046,0.00623368,-1.70339,seated
13.2499,214,-1.06339,-0.498164,-10.3177,0.0178432,0.360326,-0.149137,0.0,0.0,0.0,0.0,1.05469,14.6261,0.0341503,-1.70309,seated
13.31,215,-1.38911,-0.191602,-9.49386,0.0154463,0.272441,-0.0529969,0.0,0.0,0.0,0.0,1.93359,14.6303,0.0620589,-1.70236,seated
13.37,216,-1.96392,-0.316143,-9.75252,0.0146474,0.29135,0.0133158,0.0,0.0,0.0,0.0,2.98828,17.5571,0.0955297,-1.70093,seated
13.4859,217,-1.46575,-0.335303,-9.8579,-0.0215716,0.269512,0.122239,0.0,0.0,0.0,0.0,4.92188,16.6851,0.174451,-1.66389,extended
13.546,218,-0.316143,-0.277822,-9.94412,-0.0359527,0.113451,0.231961,0.0,0.0,0.0,0.0,5.97656,17.5567,0.207801,-1.66071,extended
13.6061,219,0.354463,-0.344883,-10.0878,-0.00239685,-0.87618,0.0567253,0.0,0.0,0.0,0.0,6.85547,14.6306,0.235545,-1.65759,extended
13.6661,220,0.0383203,-0.258662,-6.91682,0.0982706,-2.31082,0.107059,0.0,0.0,0.0,0.0,7.55859,11.7049,0.257703,-1.65479,extended
13.7262,221,-3.72665,-0.737666,-6.48571,-0.00719053,-2.987,0.0423443,0.0,0.0,0.0,0.0,8.08594,8.77847,0.274298,-1.65251,extended
13.7863,222,-9.48428,-0.459844,-7.52994,0.0410127,-1.70815,-0.123038,0.0,0.0,0.0,0.0,8.4375,5.85222,0.285349,-1.6509,extended
13.8464,223,-5.95881,-0.220342,-6.90724,0.0806938,-0.336357,0.0250337,0.0,0.0,0.0,0.0,8.4375,0.0,0.285349,-1.6509,extended
13.9064,224,-7.27128,0.775986,-7.98979,0.172839,0.32384,-0.186155,0.0,0.0,0.0,0.0,8.08594,-5.85266,0.274298,-1.65251,extended
13.9665,225,-3.98531,0.402363,-8.04727,0.0450074,1.18404,-0.0745685,0.0,0.0,0.0,0.0,7.91016,-2.92628,0.268769,-1.65328,extended
14.0266,226,-2.57704,-0.364043,-7.24254,0.04048,-0.334227,0.0801611,0.0,0.0,0.0,0.0,7.91016,0.0,0.268769,-1.65328,extended
14.0866,227,-6.74438,-0.316143,-8.21013,-0.11931,-0.69615,0.109456,0.0,0.0,0.0,0.0,7.55859,-5.85217,0.257703,-1.65479,extended
14.1467,228,-7.80776,0.162861,-7.57784,-0.0761664,-0.0189084,0.128098,0.0,0.0,0.0,0.0,7.20703,-5.85224,0.246628,-1.65622,extended
14.2068,229,-5.65225,0.229922,-7.73112,-0.0953412,0.0189084,0.0553938,0.0,0.0,0.0,0.0,6.67969,-8.77895,0.23,-1.65825,extended
14.2669,230,-5.69057,-0.344883,-7.23296,-0.0221042,-0.0428769,0.128098,0.0,0.0,0.0,0.0,5.97656,-11.7049,0.207801,-1.66071,extended
14.3269,231,-4.97206,-0.249082,-7.71196,-0.0506001,-0.420247,0.0162453,0.0,0.0,0.0,0.0,5.09766,-14.6318,0.180013,-1.6634,extended
14.387,232,-6.8306,-0.220342,-7.70238,0.0162453,-0.157127,-0.000266316,0.0,0.0,0.0,0.0,4.04297,-17.5568,0.146618,-1.66607,extended
14.4471,233,-5.4319,-0.191602,-7.5491,0.0378169,-0.240483,-0.0655138,0.0,0.0,0.0,0.0,2.98828,-17.5574,0.11318,-1.66813,extended
14.5071,234,-6.04503,-0.105381,-7.70238,0.0490022,-0.263387,-0.0314253,0.0,0.0,0.0,0.0,1.93359,-17.5567,0.0797089,-1.66956,extended
14.5672,235,-5.87259,-0.0766406,-7.6449,0.0338221,-0.29348,-0.0167779,0.0,0.0,0.0,0.0,0.878906,-17.555,0.0462174,-1.67039,extended
14.6273,236,-6.05461,-0.0479004,-7.71196,-0.00239685,-0.235956,0.0117179,0.0,0.0,0.0,0.0,-0.175781,-17.5569,0.0127163,-1.67059,extended
14.6874,237,-5.82469,0.0,-7.52994,-0.0205063,-0.269512,0.0551274,0.0,0.0,0.0,0.0,-1.05469,-14.6278,-0.0152002,-1.67029,extended
14.7475,238,-6.09293,-0.105381,-7.86524,-0.0577906,-0.244478,0.0617853,0.0,0.0,0.0,0.0,-1.93359,-14.6311,-0.0431089,-1.66956,extended
14.8075,239,-5.75763,-0.0766406,-7.31918,-0.0388822,-0.2024,0.077498,0.0,0.0,0.0,0.0,-2.8125,-14.6313,-0.0710032,-1.66841,extended
14.8676,240,-6.02587,-0.191602,-7.75986,-0.0452737,-0.228766,0.0468716,0.0,0.0,0.0,0.0,-3.51562,-11.7044,-0.0933037,-1.66717,extended
14.9277,241,-6.09293,-0.153281,-7.55868,-0.0066579,-0.143012,0.0250337,0.0,0.0,0.0,0.0,-4.21875,-11.7043,-0.115588,-1.66567,extended
14.9877,242,-5.70015,-0.124541,-7.66406,0.000798948,-0.158192,-0.0098537,0.0,0.0,0.0,0.0,-4.74609,-8.77829,-0.132287,-1.66436,extended
15.0478,243,-5.93965,-0.124541,-7.56826,0.026099,-0.110788,-0.00958738,0.0,0.0,0.0,0.0,-5.27344,-8.77857,-0.148974,-1.6629,extended
15.1599,244,-5.78637,-0.114961,-7.60658,0.00852212,-0.0170442,-0.000266316,0.0,0.0,0.0,0.0,-5.625,-3.13644,-0.177741,-1.69464,seated
15.22,245,-6.94556,0.277822,-7.06052,0.0370179,-0.132093,-0.0436758,0.0,0.0,0.0,0.0,-5.44922,2.9261,-0.172184,-1.69517,seated
15.2801,246,-9.6663,-0.210762,-7.66406,0.0173105,0.393882,-0.0679106,0.0,0.0,0.0,0.0,-5.625,-2.92614,-0.177741,-1.69464,seated
15.3401,247,-6.55277,-0.277822,-6.88808,0.0356864,1.84397,-0.00292948,0.0,0.0,0.0,0.0,-5.625,0.0,-0.177741,-1.69464,seated
15.4002,248,-1.14003,-0.0574805,-5.46064,-0.238087,2.67781,0.00239685,0.0,0.0,0.0,0.0,-5.27344,5.85226,-0.166624,-1.6957,seated
15.4603,249,1.39869,-1.53281,-9.67588,0.0793622,3.90659,0.0292948,0.0,0.0,0.0,0.0,-4.39453,14.6309,-0.138805,-1.69805,seated
15.5203,250,4.14817,0.325723,-8.13349,-0.0324906,1.09589,0.238353,0.0,0.0,0.0,0.0,-3.33984,17.5567,-0.10538,-1.70031,seated
15.5804,251,-2.05972,-0.143701,-11.2279,-0.0356864,-0.580835,0.243679,0.0,0.0,0.0,0.0,-2.28516,17.5564,-0.0719187,-1.70195,seated
15.6405,252,-3.94699,-0.546064,-9.27352,0.0308927,-0.0543285,0.133424,0.0,0.0,0.0,0.0,-1.40625,14.6303,-0.044015,-1.70285,seated
15.7006,253,-2.7399,-0.364043,-10.2028,0.026099,0.585363,-0.117445,0.0,0.0,0.0,0.0,-0.703125,11.7044,-0.0216842,-1.70326,seated
15.7606,254,-0.756826,-0.0574805,-10.2507,0.00133158,0.541687,-0.20533,0.0,0.0,0.0,0.0,0.175781,14.631,0.00623368,-1.70339,seated
15.8207,255,-1.36037,-0.134121,-9.02443,0.041279,0.287888,-0.0458064,0.0,0.0,0.0,0.0,1.23047,17.5525,0.0397328,-1.70298,seated
15.8808,256,-2.0693,-0.593965,-10.2603,0.0215716,0.229831,0.0300937,0.0,0.0,0.0,0.0,2.28516,17.5563,0.0732187,-1.70195,seated
15.9409,257,-1.24541,-0.220342,-9.7142,-0.0205063,0.439155,0.0593885,0.0,0.0,0.0,0.0,3.33984,17.5569,0.10668,-1.70031,seated
16.0009,258,-1.41785,-0.364043,-9.75252,-0.0229032,0.325971,0.108923,0.0,0.0,0.0,0.0,4.39453,17.5569,0.140105,-1.69805,seated
16.1172,259,-1.38911,-0.344883,-10.0016,-0.0135821,0.300405,0.0591222,0.0,0.0,0.0,0.0,6.15234,15.1253,0.213354,-1.66012,extended
16.1772,260,0.517324,-0.747246,-9.59924,-0.0466053,0.316384,0.146208,0.0,0.0,0.0,0.0,6.85547,11.7031,0.235545,-1.65759,extended
16.2373,261,0.479004,-0.584385,-9.84832,0.0367516,-0.844488,-0.0383495,0.0,0.0,0.0,0.0,7.73438,14.6303,0.263237,-1.65404,extended
16.2974,262,-2.96024,0.977168,-8.06643,0.0516653,-2.47754,0.102265,0.0,0.0,0.0,0.0,8.26172,8.77826,0.279825,-1.65171,extended
16.3575,263,-4.63676,-0.402363,-6.68689,0.0178432,-3.11244,0.0271642,0.0,0.0,0.0,0.0,8.78906,8.77812,0.296391,-1.64923,extended
16.4175,264,-10.0878,-0.555645,-7.55868,0.00532632,-1.73958,0.0066579,0.0,0.0,0.0,0.0,8.96484,2.92621,0.301908,-1.64837,extended
16.4776,265,-9.62798,0.220342,-7.1659,0.082558,-0.0796285,-0.0308927,0.0,0.0,0.0,0.0,8.78906,-2.92617,0.296391,-1.64923,extended
16.5377,266,-8.81367,0.526904,-8.47837,0.116913,0.512925,-0.052198,0.0,0.0,0.0,0.0,8.4375,-5.85224,0.285349,-1.6509,extended
16.5978,267,-2.98898,-0.268242,-7.97063,-0.0945422,1.02638,0.106793,0.0,0.0,0.0,0.0,8.08594,-5.85231,0.274298,-1.65251,extended
16.6578,268,-3.20933,0.124541,-6.28453,-0.0274306,-0.428769,0.097738,0.0,0.0,0.0,0.0,7.91016,-2.92611,0.268769,-1.65328,extended
16.7179,269,-7.31918,-0.584385,-8.21013,-0.0814927,-0.756338,0.119043,0.0,0.0,0.0,0.0,7.38281,-8.77815,0.252167,-1.65551,extended
16.778,270,-6.74438,-0.0862207,-7.67364,-0.0583232,-0.0679106,0.0908138,0.0,0.0,0.0,0.0,6.67969,-11.7044,0.23,-1.65825,extended
16.838,271,-6.18873,-0.153281,-8.22929,-0.0764327,-0.0274306,0.00292948,0.0,0.0,0.0,0.0,5.80078,-14.6307,0.202247,-1.66128,extended
16.8981,272,-5.2403,-0.0479004,-7.12758,-0.00266316,-0.0452737,0.077498,0.0,0.0,0.0,0.0,5.09766,-11.7043,0.180013,-1.6634,extended
16.9582,273,-5.34568,-0.0191602,-7.98979,-0.010919,-0.483896,0.00479369,0.0,0.0,0.0,0.0,4.04297,-17.557,0.146618,-1.66607,extended
17.0183,274,-6.15999,-0.134121,-7.71196,0.0383495,-0.178964,0.00133158,0.0,0.0,0.0,0.0,2.98828,-17.5564,0.11318,-1.66813,extended
17.0783,275,-5.78637,-0.210762,-7.70238,0.00292948,-0.265783,-0.0420779,0.0,0.0,0.0,0.0,1.75781,-20.4824,0.0741281,-1.66974,extended
17.1384,276,-6.01629,-0.124541,-7.85566,0.010919,-0.281496,0.00319579,0.0,0.0,0.0,0.0,0.703125,-17.556,0.0406342,-1.67046,extended
17.1985,277,-5.93965,0.0479004,-7.46288,-0.0199737,-0.297475,0.0141148,0.0,0.0,0.0,0.0,-0.351562,-17.5578,0.00713269,-1.67057,extended
17.2586,278,-5.95881,0.00958008,-7.7886,-0.0239685,-0.246076,0.0295611,0.0,0.0,0.0,0.0,-1.23047,-14.6264,-0.0207828,-1.67018,extended
17.3186,279,-5.84385,-0.00958008,-7.44372,-0.0178432,-0.262588,0.0567253,0.0,0.0,0.0,0.0,-2.28516,-17.5569,-0.0542687,-1.66915,extended
17.3787,280,-5.96839,-0.105381,-7.73112,-0.0364853,-0.229032,0.0418116,0.0,0.0,0.0,0.0,-3.16406,-14.629,-0.0821553,-1.66783,extended
17.4388,281,-5.60435,-0.105381,-7.32876,-0.0119842,-0.188818,0.0545948,0.0,0.0,0.0,0.0,-3.86719,-11.7041,-0.104448,-1.66646,extended
17.4989,282,-6.13125,-0.191602,-7.77902,-0.0135821,-0.210922,0.0149137,0.0,0.0,0.0,0.0,-4.57031,-11.7046,-0.126722,-1.66481,extended
17.5589,283,-5.68099,-0.134121,-7.39582,0.01518,-0.115049,0.0149137,0.0,0.0,0.0,0.0,-5.09766,-8.77861,-0.143413,-1.6634,extended
17.619,284,-5.95881,-0.124541,-7.65448,0.00559264,-0.123038,-0.0106526,0.0,0.0,0.0,0.0,-5.44922,-5.8525,-0.154534,-1.66237,extended
17.6791,285,-5.93007,-0.0574805,-7.47246,0.015979,-0.0508664,0.0125169,0.0,0.0,0.0,0.0,-5.80078,-5.85231,-0.165647,-1.66128,extended
17.7392,286,-5.75763,-0.124541,-7.57784,-0.00426106,-0.0146474,0.0141148,0.0,0.0,0.0,0.0,-5.97656,-2.92629,-0.171201,-1.66071,extended
17.7992,287,-5.91091,-0.124541,-7.58742,-0.0125169,0.0258327,0.0431432,0.0,0.0,0.0,0.0,-5.80078,2.92616,-0.165647,-1.66128,extended
17.913,288,-5.79595,-0.172441,-7.52036,-0.0276969,0.140349,0.0447411,0.0,0.0,0.0,0.0,-5.27344,4.63373,-0.166624,-1.6957,seated
17.9731,289,-4.86668,0.114961,-6.9743,0.0258327,0.125169,-0.0846885,0.0,0.0,0.0,0.0,-4.57031,11.7056,-0.144372,-1.69761,seated
18.0332,290,-8.63165,0.229922,-7.66406,0.00239685,0.503337,-0.0719054,0.0,0.0,0.0,0.0,-4.21875,5.8524,-0.133238,-1.69847,seated
18.0933,291,-8.04727,-0.766406,-7.4533,0.0508664,1.69777,-0.0356864,0.0,0.0,0.0,0.0,-4.04297,2.92614,-0.127668,-1.69887,seated
18.1533,292,-3.75539,-0.229922,-7.49162,-0.147805,2.44239,-0.13955,0.0,0.0,0.0,0.0,-3.33984,11.7042,-0.10538,-1.70031,seated
18.2134,293,-0.0862207,-1.74357,-7.63532,0.0167779,3.65226,0.0279632,0.0,0.0,0.0,0.0,-1.93359,23.4204,-0.0607589,-1.70236,seated
18.2734,294,4.88584,-1.08255,-10.107,0.0343548,0.831972,0.237288,0.0,0.0,0.0,0.0,-0.878906,17.5572,-0.0272674,-1.70319,seated
18.3335,295,-1.95434,-0.775986,-10.289,-0.0015979,-0.701477,0.271642,0.0,0.0,0.0,0.0,0.703125,26.3349,0.0229842,-1.70326,seated
18.3936,296,-3.36261,-0.680186,-9.43638,0.0279632,-0.0828243,0.0324906,0.0,0.0,0.0,0.0,1.58203,14.6273,0.0508968,-1.70271,seated
18.4537,297,-2.49082,-0.383203,-9.12982,0.00878843,0.656736,-0.136354,0.0,0.0,0.0,0.0,2.63672,17.5578,0.0843758,-1.70147,seated
18.5137,298,-0.546064,0.00958008,-10.3944,0.0343548,0.411192,-0.161654,0.0,0.0,0.0,0.0,3.33984,11.7048,0.10668,-1.70031,seated
18.5738,299,-1.41785,-0.0766406,-9.3789,0.061519,0.265517,-0.0364853,0.0,0.0,0.0,0.0,4.39453,17.5563,0.140105,-1.69805,seated
18.6339,300,-1.9735,-0.325723,-9.91538,0.0,0.212787,0.0279632,0.0,0.0,0.0,0.0,5.44922,17.5569,0.173484,-1.69517,seated
18.694,301,-1.59029,-0.239502,-9.51302,0.000798948,0.394148,0.0652474,0.0,0.0,0.0,0.0,6.32812,14.6307,0.201254,-1.69231,seated
18.8157,302,-1.59029,-0.325723,-9.73336,-0.0141148,0.215982,0.0932106,0.0,0.0,0.0,0.0,7.91016,12.9994,0.268769,-1.65328,extended
18.8757,303,0.536484,-0.459844,-9.35974,-0.0388822,0.226102,0.21758,0.0,0.0,0.0,0.0,8.26172,5.8525,0.279825,-1.65171,extended
18.9358,304,0.201182,-0.210762,-8.99569,0.0857538,-1.17712,0.0298274,0.0,0.0,0.0,0.0,8.78906,8.77833,0.296391,-1.64923,extended
18.9959,305,-1.60945,0.229922,-7.597,0.153132,-2.71882,0.0878843,0.0,0.0,0.0,0.0,8.96484,2.92614,0.301908,-1.64837,extended
19.0559,306,-3.83203,-0.756826,-7.06052,-0.0567253,-3.22109,-0.0386158,0.0,0.0,0.0,0.0,9.31641,5.85268,0.312933,-1.64659,extended
19.116,307,-11.908,0.287402,-7.86524,0.0173105,-2.20164,-0.0990696,0.0,0.0,0.0,0.0,9.14062,-2.92616,0.307422,-1.64749,extended
19.1761,308,-9.93454,0.277822,-7.43414,0.0751011,-0.0833569,-0.112652,0.0,0.0,0.0,0.0,8.61328,-8.77815,0.290871,-1.65007,extended
19.2362,309,-8.19097,0.249082,-7.81734,0.0743022,0.426905,-0.0484695,0.0,0.0,0.0,0.0,7.91016,-11.7046,0.268769,-1.65328,extended
19.2962,310,-4.25355,0.603545,-7.39582,-0.0015979,0.793622,-0.0378169,0.0,0.0,0.0,0.0,7.20703,-11.7048,0.246628,-1.65622,extended
19.3563,311,-2.60578,-0.105381,-7.43414,-0.0596548,-0.31665,0.0777643,0.0,0.0,0.0,0.0,6.85547,-5.85226,0.235545,-1.65759,extended
19.4164,312,-7.28086,-0.584385,-8.50711,-0.130495,-0.900681,0.0814927,0.0,0.0,0.0,0.0,5.97656,-14.6314,0.207801,-1.66071,extended
19.4765,313,-6.93598,0.114961,-7.8365,-0.0532632,-0.265517,0.123304,0.0,0.0,0.0,0.0,5.09766,-14.6304,0.180013,-1.6634,extended
19.5365,314,-5.82469,-0.0383203,-7.96105,-0.0862864,-0.0561927,0.00692422,0.0,0.0,0.0,0.0,4.04297,-17.5576,0.146618,-1.66607,extended
19.5966,315,-5.70015,-0.229922,-7.13716,0.0178432,-0.161388,0.077498,0.0,0.0,0.0,0.0,2.98828,-17.5576,0.11318,-1.66813,extended
19.6567,316,-5.1924,-0.249082,-7.32876,-0.0258327,-0.435161,-0.0066579,0.0,0.0,0.0,0.0,1.93359,-17.5564,0.0797089,-1.66956,extended
19.7167,317,-6.95514,-0.296982,-8.01853,0.0298274,-0.275105,0.00532632,0.0,0.0,0.0,0.0,0.703125,-20.4835,0.0406342,-1.67046,extended
19.7768,318,-5.36484,-0.0479004,-7.25212,0.0114516,-0.245011,-0.0436758,0.0,0.0,0.0,0.0,-0.527344,-20.4828,0.00154917,-1.67052,extended
19.8369,319,-6.13125,-0.134121,-7.72154,0.010919,-0.297475,0.00292948,0.0,0.0,0.0,0.0,-1.58203,-17.554,-0.0319468,-1.66991,extended
19.897,320,-5.89175,0.0766406,-7.66406,-0.00798948,-0.290817,0.00932106,0.0,0.0,0.0,0.0,-2.46094,-14.6309,-0.0598476,-1.66892,extended
19.957,321,-5.96839,-0.0287402,-7.73112,-0.02024,-0.215716,0.0436758,0.0,0.0,0.0,0.0,-3.33984,-14.6306,-0.08773,-1.66751,extended
20.0171,322,-5.82469,-0.0191602,-7.49162,-0.0199737,-0.242081,0.0551274,0.0,0.0,0.0,0.0,-4.21875,-14.6308,-0.115588,-1.66567,extended
20.0772,323,-6.07377,-0.0958008,-7.81734,-0.0426106,-0.203998,0.0458064,0.0,0.0,0.0,0.0,-4.92188,-11.7047,-0.137851,-1.66389,extended
20.1373,324,-5.68099,-0.134121,-7.36708,-0.00639159,-0.128631,0.0545948,0.0,0.0,0.0,0.0,-5.44922,-8.77878,-0.154534,-1.66237,extended
20.1973,325,-6.06419,-0.201182,-7.70238,-0.0135821,-0.147006,0.01518,0.0,0.0,0.0,0.0,-5.80078,-5.85224,-0.165647,-1.66128,extended
20.2574,326,-5.68099,-0.114961,-7.4054,0.0189084,-0.0338221,0.00506001,0.0,0.0,0.0,0.0,-6.15234,-5.85252,-0.176754,-1.66012,extended
20.3716,327,-5.97797,-0.182021,-7.62574,0.00745685,0.0364853,0.0191748,0.0,0.0,0.0,0.0,-6.15234,0.0,-0.194404,-1.69292,seated
20.4316,328,-5.78637,0.469424,-7.42456,0.0314253,-0.0189084,-0.0447411,0.0,0.0,0.0,0.0,-5.80078,5.8524,-0.183297,-1.69408,seated
20.4917,329,-9.17772,-0.0383203,-7.09884,0.00852212,0.535029,-0.100135,0.0,0.0,0.0,0.0,-5.625,2.92616,-0.177741,-1.69464,seated
20.5518,330,-8.38257,0.239502,-7.47246,0.0567253,1.73958,0.0450074,0.0,0.0,0.0,0.0,-5.625,0.0,-0.177741,-1.69464,seated
20.6119,331,-4.10027,1.05381,-7.2138,-0.245543,2.37581,-0.111853,0.0,0.0,0.0,0.0,-5.09766,8.77857,-0.161063,-1.6962,seated
20.6719,332,0.335303,0.0574805,-7.75028,0.111586,3.81711,0.118777,0.0,0.0,0.0,0.0,-3.86719,20.4833,-0.122098,-1.69926,seated
20.732,333,2.20342,-0.498164,-7.97063,-0.00639159,1.69936,0.271376,0.0,0.0,0.0,0.0,-2.98828,14.631,-0.0942297,-1.70093,seated
20.7921,334,-1.62861,-0.689766,-10.8446,-0.0388822,-0.556334,0.238087,0.0,0.0,0.0,0.0,-1.23047,29.2613,-0.0384328,-1.70298,seated
20.8521,335,-3.50631,-0.574805,-9.8579,0.0458064,-0.0567253,0.158724,0.0,0.0,0.0,0.0,-0.527344,11.7045,-0.0161008,-1.70332,seated
20.9122,336,-2.09804,-0.440684,-9.48428,0.0205063,0.61812,-0.12943,0.0,0.0,0.0,0.0,0.351562,14.6307,0.0118173,-1.70337,seated
20.9723,337,-0.641865,-0.220342,-10.5764,0.0322242,0.485228,-0.185889,0.0,0.0,0.0,0.0,1.23047,14.6274,0.0397328,-1.70298,seated
21.0324,338,-1.14961,-0.0958008,-9.06275,0.066579,0.319579,-0.0482032,0.0,0.0,0.0,0.0,2.46094,20.4833,0.0787976,-1.70172,seated
21.1435,339,-1.98308,-0.364043,-9.46512,0.010919,0.439155,0.0873517,0.0,0.0,0.0,0.0,4.57031,18.9755,0.163322,-1.66481,extended
21.2036,340,0.287402,-0.316143,-10.6435,-0.0135821,0.425573,0.256729,0.0,0.0,0.0,0.0,5.625,17.5569,0.196691,-1.66184,extended
21.2637,341,0.440684,-0.364043,-8.97653,-0.0127832,-1.13983,0.120908,0.0,0.0,0.0,0.0,6.85547,20.4826,0.235545,-1.65759,extended
21.3238,342,-0.948428,-0.210762,-6.98388,0.0383495,-2.55717,0.204797,0.0,0.0,0.0,0.0,7.73438,14.6304,0.263237,-1.65404,extended
21.3838,343,-4.7613,-0.804727,-6.84018,-0.0218379,-3.02162,0.0181095,0.0,0.0,0.0,0.0,8.61328,14.6301,0.290871,-1.65007,extended
21.4439,344,-9.96328,-1.21667,-7.75028,0.000798948,-1.20721,-0.144876,0.0,0.0,0.0,0.0,8.96484,5.85222,0.301908,-1.64837,extended
21.504,345,-6.72521,-0.306563,-6.38033,0.123038,0.0,0.0407464,0.0,0.0,0.0,0.0,9.14062,2.92625,0.307422,-1.64749,extended
21.5641,346,-7.3575,0.201182,-7.67364,0.18509,0.725179,-0.206928,0.0,0.0,0.0,0.0,8.96484,-2.92635,0.301908,-1.64837,extended
21.6241,347,-3.98531,0.613125,-7.52036,-0.0175769,1.10068,-0.0324906,0.0,0.0,0.0,0.0,8.78906,-2.92621,0.296391,-1.64923,extended
21.6842,348,-2.62494,0.201182,-7.03178,0.0255663,-0.0719054,0.0199737,0.0,0.0,0.0,0.0,8.96484,2.92631,0.301908,-1.64837,extended
21.7443,349,-7.0222,-0.661025,-7.70238,-0.125435,-0.692156,0.156594,0.0,0.0,0.0,0.0,8.78906,-2.92621,0.296391,-1.64923,extended
21.8043,350,-6.45697,-0.00958008,-7.05094,-0.066579,-0.162719,0.105461,0.0,0.0,0.0,0.0,8.26172,-8.77847,0.279825,-1.65171,extended
21.8644,351,-5.76721,0.268242,-7.84608,-0.121174,-0.0439422,0.0591222,0.0,0.0,0.0,0.0,7.73438,-8.78432,0.263237,-1.65404,extended
21.9244,352,-5.60435,-0.249082,-7.63532,-0.0253,-0.021039,0.110255,0.0,0.0,0.0,0.0,7.20703,-8.77875,0.246628,-1.65622,extended
21.9845,353,-5.1924,-0.191602,-7.96105,-0.0500674,-0.360326,0.0215716,0.0,0.0,0.0,0.0,6.15234,-17.5572,0.213354,-1.66012,extended
22.0446,354,-6.65815,-0.344883,-7.56826,0.0279632,-0.204531,-0.0106526,0.0,0.0,0.0,0.0,5.27344,-14.6317,0.185574,-1.6629,extended
22.1047,355,-5.4798,-0.124541,-7.68322,0.0271642,-0.290551,-0.0609864,0.0,0.0,0.0,0.0,4.04297,-20.4824,0.146618,-1.66607,extended
22.1647,356,-5.97797,-0.220342,-7.6449,0.0402137,-0.291616,-0.0213053,0.0,0.0,0.0,0.0,2.8125,-20.4837,0.107603,-1.66841,extended
22.2248,357,-5.92049,-0.00958008,-7.70238,0.0199737,-0.327036,-0.0191748,0.0,0.0,0.0,0.0,1.75781,-17.5572,0.0741281,-1.66974,extended
22.2849,358,-6.00671,-0.0862207,-7.76944,-0.00479369,-0.279099,0.00639159,0.0,0.0,0.0,0.0,0.527344,-20.4837,0.0350508,-1.67052,extended
22.3449,359,-5.80553,-0.0287402,-7.597,-0.026099,-0.312921,0.0548611,0.0,0.0,0.0,0.0,-0.527344,-17.5563,0.00154917,-1.67052,extended
22.405,360,-6.16957,-0.0862207,-7.95147,-0.061519,-0.312122,0.0681769,0.0,0.0,0.0,0.0,-1.58203,-17.5519,-0.0319468,-1.66991,extended
22.4651,361,-5.67141,-0.0670606,-7.4054,-0.0370179,-0.26099,0.0703075,0.0,0.0,0.0,0.0,-2.46094,-14.6303,-0.0598476,-1.66892,extended
22.5252,362,-6.19831,-0.191602,-7.8844,-0.0399474,-0.303867,0.0380832,0.0,0.0,0.0,0.0,-3.51562,-17.5557,-0.0933037,-1.66717,extended
22.5853,363,-5.73847,-0.124541,-7.46288,0.00932106,-0.21039,0.0125169,0.0,0.0,0.0,0.0,-4.39453,-14.6301,-0.121155,-1.66525,extended
22.6453,364,-5.82469,-0.210762,-7.597,0.00452737,-0.218912,-0.0178432,0.0,0.0,0.0,0.0,-5.09766,-11.7045,-0.143413,-1.6634,extended
22.7054,365,-5.95881,-0.172441,-7.68322,0.0295611,-0.15979,-0.0098537,0.0,0.0,0.0,0.0,-5.80078,-11.7046,-0.165647,-1.66128,extended
22.7655,366,-5.75763,-0.134121,-7.58742,0.00798948,-0.118777,-0.00266316,0.0,0.0,0.0,0.0,-6.15234,-5.8525,-0.176754,-1.66012,extended
22.8819,367,-5.56603,-0.0766406,-7.41498,-0.0242348,-0.00639159,0.0263653,0.0,0.0,0.0,0.0,-6.50391,-3.01917,-0.205503,-1.69169,seated
22.942,368,-6.30369,0.0191602,-7.13716,-0.0130495,0.00532632,-0.0215716,0.0,0.0,0.0,0.0,-6.15234,5.85266,-0.194404,-1.69292,seated
23.0021,369,-8.64123,-0.0383203,-7.27128,0.01518,0.546481,0.0237021,0.0,0.0,0.0,0.0,-6.15234,0.0,-0.194404,-1.69292,seated
23.0621,370,-6.66773,-0.574805,-6.91682,0.0751011,1.78991,0.108657,0.0,0.0,0.0,0.0,-6.15234,0.0,-0.194404,-1.69292,seated
23.1222,371,-3.65001,0.814307,-8.36341,-0.287355,2.49352,-0.24075,0.0,0.0,0.0,0.0,-5.80078,5.85208,-0.183297,-1.69408,seated
23.1823,372,0.479004,-0.306563,-7.71196,0.116913,3.79793,0.0135821,0.0,0.0,0.0,0.0,-4.74609,17.5571,-0.149937,-1.69716,seated
23.2423,373,3.55421,0.421523,-8.48795,0.0356864,1.54304,0.224238,0.0,0.0,0.0,0.0,-3.86719,14.6304,-0.122098,-1.69926,seated
23.3024,374,-1.84896,-0.220342,-11.429,-0.0607201,-0.605869,0.288154,0.0,0.0,0.0,0.0,-2.46094,23.4285,-0.0774976,-1.70172,seated
23.3624,375,-4.05237,-0.565225,-9.84832,0.0474043,-0.202933,0.203466,0.0,0.0,0.0,0.0,-1.58203,14.6297,-0.0495968,-1.70271,seated
23.4225,376,-2.50998,-0.392783,-10.1645,0.00292948,0.603206,-0.102798,0.0,0.0,0.0,0.0,-0.703125,14.6316,-0.0216842,-1.70326,seated
23.4826,377,-0.593965,0.0191602,-10.0303,0.0292948,0.5827,-0.165116,0.0,0.0,0.0,0.0,0.351562,17.5574,0.0118173,-1.70337,seated
23.5427,378,-1.40827,-0.268242,-9.09149,0.0631169,0.324639,-0.0487358,0.0,0.0,0.0,0.0,1.58203,20.4771,0.0508968,-1.70271,seated
23.6028,379,-1.91602,-0.459844,-10.3561,0.0149137,0.218646,0.0213053,0.0,0.0,0.0,0.0,2.8125,20.4819,0.0899532,-1.70121,seated
23.6628,380,-1.34121,-0.172441,-9.43638,-0.00452737,0.499076,0.0482032,0.0,0.0,0.0,0.0,3.86719,17.5567,0.123398,-1.69926,seated
23.7229,381,-1.52323,-0.373623,-9.84832,-0.010919,0.366717,0.105727,0.0,0.0,0.0,0.0,5.09766,20.4835,0.162363,-1.6962,seated
23.8455,382,-1.22625,-0.306563,-9.84832,-0.0066579,0.33902,0.0633832,0.0,0.0,0.0,0.0,7.03125,15.7711,0.241087,-1.65691,extended
23.9056,383,2.25132,-0.0958008,-10.174,-0.0237021,0.183225,0.136088,0.0,0.0,0.0,0.0,7.91016,14.6311,0.268769,-1.65328,extended
23.9656,384,-0.450264,-0.172441,-9.29268,0.0343548,-0.83064,-0.071639,0.0,0.0,0.0,0.0,8.61328,11.7045,0.290871,-1.65007,extended
24.0257,385,-1.68609,-0.373623,-6.8306,0.0886833,-2.40111,0.139017,0.0,0.0,0.0,0.0,9.31641,11.7049,0.312933,-1.64659,extended
24.0858,386,-5.30736,0.124541,-6.94556,-0.0287621,-3.00751,0.00479369,0.0,0.0,0.0,0.0,9.66797,5.85233,0.323948,-1.64475,extended
24.1459,387,-7.77902,-0.344883,-7.05094,0.0,-1.78112,-0.0181095,0.0,0.0,0.0,0.0,9.84375,2.92606,0.329451,-1.64381,extended
24.2059,388,-9.19688,-0.00958008,-6.96472,0.067378,-0.0167779,0.0319579,0.0,0.0,0.0,0.0,9.49219,-5.85213,0.318442,-1.64568,extended
24.266,389,-7.17548,0.239502,-7.56826,0.137685,0.418116,-0.0908138,0.0,0.0,0.0,0.0,9.14062,-5.85219,0.307422,-1.64749,extended
24.3261,390,-4.49306,0.249082,-7.75028,-0.112918,1.00508,-0.207194,0.0,0.0,0.0,0.0,8.61328,-8.77829,0.290871,-1.65007,extended
24.3862,391,-2.56746,-0.153281,-6.43781,0.0117179,-0.304666,0.0894822,0.0,0.0,0.0,0.0,8.4375,-2.92609,0.285349,-1.6509,extended
24.4462,392,-6.95514,-0.699346,-8.36341,-0.0998685,-0.777909,0.10626,0.0,0.0,0.0,0.0,7.91016,-8.7778,0.268769,-1.65328,extended
24.5063,393,-6.8306,-0.0479004,-7.82692,-0.0833569,-0.147805,0.0932106,0.0,0.0,0.0,0.0,7.03125,-14.6313,0.241087,-1.65691,extended
24.5664,394,-5.96839,-0.182021,-7.75986,-0.106526,-0.0886833,0.0300937,0.0,0.0,0.0,0.0,6.15234,-14.6333,0.213354,-1.66012,extended
24.6264,395,-5.01996,-0.124541,-7.0222,-0.00958738,-0.100934,0.0942759,0.0,0.0,0.0,0.0,5.09766,-17.5565,0.180013,-1.6634,extended
24.6865,396,-6.37075,-0.124541,-8.03769,-0.0258327,-0.497212,0.00479369,0.0,0.0,0.0,0.0,3.86719,-20.4842,0.141048,-1.66646,extended
24.7466,397,-6.12167,-0.172441,-7.62574,0.0375506,-0.231695,0.00372843,0.0,0.0,0.0,0.0,2.8125,-17.5565,0.107603,-1.66841,extended
24.8067,398,-5.85343,-0.143701,-7.70238,0.01518,-0.307062,-0.041279,0.0,0.0,0.0,0.0,1.58203,-20.4832,0.0685468,-1.66991,extended
24.8667,399,-5.89175,-0.0383203,-7.65448,0.0178432,-0.33689,0.000798948,0.0,0.0,0.0,0.0,0.175781,-23.4097,0.0238837,-1.67059,extended
24.9268,400,-6.14083,-0.153281,-7.70238,-0.0127832,-0.337689,0.00292948,0.0,0.0,0.0,0.0,-0.878906,-17.5573,-0.00961736,-1.67039,extended
24.9869,401,-5.97797,-0.0862207,-7.80776,-0.0250337,-0.290018,0.0468716,0.0,0.0,0.0,0.0,-2.10938,-20.477,-0.0486891,-1.66937,extended
25.047,402,-5.86301,-0.0479004,-7.5491,-0.0346211,-0.300138,0.0548611,0.0,0.0,0.0,0.0,-2.98828,-14.6311,-0.0765797,-1.66813,extended
25.107,403,-6.16957,-0.143701,-7.75028,-0.0444748,-0.264985,0.051399,0.0,0.0,0.0,0.0,-3.86719,-14.6305,-0.104448,-1.66646,extended
25.1671,404,-5.66183,-0.143701,-7.39582,-0.0218379,-0.22051,0.0532632,0.0,0.0,0.0,0.0,-4.74609,-14.6308,-0.132287,-1.66436,extended
25.2272,405,-6.15999,-0.191602,-7.7886,-0.0183758,-0.225303,0.0239685,0.0,0.0,0.0,0.0,-5.44922,-11.7046,-0.154534,-1.66237,extended
25.2873,406,-5.68099,-0.153281,-7.4054,0.0130495,-0.13156,0.00772317,0.0,0.0,0.0,0.0,-5.97656,-8.77843,-0.171201,-1.66071,extended
25.3473,407,-5.99713,-0.191602,-7.66406,0.00692422,-0.129696,-0.00372843,0.0,0.0,0.0,0.0,-6.50391,-8.77829,-0.187853,-1.65889,extended
25.4074,408,-5.82469,-0.0862207,-7.46288,0.0167779,-0.0556601,0.00798948,0.0,0.0,0.0,0.0,-6.67969,-2.92755,-0.1934,-1.65825,extended
25.4674,409,-5.80553,-0.114961,-7.55868,-0.00346211,-0.0127832,0.0098537,0.0,0.0,0.0,0.0,-6.85547,-2.9262,-0.198945,-1.65759,extended
25.5803,410,-5.66183,-0.0862207,-7.5491,-0.0218379,0.104396,0.0322242,0.0,0.0,0.0,0.0,-6.32812,4.67319,-0.199954,-1.69231,seated
25.6404,411,-4.9529,-0.249082,-6.68689,-0.0253,-0.0106526,0.0364853,0.0,0.0,0.0,0.0,-5.625,11.7041,-0.177741,-1.69464,seated
25.7004,412,-8.20055,0.287402,-7.71196,-0.00506001,0.892425,-0.0399474,0.0,0.0,0.0,0.0,-5.44922,2.92641,-0.172184,-1.69517,seated
25.7605,413,-7.15632,-0.354463,-6.42823,0.0625843,2.0256,0.015979,0.0,0.0,0.0,0.0,-5.09766,5.85264,-0.161063,-1.6962,seated
25.8206,414,-2.19384,0.306563,-7.76944,-0.315318,2.66103,-0.272708,0.0,0.0,0.0,0.0,-4.39453,11.7056,-0.138805,-1.69805,seated
25.8806,415,0.364043,-1.05381,-6.62941,0.163252,3.94308,0.00905475,0.0,0.0,0.0,0.0,-3.16406,20.4833,-0.0998053,-1.70063,seated
25.9407,416,4.08111,-0.105381,-8.45921,0.0138484,1.33211,0.231961,0.0,0.0,0.0,0.0,-1.58203,26.3342,-0.0495968,-1.70271,seated
26.0008,417,0.0766406,-0.411943,-11.1608,-0.01012,-0.61013,0.302002,0.0,0.0,0.0,0.0,-0.175781,23.409,-0.00493368,-1.70339,seated
26.0609,418,-4.3302,-0.344883,-9.13939,-0.0015979,0.0969391,0.118777,0.0,0.0,0.0,0.0,0.878906,17.5573,0.0285674,-1.70319,seated
26.1209,419,-2.68242,-0.766406,-9.5705,-0.00932106,0.667921,-0.103331,0.0,0.0,0.0,0.0,1.75781,14.6274,0.0564781,-1.70254,seated
26.181,420,-0.593965,-0.0574805,-10.2794,0.0292948,0.603739,-0.154463,0.0,0.0,0.0,0.0,2.8125,17.5547,0.0899532,-1.70121,seated
26.2411,421,-1.28373,-0.134121,-9.20646,0.0511327,0.30866,-0.0399474,0.0,0.0,0.0,0.0,4.04297,20.4827,0.128968,-1.69887,seated
26.3012,422,-1.85854,-0.268242,-9.97286,-0.00585895,0.214917,0.00932106,0.0,0.0,0.0,0.0,5.27344,20.483,0.167924,-1.6957,seated
26.3612,423,-1.45617,-0.191602,-9.70462,0.00798948,0.451938,0.0447411,0.0,0.0,0.0,0.0,6.15234,14.6302,0.195704,-1.69292,seated
26.4844,424,-1.63819,-0.249082,-9.93454,-0.0189084,0.242614,0.115049,0.0,0.0,0.0,0.0,8.08594,15.6974,0.274298,-1.65251,extended
26.5445,425,2.01182,-0.354463,-10.2411,-0.0348874,0.295877,0.231961,0.0,0.0,0.0,0.0,8.96484,14.63,0.301908,-1.64837,extended
26.6046,426,0.0766406,-0.431104,-9.6184,0.0367516,-1.07032,0.0,0.0,0.0,0.0,0.0,9.49219,8.77843,0.318442,-1.64568,extended
26.6646,427,-2.13636,0.239502,-8.01853,0.0458064,-2.65411,0.0990696,0.0,0.0,0.0,0.0,9.84375,5.85208,0.329451,-1.64381,extended
26.7247,428,-4.69424,-0.795147,-7.17548,0.052198,-3.23601,0.0111853,0.0,0.0,0.0,0.0,10.1953,5.85215,0.340448,-1.64186,extended
26.7848,429,-9.22562,-0.479004,-8.01853,0.0527306,-1.42985,0.0242348,0.0,0.0,0.0,0.0,10.0195,-2.92612,0.334951,-1.64284,extended
26.8449,430,-8.05685,0.737666,-6.24621,0.0785633,-0.237288,-0.097738,0.0,0.0,0.0,0.0,9.49219,-8.7785,0.318442,-1.64568,extended
26.9049,431,-8.24845,0.143701,-8.01853,0.154996,0.502272,-0.0836233,0.0,0.0,0.0,0.0,8.96484,-8.77833,0.301908,-1.64837,extended
26.965,432,-2.44292,-0.182021,-6.28453,-0.0804275,0.77205,0.010919,0.0,0.0,0.0,0.0,8.26172,-11.7046,0.279825,-1.65171,extended
27.0251,433,-4.75172,0.0191602,-7.70238,-0.0833569,-0.653806,0.0556601,0.0,0.0,0.0,0.0,7.91016,-5.85219,0.268769,-1.65328,extended
27.0852,434,-6.99346,-0.306563,-7.61616,-0.114782,-0.777909,0.164317,0.0,0.0,0.0,0.0,7.20703,-11.7044,0.246628,-1.65622,extended
27.1452,435,-6.93598,-0.364043,-6.9264,-0.0692422,-0.103064,0.092678,0.0,0.0,0.0,0.0,6.15234,-17.5565,0.213354,-1.66012,extended
27.2053,436,-6.34201,-0.0766406,-8.31551,-0.0905475,-0.184557,0.0298274,0.0,0.0,0.0,0.0,5.09766,-17.5568,0.180013,-1.6634,extended
27.2654,437,-4.7134,-0.0958008,-7.08926,-0.0266316,-0.138218,0.0780306,0.0,0.0,0.0,0.0,4.04297,-17.5585,0.146618,-1.66607,extended
27.3255,438,-6.41865,-0.0479004,-8.16223,-0.015979,-0.56459,-0.00106526,0.0,0.0,0.0,0.0,2.63672,-23.4091,0.102026,-1.66867,extended
27.3855,439,-6.82102,-0.220342,-7.7407,0.0356864,-0.242348,-0.0189084,0.0,0.0,0.0,0.0,1.40625,-20.4839,0.062965,-1.67005,extended
27.4456,440,-5.59477,-0.0862207,-7.81734,0.0133158,-0.35207,-0.0516653,0.0,0.0,0.0,0.0,0.175781,-20.4822,0.0238837,-1.67059,extended
27.5057,441,-5.96839,-0.134121,-7.6928,0.0229032,-0.347543,0.0015979,0.0,0.0,0.0,0.0,-1.05469,-20.4828,-0.0152002,-1.67029,extended
27.5658,442,-6.15041,-0.201182,-7.75028,-0.0215716,-0.330232,0.00426106,0.0,0.0,0.0,0.0,-2.28516,-20.4766,-0.0542687,-1.66915,extended
27.6258,443,-5.89175,-0.201182,-7.86524,-0.0274306,-0.279366,0.03542,0.0,0.0,0.0,0.0,-3.33984,-17.5564,-0.08773,-1.66751,extended
27.6859,444,-5.82469,-0.124541,-7.5491,-0.0466053,-0.282029,0.0511327,0.0,0.0,0.0,0.0,-4.21875,-14.631,-0.115588,-1.66567,extended
27.746,445,-6.16957,-0.268242,-7.87482,-0.041279,-0.22051,0.0567253,0.0,0.0,0.0,0.0,-5.09766,-14.6307,-0.143413,-1.6634,extended
27.8061,446,-5.63309,-0.162861,-7.32876,-0.0189084,-0.183492,0.0442085,0.0,0.0,0.0,0.0,-5.80078,-11.7044,-0.165647,-1.66128,extended
27.8661,447,-6.10251,-0.249082,-7.82692,-0.0183758,-0.164583,0.0255663,0.0,0.0,0.0,0.0,-6.32812,-8.77826,-0.182304,-1.65951,extended
27.9262,448,-5.60435,-0.0958008,-7.29044,0.0106526,-0.0817591,-0.00692422,0.0,0.0,0.0,0.0,-6.85547,-8.77826,-0.198945,-1.65759,extended
27.9863,449,-5.92049,-0.191602,-7.66406,0.0130495,-0.067378,0.0,0.0,0.0,0.0,0.0,-7.03125,-2.92612,-0.204487,-1.65691,extended
28.1199,450,-5.85343,-0.134121,-7.55868,-0.00106526,0.0556601,0.00372843,0.0,0.0,0.0,0.0,-6.85547,1.31538,-0.216595,-1.69039,seated
28.18,451,-5.35526,-0.325723,-7.17548,0.0218379,0.134756,-0.0242348,0.0,0.0,0.0,0.0,-6.15234,11.704,-0.194404,-1.69292,seated
28.2401,452,-9.38848,0.239502,-7.10842,0.0295611,0.515055,-0.0322242,0.0,0.0,0.0,0.0,-5.97656,2.92613,-0.188851,-1.69351,seated
28.3001,453,-7.7886,-0.431104,-8.10475,0.056459,1.7236,-0.00372843,0.0,0.0,0.0,0.0,-5.625,5.85245,-0.177741,-1.69464,seated
28.3602,454,-3.25723,-0.124541,-8.73703,-0.209591,2.52601,-0.152599,0.0,0.0,0.0,0.0,-5.09766,8.77767,-0.161063,-1.6962,seated
28.4203,455,-0.383203,-2.29922,-8.69871,0.0194411,3.67197,-0.0346211,0.0,0.0,0.0,0.0,-3.86719,20.4821,-0.122098,-1.69926,seated
28.4804,456,2.50998,-0.306563,-8.85199,0.109722,2.09538,0.287888,0.0,0.0,0.0,0.0,-2.63672,20.482,-0.0830758,-1.70147,seated
28.5404,457,-1.43701,-1.18793,-10.9692,-0.0761664,-0.613859,0.32171,0.0,0.0,0.0,0.0,-0.878906,29.2628,-0.0272674,-1.70319,seated
28.6005,458,-3.60211,-0.450264,-9.39806,0.0671117,-0.200003,0.051399,0.0,0.0,0.0,0.0,0.175781,17.5577,0.00623368,-1.70339,seated
28.6606,459,-2.3567,-0.526904,-9.20646,-0.000266316,0.734233,-0.134223,0.0,0.0,0.0,0.0,1.23047,17.5525,0.0397328,-1.70298,seated
28.7207,460,-1.10171,-0.249082,-9.64714,0.0508664,0.681237,-0.17204,0.0,0.0,0.0,0.0,2.28516,17.5566,0.0732187,-1.70195,seated
28.7807,461,-1.16877,-0.593965,-9.19688,0.0591222,0.375239,-0.0551274,0.0,0.0,0.0,0.0,3.51562,20.4833,0.112254,-1.69998,seated
28.8408,462,-1.66693,-0.296982,-10.2315,0.0098537,0.227168,-0.00958738,0.0,0.0,0.0,0.0,4.74609,20.4823,0.151237,-1.69716,seated
28.9009,463,-1.60945,-0.287402,-9.6184,-0.00213053,0.486826,0.0383495,0.0,0.0,0.0,0.0,5.80078,17.5562,0.184597,-1.69408,seated
28.961,464,-1.50407,-0.411943,-9.69504,-0.0111853,0.349407,0.118244,0.0,0.0,0.0,0.0,7.03125,20.4828,0.223437,-1.68971,seated
29.021,465,-1.70525,-0.306563,-9.74294,-0.0162453,0.269778,0.131294,0.0,0.0,0.0,0.0,7.91016,14.6308,0.251119,-1.68608,seated
29.1352,466,-1.30289,-0.364043,-9.96328,-0.00346211,0.202134,-0.00292948,0.0,0.0,0.0,0.0,9.14062,10.7803,0.307422,-1.64749,extended
29.1952,467,0.756826,-0.344883,-9.58966,-0.0370179,0.216515,0.104662,0.0,0.0,0.0,0.0,9.66797,8.77857,0.323948,-1.64475,extended
29.2553,468,-0.0479004,-0.469424,-9.12982,0.0284958,-0.863929,-0.0556601,0.0,0.0,0.0,0.0,10.0195,5.85238,0.334951,-1.64284,extended
29.3154,469,-2.03098,0.162861,-8.05685,0.0745685,-2.52308,0.146208,0.0,0.0,0.0,0.0,10.1953,2.92633,0.340448,-1.64186,extended
29.3755,470,-4.7613,-0.383203,-6.94556,-0.0135821,-3.20378,0.0612527,0.0,0.0,0.0,0.0,10.1953,0.0,0.340448,-1.64186,extended
29.4355,471,-10.3082,-0.364043,-7.65448,-0.0258327,-1.97686,0.0271642,0.0,0.0,0.0,0.0,10.0195,-2.92618,0.334951,-1.64284,extended
29.4956,472,-8.02811,-0.335303,-7.44372,0.0772317,-0.289752,-0.0146474,0.0,0.0,0.0,0.0,9.49219,-8.7784,0.318442,-1.64568,extended
29.5557,473,-8.74661,0.162861,-8.23887,0.0857538,0.268447,-0.0468716,0.0,0.0,0.0,0.0,8.4375,-17.557,0.285349,-1.6509,extended
29.6157,474,-4.38768,0.661025,-8.36341,-0.0844222,0.934237,-0.127832,0.0,0.0,0.0,0.0,7.55859,-14.6306,0.257703,-1.65479,extended
29.6758,475,-2.4525,0.153281,-6.17915,-0.0292948,-0.514789,0.0854875,0.0,0.0,0.0,0.0,7.03125,-8.77847,0.241087,-1.65691,extended
29.7359,476,-7.0222,-0.747246,-8.38257,-0.0790959,-0.992028,0.109722,0.0,0.0,0.0,0.0,5.97656,-17.5567,0.207801,-1.66071,extended
29.796,477,-7.24254,0.0670606,-7.94188,-0.0492685,-0.28123,0.0820254,0.0,0.0,0.0,0.0,4.74609,-20.4834,0.168887,-1.66436,extended
29.856,478,-6.44739,0.0479004,-7.94188,-0.0940096,-0.148604,-0.00798948,0.0,0.0,0.0,0.0,3.69141,-17.5578,0.135476,-1.66682,extended
29.9161,479,-4.905,-0.0766406,-7.42456,0.0125169,-0.159523,0.0905475,0.0,0.0,0.0,0.0,2.28516,-23.4088,0.0908687,-1.66915,extended
29.9762,480,-6.28453,-0.0383203,-7.98021,-0.036219,-0.576042,0.00585895,0.0,0.0,0.0,0.0,1.05469,-20.483,0.0518002,-1.67029,extended
30.0362,481,-6.40907,-0.191602,-7.85566,0.0191748,-0.278034,0.0173105,0.0,0.0,0.0,0.0,-0.175781,-20.4837,0.0127163,-1.67059,extended
30.0963,482,-5.70973,-0.124541,-7.71196,-0.00585895,-0.314519,-0.0338221,0.0,0.0,0.0,0.0,-1.58203,-23.4033,-0.0319468,-1.66991,extended
30.1564,483,-6.02587,-0.229922,-7.73112,0.0173105,-0.337423,0.0106526,0.0,0.0,0.0,0.0,-2.63672,-17.568,-0.0654258,-1.66867,extended
30.2164,484,-5.96839,-0.162861,-7.66406,-0.0111853,-0.317182,0.00639159,0.0,0.0,0.0,0.0,-3.86719,-20.4833,-0.104448,-1.66646,extended
30.2765,485,-5.89175,-0.182021,-7.79818,-0.0191748,-0.244745,0.0170442,0.0,0.0,0.0,0.0,-4.74609,-14.6316,-0.132287,-1.66436,extended
30.3366,486,-5.77679,-0.0766406,-7.49162,-0.0239685,-0.250603,0.0460727,0.0,0.0,0.0,0.0,-5.625,-14.6307,-0.160091,-1.66184,extended
30.3967,487,-6.13125,-0.0958008,-7.70238,-0.0364853,-0.186688,0.0407464,0.0,0.0,0.0,0.0,-6.32812,-11.7046,-0.182304,-1.65951,extended
30.4567,488,-5.67141,-0.134121,-7.3575,-0.0170442,-0.12437,0.0524643,0.0,0.0,0.0,0.0,-6.67969,-5.85287,-0.1934,-1.65825,extended
30.5168,489,-5.71931,-0.172441,-7.67364,-0.0239685,-0.121174,0.0292948,0.0,0.0,0.0,0.0,-7.03125,-5.8521,-0.204487,-1.65691,extended
30.6324,490,-5.69057,-0.162861,-7.49162,-0.00452737,-0.0141148,-0.00213053,0.0,0.0,0.0,0.0,-7.20703,-1.52051,-0.227678,-1.68902,seated
30.6925,491,-6.15041,-0.134121,-7.0222,0.051399,0.0340885,-0.0953412,0.0,0.0,0.0,0.0,-6.85547,5.85231,-0.216595,-1.69039,seated
30.7525,492,-8.34425,-0.201182,-7.52036,0.0375506,0.408529,-0.10413,0.0,0.0,0.0,0.0,-6.85547,0.0,-0.216595,-1.69039,seated
30.8126,493,-8.44005,-0.172441,-8.35383,0.0335558,1.89164,-0.036219,0.0,0.0,0.0,0.0,-6.67969,2.92611,-0.21105,-1.69105,seated
30.8727,494,-3.76497,0.316143,-6.79228,-0.116913,2.28393,-0.129163,0.0,0.0,0.0,0.0,-6.15234,8.77875,-0.194404,-1.69292,seated
30.9328,495,0.938848,-1.28373,-8.96695,-0.036219,3.98702,0.0466053,0.0,0.0,0.0,0.0,-4.92188,20.4824,-0.155501,-1.69669,seated
30.9928,496,3.57337,-0.680186,-8.36341,0.0886833,2.43466,0.315585,0.0,0.0,0.0,0.0,-3.86719,17.556,-0.122098,-1.69926,seated
31.0529,497,-2.0214,-0.651445,-9.97286,-0.047138,-0.65567,0.277501,0.0,0.0,0.0,0.0,-2.28516,26.3352,-0.0719187,-1.70195,seated
31.113,498,-3.58295,-0.574805,-9.68546,0.0420779,0.227168,0.0596548,0.0,0.0,0.0,0.0,-1.05469,20.4828,-0.0328502,-1.70309,seated
31.1731,499,-2.68242,-0.344883,-9.84832,0.00798948,0.624778,-0.155262,0.0,0.0,0.0,0.0,-0.175781,14.6308,-0.00493368,-1.70339,seated
31.2331,500,-0.440684,0.0670606,-9.46512,0.0442085,0.560063,-0.18216,0.0,0.0,0.0,0.0,0.878906,17.5567,0.0285674,-1.70319,seated
