8.82149e-06,0,-1.36995,-0.526904,-10.5285,0.0154463,0.7598,0.0215716,0.0,0.0,0.0,0.0,3.69141,0.0,0.117135,-1.69987,seated
0.11687,1,-1.36037,-0.469424,-10.8159,0.0141148,0.727842,0.0292948,0.0,0.0,0.0,0.0,8.4375,40.6131,0.264364,-1.65252,extended
0.216913,2,-0.0574805,-0.986748,-9.84832,0.0737696,-0.191748,0.0383495,0.0,0.0,0.0,0.0,11.7773,33.3841,0.367743,-1.63543,extended
0.317003,3,-5.13492,-0.775986,-6.98388,0.0367516,0.458863,-0.0500674,0.0,0.0,0.0,0.0,16.875,50.9308,0.523006,-1.59866,extended
0.541776,4,-3.65001,-0.593965,-7.09884,0.0857538,0.393615,-0.0098537,0.0,0.0,0.0,0.0,17.0508,0.782038,0.528293,-1.59717,extended
0.64187,5,-5.3361,0.143701,-7.15632,-0.0322242,0.087618,0.077498,0.0,0.0,0.0,0.0,16.875,-1.75616,0.523006,-1.59866,extended
0.741908,6,-5.97797,-0.0383203,-8.21013,-0.0218379,-0.540355,0.0218379,0.0,0.0,0.0,0.0,-11.6016,-284.657,-0.36233,-1.63647,extended
1.68009,7,-5.91091,-0.421523,-7.67364,0.00292948,-0.298008,0.0340885,0.0,0.0,0.0,0.0,-14.4141,-2.99782,-0.452886,-1.64978,seated
1.95636,8,-1.56155,-0.277822,-9.01485,-0.0149137,0.35207,0.250071,0.0,0.0,0.0,0.0,-15.4688,-3.81757,-0.480536,-1.61008,extended
2.38373,9,-1.26457,0.0479004,-10.0112,0.171241,2.0525,0.0543285,0.0,0.0,0.0,0.0,-3.33984,28.3807,-0.105992,-1.70051,seated
2.48382,10,-3.20933,0.153281,-11.2374,-0.0607201,0.528371,0.191481,0.0,0.0,0.0,0.0,1.05469,43.9049,0.0334883,-1.70311,seated
2.58391,11,-1.89686,-0.622705,-11.0363,-0.0697748,0.872718,0.125968,0.0,0.0,0.0,0.0,5.09766,40.3925,0.161656,-1.69666,seated
2.684,12,-2.3567,-0.0191602,-9.54176,-0.124103,1.6208,0.036219,0.0,0.0,0.0,0.0,8.78906,36.8798,0.277992,-1.6834,seated
2.7841,13,-0.364043,-0.153281,-9.98244,0.0687096,0.484962,0.0237021,0.0,0.0,0.0,0.0,12.1289,33.3678,0.382267,-1.66538,seated
2.90435,14,-0.958008,-0.584385,-9.79084,0.03036,0.58483,0.0633832,0.0,0.0,0.0,0.0,15.1172,24.8487,0.469873,-1.61279,extended
3.00445,15,-1.00591,-1.50407,-10.4806,-0.0364853,-0.56459,0.150202,0.0,0.0,0.0,0.0,16.6992,15.8056,0.517714,-1.60014,extended
3.10454,16,-3.40093,0.124541,-8.41131,-0.0410127,-2.96357,-0.0146474,0.0,0.0,0.0,0.0,17.4023,7.02472,0.538852,-1.59413,extended
3.20464,17,-7.95147,-1.48491,-6.8306,0.136088,-1.07405,-0.162985,0.0,0.0,0.0,0.0,16.6992,-7.02457,0.517714,-1.60014,extended
3.30472,18,-3.87035,-0.354463,-7.3575,0.0474043,0.0593885,-0.057258,0.0,0.0,0.0,0.0,15.1172,-15.8062,0.469873,-1.61279,extended
3.40482,19,-6.13125,0.268242,-8.06643,-0.0375506,-0.305997,0.067378,0.0,0.0,0.0,0.0,13.0078,-21.0742,0.405534,-1.62773,extended
3.50491,20,-6.19831,-0.220342,-8.15265,-0.118244,-0.541154,0.137685,0.0,0.0,0.0,0.0,10.1953,-28.0983,0.318909,-1.64422,extended
3.60501,21,-5.82469,-0.153281,-8.07601,-0.0375506,-0.603206,0.0402137,0.0,0.0,0.0,0.0,6.67969,-35.1235,0.209571,-1.65926,extended
3.7051,22,-5.93007,-0.0862207,-8.21013,0.0484695,-0.649811,-0.04048,0.0,0.0,0.0,0.0,2.63672,-40.3926,0.0828839,-1.66883,extended
3.80519,23,-6.14083,-0.114961,-8.46879,0.0407464,-0.683367,-0.0343548,0.0,0.0,0.0,0.0,-1.40625,-40.3922,-0.0442159,-1.6701,extended
3.90529,24,-6.21747,-0.153281,-8.50711,-0.0287621,-0.655138,0.0511327,0.0,0.0,0.0,0.0,-5.80078,-43.9005,-0.182098,-1.66205,extended
4.00538,25,-6.02587,-0.258662,-8.35383,-0.0506001,-0.622913,0.0745685,0.0,0.0,0.0,0.0,-8.78906,-29.8578,-0.275295,-1.65098,extended
4.10547,26,-5.69057,-0.335303,-8.02811,-0.0173105,-0.519316,0.0332895,0.0,0.0,0.0,0.0,-11.7773,-29.8544,-0.367743,-1.63543,extended
4.20556,27,-5.51813,-0.172441,-7.7407,0.0245011,-0.385626,-0.0199737,0.0,0.0,0.0,0.0,-14.0625,-22.8302,-0.437777,-1.62053,extended
4.30566,28,-5.40316,-0.134121,-7.67364,0.026099,-0.223173,-0.010919,0.0,0.0,0.0,0.0,-15.4688,-14.0493,-0.480536,-1.61008,extended
4.41484,29,-5.49897,-0.00958008,-7.597,-0.00932106,0.00692422,0.0396811,0.0,0.0,0.0,0.0,-15.8203,-3.21994,-0.495994,-1.63888,seated
4.51491,30,-7.95147,0.0383203,-7.75028,-0.0135821,0.999218,-0.16485,0.0,0.0,0.0,0.0,-14.9414,8.78306,-0.469085,-1.64581,seated
4.615,31,-5.67141,-0.239502,-8.42089,-0.0213053,2.79579,-0.0593885,0.0,0.0,0.0,0.0,-13.3594,15.8057,-0.420376,-1.65731,seated
4.71509,32,-1.8777,-0.613125,-7.75028,-0.0316916,2.44904,0.0551274,0.0,0.0,0.0,0.0,-10.7227,26.3437,-0.338499,-1.67366,seated
4.81518,33,-2.60578,0.0766406,-10.1836,0.0237021,0.0250337,0.26312,0.0,0.0,0.0,0.0,-7.20703,35.1232,-0.228247,-1.68994,seated
4.91528,34,-1.06339,-0.977168,-10.2411,-0.0183758,1.08364,-0.105727,0.0,0.0,0.0,0.0,-3.51562,36.8774,-0.111564,-1.70019,seated
5.01538,35,-2.20342,-0.603545,-10.4135,0.0242348,0.662594,-0.0817591,0.0,0.0,0.0,0.0,0.175781,36.8791,0.00558169,-1.70339,seated
5.11547,36,-1.33163,-0.431104,-10.1932,0.0306264,0.703607,0.0175769,0.0,0.0,0.0,0.0,4.04297,38.6367,0.128272,-1.69916,seated
5.21556,37,-1.42743,-0.373623,-10.0399,-0.00479369,0.709732,0.105727,0.0,0.0,0.0,0.0,8.08594,40.3922,0.255907,-1.68647,seated
5.31566,38,-1.32205,-0.450264,-10.0112,0.0141148,0.650078,-0.000798948,0.0,0.0,0.0,0.0,11.9531,38.6352,0.376808,-1.66647,seated
5.41574,39,-1.34121,-0.316143,-9.74294,0.03036,0.524909,-0.0529969,0.0,0.0,0.0,0.0,14.0625,21.077,0.442066,-1.65235,seated
5.53171,40,-1.16877,-0.249082,-9.43638,0.00798948,0.364587,-0.000532632,0.0,0.0,0.0,0.0,16.1719,18.1892,0.501809,-1.6045,extended
5.6318,41,0.632285,-1.19751,-7.90356,-0.0721717,-0.474309,0.289486,0.0,0.0,0.0,0.0,17.2266,10.5365,0.533575,-1.59566,extended
5.73191,42,-2.71116,-0.287402,-6.75396,-0.0130495,-2.9364,0.117445,0.0,0.0,0.0,0.0,17.0508,-1.75602,0.528293,-1.59717,extended
5.832,43,-8.69871,-1.25499,-8.73703,0.0655138,-1.58405,-0.173904,0.0,0.0,0.0,0.0,15.6445,-14.0494,0.485861,-1.60871,extended
5.93209,44,-4.45474,-0.900527,-7.95147,0.0743022,-0.0282295,-0.0242348,0.0,0.0,0.0,0.0,13.5352,-21.0743,0.421673,-1.6242,extended
6.03219,45,-6.8785,-0.134121,-8.46879,-0.0548611,-0.40773,0.0982706,0.0,0.0,0.0,0.0,10.1953,-33.3663,0.318909,-1.64422,extended
6.13226,46,-6.37075,-0.162861,-8.58375,-0.106793,-0.618386,0.146474,0.0,0.0,0.0,0.0,7.55859,-26.3482,0.236996,-1.65608,extended
6.23235,47,-6.28453,-0.229922,-8.46879,-0.0388822,-0.637827,0.092678,0.0,0.0,0.0,0.0,3.69141,-38.6355,0.115998,-1.66713,extended
6.33245,48,-6.25579,-0.134121,-8.50711,0.0402137,-0.664991,-0.0444748,0.0,0.0,0.0,0.0,-0.527344,-42.1484,-0.0165824,-1.67053,extended
6.43254,49,-6.13125,0.00958008,-8.44005,0.0399474,-0.659931,-0.0346211,0.0,0.0,0.0,0.0,-4.74609,-42.1483,-0.149073,-1.66487,extended
6.53263,50,-6.05461,0.0574805,-8.27719,-0.0146474,-0.627174,0.0431432,0.0,0.0,0.0,0.0,-8.26172,-35.125,-0.258895,-1.65326,extended
6.63272,51,-5.84385,-0.162861,-8.07601,-0.0495348,-0.545682,0.0814927,0.0,0.0,0.0,0.0,-10.8984,-26.344,-0.340645,-1.64047,extended
6.73281,52,-5.63309,-0.287402,-7.86524,-0.0215716,-0.421046,0.0511327,0.0,0.0,0.0,0.0,-13.3594,-24.5864,-0.416297,-1.62539,extended
6.8329,53,-5.50854,-0.354463,-7.71196,0.0255663,-0.274039,-0.00772317,0.0,0.0,0.0,0.0,-14.9414,-15.8053,-0.464534,-1.61412,extended
6.94147,54,-5.4798,-0.249082,-7.32876,0.0314253,-0.0223706,-0.0295611,0.0,0.0,0.0,0.0,-15.6445,-6.47636,-0.490621,-1.64029,seated
7.04157,55,-7.27128,-0.632285,-8.05685,0.101999,0.8863,-0.101999,0.0,0.0,0.0,0.0,-15.1172,5.26828,-0.474476,-1.64445,seated
7.14166,56,-4.25355,-0.0574805,-9.97286,-0.0298274,2.73294,-0.0364853,0.0,0.0,0.0,0.0,-13.8867,12.2932,-0.43665,-1.65361,seated
7.24176,57,-0.373623,-0.507744,-10.7393,-0.0439422,2.77821,0.13662,0.0,0.0,0.0,0.0,-11.4258,24.5862,-0.36041,-1.66964,seated
7.34185,58,-2.53872,-1.04423,-11.1129,-0.0015979,-0.284426,0.373642,0.0,0.0,0.0,0.0,-8.08594,33.3684,-0.255907,-1.68647,seated
7.44191,59,-0.498164,-0.440684,-10.289,-0.0388822,1.12918,-0.104662,0.0,0.0,0.0,0.0,-4.74609,33.3781,-0.150533,-1.69756,seated
7.542,60,-2.15552,-0.440684,-10.6818,0.0287621,0.550742,-0.119576,0.0,0.0,0.0,0.0,-0.878906,38.6375,-0.0279074,-1.7032,seated
7.64209,61,-1.30289,-0.306563,-10.6914,0.0221042,0.723048,-0.0258327,0.0,0.0,0.0,0.0,2.98828,38.636,0.0948458,-1.70108,seated
7.74218,62,-1.53281,-0.555645,-10.653,-0.00213053,0.747549,0.117179,0.0,0.0,0.0,0.0,7.03125,40.3917,0.222708,-1.69059,seated
7.84228,63,-1.49449,-0.613125,-10.2698,-0.00639159,0.68097,0.0732369,0.0,0.0,0.0,0.0,10.5469,35.1235,0.333014,-1.67462,seated
7.94237,64,-1.34121,-0.431104,-9.88664,0.02024,0.540355,-0.0596548,0.0,0.0,0.0,0.0,13.3594,28.0985,0.420376,-1.65731,seated
8.04247,65,-1.23583,-0.344883,-9.4747,0.0316916,0.406132,-0.0346211,0.0,0.0,0.0,0.0,15.293,19.3174,0.479862,-1.64308,seated
8.14256,66,-1.07297,-0.249082,-9.35016,0.00319579,0.272441,0.0782969,0.0,0.0,0.0,0.0,16.6992,14.0489,0.522786,-1.63156,seated
8.24266,67,-1.04423,-0.402363,-9.35974,-0.0133158,0.0641822,0.0671117,0.0,0.0,0.0,0.0,17.0508,3.51221,0.533468,-1.62853,seated
8.34275,68,-1.09213,-0.344883,-9.36932,-0.00452737,-0.066579,-0.00852212,0.0,0.0,0.0,0.0,16.3477,-7.02476,0.512083,-1.63453,seated
8.44285,69,-1.14003,-0.364043,-9.51302,-0.00958738,-0.227168,-0.0205063,0.0,0.0,0.0,0.0,14.7656,-15.8047,0.46369,-1.64715,seated
8.54291,70,-1.21667,-0.479004,-9.72378,-0.021039,-0.40267,0.0756338,0.0,0.0,0.0,0.0,12.1289,-26.3522,0.382267,-1.66538,seated
8.643,71,-1.24541,-0.488584,-10.0112,-0.0255663,-0.531567,0.0625843,0.0,0.0,0.0,0.0,9.14062,-29.8571,0.289019,-1.68177,seated
8.74309,72,-1.22625,-0.479004,-10.3082,-0.0167779,-0.622381,-0.00506001,0.0,0.0,0.0,0.0,5.625,-35.1229,0.178327,-1.6952,seated
8.84319,73,-1.26457,-0.440684,-10.4902,-0.0173105,-0.660997,0.00719053,0.0,0.0,0.0,0.0,1.58203,-40.3892,0.0502289,-1.70275,seated
8.94329,74,-1.27415,-0.354463,-10.5381,-0.0308927,-0.682568,0.0593885,0.0,0.0,0.0,0.0,-2.28516,-38.6345,-0.0725428,-1.70205,seated
9.04338,75,-1.28373,-0.344883,-10.4135,-0.0271642,-0.644751,0.0569916,0.0,0.0,0.0,0.0,-5.97656,-36.879,-0.189434,-1.69414,seated
9.14348,76,-1.23583,-0.306563,-10.1645,-0.00932106,-0.565123,0.01012,0.0,0.0,0.0,0.0,-9.14062,-31.6105,-0.289019,-1.68177,seated
9.24357,77,-1.20709,-0.316143,-9.91538,-0.00692422,-0.482032,0.000266316,0.0,0.0,0.0,0.0,-11.9531,-28.0993,-0.376808,-1.66647,seated
9.34367,78,-1.14961,-0.373623,-9.62798,-0.00585895,-0.344879,0.0306264,0.0,0.0,0.0,0.0,-13.7109,-17.5615,-0.431229,-1.65486,seated
9.44376,79,-1.09213,-0.440684,-9.55134,-0.0157127,-0.155529,0.0452737,0.0,0.0,0.0,0.0,-14.7656,-10.5367,-0.46369,-1.64715,seated
9.54385,80,-1.10171,-0.479004,-9.45554,-0.0066579,0.0114516,0.0255663,0.0,0.0,0.0,0.0,-14.7656,0.0,-0.46369,-1.64715,seated
9.64395,81,-1.12087,-0.469424,-9.48428,0.000266316,0.150469,-0.000532632,0.0,0.0,0.0,0.0,-13.8867,8.7808,-0.43665,-1.65361,seated
9.74403,82,-1.13045,-0.450264,-9.6663,0.00506001,0.339287,0.01012,0.0,0.0,0.0,0.0,-12.1289,17.5628,-0.382267,-1.66538,seated
9.84413,83,-1.20709,-0.383203,-9.96328,0.000266316,0.452471,0.036219,0.0,0.0,0.0,0.0,-9.49219,26.3419,-0.300035,-1.68008,seated
9.94422,84,-1.24541,-0.383203,-10.2124,0.00106526,0.574178,0.047138,0.0,0.0,0.0,0.0,-6.32812,31.6118,-0.200533,-1.69302,seated
10.0443,85,-1.29331,-0.296982,-10.3561,0.00905475,0.656203,0.00852212,0.0,0.0,0.0,0.0,-2.8125,35.1228,-0.0892713,-1.70135,seated
10.1444,86,-1.33163,-0.364043,-10.4806,0.01518,0.703874,-0.00745685,0.0,0.0,0.0,0.0,1.05469,38.635,0.0334883,-1.70311,seated
10.2445,87,-1.35079,-0.354463,-10.471,0.0170442,0.713461,0.0213053,0.0,0.0,0.0,0.0,5.09766,40.393,0.161656,-1.69666,seated
10.3446,88,-1.28373,-0.440684,-10.3369,0.0117179,0.684166,0.0308927,0.0,0.0,0.0,0.0,8.61328,35.1233,0.272474,-1.68419,seated
10.4447,89,-1.25499,-0.469424,-10.0112,0.0111853,0.605869,0.00719053,0.0,0.0,0.0,0.0,11.9531,33.3658,0.376808,-1.66647,seated
10.5448,90,-1.19751,-0.488584,-9.74294,0.0162453,0.459662,-0.00266316,0.0,0.0,0.0,0.0,14.2383,22.831,0.447478,-1.65107,seated
10.6449,91,-1.18793,-0.450264,-9.53218,0.00692422,0.349407,0.0239685,0.0,0.0,0.0,0.0,15.8203,15.8059,0.495994,-1.63888,seated
10.745,92,-1.14961,-0.431104,-9.38848,-0.00106526,0.190416,0.0340885,0.0,0.0,0.0,0.0,16.6992,8.78122,0.522786,-1.63156,seated
10.8451,93,-1.13045,-0.364043,-9.29268,-0.00745685,0.0197074,0.0229032,0.0,0.0,0.0,0.0,16.3477,-3.51239,0.512083,-1.63453,seated
10.9452,94,-1.14003,-0.335303,-9.43638,-0.00905475,-0.145675,0.0181095,0.0,0.0,0.0,0.0,15.293,-10.5366,0.479862,-1.64308,seated
11.0453,95,-1.18793,-0.373623,-9.63756,-0.0146474,-0.299872,0.0407464,0.0,0.0,0.0,0.0,13.3594,-19.3167,0.420376,-1.65731,seated
11.1453,96,-1.18793,-0.402363,-9.86748,-0.0175769,-0.43809,0.0378169,0.0,0.0,0.0,0.0,10.3711,-29.8544,0.327525,-1.67557,seated
11.2454,97,-1.25499,-0.431104,-10.1453,-0.0215716,-0.545415,0.0327569,0.0,0.0,0.0,0.0,7.20703,-31.613,0.228247,-1.68994,seated
11.3455,98,-1.30289,-0.459844,-10.3752,-0.0170442,-0.617054,0.0231695,0.0,0.0,0.0,0.0,3.51562,-36.8794,0.111564,-1.70019,seated
11.4456,99,-1.28373,-0.421523,-10.4998,-0.0218379,-0.651409,0.0306264,0.0,0.0,0.0,0.0,-0.175781,-36.8801,-0.00558169,-1.70339,seated
11.5457,100,-1.27415,-0.392783,-10.4231,-0.0218379,-0.64848,0.0410127,0.0,0.0,0.0,0.0,-4.04297,-38.6358,-0.128272,-1.69916,seated
