8.82149e-06,0,-1.13045,-0.325723,-9.77168,-0.00878843,0.000266316,0.0279632,0.0,0.0,0.0,0.0,-1.75781,0.0,-0.0558082,-1.7026,seated
0.116083,1,-1.01549,-0.296982,-9.72378,-0.00772317,0.021039,0.0322242,0.0,0.0,0.0,0.0,-1.75781,0.0,-0.0552668,-1.66981,extended
0.216171,2,1.69567,-2.17468,-8.67955,-0.0503337,-0.837032,0.104662,0.0,0.0,0.0,0.0,-1.58203,1.75626,-0.0497416,-1.66996,extended
0.316265,3,-3.70749,0.536484,-7.94188,-0.0721717,-2.92735,-0.0287621,0.0,0.0,0.0,0.0,-1.40625,1.75616,-0.0442159,-1.6701,extended
0.416361,4,-11.2662,-1.07297,-8.72745,0.0743022,-1.38964,-0.0756338,0.0,0.0,0.0,0.0,-1.05469,3.51225,-0.0331634,-1.67032,extended
0.516454,5,-5.05828,-0.0766406,-7.55868,0.0194411,0.646882,-0.0793622,0.0,0.0,0.0,0.0,-0.878906,1.75618,-0.0276366,-1.6704,extended
0.616551,6,-6.74438,0.0766406,-7.7407,-0.0431432,-0.135289,0.0444748,0.0,0.0,0.0,0.0,-0.175781,7.02444,-0.00552754,-1.67059,extended
0.716642,7,-5.42232,-0.220342,-7.597,-0.0812264,0.181628,0.100667,0.0,0.0,0.0,0.0,0.527344,7.02486,0.0165824,-1.67053,extended
0.816735,8,-6.15999,-0.383203,-8.05685,-0.0553938,0.193079,0.0591222,0.0,0.0,0.0,0.0,1.05469,5.26853,0.0331634,-1.67032,extended
0.916842,9,-6.48571,-0.249082,-8.04727,0.0213053,0.0860201,-0.0130495,0.0,0.0,0.0,0.0,1.40625,3.51187,0.0442159,-1.6701,extended
1.0169,10,-6.18873,-0.114961,-7.86524,0.0367516,0.077498,-0.026099,0.0,0.0,0.0,0.0,1.75781,3.51366,0.0552668,-1.66981,extended
1.11699,11,-5.86301,-0.0958008,-7.72154,-0.00292948,0.0910801,0.0335558,0.0,0.0,0.0,0.0,2.10938,3.5124,0.0663156,-1.66947,extended
1.21708,12,-5.90133,-0.182021,-7.70238,-0.0306264,0.082558,0.0737696,0.0,0.0,0.0,0.0,2.46094,3.51235,0.0773619,-1.66906,extended
1.31718,13,-5.80553,-0.220342,-7.66406,-0.00958738,0.0569916,0.0298274,0.0,0.0,0.0,0.0,2.46094,0.0,0.0773619,-1.66906,extended
1.41727,14,-5.88217,-0.220342,-7.62574,0.0183758,0.0242348,-0.0098537,0.0,0.0,0.0,0.0,2.28516,-1.75618,0.0718391,-1.66927,extended
1.51737,15,-5.78637,-0.172441,-7.60658,0.00878843,0.00133158,0.00905475,0.0,0.0,0.0,0.0,2.10938,-1.75613,0.0663156,-1.66947,extended
1.61746,16,-5.76721,-0.124541,-7.57784,-0.021039,-0.0197074,0.0543285,0.0,0.0,0.0,0.0,1.93359,-1.75613,0.0607915,-1.66965,extended
1.71756,17,-5.88217,-0.201182,-7.597,-0.0239685,-0.0391485,0.0458064,0.0,0.0,0.0,0.0,1.40625,-5.26838,0.0442159,-1.6701,extended
1.81765,18,-5.82469,-0.191602,-7.6449,0.00745685,-0.0583232,0.00772317,0.0,0.0,0.0,0.0,0.878906,-5.26843,0.0276366,-1.6704,extended
1.91774,19,-5.82469,-0.105381,-7.72154,0.0191748,-0.0660464,-0.00452737,0.0,0.0,0.0,0.0,0.351562,-5.26864,0.011055,-1.67057,extended
2.01784,20,-5.83427,-0.134121,-7.71196,-0.0114516,-0.066579,0.0306264,0.0,0.0,0.0,0.0,-0.175781,-5.26838,-0.00552754,-1.67059,extended
2.11793,21,-5.78637,-0.201182,-7.71196,-0.0274306,-0.061519,0.0479369,0.0,0.0,0.0,0.0,-0.703125,-5.26848,-0.0221096,-1.67047,extended
2.21803,22,-5.81511,-0.201182,-7.7407,-0.00719053,-0.0479369,0.0221042,0.0,0.0,0.0,0.0,-1.23047,-5.26854,-0.0386899,-1.67021,extended
2.31813,23,-5.87259,-0.182021,-7.70238,0.00878843,-0.0388822,0.000798948,0.0,0.0,0.0,0.0,-1.58203,-3.51204,-0.0497416,-1.66996,extended
2.41823,24,-5.84385,-0.134121,-7.7407,0.00266316,-0.0237021,0.0162453,0.0,0.0,0.0,0.0,-1.93359,-3.51208,-0.0607915,-1.66965,extended
2.51833,25,-5.82469,-0.172441,-7.70238,-0.0175769,0.00213053,0.0431432,0.0,0.0,0.0,0.0,-1.93359,0.0,-0.0607915,-1.66965,extended
2.61841,26,-5.82469,-0.191602,-7.70238,-0.0125169,0.0258327,0.03542,0.0,0.0,0.0,0.0,-1.93359,0.0,-0.0607915,-1.66965,extended
2.71851,27,-5.82469,-0.162861,-7.6928,0.00905475,0.0553938,0.00958738,0.0,0.0,0.0,0.0,-1.93359,0.0,-0.0607915,-1.66965,extended
2.8186,28,-5.84385,-0.143701,-7.6449,0.01012,0.071639,0.010919,0.0,0.0,0.0,0.0,-1.75781,1.75614,-0.0552668,-1.66981,extended
2.9187,29,-5.83427,-0.114961,-7.67364,-0.00932106,0.0969391,0.0383495,0.0,0.0,0.0,0.0,-1.23047,5.26849,-0.0386899,-1.67021,extended
3.01879,30,-5.82469,-0.162861,-7.70238,-0.0125169,0.109456,0.0418116,0.0,0.0,0.0,0.0,-0.878906,3.51225,-0.0276366,-1.6704,extended
3.11889,31,-5.81511,-0.191602,-7.73112,-0.00266316,0.125968,0.0194411,0.0,0.0,0.0,0.0,-0.351562,5.26832,-0.011055,-1.67057,extended
3.21898,32,-5.80553,-0.153281,-7.70238,0.0173105,0.130495,0.00559264,0.0,0.0,0.0,0.0,0.175781,5.26859,0.00552754,-1.67059,extended
3.31908,33,-5.80553,-0.153281,-7.70238,0.00506001,0.137952,0.0245011,0.0,0.0,0.0,0.0,0.703125,5.26823,0.0221096,-1.67047,extended
3.41918,34,-5.80553,-0.162861,-7.70238,-0.0146474,0.127565,0.0388822,0.0,0.0,0.0,0.0,1.23047,5.26838,0.0386899,-1.67021,extended
3.51927,35,-5.82469,-0.153281,-7.6928,-0.00932106,0.121174,0.0250337,0.0,0.0,0.0,0.0,1.75781,5.26827,0.0552668,-1.66981,extended
3.61937,36,-5.81511,-0.134121,-7.70238,0.0106526,0.0980043,0.00932106,0.0,0.0,0.0,0.0,2.10938,3.51229,0.0663156,-1.66947,extended
3.71947,37,-5.78637,-0.153281,-7.67364,0.00346211,0.0769654,0.0149137,0.0,0.0,0.0,0.0,2.28516,1.75611,0.0718391,-1.66927,extended
3.81956,38,-5.75763,-0.134121,-7.66406,-0.0066579,0.0612527,0.0356864,0.0,0.0,0.0,0.0,2.46094,1.75613,0.0773619,-1.66906,extended
3.91966,39,-5.80553,-0.153281,-7.71196,-0.01012,0.0335558,0.0284958,0.0,0.0,0.0,0.0,2.46094,0.0,0.0773619,-1.66906,extended
4.01975,40,-5.79595,-0.182021,-7.65448,0.00213053,0.010919,0.0149137,0.0,0.0,0.0,0.0,2.28516,-1.75614,0.0718391,-1.66927,extended
4.11984,41,-5.81511,-0.143701,-7.67364,0.00426106,-0.00852212,0.0141148,0.0,0.0,0.0,0.0,1.93359,-3.51243,0.0607915,-1.66965,extended
4.21993,42,-5.79595,-0.143701,-7.67364,-0.00639159,-0.0324906,0.0258327,0.0,0.0,0.0,0.0,1.58203,-3.51246,0.0497416,-1.66996,extended
4.32003,43,-5.82469,-0.191602,-7.71196,-0.0133158,-0.0511327,0.0274306,0.0,0.0,0.0,0.0,1.05469,-5.26843,0.0331634,-1.67032,extended
4.42013,44,-5.84385,-0.153281,-7.71196,-0.00559264,-0.056459,0.0191748,0.0,0.0,0.0,0.0,0.527344,-5.26839,0.0165824,-1.67053,extended
4.52022,45,-5.78637,-0.143701,-7.71196,0.000798948,-0.0633832,0.0154463,0.0,0.0,0.0,0.0,0.0,-5.26828,0.0,-1.6706,extended
4.62032,46,-5.80553,-0.143701,-7.71196,-0.00639159,-0.0657801,0.0157127,0.0,0.0,0.0,0.0,-0.527344,-5.26832,-0.0165824,-1.67053,extended
4.72042,47,-5.81511,-0.153281,-7.70238,-0.00772317,-0.0583232,0.0316916,0.0,0.0,0.0,0.0,-0.878906,-3.51221,-0.0276366,-1.6704,extended
4.82051,48,-5.84385,-0.201182,-7.71196,-0.00932106,-0.047138,0.0218379,0.0,0.0,0.0,0.0,-1.40625,-5.26833,-0.0442159,-1.6701,extended
4.92061,49,-5.77679,-0.153281,-7.73112,0.00319579,-0.0282295,0.0167779,0.0,0.0,0.0,0.0,-1.75781,-3.51228,-0.0552668,-1.66981,extended
5.0207,50,-5.79595,-0.153281,-7.71196,0.000798948,-0.00905475,0.0213053,0.0,0.0,0.0,0.0,-1.93359,-1.75614,-0.0607915,-1.66965,extended
5.1208,51,-5.76721,-0.134121,-7.72154,-0.00905475,0.0141148,0.0271642,0.0,0.0,0.0,0.0,-1.93359,0.0,-0.0607915,-1.66965,extended
5.2209,52,-5.80553,-0.172441,-7.72154,-0.00745685,0.0370179,0.0295611,0.0,0.0,0.0,0.0,-1.93359,0.0,-0.0607915,-1.66965,extended
5.321,53,-5.80553,-0.143701,-7.71196,0.00292948,0.0655138,0.0146474,0.0,0.0,0.0,0.0,-1.75781,1.75605,-0.0552668,-1.66981,extended
5.42109,54,-5.78637,-0.162861,-7.75028,0.00106526,0.0838896,0.0175769,0.0,0.0,0.0,0.0,-1.40625,3.51223,-0.0442159,-1.6701,extended
5.52119,55,-5.80553,-0.143701,-7.72154,-0.00798948,0.105727,0.0292948,0.0,0.0,0.0,0.0,-1.05469,3.51236,-0.0331634,-1.67032,extended
5.62128,56,-5.81511,-0.191602,-7.71196,-0.00346211,0.120908,0.0316916,0.0,0.0,0.0,0.0,-0.527344,5.26858,-0.0165824,-1.67053,extended
5.72137,57,-5.82469,-0.143701,-7.65448,-0.0015979,0.130495,0.0237021,0.0,0.0,0.0,0.0,0.0,5.26848,0.0,-1.6706,extended
5.82147,58,-5.79595,-0.182021,-7.66406,-0.0015979,0.13156,0.0183758,0.0,0.0,0.0,0.0,0.527344,5.26837,0.0165824,-1.67053,extended
5.92156,59,-5.81511,-0.143701,-7.7407,0.00266316,0.123571,0.0205063,0.0,0.0,0.0,0.0,1.05469,5.26848,0.0331634,-1.67032,extended
6.02166,60,-5.83427,-0.162861,-7.67364,-0.00905475,0.119043,0.0263653,0.0,0.0,0.0,0.0,1.58203,5.26844,0.0497416,-1.66996,extended
6.12175,61,-5.79595,-0.143701,-7.70238,-0.00426106,0.107592,0.0205063,0.0,0.0,0.0,0.0,1.93359,3.51236,0.0607915,-1.66965,extended
6.22184,62,-5.81511,-0.153281,-7.6449,0.00266316,0.0860201,0.0197074,0.0,0.0,0.0,0.0,2.28516,3.51239,0.0718391,-1.66927,extended
6.3219,63,-5.82469,-0.182021,-7.67364,-0.00532632,0.0631169,0.0218379,0.0,0.0,0.0,0.0,2.28516,0.0,0.0718391,-1.66927,extended
6.422,64,-5.77679,-0.162861,-7.67364,-0.00798948,0.0439422,0.0332895,0.0,0.0,0.0,0.0,2.46094,1.75617,0.0773619,-1.66906,extended
6.52209,65,-5.81511,-0.201182,-7.68322,-0.00346211,0.0242348,0.0255663,0.0,0.0,0.0,0.0,2.28516,-1.75627,0.0718391,-1.66927,extended
6.62218,66,-5.79595,-0.201182,-7.71196,-0.00346211,-0.00239685,0.0170442,0.0,0.0,0.0,0.0,2.10938,-1.75613,0.0663156,-1.66947,extended
6.72228,67,-5.78637,-0.172441,-7.65448,-0.00133158,-0.0271642,0.0239685,0.0,0.0,0.0,0.0,1.75781,-3.51229,0.0552668,-1.66981,extended
6.82237,68,-5.80553,-0.143701,-7.71196,-0.00532632,-0.0436758,0.0255663,0.0,0.0,0.0,0.0,1.23047,-5.26863,0.0386899,-1.67021,extended
6.92246,69,-5.84385,-0.172441,-7.71196,-0.0066579,-0.0535295,0.0237021,0.0,0.0,0.0,0.0,0.703125,-5.26863,0.0221096,-1.67047,extended
7.02255,70,-5.78637,-0.172441,-7.71196,-0.000798948,-0.0652474,0.021039,0.0,0.0,0.0,0.0,0.175781,-5.26837,0.00552754,-1.67059,extended
7.12265,71,-5.84385,-0.124541,-7.73112,-0.00346211,-0.066579,0.0178432,0.0,0.0,0.0,0.0,-0.351562,-5.26848,-0.011055,-1.67057,extended
7.22274,72,-5.80553,-0.124541,-7.73112,-0.0066579,-0.0593885,0.0194411,0.0,0.0,0.0,0.0,-0.878906,-5.26851,-0.0276366,-1.6704,extended
7.32284,73,-5.82469,-0.191602,-7.72154,-0.00506001,-0.0479369,0.026099,0.0,0.0,0.0,0.0,-1.23047,-3.51215,-0.0386899,-1.67021,extended
7.42294,74,-5.79595,-0.191602,-7.7407,-0.00798948,-0.0346211,0.0221042,0.0,0.0,0.0,0.0,-1.58203,-3.51231,-0.0497416,-1.66996,extended
7.52303,75,-5.80553,-0.172441,-7.70238,0.0,-0.0098537,0.0181095,0.0,0.0,0.0,0.0,-1.93359,-3.51243,-0.0607915,-1.66965,extended
7.62312,76,-5.81511,-0.201182,-7.6928,-0.00372843,0.00745685,0.02024,0.0,0.0,0.0,0.0,-1.93359,0.0,-0.0607915,-1.66965,extended
7.72322,77,-5.77679,-0.153281,-7.71196,-0.00479369,0.0322242,0.0234358,0.0,0.0,0.0,0.0,-1.93359,0.0,-0.0607915,-1.66965,extended
7.82331,78,-5.81511,-0.134121,-7.71196,-0.00452737,0.0551274,0.0239685,0.0,0.0,0.0,0.0,-1.93359,0.0,-0.0607915,-1.66965,extended
7.92342,79,-5.81511,-0.162861,-7.72154,0.00213053,0.0740359,0.02024,0.0,0.0,0.0,0.0,-1.58203,3.51197,-0.0497416,-1.66996,extended
8.02353,80,-5.80553,-0.153281,-7.71196,-0.00133158,0.097738,0.0229032,0.0,0.0,0.0,0.0,-1.23047,3.51173,-0.0386899,-1.67021,extended
8.12364,81,-5.82469,-0.162861,-7.71196,-0.00213053,0.110255,0.02024,0.0,0.0,0.0,0.0,-0.703125,5.26745,-0.0221096,-1.67047,extended
8.22375,82,-5.82469,-0.220342,-7.72154,-0.000532632,0.120908,0.0255663,0.0,0.0,0.0,0.0,-0.175781,5.26744,-0.00552754,-1.67059,extended
8.32386,83,-5.80553,-0.172441,-7.6928,0.0015979,0.125968,0.0242348,0.0,0.0,0.0,0.0,0.351562,5.26764,0.011055,-1.67057,extended
8.42391,84,-5.81511,-0.153281,-7.6928,-0.0015979,0.124103,0.0255663,0.0,0.0,0.0,0.0,0.878906,5.27107,0.0276366,-1.6704,extended
8.52401,85,-5.81511,-0.124541,-7.70238,-0.00266316,0.119043,0.0221042,0.0,0.0,0.0,0.0,1.40625,5.26792,0.0442159,-1.6701,extended
8.62411,86,-5.81511,-0.153281,-7.6928,-0.00346211,0.109722,0.0245011,0.0,0.0,0.0,0.0,1.75781,3.51238,0.0552668,-1.66981,extended
8.72419,87,-5.79595,-0.153281,-7.66406,0.000532632,0.0916127,0.0239685,0.0,0.0,0.0,0.0,2.10938,3.51259,0.0663156,-1.66947,extended
8.82428,88,-5.77679,-0.153281,-7.66406,-0.000798948,0.0745685,0.0221042,0.0,0.0,0.0,0.0,2.28516,1.75621,0.0718391,-1.66927,extended
8.92437,89,-5.78637,-0.162861,-7.63532,-0.00266316,0.0500674,0.0276969,0.0,0.0,0.0,0.0,2.28516,0.0,0.0718391,-1.66927,extended
9.02448,90,-5.77679,-0.172441,-7.63532,-0.0066579,0.0245011,0.0194411,0.0,0.0,0.0,0.0,2.28516,0.0,0.0718391,-1.66927,extended
9.12459,91,-5.78637,-0.153281,-7.67364,-0.00479369,0.00506001,0.0215716,0.0,0.0,0.0,0.0,2.10938,-1.75592,0.0663156,-1.66947,extended
9.22468,92,-5.80553,-0.134121,-7.71196,-0.0015979,-0.0178432,0.0194411,0.0,0.0,0.0,0.0,1.75781,-3.51222,0.0552668,-1.66981,extended
9.32479,93,-5.81511,-0.143701,-7.67364,-0.00426106,-0.0402137,0.0229032,0.0,0.0,0.0,0.0,1.40625,-3.51183,0.0442159,-1.6701,extended
9.42489,94,-5.78637,-0.143701,-7.70238,-0.00852212,-0.0500674,0.026099,0.0,0.0,0.0,0.0,0.878906,-5.26833,0.0276366,-1.6704,extended
9.52498,95,-5.82469,-0.134121,-7.71196,-0.00639159,-0.0612527,0.0231695,0.0,0.0,0.0,0.0,0.351562,-5.26847,0.011055,-1.67057,extended
9.62508,96,-5.85343,-0.172441,-7.72154,0.000266316,-0.0639159,0.0223706,0.0,0.0,0.0,0.0,-0.175781,-5.26846,-0.00552754,-1.67059,extended
9.72517,97,-5.84385,-0.172441,-7.71196,-0.0066579,-0.0575243,0.0178432,0.0,0.0,0.0,0.0,-0.703125,-5.26844,-0.0221096,-1.67047,extended
9.82527,98,-5.82469,-0.143701,-7.7407,-0.00266316,-0.0508664,0.0231695,0.0,0.0,0.0,0.0,-1.05469,-3.51215,-0.0331634,-1.67032,extended
9.92536,99,-5.82469,-0.172441,-7.70238,-0.00798948,-0.03542,0.0194411,0.0,0.0,0.0,0.0,-1.40625,-3.51235,-0.0442159,-1.6701,extended
10.0255,100,-5.81511,-0.191602,-7.7407,-0.00692422,-0.0194411,0.0229032,0.0,0.0,0.0,0.0,-1.75781,-3.51224,-0.0552668,-1.66981,extended
