1.40667e-05,0,-1.28373,-0.344883,-10.3465,0.01012,0.662062,0.0181095,0.0,0.0,0.0,0.0,-4.21875,0.0,-0.13384,-1.69878,seated
0.103873,1,-1.27415,-0.296982,-10.5381,0.0189084,0.715858,0.0170442,0.0,0.0,0.0,0.0,-0.351562,37.235,-0.011055,-1.67057,extended
0.163944,2,2.13636,-0.450264,-10.6243,-0.0625843,0.472178,0.132093,0.0,0.0,0.0,0.0,1.93359,38.0409,0.0607915,-1.66965,extended
0.224015,3,0.948428,-0.565225,-10.0591,0.0737696,-0.702009,0.104396,0.0,0.0,0.0,0.0,4.39453,40.9672,0.138053,-1.66569,extended
0.284084,4,-0.689766,-0.0191602,-12.502,0.1012,-2.08472,0.161654,0.0,0.0,0.0,0.0,6.85547,40.9685,0.21506,-1.65866,extended
0.344156,5,-2.5004,-0.526904,-7.67364,0.000266316,-2.29937,0.108923,0.0,0.0,0.0,0.0,8.78906,32.188,0.275295,-1.65098,extended
0.404225,6,-10.0974,-1.06339,-8.64123,0.0612527,-0.622647,-0.133691,0.0,0.0,0.0,0.0,10.7227,32.1896,0.335216,-1.64143,extended
0.464294,7,-6.85934,0.593965,-7.98021,0.181095,0.887632,-0.113451,0.0,0.0,0.0,0.0,11.9531,20.4842,0.373153,-1.63438,extended
0.524364,8,-4.98164,-0.335303,-7.75986,0.0980043,0.604005,-0.0777643,0.0,0.0,0.0,0.0,13.5352,26.3364,0.421673,-1.6242,extended
0.584437,9,-6.06419,-0.469424,-7.71196,-0.015979,0.309459,0.00532632,0.0,0.0,0.0,0.0,14.7656,20.4829,0.459191,-1.61543,extended
0.644507,10,-5.3361,-0.440684,-7.08926,-0.0532632,0.418915,0.1012,0.0,0.0,0.0,0.0,15.6445,14.6314,0.485861,-1.60871,extended
0.704574,11,-5.95881,-0.354463,-7.80776,-0.0942759,0.174171,0.115581,0.0,0.0,0.0,0.0,16.3477,11.7057,0.507115,-1.60306,extended
0.764645,12,-5.1924,-0.191602,-7.32876,-0.0676443,0.17497,0.0857538,0.0,0.0,0.0,0.0,16.5234,2.92623,0.512417,-1.60161,extended
0.824717,13,-5.29778,-0.0670606,-7.25212,-0.00292948,0.0111853,0.0439422,0.0,0.0,0.0,0.0,16.3477,-2.92617,0.507115,-1.60306,extended
0.884793,14,-5.40316,-0.124541,-7.39582,0.0324906,-0.056459,-0.0173105,0.0,0.0,0.0,0.0,15.6445,-11.7039,0.485861,-1.60871,extended
0.944865,15,-5.64267,0.00958008,-7.55868,0.0447411,-0.203199,-0.0482032,0.0,0.0,0.0,0.0,14.7656,-14.6309,0.459191,-1.61543,extended
1.00494,16,-5.41274,0.0479004,-7.44372,0.0250337,-0.260191,-0.0173105,0.0,0.0,0.0,0.0,13.7109,-17.5576,0.427045,-1.62299,extended
1.06501,17,-5.76721,-0.0574805,-7.75028,-0.0189084,-0.37737,0.0458064,0.0,0.0,0.0,0.0,11.9531,-29.2623,0.373153,-1.63438,extended
1.12508,18,-5.72889,-0.143701,-7.81734,-0.0591222,-0.443683,0.0636496,0.0,0.0,0.0,0.0,10.3711,-26.3352,0.324347,-1.64331,extended
1.18515,19,-5.81511,-0.191602,-7.8844,-0.0577906,-0.517985,0.0761664,0.0,0.0,0.0,0.0,8.61328,-29.2642,0.269831,-1.65176,extended
1.24522,20,-5.96839,-0.220342,-8.13349,-0.0367516,-0.56459,0.0527306,0.0,0.0,0.0,0.0,6.50391,-35.1153,0.20408,-1.65985,extended
1.30529,21,-6.04503,-0.201182,-8.18139,-0.00372843,-0.620517,0.0,0.0,0.0,0.0,0.0,4.21875,-38.0409,0.132541,-1.66607,extended
1.36536,22,-6.13125,-0.153281,-8.26761,0.0231695,-0.647148,-0.0274306,0.0,0.0,0.0,0.0,1.93359,-38.0409,0.0607915,-1.66965,extended
1.42543,23,-6.16957,-0.124541,-8.34425,0.0130495,-0.674845,-0.0250337,0.0,0.0,0.0,0.0,-0.703125,-43.8904,-0.0221096,-1.67047,extended
1.4855,24,-6.21747,-0.0862207,-8.40173,-0.00506001,-0.674845,0.00639159,0.0,0.0,0.0,0.0,-2.98828,-38.0415,-0.0939257,-1.66833,extended
1.54557,25,-6.16957,-0.0862207,-8.35383,-0.0266316,-0.657268,0.036219,0.0,0.0,0.0,0.0,-5.09766,-35.1164,-0.160087,-1.66399,extended
1.60564,26,-6.17915,-0.105381,-8.38257,-0.0436758,-0.631169,0.0551274,0.0,0.0,0.0,0.0,-7.20703,-35.1154,-0.226032,-1.6574,extended
1.66571,27,-6.01629,-0.114961,-8.20055,-0.036219,-0.569384,0.0492685,0.0,0.0,0.0,0.0,-9.49219,-38.0402,-0.297124,-1.64773,extended
1.72578,28,-5.93965,-0.153281,-8.08559,-0.0146474,-0.531567,0.0322242,0.0,0.0,0.0,0.0,-11.0742,-26.3365,-0.346071,-1.63949,extended
1.78585,29,-5.79595,-0.143701,-7.98979,0.0,-0.463124,0.0,0.0,0.0,0.0,0.0,-12.4805,-23.4105,-0.38936,-1.63112,extended
1.84592,30,-5.71931,-0.134121,-7.90356,0.0178432,-0.379767,-0.0149137,0.0,0.0,0.0,0.0,-13.7109,-20.4853,-0.427045,-1.62299,extended
1.90599,31,-5.60435,-0.134121,-7.7886,0.0149137,-0.29135,-0.0127832,0.0,0.0,0.0,0.0,-14.7656,-17.5579,-0.459191,-1.61543,extended
2.00669,32,-5.51813,-0.105381,-7.63532,-0.00426106,-0.136088,0.0197074,0.0,0.0,0.0,0.0,-15.4688,-6.98238,-0.485244,-1.6417,seated
2.06676,33,-5.24988,-0.249082,-7.56826,0.0420779,0.0806938,-0.0191748,0.0,0.0,0.0,0.0,-15.293,2.92623,-0.479862,-1.64308,seated
2.12683,34,-7.89398,-0.0383203,-8.31551,0.0444748,0.998952,-0.127832,0.0,0.0,0.0,0.0,-15.1172,2.92618,-0.474476,-1.64445,seated
2.1869,35,-9.00527,0.383203,-8.99569,-0.03036,2.42135,-0.101466,0.0,0.0,0.0,0.0,-14.4141,11.7053,-0.452886,-1.64978,seated
2.24697,36,-4.15775,-0.373623,-7.85566,0.0482032,2.85731,-0.0250337,0.0,0.0,0.0,0.0,-13.3594,17.5574,-0.420376,-1.65731,seated
2.30705,37,-1.64777,-0.498164,-8.53585,-0.00719053,2.88633,0.0431432,0.0,0.0,0.0,0.0,-12.1289,20.4819,-0.382267,-1.66538,seated
2.36712,38,4.57928,-1.13045,-6.69648,-0.1012,0.686297,0.244478,0.0,0.0,0.0,0.0,-10.1953,32.1885,-0.322033,-1.6765,seated
2.42719,39,-3.03688,-0.0958008,-10.0016,0.0221042,-0.100135,0.307062,0.0,0.0,0.0,0.0,-8.26172,32.1885,-0.261432,-1.68572,seated
2.48726,40,-2.22258,-0.364043,-10.6147,-0.0442085,1.05648,0.0447411,0.0,0.0,0.0,0.0,-6.32812,32.1895,-0.200533,-1.69302,seated
2.54733,41,0.0287402,-0.613125,-10.1261,0.00719053,0.884968,-0.10413,0.0,0.0,0.0,0.0,-4.21875,35.1158,-0.13384,-1.69878,seated
2.6074,42,-2.04056,-0.459844,-10.5189,0.0287621,0.497479,-0.111586,0.0,0.0,0.0,0.0,-2.10938,35.1147,-0.0669652,-1.70225,seated
2.66744,43,-1.18793,-0.440684,-10.3082,0.00559264,0.75181,-0.0940096,0.0,0.0,0.0,0.0,0.175781,38.0606,0.00558169,-1.70339,seated
2.72751,44,-1.33163,-0.354463,-10.9309,0.0271642,0.681237,0.00133158,0.0,0.0,0.0,0.0,2.46094,38.0417,0.0781197,-1.70183,seated
2.78758,45,-1.59029,-0.277822,-10.7201,-0.0197074,0.745152,0.0857538,0.0,0.0,0.0,0.0,5.09766,43.8948,0.161656,-1.69666,seated
2.84764,46,-1.15919,-0.383203,-10.174,0.0162453,0.656203,0.122239,0.0,0.0,0.0,0.0,7.20703,35.1171,0.228247,-1.68994,seated
2.90771,47,-1.42743,-0.488584,-10.6051,-0.00479369,0.685498,0.0782969,0.0,0.0,0.0,0.0,9.31641,35.1147,0.294528,-1.68093,seated
2.96778,48,-1.18793,-0.421523,-10.1166,0.00798948,0.573112,-0.0133158,0.0,0.0,0.0,0.0,11.25,32.1885,0.354938,-1.67067,seated
3.02785,49,-1.23583,-0.392783,-9.84832,0.0274306,0.556601,-0.0609864,0.0,0.0,0.0,0.0,12.832,26.3382,0.404066,-1.66086,seated
3.08792,50,-1.30289,-0.373623,-10.0591,0.0282295,0.446079,-0.0585895,0.0,0.0,0.0,0.0,14.2383,23.4102,0.447478,-1.65107,seated
3.14799,51,-1.18793,-0.344883,-9.6663,0.00106526,0.388023,0.0015979,0.0,0.0,0.0,0.0,15.1172,14.6326,0.474476,-1.64445,seated
3.24547,52,-1.21667,-0.440684,-9.59924,-0.0098537,0.223439,0.0881506,0.0,0.0,0.0,0.0,16.3477,12.6218,0.507115,-1.60306,extended
3.30555,53,2.55788,-0.210762,-7.56826,-0.144876,-0.141946,0.217048,0.0,0.0,0.0,0.0,16.5234,2.92612,0.512417,-1.60161,extended
3.36562,54,1.89686,-0.910107,-7.71196,0.0596548,-1.32199,-0.0127832,0.0,0.0,0.0,0.0,16.5234,0.0,0.512417,-1.60161,extended
3.42569,55,-4.15775,0.546064,-7.98979,0.0844222,-2.87462,0.0780306,0.0,0.0,0.0,0.0,15.9961,-8.77895,0.496498,-1.60592,extended
3.48576,56,-6.08335,0.0862207,-7.1659,0.0804275,-3.39686,0.167247,0.0,0.0,0.0,0.0,15.293,-11.7047,0.475207,-1.61144,extended
3.54583,57,-11.4195,-0.862207,-8.00895,0.057258,-1.81201,-0.121174,0.0,0.0,0.0,0.0,13.8867,-23.4094,0.432413,-1.62177,extended
3.6059,58,-7.46288,1.22625,-7.7407,0.166714,-0.0258327,-0.192547,0.0,0.0,0.0,0.0,12.1289,-29.2642,0.378558,-1.63331,extended
3.66597,59,-4.87626,-0.459844,-8.00895,0.056459,-0.302535,0.0066579,0.0,0.0,0.0,0.0,10.5469,-26.3359,0.329783,-1.64238,extended
3.72604,60,-6.89766,0.0479004,-8.37299,-0.0932106,-0.696683,0.0138484,0.0,0.0,0.0,0.0,8.78906,-29.2613,0.275295,-1.65098,extended
3.78611,61,-5.4319,-0.0958008,-7.42456,-0.0902812,-0.449542,0.137419,0.0,0.0,0.0,0.0,6.67969,-35.1147,0.209571,-1.65926,extended
3.84618,62,-6.64857,-0.210762,-8.81367,-0.102265,-0.689226,0.138484,0.0,0.0,0.0,0.0,4.74609,-32.1912,0.149073,-1.66487,extended
3.90625,63,-5.83427,-0.287402,-8.20055,-0.0841559,-0.610397,0.0745685,0.0,0.0,0.0,0.0,2.46094,-38.0415,0.0773619,-1.66906,extended
3.96632,64,-5.86301,-0.210762,-8.16223,0.0,-0.693753,0.0338221,0.0,0.0,0.0,0.0,0.175781,-38.0409,0.00552754,-1.67059,extended
4.02639,65,-6.54319,-0.229922,-8.70829,0.0213053,-0.649279,-0.0428769,0.0,0.0,0.0,0.0,-2.46094,-43.8941,-0.0773619,-1.66906,extended
4.08644,66,-6.02587,-0.0574805,-8.23887,0.0426106,-0.699612,-0.0628506,0.0,0.0,0.0,0.0,-4.74609,-38.0574,-0.149073,-1.66487,extended
4.1465,67,-6.04503,-0.0383203,-8.25803,0.0298274,-0.616522,-0.0245011,0.0,0.0,0.0,0.0,-6.85547,-35.1167,-0.21506,-1.65866,extended
4.20657,68,-6.21747,-0.0383203,-8.40173,-0.0130495,-0.614658,0.021039,0.0,0.0,0.0,0.0,-9.31641,-40.9685,-0.291671,-1.64856,extended
4.26664,69,-5.78637,-0.0670606,-7.96105,-0.0316916,-0.517985,0.0516653,0.0,0.0,0.0,0.0,-10.5469,-20.4843,-0.329783,-1.64238,extended
4.32671,70,-5.98755,-0.0958008,-8.18139,-0.0431432,-0.478304,0.0687096,0.0,0.0,0.0,0.0,-12.1289,-26.3376,-0.378558,-1.63331,extended
4.38678,71,-5.76721,-0.210762,-7.96105,-0.041279,-0.377903,0.0585895,0.0,0.0,0.0,0.0,-13.3594,-20.4838,-0.416297,-1.62539,extended
4.44685,72,-5.63309,-0.201182,-7.82692,-0.0181095,-0.301204,0.0428769,0.0,0.0,0.0,0.0,-14.2383,-14.6314,-0.443137,-1.61928,extended
4.50692,73,-5.65225,-0.210762,-7.7886,0.0127832,-0.204264,0.0,0.0,0.0,0.0,0.0,-14.9414,-11.7051,-0.464534,-1.61412,extended
4.56699,74,-5.40316,-0.162861,-7.5491,0.0316916,-0.111586,-0.02024,0.0,0.0,0.0,0.0,-15.293,-5.85254,-0.475207,-1.61144,extended
4.62706,75,-5.49897,-0.182021,-7.67364,0.0327569,-0.00532632,-0.01518,0.0,0.0,0.0,0.0,-15.293,0.0,-0.475207,-1.61144,extended
4.68713,76,-5.52771,-0.143701,-7.6449,0.0138484,0.0806938,-0.00106526,0.0,0.0,0.0,0.0,-14.9414,5.85224,-0.464534,-1.61412,extended
4.74721,77,-5.48939,-0.162861,-7.597,0.00133158,0.196541,0.0308927,0.0,0.0,0.0,0.0,-14.4141,8.77836,-0.448493,-1.61801,extended
4.80728,78,-5.64267,-0.124541,-7.81734,-0.0253,0.286556,0.0516653,0.0,0.0,0.0,0.0,-13.0078,23.4093,-0.405534,-1.62773,extended
4.86735,79,-5.57561,-0.105381,-7.82692,-0.0255663,0.37737,0.0524643,0.0,0.0,0.0,0.0,-11.9531,17.5581,-0.373153,-1.63438,extended
4.92741,80,-5.84385,-0.172441,-7.97063,-0.0183758,0.462591,0.0468716,0.0,0.0,0.0,0.0,-10.1953,29.2632,-0.318909,-1.64422,extended
4.98748,81,-5.95881,-0.162861,-8.10475,-0.00133158,0.528904,0.0300937,0.0,0.0,0.0,0.0,-8.4375,29.2636,-0.264364,-1.65252,extended
5.04755,82,-6.00671,-0.0766406,-8.19097,0.0149137,0.600277,0.0098537,0.0,0.0,0.0,0.0,-6.50391,32.189,-0.20408,-1.65985,extended
5.10762,83,-6.11209,-0.0574805,-8.31551,0.0284958,0.643686,0.00372843,0.0,0.0,0.0,0.0,-4.21875,38.0423,-0.132541,-1.66607,extended
5.16769,84,-6.17915,-0.0766406,-8.32509,0.02024,0.683367,0.0125169,0.0,0.0,0.0,0.0,-2.10938,35.1154,-0.0663156,-1.66947,extended
5.22776,85,-6.22705,-0.0670606,-8.32509,0.0146474,0.702276,0.0340885,0.0,0.0,0.0,0.0,0.175781,38.0411,0.00552754,-1.67059,extended
5.28784,86,-6.22705,-0.0479004,-8.39215,-0.0127832,0.71639,0.0503337,0.0,0.0,0.0,0.0,2.63672,40.9667,0.0828839,-1.66883,extended
5.3479,87,-6.14083,-0.105381,-8.28677,-0.0162453,0.710265,0.0585895,0.0,0.0,0.0,0.0,4.92188,38.0423,0.154581,-1.66444,extended
5.40797,88,-6.15041,-0.210762,-8.17181,-0.00292948,0.689492,0.0442085,0.0,0.0,0.0,0.0,7.03125,35.1154,0.220547,-1.65804,extended
5.46805,89,-6.10251,-0.191602,-8.10475,0.00479369,0.654339,0.021039,0.0,0.0,0.0,0.0,9.14062,35.1143,0.286215,-1.64939,extended
5.52811,90,-5.93965,-0.172441,-7.96105,0.0255663,0.595483,0.0066579,0.0,0.0,0.0,0.0,10.8984,29.2662,0.340645,-1.64047,extended
5.58818,91,-5.86301,-0.143701,-7.80776,0.0245011,0.534763,0.00585895,0.0,0.0,0.0,0.0,12.4805,26.3348,0.38936,-1.63112,extended
5.64825,92,-5.76721,-0.114961,-7.71196,0.0119842,0.453803,0.0215716,0.0,0.0,0.0,0.0,13.7109,20.4833,0.427045,-1.62299,extended
5.70833,93,-5.57561,-0.114961,-7.55868,-0.00319579,0.377104,0.0343548,0.0,0.0,0.0,0.0,14.7656,17.557,0.459191,-1.61543,extended
5.7684,94,-5.55645,-0.134121,-7.4533,-0.00798948,0.280165,0.0402137,0.0,0.0,0.0,0.0,15.6445,14.6312,0.485861,-1.60871,extended
5.82844,95,-5.4798,-0.210762,-7.4054,-0.00905475,0.183492,0.0327569,0.0,0.0,0.0,0.0,15.9961,5.8557,0.496498,-1.60592,extended
5.8885,96,-5.4319,-0.134121,-7.39582,-0.00346211,0.123038,0.0197074,0.0,0.0,0.0,0.0,15.9961,0.0,0.496498,-1.60592,extended
5.94857,97,-5.4798,-0.105381,-7.34792,0.00532632,0.0178432,0.00905475,0.0,0.0,0.0,0.0,15.8203,-2.92632,0.491182,-1.60732,extended
6.00865,98,-5.4798,-0.0766406,-7.43414,0.00266316,-0.120908,0.0135821,0.0,0.0,0.0,0.0,15.1172,-11.7045,0.469873,-1.61279,extended
6.06872,99,-5.51813,-0.114961,-7.47246,-0.00559264,-0.216515,0.0242348,0.0,0.0,0.0,0.0,14.0625,-17.5574,0.437777,-1.62053,extended
6.12879,100,-5.55645,-0.124541,-7.5491,-0.0237021,-0.305731,0.0324906,0.0,0.0,0.0,0.0,12.832,-20.4836,0.400146,-1.62888,extended
6.18886,101,-5.70973,-0.182021,-7.71196,-0.0282295,-0.389887,0.0316916,0.0,0.0,0.0,0.0,11.25,-26.3356,0.351494,-1.6385,extended
6.24893,102,-5.81511,-0.172441,-7.89398,-0.0263653,-0.462058,0.0239685,0.0,0.0,0.0,0.0,9.66797,-26.3377,0.302574,-1.64687,extended
6.309,103,-5.85343,-0.143701,-8.02811,-0.0114516,-0.527572,0.0106526,0.0,0.0,0.0,0.0,7.55859,-35.1154,0.236996,-1.65608,extended
6.36907,104,-5.98755,-0.153281,-8.16223,-0.00772317,-0.575243,0.00772317,0.0,0.0,0.0,0.0,5.44922,-35.116,0.171096,-1.66305,extended
6.42913,105,-6.04503,-0.172441,-8.26761,-0.00772317,-0.61306,0.0098537,0.0,0.0,0.0,0.0,3.33984,-35.1178,0.104964,-1.66776,extended
6.4892,106,-6.09293,-0.0958008,-8.34425,-0.0146474,-0.63543,0.0141148,0.0,0.0,0.0,0.0,1.05469,-38.0409,0.0331634,-1.67032,extended
6.54927,107,-6.14083,-0.124541,-8.38257,-0.0197074,-0.643686,0.0274306,0.0,0.0,0.0,0.0,-1.40625,-40.9678,-0.0442159,-1.6701,extended
6.60935,108,-6.12167,-0.0958008,-8.40173,-0.0234358,-0.649012,0.0276969,0.0,0.0,0.0,0.0,-3.51562,-35.1136,-0.110482,-1.66746,extended
6.66941,109,-6.20789,-0.105381,-8.36341,-0.0175769,-0.628506,0.0191748,0.0,0.0,0.0,0.0,-5.80078,-38.0433,-0.182098,-1.66205,extended
6.72944,110,-5.98755,-0.105381,-8.27719,-0.00719053,-0.589358,0.0199737,0.0,0.0,0.0,0.0,-7.73438,-32.2143,-0.242474,-1.6554,extended
6.78951,111,-5.96839,-0.0958008,-8.13349,-0.0098537,-0.543551,0.0125169,0.0,0.0,0.0,0.0,-9.49219,-29.2636,-0.297124,-1.64773,extended
6.84958,112,-5.92049,-0.143701,-8.01853,-0.00213053,-0.476972,0.00798948,0.0,0.0,0.0,0.0,-11.25,-29.2618,-0.351494,-1.6385,extended
6.90964,113,-5.80553,-0.114961,-7.98979,-0.0015979,-0.408263,0.0138484,0.0,0.0,0.0,0.0,-12.6562,-23.4121,-0.394755,-1.63001,extended
6.96971,114,-5.68099,-0.172441,-7.85566,-0.00266316,-0.354467,0.0178432,0.0,0.0,0.0,0.0,-13.7109,-17.5574,-0.427045,-1.62299,extended
7.02978,115,-5.64267,-0.134121,-7.77902,-0.00905475,-0.260457,0.0263653,0.0,0.0,0.0,0.0,-14.4141,-11.7053,-0.448493,-1.61801,extended
7.08985,116,-5.58519,-0.182021,-7.75028,-0.0066579,-0.173372,0.0306264,0.0,0.0,0.0,0.0,-14.9414,-8.77888,-0.464534,-1.61412,extended
7.14992,117,-5.53729,-0.191602,-7.61616,-0.00798948,-0.0751011,0.0274306,0.0,0.0,0.0,0.0,-15.1172,-2.92627,-0.469873,-1.61279,extended
7.20999,118,-5.4798,-0.229922,-7.6449,-0.0015979,0.0575243,0.0231695,0.0,0.0,0.0,0.0,-14.7656,5.85233,-0.459191,-1.61543,extended
7.27007,119,-5.52771,-0.172441,-7.66406,-0.000532632,0.156328,0.0183758,0.0,0.0,0.0,0.0,-14.2383,8.77871,-0.443137,-1.61928,extended
7.33014,120,-5.58519,-0.153281,-7.75028,0.00106526,0.219178,0.0197074,0.0,0.0,0.0,0.0,-13.3594,14.6312,-0.416297,-1.62539,extended
7.3902,121,-5.61393,-0.182021,-7.80776,0.00745685,0.343548,0.021039,0.0,0.0,0.0,0.0,-12.3047,17.558,-0.383961,-1.63222,extended
7.45027,122,-5.74805,-0.134121,-7.90356,-0.000798948,0.394414,0.0279632,0.0,0.0,0.0,0.0,-10.8984,23.4105,-0.340645,-1.64047,extended
7.51034,123,-5.85343,-0.0862207,-8.01853,0.00213053,0.497212,0.0335558,0.0,0.0,0.0,0.0,-9.14062,29.2642,-0.286215,-1.64939,extended
7.57041,124,-5.90133,-0.114961,-8.13349,-0.00532632,0.568319,0.0356864,0.0,0.0,0.0,0.0,-7.20703,32.1894,-0.226032,-1.6574,extended
7.63048,125,-6.01629,-0.124541,-8.25803,-0.00426106,0.623446,0.0324906,0.0,0.0,0.0,0.0,-4.92188,38.0421,-0.154581,-1.66444,extended
7.69055,126,-6.11209,-0.105381,-8.27719,0.000532632,0.66073,0.0266316,0.0,0.0,0.0,0.0,-2.98828,32.19,-0.0939257,-1.66833,extended
7.75062,127,-6.13125,-0.134121,-8.32509,0.0130495,0.676976,0.0255663,0.0,0.0,0.0,0.0,-0.703125,38.0421,-0.0221096,-1.67047,extended
7.81069,128,-6.17915,-0.114961,-8.32509,0.015979,0.697748,0.0229032,0.0,0.0,0.0,0.0,1.58203,38.0423,0.0497416,-1.66996,extended
7.87076,129,-6.17915,-0.124541,-8.31551,0.0125169,0.708667,0.0258327,0.0,0.0,0.0,0.0,3.86719,38.0417,0.121514,-1.6668,extended
7.93083,130,-6.14083,-0.114961,-8.22929,0.00772317,0.689226,0.03542,0.0,0.0,0.0,0.0,6.32812,40.966,0.198587,-1.66042,extended
7.9909,131,-6.09293,-0.143701,-8.16223,0.00213053,0.662062,0.0386158,0.0,0.0,0.0,0.0,8.4375,35.1154,0.264364,-1.65252,extended
8.05097,132,-6.00671,-0.191602,-8.00895,-0.00239685,0.613592,0.0378169,0.0,0.0,0.0,0.0,10.0195,26.3356,0.313467,-1.64512,extended
8.11104,133,-5.89175,-0.172441,-7.8844,0.0,0.548079,0.0284958,0.0,0.0,0.0,0.0,11.6016,26.3365,0.36233,-1.63647,extended
8.17111,134,-5.81511,-0.172441,-7.75028,0.0098537,0.509196,0.0229032,0.0,0.0,0.0,0.0,13.0078,23.4099,0.405534,-1.62773,extended
8.23118,135,-5.65225,-0.172441,-7.62574,0.015979,0.429568,0.0183758,0.0,0.0,0.0,0.0,14.2383,20.4826,0.443137,-1.61928,extended
8.29125,136,-5.58519,-0.143701,-7.5012,0.0066579,0.314786,0.0183758,0.0,0.0,0.0,0.0,14.9414,11.7051,0.464534,-1.61412,extended
8.35132,137,-5.51813,-0.143701,-7.4054,0.00506001,0.256196,0.0215716,0.0,0.0,0.0,0.0,15.4688,8.77895,0.480536,-1.61008,extended
8.41139,138,-5.4798,-0.105381,-7.36708,-0.00506001,0.156594,0.0292948,0.0,0.0,0.0,0.0,15.6445,2.92628,0.485861,-1.60871,extended
8.47146,139,-5.42232,-0.124541,-7.39582,-0.00878843,0.0617853,0.0266316,0.0,0.0,0.0,0.0,15.6445,0.0,0.485861,-1.60871,extended
8.53153,140,-5.4798,-0.143701,-7.4054,-0.00932106,-0.0375506,0.0234358,0.0,0.0,0.0,0.0,15.1172,-8.77972,0.469873,-1.61279,extended
8.5916,141,-5.4798,-0.153281,-7.43414,-0.00532632,-0.135821,0.0199737,0.0,0.0,0.0,0.0,14.4141,-11.704,0.448493,-1.61801,extended
8.65168,142,-5.55645,-0.162861,-7.55868,-0.00798948,-0.230097,0.0170442,0.0,0.0,0.0,0.0,13.3594,-17.5569,0.416297,-1.62539,extended
8.71174,143,-5.64267,-0.124541,-7.66406,-0.00852212,-0.317182,0.02024,0.0,0.0,0.0,0.0,11.9531,-23.4115,0.373153,-1.63438,extended
8.77182,144,-5.74805,-0.172441,-7.81734,-0.0146474,-0.39761,0.026099,0.0,0.0,0.0,0.0,10.1953,-29.26,0.318909,-1.64422,extended
8.83188,145,-5.83427,-0.153281,-7.9323,-0.0178432,-0.46632,0.0258327,0.0,0.0,0.0,0.0,8.4375,-29.2653,0.264364,-1.65252,extended
8.89195,146,-5.93965,-0.172441,-8.06643,-0.0183758,-0.525175,0.0263653,0.0,0.0,0.0,0.0,6.50391,-32.1877,0.20408,-1.65985,extended
8.95203,147,-6.03545,-0.162861,-8.17181,-0.0175769,-0.57258,0.0154463,0.0,0.0,0.0,0.0,4.21875,-38.0399,0.132541,-1.66607,extended
9.01209,148,-6.12167,-0.114961,-8.32509,-0.0135821,-0.605603,0.0127832,0.0,0.0,0.0,0.0,1.93359,-38.0436,0.0607915,-1.66965,extended
9.07216,149,-6.14083,-0.134121,-8.33467,-0.0117179,-0.62531,0.00905475,0.0,0.0,0.0,0.0,-0.175781,-35.115,-0.00552754,-1.67059,extended
9.13224,150,-6.14083,-0.105381,-8.32509,-0.0119842,-0.634631,0.0114516,0.0,0.0,0.0,0.0,-2.46094,-38.0381,-0.0773619,-1.66906,extended
9.19231,151,-6.12167,-0.114961,-8.32509,-0.0154463,-0.626109,0.0170442,0.0,0.0,0.0,0.0,-4.57031,-35.1137,-0.143564,-1.66529,extended
9.25239,152,-6.10251,-0.0670606,-8.27719,-0.0157127,-0.601075,0.0234358,0.0,0.0,0.0,0.0,-6.67969,-35.1137,-0.209571,-1.65926,extended
9.31246,153,-6.01629,-0.114961,-8.19097,-0.0167779,-0.551274,0.0239685,0.0,0.0,0.0,0.0,-8.96484,-38.0417,-0.280756,-1.65019,extended
9.37252,154,-5.91091,-0.124541,-8.13349,-0.0149137,-0.51399,0.0263653,0.0,0.0,0.0,0.0,-10.1953,-20.4846,-0.318909,-1.64422,extended
9.4326,155,-5.83427,-0.153281,-7.98021,-0.00932106,-0.449275,0.0146474,0.0,0.0,0.0,0.0,-11.7773,-26.3353,-0.367743,-1.63543,extended
9.49267,156,-5.74805,-0.124541,-7.92272,-0.00133158,-0.370978,0.0127832,0.0,0.0,0.0,0.0,-13.0078,-20.4837,-0.405534,-1.62773,extended
9.55274,157,-5.68099,-0.162861,-7.81734,0.0,-0.295345,0.0157127,0.0,0.0,0.0,0.0,-13.8867,-14.6314,-0.432413,-1.62177,extended
9.61281,158,-5.55645,-0.162861,-7.7407,-0.00266316,-0.203199,0.0117179,0.0,0.0,0.0,0.0,-14.4141,-8.77812,-0.448493,-1.61801,extended
9.67288,159,-5.51813,-0.172441,-7.68322,-0.000532632,-0.113451,0.0197074,0.0,0.0,0.0,0.0,-14.7656,-5.85236,-0.459191,-1.61543,extended
9.73296,160,-5.44148,-0.153281,-7.67364,-0.00426106,-0.0117179,0.0258327,0.0,0.0,0.0,0.0,-14.7656,0.0,-0.459191,-1.61543,extended
9.79302,161,-5.48939,-0.201182,-7.70238,-0.00639159,0.0865527,0.0263653,0.0,0.0,0.0,0.0,-14.4141,5.85294,-0.448493,-1.61801,extended
9.85309,162,-5.58519,-0.182021,-7.72154,-0.00772317,0.180296,0.0295611,0.0,0.0,0.0,0.0,-13.5352,14.631,-0.421673,-1.6242,extended
9.91316,163,-5.61393,-0.191602,-7.81734,-0.00426106,0.272441,0.0258327,0.0,0.0,0.0,0.0,-12.4805,17.558,-0.38936,-1.63112,extended
9.97323,164,-5.70015,-0.153281,-7.86524,0.000532632,0.360858,0.0231695,0.0,0.0,0.0,0.0,-11.25,20.4854,-0.351494,-1.6385,extended
10.0333,165,-5.80553,-0.134121,-8.00895,0.00106526,0.439155,0.0287621,0.0,0.0,0.0,0.0,-9.66797,26.3376,-0.302574,-1.64687,extended
10.0934,166,-5.92049,-0.124541,-8.07601,-0.000798948,0.510262,0.0295611,0.0,0.0,0.0,0.0,-7.91016,29.2626,-0.24795,-1.6547,extended
