1.88351e-05,0,-6.32285,-0.134121,-7.39582,0.00639159,-0.367516,0.021039,0.0,0.0,0.0,0.0,4.74609,0.0,1.0,1.0,None,extended
0.0601099,1,-6.36117,-0.134121,-7.5012,-0.000266316,-0.418649,0.0242348,0.0,0.0,0.0,0.0,3.16406,-26.3272,1.0,1.0,Nothing,extended
0.1202,2,-6.43781,-0.162861,-7.55868,0.00585895,-0.431965,0.0173105,0.0,0.0,0.0,0.0,1.75781,-23.4024,1.0,1.0,Nothing,extended
0.180291,3,-6.36117,-0.153281,-7.55868,0.0205063,-0.460993,0.0106526,0.0,0.0,0.0,0.0,0.175781,-26.3272,1.0,1.0,Nothing,extended
0.240382,4,-6.44739,-0.143701,-7.60658,0.0266316,-0.455134,0.0066579,0.0,0.0,0.0,0.0,-1.40625,-26.3272,1.0,1.0,Nothing,extended
0.300471,5,-6.44739,-0.143701,-7.63532,0.0258327,-0.459129,0.00346211,0.0,0.0,0.0,0.0,-3.16406,-29.2535,1.0,1.0,Nothing,extended
0.360564,6,-6.47613,-0.134121,-7.597,0.021039,-0.436758,0.0127832,0.0,0.0,0.0,0.0,-4.39453,-20.476,1.0,1.0,Nothing,extended
0.420649,7,-6.38991,-0.143701,-7.5491,0.0135821,-0.415187,0.0154463,0.0,0.0,0.0,0.0,-5.80078,-23.4043,1.0,1.0,Nothing,extended
0.480741,8,-6.38033,-0.172441,-7.52036,0.0138484,-0.378702,0.0149137,0.0,0.0,0.0,0.0,-7.03125,-20.4764,1.0,1.0,Nothing,extended
0.540832,9,-6.30369,-0.162861,-7.48204,0.0127832,-0.331031,0.015979,0.0,0.0,0.0,0.0,-8.08594,-17.5515,1.0,1.0,Nothing,extended
0.600917,10,-6.25579,-0.201182,-7.4533,0.0170442,-0.282295,0.0183758,0.0,0.0,0.0,0.0,-9.14062,-17.5533,1.0,1.0,Nothing,extended
0.661009,11,-6.17915,-0.210762,-7.4054,0.0154463,-0.220776,0.00878843,0.0,0.0,0.0,0.0,-9.84375,-11.7008,1.0,1.0,Nothing,extended
0.721099,12,-6.17915,-0.191602,-7.39582,0.021039,-0.16192,0.0066579,0.0,0.0,0.0,0.0,-10.1953,-5.85059,1.0,1.0,Nothing,extended
0.781185,13,-6.13125,-0.172441,-7.27128,0.0181095,-0.0881506,0.00532632,0.0,0.0,0.0,0.0,-10.5469,-5.85099,1.0,1.0,Nothing,extended
0.841296,14,-6.15041,-0.191602,-7.31918,0.0157127,-0.0276969,0.0127832,0.0,0.0,0.0,0.0,-10.5469,0.0,1.0,1.0,Nothing,extended
0.901382,15,-6.09293,-0.162861,-7.29044,0.00852212,0.0490022,0.0114516,0.0,0.0,0.0,0.0,-10.3711,2.92549,1.0,1.0,Nothing,extended
0.96148,16,-6.15999,-0.143701,-7.36708,0.0130495,0.0862864,0.0117179,0.0,0.0,0.0,0.0,-9.84375,8.77474,1.0,1.0,Nothing,extended
1.02157,17,-6.12167,-0.134121,-7.34792,0.0133158,0.18216,0.0127832,0.0,0.0,0.0,0.0,-9.14062,11.7014,1.0,1.0,Nothing,extended
1.08166,18,-6.23663,-0.143701,-7.42456,0.0175769,0.241549,0.00798948,0.0,0.0,0.0,0.0,-8.4375,11.7012,1.0,1.0,Nothing,extended
1.14176,19,-6.23663,-0.153281,-7.41498,0.00958738,0.297741,0.00239685,0.0,0.0,0.0,0.0,-7.20703,20.4746,1.0,1.0,Nothing,extended
1.20184,20,-6.34201,-0.172441,-7.48204,0.0157127,0.346744,0.00372843,0.0,0.0,0.0,0.0,-5.97656,20.4778,1.0,1.0,Nothing,extended
1.26193,21,-6.34201,-0.162861,-7.5491,0.0154463,0.392284,0.010919,0.0,0.0,0.0,0.0,-4.92188,17.5515,1.0,1.0,Nothing,extended
1.32203,22,-6.41865,-0.191602,-7.55868,0.0157127,0.428503,0.0141148,0.0,0.0,0.0,0.0,-3.16406,29.253,1.0,1.0,Nothing,extended
1.38212,23,-6.41865,-0.172441,-7.597,0.00878843,0.449808,0.0114516,0.0,0.0,0.0,0.0,-1.75781,23.4021,1.0,1.0,Nothing,extended
1.44221,24,-6.44739,-0.172441,-7.58742,0.00878843,0.474842,0.0117179,0.0,0.0,0.0,0.0,-0.175781,26.3251,1.0,1.0,Nothing,extended
1.5023,25,-6.43781,-0.191602,-7.56826,0.0117179,0.47857,0.00932106,0.0,0.0,0.0,0.0,1.40625,26.3272,1.0,1.0,Nothing,extended
1.56238,26,-6.47613,-0.210762,-7.5012,0.0149137,0.478836,0.00745685,0.0,0.0,0.0,0.0,2.8125,23.4055,1.0,1.0,Nothing,extended
1.62247,27,-6.39949,-0.172441,-7.5491,0.0173105,0.462325,0.00932106,0.0,0.0,0.0,0.0,4.39453,26.3311,1.0,1.0,Nothing,extended
1.68256,28,-6.41865,-0.191602,-7.46288,0.0154463,0.444482,0.00745685,0.0,0.0,0.0,0.0,5.80078,23.4025,1.0,1.0,Nothing,extended
1.74265,29,-6.32285,-0.143701,-7.4054,0.0170442,0.410659,0.0117179,0.0,0.0,0.0,0.0,7.20703,23.4024,1.0,1.0,Nothing,extended
1.80273,30,-6.34201,-0.124541,-7.39582,0.00798948,0.380033,0.0138484,0.0,0.0,0.0,0.0,8.08594,14.627,1.0,1.0,Nothing,extended
1.86282,31,-6.20789,-0.134121,-7.27128,0.0138484,0.315318,0.01518,0.0,0.0,0.0,0.0,8.96484,14.6267,1.0,1.0,Nothing,extended
1.92292,32,-6.14083,-0.153281,-7.20422,0.0106526,0.259126,0.0157127,0.0,0.0,0.0,0.0,9.84375,14.626,1.0,1.0,Nothing,extended
1.983,33,-6.14083,-0.143701,-7.15632,0.0199737,0.194411,0.00772317,0.0,0.0,0.0,0.0,10.1953,5.85117,1.0,1.0,Nothing,extended
2.0431,34,-6.11209,-0.153281,-7.13716,0.0162453,0.152865,0.00852212,0.0,0.0,0.0,0.0,10.5469,5.85004,1.0,1.0,Nothing,extended
2.10318,35,-6.10251,-0.172441,-7.10842,0.0191748,0.0817591,0.00639159,0.0,0.0,0.0,0.0,10.5469,0.0,1.0,1.0,Nothing,extended
2.16327,36,-6.05461,-0.182021,-7.08926,0.0130495,0.0141148,0.01012,0.0,0.0,0.0,0.0,10.5469,0.0,1.0,1.0,Nothing,extended
2.22331,37,-6.09293,-0.182021,-7.13716,0.0149137,-0.0756338,0.0130495,0.0,0.0,0.0,0.0,10.0195,-8.78289,1.0,1.0,Nothing,extended
2.2834,38,-6.11209,-0.182021,-7.1659,0.0173105,-0.138484,0.0167779,0.0,0.0,0.0,0.0,9.49219,-8.77707,1.0,1.0,Nothing,extended
2.34349,39,-6.15041,-0.191602,-7.23296,0.0154463,-0.204531,0.0119842,0.0,0.0,0.0,0.0,8.61328,-14.6253,1.0,1.0,Nothing,extended
2.40358,40,-6.15999,-0.172441,-7.30002,0.0125169,-0.241815,0.0119842,0.0,0.0,0.0,0.0,7.73438,-14.6265,1.0,1.0,Nothing,extended
2.46367,41,-6.26537,-0.191602,-7.31918,0.0141148,-0.295877,0.0135821,0.0,0.0,0.0,0.0,6.50391,-20.4761,1.0,1.0,Nothing,extended
2.52377,42,-6.28453,-0.153281,-7.4054,0.0138484,-0.345412,0.010919,0.0,0.0,0.0,0.0,5.27344,-20.4757,1.0,1.0,Nothing,extended
2.58386,43,-6.37075,-0.153281,-7.52036,0.0154463,-0.383229,0.0138484,0.0,0.0,0.0,0.0,3.69141,-26.3281,1.0,1.0,Nothing,extended
2.64396,44,-6.40907,-0.172441,-7.55868,0.0175769,-0.411991,0.0146474,0.0,0.0,0.0,0.0,2.10938,-26.3234,1.0,1.0,Nothing,extended
2.70405,45,-6.38991,-0.162861,-7.58742,0.00745685,-0.439422,0.0114516,0.0,0.0,0.0,0.0,0.703125,-23.402,1.0,1.0,Nothing,extended
2.76413,46,-6.43781,-0.143701,-7.58742,0.0154463,-0.446612,0.0114516,0.0,0.0,0.0,0.0,-1.05469,-29.2554,1.0,1.0,Nothing,extended
2.82422,47,-6.44739,-0.172441,-7.60658,0.01518,-0.453004,0.0146474,0.0,0.0,0.0,0.0,-2.46094,-23.402,1.0,1.0,Nothing,extended
2.88431,48,-6.42823,-0.153281,-7.62574,0.0194411,-0.44315,0.0098537,0.0,0.0,0.0,0.0,-3.86719,-23.4036,1.0,1.0,Nothing,extended
2.94441,49,-6.40907,-0.162861,-7.58742,0.0138484,-0.413056,0.0130495,0.0,0.0,0.0,0.0,-5.97656,-35.099,1.0,1.0,Nothing,extended
3.00448,50,-6.37075,-0.182021,-7.52994,0.0178432,-0.396811,0.0098537,0.0,0.0,0.0,0.0,-6.50391,-8.77854,1.0,1.0,Nothing,extended
3.06457,51,-6.32285,-0.201182,-7.5012,0.01012,-0.343281,0.0119842,0.0,0.0,0.0,0.0,-7.91016,-23.4027,1.0,1.0,Nothing,extended
3.12466,52,-6.27495,-0.191602,-7.46288,0.015979,-0.298274,0.0114516,0.0,0.0,0.0,0.0,-8.61328,-11.7012,1.0,1.0,Nothing,extended
3.18475,53,-6.27495,-0.191602,-7.41498,0.0162453,-0.258327,0.0173105,0.0,0.0,0.0,0.0,-9.31641,-11.7014,1.0,1.0,Nothing,extended
3.24483,54,-6.22705,-0.172441,-7.3575,0.0149137,-0.194677,0.0141148,0.0,0.0,0.0,0.0,-10.0195,-11.702,1.0,1.0,Nothing,extended
3.30492,55,-6.18873,-0.172441,-7.3096,0.0181095,-0.131826,0.0127832,0.0,0.0,0.0,0.0,-10.1953,-2.92554,1.0,1.0,Nothing,extended
3.36501,56,-6.15999,-0.182021,-7.33834,0.0119842,-0.0439422,0.0111853,0.0,0.0,0.0,0.0,-10.3711,-2.92511,1.0,1.0,Nothing,extended
3.4251,57,-6.13125,-0.172441,-7.32876,0.0146474,-0.00133158,0.00639159,0.0,0.0,0.0,0.0,-10.1953,2.92563,1.0,1.0,Nothing,extended
3.48519,58,-6.12167,-0.153281,-7.30002,0.0125169,0.0897485,0.00852212,0.0,0.0,0.0,0.0,-10.0195,2.9252,1.0,1.0,Nothing,extended
3.54529,59,-6.16957,-0.134121,-7.3575,0.0119842,0.131294,0.0117179,0.0,0.0,0.0,0.0,-9.31641,11.6998,1.0,1.0,Nothing,extended
3.60537,60,-6.18873,-0.172441,-7.39582,0.0114516,0.218379,0.00958738,0.0,0.0,0.0,0.0,-8.4375,14.6277,1.0,1.0,Nothing,extended
3.66545,61,-6.25579,-0.172441,-7.43414,0.0114516,0.296676,0.00958738,0.0,0.0,0.0,0.0,-7.20703,20.4792,1.0,1.0,Nothing,extended
3.72552,62,-6.25579,-0.143701,-7.47246,0.0135821,0.330765,0.00852212,0.0,0.0,0.0,0.0,-6.32812,14.6321,1.0,1.0,Nothing,extended
3.78561,63,-6.36117,-0.172441,-7.51078,0.015979,0.375239,0.00852212,0.0,0.0,0.0,0.0,-5.09766,20.4775,1.0,1.0,Nothing,extended
3.8457,64,-6.33243,-0.182021,-7.52994,0.0162453,0.408795,0.0117179,0.0,0.0,0.0,0.0,-3.51562,26.329,1.0,1.0,Nothing,extended
3.90578,65,-6.42823,-0.191602,-7.56826,0.0106526,0.434628,0.00852212,0.0,0.0,0.0,0.0,-2.28516,20.4781,1.0,1.0,Nothing,extended
3.96587,66,-6.44739,-0.162861,-7.58742,0.0133158,0.457531,0.0119842,0.0,0.0,0.0,0.0,-0.703125,26.3294,1.0,1.0,Nothing,extended
4.02597,67,-6.46655,-0.182021,-7.57784,0.0125169,0.469515,0.0117179,0.0,0.0,0.0,0.0,0.703125,23.3997,1.0,1.0,Nothing,extended
4.08606,68,-6.44739,-0.191602,-7.56826,0.00958738,0.471646,0.01012,0.0,0.0,0.0,0.0,3.16406,40.9553,1.0,1.0,Nothing,extended
4.14706,69,-6.44739,-0.153281,-7.5491,0.0111853,0.46632,0.00905475,0.0,0.0,0.0,0.0,3.69141,8.6448,1.0,1.0,Nothing,extended
4.20715,70,-6.40907,-0.143701,-7.44372,0.0141148,0.454069,0.0125169,0.0,0.0,0.0,0.0,5.09766,23.4025,1.0,1.0,Nothing,extended
4.26724,71,-6.34201,-0.134121,-7.4054,0.00932106,0.425839,0.0119842,0.0,0.0,0.0,0.0,6.32812,20.4763,1.0,1.0,Nothing,extended
4.32733,72,-6.34201,-0.114961,-7.33834,0.0119842,0.373109,0.0098537,0.0,0.0,0.0,0.0,7.73438,23.4026,1.0,1.0,Nothing,extended
4.38742,73,-6.25579,-0.162861,-7.29044,0.0170442,0.328634,0.0146474,0.0,0.0,0.0,0.0,8.78906,17.5514,1.0,1.0,Nothing,extended
4.44751,74,-6.20789,-0.153281,-7.23296,0.0154463,0.291616,0.00905475,0.0,0.0,0.0,0.0,9.31641,8.77571,1.0,1.0,Nothing,extended
4.5076,75,-6.15999,-0.143701,-7.15632,0.0154463,0.213053,0.00932106,0.0,0.0,0.0,0.0,10.0195,11.7002,1.0,1.0,Nothing,extended
4.56769,76,-6.12167,-0.143701,-7.14674,0.0183758,0.16991,0.0114516,0.0,0.0,0.0,0.0,10.3711,5.85076,1.0,1.0,Nothing,extended
4.62778,77,-6.09293,-0.191602,-7.12758,0.0162453,0.105195,0.0146474,0.0,0.0,0.0,0.0,10.3711,0.0,1.0,1.0,Nothing,extended
4.68787,78,-6.08335,-0.182021,-7.08926,0.0157127,0.0141148,0.0106526,0.0,0.0,0.0,0.0,10.3711,0.0,1.0,1.0,Nothing,extended
4.74796,79,-6.09293,-0.153281,-7.09884,0.0111853,-0.0271642,0.0130495,0.0,0.0,0.0,0.0,10.0195,-5.85059,1.0,1.0,Nothing,extended
4.80805,80,-6.09293,-0.201182,-7.13716,0.0181095,-0.121174,0.0149137,0.0,0.0,0.0,0.0,9.49219,-8.77606,1.0,1.0,Nothing,extended
4.86814,81,-6.15041,-0.191602,-7.18506,0.0135821,-0.181095,0.0138484,0.0,0.0,0.0,0.0,8.78906,-11.7012,1.0,1.0,Nothing,extended
4.92823,82,-6.16957,-0.191602,-7.29044,0.0125169,-0.220776,0.0098537,0.0,0.0,0.0,0.0,7.91016,-14.6275,1.0,1.0,Nothing,extended
4.98831,83,-6.21747,-0.182021,-7.3096,0.00905475,-0.275105,0.0117179,0.0,0.0,0.0,0.0,6.67969,-20.4781,1.0,1.0,Nothing,extended
5.0484,84,-6.28453,-0.153281,-7.3575,0.00905475,-0.321976,0.0162453,0.0,0.0,0.0,0.0,5.625,-17.5523,1.0,1.0,Nothing,extended
5.10849,85,-6.34201,-0.143701,-7.44372,0.0154463,-0.375239,0.0127832,0.0,0.0,0.0,0.0,3.86719,-29.2519,1.0,1.0,Nothing,extended
5.16858,86,-6.38033,-0.124541,-7.52036,0.00958738,-0.396278,0.0111853,0.0,0.0,0.0,0.0,2.8125,-17.5518,1.0,1.0,Nothing,extended
5.22867,87,-6.41865,-0.105381,-7.5491,0.010919,-0.419182,0.0183758,0.0,0.0,0.0,0.0,1.23047,-26.3277,1.0,1.0,Nothing,extended
5.28877,88,-6.43781,-0.134121,-7.57784,0.00905475,-0.437557,0.0149137,0.0,0.0,0.0,0.0,-0.878906,-35.1019,1.0,1.0,Nothing,extended
5.34885,89,-6.42823,-0.143701,-7.62574,0.0194411,-0.438889,0.0127832,0.0,0.0,0.0,0.0,-2.10938,-20.4785,1.0,1.0,Nothing,extended
5.40895,90,-6.43781,-0.134121,-7.597,0.0191748,-0.430899,0.0066579,0.0,0.0,0.0,0.0,-3.86719,-29.2491,1.0,1.0,Nothing,extended
5.46903,91,-6.40907,-0.143701,-7.55868,0.0197074,-0.418383,0.0119842,0.0,0.0,0.0,0.0,-4.92188,-17.5555,1.0,1.0,Nothing,extended
5.52912,92,-6.34201,-0.182021,-7.52036,0.0205063,-0.39761,0.0130495,0.0,0.0,0.0,0.0,-5.97656,-17.5521,1.0,1.0,Nothing,extended
5.58921,93,-6.32285,-0.182021,-7.48204,0.0183758,-0.352336,0.0154463,0.0,0.0,0.0,0.0,-7.20703,-20.4763,1.0,1.0,Nothing,extended
5.6493,94,-6.27495,-0.172441,-7.46288,0.0181095,-0.304133,0.0157127,0.0,0.0,0.0,0.0,-8.26172,-17.5508,1.0,1.0,Nothing,extended
5.7094,95,-6.25579,-0.182021,-7.42456,0.01518,-0.247674,0.0111853,0.0,0.0,0.0,0.0,-9.14062,-14.6238,1.0,1.0,Nothing,extended
5.7695,96,-6.17915,-0.162861,-7.41498,0.0162453,-0.207194,0.0135821,0.0,0.0,0.0,0.0,-9.66797,-8.77561,1.0,1.0,Nothing,extended
5.82959,97,-6.16957,-0.182021,-7.32876,0.0194411,-0.150469,0.0119842,0.0,0.0,0.0,0.0,-10.0195,-5.85062,1.0,1.0,Nothing,extended
5.88968,98,-6.13125,-0.162861,-7.36708,0.0181095,-0.0849548,0.0117179,0.0,0.0,0.0,0.0,-10.1953,-2.92526,1.0,1.0,Nothing,extended
5.94977,99,-6.12167,-0.182021,-7.30002,0.01012,-0.0138484,0.00878843,0.0,0.0,0.0,0.0,-10.1953,0.0,1.0,1.0,Nothing,extended
6.00986,100,-6.14083,-0.172441,-7.33834,0.0138484,0.0466053,0.010919,0.0,0.0,0.0,0.0,-9.84375,5.85031,1.0,1.0,Nothing,extended
6.06995,101,-6.17915,-0.162861,-7.3575,0.0135821,0.112385,0.00798948,0.0,0.0,0.0,0.0,-9.49219,5.85089,1.0,1.0,Nothing,extended
6.13004,102,-6.16957,-0.191602,-7.36708,0.015979,0.179497,0.00719053,0.0,0.0,0.0,0.0,-8.61328,14.6261,1.0,1.0,Nothing,extended
6.19013,103,-6.23663,-0.143701,-7.42456,0.0170442,0.24075,0.00905475,0.0,0.0,0.0,0.0,-7.91016,11.7015,1.0,1.0,Nothing,extended
6.25022,104,-6.24621,-0.162861,-7.42456,0.0157127,0.294279,0.00932106,0.0,0.0,0.0,0.0,-6.85547,17.5518,1.0,1.0,Nothing,extended
6.31031,105,-6.33243,-0.162861,-7.51078,0.0119842,0.341417,0.010919,0.0,0.0,0.0,0.0,-5.625,20.4767,1.0,1.0,Nothing,extended
6.3704,106,-6.34201,-0.172441,-7.49162,0.0117179,0.384294,0.0127832,0.0,0.0,0.0,0.0,-4.21875,23.402,1.0,1.0,Nothing,extended
6.43049,107,-6.41865,-0.172441,-7.53952,0.00905475,0.425839,0.00905475,0.0,0.0,0.0,0.0,-2.46094,29.254,1.0,1.0,Nothing,extended
6.49058,108,-6.43781,-0.191602,-7.55868,0.0127832,0.446079,0.00958738,0.0,0.0,0.0,0.0,-1.40625,17.5512,1.0,1.0,Nothing,extended
6.55067,109,-6.43781,-0.201182,-7.58742,0.00932106,0.458863,0.00905475,0.0,0.0,0.0,0.0,0.175781,26.3276,1.0,1.0,Nothing,extended
6.61076,110,-6.43781,-0.162861,-7.58742,0.00878843,0.467917,0.0125169,0.0,0.0,0.0,0.0,1.75781,26.3285,1.0,1.0,Nothing,extended
6.67085,111,-6.42823,-0.143701,-7.51078,0.0125169,0.463124,0.0114516,0.0,0.0,0.0,0.0,3.51562,29.253,1.0,1.0,Nothing,extended
6.73094,112,-6.39949,-0.153281,-7.5012,0.0130495,0.446612,0.0146474,0.0,0.0,0.0,0.0,4.92188,23.4027,1.0,1.0,Nothing,extended
6.79102,113,-6.31327,-0.143701,-7.4533,0.0125169,0.431698,0.0157127,0.0,0.0,0.0,0.0,5.97656,17.553,1.0,1.0,Nothing,extended
6.85111,114,-6.33243,-0.162861,-7.39582,0.0125169,0.381098,0.0135821,0.0,0.0,0.0,0.0,7.38281,23.4029,1.0,1.0,Nothing,extended
6.9112,115,-6.23663,-0.134121,-7.29044,0.0146474,0.356597,0.0098537,0.0,0.0,0.0,0.0,8.08594,11.7016,1.0,1.0,Nothing,extended
6.9713,116,-6.22705,-0.124541,-7.27128,0.0135821,0.303068,0.00932106,0.0,0.0,0.0,0.0,8.96484,14.6248,1.0,1.0,Nothing,extended
7.03138,117,-6.18873,-0.172441,-7.20422,0.0162453,0.248207,0.01518,0.0,0.0,0.0,0.0,9.66797,11.7018,1.0,1.0,Nothing,extended
7.09148,118,-6.16957,-0.182021,-7.18506,0.015979,0.189883,0.0130495,0.0,0.0,0.0,0.0,10.0195,5.85041,1.0,1.0,Nothing,extended
7.15156,119,-6.09293,-0.191602,-7.15632,0.0114516,0.100667,0.00745685,0.0,0.0,0.0,0.0,10.1953,2.9254,1.0,1.0,Nothing,extended
7.21165,120,-6.06419,-0.172441,-7.118,0.0146474,0.0625843,0.0154463,0.0,0.0,0.0,0.0,10.1953,0.0,1.0,1.0,Nothing,extended
7.27174,121,-6.09293,-0.201182,-7.12758,0.015979,-0.0127832,0.00932106,0.0,0.0,0.0,0.0,10.0195,-2.92515,1.0,1.0,Nothing,extended
7.33183,122,-6.09293,-0.201182,-7.12758,0.0138484,-0.0764327,0.0146474,0.0,0.0,0.0,0.0,9.66797,-5.85069,1.0,1.0,Nothing,extended
7.39193,123,-6.12167,-0.172441,-7.15632,0.0127832,-0.14168,0.0138484,0.0,0.0,0.0,0.0,8.96484,-11.6992,1.0,1.0,Nothing,extended
7.45202,124,-6.16957,-0.182021,-7.20422,0.0117179,-0.200003,0.0119842,0.0,0.0,0.0,0.0,8.08594,-14.6267,1.0,1.0,Nothing,extended
7.51211,125,-6.21747,-0.134121,-7.27128,0.0119842,-0.252201,0.0146474,0.0,0.0,0.0,0.0,7.03125,-17.5521,1.0,1.0,Nothing,extended
7.5722,126,-6.21747,-0.191602,-7.3575,0.0138484,-0.304133,0.0154463,0.0,0.0,0.0,0.0,5.97656,-17.5509,1.0,1.0,Nothing,extended
7.6323,127,-6.31327,-0.162861,-7.41498,0.0157127,-0.347543,0.0149137,0.0,0.0,0.0,0.0,4.57031,-23.4003,1.0,1.0,Nothing,extended
7.6924,128,-6.35159,-0.143701,-7.47246,0.0146474,-0.404002,0.0117179,0.0,0.0,0.0,0.0,2.46094,-35.099,1.0,1.0,Nothing,extended
7.75247,129,-6.37075,-0.124541,-7.5012,0.0135821,-0.40773,0.0130495,0.0,0.0,0.0,0.0,1.58203,-14.6311,1.0,1.0,Nothing,extended
7.81255,130,-6.43781,-0.162861,-7.55868,0.01518,-0.422644,0.0111853,0.0,0.0,0.0,0.0,0.175781,-23.4048,1.0,1.0,Nothing,extended
7.87264,131,-6.41865,-0.153281,-7.58742,0.0189084,-0.435959,0.0106526,0.0,0.0,0.0,0.0,-1.58203,-29.252,1.0,1.0,Nothing,extended
7.93273,132,-6.43781,-0.162861,-7.57784,0.0237021,-0.432764,0.0149137,0.0,0.0,0.0,0.0,-2.8125,-20.4791,1.0,1.0,Nothing,extended
7.99282,133,-6.40907,-0.172441,-7.60658,0.0162453,-0.420247,0.0138484,0.0,0.0,0.0,0.0,-4.21875,-23.4035,1.0,1.0,Nothing,extended
8.05291,134,-6.35159,-0.191602,-7.53952,0.0170442,-0.400007,0.0114516,0.0,0.0,0.0,0.0,-5.625,-23.4013,1.0,1.0,Nothing,extended
8.113,135,-6.36117,-0.172441,-7.5012,0.0149137,-0.368582,0.00905475,0.0,0.0,0.0,0.0,-6.67969,-17.5518,1.0,1.0,Nothing,extended
8.17309,136,-6.28453,-0.220342,-7.49162,0.0157127,-0.298807,0.0146474,0.0,0.0,0.0,0.0,-8.26172,-26.326,1.0,1.0,Nothing,extended
8.23408,137,-6.24621,-0.191602,-7.44372,0.0149137,-0.264985,0.0098537,0.0,0.0,0.0,0.0,-8.78906,-8.64736,1.0,1.0,Nothing,extended
8.29417,138,-6.20789,-0.162861,-7.44372,0.0154463,-0.2277,0.0125169,0.0,0.0,0.0,0.0,-9.31641,-8.77568,1.0,1.0,Nothing,extended
8.35426,139,-6.16957,-0.153281,-7.36708,0.0149137,-0.169111,0.0130495,0.0,0.0,0.0,0.0,-9.84375,-8.77599,1.0,1.0,Nothing,extended
8.41435,140,-6.15041,-0.143701,-7.31918,0.0173105,-0.106526,0.00932106,0.0,0.0,0.0,0.0,-10.0195,-2.92524,1.0,1.0,Nothing,extended
8.47444,141,-6.15041,-0.143701,-7.29044,0.0154463,-0.0391485,0.0133158,0.0,0.0,0.0,0.0,-10.0195,0.0,1.0,1.0,Nothing,extended
8.53453,142,-6.15041,-0.134121,-7.34792,0.01518,0.0274306,0.0119842,0.0,0.0,0.0,0.0,-9.84375,2.92532,1.0,1.0,Nothing,extended
8.59462,143,-6.15041,-0.162861,-7.31918,0.0098537,0.0945422,0.00958738,0.0,0.0,0.0,0.0,-9.49219,5.85066,1.0,1.0,Nothing,extended
8.65471,144,-6.19831,-0.143701,-7.33834,0.0167779,0.15979,0.0127832,0.0,0.0,0.0,0.0,-8.78906,11.7008,1.0,1.0,Nothing,extended
8.7148,145,-6.20789,-0.191602,-7.39582,0.0114516,0.217314,0.00772317,0.0,0.0,0.0,0.0,-7.91016,14.6267,1.0,1.0,Nothing,extended
8.7749,146,-6.23663,-0.162861,-7.4054,0.0138484,0.277235,0.01012,0.0,0.0,0.0,0.0,-7.03125,14.6257,1.0,1.0,Nothing,extended
8.83498,147,-6.28453,-0.182021,-7.46288,0.0119842,0.321177,0.0098537,0.0,0.0,0.0,0.0,-5.97656,17.552,1.0,1.0,Nothing,extended
8.89507,148,-6.34201,-0.172441,-7.52036,0.0138484,0.36938,0.010919,0.0,0.0,0.0,0.0,-4.57031,23.4035,1.0,1.0,Nothing,extended
8.95517,149,-6.38033,-0.182021,-7.5012,0.0170442,0.405599,0.0117179,0.0,0.0,0.0,0.0,-3.33984,20.4747,1.0,1.0,Nothing,extended
9.01526,150,-6.40907,-0.182021,-7.57784,0.0130495,0.429035,0.0119842,0.0,0.0,0.0,0.0,-1.93359,23.4031,1.0,1.0,Nothing,extended
9.07532,151,-6.41865,-0.124541,-7.5491,0.0173105,0.450074,0.00932106,0.0,0.0,0.0,0.0,-0.351562,26.3417,1.0,1.0,Nothing,extended
9.1354,152,-6.44739,-0.210762,-7.52036,0.00772317,0.460461,0.00905475,0.0,0.0,0.0,0.0,1.40625,29.2542,1.0,1.0,Nothing,extended
9.19549,153,-6.43781,-0.172441,-7.53952,0.0125169,0.458064,0.00692422,0.0,0.0,0.0,0.0,2.63672,20.4773,1.0,1.0,Nothing,extended
9.25558,154,-6.43781,-0.124541,-7.48204,0.0189084,0.452471,0.0098537,0.0,0.0,0.0,0.0,4.04297,23.4015,1.0,1.0,Nothing,extended
9.31567,155,-6.38033,-0.143701,-7.48204,0.0125169,0.432231,0.0133158,0.0,0.0,0.0,0.0,5.44922,23.4027,1.0,1.0,Nothing,extended
9.37576,156,-6.34201,-0.172441,-7.4054,0.0149137,0.397344,0.00932106,0.0,0.0,0.0,0.0,6.67969,20.4771,1.0,1.0,Nothing,extended
9.43586,157,-6.29411,-0.162861,-7.31918,0.0133158,0.356864,0.01012,0.0,0.0,0.0,0.0,7.73438,17.5503,1.0,1.0,Nothing,extended
9.49595,158,-6.22705,-0.172441,-7.25212,0.0154463,0.31159,0.0098537,0.0,0.0,0.0,0.0,8.61328,14.6262,1.0,1.0,Nothing,extended
9.55604,159,-6.19831,-0.191602,-7.22338,0.0167779,0.260457,0.0114516,0.0,0.0,0.0,0.0,9.14062,8.77603,1.0,1.0,Nothing,extended
9.61613,160,-6.14083,-0.143701,-7.18506,0.010919,0.204797,0.00958738,0.0,0.0,0.0,0.0,9.84375,11.7004,1.0,1.0,Nothing,extended
9.67622,161,-6.11209,-0.182021,-7.15632,0.00878843,0.143012,0.00798948,0.0,0.0,0.0,0.0,10.0195,2.9253,1.0,1.0,Nothing,extended
9.73631,162,-6.09293,-0.162861,-7.1659,0.0141148,0.0743022,0.0111853,0.0,0.0,0.0,0.0,10.1953,2.92534,1.0,1.0,Nothing,extended
9.7964,163,-6.09293,-0.182021,-7.10842,0.0157127,0.00719053,0.0135821,0.0,0.0,0.0,0.0,10.0195,-2.92559,1.0,1.0,Nothing,extended
9.85648,164,-6.11209,-0.191602,-7.13716,0.0141148,-0.0524643,0.01012,0.0,0.0,0.0,0.0,9.66797,-5.85082,1.0,1.0,Nothing,extended
9.91657,165,-6.15041,-0.201182,-7.17548,0.0125169,-0.142213,0.0117179,0.0,0.0,0.0,0.0,8.96484,-11.7015,1.0,1.0,Nothing,extended
9.97666,166,-6.14083,-0.182021,-7.19464,0.0119842,-0.18216,0.0127832,0.0,0.0,0.0,0.0,8.26172,-11.7011,1.0,1.0,Nothing,extended
10.0368,167,-6.20789,-0.162861,-7.2617,0.0149137,-0.23569,0.0138484,0.0,0.0,0.0,0.0,7.38281,-14.6257,1.0,1.0,Nothing,extended
10.0968,168,-6.26537,-0.153281,-7.36708,0.0154463,-0.288154,0.0178432,0.0,0.0,0.0,0.0,6.15234,-20.478,1.0,1.0,Nothing,extended
10.1569,169,-6.27495,-0.153281,-7.39582,0.0117179,-0.331031,0.0135821,0.0,0.0,0.0,0.0,4.92188,-20.4788,1.0,1.0,Nothing,extended
10.217,170,-6.34201,-0.153281,-7.49162,0.0111853,-0.366717,0.0114516,0.0,0.0,0.0,0.0,3.51562,-23.4028,1.0,1.0,Nothing,extended
10.2771,171,-6.39949,-0.143701,-7.48204,0.0146474,-0.39468,0.01012,0.0,0.0,0.0,0.0,2.28516,-20.4776,1.0,1.0,Nothing,extended
10.3372,172,-6.40907,-0.114961,-7.52036,0.0125169,-0.412524,0.0138484,0.0,0.0,0.0,0.0,0.703125,-26.3291,1.0,1.0,Nothing,extended
10.3973,173,-6.44739,-0.162861,-7.57784,0.0135821,-0.428769,0.0141148,0.0,0.0,0.0,0.0,-0.703125,-23.4003,1.0,1.0,Nothing,extended
10.4574,174,-6.40907,-0.182021,-7.58742,0.0173105,-0.431166,0.00559264,0.0,0.0,0.0,0.0,-2.28516,-26.3283,1.0,1.0,Nothing,extended
10.5175,175,-6.39949,-0.172441,-7.5491,0.0154463,-0.420247,0.010919,0.0,0.0,0.0,0.0,-3.69141,-23.4038,1.0,1.0,Nothing,extended
10.5775,176,-6.38991,-0.172441,-7.55868,0.0178432,-0.402137,0.0117179,0.0,0.0,0.0,0.0,-4.92188,-20.4784,1.0,1.0,Nothing,extended
10.6376,177,-6.38033,-0.153281,-7.52036,0.0170442,-0.373908,0.0106526,0.0,0.0,0.0,0.0,-6.32812,-23.4024,1.0,1.0,Nothing,extended
10.6977,178,-6.30369,-0.172441,-7.52036,0.0146474,-0.336357,0.0125169,0.0,0.0,0.0,0.0,-7.20703,-14.6265,1.0,1.0,Nothing,extended
10.7578,179,-6.29411,-0.191602,-7.41498,0.0138484,-0.29348,0.0114516,0.0,0.0,0.0,0.0,-8.26172,-17.5501,1.0,1.0,Nothing,extended
10.8179,180,-6.26537,-0.172441,-7.39582,0.02024,-0.238087,0.010919,0.0,0.0,0.0,0.0,-8.96484,-11.7018,1.0,1.0,Nothing,extended
10.878,181,-6.20789,-0.162861,-7.4054,0.0157127,-0.184024,0.0127832,0.0,0.0,0.0,0.0,-9.49219,-8.77578,1.0,1.0,Nothing,extended
10.9381,182,-6.16957,-0.172441,-7.33834,0.0167779,-0.123571,0.0125169,0.0,0.0,0.0,0.0,-9.84375,-5.85052,1.0,1.0,Nothing,extended
10.9982,183,-6.13125,-0.172441,-7.32876,0.0170442,-0.0604538,0.0098537,0.0,0.0,0.0,0.0,-9.84375,0.0,1.0,1.0,Nothing,extended
11.0583,184,-6.14083,-0.153281,-7.32876,0.0111853,0.00692422,0.00958738,0.0,0.0,0.0,0.0,-9.84375,0.0,1.0,1.0,Nothing,extended
11.1184,185,-6.15041,-0.124541,-7.3575,0.0133158,0.0695085,0.0138484,0.0,0.0,0.0,0.0,-9.49219,5.85064,1.0,1.0,Nothing,extended
11.1785,186,-6.16957,-0.153281,-7.3575,0.0125169,0.133158,0.00692422,0.0,0.0,0.0,0.0,-8.96484,8.77655,1.0,1.0,Nothing,extended
11.2386,187,-6.18873,-0.191602,-7.41498,0.0133158,0.198406,0.01012,0.0,0.0,0.0,0.0,-8.26172,11.7015,1.0,1.0,Nothing,extended
11.2986,188,-6.22705,-0.182021,-7.4054,0.015979,0.253267,0.0117179,0.0,0.0,0.0,0.0,-7.20703,17.5521,1.0,1.0,Nothing,extended
11.3587,189,-6.28453,-0.182021,-7.41498,0.0141148,0.30653,0.010919,0.0,0.0,0.0,0.0,-6.15234,17.5523,1.0,1.0,Nothing,extended
11.4188,190,-6.36117,-0.153281,-7.52994,0.0106526,0.352603,0.00905475,0.0,0.0,0.0,0.0,-5.09766,17.5521,1.0,1.0,Nothing,extended
11.4789,191,-6.35159,-0.172441,-7.52036,0.0114516,0.386425,0.0098537,0.0,0.0,0.0,0.0,-3.69141,23.4005,1.0,1.0,Nothing,extended
11.539,192,-6.40907,-0.191602,-7.5491,0.010919,0.414921,0.0133158,0.0,0.0,0.0,0.0,-2.28516,23.4043,1.0,1.0,Nothing,extended
11.5991,193,-6.44739,-0.191602,-7.55868,0.0130495,0.440221,0.00798948,0.0,0.0,0.0,0.0,-0.878906,23.4033,1.0,1.0,Nothing,extended
11.6592,194,-6.42823,-0.191602,-7.55868,0.0119842,0.452471,0.0119842,0.0,0.0,0.0,0.0,1.05469,32.1807,1.0,1.0,Nothing,extended
11.7193,195,-6.44739,-0.143701,-7.52036,0.0117179,0.454602,0.0117179,0.0,0.0,0.0,0.0,2.8125,29.2548,1.0,1.0,Nothing,extended
11.7793,196,-6.42823,-0.134121,-7.53952,0.0135821,0.448476,0.010919,0.0,0.0,0.0,0.0,3.51562,11.7047,1.0,1.0,Nothing,extended
11.8394,197,-6.36117,-0.182021,-7.47246,0.00932106,0.433563,0.0133158,0.0,0.0,0.0,0.0,4.92188,23.4028,1.0,1.0,Nothing,extended
11.8995,198,-6.34201,-0.172441,-7.44372,0.0114516,0.403735,0.00958738,0.0,0.0,0.0,0.0,6.15234,20.4781,1.0,1.0,Nothing,extended
11.9596,199,-6.24621,-0.162861,-7.36708,0.00745685,0.368848,0.00958738,0.0,0.0,0.0,0.0,7.20703,17.553,1.0,1.0,Nothing,extended
12.0197,200,-6.25579,-0.105381,-7.31918,0.0149137,0.321976,0.0098537,0.0,0.0,0.0,0.0,8.08594,14.6269,1.0,1.0,Nothing,extended
12.0798,201,-6.15999,-0.153281,-7.24254,0.0138484,0.275371,0.0106526,0.0,0.0,0.0,0.0,8.96484,14.6262,1.0,1.0,Nothing,extended
12.1399,202,-6.16957,-0.191602,-7.20422,0.0181095,0.217847,0.01012,0.0,0.0,0.0,0.0,9.49219,8.77498,1.0,1.0,Nothing,extended
12.2,203,-6.11209,-0.191602,-7.13716,0.01518,0.158192,0.00719053,0.0,0.0,0.0,0.0,9.84375,5.85055,1.0,1.0,Nothing,extended
12.26,204,-6.11209,-0.191602,-7.14674,0.0119842,0.0961401,0.00958738,0.0,0.0,0.0,0.0,10.0195,2.92558,1.0,1.0,Nothing,extended
12.3201,205,-6.06419,-0.172441,-7.14674,0.0149137,0.03036,0.010919,0.0,0.0,0.0,0.0,9.84375,-2.92534,1.0,1.0,Nothing,extended
12.3802,206,-6.09293,-0.153281,-7.17548,0.0167779,-0.0338221,0.015979,0.0,0.0,0.0,0.0,9.66797,-2.92535,1.0,1.0,Nothing,extended
12.4403,207,-6.12167,-0.201182,-7.15632,0.0130495,-0.0945422,0.0133158,0.0,0.0,0.0,0.0,9.14062,-8.77387,1.0,1.0,Nothing,extended
12.5004,208,-6.15041,-0.191602,-7.22338,0.0135821,-0.157659,0.0133158,0.0,0.0,0.0,0.0,8.4375,-11.7019,1.0,1.0,Nothing,extended
12.5605,209,-6.18873,-0.143701,-7.2138,0.0181095,-0.21758,0.01518,0.0,0.0,0.0,0.0,7.55859,-14.6257,1.0,1.0,Nothing,extended
12.6206,210,-6.23663,-0.162861,-7.25212,0.0117179,-0.264985,0.0141148,0.0,0.0,0.0,0.0,6.50391,-17.5491,1.0,1.0,Nothing,extended
12.6807,211,-6.27495,-0.134121,-7.3575,0.0135821,-0.311057,0.0157127,0.0,0.0,0.0,0.0,5.09766,-23.4026,1.0,1.0,Nothing,extended
12.7408,212,-6.30369,-0.153281,-7.43414,0.0157127,-0.349939,0.0130495,0.0,0.0,0.0,0.0,4.04297,-17.5507,1.0,1.0,Nothing,extended
12.8009,213,-6.35159,-0.153281,-7.42456,0.015979,-0.383495,0.0162453,0.0,0.0,0.0,0.0,2.46094,-26.3295,1.0,1.0,Nothing,extended
12.861,214,-6.39949,-0.162861,-7.5012,0.0162453,-0.404002,0.0141148,0.0,0.0,0.0,0.0,1.23047,-20.4783,1.0,1.0,Nothing,extended
12.9211,215,-6.45697,-0.124541,-7.52036,0.0154463,-0.418383,0.0133158,0.0,0.0,0.0,0.0,-0.175781,-23.4031,1.0,1.0,Nothing,extended
12.9811,216,-6.45697,-0.143701,-7.57784,0.0149137,-0.422377,0.0141148,0.0,0.0,0.0,0.0,-2.10938,-32.1783,1.0,1.0,Nothing,extended
13.0412,217,-6.40907,-0.191602,-7.5491,0.0170442,-0.414122,0.0141148,0.0,0.0,0.0,0.0,-2.98828,-14.628,1.0,1.0,Nothing,extended
13.1013,218,-6.40907,-0.191602,-7.57784,0.0154463,-0.400273,0.01012,0.0,0.0,0.0,0.0,-4.57031,-26.3257,1.0,1.0,Nothing,extended
13.1614,219,-6.34201,-0.201182,-7.52036,0.0183758,-0.375506,0.0130495,0.0,0.0,0.0,0.0,-5.625,-17.553,1.0,1.0,Nothing,extended
13.2215,220,-6.33243,-0.143701,-7.49162,0.0189084,-0.341151,0.0138484,0.0,0.0,0.0,0.0,-6.85547,-20.4752,1.0,1.0,Nothing,extended
13.2816,221,-6.29411,-0.182021,-7.46288,0.0175769,-0.300937,0.010919,0.0,0.0,0.0,0.0,-7.91016,-17.553,1.0,1.0,Nothing,extended
13.3417,222,-6.21747,-0.162861,-7.4054,0.0141148,-0.249006,0.0125169,0.0,0.0,0.0,0.0,-8.61328,-11.7023,1.0,1.0,Nothing,extended
13.4018,223,-6.19831,-0.191602,-7.39582,0.0114516,-0.195476,0.015979,0.0,0.0,0.0,0.0,-9.14062,-8.77544,1.0,1.0,Nothing,extended
13.4619,224,-6.20789,-0.153281,-7.34792,0.0135821,-0.132625,0.00852212,0.0,0.0,0.0,0.0,-9.49219,-5.85108,1.0,1.0,Nothing,extended
13.5219,225,-6.14083,-0.172441,-7.31918,0.0141148,-0.0732369,0.0157127,0.0,0.0,0.0,0.0,-9.84375,-5.85071,1.0,1.0,Nothing,extended
13.582,226,-6.16957,-0.134121,-7.33834,0.0175769,-0.00719053,0.01518,0.0,0.0,0.0,0.0,-9.84375,0.0,1.0,1.0,Nothing,extended
13.6421,227,-6.12167,-0.172441,-7.31918,0.0173105,0.0721717,0.0130495,0.0,0.0,0.0,0.0,-9.31641,8.77655,1.0,1.0,Nothing,extended
13.7022,228,-6.17915,-0.162861,-7.29044,0.0149137,0.114782,0.0111853,0.0,0.0,0.0,0.0,-8.96484,5.85066,1.0,1.0,Nothing,extended
13.7623,229,-6.22705,-0.182021,-7.3575,0.0130495,0.181361,0.0125169,0.0,0.0,0.0,0.0,-8.4375,8.77571,1.0,1.0,Nothing,extended
13.8224,230,-6.25579,-0.162861,-7.39582,0.015979,0.233559,0.0135821,0.0,0.0,0.0,0.0,-7.38281,17.5518,1.0,1.0,Nothing,extended
13.8825,231,-6.26537,-0.143701,-7.43414,0.01012,0.28842,0.00958738,0.0,0.0,0.0,0.0,-6.50391,14.6287,1.0,1.0,Nothing,extended
13.9426,232,-6.31327,-0.172441,-7.46288,0.0119842,0.337423,0.00772317,0.0,0.0,0.0,0.0,-5.44922,17.5519,1.0,1.0,Nothing,extended
14.0026,233,-6.34201,-0.153281,-7.52036,0.0117179,0.373375,0.00905475,0.0,0.0,0.0,0.0,-4.04297,23.4007,1.0,1.0,Nothing,extended
14.0627,234,-6.38991,-0.172441,-7.5491,0.00958738,0.404801,0.00852212,0.0,0.0,0.0,0.0,-2.8125,20.4799,1.0,1.0,Nothing,extended
14.1228,235,-6.43781,-0.172441,-7.52036,0.0133158,0.426905,0.0127832,0.0,0.0,0.0,0.0,-1.23047,26.325,1.0,1.0,Nothing,extended
14.1829,236,-6.43781,-0.153281,-7.5491,0.0106526,0.441818,0.00772317,0.0,0.0,0.0,0.0,0.0,20.4698,1.0,1.0,Nothing,extended
14.243,237,-6.43781,-0.153281,-7.51078,0.0154463,0.447677,0.01012,0.0,0.0,0.0,0.0,1.58203,26.328,1.0,1.0,Nothing,extended
14.3031,238,-6.40907,-0.153281,-7.5491,0.0106526,0.441818,0.00958738,0.0,0.0,0.0,0.0,2.98828,23.4026,1.0,1.0,Nothing,extended
14.3632,239,-6.37075,-0.143701,-7.5012,0.0111853,0.430899,0.0117179,0.0,0.0,0.0,0.0,4.21875,20.4777,1.0,1.0,Nothing,extended
14.4233,240,-6.34201,-0.153281,-7.46288,0.00932106,0.405067,0.0098537,0.0,0.0,0.0,0.0,5.625,23.4016,1.0,1.0,Nothing,extended
14.4834,241,-6.30369,-0.134121,-7.38624,0.0162453,0.374707,0.0098537,0.0,0.0,0.0,0.0,6.67969,17.5521,1.0,1.0,Nothing,extended
14.5435,242,-6.26537,-0.162861,-7.32876,0.00798948,0.334227,0.0119842,0.0,0.0,0.0,0.0,7.73438,17.5536,1.0,1.0,Nothing,extended
14.6036,243,-6.17915,-0.182021,-7.27128,0.0119842,0.28629,0.0146474,0.0,0.0,0.0,0.0,8.4375,11.7007,1.0,1.0,Nothing,extended
14.6637,244,-6.16957,-0.153281,-7.20422,0.0133158,0.237288,0.0117179,0.0,0.0,0.0,0.0,9.14062,11.7015,1.0,1.0,Nothing,extended
14.7237,245,-6.14083,-0.182021,-7.17548,0.0138484,0.178432,0.0130495,0.0,0.0,0.0,0.0,9.66797,8.7761,1.0,1.0,Nothing,extended
14.7838,246,-6.10251,-0.172441,-7.1659,0.0146474,0.117179,0.0114516,0.0,0.0,0.0,0.0,9.84375,2.92547,1.0,1.0,Nothing,extended
14.8439,247,-6.11209,-0.153281,-7.09884,0.0135821,0.0490022,0.00719053,0.0,0.0,0.0,0.0,9.84375,0.0,1.0,1.0,Nothing,extended
14.904,248,-6.07377,-0.182021,-7.13716,0.01012,-0.0146474,0.00719053,0.0,0.0,0.0,0.0,9.66797,-2.9254,1.0,1.0,Nothing,extended
14.9641,249,-6.09293,-0.182021,-7.15632,0.0138484,-0.0793622,0.0130495,0.0,0.0,0.0,0.0,9.14062,-8.77592,1.0,1.0,Nothing,extended
15.0242,250,-6.15041,-0.162861,-7.17548,0.0138484,-0.14168,0.0138484,0.0,0.0,0.0,0.0,8.4375,-11.7016,1.0,1.0,Nothing,extended
15.0843,251,-6.16957,-0.153281,-7.24254,0.0138484,-0.196541,0.0125169,0.0,0.0,0.0,0.0,7.73438,-11.7013,1.0,1.0,Nothing,extended
15.1444,252,-6.23663,-0.182021,-7.27128,0.0167779,-0.248473,0.00932106,0.0,0.0,0.0,0.0,6.67969,-17.5517,1.0,1.0,Nothing,extended
15.2045,253,-6.23663,-0.134121,-7.33834,0.0178432,-0.29641,0.00878843,0.0,0.0,0.0,0.0,5.80078,-14.6254,1.0,1.0,Nothing,extended
15.2645,254,-6.31327,-0.162861,-7.39582,0.0133158,-0.339553,0.0117179,0.0,0.0,0.0,0.0,4.39453,-23.4022,1.0,1.0,Nothing,extended
15.3246,255,-6.33243,-0.143701,-7.4533,0.0181095,-0.368582,0.0125169,0.0,0.0,0.0,0.0,3.16406,-20.4773,1.0,1.0,Nothing,extended
15.3847,256,-6.36117,-0.153281,-7.46288,0.0146474,-0.392017,0.0138484,0.0,0.0,0.0,0.0,1.75781,-23.403,1.0,1.0,Nothing,extended
15.4448,257,-6.40907,-0.124541,-7.55868,0.0194411,-0.404002,0.0119842,0.0,0.0,0.0,0.0,0.175781,-26.3293,1.0,1.0,Nothing,extended
15.5049,258,-6.41865,-0.162861,-7.56826,0.0146474,-0.41279,0.0138484,0.0,0.0,0.0,0.0,-1.05469,-20.4764,1.0,1.0,Nothing,extended
15.565,259,-6.43781,-0.143701,-7.5491,0.0170442,-0.410127,0.0146474,0.0,0.0,0.0,0.0,-2.46094,-23.4025,1.0,1.0,Nothing,extended
15.6251,260,-6.38991,-0.201182,-7.53952,0.0154463,-0.404002,0.0138484,0.0,0.0,0.0,0.0,-4.04297,-26.3286,1.0,1.0,Nothing,extended
15.6852,261,-6.41865,-0.172441,-7.53952,0.0197074,-0.375506,0.010919,0.0,0.0,0.0,0.0,-5.27344,-20.4768,1.0,1.0,Nothing,extended
15.7453,262,-6.33243,-0.153281,-7.48204,0.0175769,-0.350738,0.00905475,0.0,0.0,0.0,0.0,-6.32812,-17.5522,1.0,1.0,Nothing,extended
15.8054,263,-6.30369,-0.162861,-7.4533,0.0167779,-0.30653,0.00932106,0.0,0.0,0.0,0.0,-7.38281,-17.5502,1.0,1.0,Nothing,extended
15.8654,264,-6.27495,-0.143701,-7.43414,0.015979,-0.262055,0.01518,0.0,0.0,0.0,0.0,-8.4375,-17.5522,1.0,1.0,Nothing,extended
15.9255,265,-6.20789,-0.172441,-7.39582,0.0157127,-0.208792,0.0135821,0.0,0.0,0.0,0.0,-8.78906,-5.85024,1.0,1.0,Nothing,extended
15.9856,266,-6.18873,-0.162861,-7.36708,0.0127832,-0.150202,0.0125169,0.0,0.0,0.0,0.0,-9.31641,-8.77491,1.0,1.0,Nothing,extended
16.0457,267,-6.17915,-0.172441,-7.36708,0.0175769,-0.087618,0.0162453,0.0,0.0,0.0,0.0,-9.66797,-5.85071,1.0,1.0,Nothing,extended
16.1058,268,-6.16957,-0.191602,-7.32876,0.0119842,-0.03036,0.00958738,0.0,0.0,0.0,0.0,-9.66797,0.0,1.0,1.0,Nothing,extended
16.1659,269,-6.15041,-0.143701,-7.32876,0.010919,0.03542,0.010919,0.0,0.0,0.0,0.0,-9.49219,2.92549,1.0,1.0,Nothing,extended
16.226,270,-6.16957,-0.153281,-7.3575,0.0146474,0.0966728,0.0114516,0.0,0.0,0.0,0.0,-9.14062,5.85101,1.0,1.0,Nothing,extended
16.2861,271,-6.17915,-0.191602,-7.34792,0.0167779,0.156061,0.01012,0.0,0.0,0.0,0.0,-8.61328,8.7754,1.0,1.0,Nothing,extended
16.3462,272,-6.22705,-0.162861,-7.43414,0.00958738,0.213053,0.00585895,0.0,0.0,0.0,0.0,-7.73438,14.6256,1.0,1.0,Nothing,extended
16.4063,273,-6.23663,-0.153281,-7.46288,0.0167779,0.273507,0.01012,0.0,0.0,0.0,0.0,-6.85547,14.6251,1.0,1.0,Nothing,extended
16.4663,274,-6.32285,-0.162861,-7.49162,0.0146474,0.316384,0.00852212,0.0,0.0,0.0,0.0,-5.44922,23.4188,1.0,1.0,Nothing,extended
16.5264,275,-6.35159,-0.172441,-7.47246,0.0130495,0.355266,0.0119842,0.0,0.0,0.0,0.0,-4.57031,14.6273,1.0,1.0,Nothing,extended
16.5865,276,-6.38033,-0.191602,-7.5491,0.00958738,0.390419,0.00798948,0.0,0.0,0.0,0.0,-3.16406,23.4007,1.0,1.0,Nothing,extended
16.6466,277,-6.39949,-0.134121,-7.5012,0.01518,0.417317,0.00932106,0.0,0.0,0.0,0.0,-1.75781,23.4022,1.0,1.0,Nothing,extended
16.7067,278,-6.43781,-0.172441,-7.5491,0.00692422,0.431698,0.0117179,0.0,0.0,0.0,0.0,-0.351562,23.4045,1.0,1.0,Nothing,extended
16.7668,279,-6.43781,-0.153281,-7.5491,0.0146474,0.442617,0.0138484,0.0,0.0,0.0,0.0,1.05469,23.4046,1.0,1.0,Nothing,extended
16.8268,280,-6.42823,-0.143701,-7.52036,0.0133158,0.440221,0.015979,0.0,0.0,0.0,0.0,2.63672,26.329,1.0,1.0,Nothing,extended
16.8869,281,-6.40907,-0.134121,-7.5012,0.0117179,0.431432,0.00772317,0.0,0.0,0.0,0.0,3.86719,20.4745,1.0,1.0,Nothing,extended
16.947,282,-6.38033,-0.153281,-7.44372,0.0119842,0.410127,0.0119842,0.0,0.0,0.0,0.0,5.09766,20.4781,1.0,1.0,Nothing,extended
17.0071,283,-6.34201,-0.134121,-7.4054,0.0146474,0.379767,0.0098537,0.0,0.0,0.0,0.0,6.15234,17.5533,1.0,1.0,Nothing,extended
17.0672,284,-6.32285,-0.153281,-7.37666,0.0119842,0.345945,0.0146474,0.0,0.0,0.0,0.0,7.38281,20.4776,1.0,1.0,Nothing,extended
17.1273,285,-6.23663,-0.153281,-7.30002,0.01012,0.314786,0.00905475,0.0,0.0,0.0,0.0,8.08594,11.6997,1.0,1.0,Nothing,extended
17.1874,286,-6.20789,-0.182021,-7.24254,0.0119842,0.244745,0.01012,0.0,0.0,0.0,0.0,8.78906,11.7014,1.0,1.0,Nothing,extended
17.2475,287,-6.17915,-0.172441,-7.15632,0.0157127,0.190416,0.0130495,0.0,0.0,0.0,0.0,9.31641,8.77683,1.0,1.0,Nothing,extended
17.3076,288,-6.12167,-0.153281,-7.13716,0.0167779,0.132093,0.0125169,0.0,0.0,0.0,0.0,9.66797,5.84999,1.0,1.0,Nothing,extended
17.3677,289,-6.10251,-0.201182,-7.1659,0.00958738,0.067378,0.01518,0.0,0.0,0.0,0.0,9.66797,0.0,1.0,1.0,Nothing,extended
17.4278,290,-6.13125,-0.191602,-7.13716,0.0127832,0.00452737,0.010919,0.0,0.0,0.0,0.0,9.49219,-2.92518,1.0,1.0,Nothing,extended
17.4878,291,-6.14083,-0.143701,-7.1659,0.0170442,-0.0569916,0.01012,0.0,0.0,0.0,0.0,9.14062,-5.84997,1.0,1.0,Nothing,extended
17.5479,292,-6.11209,-0.162861,-7.19464,0.0133158,-0.119043,0.0125169,0.0,0.0,0.0,0.0,8.61328,-8.77624,1.0,1.0,Nothing,extended
17.608,293,-6.16957,-0.172441,-7.20422,0.0154463,-0.177367,0.0162453,0.0,0.0,0.0,0.0,7.91016,-11.7015,1.0,1.0,Nothing,extended
17.6681,294,-6.18873,-0.134121,-7.2617,0.0149137,-0.231429,0.01518,0.0,0.0,0.0,0.0,7.03125,-14.6334,1.0,1.0,Nothing,extended
17.7282,295,-6.24621,-0.162861,-7.3096,0.00878843,-0.27617,0.00426106,0.0,0.0,0.0,0.0,5.97656,-17.5524,1.0,1.0,Nothing,extended
17.7883,296,-6.30369,-0.172441,-7.39582,0.01518,-0.315318,0.01518,0.0,0.0,0.0,0.0,4.74609,-20.4772,1.0,1.0,Nothing,extended
17.8483,297,-6.33243,-0.124541,-7.43414,0.0146474,-0.350472,0.01518,0.0,0.0,0.0,0.0,3.51562,-20.4922,1.0,1.0,Nothing,extended
17.9084,298,-6.36117,-0.143701,-7.5012,0.0167779,-0.390153,0.0135821,0.0,0.0,0.0,0.0,2.10938,-23.403,1.0,1.0,Nothing,extended
17.9685,299,-6.40907,-0.172441,-7.55868,0.0194411,-0.392284,0.0146474,0.0,0.0,0.0,0.0,0.878906,-20.4743,1.0,1.0,Nothing,extended
18.0286,300,-6.37075,-0.134121,-7.5491,0.0146474,-0.407996,0.0146474,0.0,0.0,0.0,0.0,-0.703125,-26.3283,1.0,1.0,Nothing,extended
18.0887,301,-6.41865,-0.172441,-7.55868,0.0173105,-0.411192,0.0127832,0.0,0.0,0.0,0.0,-2.10938,-23.3999,1.0,1.0,Nothing,extended
18.1488,302,-6.39949,-0.153281,-7.5491,0.0170442,-0.396811,0.0117179,0.0,0.0,0.0,0.0,-3.33984,-20.4779,1.0,1.0,Nothing,extended
18.2089,303,-6.40907,-0.191602,-7.5491,0.0149137,-0.383229,0.00798948,0.0,0.0,0.0,0.0,-4.74609,-23.4029,1.0,1.0,Nothing,extended
18.269,304,-6.36117,-0.182021,-7.47246,0.0178432,-0.362989,0.0098537,0.0,0.0,0.0,0.0,-5.80078,-17.5511,1.0,1.0,Nothing,extended
18.329,305,-6.30369,-0.172441,-7.48204,0.0125169,-0.316384,0.010919,0.0,0.0,0.0,0.0,-7.03125,-20.4772,1.0,1.0,Nothing,extended
18.3891,306,-6.27495,-0.153281,-7.43414,0.0178432,-0.270843,0.010919,0.0,0.0,0.0,0.0,-7.91016,-14.6245,1.0,1.0,Nothing,extended
18.4492,307,-6.27495,-0.162861,-7.4054,0.0146474,-0.222907,0.015979,0.0,0.0,0.0,0.0,-8.61328,-11.7007,1.0,1.0,Nothing,extended
18.5093,308,-6.20789,-0.191602,-7.39582,0.01012,-0.168844,0.0127832,0.0,0.0,0.0,0.0,-9.14062,-8.77899,1.0,1.0,Nothing,extended
18.5694,309,-6.17915,-0.162861,-7.32876,0.0146474,-0.107592,0.0146474,0.0,0.0,0.0,0.0,-9.31641,-2.92522,1.0,1.0,Nothing,extended
18.6295,310,-6.11209,-0.162861,-7.3575,0.0127832,-0.0458064,0.0146474,0.0,0.0,0.0,0.0,-9.49219,-2.92512,1.0,1.0,Nothing,extended
18.6896,311,-6.13125,-0.143701,-7.3096,0.0125169,0.0183758,0.0098537,0.0,0.0,0.0,0.0,-9.31641,2.92551,1.0,1.0,Nothing,extended
18.7496,312,-6.14083,-0.143701,-7.32876,0.0149137,0.077498,0.0146474,0.0,0.0,0.0,0.0,-9.14062,2.92605,1.0,1.0,Nothing,extended
18.8097,313,-6.16957,-0.182021,-7.39582,0.00932106,0.138751,0.00798948,0.0,0.0,0.0,0.0,-8.61328,8.77565,1.0,1.0,Nothing,extended
18.8698,314,-6.17915,-0.182021,-7.39582,0.0149137,0.194144,0.0106526,0.0,0.0,0.0,0.0,-7.91016,11.7019,1.0,1.0,Nothing,extended
18.9299,315,-6.22705,-0.182021,-7.42456,0.0106526,0.251136,0.00719053,0.0,0.0,0.0,0.0,-7.03125,14.6279,1.0,1.0,Nothing,extended
18.99,316,-6.28453,-0.191602,-7.48204,0.00958738,0.282029,0.0125169,0.0,0.0,0.0,0.0,-5.97656,17.5515,1.0,1.0,Nothing,extended
19.0501,317,-6.29411,-0.162861,-7.47246,0.00772317,0.337955,0.0146474,0.0,0.0,0.0,0.0,-4.92188,17.5512,1.0,1.0,Nothing,extended
19.1102,318,-6.36117,-0.172441,-7.51078,0.00745685,0.375239,0.0119842,0.0,0.0,0.0,0.0,-3.69141,20.4771,1.0,1.0,Nothing,extended
19.1703,319,-6.38033,-0.182021,-7.5491,0.00639159,0.393349,0.0117179,0.0,0.0,0.0,0.0,-2.28516,23.4021,1.0,1.0,Nothing,extended
19.2304,320,-6.41865,-0.162861,-7.5491,0.0106526,0.420779,0.01012,0.0,0.0,0.0,0.0,-0.878906,23.4044,1.0,1.0,Nothing,extended
19.2904,321,-6.42823,-0.153281,-7.5491,0.0106526,0.433829,0.00905475,0.0,0.0,0.0,0.0,0.527344,23.4038,1.0,1.0,Nothing,extended
19.3505,322,-6.44739,-0.182021,-7.53952,0.0141148,0.433563,0.0111853,0.0,0.0,0.0,0.0,2.10938,26.3262,1.0,1.0,Nothing,extended
19.4106,323,-6.40907,-0.143701,-7.49162,0.0106526,0.431432,0.00452737,0.0,0.0,0.0,0.0,3.33984,20.4763,1.0,1.0,Nothing,extended
19.4707,324,-6.37075,-0.143701,-7.42456,0.0130495,0.418383,0.00932106,0.0,0.0,0.0,0.0,4.57031,20.4749,1.0,1.0,Nothing,extended
19.5308,325,-6.33243,-0.153281,-7.42456,0.0146474,0.398143,0.0117179,0.0,0.0,0.0,0.0,5.80078,20.4776,1.0,1.0,Nothing,extended
19.5909,326,-6.33243,-0.162861,-7.39582,0.0133158,0.362723,0.0130495,0.0,0.0,0.0,0.0,6.85547,17.5537,1.0,1.0,Nothing,extended
19.651,327,-6.28453,-0.162861,-7.29044,0.015979,0.304932,0.0106526,0.0,0.0,0.0,0.0,7.91016,17.5517,1.0,1.0,Nothing,extended
19.7111,328,-6.18873,-0.153281,-7.22338,0.0130495,0.275105,0.0149137,0.0,0.0,0.0,0.0,8.4375,8.77603,1.0,1.0,Nothing,extended
19.7712,329,-6.17915,-0.162861,-7.2138,0.0117179,0.224771,0.0138484,0.0,0.0,0.0,0.0,9.14062,11.6998,1.0,1.0,Nothing,extended
19.8313,330,-6.13125,-0.143701,-7.23296,0.00958738,0.143544,0.0117179,0.0,0.0,0.0,0.0,9.49219,5.85057,1.0,1.0,Nothing,extended
19.8913,331,-6.10251,-0.162861,-7.1659,0.0119842,0.101466,0.00639159,0.0,0.0,0.0,0.0,9.49219,0.0,1.0,1.0,Nothing,extended
19.9514,332,-6.12167,-0.172441,-7.1659,0.0138484,0.0229032,0.0135821,0.0,0.0,0.0,0.0,9.49219,0.0,1.0,1.0,Nothing,extended
20.0115,333,-6.11209,-0.172441,-7.14674,0.0146474,-0.0146474,0.0117179,0.0,0.0,0.0,0.0,9.14062,-5.85076,1.0,1.0,Nothing,extended
20.0716,334,-6.12167,-0.162861,-7.20422,0.0167779,-0.0790959,0.0127832,0.0,0.0,0.0,0.0,8.78906,-5.85017,1.0,1.0,Nothing,extended
20.1317,335,-6.16957,-0.172441,-7.1659,0.0133158,-0.158724,0.0125169,0.0,0.0,0.0,0.0,8.08594,-11.7015,1.0,1.0,Nothing,extended
20.1918,336,-6.16957,-0.143701,-7.27128,0.00905475,-0.190416,0.0119842,0.0,0.0,0.0,0.0,7.20703,-14.6264,1.0,1.0,Nothing,extended
20.2519,337,-6.18873,-0.172441,-7.29044,0.01518,-0.262321,0.0119842,0.0,0.0,0.0,0.0,6.32812,-14.6269,1.0,1.0,Nothing,extended
20.3119,338,-6.23663,-0.153281,-7.4054,0.015979,-0.287089,0.0157127,0.0,0.0,0.0,0.0,5.27344,-17.5523,1.0,1.0,Nothing,extended
20.372,339,-6.30369,-0.134121,-7.44372,0.0199737,-0.327036,0.0157127,0.0,0.0,0.0,0.0,4.04297,-20.4754,1.0,1.0,Nothing,extended
20.4321,340,-6.35159,-0.143701,-7.44372,0.01012,-0.358728,0.0130495,0.0,0.0,0.0,0.0,2.63672,-23.4019,1.0,1.0,Nothing,extended
20.4922,341,-6.38033,-0.143701,-7.49162,0.01518,-0.381631,0.0125169,0.0,0.0,0.0,0.0,1.23047,-23.4023,1.0,1.0,Nothing,extended
20.5523,342,-6.37075,-0.153281,-7.52994,0.0127832,-0.396012,0.0114516,0.0,0.0,0.0,0.0,-0.175781,-23.4007,1.0,1.0,Nothing,extended
20.6124,343,-6.41865,-0.143701,-7.57784,0.015979,-0.403735,0.0111853,0.0,0.0,0.0,0.0,-1.58203,-23.4041,1.0,1.0,Nothing,extended
20.6725,344,-6.40907,-0.172441,-7.57784,0.0178432,-0.398143,0.0135821,0.0,0.0,0.0,0.0,-3.16406,-26.325,1.0,1.0,Nothing,extended
20.7326,345,-6.41865,-0.162861,-7.52036,0.0181095,-0.388289,0.00932106,0.0,0.0,0.0,0.0,-4.21875,-17.5528,1.0,1.0,Nothing,extended
20.7927,346,-6.37075,-0.162861,-7.53952,0.01518,-0.366451,0.00772317,0.0,0.0,0.0,0.0,-5.44922,-20.4781,1.0,1.0,Nothing,extended
20.8528,347,-6.36117,-0.182021,-7.5012,0.015979,-0.336091,0.0146474,0.0,0.0,0.0,0.0,-6.50391,-17.5521,1.0,1.0,Nothing,extended
20.9128,348,-6.29411,-0.162861,-7.47246,0.0141148,-0.296144,0.01012,0.0,0.0,0.0,0.0,-7.38281,-14.628,1.0,1.0,Nothing,extended
20.9729,349,-6.24621,-0.162861,-7.41498,0.0173105,-0.235956,0.01012,0.0,0.0,0.0,0.0,-8.26172,-14.6274,1.0,1.0,Nothing,extended
21.033,350,-6.23663,-0.162861,-7.4054,0.0135821,-0.198406,0.0146474,0.0,0.0,0.0,0.0,-8.78906,-8.77599,1.0,1.0,Nothing,extended
21.0931,351,-6.17915,-0.134121,-7.31918,0.0146474,-0.143012,0.0125169,0.0,0.0,0.0,0.0,-9.14062,-5.85057,1.0,1.0,Nothing,extended
21.1532,352,-6.16957,-0.153281,-7.3575,0.0111853,-0.0860201,0.0111853,0.0,0.0,0.0,0.0,-9.31641,-2.92548,1.0,1.0,Nothing,extended
21.2133,353,-6.17915,-0.162861,-7.31918,0.0141148,-0.02024,0.010919,0.0,0.0,0.0,0.0,-9.31641,0.0,1.0,1.0,Nothing,extended
21.2734,354,-6.15999,-0.143701,-7.34792,0.0157127,0.0346211,0.0127832,0.0,0.0,0.0,0.0,-9.14062,2.92504,1.0,1.0,Nothing,extended
21.3335,355,-6.15041,-0.162861,-7.3096,0.0127832,0.103064,0.00905475,0.0,0.0,0.0,0.0,-8.61328,8.77641,1.0,1.0,Nothing,extended
21.3936,356,-6.22705,-0.153281,-7.39582,0.0138484,0.175236,0.0098537,0.0,0.0,0.0,0.0,-8.08594,8.77603,1.0,1.0,Nothing,extended
21.4537,357,-6.23663,-0.143701,-7.4054,0.0106526,0.229831,0.00559264,0.0,0.0,0.0,0.0,-7.20703,14.6263,1.0,1.0,Nothing,extended
21.5138,358,-6.25579,-0.162861,-7.42456,0.0119842,0.264718,0.00932106,0.0,0.0,0.0,0.0,-6.32812,14.626,1.0,1.0,Nothing,extended
21.5738,359,-6.32285,-0.182021,-7.44372,0.0183758,0.30866,0.00905475,0.0,0.0,0.0,0.0,-5.09766,20.4791,1.0,1.0,Nothing,extended
21.6339,360,-6.34201,-0.172441,-7.47246,0.0141148,0.349673,0.01012,0.0,0.0,0.0,0.0,-3.86719,20.4762,1.0,1.0,Nothing,extended
21.694,361,-6.38033,-0.162861,-7.51078,0.0125169,0.380566,0.0125169,0.0,0.0,0.0,0.0,-2.8125,17.5521,1.0,1.0,Nothing,extended
21.7541,362,-6.41865,-0.153281,-7.52994,0.0135821,0.404268,0.0106526,0.0,0.0,0.0,0.0,-1.40625,23.4014,1.0,1.0,Nothing,extended
21.8142,363,-6.40907,-0.143701,-7.55868,0.0098537,0.417051,0.0130495,0.0,0.0,0.0,0.0,0.0,23.4021,1.0,1.0,Nothing,extended
21.8743,364,-6.43781,-0.153281,-7.52036,0.0149137,0.429834,0.0111853,0.0,0.0,0.0,0.0,1.40625,23.4021,1.0,1.0,Nothing,extended
21.9344,365,-6.38991,-0.143701,-7.5012,0.0141148,0.428503,0.0119842,0.0,0.0,0.0,0.0,2.8125,23.4025,1.0,1.0,Nothing,extended
21.9945,366,-6.39949,-0.134121,-7.47246,0.010919,0.416252,0.0130495,0.0,0.0,0.0,0.0,4.21875,23.4026,1.0,1.0,Nothing,extended
22.0546,367,-6.33243,-0.105381,-7.43414,0.010919,0.395479,0.0133158,0.0,0.0,0.0,0.0,5.27344,17.5514,1.0,1.0,Nothing,extended
22.1147,368,-6.29411,-0.172441,-7.36708,0.0106526,0.367516,0.0135821,0.0,0.0,0.0,0.0,6.32812,17.5514,1.0,1.0,Nothing,extended
22.1748,369,-6.28453,-0.153281,-7.32876,0.0138484,0.330232,0.00932106,0.0,0.0,0.0,0.0,7.38281,17.5505,1.0,1.0,Nothing,extended
22.2348,370,-6.20789,-0.201182,-7.3096,0.0162453,0.284159,0.0111853,0.0,0.0,0.0,0.0,8.08594,11.7001,1.0,1.0,Nothing,extended
22.2949,371,-6.16957,-0.134121,-7.25212,0.0149137,0.234624,0.0114516,0.0,0.0,0.0,0.0,8.78906,11.7006,1.0,1.0,Nothing,extended
22.355,372,-6.10251,-0.162861,-7.18506,0.01518,0.179763,0.0130495,0.0,0.0,0.0,0.0,9.14062,5.85099,1.0,1.0,Nothing,extended
22.4151,373,-6.12167,-0.172441,-7.18506,0.0146474,0.11931,0.0106526,0.0,0.0,0.0,0.0,9.49219,5.85055,1.0,1.0,Nothing,extended
22.4752,374,-6.10251,-0.162861,-7.13716,0.0154463,0.0641822,0.015979,0.0,0.0,0.0,0.0,9.49219,0.0,1.0,1.0,Nothing,extended
22.5353,375,-6.10251,-0.162861,-7.12758,0.0157127,0.00346211,0.00639159,0.0,0.0,0.0,0.0,9.14062,-5.84983,1.0,1.0,Nothing,extended
22.5954,376,-6.11209,-0.182021,-7.17548,0.01518,-0.0588559,0.0111853,0.0,0.0,0.0,0.0,8.78906,-5.85078,1.0,1.0,Nothing,extended
22.6555,377,-6.12167,-0.191602,-7.24254,0.0154463,-0.118777,0.0125169,0.0,0.0,0.0,0.0,8.26172,-8.7746,1.0,1.0,Nothing,extended
22.7156,378,-6.16957,-0.162861,-7.24254,0.0141148,-0.174703,0.0130495,0.0,0.0,0.0,0.0,7.38281,-14.6271,1.0,1.0,Nothing,extended
22.7757,379,-6.19831,-0.162861,-7.29044,0.0149137,-0.223972,0.0125169,0.0,0.0,0.0,0.0,6.50391,-14.626,1.0,1.0,Nothing,extended
22.8358,380,-6.25579,-0.172441,-7.31918,0.0170442,-0.274838,0.0141148,0.0,0.0,0.0,0.0,5.44922,-17.5517,1.0,1.0,Nothing,extended
22.8959,381,-6.25579,-0.143701,-7.39582,0.0130495,-0.311324,0.0133158,0.0,0.0,0.0,0.0,4.21875,-20.4781,1.0,1.0,Nothing,extended
22.9559,382,-6.30369,-0.172441,-7.42456,0.0133158,-0.34408,0.0194411,0.0,0.0,0.0,0.0,2.98828,-20.4764,1.0,1.0,Nothing,extended
23.016,383,-6.36117,-0.172441,-7.5491,0.0175769,-0.379767,0.0170442,0.0,0.0,0.0,0.0,1.40625,-26.3268,1.0,1.0,Nothing,extended
23.0761,384,-6.38033,-0.172441,-7.52036,0.0154463,-0.386158,0.0141148,0.0,0.0,0.0,0.0,0.351562,-17.5535,1.0,1.0,Nothing,extended
23.1362,385,-6.39949,-0.172441,-7.5491,0.0191748,-0.39468,0.0125169,0.0,0.0,0.0,0.0,-1.05469,-23.4005,1.0,1.0,Nothing,extended
23.1963,386,-6.39949,-0.182021,-7.55868,0.0133158,-0.392017,0.0114516,0.0,0.0,0.0,0.0,-2.46094,-23.4009,1.0,1.0,Nothing,extended
23.2564,387,-6.38033,-0.162861,-7.5491,0.0183758,-0.389354,0.01012,0.0,0.0,0.0,0.0,-3.86719,-23.4055,1.0,1.0,Nothing,extended
23.3165,388,-6.36117,-0.153281,-7.52036,0.02024,-0.365652,0.0133158,0.0,0.0,0.0,0.0,-5.09766,-20.4783,1.0,1.0,Nothing,extended
23.3766,389,-6.32285,-0.182021,-7.47246,0.0162453,-0.337423,0.0117179,0.0,0.0,0.0,0.0,-5.97656,-14.6276,1.0,1.0,Nothing,extended
23.4367,390,-6.25579,-0.182021,-7.48204,0.021039,-0.302535,0.0106526,0.0,0.0,0.0,0.0,-7.03125,-17.5498,1.0,1.0,Nothing,extended
23.4967,391,-6.23663,-0.182021,-7.4054,0.0133158,-0.261256,0.0175769,0.0,0.0,0.0,0.0,-7.91016,-14.6272,1.0,1.0,Nothing,extended
23.5568,392,-6.24621,-0.153281,-7.4054,0.0181095,-0.211455,0.0119842,0.0,0.0,0.0,0.0,-8.4375,-8.77662,1.0,1.0,Nothing,extended
23.6169,393,-6.18873,-0.182021,-7.39582,0.0146474,-0.155262,0.010919,0.0,0.0,0.0,0.0,-8.96484,-8.77519,1.0,1.0,Nothing,extended
23.677,394,-6.18873,-0.143701,-7.33834,0.0127832,-0.077498,0.0146474,0.0,0.0,0.0,0.0,-9.14062,-2.9254,1.0,1.0,Nothing,extended
23.7371,395,-6.16957,-0.162861,-7.33834,0.0119842,-0.0380832,0.0111853,0.0,0.0,0.0,0.0,-9.14062,0.0,1.0,1.0,Nothing,extended
23.7972,396,-6.19831,-0.182021,-7.3096,0.0130495,0.0242348,0.0111853,0.0,0.0,0.0,0.0,-9.14062,0.0,1.0,1.0,Nothing,extended
23.8573,397,-6.18873,-0.143701,-7.33834,0.0138484,0.102532,0.00878843,0.0,0.0,0.0,0.0,-8.61328,8.77495,1.0,1.0,Nothing,extended
23.9174,398,-6.16957,-0.162861,-7.31918,0.0117179,0.140082,0.00719053,0.0,0.0,0.0,0.0,-8.08594,8.77652,1.0,1.0,Nothing,extended
23.9775,399,-6.24621,-0.182021,-7.4054,0.015979,0.196275,0.00745685,0.0,0.0,0.0,0.0,-7.38281,11.7013,1.0,1.0,Nothing,extended
24.0376,400,-6.26537,-0.191602,-7.39582,0.0141148,0.245011,0.0066579,0.0,0.0,0.0,0.0,-6.50391,14.6264,1.0,1.0,Nothing,extended
24.0976,401,-6.24621,-0.172441,-7.4054,0.0119842,0.296144,0.00798948,0.0,0.0,0.0,0.0,-5.44922,17.5532,1.0,1.0,Nothing,extended
24.1577,402,-6.30369,-0.191602,-7.47246,0.00772317,0.334227,0.01518,0.0,0.0,0.0,0.0,-4.21875,20.4785,1.0,1.0,Nothing,extended
24.2178,403,-6.34201,-0.143701,-7.47246,0.0119842,0.365652,0.01012,0.0,0.0,0.0,0.0,-3.16406,17.5518,1.0,1.0,Nothing,extended
24.2779,404,-6.36117,-0.182021,-7.51078,0.00692422,0.393083,0.00932106,0.0,0.0,0.0,0.0,-1.75781,23.4029,1.0,1.0,Nothing,extended
24.338,405,-6.41865,-0.153281,-7.52036,0.0106526,0.40986,0.0117179,0.0,0.0,0.0,0.0,-0.175781,26.3301,1.0,1.0,Nothing,extended
24.3981,406,-6.41865,-0.153281,-7.48204,0.0162453,0.424774,0.0106526,0.0,0.0,0.0,0.0,0.878906,17.5534,1.0,1.0,Nothing,extended
24.4582,407,-6.38991,-0.143701,-7.5012,0.010919,0.419448,0.01012,0.0,0.0,0.0,0.0,2.28516,23.4028,1.0,1.0,Nothing,extended
24.5183,408,-6.38991,-0.143701,-7.48204,0.0114516,0.406398,0.0098537,0.0,0.0,0.0,0.0,3.86719,26.3278,1.0,1.0,Nothing,extended
24.5783,409,-6.32285,-0.134121,-7.43414,0.0135821,0.392284,0.0098537,0.0,0.0,0.0,0.0,4.92188,17.5516,1.0,1.0,Nothing,extended
24.6384,410,-6.32285,-0.153281,-7.3575,0.0173105,0.371511,0.0167779,0.0,0.0,0.0,0.0,6.15234,20.4766,1.0,1.0,Nothing,extended
24.6985,411,-6.26537,-0.153281,-7.31918,0.0149137,0.333428,0.015979,0.0,0.0,0.0,0.0,7.03125,14.6274,1.0,1.0,Nothing,extended
24.7586,412,-6.21747,-0.172441,-7.25212,0.0106526,0.291616,0.00932106,0.0,0.0,0.0,0.0,7.73438,11.7017,1.0,1.0,Nothing,extended
24.8187,413,-6.19831,-0.182021,-7.25212,0.0127832,0.246342,0.00905475,0.0,0.0,0.0,0.0,8.4375,11.7019,1.0,1.0,Nothing,extended
24.8788,414,-6.14083,-0.182021,-7.1659,0.0178432,0.193612,0.0106526,0.0,0.0,0.0,0.0,8.96484,8.77606,1.0,1.0,Nothing,extended
24.9389,415,-6.14083,-0.172441,-7.1659,0.0130495,0.138218,0.00932106,0.0,0.0,0.0,0.0,9.14062,2.92522,1.0,1.0,Nothing,extended
24.999,416,-6.11209,-0.143701,-7.27128,0.0130495,-0.210123,0.010919,0.0,0.0,0.0,0.0,6.85547,-38.024,1.0,1.0,Nothing,extended
25.3291,417,-6.18873,-0.162861,-7.30002,0.0117179,-0.238619,0.0181095,0.0,0.0,0.0,0.0,6.32812,-1.5974,1.0,1.0,Nothing,extended
25.3892,418,-6.20789,-0.162861,-7.32876,0.0146474,-0.269246,0.0170442,0.0,0.0,0.0,0.0,5.27344,-17.5525,1.0,1.0,Nothing,extended
25.4493,419,-6.27495,-0.143701,-7.41498,0.0117179,-0.31159,0.00905475,0.0,0.0,0.0,0.0,4.04297,-20.474,1.0,1.0,Nothing,extended
25.5094,420,-6.34201,-0.172441,-7.47246,0.0183758,-0.339287,0.0135821,0.0,0.0,0.0,0.0,2.8125,-20.4783,1.0,1.0,Nothing,extended
25.5695,421,-6.35159,-0.162861,-7.48204,0.0133158,-0.370712,0.0149137,0.0,0.0,0.0,0.0,1.40625,-23.403,1.0,1.0,Nothing,extended
25.6296,422,-6.35159,-0.143701,-7.52036,0.0170442,-0.384827,0.0157127,0.0,0.0,0.0,0.0,0.0,-23.4035,1.0,1.0,Nothing,extended
25.6896,423,-6.42823,-0.172441,-7.5491,0.0149137,-0.390419,0.0106526,0.0,0.0,0.0,0.0,-1.40625,-23.4024,1.0,1.0,Nothing,extended
25.7497,424,-6.39949,-0.162861,-7.55868,0.0146474,-0.391485,0.0114516,0.0,0.0,0.0,0.0,-2.63672,-20.4755,1.0,1.0,Nothing,extended
25.8098,425,-6.39949,-0.153281,-7.52036,0.0125169,-0.3795,0.00958738,0.0,0.0,0.0,0.0,-3.86719,-20.4771,1.0,1.0,Nothing,extended
25.8699,426,-6.38033,-0.182021,-7.51078,0.0181095,-0.358994,0.00798948,0.0,0.0,0.0,0.0,-5.09766,-20.475,1.0,1.0,Nothing,extended
25.93,427,-6.33243,-0.191602,-7.48204,0.0133158,-0.330232,0.00932106,0.0,0.0,0.0,0.0,-5.97656,-14.6267,1.0,1.0,Nothing,extended
25.9901,428,-6.30369,-0.162861,-7.44372,0.0173105,-0.269512,0.0135821,0.0,0.0,0.0,0.0,-7.38281,-23.4015,1.0,1.0,Nothing,extended
26.0502,429,-6.26537,-0.201182,-7.4054,0.0141148,-0.240483,0.0117179,0.0,0.0,0.0,0.0,-8.08594,-11.7033,1.0,1.0,Nothing,extended
26.1103,430,-6.19831,-0.153281,-7.39582,0.0173105,-0.18722,0.00932106,0.0,0.0,0.0,0.0,-8.61328,-8.7761,1.0,1.0,Nothing,extended
26.1704,431,-6.21747,-0.172441,-7.34792,0.0154463,-0.131294,0.0130495,0.0,0.0,0.0,0.0,-8.96484,-5.85094,1.0,1.0,Nothing,extended
26.2304,432,-6.15999,-0.191602,-7.34792,0.0173105,-0.092678,0.0125169,0.0,0.0,0.0,0.0,-9.14062,-2.9264,1.0,1.0,Nothing,extended
26.2905,433,-6.17915,-0.162861,-7.33834,0.0135821,-0.0306264,0.0106526,0.0,0.0,0.0,0.0,-9.14062,0.0,1.0,1.0,Nothing,extended
26.3506,434,-6.16957,-0.153281,-7.3096,0.0111853,0.0466053,0.0135821,0.0,0.0,0.0,0.0,-8.78906,5.85057,1.0,1.0,Nothing,extended
26.4107,435,-6.16957,-0.182021,-7.3575,0.015979,0.10413,0.0138484,0.0,0.0,0.0,0.0,-8.4375,5.85029,1.0,1.0,Nothing,extended
26.4708,436,-6.20789,-0.143701,-7.34792,0.00932106,0.143544,0.0114516,0.0,0.0,0.0,0.0,-7.91016,8.77571,1.0,1.0,Nothing,extended
26.5309,437,-6.19831,-0.162861,-7.39582,0.0130495,0.214917,0.0106526,0.0,0.0,0.0,0.0,-7.20703,11.7016,1.0,1.0,Nothing,extended
26.591,438,-6.24621,-0.182021,-7.43414,0.0135821,0.246342,0.00692422,0.0,0.0,0.0,0.0,-6.32812,14.6267,1.0,1.0,Nothing,extended
26.6511,439,-6.28453,-0.162861,-7.4533,0.0141148,0.29348,0.010919,0.0,0.0,0.0,0.0,-5.27344,17.5506,1.0,1.0,Nothing,extended
26.7112,440,-6.31327,-0.162861,-7.47246,0.0117179,0.346477,0.00905475,0.0,0.0,0.0,0.0,-4.04297,20.4767,1.0,1.0,Nothing,extended
26.7712,441,-6.39949,-0.153281,-7.47246,0.0125169,0.372576,0.00878843,0.0,0.0,0.0,0.0,-2.8125,20.4787,1.0,1.0,Nothing,extended
26.8313,442,-6.39949,-0.191602,-7.52036,0.0146474,0.389354,0.0125169,0.0,0.0,0.0,0.0,-1.58203,20.4764,1.0,1.0,Nothing,extended
26.8914,443,-6.42823,-0.172441,-7.52036,0.00772317,0.408529,0.00798948,0.0,0.0,0.0,0.0,-0.175781,23.4039,1.0,1.0,Nothing,extended
26.9515,444,-6.38991,-0.162861,-7.51078,0.0106526,0.416252,0.0106526,0.0,0.0,0.0,0.0,1.23047,23.401,1.0,1.0,Nothing,extended
27.0116,445,-6.40907,-0.153281,-7.5012,0.0066579,0.419714,0.0138484,0.0,0.0,0.0,0.0,2.46094,20.4741,1.0,1.0,Nothing,extended
27.0717,446,-6.38033,-0.162861,-7.47246,0.01012,0.405866,0.00932106,0.0,0.0,0.0,0.0,3.69141,20.4771,1.0,1.0,Nothing,extended
27.1318,447,-6.36117,-0.162861,-7.42456,0.0133158,0.386957,0.00905475,0.0,0.0,0.0,0.0,4.92188,20.4771,1.0,1.0,Nothing,extended
27.1919,448,-6.30369,-0.153281,-7.3575,0.01518,0.364054,0.0154463,0.0,0.0,0.0,0.0,5.97656,17.5521,1.0,1.0,Nothing,extended
27.252,449,-6.29411,-0.153281,-7.32876,0.0117179,0.333161,0.0114516,0.0,0.0,0.0,0.0,7.03125,17.5521,1.0,1.0,Nothing,extended
27.3121,450,-6.23663,-0.172441,-7.30002,0.0111853,0.286556,0.0119842,0.0,0.0,0.0,0.0,7.73438,11.7016,1.0,1.0,Nothing,extended
27.3721,451,-6.16957,-0.191602,-7.2617,0.0130495,0.223173,0.0066579,0.0,0.0,0.0,0.0,8.4375,11.7015,1.0,1.0,Nothing,extended
27.4322,452,-6.15999,-0.191602,-7.18506,0.0114516,0.16991,0.0127832,0.0,0.0,0.0,0.0,8.96484,8.7754,1.0,1.0,Nothing,extended
27.4923,453,-6.13125,-0.172441,-7.15632,0.015979,0.111054,0.00692422,0.0,0.0,0.0,0.0,9.14062,2.92547,1.0,1.0,Nothing,extended
27.5524,454,-6.09293,-0.172441,-7.13716,0.0141148,0.0591222,0.01012,0.0,0.0,0.0,0.0,9.14062,0.0,1.0,1.0,Nothing,extended
27.6125,455,-6.12167,-0.182021,-7.17548,0.0098537,0.0170442,0.00958738,0.0,0.0,0.0,0.0,8.96484,-2.92489,1.0,1.0,Nothing,extended
27.6726,456,-6.11209,-0.191602,-7.17548,0.0114516,-0.0482032,0.010919,0.0,0.0,0.0,0.0,8.61328,-5.85071,1.0,1.0,Nothing,extended
27.7327,457,-6.14083,-0.143701,-7.20422,0.01012,-0.101999,0.0133158,0.0,0.0,0.0,0.0,8.08594,-8.77537,1.0,1.0,Nothing,extended
27.7928,458,-6.16957,-0.153281,-7.24254,0.0154463,-0.158991,0.0111853,0.0,0.0,0.0,0.0,7.38281,-11.7022,1.0,1.0,Nothing,extended
27.8529,459,-6.17915,-0.153281,-7.28086,0.0106526,-0.208792,0.0133158,0.0,0.0,0.0,0.0,6.50391,-14.6259,1.0,1.0,Nothing,extended
27.913,460,-6.25579,-0.143701,-7.3575,0.0130495,-0.266849,0.0127832,0.0,0.0,0.0,0.0,5.44922,-17.5519,1.0,1.0,Nothing,extended
27.9731,461,-6.28453,-0.172441,-7.4054,0.0167779,-0.298274,0.0114516,0.0,0.0,0.0,0.0,4.39453,-17.5516,1.0,1.0,Nothing,extended
28.0332,462,-6.32285,-0.143701,-7.44372,0.01012,-0.327569,0.0135821,0.0,0.0,0.0,0.0,3.16406,-20.4742,1.0,1.0,Nothing,extended
28.0932,463,-6.35159,-0.182021,-7.48204,0.0141148,-0.352336,0.01518,0.0,0.0,0.0,0.0,1.93359,-20.4779,1.0,1.0,Nothing,extended
28.1533,464,-6.36117,-0.134121,-7.53952,0.02024,-0.370446,0.0125169,0.0,0.0,0.0,0.0,0.527344,-23.415,1.0,1.0,Nothing,extended
28.2134,465,-6.37075,-0.182021,-7.5012,0.0141148,-0.383495,0.01012,0.0,0.0,0.0,0.0,-0.878906,-23.4044,1.0,1.0,Nothing,extended
28.2735,466,-6.38033,-0.182021,-7.51078,0.0157127,-0.384827,0.0154463,0.0,0.0,0.0,0.0,-2.10938,-20.4783,1.0,1.0,Nothing,extended
28.3336,467,-6.37075,-0.153281,-7.56826,0.0133158,-0.373908,0.0119842,0.0,0.0,0.0,0.0,-3.51562,-23.403,1.0,1.0,Nothing,extended
28.3937,468,-6.35159,-0.143701,-7.55868,0.015979,-0.357929,0.0098537,0.0,0.0,0.0,0.0,-4.57031,-17.5532,1.0,1.0,Nothing,extended
28.4537,469,-6.32285,-0.191602,-7.49162,0.0175769,-0.335026,0.0130495,0.0,0.0,0.0,0.0,-5.80078,-20.4788,1.0,1.0,Nothing,extended
28.5138,470,-6.27495,-0.191602,-7.5012,0.0167779,-0.303334,0.0125169,0.0,0.0,0.0,0.0,-6.67969,-14.6263,1.0,1.0,Nothing,extended
28.5739,471,-6.22705,-0.182021,-7.4533,0.0191748,-0.26312,0.00905475,0.0,0.0,0.0,0.0,-7.38281,-11.701,1.0,1.0,Nothing,extended
28.634,472,-6.20789,-0.143701,-7.41498,0.0149137,-0.214917,0.00958738,0.0,0.0,0.0,0.0,-8.08594,-11.7007,1.0,1.0,Nothing,extended
28.6941,473,-6.20789,-0.182021,-7.3575,0.0133158,-0.165382,0.0138484,0.0,0.0,0.0,0.0,-8.61328,-8.77739,1.0,1.0,Nothing,extended
28.7542,474,-6.18873,-0.162861,-7.33834,0.0098537,-0.105461,0.0111853,0.0,0.0,0.0,0.0,-8.78906,-2.92548,1.0,1.0,Nothing,extended
28.8143,475,-6.15041,-0.162861,-7.36708,0.0141148,-0.051399,0.0098537,0.0,0.0,0.0,0.0,-8.96484,-2.92511,1.0,1.0,Nothing,extended
28.8743,476,-6.15041,-0.162861,-7.32876,0.0154463,0.00772317,0.00905475,0.0,0.0,0.0,0.0,-8.78906,2.92784,1.0,1.0,Nothing,extended
28.9344,477,-6.17915,-0.172441,-7.31918,0.00798948,0.0639159,0.00958738,0.0,0.0,0.0,0.0,-8.4375,5.85057,1.0,1.0,Nothing,extended
28.9945,478,-6.15041,-0.172441,-7.33834,0.0154463,0.12437,0.00932106,0.0,0.0,0.0,0.0,-8.08594,5.85115,1.0,1.0,Nothing,extended
29.0546,479,-6.21747,-0.182021,-7.4054,0.0167779,0.178432,0.0133158,0.0,0.0,0.0,0.0,-7.38281,11.7023,1.0,1.0,Nothing,extended
29.1147,480,-6.24621,-0.172441,-7.42456,0.0133158,0.229564,0.0106526,0.0,0.0,0.0,0.0,-6.50391,14.6256,1.0,1.0,Nothing,extended
29.1747,481,-6.24621,-0.172441,-7.39582,0.0138484,0.273773,0.0066579,0.0,0.0,0.0,0.0,-5.44922,17.5525,1.0,1.0,Nothing,extended
29.2348,482,-6.30369,-0.162861,-7.5012,0.00798948,0.316916,0.0114516,0.0,0.0,0.0,0.0,-4.39453,17.5502,1.0,1.0,Nothing,extended
29.2949,483,-6.33243,-0.182021,-7.48204,0.00745685,0.351804,0.0149137,0.0,0.0,0.0,0.0,-3.33984,17.5513,1.0,1.0,Nothing,extended
29.355,484,-6.38033,-0.172441,-7.48204,0.0117179,0.376837,0.00905475,0.0,0.0,0.0,0.0,-1.93359,23.4026,1.0,1.0,Nothing,extended
29.4151,485,-6.37075,-0.162861,-7.49162,0.00958738,0.394148,0.00719053,0.0,0.0,0.0,0.0,-0.703125,20.4759,1.0,1.0,Nothing,extended
29.4752,486,-6.38033,-0.162861,-7.52036,0.0157127,0.408529,0.00745685,0.0,0.0,0.0,0.0,0.703125,23.401,1.0,1.0,Nothing,extended
29.5353,487,-6.39949,-0.124541,-7.5012,0.0162453,0.410659,0.0114516,0.0,0.0,0.0,0.0,1.93359,20.4748,1.0,1.0,Nothing,extended
29.5954,488,-6.36117,-0.153281,-7.5012,0.0127832,0.410926,0.01012,0.0,0.0,0.0,0.0,3.33984,23.4032,1.0,1.0,Nothing,extended
29.6555,489,-6.33243,-0.143701,-7.46288,0.0175769,0.387224,0.0125169,0.0,0.0,0.0,0.0,4.74609,23.3998,1.0,1.0,Nothing,extended
29.7156,490,-6.30369,-0.162861,-7.4054,0.0125169,0.370446,0.00878843,0.0,0.0,0.0,0.0,5.625,14.6256,1.0,1.0,Nothing,extended
29.7757,491,-6.26537,-0.162861,-7.32876,0.0138484,0.336357,0.0173105,0.0,0.0,0.0,0.0,6.67969,17.5529,1.0,1.0,Nothing,extended
29.8358,492,-6.21747,-0.162861,-7.29044,0.0130495,0.295345,0.0066579,0.0,0.0,0.0,0.0,7.55859,14.6263,1.0,1.0,Nothing,extended
29.8958,493,-6.18873,-0.162861,-7.25212,0.015979,0.247674,0.0098537,0.0,0.0,0.0,0.0,8.08594,8.77638,1.0,1.0,Nothing,extended
29.9559,494,-6.17915,-0.153281,-7.2138,0.0154463,0.20027,0.0146474,0.0,0.0,0.0,0.0,8.61328,8.77624,1.0,1.0,Nothing,extended
30.016,495,-6.14083,-0.182021,-7.19464,0.0138484,0.145675,0.0149137,0.0,0.0,0.0,0.0,8.96484,5.85045,1.0,1.0,Nothing,extended
30.0761,496,-6.12167,-0.162861,-7.17548,0.01518,0.0886833,0.0106526,0.0,0.0,0.0,0.0,8.96484,0.0,1.0,1.0,Nothing,extended
30.1362,497,-6.15999,-0.191602,-7.15632,0.0175769,0.0322242,0.01012,0.0,0.0,0.0,0.0,8.96484,0.0,1.0,1.0,Nothing,extended
30.1963,498,-6.12167,-0.172441,-7.17548,0.0146474,-0.0460727,0.0133158,0.0,0.0,0.0,0.0,8.61328,-5.84959,1.0,1.0,Nothing,extended
30.2564,499,-6.12167,-0.143701,-7.15632,0.00798948,-0.0846885,0.0130495,0.0,0.0,0.0,0.0,8.26172,-5.85101,1.0,1.0,Nothing,extended
30.3165,500,-6.13125,-0.153281,-7.2138,0.0135821,-0.144077,0.0119842,0.0,0.0,0.0,0.0,7.55859,-11.7015,1.0,1.0,Nothing,extended
