1.69277e-05,0,-1.43701,-0.296982,-9.84832,0.0141148,-0.39761,0.00692422,0.0,0.0,0.0,0.0,-5.97656,0.0,1.0,1.0,None,seated
0.060106,1,-1.43701,-0.258662,-9.84832,0.0114516,-0.362723,0.00692422,0.0,0.0,0.0,0.0,-7.20703,-20.4774,1.0,1.0,Nothing,seated
0.120196,2,-1.40827,-0.258662,-9.74294,0.0119842,-0.320911,0.0106526,0.0,0.0,0.0,0.0,-8.26172,-17.5518,1.0,1.0,Nothing,seated
0.180284,3,-1.41785,-0.249082,-9.69504,0.0149137,-0.268979,0.0111853,0.0,0.0,0.0,0.0,-9.14062,-14.6269,1.0,1.0,Nothing,seated
0.240375,4,-1.37953,-0.258662,-9.62798,0.0127832,-0.210922,0.00932106,0.0,0.0,0.0,0.0,-9.84375,-11.701,1.0,1.0,Nothing,seated
0.300462,5,-1.37953,-0.296982,-9.5705,0.010919,-0.144876,0.00958738,0.0,0.0,0.0,0.0,-10.1953,-5.85089,1.0,1.0,Nothing,seated
0.360553,6,-1.37953,-0.277822,-9.51302,0.01012,-0.0820254,0.0119842,0.0,0.0,0.0,0.0,-10.3711,-2.92525,1.0,1.0,Nothing,seated
0.420647,7,-1.36995,-0.287402,-9.50344,0.0149137,-0.0173105,0.0117179,0.0,0.0,0.0,0.0,-10.3711,0.0,1.0,1.0,Nothing,seated
0.480728,8,-1.36037,-0.306563,-9.51302,0.0127832,0.0506001,0.0130495,0.0,0.0,0.0,0.0,-10.1953,2.92574,1.0,1.0,Nothing,seated
0.540819,9,-1.36995,-0.306563,-9.54176,0.01518,0.117179,0.0125169,0.0,0.0,0.0,0.0,-9.66797,8.77575,1.0,1.0,Nothing,seated
0.600907,10,-1.39869,-0.306563,-9.58966,0.0138484,0.18509,0.00905475,0.0,0.0,0.0,0.0,-8.96484,11.7016,1.0,1.0,Nothing,seated
0.660995,11,-1.39869,-0.287402,-9.60882,0.0141148,0.246076,0.0146474,0.0,0.0,0.0,0.0,-8.26172,11.7016,1.0,1.0,Nothing,seated
0.721085,12,-1.41785,-0.296982,-9.68546,0.0138484,0.302002,0.0133158,0.0,0.0,0.0,0.0,-7.03125,20.4772,1.0,1.0,Nothing,seated
0.781169,13,-1.42743,-0.316143,-9.75252,0.0170442,0.344879,0.00772317,0.0,0.0,0.0,0.0,-5.97656,17.5535,1.0,1.0,Nothing,seated
0.841263,14,-1.46575,-0.268242,-9.84832,0.0167779,0.385892,0.0125169,0.0,0.0,0.0,0.0,-4.57031,23.4008,1.0,1.0,Nothing,seated
0.901356,15,-1.43701,-0.277822,-9.9058,0.0141148,0.420247,0.0098537,0.0,0.0,0.0,0.0,-2.98828,26.3264,1.0,1.0,Nothing,seated
0.961442,16,-1.47533,-0.277822,-9.9058,0.0191748,0.441818,0.0125169,0.0,0.0,0.0,0.0,-1.75781,20.4785,1.0,1.0,Nothing,seated
1.02154,17,-1.48491,-0.258662,-9.93454,0.0175769,0.458596,0.0157127,0.0,0.0,0.0,0.0,0.0,29.2511,1.0,1.0,Nothing,seated
1.08162,18,-1.45617,-0.277822,-9.96328,0.0194411,0.470048,0.01518,0.0,0.0,0.0,0.0,1.40625,23.4039,1.0,1.0,Nothing,seated
1.14172,19,-1.46575,-0.258662,-9.93454,0.0191748,0.464988,0.0189084,0.0,0.0,0.0,0.0,2.8125,23.3977,1.0,1.0,Nothing,seated
1.20181,20,-1.45617,-0.258662,-9.87706,0.0135821,0.448476,0.0149137,0.0,0.0,0.0,0.0,4.21875,23.4027,1.0,1.0,Nothing,seated
1.2619,21,-1.45617,-0.287402,-9.84832,0.0141148,0.423709,0.01518,0.0,0.0,0.0,0.0,5.625,23.4032,1.0,1.0,Nothing,seated
1.32198,22,-1.45617,-0.258662,-9.7621,0.0223706,0.390419,0.0149137,0.0,0.0,0.0,0.0,6.85547,20.4802,1.0,1.0,Nothing,seated
1.38207,23,-1.45617,-0.258662,-9.69504,0.0223706,0.349673,0.00772317,0.0,0.0,0.0,0.0,7.73438,14.6277,1.0,1.0,Nothing,seated
1.44216,24,-1.37953,-0.296982,-9.55134,0.0133158,0.28629,0.0111853,0.0,0.0,0.0,0.0,9.14062,23.4016,1.0,1.0,Nothing,seated
1.5117,25,-1.39869,-0.287402,-9.54176,0.0170442,0.224238,0.0146474,0.0,0.0,0.0,0.0,9.49219,5.05577,1.0,1.0,Nothing,seated
1.57179,26,-1.39869,-0.296982,-9.4747,0.0170442,0.185356,0.0170442,0.0,0.0,0.0,0.0,9.84375,5.85029,1.0,1.0,Nothing,seated
1.63188,27,-1.39869,-0.268242,-9.39806,0.0135821,0.120641,0.0141148,0.0,0.0,0.0,0.0,10.0195,2.92531,1.0,1.0,Nothing,seated
1.69196,28,-1.36037,-0.287402,-9.38848,0.01518,0.0543285,0.010919,0.0,0.0,0.0,0.0,10.0195,0.0,1.0,1.0,Nothing,seated
1.75205,29,-1.36995,-0.287402,-9.46512,0.0114516,-0.0577906,0.0106526,0.0,0.0,0.0,0.0,9.66797,-5.8505,1.0,1.0,Nothing,seated
1.81212,30,-1.41785,-0.258662,-9.46512,0.015979,-0.0817591,0.0098537,0.0,0.0,0.0,0.0,9.31641,-5.85254,1.0,1.0,Nothing,seated
1.87221,31,-1.38911,-0.277822,-9.4747,0.0117179,-0.146474,0.00585895,0.0,0.0,0.0,0.0,8.78906,-8.7762,1.0,1.0,Nothing,seated
1.9323,32,-1.41785,-0.287402,-9.54176,0.0114516,-0.205063,0.0119842,0.0,0.0,0.0,0.0,7.73438,-17.5523,1.0,1.0,Nothing,seated
1.99238,33,-1.42743,-0.287402,-9.58966,0.0133158,-0.26099,0.0149137,0.0,0.0,0.0,0.0,6.85547,-14.628,1.0,1.0,Nothing,seated
2.05247,34,-1.43701,-0.258662,-9.67588,0.00878843,-0.308128,0.01012,0.0,0.0,0.0,0.0,5.625,-20.4778,1.0,1.0,Nothing,seated
2.11256,35,-1.44659,-0.277822,-9.72378,0.0133158,-0.349939,0.00532632,0.0,0.0,0.0,0.0,4.39453,-20.4781,1.0,1.0,Nothing,seated
2.17264,36,-1.47533,-0.249082,-9.84832,0.0125169,-0.383229,0.00719053,0.0,0.0,0.0,0.0,2.98828,-23.4044,1.0,1.0,Nothing,seated
2.23273,37,-1.45617,-0.277822,-9.84832,0.0111853,-0.408529,0.010919,0.0,0.0,0.0,0.0,1.58203,-23.4031,1.0,1.0,Nothing,seated
2.29282,38,-1.45617,-0.277822,-9.87706,0.0154463,-0.427437,0.0106526,0.0,0.0,0.0,0.0,-0.175781,-29.256,1.0,1.0,Nothing,seated
2.35291,39,-1.46575,-0.277822,-9.92496,0.00958738,-0.432764,0.010919,0.0,0.0,0.0,0.0,-1.75781,-26.3259,1.0,1.0,Nothing,seated
2.413,40,-1.45617,-0.306563,-9.88664,0.00932106,-0.435427,0.00719053,0.0,0.0,0.0,0.0,-2.98828,-20.4788,1.0,1.0,Nothing,seated
2.47309,41,-1.43701,-0.239502,-9.87706,0.0106526,-0.419182,0.00719053,0.0,0.0,0.0,0.0,-4.39453,-23.3989,1.0,1.0,Nothing,seated
2.53318,42,-1.42743,-0.277822,-9.9058,0.0119842,-0.396545,0.00745685,0.0,0.0,0.0,0.0,-5.80078,-23.4047,1.0,1.0,Nothing,seated
2.59327,43,-1.41785,-0.268242,-9.84832,0.01012,-0.365386,0.00958738,0.0,0.0,0.0,0.0,-6.85547,-17.5518,1.0,1.0,Nothing,seated
2.65336,44,-1.39869,-0.268242,-9.73336,0.0127832,-0.327036,0.0114516,0.0,0.0,0.0,0.0,-7.91016,-17.5509,1.0,1.0,Nothing,seated
2.71345,45,-1.38911,-0.277822,-9.69504,0.015979,-0.279099,0.00932106,0.0,0.0,0.0,0.0,-8.78906,-14.6278,1.0,1.0,Nothing,seated
2.77354,46,-1.37953,-0.296982,-9.6184,0.015979,-0.219977,0.0162453,0.0,0.0,0.0,0.0,-9.66797,-14.625,1.0,1.0,Nothing,seated
2.83363,47,-1.34121,-0.287402,-9.58966,0.0157127,-0.161121,0.00958738,0.0,0.0,0.0,0.0,-9.84375,-2.92525,1.0,1.0,Nothing,seated
2.89372,48,-1.35079,-0.277822,-9.49386,0.0194411,-0.0359527,0.0138484,0.0,0.0,0.0,0.0,-10.1953,-5.85127,1.0,1.0,Nothing,seated
2.97569,49,-1.35079,-0.287402,-9.49386,0.0138484,0.00798948,0.00719053,0.0,0.0,0.0,0.0,-10.1953,0.0,1.0,1.0,Nothing,seated
3.03579,50,-1.36037,-0.287402,-9.51302,0.0149137,0.0535295,0.0141148,0.0,0.0,0.0,0.0,-9.84375,5.8505,1.0,1.0,Nothing,seated
3.09588,51,-1.37953,-0.306563,-9.54176,0.0167779,0.139017,0.0117179,0.0,0.0,0.0,0.0,-9.31641,8.77603,1.0,1.0,Nothing,seated
3.15597,52,-1.38911,-0.306563,-9.58966,0.01518,0.236222,0.00772317,0.0,0.0,0.0,0.0,-7.91016,23.402,1.0,1.0,Nothing,seated
3.23969,53,-1.39869,-0.277822,-9.63756,0.0170442,0.277235,0.00905475,0.0,0.0,0.0,0.0,-7.20703,8.39813,1.0,1.0,Nothing,seated
3.29978,54,-1.41785,-0.287402,-9.73336,0.0167779,0.308927,0.010919,0.0,0.0,0.0,0.0,-6.32812,14.6263,1.0,1.0,Nothing,seated
3.35987,55,-1.40827,-0.258662,-9.79084,0.02024,0.354999,0.0127832,0.0,0.0,0.0,0.0,-5.27344,17.5526,1.0,1.0,Nothing,seated
3.41997,56,-1.41785,-0.287402,-9.8579,0.0162453,0.403469,0.0178432,0.0,0.0,0.0,0.0,-3.33984,32.1703,1.0,1.0,Nothing,seated
3.48004,57,-1.47533,-0.268242,-9.88664,0.0149137,0.421845,0.0111853,0.0,0.0,0.0,0.0,-2.28516,17.5574,1.0,1.0,Nothing,seated
3.54014,58,-1.44659,-0.258662,-9.91538,0.0234358,0.452471,0.010919,0.0,0.0,0.0,0.0,0.0,38.0263,1.0,1.0,Nothing,seated
3.6037,59,-1.47533,-0.239502,-9.92496,0.0173105,0.457797,0.0173105,0.0,0.0,0.0,0.0,1.05469,16.5936,1.0,1.0,Nothing,seated
3.66379,60,-1.44659,-0.249082,-9.92496,0.0154463,0.456199,0.0157127,0.0,0.0,0.0,0.0,2.63672,26.3282,1.0,1.0,Nothing,seated
3.72386,61,-1.47533,-0.229922,-9.84832,0.0189084,0.433296,0.0146474,0.0,0.0,0.0,0.0,4.74609,35.1153,1.0,1.0,Nothing,seated
3.80871,62,-1.42743,-0.249082,-9.84832,0.0181095,0.425573,0.0127832,0.0,0.0,0.0,0.0,5.44922,8.2864,1.0,1.0,Nothing,seated
3.8688,63,-1.39869,-0.296982,-9.7621,0.01518,0.38749,0.00798948,0.0,0.0,0.0,0.0,6.67969,20.4777,1.0,1.0,Nothing,seated
3.92889,64,-1.43701,-0.296982,-9.6184,0.0175769,0.342483,0.0111853,0.0,0.0,0.0,0.0,7.91016,20.4775,1.0,1.0,Nothing,seated
3.98897,65,-1.40827,-0.258662,-9.64714,0.0170442,0.291882,0.00878843,0.0,0.0,0.0,0.0,8.61328,11.7035,1.0,1.0,Nothing,seated
4.04905,66,-1.39869,-0.258662,-9.54176,0.0175769,0.237288,0.0135821,0.0,0.0,0.0,0.0,9.14062,8.77648,1.0,1.0,Nothing,seated
4.10913,67,-1.42743,-0.277822,-9.48428,0.0149137,0.177367,0.00905475,0.0,0.0,0.0,0.0,9.66797,8.77697,1.0,1.0,Nothing,seated
4.16923,68,-1.40827,-0.287402,-9.46512,0.0170442,0.115049,0.0119842,0.0,0.0,0.0,0.0,9.84375,2.9251,1.0,1.0,Nothing,seated
4.22932,69,-1.43701,-0.249082,-9.41722,0.0173105,0.0490022,0.0117179,0.0,0.0,0.0,0.0,9.84375,0.0,1.0,1.0,Nothing,seated
4.28941,70,-1.39869,-0.287402,-9.45554,0.0146474,-0.0391485,0.01012,0.0,0.0,0.0,0.0,9.49219,-5.85038,1.0,1.0,Nothing,seated
4.34948,71,-1.39869,-0.296982,-9.4268,0.0111853,-0.119576,0.00905475,0.0,0.0,0.0,0.0,8.61328,-14.6305,1.0,1.0,Nothing,seated
4.4407,72,-1.38911,-0.258662,-9.50344,0.0127832,-0.162453,0.0114516,0.0,0.0,0.0,0.0,8.26172,-3.85397,1.0,1.0,Nothing,seated
4.50079,73,-1.39869,-0.249082,-9.58008,0.0117179,-0.218912,0.010919,0.0,0.0,0.0,0.0,7.20703,-17.5512,1.0,1.0,Nothing,seated
4.56088,74,-1.37953,-0.287402,-9.63756,0.0125169,-0.27324,0.0125169,0.0,0.0,0.0,0.0,6.32812,-14.6272,1.0,1.0,Nothing,seated
4.62098,75,-1.40827,-0.287402,-9.72378,0.0119842,-0.314253,0.0106526,0.0,0.0,0.0,0.0,5.09766,-20.475,1.0,1.0,Nothing,seated
4.68106,76,-1.45617,-0.249082,-9.78126,0.0117179,-0.353668,0.00932106,0.0,0.0,0.0,0.0,3.69141,-23.4043,1.0,1.0,Nothing,seated
4.74115,77,-1.42743,-0.258662,-9.8579,0.00932106,-0.384294,0.00745685,0.0,0.0,0.0,0.0,2.28516,-23.4023,1.0,1.0,Nothing,seated
4.80124,78,-1.41785,-0.268242,-9.84832,0.0146474,-0.408529,0.00932106,0.0,0.0,0.0,0.0,0.878906,-23.4031,1.0,1.0,Nothing,seated
4.86133,79,-1.45617,-0.239502,-9.91538,0.0119842,-0.423176,0.00798948,0.0,0.0,0.0,0.0,-0.527344,-23.4039,1.0,1.0,Nothing,seated
4.92141,80,-1.44659,-0.306563,-9.91538,0.00506001,-0.425307,0.00639159,0.0,0.0,0.0,0.0,-2.10938,-26.3304,1.0,1.0,Nothing,seated
4.9815,81,-1.42743,-0.287402,-9.91538,0.01012,-0.421845,0.00719053,0.0,0.0,0.0,0.0,-3.33984,-20.4785,1.0,1.0,Nothing,seated
5.04159,82,-1.41785,-0.268242,-9.84832,0.0111853,-0.407197,0.00266316,0.0,0.0,0.0,0.0,-4.74609,-23.4024,1.0,1.0,Nothing,seated
5.10168,83,-1.42743,-0.277822,-9.79084,0.0117179,-0.381098,0.00585895,0.0,0.0,0.0,0.0,-5.97656,-20.4774,1.0,1.0,Nothing,seated
5.16176,84,-1.45617,-0.287402,-9.77168,0.0127832,-0.344613,0.00798948,0.0,0.0,0.0,0.0,-7.20703,-20.4788,1.0,1.0,Nothing,seated
5.22185,85,-1.41785,-0.287402,-9.70462,0.0114516,-0.289219,0.01012,0.0,0.0,0.0,0.0,-8.4375,-20.4772,1.0,1.0,Nothing,seated
5.28192,86,-1.40827,-0.287402,-9.58966,0.0133158,-0.251935,0.0106526,0.0,0.0,0.0,0.0,-8.96484,-8.77836,1.0,1.0,Nothing,seated
5.34202,87,-1.38911,-0.316143,-9.58966,0.0154463,-0.197873,0.0111853,0.0,0.0,0.0,0.0,-9.49219,-8.77537,1.0,1.0,Nothing,seated
5.40211,88,-1.37953,-0.287402,-9.59924,0.0117179,-0.136088,0.00506001,0.0,0.0,0.0,0.0,-9.84375,-5.85052,1.0,1.0,Nothing,seated
5.4622,89,-1.36037,-0.268242,-9.55134,0.0175769,-0.0756338,0.00745685,0.0,0.0,0.0,0.0,-10.0195,-2.92546,1.0,1.0,Nothing,seated
5.52228,90,-1.36037,-0.287402,-9.50344,0.0146474,0.01518,0.0114516,0.0,0.0,0.0,0.0,-10.0195,0.0,1.0,1.0,Nothing,seated
5.58237,91,-1.39869,-0.296982,-9.5226,0.0175769,0.0529969,0.0154463,0.0,0.0,0.0,0.0,-9.66797,5.85108,1.0,1.0,Nothing,seated
5.64246,92,-1.36995,-0.277822,-9.55134,0.0167779,0.120908,0.0154463,0.0,0.0,0.0,0.0,-9.31641,5.85096,1.0,1.0,Nothing,seated
5.70255,93,-1.36037,-0.306563,-9.59924,0.0175769,0.179763,0.0127832,0.0,0.0,0.0,0.0,-8.61328,11.7001,1.0,1.0,Nothing,seated
5.76264,94,-1.41785,-0.287402,-9.6184,0.0135821,0.237288,0.00772317,0.0,0.0,0.0,0.0,-7.73438,14.6269,1.0,1.0,Nothing,seated
5.82274,95,-1.39869,-0.277822,-9.70462,0.0149137,0.291882,0.0066579,0.0,0.0,0.0,0.0,-6.85547,14.6246,1.0,1.0,Nothing,seated
5.88283,96,-1.40827,-0.306563,-9.77168,0.02024,0.33183,0.0146474,0.0,0.0,0.0,0.0,-5.625,20.4773,1.0,1.0,Nothing,seated
5.94292,97,-1.43701,-0.287402,-9.84832,0.0221042,0.373908,0.0181095,0.0,0.0,0.0,0.0,-4.21875,23.4,1.0,1.0,Nothing,seated
6.00301,98,-1.43701,-0.258662,-9.88664,0.0183758,0.406931,0.0146474,0.0,0.0,0.0,0.0,-2.98828,20.478,1.0,1.0,Nothing,seated
6.0631,99,-1.44659,-0.277822,-9.86748,0.0167779,0.430899,0.00958738,0.0,0.0,0.0,0.0,-1.40625,26.3285,1.0,1.0,Nothing,seated
6.12319,100,-1.48491,-0.258662,-9.88664,0.0162453,0.444482,0.0157127,0.0,0.0,0.0,0.0,0.0,23.4004,1.0,1.0,Nothing,seated
6.18328,101,-1.47533,-0.287402,-9.92496,0.0205063,0.453803,0.0114516,0.0,0.0,0.0,0.0,1.40625,23.4019,1.0,1.0,Nothing,seated
6.24337,102,-1.43701,-0.287402,-9.89622,0.0183758,0.444482,0.00932106,0.0,0.0,0.0,0.0,2.98828,26.3271,1.0,1.0,Nothing,seated
6.30347,103,-1.49449,-0.277822,-9.84832,0.0183758,0.434095,0.01518,0.0,0.0,0.0,0.0,4.21875,20.4757,1.0,1.0,Nothing,seated
6.36356,104,-1.45617,-0.258662,-9.74294,0.0178432,0.410127,0.0181095,0.0,0.0,0.0,0.0,5.625,23.4019,1.0,1.0,Nothing,seated
6.42364,105,-1.44659,-0.287402,-9.69504,0.0170442,0.377903,0.0127832,0.0,0.0,0.0,0.0,6.85547,20.4798,1.0,1.0,Nothing,seated
6.48374,106,-1.43701,-0.229922,-9.64714,0.0197074,0.33396,0.0141148,0.0,0.0,0.0,0.0,7.73438,14.6253,1.0,1.0,Nothing,seated
6.54383,107,-1.42743,-0.268242,-9.58008,0.0191748,0.286556,0.00719053,0.0,0.0,0.0,0.0,8.61328,14.626,1.0,1.0,Nothing,seated
6.60392,108,-1.39869,-0.287402,-9.55134,0.0162453,0.232494,0.00932106,0.0,0.0,0.0,0.0,9.14062,8.7762,1.0,1.0,Nothing,seated
6.66401,109,-1.39869,-0.287402,-9.46512,0.0162453,0.171508,0.0138484,0.0,0.0,0.0,0.0,9.49219,5.85071,1.0,1.0,Nothing,seated
6.72409,110,-1.36995,-0.287402,-9.50344,0.0127832,0.111586,0.0135821,0.0,0.0,0.0,0.0,9.66797,2.92555,1.0,1.0,Nothing,seated
6.78418,111,-1.36995,-0.287402,-9.44596,0.0170442,0.0466053,0.0114516,0.0,0.0,0.0,0.0,9.66797,0.0,1.0,1.0,Nothing,seated
6.84427,112,-1.37953,-0.325723,-9.43638,0.0135821,-0.0146474,0.00852212,0.0,0.0,0.0,0.0,9.49219,-2.92544,1.0,1.0,Nothing,seated
6.90436,113,-1.39869,-0.296982,-9.43638,0.0146474,-0.0777643,0.00585895,0.0,0.0,0.0,0.0,8.96484,-8.77603,1.0,1.0,Nothing,seated
6.96445,114,-1.37953,-0.287402,-9.4747,0.0098537,-0.141946,0.0130495,0.0,0.0,0.0,0.0,8.26172,-11.7016,1.0,1.0,Nothing,seated
7.02454,115,-1.38911,-0.296982,-9.54176,0.0133158,-0.198139,0.0117179,0.0,0.0,0.0,0.0,7.55859,-11.7012,1.0,1.0,Nothing,seated
7.08463,116,-1.40827,-0.268242,-9.63756,0.0149137,-0.252734,0.0130495,0.0,0.0,0.0,0.0,6.50391,-17.5513,1.0,1.0,Nothing,seated
7.14472,117,-1.44659,-0.258662,-9.69504,0.0149137,-0.29854,0.00798948,0.0,0.0,0.0,0.0,5.44922,-17.5518,1.0,1.0,Nothing,seated
7.2048,118,-1.42743,-0.258662,-9.79084,0.0114516,-0.337423,0.00798948,0.0,0.0,0.0,0.0,4.21875,-20.4785,1.0,1.0,Nothing,seated
7.26489,119,-1.42743,-0.249082,-9.81958,0.00905475,-0.370978,0.010919,0.0,0.0,0.0,0.0,2.98828,-20.4775,1.0,1.0,Nothing,seated
7.32498,120,-1.40827,-0.258662,-9.8579,0.01012,-0.396278,0.0125169,0.0,0.0,0.0,0.0,1.58203,-23.4019,1.0,1.0,Nothing,seated
7.38506,121,-1.42743,-0.296982,-9.89622,0.0098537,-0.408529,0.010919,0.0,0.0,0.0,0.0,-0.175781,-29.2577,1.0,1.0,Nothing,seated
7.44515,122,-1.44659,-0.268242,-9.86748,0.00852212,-0.418649,0.0106526,0.0,0.0,0.0,0.0,-1.40625,-20.4772,1.0,1.0,Nothing,seated
7.50524,123,-1.48491,-0.277822,-9.89622,0.0127832,-0.416785,0.0066579,0.0,0.0,0.0,0.0,-2.98828,-26.3278,1.0,1.0,Nothing,seated
7.56533,124,-1.45617,-0.258662,-9.84832,0.00745685,-0.401605,0.00372843,0.0,0.0,0.0,0.0,-4.39453,-23.4022,1.0,1.0,Nothing,seated
7.62542,125,-1.41785,-0.277822,-9.84832,0.0125169,-0.373375,0.00266316,0.0,0.0,0.0,0.0,-5.80078,-23.4031,1.0,1.0,Nothing,seated
7.68551,126,-1.41785,-0.287402,-9.77168,0.0149137,-0.351804,0.0098537,0.0,0.0,0.0,0.0,-6.85547,-17.5524,1.0,1.0,Nothing,seated
7.74559,127,-1.40827,-0.296982,-9.72378,0.0114516,-0.312389,0.0111853,0.0,0.0,0.0,0.0,-7.73438,-14.6276,1.0,1.0,Nothing,seated
7.80568,128,-1.39869,-0.258662,-9.63756,0.0117179,-0.262055,0.0170442,0.0,0.0,0.0,0.0,-8.4375,-11.7014,1.0,1.0,Nothing,seated
7.86577,129,-1.36995,-0.306563,-9.59924,0.0138484,-0.213586,0.00932106,0.0,0.0,0.0,0.0,-9.14062,-11.7024,1.0,1.0,Nothing,seated
7.92585,130,-1.36995,-0.277822,-9.55134,0.0178432,-0.154463,0.00798948,0.0,0.0,0.0,0.0,-9.66797,-8.77662,1.0,1.0,Nothing,seated
7.98595,131,-1.37953,-0.268242,-9.56092,0.0162453,-0.0916127,0.00719053,0.0,0.0,0.0,0.0,-9.84375,-2.92481,1.0,1.0,Nothing,seated
8.04603,132,-1.35079,-0.268242,-9.51302,0.0111853,-0.0282295,0.00852212,0.0,0.0,0.0,0.0,-9.84375,0.0,1.0,1.0,Nothing,seated
8.10612,133,-1.38911,-0.249082,-9.51302,0.010919,0.0346211,0.0138484,0.0,0.0,0.0,0.0,-9.66797,2.9253,1.0,1.0,Nothing,seated
8.16621,134,-1.36037,-0.296982,-9.5226,0.0157127,0.0964064,0.0130495,0.0,0.0,0.0,0.0,-9.14062,8.77617,1.0,1.0,Nothing,seated
8.22631,135,-1.36995,-0.287402,-9.56092,0.0170442,0.155262,0.010919,0.0,0.0,0.0,0.0,-8.61328,8.77561,1.0,1.0,Nothing,seated
8.28639,136,-1.42743,-0.306563,-9.62798,0.0167779,0.215982,0.0154463,0.0,0.0,0.0,0.0,-7.73438,14.627,1.0,1.0,Nothing,seated
8.34648,137,-1.40827,-0.287402,-9.67588,0.0157127,0.270843,0.01012,0.0,0.0,0.0,0.0,-7.03125,11.7016,1.0,1.0,Nothing,seated
8.40656,138,-1.41785,-0.249082,-9.72378,0.0146474,0.317182,0.0119842,0.0,0.0,0.0,0.0,-5.80078,20.4793,1.0,1.0,Nothing,seated
8.46665,139,-1.42743,-0.296982,-9.7621,0.0146474,0.357396,0.0119842,0.0,0.0,0.0,0.0,-4.74609,17.5532,1.0,1.0,Nothing,seated
8.52674,140,-1.43701,-0.277822,-9.84832,0.0194411,0.392284,0.0157127,0.0,0.0,0.0,0.0,-3.33984,23.4039,1.0,1.0,Nothing,seated
8.58683,141,-1.44659,-0.258662,-9.86748,0.0178432,0.416252,0.0170442,0.0,0.0,0.0,0.0,-1.93359,23.4026,1.0,1.0,Nothing,seated
8.64692,142,-1.45617,-0.287402,-9.88664,0.0178432,0.435693,0.0125169,0.0,0.0,0.0,0.0,-0.527344,23.4026,1.0,1.0,Nothing,seated
8.707,143,-1.48491,-0.268242,-9.88664,0.0197074,0.442617,0.02024,0.0,0.0,0.0,0.0,1.23047,29.2532,1.0,1.0,Nothing,seated
8.76709,144,-1.44659,-0.258662,-9.87706,0.0154463,0.440487,0.0138484,0.0,0.0,0.0,0.0,2.28516,17.5517,1.0,1.0,Nothing,seated
8.82718,145,-1.47533,-0.258662,-9.84832,0.0167779,0.427704,0.0162453,0.0,0.0,0.0,0.0,3.69141,23.4062,1.0,1.0,Nothing,seated
8.88726,146,-1.44659,-0.258662,-9.81,0.0191748,0.413056,0.0183758,0.0,0.0,0.0,0.0,5.09766,23.4037,1.0,1.0,Nothing,seated
8.94734,147,-1.44659,-0.258662,-9.74294,0.015979,0.379767,0.0114516,0.0,0.0,0.0,0.0,6.15234,17.5542,1.0,1.0,Nothing,seated
9.00743,148,-1.42743,-0.277822,-9.65672,0.0199737,0.341417,0.0135821,0.0,0.0,0.0,0.0,7.20703,17.553,1.0,1.0,Nothing,seated
9.06752,149,-1.43701,-0.239502,-9.58966,0.0175769,0.298274,0.0098537,0.0,0.0,0.0,0.0,8.08594,14.6275,1.0,1.0,Nothing,seated
9.12761,150,-1.41785,-0.287402,-9.58966,0.0141148,0.245011,0.0127832,0.0,0.0,0.0,0.0,8.78906,11.7015,1.0,1.0,Nothing,seated
9.1877,151,-1.39869,-0.277822,-9.48428,0.0146474,0.170709,0.0127832,0.0,0.0,0.0,0.0,9.31641,8.77523,1.0,1.0,Nothing,seated
9.24778,152,-1.41785,-0.277822,-9.46512,0.0114516,0.108391,0.0119842,0.0,0.0,0.0,0.0,9.49219,2.92566,1.0,1.0,Nothing,seated
9.30787,153,-1.37953,-0.306563,-9.43638,0.01012,0.0689759,0.0098537,0.0,0.0,0.0,0.0,9.49219,0.0,1.0,1.0,Nothing,seated
9.36796,154,-1.37953,-0.287402,-9.43638,0.015979,0.00346211,0.0106526,0.0,0.0,0.0,0.0,9.31641,-2.92516,1.0,1.0,Nothing,seated
9.42805,155,-1.37953,-0.296982,-9.48428,0.01518,-0.0567253,0.00958738,0.0,0.0,0.0,0.0,8.96484,-5.85089,1.0,1.0,Nothing,seated
9.48814,156,-1.36037,-0.287402,-9.54176,0.0138484,-0.121174,0.00745685,0.0,0.0,0.0,0.0,8.4375,-8.77592,1.0,1.0,Nothing,seated
9.54823,157,-1.39869,-0.268242,-9.53218,0.0111853,-0.177633,0.0106526,0.0,0.0,0.0,0.0,7.73438,-11.701,1.0,1.0,Nothing,seated
9.60832,158,-1.37953,-0.268242,-9.58008,0.0154463,-0.230363,0.0141148,0.0,0.0,0.0,0.0,6.85547,-14.6265,1.0,1.0,Nothing,seated
9.66841,159,-1.38911,-0.306563,-9.63756,0.01518,-0.28123,0.00932106,0.0,0.0,0.0,0.0,5.80078,-17.5507,1.0,1.0,Nothing,seated
9.7285,160,-1.40827,-0.249082,-9.7142,0.0114516,-0.319313,0.0141148,0.0,0.0,0.0,0.0,4.39453,-23.4028,1.0,1.0,Nothing,seated
9.7886,161,-1.42743,-0.239502,-9.77168,0.010919,-0.3542,0.00905475,0.0,0.0,0.0,0.0,3.16406,-20.4755,1.0,1.0,Nothing,seated
9.84869,162,-1.43701,-0.249082,-9.79084,0.0098537,-0.382164,0.0106526,0.0,0.0,0.0,0.0,1.75781,-23.4021,1.0,1.0,Nothing,seated
9.90878,163,-1.46575,-0.287402,-9.89622,0.0106526,-0.400273,0.0127832,0.0,0.0,0.0,0.0,0.527344,-20.4778,1.0,1.0,Nothing,seated
9.96887,164,-1.45617,-0.249082,-9.86748,0.00852212,-0.404534,0.0127832,0.0,0.0,0.0,0.0,-0.878906,-23.4014,1.0,1.0,Nothing,seated
10.029,165,-1.46575,-0.287402,-9.86748,0.0111853,-0.408263,0.0106526,0.0,0.0,0.0,0.0,-2.28516,-23.3994,1.0,1.0,Nothing,seated
10.0891,166,-1.46575,-0.258662,-9.84832,0.0162453,-0.398409,0.00559264,0.0,0.0,0.0,0.0,-3.69141,-23.4054,1.0,1.0,Nothing,seated
10.1491,167,-1.41785,-0.268242,-9.84832,0.0146474,-0.383229,0.00798948,0.0,0.0,0.0,0.0,-4.92188,-20.4782,1.0,1.0,Nothing,seated
10.2092,168,-1.41785,-0.277822,-9.78126,0.0133158,-0.351537,0.00878843,0.0,0.0,0.0,0.0,-6.15234,-20.4773,1.0,1.0,Nothing,seated
10.2693,169,-1.38911,-0.287402,-9.70462,0.0138484,-0.317449,0.0125169,0.0,0.0,0.0,0.0,-7.20703,-17.5523,1.0,1.0,Nothing,seated
10.3294,170,-1.39869,-0.306563,-9.65672,0.0106526,-0.273773,0.0149137,0.0,0.0,0.0,0.0,-8.26172,-17.5506,1.0,1.0,Nothing,seated
10.3895,171,-1.37953,-0.277822,-9.63756,0.0119842,-0.223706,0.00692422,0.0,0.0,0.0,0.0,-8.78906,-8.77599,1.0,1.0,Nothing,seated
10.4496,172,-1.38911,-0.287402,-9.58966,0.0162453,-0.169377,0.0111853,0.0,0.0,0.0,0.0,-9.31641,-8.77585,1.0,1.0,Nothing,seated
10.5097,173,-1.35079,-0.258662,-9.55134,0.010919,-0.107592,0.0106526,0.0,0.0,0.0,0.0,-9.66797,-5.85099,1.0,1.0,Nothing,seated
10.5698,174,-1.37953,-0.296982,-9.55134,0.01518,-0.0460727,0.0106526,0.0,0.0,0.0,0.0,-9.66797,0.0,1.0,1.0,Nothing,seated
10.6299,175,-1.36995,-0.277822,-9.51302,0.0114516,0.0181095,0.0114516,0.0,0.0,0.0,0.0,-9.66797,0.0,1.0,1.0,Nothing,seated
10.6899,176,-1.36037,-0.306563,-9.54176,0.0157127,0.0732369,0.0146474,0.0,0.0,0.0,0.0,-9.31641,5.84997,1.0,1.0,Nothing,seated
10.75,177,-1.35079,-0.296982,-9.58966,0.0138484,0.140881,0.0098537,0.0,0.0,0.0,0.0,-8.78906,8.77533,1.0,1.0,Nothing,seated
10.8101,178,-1.39869,-0.287402,-9.60882,0.0173105,0.197607,0.00958738,0.0,0.0,0.0,0.0,-8.08594,11.7016,1.0,1.0,Nothing,seated
10.8702,179,-1.41785,-0.306563,-9.65672,0.0162453,0.252734,0.0111853,0.0,0.0,0.0,0.0,-7.20703,14.6278,1.0,1.0,Nothing,seated
10.9303,180,-1.44659,-0.258662,-9.73336,0.0170442,0.299606,0.00932106,0.0,0.0,0.0,0.0,-6.15234,17.5528,1.0,1.0,Nothing,seated
10.9904,181,-1.45617,-0.287402,-9.74294,0.0162453,0.340352,0.0119842,0.0,0.0,0.0,0.0,-4.92188,20.4767,1.0,1.0,Nothing,seated
11.0505,182,-1.45617,-0.296982,-9.84832,0.0135821,0.37231,0.0146474,0.0,0.0,0.0,0.0,-3.69141,20.4746,1.0,1.0,Nothing,seated
11.1106,183,-1.46575,-0.287402,-9.84832,0.0194411,0.400806,0.0119842,0.0,0.0,0.0,0.0,-2.28516,23.4038,1.0,1.0,Nothing,seated
11.1707,184,-1.46575,-0.296982,-9.86748,0.0178432,0.42291,0.0114516,0.0,0.0,0.0,0.0,-1.05469,20.476,1.0,1.0,Nothing,seated
11.2308,185,-1.48491,-0.258662,-9.89622,0.0189084,0.435427,0.0133158,0.0,0.0,0.0,0.0,0.351562,23.4014,1.0,1.0,Nothing,seated
11.2909,186,-1.48491,-0.277822,-9.89622,0.0173105,0.434894,0.0119842,0.0,0.0,0.0,0.0,1.75781,23.4014,1.0,1.0,Nothing,seated
11.351,187,-1.49449,-0.249082,-9.84832,0.0189084,0.428503,0.0173105,0.0,0.0,0.0,0.0,3.33984,26.3218,1.0,1.0,Nothing,seated
11.411,188,-1.47533,-0.287402,-9.78126,0.0170442,0.411991,0.0162453,0.0,0.0,0.0,0.0,4.39453,17.5532,1.0,1.0,Nothing,seated
11.4711,189,-1.46575,-0.287402,-9.77168,0.0173105,0.385359,0.0117179,0.0,0.0,0.0,0.0,5.625,20.4759,1.0,1.0,Nothing,seated
11.5312,190,-1.44659,-0.287402,-9.69504,0.0205063,0.348341,0.00878843,0.0,0.0,0.0,0.0,6.67969,17.5516,1.0,1.0,Nothing,seated
11.5913,191,-1.40827,-0.249082,-9.60882,0.0181095,0.322775,0.0127832,0.0,0.0,0.0,0.0,7.55859,14.628,1.0,1.0,Nothing,seated
11.6514,192,-1.42743,-0.296982,-9.56092,0.02024,0.258593,0.01012,0.0,0.0,0.0,0.0,8.4375,14.6251,1.0,1.0,Nothing,seated
11.7115,193,-1.38911,-0.287402,-9.51302,0.0173105,0.202667,0.0114516,0.0,0.0,0.0,0.0,8.96484,8.7761,1.0,1.0,Nothing,seated
11.7716,194,-1.39869,-0.306563,-9.46512,0.0146474,0.143544,0.0117179,0.0,0.0,0.0,0.0,9.31641,5.84978,1.0,1.0,Nothing,seated
11.8317,195,-1.36995,-0.287402,-9.48428,0.0130495,0.0849548,0.010919,0.0,0.0,0.0,0.0,9.31641,0.0,1.0,1.0,Nothing,seated
11.8918,196,-1.36995,-0.296982,-9.43638,0.0127832,0.0250337,0.00878843,0.0,0.0,0.0,0.0,9.31641,0.0,1.0,1.0,Nothing,seated
11.9519,197,-1.36995,-0.258662,-9.44596,0.0157127,-0.0181095,0.0098537,0.0,0.0,0.0,0.0,8.96484,-5.85094,1.0,1.0,Nothing,seated
12.012,198,-1.36037,-0.268242,-9.4747,0.0167779,-0.0964064,0.00585895,0.0,0.0,0.0,0.0,8.61328,-5.8499,1.0,1.0,Nothing,seated
12.072,199,-1.41785,-0.249082,-9.56092,0.0119842,-0.15979,0.0111853,0.0,0.0,0.0,0.0,7.91016,-11.703,1.0,1.0,Nothing,seated
12.1321,200,-1.39869,-0.249082,-9.58966,0.0127832,-0.208526,0.0133158,0.0,0.0,0.0,0.0,7.03125,-14.6265,1.0,1.0,Nothing,seated
12.1922,201,-1.41785,-0.306563,-9.62798,0.0111853,-0.25806,0.0162453,0.0,0.0,0.0,0.0,5.97656,-17.553,1.0,1.0,Nothing,seated
12.2523,202,-1.37953,-0.258662,-9.69504,0.0133158,-0.290285,0.010919,0.0,0.0,0.0,0.0,4.92188,-17.5516,1.0,1.0,Nothing,seated
12.3124,203,-1.44659,-0.239502,-9.78126,0.0119842,-0.325172,0.00745685,0.0,0.0,0.0,0.0,3.69141,-20.4769,1.0,1.0,Nothing,seated
12.3725,204,-1.45617,-0.268242,-9.84832,0.0130495,-0.357929,0.00692422,0.0,0.0,0.0,0.0,2.28516,-23.4053,1.0,1.0,Nothing,seated
12.4326,205,-1.47533,-0.258662,-9.8579,0.0127832,-0.387224,0.0127832,0.0,0.0,0.0,0.0,0.878906,-23.4047,1.0,1.0,Nothing,seated
12.4926,206,-1.45617,-0.277822,-9.84832,0.0146474,-0.398409,0.00958738,0.0,0.0,0.0,0.0,-0.527344,-23.4014,1.0,1.0,Nothing,seated
12.5527,207,-1.45617,-0.277822,-9.86748,0.01012,-0.398675,0.0130495,0.0,0.0,0.0,0.0,-1.75781,-20.4785,1.0,1.0,Nothing,seated
12.6128,208,-1.43701,-0.258662,-9.86748,0.010919,-0.39468,0.00585895,0.0,0.0,0.0,0.0,-3.16406,-23.4033,1.0,1.0,Nothing,seated
12.6729,209,-1.45617,-0.287402,-9.84832,0.0154463,-0.378169,0.0106526,0.0,0.0,0.0,0.0,-4.57031,-23.4023,1.0,1.0,Nothing,seated
12.733,210,-1.42743,-0.316143,-9.84832,0.00958738,-0.357396,0.00292948,0.0,0.0,0.0,0.0,-5.625,-17.5617,1.0,1.0,Nothing,seated
12.7931,211,-1.42743,-0.306563,-9.74294,0.0141148,-0.325438,0.0106526,0.0,0.0,0.0,0.0,-6.67969,-17.5531,1.0,1.0,Nothing,seated
12.8531,212,-1.40827,-0.258662,-9.69504,0.010919,-0.283627,0.010919,0.0,0.0,0.0,0.0,-7.73438,-17.55,1.0,1.0,Nothing,seated
12.9132,213,-1.38911,-0.296982,-9.6184,0.0154463,-0.235157,0.00958738,0.0,0.0,0.0,0.0,-8.4375,-11.7013,1.0,1.0,Nothing,seated
12.9733,214,-1.37953,-0.287402,-9.58966,0.0157127,-0.183492,0.00932106,0.0,0.0,0.0,0.0,-8.96484,-8.77613,1.0,1.0,Nothing,seated
13.0334,215,-1.37953,-0.258662,-9.58966,0.0127832,-0.1265,0.00958738,0.0,0.0,0.0,0.0,-9.31641,-5.85096,1.0,1.0,Nothing,seated
13.0935,216,-1.36037,-0.287402,-9.53218,0.010919,-0.0817591,0.00745685,0.0,0.0,0.0,0.0,-9.49219,-2.9252,1.0,1.0,Nothing,seated
13.1536,217,-1.35079,-0.258662,-9.5226,0.0141148,-0.0215716,0.00798948,0.0,0.0,0.0,0.0,-9.49219,0.0,1.0,1.0,Nothing,seated
13.2137,218,-1.37953,-0.277822,-9.5226,0.0173105,0.0599211,0.0135821,0.0,0.0,0.0,0.0,-9.14062,5.8508,1.0,1.0,Nothing,seated
13.2738,219,-1.36995,-0.296982,-9.56092,0.0138484,0.0998685,0.0106526,0.0,0.0,0.0,0.0,-8.78906,5.85141,1.0,1.0,Nothing,seated
13.3339,220,-1.38911,-0.277822,-9.58966,0.0157127,0.158192,0.0125169,0.0,0.0,0.0,0.0,-8.26172,8.77439,1.0,1.0,Nothing,seated
13.394,221,-1.37953,-0.268242,-9.60882,0.0149137,0.216515,0.01518,0.0,0.0,0.0,0.0,-7.38281,14.6258,1.0,1.0,Nothing,seated
13.4541,222,-1.36995,-0.277822,-9.70462,0.0194411,0.263387,0.00905475,0.0,0.0,0.0,0.0,-6.50391,14.6256,1.0,1.0,Nothing,seated
13.5141,223,-1.40827,-0.277822,-9.74294,0.0146474,0.325438,0.0119842,0.0,0.0,0.0,0.0,-5.27344,20.4778,1.0,1.0,Nothing,seated
13.5742,224,-1.39869,-0.268242,-9.84832,0.0154463,0.36219,0.0141148,0.0,0.0,0.0,0.0,-3.86719,23.404,1.0,1.0,Nothing,seated
13.6343,225,-1.44659,-0.296982,-9.8579,0.0175769,0.392017,0.015979,0.0,0.0,0.0,0.0,-2.8125,17.5523,1.0,1.0,Nothing,seated
13.6944,226,-1.47533,-0.287402,-9.86748,0.0178432,0.402404,0.0146474,0.0,0.0,0.0,0.0,-1.40625,23.403,1.0,1.0,Nothing,seated
13.7545,227,-1.45617,-0.287402,-9.88664,0.0205063,0.419448,0.0130495,0.0,0.0,0.0,0.0,0.0,23.3996,1.0,1.0,Nothing,seated
13.8146,228,-1.47533,-0.249082,-9.87706,0.0213053,0.427437,0.0154463,0.0,0.0,0.0,0.0,1.40625,23.4026,1.0,1.0,Nothing,seated
13.8747,229,-1.47533,-0.287402,-9.88664,0.0146474,0.424242,0.0114516,0.0,0.0,0.0,0.0,2.63672,20.479,1.0,1.0,Nothing,seated
13.9348,230,-1.45617,-0.258662,-9.80042,0.0114516,0.406931,0.0138484,0.0,0.0,0.0,0.0,4.04297,23.4032,1.0,1.0,Nothing,seated
13.9948,231,-1.47533,-0.277822,-9.7621,0.0221042,0.390952,0.0157127,0.0,0.0,0.0,0.0,5.09766,17.5528,1.0,1.0,Nothing,seated
14.0549,232,-1.45617,-0.268242,-9.68546,0.021039,0.36432,0.0135821,0.0,0.0,0.0,0.0,6.15234,17.5507,1.0,1.0,Nothing,seated
14.115,233,-1.43701,-0.287402,-9.64714,0.0221042,0.31372,0.00692422,0.0,0.0,0.0,0.0,7.20703,17.553,1.0,1.0,Nothing,seated
14.1751,234,-1.42743,-0.277822,-9.60882,0.0146474,0.262588,0.00958738,0.0,0.0,0.0,0.0,7.91016,11.7025,1.0,1.0,Nothing,seated
14.2352,235,-1.38911,-0.287402,-9.55134,0.015979,0.212787,0.0106526,0.0,0.0,0.0,0.0,8.61328,11.7014,1.0,1.0,Nothing,seated
14.2953,236,-1.39869,-0.296982,-9.5226,0.0157127,0.158724,0.0154463,0.0,0.0,0.0,0.0,8.96484,5.8508,1.0,1.0,Nothing,seated
14.3554,237,-1.37953,-0.306563,-9.4747,0.0162453,0.101466,0.0157127,0.0,0.0,0.0,0.0,9.14062,2.92497,1.0,1.0,Nothing,seated
14.4155,238,-1.39869,-0.306563,-9.46512,0.015979,0.0194411,0.0098537,0.0,0.0,0.0,0.0,9.14062,0.0,1.0,1.0,Nothing,seated
14.4767,239,-1.34121,-0.277822,-9.48428,0.0167779,0.00133158,0.0106526,0.0,0.0,0.0,0.0,8.96484,-2.86966,1.0,1.0,Nothing,seated
14.5368,240,-1.36995,-0.306563,-9.49386,0.01518,-0.0820254,0.010919,0.0,0.0,0.0,0.0,8.4375,-8.77582,1.0,1.0,Nothing,seated
14.5969,241,-1.36037,-0.239502,-9.55134,0.0127832,-0.138484,0.0111853,0.0,0.0,0.0,0.0,7.91016,-8.77568,1.0,1.0,Nothing,seated
14.657,242,-1.39869,-0.306563,-9.55134,0.0130495,-0.190682,0.0106526,0.0,0.0,0.0,0.0,7.03125,-14.6347,1.0,1.0,Nothing,seated
14.7171,243,-1.37953,-0.287402,-9.60882,0.0117179,-0.244745,0.00932106,0.0,0.0,0.0,0.0,6.32812,-11.7009,1.0,1.0,Nothing,seated
14.7772,244,-1.40827,-0.287402,-9.69504,0.00958738,-0.271909,0.00692422,0.0,0.0,0.0,0.0,5.27344,-17.5513,1.0,1.0,Nothing,seated
14.8372,245,-1.41785,-0.268242,-9.74294,0.00798948,-0.312655,0.00772317,0.0,0.0,0.0,0.0,4.04297,-20.4748,1.0,1.0,Nothing,seated
14.8973,246,-1.43701,-0.296982,-9.84832,0.0125169,-0.354467,0.00745685,0.0,0.0,0.0,0.0,2.63672,-23.4027,1.0,1.0,Nothing,seated
14.9574,247,-1.45617,-0.268242,-9.86748,0.0098537,-0.377903,0.00878843,0.0,0.0,0.0,0.0,0.703125,-32.1804,1.0,1.0,Nothing,seated
15.0175,248,-1.45617,-0.296982,-9.88664,0.0119842,-0.394148,0.00905475,0.0,0.0,0.0,0.0,-1.75781,-40.9667,1.0,1.0,Nothing,seated
15.1257,249,-1.42743,-0.306563,-9.84832,0.0117179,-0.393615,0.00719053,0.0,0.0,0.0,0.0,-2.63672,-8.12179,1.0,1.0,Nothing,seated
15.1858,250,-1.45617,-0.258662,-9.88664,0.0119842,-0.385626,0.00852212,0.0,0.0,0.0,0.0,-3.69141,-17.5502,1.0,1.0,Nothing,seated
15.2459,251,-1.42743,-0.287402,-9.84832,0.010919,-0.367783,0.00692422,0.0,0.0,0.0,0.0,-5.09766,-23.4033,1.0,1.0,Nothing,seated
15.306,252,-1.39869,-0.296982,-9.84832,0.0141148,-0.339553,0.00719053,0.0,0.0,0.0,0.0,-5.97656,-14.6293,1.0,1.0,Nothing,seated
15.3661,253,-1.42743,-0.287402,-9.75252,0.0138484,-0.302269,0.00932106,0.0,0.0,0.0,0.0,-7.03125,-17.5521,1.0,1.0,Nothing,seated
15.4261,254,-1.41785,-0.268242,-9.65672,0.0138484,-0.259658,0.0146474,0.0,0.0,0.0,0.0,-7.91016,-14.6273,1.0,1.0,Nothing,seated
15.4862,255,-1.37953,-0.287402,-9.64714,0.0135821,-0.212254,0.01012,0.0,0.0,0.0,0.0,-8.61328,-11.7003,1.0,1.0,Nothing,seated
15.5463,256,-1.36037,-0.268242,-9.58008,0.0138484,-0.160855,0.0106526,0.0,0.0,0.0,0.0,-8.96484,-5.85062,1.0,1.0,Nothing,seated
15.6064,257,-1.36995,-0.268242,-9.5705,0.0130495,-0.098537,0.00692422,0.0,0.0,0.0,0.0,-9.31641,-5.85064,1.0,1.0,Nothing,seated
15.6665,258,-1.36995,-0.287402,-9.55134,0.01518,-0.0388822,0.00639159,0.0,0.0,0.0,0.0,-9.31641,0.0,1.0,1.0,Nothing,seated
15.7266,259,-1.37953,-0.287402,-9.59924,0.0119842,0.0194411,0.00932106,0.0,0.0,0.0,0.0,-9.14062,2.92546,1.0,1.0,Nothing,seated
15.7867,260,-1.41785,-0.268242,-9.55134,0.0098537,0.0785633,0.0146474,0.0,0.0,0.0,0.0,-8.96484,2.92527,1.0,1.0,Nothing,seated
15.8468,261,-1.37953,-0.306563,-9.58008,0.0189084,0.135555,0.0135821,0.0,0.0,0.0,0.0,-8.4375,8.77582,1.0,1.0,Nothing,seated
15.9069,262,-1.37953,-0.258662,-9.59924,0.0175769,0.189351,0.00106526,0.0,0.0,0.0,0.0,-7.73438,11.7013,1.0,1.0,Nothing,seated
15.967,263,-1.41785,-0.249082,-9.65672,0.0154463,0.243413,0.00958738,0.0,0.0,0.0,0.0,-6.67969,17.5508,1.0,1.0,Nothing,seated
16.0271,264,-1.42743,-0.296982,-9.70462,0.0213053,0.289752,0.0106526,0.0,0.0,0.0,0.0,-5.80078,14.6267,1.0,1.0,Nothing,seated
16.0871,265,-1.43701,-0.287402,-9.74294,0.0170442,0.331297,0.0157127,0.0,0.0,0.0,0.0,-4.57031,20.4798,1.0,1.0,Nothing,seated
16.1472,266,-1.41785,-0.268242,-9.84832,0.0215716,0.363255,0.0170442,0.0,0.0,0.0,0.0,-3.51562,17.5509,1.0,1.0,Nothing,seated
16.2073,267,-1.42743,-0.296982,-9.84832,0.0199737,0.391485,0.0130495,0.0,0.0,0.0,0.0,-2.10938,23.4025,1.0,1.0,Nothing,seated
16.2674,268,-1.46575,-0.287402,-9.84832,0.0170442,0.407996,0.0167779,0.0,0.0,0.0,0.0,-0.351562,29.2546,1.0,1.0,Nothing,seated
16.3275,269,-1.44659,-0.268242,-9.86748,0.0194411,0.416252,0.00932106,0.0,0.0,0.0,0.0,0.703125,17.5516,1.0,1.0,Nothing,seated
16.3876,270,-1.43701,-0.249082,-9.84832,0.0197074,0.419448,0.0157127,0.0,0.0,0.0,0.0,2.10938,23.4029,1.0,1.0,Nothing,seated
16.4477,271,-1.45617,-0.249082,-9.84832,0.0194411,0.410659,0.0183758,0.0,0.0,0.0,0.0,3.16406,17.5531,1.0,1.0,Nothing,seated
16.5078,272,-1.43701,-0.268242,-9.77168,0.0213053,0.393615,0.0170442,0.0,0.0,0.0,0.0,4.39453,20.4774,1.0,1.0,Nothing,seated
16.5678,273,-1.46575,-0.268242,-9.73336,0.0146474,0.368315,0.0154463,0.0,0.0,0.0,0.0,5.625,20.4794,1.0,1.0,Nothing,seated
16.6279,274,-1.44659,-0.258662,-9.70462,0.0157127,0.333161,0.0114516,0.0,0.0,0.0,0.0,6.85547,20.4752,1.0,1.0,Nothing,seated
16.688,275,-1.39869,-0.258662,-9.62798,0.015979,0.289486,0.00745685,0.0,0.0,0.0,0.0,7.55859,11.7028,1.0,1.0,Nothing,seated
16.7481,276,-1.44659,-0.258662,-9.58008,0.0175769,0.240217,0.0130495,0.0,0.0,0.0,0.0,8.08594,8.77585,1.0,1.0,Nothing,seated
16.8082,277,-1.43701,-0.287402,-9.51302,0.0130495,0.19015,0.0114516,0.0,0.0,0.0,0.0,8.61328,8.77659,1.0,1.0,Nothing,seated
16.8683,278,-1.42743,-0.287402,-9.51302,0.0167779,0.137952,0.0141148,0.0,0.0,0.0,0.0,8.96484,5.85089,1.0,1.0,Nothing,seated
16.9284,279,-1.36037,-0.277822,-9.45554,0.0135821,0.0782969,0.0135821,0.0,0.0,0.0,0.0,8.96484,0.0,1.0,1.0,Nothing,seated
16.9885,280,-1.35079,-0.325723,-9.45554,0.0133158,0.0181095,0.0125169,0.0,0.0,0.0,0.0,8.96484,0.0,1.0,1.0,Nothing,seated
17.0486,281,-1.37953,-0.268242,-9.45554,0.0178432,-0.0378169,0.01012,0.0,0.0,0.0,0.0,8.61328,-5.85024,1.0,1.0,Nothing,seated
17.1086,282,-1.41785,-0.268242,-9.4747,0.0149137,-0.102532,0.0106526,0.0,0.0,0.0,0.0,8.08594,-8.77669,1.0,1.0,Nothing,seated
17.1687,283,-1.43701,-0.287402,-9.55134,0.00852212,-0.154463,0.0130495,0.0,0.0,0.0,0.0,7.55859,-8.77627,1.0,1.0,Nothing,seated
17.2288,284,-1.41785,-0.268242,-9.55134,0.0119842,-0.207993,0.0106526,0.0,0.0,0.0,0.0,6.67969,-14.6265,1.0,1.0,Nothing,seated
17.2889,285,-1.42743,-0.277822,-9.63756,0.01012,-0.249538,0.0114516,0.0,0.0,0.0,0.0,5.80078,-14.6267,1.0,1.0,Nothing,seated
17.349,286,-1.45617,-0.277822,-9.69504,0.01012,-0.294013,0.0141148,0.0,0.0,0.0,0.0,4.57031,-20.475,1.0,1.0,Nothing,seated
17.4091,287,-1.40827,-0.249082,-9.74294,0.01012,-0.327036,0.00878843,0.0,0.0,0.0,0.0,3.33984,-20.4776,1.0,1.0,Nothing,seated
17.4692,288,-1.44659,-0.229922,-9.84832,0.0157127,-0.355798,0.0098537,0.0,0.0,0.0,0.0,1.93359,-23.4027,1.0,1.0,Nothing,seated
17.5293,289,-1.45617,-0.239502,-9.84832,0.0127832,-0.371777,0.0135821,0.0,0.0,0.0,0.0,0.703125,-20.4774,1.0,1.0,Nothing,seated
17.5894,290,-1.43701,-0.287402,-9.84832,0.0167779,-0.384028,0.0125169,0.0,0.0,0.0,0.0,-0.527344,-20.4775,1.0,1.0,Nothing,seated
17.6495,291,-1.39869,-0.277822,-9.84832,0.01012,-0.386158,0.00932106,0.0,0.0,0.0,0.0,-1.93359,-23.4005,1.0,1.0,Nothing,seated
17.7095,292,-1.41785,-0.287402,-9.84832,0.0141148,-0.379234,0.00905475,0.0,0.0,0.0,0.0,-3.33984,-23.4032,1.0,1.0,Nothing,seated
17.7696,293,-1.43701,-0.287402,-9.78126,0.0133158,-0.365119,0.00213053,0.0,0.0,0.0,0.0,-4.57031,-20.4751,1.0,1.0,Nothing,seated
17.8297,294,-1.41785,-0.268242,-9.74294,0.00958738,-0.340086,0.00639159,0.0,0.0,0.0,0.0,-5.625,-17.5527,1.0,1.0,Nothing,seated
17.8898,295,-1.41785,-0.277822,-9.74294,0.0162453,-0.306264,0.0098537,0.0,0.0,0.0,0.0,-6.50391,-14.6278,1.0,1.0,Nothing,seated
17.9499,296,-1.43701,-0.287402,-9.7142,0.0119842,-0.264985,0.0117179,0.0,0.0,0.0,0.0,-7.55859,-17.5514,1.0,1.0,Nothing,seated
18.01,297,-1.39869,-0.277822,-9.6663,0.0111853,-0.22051,0.0117179,0.0,0.0,0.0,0.0,-8.26172,-11.7021,1.0,1.0,Nothing,seated
18.0701,298,-1.39869,-0.249082,-9.60882,0.0119842,-0.168045,0.0106526,0.0,0.0,0.0,0.0,-8.61328,-5.85115,1.0,1.0,Nothing,seated
18.1302,299,-1.36995,-0.268242,-9.55134,0.0111853,-0.110521,0.0098537,0.0,0.0,0.0,0.0,-8.96484,-5.85031,1.0,1.0,Nothing,seated
18.1903,300,-1.37953,-0.268242,-9.56092,0.0149137,-0.0545948,0.00559264,0.0,0.0,0.0,0.0,-9.14062,-2.9254,1.0,1.0,Nothing,seated
18.2503,301,-1.38911,-0.268242,-9.54176,0.0138484,0.00532632,0.010919,0.0,0.0,0.0,0.0,-9.14062,0.0,1.0,1.0,Nothing,seated
18.3104,302,-1.38911,-0.258662,-9.58008,0.0127832,0.0636496,0.0133158,0.0,0.0,0.0,0.0,-8.78906,5.85082,1.0,1.0,Nothing,seated
18.3705,303,-1.39869,-0.296982,-9.55134,0.0157127,0.117712,0.01012,0.0,0.0,0.0,0.0,-8.4375,5.85122,1.0,1.0,Nothing,seated
18.4306,304,-1.37953,-0.287402,-9.62798,0.0127832,0.19228,0.00878843,0.0,0.0,0.0,0.0,-7.20703,20.4763,1.0,1.0,Nothing,seated
18.5037,305,-1.40827,-0.277822,-9.64714,0.0173105,0.243946,0.010919,0.0,0.0,0.0,0.0,-6.67969,7.21338,1.0,1.0,Nothing,seated
18.5638,306,-1.40827,-0.306563,-9.7142,0.0183758,0.27111,0.0114516,0.0,0.0,0.0,0.0,-5.80078,14.6264,1.0,1.0,Nothing,seated
18.6239,307,-1.44659,-0.277822,-9.73336,0.0173105,0.315052,0.01012,0.0,0.0,0.0,0.0,-4.57031,20.478,1.0,1.0,Nothing,seated
18.684,308,-1.41785,-0.287402,-9.78126,0.0130495,0.349673,0.0119842,0.0,0.0,0.0,0.0,-3.51562,17.5529,1.0,1.0,Nothing,seated
18.7441,309,-1.46575,-0.258662,-9.8579,0.0167779,0.37444,0.00878843,0.0,0.0,0.0,0.0,-2.28516,20.4789,1.0,1.0,Nothing,seated
18.8042,310,-1.44659,-0.258662,-9.84832,0.0173105,0.398675,0.0111853,0.0,0.0,0.0,0.0,-1.05469,20.4762,1.0,1.0,Nothing,seated
18.8642,311,-1.47533,-0.258662,-9.84832,0.0218379,0.410393,0.0135821,0.0,0.0,0.0,0.0,0.351562,23.4033,1.0,1.0,Nothing,seated
18.9243,312,-1.47533,-0.277822,-9.84832,0.0170442,0.416252,0.0157127,0.0,0.0,0.0,0.0,1.75781,23.403,1.0,1.0,Nothing,seated
18.9844,313,-1.47533,-0.287402,-9.84832,0.02024,0.410926,0.0141148,0.0,0.0,0.0,0.0,3.16406,23.403,1.0,1.0,Nothing,seated
19.0445,314,-1.46575,-0.258662,-9.80042,0.0223706,0.387756,0.0162453,0.0,0.0,0.0,0.0,4.57031,23.4054,1.0,1.0,Nothing,seated
19.1046,315,-1.47533,-0.249082,-9.74294,0.0175769,0.368315,0.0135821,0.0,0.0,0.0,0.0,5.27344,11.7014,1.0,1.0,Nothing,seated
19.1647,316,-1.44659,-0.287402,-9.70462,0.0183758,0.337156,0.0138484,0.0,0.0,0.0,0.0,6.50391,20.4779,1.0,1.0,Nothing,seated
19.2248,317,-1.43701,-0.296982,-9.5705,0.0157127,0.287089,0.00958738,0.0,0.0,0.0,0.0,7.20703,11.7009,1.0,1.0,Nothing,seated
19.2849,318,-1.41785,-0.296982,-9.55134,0.0218379,0.253267,0.0119842,0.0,0.0,0.0,0.0,7.91016,11.6996,1.0,1.0,Nothing,seated
19.345,319,-1.41785,-0.287402,-9.51302,0.0173105,0.202933,0.010919,0.0,0.0,0.0,0.0,8.4375,8.77491,1.0,1.0,Nothing,seated
19.4051,320,-1.37953,-0.316143,-9.54176,0.0167779,0.150735,0.0130495,0.0,0.0,0.0,0.0,8.61328,2.92534,1.0,1.0,Nothing,seated
19.4651,321,-1.38911,-0.268242,-9.49386,0.0181095,0.0950749,0.0106526,0.0,0.0,0.0,0.0,8.78906,2.92549,1.0,1.0,Nothing,seated
19.5252,322,-1.40827,-0.316143,-9.4747,0.0125169,0.0370179,0.010919,0.0,0.0,0.0,0.0,8.78906,0.0,1.0,1.0,Nothing,seated
19.5853,323,-1.36995,-0.287402,-9.45554,0.0117179,-0.0221042,0.00692422,0.0,0.0,0.0,0.0,8.61328,-2.92517,1.0,1.0,Nothing,seated
19.6454,324,-1.37953,-0.287402,-9.46512,0.01518,-0.0820254,0.00585895,0.0,0.0,0.0,0.0,8.08594,-8.7761,1.0,1.0,Nothing,seated
19.7055,325,-1.39869,-0.277822,-9.5705,0.0138484,-0.139816,0.0098537,0.0,0.0,0.0,0.0,7.38281,-11.7021,1.0,1.0,Nothing,seated
19.7656,326,-1.39869,-0.268242,-9.55134,0.0119842,-0.19015,0.0162453,0.0,0.0,0.0,0.0,6.67969,-11.701,1.0,1.0,Nothing,seated
19.8257,327,-1.41785,-0.277822,-9.58966,0.00772317,-0.23782,0.01012,0.0,0.0,0.0,0.0,5.80078,-14.6269,1.0,1.0,Nothing,seated
19.8858,328,-1.39869,-0.306563,-9.65672,0.010919,-0.274039,0.00905475,0.0,0.0,0.0,0.0,4.74609,-17.5529,1.0,1.0,Nothing,seated
19.9459,329,-1.44659,-0.277822,-9.73336,0.0130495,-0.312122,0.00958738,0.0,0.0,0.0,0.0,3.33984,-23.4036,1.0,1.0,Nothing,seated
20.0059,330,-1.40827,-0.239502,-9.7621,0.0135821,-0.335292,0.00958738,0.0,0.0,0.0,0.0,2.10938,-20.4748,1.0,1.0,Nothing,seated
20.066,331,-1.44659,-0.249082,-9.84832,0.0125169,-0.35926,0.0127832,0.0,0.0,0.0,0.0,0.703125,-23.4,1.0,1.0,Nothing,seated
20.1261,332,-1.46575,-0.316143,-9.8579,0.00772317,-0.374973,0.010919,0.0,0.0,0.0,0.0,-0.527344,-20.4784,1.0,1.0,Nothing,seated
20.1862,333,-1.43701,-0.306563,-9.8579,0.00639159,-0.378702,0.00745685,0.0,0.0,0.0,0.0,-2.28516,-29.254,1.0,1.0,Nothing,seated
20.2463,334,-1.45617,-0.258662,-9.84832,0.00932106,-0.377104,0.00532632,0.0,0.0,0.0,0.0,-3.16406,-14.6312,1.0,1.0,Nothing,seated
20.3064,335,-1.41785,-0.277822,-9.84832,0.0154463,-0.360858,0.00372843,0.0,0.0,0.0,0.0,-4.39453,-20.4772,1.0,1.0,Nothing,seated
20.3665,336,-1.43701,-0.306563,-9.7621,0.0098537,-0.343281,0.00745685,0.0,0.0,0.0,0.0,-5.44922,-17.5513,1.0,1.0,Nothing,seated
20.4266,337,-1.41785,-0.296982,-9.70462,0.0127832,-0.289486,0.00852212,0.0,0.0,0.0,0.0,-7.20703,-29.2532,1.0,1.0,Nothing,seated
20.5097,338,-1.41785,-0.258662,-9.64714,0.0146474,-0.231162,0.0162453,0.0,0.0,0.0,0.0,-7.91016,-8.45534,1.0,1.0,Nothing,seated
20.5787,339,-1.37953,-0.287402,-9.64714,0.0130495,-0.166714,0.0111853,0.0,0.0,0.0,0.0,-8.78906,-12.7411,1.0,1.0,Nothing,seated
20.6727,340,-1.39869,-0.258662,-9.55134,0.00772317,-0.0884169,0.00745685,0.0,0.0,0.0,0.0,-8.96484,-1.86962,1.0,1.0,Nothing,seated
20.7467,341,-1.39869,-0.277822,-9.54176,0.0149137,-0.0511327,0.00852212,0.0,0.0,0.0,0.0,-8.96484,0.0,1.0,1.0,Nothing,seated
20.8068,342,-1.40827,-0.249082,-9.55134,0.0162453,0.0242348,0.01518,0.0,0.0,0.0,0.0,-8.78906,2.92526,1.0,1.0,Nothing,seated
20.8669,343,-1.36995,-0.258662,-9.54176,0.0175769,0.0988033,0.0138484,0.0,0.0,0.0,0.0,-8.26172,8.77843,1.0,1.0,Nothing,seated
20.9387,344,-1.36995,-0.287402,-9.5705,0.0149137,0.158991,0.00905475,0.0,0.0,0.0,0.0,-7.55859,9.78864,1.0,1.0,Nothing,seated
21.0127,345,-1.40827,-0.306563,-9.6184,0.0175769,0.207993,0.010919,0.0,0.0,0.0,0.0,-7.20703,4.74969,1.0,1.0,Nothing,seated
21.0728,346,-1.43701,-0.268242,-9.62798,0.0197074,0.242348,0.00692422,0.0,0.0,0.0,0.0,-6.32812,14.6266,1.0,1.0,Nothing,seated
21.1329,347,-1.41785,-0.287402,-9.7621,0.010919,0.314519,0.0111853,0.0,0.0,0.0,0.0,-4.57031,29.2524,1.0,1.0,Nothing,seated
21.2027,348,-1.40827,-0.296982,-9.84832,0.0170442,0.354999,0.0175769,0.0,0.0,0.0,0.0,-3.33984,17.6251,1.0,1.0,Nothing,seated
21.2677,349,-1.44659,-0.277822,-9.81,0.0183758,0.378169,0.0133158,0.0,0.0,0.0,0.0,-1.75781,24.3391,1.0,1.0,Nothing,seated
21.3417,350,-1.47533,-0.268242,-9.84832,0.0197074,0.389887,0.0162453,0.0,0.0,0.0,0.0,-1.05469,9.50722,1.0,1.0,Nothing,seated
21.4018,351,-1.45617,-0.249082,-9.84832,0.0175769,0.402137,0.0141148,0.0,0.0,0.0,0.0,0.351562,23.4006,1.0,1.0,Nothing,seated
21.4618,352,-1.47533,-0.239502,-9.84832,0.0157127,0.407996,0.0135821,0.0,0.0,0.0,0.0,1.58203,20.4772,1.0,1.0,Nothing,seated
21.5219,353,-1.47533,-0.258662,-9.84832,0.0205063,0.398143,0.0133158,0.0,0.0,0.0,0.0,2.98828,23.4002,1.0,1.0,Nothing,seated
21.582,354,-1.45617,-0.258662,-9.84832,0.0170442,0.383495,0.0138484,0.0,0.0,0.0,0.0,4.04297,17.5516,1.0,1.0,Nothing,seated
21.6421,355,-1.43701,-0.268242,-9.74294,0.01518,0.363255,0.0141148,0.0,0.0,0.0,0.0,5.09766,17.553,1.0,1.0,Nothing,seated
21.7022,356,-1.42743,-0.277822,-9.64714,0.015979,0.332895,0.0149137,0.0,0.0,0.0,0.0,6.15234,17.5514,1.0,1.0,Nothing,seated
21.7623,357,-1.41785,-0.306563,-9.63756,0.0178432,0.291882,0.0125169,0.0,0.0,0.0,0.0,7.03125,14.6254,1.0,1.0,Nothing,seated
21.8224,358,-1.41785,-0.287402,-9.5705,0.0173105,0.248207,0.0117179,0.0,0.0,0.0,0.0,7.73438,11.7015,1.0,1.0,Nothing,seated
21.8825,359,-1.41785,-0.325723,-9.54176,0.0173105,0.198139,0.0135821,0.0,0.0,0.0,0.0,8.26172,8.77582,1.0,1.0,Nothing,seated
21.9426,360,-1.39869,-0.306563,-9.50344,0.0114516,0.143544,0.0130495,0.0,0.0,0.0,0.0,8.61328,5.85076,1.0,1.0,Nothing,seated
22.0027,361,-1.41785,-0.258662,-9.45554,0.0173105,0.0900148,0.00905475,0.0,0.0,0.0,0.0,8.61328,0.0,1.0,1.0,Nothing,seated
22.0627,362,-1.39869,-0.287402,-9.4268,0.0125169,0.0322242,0.0111853,0.0,0.0,0.0,0.0,8.61328,0.0,1.0,1.0,Nothing,seated
22.1228,363,-1.37953,-0.306563,-9.4747,0.0154463,-0.0276969,0.0111853,0.0,0.0,0.0,0.0,8.4375,-2.92535,1.0,1.0,Nothing,seated
22.1829,364,-1.38911,-0.268242,-9.50344,0.01518,-0.082558,0.0111853,0.0,0.0,0.0,0.0,8.08594,-5.85092,1.0,1.0,Nothing,seated
22.243,365,-1.40827,-0.287402,-9.54176,0.0106526,-0.136088,0.00958738,0.0,0.0,0.0,0.0,7.38281,-11.7093,1.0,1.0,Nothing,seated
22.3031,366,-1.37953,-0.306563,-9.62798,0.00878843,-0.186688,0.0154463,0.0,0.0,0.0,0.0,6.67969,-11.7027,1.0,1.0,Nothing,seated
22.3631,367,-1.40827,-0.249082,-9.62798,0.0117179,-0.233826,0.0141148,0.0,0.0,0.0,0.0,5.80078,-14.6257,1.0,1.0,Nothing,seated
22.4232,368,-1.39869,-0.268242,-9.65672,0.0119842,-0.27324,0.0127832,0.0,0.0,0.0,0.0,4.57031,-20.4781,1.0,1.0,Nothing,seated
22.4833,369,-1.43701,-0.258662,-9.72378,0.0149137,-0.309992,0.00692422,0.0,0.0,0.0,0.0,3.51562,-17.5489,1.0,1.0,Nothing,seated
22.5434,370,-1.39869,-0.258662,-9.78126,0.0117179,-0.336091,0.00878843,0.0,0.0,0.0,0.0,2.28516,-20.4769,1.0,1.0,Nothing,seated
22.6035,371,-1.42743,-0.277822,-9.8579,0.0135821,-0.354467,0.0111853,0.0,0.0,0.0,0.0,1.05469,-20.48,1.0,1.0,Nothing,seated
22.6636,372,-1.44659,-0.268242,-9.8579,0.00932106,-0.370712,0.01012,0.0,0.0,0.0,0.0,-0.351562,-23.4016,1.0,1.0,Nothing,seated
22.7237,373,-1.43701,-0.268242,-9.84832,0.01012,-0.374973,0.0106526,0.0,0.0,0.0,0.0,-1.58203,-20.4781,1.0,1.0,Nothing,seated
22.7838,374,-1.42743,-0.277822,-9.87706,0.0106526,-0.368848,0.0117179,0.0,0.0,0.0,0.0,-2.8125,-20.4748,1.0,1.0,Nothing,seated
22.8439,375,-1.41785,-0.287402,-9.84832,0.0117179,-0.356065,0.00639159,0.0,0.0,0.0,0.0,-4.21875,-23.4043,1.0,1.0,Nothing,seated
22.904,376,-1.41785,-0.277822,-9.7621,0.0117179,-0.334493,0.0133158,0.0,0.0,0.0,0.0,-5.09766,-14.6273,1.0,1.0,Nothing,seated
22.964,377,-1.43701,-0.296982,-9.72378,0.0130495,-0.304932,0.00878843,0.0,0.0,0.0,0.0,-6.15234,-17.5525,1.0,1.0,Nothing,seated
23.0241,378,-1.41785,-0.287402,-9.65672,0.0138484,-0.267115,0.00932106,0.0,0.0,0.0,0.0,-7.03125,-14.6269,1.0,1.0,Nothing,seated
23.0842,379,-1.41785,-0.268242,-9.64714,0.010919,-0.22264,0.0111853,0.0,0.0,0.0,0.0,-7.73438,-11.7003,1.0,1.0,Nothing,seated
23.1443,380,-1.38911,-0.277822,-9.58008,0.0191748,-0.176035,0.0114516,0.0,0.0,0.0,0.0,-8.4375,-11.7013,1.0,1.0,Nothing,seated
23.2044,381,-1.37953,-0.287402,-9.58966,0.0130495,-0.120908,0.00958738,0.0,0.0,0.0,0.0,-8.61328,-2.92558,1.0,1.0,Nothing,seated
23.2645,382,-1.36995,-0.249082,-9.54176,0.0135821,-0.0647148,0.0125169,0.0,0.0,0.0,0.0,-8.78906,-2.92534,1.0,1.0,Nothing,seated
23.3246,383,-1.37953,-0.268242,-9.54176,0.0130495,-0.00958738,0.0098537,0.0,0.0,0.0,0.0,-8.78906,0.0,1.0,1.0,Nothing,seated
23.3847,384,-1.36037,-0.239502,-9.54176,0.0125169,0.0468716,0.0167779,0.0,0.0,0.0,0.0,-8.61328,2.92555,1.0,1.0,Nothing,seated
23.4448,385,-1.36037,-0.249082,-9.55134,0.010919,0.100934,0.0138484,0.0,0.0,0.0,0.0,-8.26172,5.85036,1.0,1.0,Nothing,seated
23.5048,386,-1.39869,-0.249082,-9.58966,0.0175769,0.155529,0.0106526,0.0,0.0,0.0,0.0,-7.73438,8.77669,1.0,1.0,Nothing,seated
23.5649,387,-1.42743,-0.306563,-9.6184,0.0162453,0.207194,0.00958738,0.0,0.0,0.0,0.0,-6.85547,14.6235,1.0,1.0,Nothing,seated
23.625,388,-1.38911,-0.287402,-9.65672,0.0141148,0.257528,0.00905475,0.0,0.0,0.0,0.0,-6.15234,11.7024,1.0,1.0,Nothing,seated
23.6851,389,-1.41785,-0.306563,-9.7142,0.0114516,0.296144,0.00932106,0.0,0.0,0.0,0.0,-4.92188,20.48,1.0,1.0,Nothing,seated
23.7452,390,-1.41785,-0.277822,-9.79084,0.0125169,0.331031,0.0173105,0.0,0.0,0.0,0.0,-3.69141,20.4778,1.0,1.0,Nothing,seated
23.8053,391,-1.43701,-0.268242,-9.75252,0.0154463,0.374707,0.0135821,0.0,0.0,0.0,0.0,-1.40625,38.029,1.0,1.0,Nothing,seated
23.8937,392,-1.45617,-0.296982,-9.84832,0.0167779,0.38962,0.00719053,0.0,0.0,0.0,0.0,-0.703125,7.95123,1.0,1.0,Nothing,seated
23.9538,393,-1.42743,-0.296982,-9.84832,0.0181095,0.396278,0.0106526,0.0,0.0,0.0,0.0,0.527344,20.4784,1.0,1.0,Nothing,seated
24.0139,394,-1.47533,-0.287402,-9.84832,0.0197074,0.400273,0.0157127,0.0,0.0,0.0,0.0,1.75781,20.4775,1.0,1.0,Nothing,seated
24.074,395,-1.42743,-0.277822,-9.84832,0.0213053,0.391218,0.0117179,0.0,0.0,0.0,0.0,2.98828,20.4785,1.0,1.0,Nothing,seated
24.1341,396,-1.45617,-0.258662,-9.7621,0.0205063,0.374707,0.0173105,0.0,0.0,0.0,0.0,4.04297,17.5496,1.0,1.0,Nothing,seated
24.1942,397,-1.40827,-0.258662,-9.78126,0.015979,0.356065,0.0130495,0.0,0.0,0.0,0.0,5.27344,20.4748,1.0,1.0,Nothing,seated
24.2543,398,-1.41785,-0.296982,-9.70462,0.0162453,0.324107,0.0181095,0.0,0.0,0.0,0.0,6.15234,14.6275,1.0,1.0,Nothing,seated
24.3144,399,-1.42743,-0.277822,-9.63756,0.0178432,0.287355,0.00878843,0.0,0.0,0.0,0.0,7.03125,14.6258,1.0,1.0,Nothing,seated
24.3744,400,-1.39869,-0.268242,-9.5705,0.0178432,0.240483,0.0117179,0.0,0.0,0.0,0.0,7.73438,11.7014,1.0,1.0,Nothing,seated
24.4345,401,-1.41785,-0.296982,-9.55134,0.021039,0.192547,0.00905475,0.0,0.0,0.0,0.0,8.08594,5.85052,1.0,1.0,Nothing,seated
24.4946,402,-1.39869,-0.258662,-9.4747,0.0162453,0.137952,0.015979,0.0,0.0,0.0,0.0,8.4375,5.85043,1.0,1.0,Nothing,seated
24.5547,403,-1.35079,-0.287402,-9.45554,0.0157127,0.0838896,0.00958738,0.0,0.0,0.0,0.0,8.61328,2.92537,1.0,1.0,Nothing,seated
24.6148,404,-1.36995,-0.316143,-9.4747,0.0149137,0.0298274,0.0098537,0.0,0.0,0.0,0.0,8.4375,-2.92542,1.0,1.0,Nothing,seated
24.6749,405,-1.35079,-0.287402,-9.49386,0.0162453,-0.0263653,0.00506001,0.0,0.0,0.0,0.0,8.26172,-2.92538,1.0,1.0,Nothing,seated
24.735,406,-1.36037,-0.268242,-9.50344,0.0141148,-0.0828243,0.00692422,0.0,0.0,0.0,0.0,7.73438,-8.77746,1.0,1.0,Nothing,seated
24.7951,407,-1.37953,-0.249082,-9.54176,0.0154463,-0.138484,0.0154463,0.0,0.0,0.0,0.0,7.03125,-11.7005,1.0,1.0,Nothing,seated
24.8551,408,-1.42743,-0.277822,-9.58966,0.0146474,-0.185889,0.0119842,0.0,0.0,0.0,0.0,6.32812,-11.7028,1.0,1.0,Nothing,seated
24.9152,409,-1.38911,-0.258662,-9.6184,0.00958738,-0.231162,0.0114516,0.0,0.0,0.0,0.0,5.44922,-14.6269,1.0,1.0,Nothing,seated
24.9753,410,-1.42743,-0.277822,-9.69504,0.010919,-0.284426,0.00719053,0.0,0.0,0.0,0.0,4.21875,-20.4784,1.0,1.0,Nothing,seated
25.0354,411,-1.41785,-0.258662,-9.69504,0.01012,-0.307062,0.0119842,0.0,0.0,0.0,0.0,3.33984,-14.6263,1.0,1.0,Nothing,seated
25.0955,412,-1.45617,-0.287402,-9.84832,0.0114516,-0.331564,0.0106526,0.0,0.0,0.0,0.0,1.93359,-23.4028,1.0,1.0,Nothing,seated
25.1556,413,-1.44659,-0.277822,-9.78126,0.0098537,-0.351537,0.00852212,0.0,0.0,0.0,0.0,0.703125,-20.4779,1.0,1.0,Nothing,seated
25.2157,414,-1.45617,-0.268242,-9.84832,0.0127832,-0.362989,0.010919,0.0,0.0,0.0,0.0,-0.527344,-20.4746,1.0,1.0,Nothing,seated
25.2758,415,-1.43701,-0.249082,-9.84832,0.0117179,-0.368315,0.0117179,0.0,0.0,0.0,0.0,-1.75781,-20.4768,1.0,1.0,Nothing,seated
25.3359,416,-1.43701,-0.287402,-9.8579,0.0133158,-0.362989,0.00958738,0.0,0.0,0.0,0.0,-2.98828,-20.4768,1.0,1.0,Nothing,seated
25.396,417,-1.41785,-0.277822,-9.84832,0.0173105,-0.345678,0.00798948,0.0,0.0,0.0,0.0,-4.39453,-23.399,1.0,1.0,Nothing,seated
25.456,418,-1.38911,-0.287402,-9.79084,0.0215716,-0.330765,0.00932106,0.0,0.0,0.0,0.0,-5.27344,-14.6277,1.0,1.0,Nothing,seated
25.5161,419,-1.42743,-0.268242,-9.74294,0.00905475,-0.296144,0.01012,0.0,0.0,0.0,0.0,-6.15234,-14.6261,1.0,1.0,Nothing,seated
25.5762,420,-1.37953,-0.258662,-9.70462,0.0111853,-0.259392,0.0117179,0.0,0.0,0.0,0.0,-7.03125,-14.6268,1.0,1.0,Nothing,seated
25.6363,421,-1.38911,-0.287402,-9.64714,0.0138484,-0.215183,0.0127832,0.0,0.0,0.0,0.0,-7.73438,-11.7018,1.0,1.0,Nothing,seated
25.6964,422,-1.39869,-0.258662,-9.62798,0.0106526,-0.169643,0.0098537,0.0,0.0,0.0,0.0,-8.26172,-8.77627,1.0,1.0,Nothing,seated
25.7565,423,-1.36995,-0.249082,-9.58008,0.0146474,-0.117712,0.00719053,0.0,0.0,0.0,0.0,-8.61328,-5.85029,1.0,1.0,Nothing,seated
25.8166,424,-1.36037,-0.287402,-9.56092,0.0175769,-0.0649811,0.00639159,0.0,0.0,0.0,0.0,-8.61328,0.0,1.0,1.0,Nothing,seated
25.8767,425,-1.34121,-0.277822,-9.55134,0.0141148,-0.00932106,0.0133158,0.0,0.0,0.0,0.0,-8.61328,0.0,1.0,1.0,Nothing,seated
25.9368,426,-1.36995,-0.258662,-9.55134,0.0141148,0.0511327,0.0119842,0.0,0.0,0.0,0.0,-8.4375,2.92534,1.0,1.0,Nothing,seated
25.9969,427,-1.36995,-0.268242,-9.58966,0.0135821,0.124103,0.0138484,0.0,0.0,0.0,0.0,-7.91016,8.77533,1.0,1.0,Nothing,seated
26.0569,428,-1.37953,-0.268242,-9.6184,0.0154463,0.158458,0.0114516,0.0,0.0,0.0,0.0,-7.55859,5.85029,1.0,1.0,Nothing,seated
26.117,429,-1.40827,-0.296982,-9.64714,0.01012,0.208792,0.00798948,0.0,0.0,0.0,0.0,-6.67969,14.6253,1.0,1.0,Nothing,seated
26.1771,430,-1.40827,-0.287402,-9.70462,0.0199737,0.264452,0.010919,0.0,0.0,0.0,0.0,-5.27344,23.4035,1.0,1.0,Nothing,seated
26.2397,431,-1.43701,-0.258662,-9.74294,0.0162453,0.305997,0.0119842,0.0,0.0,0.0,0.0,-4.39453,14.0366,1.0,1.0,Nothing,seated
26.2998,432,-1.39869,-0.296982,-9.77168,0.0117179,0.337156,0.0141148,0.0,0.0,0.0,0.0,-3.33984,17.5563,1.0,1.0,Nothing,seated
26.3599,433,-1.41785,-0.296982,-9.84832,0.0173105,0.367783,0.0146474,0.0,0.0,0.0,0.0,-1.58203,29.2522,1.0,1.0,Nothing,seated
26.4337,434,-1.43701,-0.249082,-9.84832,0.0117179,0.380033,0.0098537,0.0,0.0,0.0,0.0,-0.878906,9.52515,1.0,1.0,Nothing,seated
26.4938,435,-1.43701,-0.287402,-9.86748,0.0194411,0.390952,0.0114516,0.0,0.0,0.0,0.0,0.351562,20.4783,1.0,1.0,Nothing,seated
26.5539,436,-1.46575,-0.258662,-9.84832,0.0173105,0.390153,0.0130495,0.0,0.0,0.0,0.0,1.75781,23.4026,1.0,1.0,Nothing,seated
26.614,437,-1.45617,-0.268242,-9.81,0.0178432,0.385359,0.00745685,0.0,0.0,0.0,0.0,2.98828,20.4767,1.0,1.0,Nothing,seated
26.6741,438,-1.42743,-0.258662,-9.84832,0.0229032,0.367783,0.0170442,0.0,0.0,0.0,0.0,4.74609,29.2548,1.0,1.0,Nothing,seated
26.7437,439,-1.46575,-0.268242,-9.69504,0.0191748,0.348608,0.015979,0.0,0.0,0.0,0.0,5.27344,7.57285,1.0,1.0,Nothing,seated
26.8038,440,-1.45617,-0.287402,-9.6663,0.0181095,0.31372,0.00719053,0.0,0.0,0.0,0.0,6.15234,14.6266,1.0,1.0,Nothing,seated
26.8639,441,-1.43701,-0.258662,-9.6184,0.0170442,0.280165,0.00878843,0.0,0.0,0.0,0.0,6.85547,11.7007,1.0,1.0,Nothing,seated
26.924,442,-1.42743,-0.287402,-9.55134,0.0138484,0.220776,0.0127832,0.0,0.0,0.0,0.0,7.55859,11.7013,1.0,1.0,Nothing,seated
26.9841,443,-1.45617,-0.287402,-9.54176,0.0173105,0.188552,0.0119842,0.0,0.0,0.0,0.0,8.08594,8.77655,1.0,1.0,Nothing,seated
27.0442,444,-1.41785,-0.287402,-9.48428,0.0117179,0.134756,0.00958738,0.0,0.0,0.0,0.0,8.26172,2.92528,1.0,1.0,Nothing,seated
27.1043,445,-1.42743,-0.296982,-9.51302,0.0106526,0.0806938,0.01518,0.0,0.0,0.0,0.0,8.4375,2.92528,1.0,1.0,Nothing,seated
27.1643,446,-1.40827,-0.287402,-9.51302,0.0146474,0.0239685,0.00772317,0.0,0.0,0.0,0.0,8.26172,-2.92539,1.0,1.0,Nothing,seated
27.2244,447,-1.39869,-0.287402,-9.45554,0.0141148,-0.0468716,0.0117179,0.0,0.0,0.0,0.0,7.91016,-5.85059,1.0,1.0,Nothing,seated
27.2845,448,-1.37953,-0.277822,-9.49386,0.00932106,-0.0844222,0.00719053,0.0,0.0,0.0,0.0,7.55859,-5.85052,1.0,1.0,Nothing,seated
27.3446,449,-1.39869,-0.249082,-9.55134,0.0138484,-0.14168,0.0106526,0.0,0.0,0.0,0.0,7.03125,-8.77798,1.0,1.0,Nothing,seated
27.4047,450,-1.41785,-0.306563,-9.58966,0.0130495,-0.185889,0.0130495,0.0,0.0,0.0,0.0,6.15234,-14.6269,1.0,1.0,Nothing,seated
27.4648,451,-1.41785,-0.268242,-9.6663,0.0106526,-0.230363,0.0106526,0.0,0.0,0.0,0.0,5.27344,-14.6256,1.0,1.0,Nothing,seated
27.5249,452,-1.41785,-0.258662,-9.6663,0.0119842,-0.267914,0.0114516,0.0,0.0,0.0,0.0,4.21875,-17.5503,1.0,1.0,Nothing,seated
27.585,453,-1.42743,-0.258662,-9.74294,0.0149137,-0.300138,0.0066579,0.0,0.0,0.0,0.0,2.98828,-20.4753,1.0,1.0,Nothing,seated
27.6451,454,-1.42743,-0.287402,-9.7621,0.0133158,-0.326504,0.00772317,0.0,0.0,0.0,0.0,1.75781,-20.4766,1.0,1.0,Nothing,seated
27.7052,455,-1.41785,-0.258662,-9.84832,0.01518,-0.344347,0.0106526,0.0,0.0,0.0,0.0,0.703125,-17.5517,1.0,1.0,Nothing,seated
27.7652,456,-1.44659,-0.258662,-9.84832,0.0114516,-0.3542,0.0133158,0.0,0.0,0.0,0.0,-0.527344,-20.4746,1.0,1.0,Nothing,seated
27.8253,457,-1.40827,-0.258662,-9.89622,0.0098537,-0.360326,0.0119842,0.0,0.0,0.0,0.0,-1.75781,-20.4772,1.0,1.0,Nothing,seated
27.8854,458,-1.42743,-0.325723,-9.84832,0.0117179,-0.351005,0.00532632,0.0,0.0,0.0,0.0,-3.51562,-29.2532,1.0,1.0,Nothing,seated
27.9455,459,-1.41785,-0.277822,-9.84832,0.0135821,-0.33689,0.00719053,0.0,0.0,0.0,0.0,-4.39453,-14.631,1.0,1.0,Nothing,seated
28.0056,460,-1.39869,-0.287402,-9.74294,0.0117179,-0.317715,0.00692422,0.0,0.0,0.0,0.0,-5.27344,-14.6271,1.0,1.0,Nothing,seated
28.0657,461,-1.41785,-0.287402,-9.73336,0.01012,-0.287621,0.00692422,0.0,0.0,0.0,0.0,-6.15234,-14.6252,1.0,1.0,Nothing,seated
28.1258,462,-1.41785,-0.287402,-9.73336,0.0154463,-0.253799,0.0138484,0.0,0.0,0.0,0.0,-7.03125,-14.6261,1.0,1.0,Nothing,seated
28.1859,463,-1.41785,-0.277822,-9.60882,0.0125169,-0.209591,0.0130495,0.0,0.0,0.0,0.0,-7.55859,-8.77526,1.0,1.0,Nothing,seated
28.246,464,-1.41785,-0.239502,-9.63756,0.0117179,-0.162453,0.00878843,0.0,0.0,0.0,0.0,-8.08594,-8.77436,1.0,1.0,Nothing,seated
28.3061,465,-1.36995,-0.277822,-9.5705,0.0157127,-0.112918,0.00905475,0.0,0.0,0.0,0.0,-8.4375,-5.85089,1.0,1.0,Nothing,seated
28.3661,466,-1.36995,-0.258662,-9.54176,0.0117179,-0.0231695,0.0098537,0.0,0.0,0.0,0.0,-8.61328,-2.92502,1.0,1.0,Nothing,seated
28.4347,467,-1.37953,-0.287402,-9.55134,0.0141148,0.0154463,0.0138484,0.0,0.0,0.0,0.0,-8.4375,2.56352,1.0,1.0,Nothing,seated
28.4948,468,-1.38911,-0.239502,-9.5705,0.0138484,0.0506001,0.0125169,0.0,0.0,0.0,0.0,-8.26172,2.92502,1.0,1.0,Nothing,seated
28.5549,469,-1.38911,-0.306563,-9.60882,0.01518,0.14168,0.0130495,0.0,0.0,0.0,0.0,-7.55859,11.7023,1.0,1.0,Nothing,seated
28.615,470,-1.41785,-0.258662,-9.58966,0.0138484,0.17497,0.00852212,0.0,0.0,0.0,0.0,-7.03125,8.78063,1.0,1.0,Nothing,seated
28.675,471,-1.39869,-0.277822,-9.64714,0.0135821,0.22264,0.0106526,0.0,0.0,0.0,0.0,-6.15234,14.6265,1.0,1.0,Nothing,seated
28.7351,472,-1.45617,-0.268242,-9.67588,0.0178432,0.252468,0.00958738,0.0,0.0,0.0,0.0,-5.44922,11.7022,1.0,1.0,Nothing,seated
28.7952,473,-1.41785,-0.239502,-9.74294,0.0194411,0.302002,0.0114516,0.0,0.0,0.0,0.0,-4.39453,17.551,1.0,1.0,Nothing,seated
28.8553,474,-1.43701,-0.258662,-9.74294,0.0138484,0.323574,0.00932106,0.0,0.0,0.0,0.0,-3.33984,17.5518,1.0,1.0,Nothing,seated
28.9154,475,-1.43701,-0.277822,-9.84832,0.0173105,0.350206,0.0162453,0.0,0.0,0.0,0.0,-2.10938,20.4759,1.0,1.0,Nothing,seated
28.9755,476,-1.42743,-0.296982,-9.84832,0.0167779,0.373375,0.010919,0.0,0.0,0.0,0.0,-0.878906,20.4785,1.0,1.0,Nothing,seated
29.0356,477,-1.43701,-0.306563,-9.79084,0.0157127,0.383229,0.0146474,0.0,0.0,0.0,0.0,0.351562,20.4776,1.0,1.0,Nothing,seated
29.0957,478,-1.44659,-0.258662,-9.81,0.01518,0.385093,0.0117179,0.0,0.0,0.0,0.0,1.58203,20.4777,1.0,1.0,Nothing,seated
29.1558,479,-1.40827,-0.249082,-9.84832,0.0133158,0.378702,0.0117179,0.0,0.0,0.0,0.0,2.63672,17.5506,1.0,1.0,Nothing,seated
29.2159,480,-1.42743,-0.258662,-9.79084,0.015979,0.368315,0.0117179,0.0,0.0,0.0,0.0,3.86719,20.4759,1.0,1.0,Nothing,seated
29.276,481,-1.41785,-0.249082,-9.7142,0.0146474,0.340618,0.015979,0.0,0.0,0.0,0.0,4.92188,17.5482,1.0,1.0,Nothing,seated
29.3361,482,-1.43701,-0.239502,-9.69504,0.0194411,0.311324,0.010919,0.0,0.0,0.0,0.0,5.80078,14.6263,1.0,1.0,Nothing,seated
29.3961,483,-1.38911,-0.277822,-9.65672,0.0194411,0.272974,0.0133158,0.0,0.0,0.0,0.0,6.67969,14.6272,1.0,1.0,Nothing,seated
29.4562,484,-1.45617,-0.296982,-9.58008,0.0194411,0.245543,0.01012,0.0,0.0,0.0,0.0,7.38281,11.7015,1.0,1.0,Nothing,seated
29.5163,485,-1.40827,-0.258662,-9.55134,0.0146474,0.196541,0.0133158,0.0,0.0,0.0,0.0,7.73438,5.85015,1.0,1.0,Nothing,seated
29.5764,486,-1.42743,-0.287402,-9.48428,0.015979,0.129163,0.0114516,0.0,0.0,0.0,0.0,8.08594,5.85101,1.0,1.0,Nothing,seated
29.6365,487,-1.39869,-0.287402,-9.46512,0.0173105,0.0793622,0.0162453,0.0,0.0,0.0,0.0,8.26172,2.92513,1.0,1.0,Nothing,seated
29.6966,488,-1.42743,-0.296982,-9.50344,0.0117179,0.0276969,0.01012,0.0,0.0,0.0,0.0,8.26172,0.0,1.0,1.0,Nothing,seated
29.7567,489,-1.36995,-0.258662,-9.4747,0.0141148,-0.0340885,0.01012,0.0,0.0,0.0,0.0,7.91016,-5.85124,1.0,1.0,Nothing,seated
29.8168,490,-1.38911,-0.258662,-9.56092,0.0125169,-0.0782969,0.0146474,0.0,0.0,0.0,0.0,7.38281,-8.77589,1.0,1.0,Nothing,seated
29.8769,491,-1.41785,-0.277822,-9.58966,0.0111853,-0.12144,0.0111853,0.0,0.0,0.0,0.0,7.03125,-5.85071,1.0,1.0,Nothing,seated
29.9369,492,-1.37953,-0.258662,-9.55134,0.00958738,-0.170709,0.00932106,0.0,0.0,0.0,0.0,6.15234,-14.6258,1.0,1.0,Nothing,seated
29.997,493,-1.43701,-0.287402,-9.58008,0.0135821,-0.228766,0.0135821,0.0,0.0,0.0,0.0,5.27344,-14.628,1.0,1.0,Nothing,seated
30.0571,494,-1.39869,-0.268242,-9.68546,0.0119842,-0.254332,0.00932106,0.0,0.0,0.0,0.0,4.39453,-14.6274,1.0,1.0,Nothing,seated
30.1172,495,-1.43701,-0.239502,-9.7621,0.0098537,-0.295345,0.00958738,0.0,0.0,0.0,0.0,2.98828,-23.4026,1.0,1.0,Nothing,seated
30.1773,496,-1.42743,-0.249082,-9.7621,0.0119842,-0.314519,0.0066579,0.0,0.0,0.0,0.0,2.10938,-14.6257,1.0,1.0,Nothing,seated
30.2374,497,-1.46575,-0.258662,-9.7621,0.00905475,-0.340352,0.0130495,0.0,0.0,0.0,0.0,0.878906,-20.4781,1.0,1.0,Nothing,seated
30.2975,498,-1.44659,-0.258662,-9.84832,0.0138484,-0.347809,0.0130495,0.0,0.0,0.0,0.0,-0.527344,-23.4016,1.0,1.0,Nothing,seated
30.3576,499,-1.42743,-0.277822,-9.84832,0.01012,-0.353135,0.0114516,0.0,0.0,0.0,0.0,-1.58203,-17.5527,1.0,1.0,Nothing,seated
30.4176,500,-1.43701,-0.306563,-9.84832,0.0119842,-0.337955,0.00639159,0.0,0.0,0.0,0.0,-3.69141,-35.1066,1.0,1.0,Nothing,seated
